'AOUT23DIM',3904,84500,4,'',1,11100,4,'',1,8500,4,'',1,7000,4,'',1,3000,4,'',1,7000,4,'',1,3100,4,'',1,6900,4,'',1,3200,4,'',1,6900,4,'',1,3000,4,'',1,7200,4,'',1,3200,4,'',1,6800,4,'',1,2800,4,'',1,7200,4,'',1,3100,4,'',1,6800,4,'',1,3100,4,'',1,8000,4,'',1,10000,4,'',1,10000,4,'',1,9900,4,'',1,10000,4,'',1
'AOUT23SAM',3904,84700,4,'',1,11000,4,'',1,8600,4,'',1,7100,4,'',1,3000,4,'',1,7000,4,'',1,3000,4,'',1,7100,4,'',1,3200,4,'',1,6700,4,'',1,3000,4,'',1,7200,4,'',1,3200,4,'',1,6800,4,'',1,3100,4,'',1,6900,4,'',1,2700,4,'',1,7200,4,'',1,3200,4,'',1,7800,4,'',1,9900,4,'',1,10000,4,'',1,9900,4,'',1,9900,4,'',1
'AOUT23SEM',3904,63400,4,'',1,2400,4,'',1,6100,4,'',1,1400,4,'',1,1700,4,'',1,6000,4,'',1,2200,4,'',1,1000,4,'',1,6700,4,'',1,3400,4,'',1,7000,4,'',1,3000,4,'',1,7000,4,'',1,3000,4,'',1,7000,4,'',1,3000,4,'',1,7000,4,'',1,3000,4,'',1,7100,4,'',1,3000,4,'',1,7200,4,'',1,3700,4,'',1,10600,4,'',1,14500,4,'',1,10000,4,'',1,10400,4,'',1,9900,4,'',1,10000,4,'',1,10000,4,'',1,10000,4,'',1
'AOUT23DIM',4001,83100,4,'',1,10100,4,'',1,7200,4,'',1,3000,4,'',1,7100,4,'',1,3100,4,'',1,7100,4,'',1,2600,4,'',1,7500,4,'',1,3000,4,'',1,7000,4,'',1,2900,4,'',1,7000,4,'',1,3000,4,'',1,7000,4,'',1,3000,4,'',1,7000,4,'',1,2600,4,'',1,7100,4,'',1,3000,4,'',1,9900,4,'',1,10000,4,'',1,9900,4,'',1,10000,4,'',1,9800,4,'',1,9500,4,'',1
'AOUT23SAM',4001,73100,4,'',1,10100,4,'',1,10300,4,'',1,7000,4,'',1,3000,4,'',1,7300,4,'',1,3200,4,'',1,7000,4,'',1,3100,4,'',1,6900,4,'',1,3000,4,'',1,7000,4,'',1,3100,4,'',1,7100,4,'',1,3000,4,'',1,6800,4,'',1,3000,4,'',1,6900,4,'',1,3000,4,'',1,6900,4,'',1,3000,4,'',1,9800,4,'',1,9700,4,'',1,10000,4,'',1,9900,4,'',1,9900,4,'',1,10000,4,'',1
'AOUT23SEM',4001,50300,4,'',1,2900,4,'',1,7200,4,'',1,3200,4,'',1,2000,4,'',1,5600,4,'',1,1400,4,'',1,1600,4,'',1,1200,4,'',1,5600,4,'',1,1800,4,'',1,2000,4,'',1,5800,4,'',1,1700,4,'',1,2000,4,'',1,6000,4,'',1,3100,4,'',1,7000,4,'',1,3000,4,'',1,7100,4,'',1,3000,4,'',1,7100,4,'',1,3000,4,'',1,7000,4,'',1,3800,4,'',1,6300,4,'',1,2700,4,'',1,6700,4,'',1,2600,4,'',1,2500,4,'',1,5500,4,'',1,2000,4,'',1,2000,4,'',1,5900,4,'',1,1800,4,'',1,1900,4,'',1,6300,4,'',1,2800,4,'',1,7000,4,'',1,9900,4,'',1,5600,4,'',1,9800,4,'',1,10000,4,'',1,14500,4,'',1
'AOUT23DIM',4504,63500,4,'',1,10000,4,'',1,10100,4,'',1,10000,4,'',1,10100,4,'',1,10000,4,'',1,10300,4,'',1,9600,4,'',1,10000,4,'',1,10100,4,'',1,10000,4,'',1,10100,4,'',1,9800,4,'',1,10200,4,'',1,9900,4,'',1,10000,4,'',1,10000,4,'',1,10000,4,'',1
'AOUT23SAM',4504,63600,4,'',1,10000,4,'',1,10100,4,'',1,10000,4,'',1,10100,4,'',1,10000,4,'',1,10000,4,'',1,10200,4,'',1,9900,4,'',1,10000,4,'',1,10000,4,'',1,9600,4,'',1,10300,4,'',1,10100,4,'',1,9900,4,'',1,10100,4,'',1,9800,4,'',1,10000,4,'',1
'AOUT23SEM',4504,55400,4,'',1,5500,4,'',1,4400,4,'',1,6200,4,'',1,2600,4,'',1,6000,4,'',1,1500,4,'',1,1700,4,'',1,8900,4,'',1,3400,4,'',1,7000,4,'',1,3000,4,'',1,7500,4,'',1,7000,4,'',1,2900,4,'',1,2800,4,'',1,7100,4,'',1,3000,4,'',1,7000,4,'',1,7900,4,'',1,4500,4,'',1,6200,4,'',1,2700,4,'',1,8700,4,'',1,2500,4,'',1,7700,4,'',1,10400,4,'',1,10300,4,'',1,10200,4,'',1,9500,4,'',1,9500,4,'',1,9400,4,'',1
'AOUT23DIM',5001,52700,4,'',1,10000,4,'',1,10100,4,'',1,10000,4,'',1,10000,4,'',1,3100,4,'',1,7000,4,'',1,3000,4,'',1,7000,4,'',1,7200,4,'',1,2900,4,'',1,7000,4,'',1,3000,4,'',1,7100,4,'',1,3000,4,'',1,6900,4,'',1,3000,4,'',1,7000,4,'',1,3000,4,'',1,8600,4,'',1,1400,4,'',1,9900,4,'',1,10000,4,'',1,10000,4,'',1,9900,4,'',1,10000,4,'',1,10000,4,'',1
'AOUT23SAM',5001,52700,4,'',1,10000,4,'',1,10100,4,'',1,10000,4,'',1,10000,4,'',1,3100,4,'',1,7000,4,'',1,3000,4,'',1,7100,4,'',1,7000,4,'',1,3100,4,'',1,7000,4,'',1,3000,4,'',1,7000,4,'',1,3000,4,'',1,7000,4,'',1,3000,4,'',1,7000,4,'',1,3000,4,'',1,8500,4,'',1,1400,4,'',1,10000,4,'',1,9900,4,'',1,10000,4,'',1,10000,4,'',1,9900,4,'',1,10000,4,'',1
'AOUT23SEM',5001,51400,4,'',1,11000,4,'',1,3200,4,'',1,6500,4,'',1,3500,4,'',1,7400,4,'',1,7000,4,'',1,3000,4,'',1,7000,4,'',1,3000,4,'',1,7000,4,'',1,3000,4,'',1,7000,4,'',1,3000,4,'',1,7000,4,'',1,3000,4,'',1,2200,4,'',1,7100,4,'',1,8200,4,'',1,2300,4,'',1,3100,4,'',1,6800,4,'',1,7600,4,'',1,3000,4,'',1,7500,4,'',1,2900,4,'',1,7400,4,'',1,10400,4,'',1,10500,4,'',1,10500,4,'',1,10500,4,'',1,10400,4,'',1
'AOUT23DIM',5601,71100,4,'',2,10000,4,'',2,10000,4,'',2,3100,4,'',2,7000,4,'',2,3000,4,'',2,7000,4,'',2,3000,4,'',2,7000,4,'',2,3000,4,'',2,7000,4,'',2,3100,4,'',2,7100,4,'',2,3100,4,'',2,7000,4,'',2,3000,4,'',2,7000,4,'',2,3000,4,'',2,7300,4,'',2,2600,4,'',2,6900,4,'',2,2900,4,'',2,7000,4,'',2,10000,4,'',2,9800,4,'',2,10000,4,'',2,10000,4,'',2
'AOUT23SAM',5601,71100,4,'',2,10100,4,'',2,10000,4,'',2,3000,4,'',2,7000,4,'',2,3100,4,'',2,7000,4,'',2,3000,4,'',2,7000,4,'',2,3000,4,'',2,7000,4,'',2,3100,4,'',2,7000,4,'',2,3200,4,'',2,7000,4,'',2,3000,4,'',2,7000,4,'',2,3000,4,'',2,7300,4,'',2,2900,4,'',2,6900,4,'',2,2900,4,'',2,7000,4,'',2,9800,4,'',2,9800,4,'',2,10000,4,'',2,10000,4,'',2
'AOUT23SEM',5601,51000,4,'',2,10300,4,'',2,2300,4,'',2,2300,4,'',2,6000,4,'',2,1300,4,'',2,1000,4,'',2,5900,4,'',2,1900,4,'',2,3100,4,'',2,6800,4,'',2,3200,4,'',2,6900,4,'',2,2800,4,'',2,6900,4,'',2,3000,4,'',2,7000,4,'',2,3000,4,'',2,7100,4,'',2,3000,4,'',2,7000,4,'',2,3000,4,'',2,7000,4,'',2,3200,4,'',2,7500,4,'',2,3400,4,'',2,6500,4,'',2,3100,4,'',2,7700,4,'',2,6800,4,'',2,5600,4,'',2,10000,4,'',2,8400,4,'',2,9500,4,'',2,10000,4,'',2
'AOUT23DIM',6104,65300,4,'',2,10100,4,'',2,10200,4,'',2,10100,4,'',2,10100,4,'',2,10000,4,'',2,14300,4,'',2,10500,4,'',2,9700,4,'',2,9800,4,'',2,5800,4,'',2,14200,4,'',2,10100,4,'',2,5700,4,'',2,10000,4,'',2,9700,4,'',2,9800,4,'',2,9800,4,'',2
'AOUT23SAM',6104,65600,4,'',2,10200,4,'',2,14200,4,'',2,10000,4,'',2,10400,4,'',2,10200,4,'',2,10000,4,'',2,10200,4,'',2,9800,4,'',2,10000,4,'',2,10000,4,'',2,10100,4,'',2,9600,4,'',2,10000,4,'',2,9800,4,'',2,5500,4,'',2,10000,4,'',2,9900,4,'',2,10000,4,'',2
'AOUT23SEM',6104,51400,4,'',2,3700,4,'',2,7300,4,'',2,1800,4,'',2,6000,4,'',2,1100,4,'',2,2100,4,'',2,1200,4,'',2,7200,4,'',2,1300,4,'',2,9700,4,'',2,10100,4,'',2,10000,4,'',2,10000,4,'',2,10000,4,'',2,10000,4,'',2,9600,4,'',2,8100,4,'',2,10100,4,'',2,10100,4,'',2,9400,4,'',2,9900,4,'',2,5800,4,'',2,7900,4,'',2,9300,4,'',2,9800,4,'',2,9600,4,'',2
'AOUT23DIM',6504,72600,4,'',2,10000,4,'',2,10100,4,'',2,10000,4,'',2,10100,4,'',2,10100,4,'',2,10200,4,'',2,9800,4,'',2,10200,4,'',2,9900,4,'',2,10100,4,'',2,10000,4,'',2,9800,4,'',2,9800,4,'',2,9900,4,'',2,10000,4,'',2,10000,4,'',2
'AOUT23SAM',6504,72600,4,'',2,10100,4,'',2,10200,4,'',2,10000,4,'',2,10300,4,'',2,10100,4,'',2,10000,4,'',2,9900,4,'',2,10000,4,'',2,10200,4,'',2,9700,4,'',2,10200,4,'',2,9700,4,'',2,9700,4,'',2,10000,4,'',2,9900,4,'',2,10000,4,'',2,10000,4,'',2
'AOUT23SEM',6504,54300,4,'',2,8600,4,'',2,1800,4,'',2,5600,4,'',2,1100,4,'',2,700,4,'',2,500,4,'',2,600,4,'',2,500,4,'',2,500,4,'',2,500,4,'',2,500,4,'',2,5100,4,'',2,1400,4,'',2,1400,4,'',2,900,4,'',2,1400,4,'',2,5400,4,'',2,1500,4,'',2,1700,4,'',2,7000,4,'',2,3000,4,'',2,7000,4,'',2,3000,4,'',2,7100,4,'',2,3000,4,'',2,7300,4,'',2,2600,4,'',2,7000,4,'',2,3000,4,'',2,7000,4,'',2,3400,4,'',2,7100,4,'',2,2200,4,'',2,1700,4,'',2,7700,4,'',2,2000,4,'',2,7000,4,'',2,2700,4,'',2,7300,4,'',2,7900,4,'',2,2300,4,'',2,8000,4,'',2,2900,4,'',2,7000,4,'',2,2900,4,'',2,6900,4,'',2,5900,4,'',2,10000,4,'',2
'AOUT23DIM',7002,61500,4,'',1,3900,4,'',1,9200,4,'',1,10100,4,'',1,10200,4,'',1,10100,4,'',1,7100,4,'',1,3000,4,'',1,7000,4,'',1,3200,4,'',1,7000,4,'',1,3000,4,'',1,7000,4,'',1,3000,4,'',1,7100,4,'',1,3000,4,'',1,7000,4,'',1,2900,4,'',1,7100,4,'',1,2700,4,'',1,7100,4,'',1,2800,4,'',1,9800,4,'',1,9700,4,'',1,10000,4,'',1,9900,4,'',1,9900,4,'',1,10000,4,'',1
'AOUT23SAM',7002,61700,4,'',1,3800,4,'',1,9300,4,'',1,10000,4,'',1,10100,4,'',1,10200,4,'',1,7100,4,'',1,3000,4,'',1,7000,4,'',1,3200,4,'',1,7000,4,'',1,3000,4,'',1,7000,4,'',1,3000,4,'',1,7000,4,'',1,3000,4,'',1,7000,4,'',1,2900,4,'',1,7100,4,'',1,2800,4,'',1,7000,4,'',1,2900,4,'',1,9900,4,'',1,9800,4,'',1,10000,4,'',1,10000,4,'',1,10000,4,'',1,10000,4,'',1
'AOUT23SEM',7002,62700,4,'',1,9900,4,'',1,3300,4,'',1,7200,4,'',1,2800,4,'',1,6800,4,'',1,2900,4,'',1,7100,4,'',1,2700,4,'',1,7100,4,'',1,3200,4,'',1,7000,4,'',1,3100,4,'',1,7000,4,'',1,3000,4,'',1,7100,4,'',1,7100,4,'',1,3000,4,'',1,7300,4,'',1,2900,4,'',1,7200,4,'',1,3000,4,'',1,6700,4,'',1,2700,4,'',1,7300,4,'',1,2600,4,'',1,9000,4,'',1,8600,4,'',1,9700,4,'',1,5700,4,'',1,10200,4,'',1,9700,4,'',1,15300,4,'',1
'AOUT23DIM',7601,50900,4,'',2,10100,4,'',2,2500,4,'',2,10300,4,'',2,9900,4,'',2,10100,4,'',2,7000,4,'',2,3000,4,'',2,7000,4,'',2,3000,4,'',2,7000,4,'',2,3000,4,'',2,7200,4,'',2,3400,4,'',2,6600,4,'',2,3000,4,'',2,7000,4,'',2,3000,4,'',2,7000,4,'',2,3000,4,'',2,7000,4,'',2,3200,4,'',2,6800,4,'',2,2900,4,'',2,9900,4,'',2,10000,4,'',2,9900,4,'',2,10000,4,'',2,10000,4,'',2,10000,4,'',2,10000,4,'',2
'AOUT23SAM',7601,51200,4,'',2,10100,4,'',2,2500,4,'',2,10300,4,'',2,9900,4,'',2,10100,4,'',2,7000,4,'',2,3000,4,'',2,7000,4,'',2,3000,4,'',2,7100,4,'',2,3000,4,'',2,7200,4,'',2,3100,4,'',2,7000,4,'',2,3200,4,'',2,7000,4,'',2,3000,4,'',2,7000,4,'',2,3000,4,'',2,6900,4,'',2,2900,4,'',2,6900,4,'',2,3000,4,'',2,9700,4,'',2,9800,4,'',2,10000,4,'',2,10000,4,'',2,10000,4,'',2,10000,4,'',2,10000,4,'',2
'AOUT23SEM',7601,53400,4,'',2,8300,4,'',2,1700,4,'',2,1800,4,'',2,5600,4,'',2,1700,4,'',2,1500,4,'',2,1300,4,'',2,5300,4,'',2,2100,4,'',2,1800,4,'',2,6900,4,'',2,2000,4,'',2,2500,4,'',2,7000,4,'',2,2300,4,'',2,6800,4,'',2,3000,4,'',2,7100,4,'',2,2900,4,'',2,7000,4,'',2,3000,4,'',2,7100,4,'',2,3100,4,'',2,7400,4,'',2,3000,4,'',2,6800,4,'',2,2800,4,'',2,6500,4,'',2,3400,4,'',2,6500,4,'',2,3300,4,'',2,7400,4,'',2,2100,4,'',2,6900,4,'',2,9900,4,'',2,9900,4,'',2,9900,4,'',2,10300,4,'',2
'AOUT23SEM',34504,252200,0,'Métro Henri-Bourassa',1,11600,0,'Métro Henri-Bourassa',1
'AOUT23DIM',36003,103000,4,'',1,2100,4,'',1,6100,4,'',1,2000,4,'',1,2000,4,'',1,6100,4,'',1,2000,4,'',1,2100,4,'',1,6100,4,'',1,2000,4,'',1,2000,4,'',1,6000,4,'',1,2000,4,'',1,2000,4,'',1,6000,4,'',1,2000,4,'',1,2000,4,'',1,5900,4,'',1,1900,4,'',1,2000,4,'',1,5900,4,'',1,1900,4,'',1,1900,4,'',1,6000,4,'',1,2000,4,'',1
'AOUT23SAM',36003,103400,4,'',1,2000,4,'',1,6000,4,'',1,2000,4,'',1,2000,4,'',1,6000,4,'',1,2000,4,'',1,2000,4,'',1,6100,4,'',1,2000,4,'',1,2000,4,'',1,6000,4,'',1,2000,4,'',1,2100,4,'',1,6000,4,'',1,2000,4,'',1,2000,4,'',1,6000,4,'',1,2000,4,'',1,2000,4,'',1,6000,4,'',1,2000,4,'',1,2000,4,'',1,5700,4,'',1,1900,4,'',1,1800,4,'',1,6000,4,'',1,2000,4,'',1,2000,4,'',1,6000,4,'',1,2000,4,'',1,2000,4,'',1,6000,4,'',1,2000,4,'',1,2000,4,'',1,6000,4,'',1
'AOUT23DIM',90304,90200,4,'',2,9800,4,'',2,10100,4,'',2,5700,4,'',2,14400,4,'',2,10200,4,'',2,10100,4,'',2,10000,4,'',2,9900,4,'',2,9700,4,'',2,10000,4,'',2,9900,4,'',2,10000,4,'',2,5900,4,'',2,9700,4,'',2
'AOUT23SAM',90304,65800,4,'',2,10000,4,'',2,14200,4,'',2,10100,4,'',2,10200,4,'',2,10000,4,'',2,10000,4,'',2,10200,4,'',2,10000,4,'',2,9900,4,'',2,10000,4,'',2,9800,4,'',2,10000,4,'',2,9900,4,'',2,9900,4,'',2,5900,4,'',2,9900,4,'',2
'AOUT23SEM',90304,54400,4,'',2,6600,4,'',2,1800,4,'',2,2600,4,'',2,5600,4,'',2,1600,4,'',2,1300,4,'',2,1300,4,'',2,5200,4,'',2,1300,4,'',2,2200,4,'',2,2000,4,'',2,14100,4,'',2,5000,4,'',2,10000,4,'',2,9900,4,'',2,10200,4,'',2,10000,4,'',2,10400,4,'',2,10100,4,'',2,10000,4,'',2,9900,4,'',2,9700,4,'',2,9800,4,'',2,10000,4,'',2,9800,4,'',2,9600,4,'',2
