'JUIN23DIM',5504,64000,4,'',2,10200,4,'',2,10000,4,'',2,10100,4,'',2,9800,4,'',2,10800,4,'',2,9500,4,'',2,10100,4,'',2,10000,4,'',2,10100,4,'',2,9400,4,'',2,10500,4,'',2,9700,4,'',2,10100,4,'',2,9800,4,'',2,10000,4,'',2,10000,4,'',2,9800,4,'',2
'JUIN23SAM',5504,63900,4,'',2,10200,4,'',2,10300,4,'',2,10000,4,'',2,10000,4,'',2,10600,4,'',2,9600,4,'',2,10000,4,'',2,10000,4,'',2,10000,4,'',2,9500,4,'',2,10600,4,'',2,9800,4,'',2,10000,4,'',2,9800,4,'',2,10000,4,'',2,9900,4,'',2,9800,4,'',2
'JUIN23SEM',5504,51700,4,'',2,3000,4,'',2,7600,4,'',2,2800,4,'',2,7600,4,'',2,8100,4,'',2,3000,4,'',2,8000,4,'',2,9800,4,'',2,10000,4,'',2,10000,4,'',2,10100,4,'',2,10200,4,'',2,10100,4,'',2,10100,4,'',2,9400,4,'',2,8500,4,'',2,4300,4,'',2,8500,4,'',2,8400,4,'',2,9500,4,'',2,9500,4,'',2,9900,4,'',2,10000,4,'',2,10700,4,'',2
'JUIN23DIM',14401,63300,4,'',2,7000,4,'',2,10000,4,'',2,10000,4,'',2,10200,4,'',2,3000,4,'',2,7000,4,'',2,3000,4,'',2,7000,4,'',2,3000,4,'',2,7000,4,'',2,3000,4,'',2,7000,4,'',2,3000,4,'',2,7000,4,'',2,3100,4,'',2,6900,4,'',2,3000,4,'',2,7000,4,'',2,3000,4,'',2,9900,4,'',2,9900,4,'',2,10000,4,'',2,10000,4,'',2,10000,4,'',2,10000,4,'',2
'JUIN23SAM',14401,63300,4,'',2,7000,4,'',2,10000,4,'',2,10000,4,'',2,10100,4,'',2,3000,4,'',2,7000,4,'',2,3000,4,'',2,7100,4,'',2,3000,4,'',2,7000,4,'',2,2900,4,'',2,7000,4,'',2,3000,4,'',2,7000,4,'',2,3000,4,'',2,7000,4,'',2,3200,4,'',2,6800,4,'',2,3000,4,'',2,10000,4,'',2,9900,4,'',2,10000,4,'',2,10000,4,'',2,10000,4,'',2,10000,4,'',2,10000,4,'',2,10000,4,'',2
'JUIN23SEM',14401,55000,4,'',2,7500,4,'',2,2200,4,'',2,1000,4,'',2,5000,4,'',2,1100,4,'',2,1400,4,'',2,1700,4,'',2,5500,4,'',2,1700,4,'',2,2000,4,'',2,5900,4,'',2,3000,4,'',2,7100,4,'',2,3000,4,'',2,7100,4,'',2,3000,4,'',2,7000,4,'',2,3000,4,'',2,7000,4,'',2,3000,4,'',2,6800,4,'',2,3100,4,'',2,7000,4,'',2,2900,4,'',2,9900,4,'',2,10600,4,'',2,9700,4,'',2,10100,4,'',2,10000,4,'',2,10000,4,'',2,10000,4,'',2,10000,4,'',2,9700,4,'',2
'JUIN23DIM',15104,63600,4,'',2,11300,4,'',2,10300,4,'',2,10000,4,'',2,10100,4,'',2,7000,4,'',2,3000,4,'',2,7600,4,'',2,3000,4,'',2,7000,4,'',2,3000,4,'',2,7000,4,'',2,3000,4,'',2,7000,4,'',2,7100,4,'',2,3000,4,'',2,7000,4,'',2,3000,4,'',2,2900,4,'',2,6900,4,'',2,2900,4,'',2,9400,4,'',2,10000,4,'',2,9900,4,'',2,10000,4,'',2,9800,4,'',2,9600,4,'',2
'JUIN23SAM',15104,63500,4,'',2,11600,4,'',2,10000,4,'',2,10400,4,'',2,10000,4,'',2,7500,4,'',2,2500,4,'',2,7500,4,'',2,7000,4,'',2,3000,4,'',2,7000,4,'',2,3000,4,'',2,7000,4,'',2,3000,4,'',2,2900,4,'',2,7100,4,'',2,7000,4,'',2,2900,4,'',2,3000,4,'',2,6900,4,'',2,2900,4,'',2,10000,4,'',2,9500,4,'',2,10000,4,'',2,9900,4,'',2,9800,4,'',2,9400,4,'',2
'JUIN23SEM',15104,50100,4,'',2,2500,4,'',2,2700,4,'',2,6500,4,'',2,1500,4,'',2,1100,4,'',2,1000,4,'',2,5100,4,'',2,1000,4,'',2,900,4,'',2,1200,4,'',2,1100,4,'',2,5300,4,'',2,900,4,'',2,700,4,'',2,1900,4,'',2,1400,4,'',2,5500,4,'',2,1200,4,'',2,2400,4,'',2,6100,4,'',2,2100,4,'',2,1900,4,'',2,6000,4,'',2,1900,4,'',2,2200,4,'',2,6000,4,'',2,2000,4,'',2,2000,4,'',2,6000,4,'',2,2200,4,'',2,2000,4,'',2,6000,4,'',2,2000,4,'',2,7600,4,'',2,3800,4,'',2,6900,4,'',2,2900,4,'',2,7400,4,'',2,2800,4,'',2,6700,4,'',2,3000,4,'',2,9300,4,'',2,10300,4,'',2,9500,4,'',2,9500,4,'',2,9800,4,'',2,9400,4,'',2,11200,4,'',2
'JUIN23SEM',90204,60100,4,'',1,3000,4,'',1,2600,4,'',1,6400,4,'',1,2800,4,'',1,6000,4,'',1,2700,4,'',1,7800,4,'',1,2300,4,'',1,10600,4,'',1,9900,4,'',1,10100,4,'',1,10000,4,'',1,10000,4,'',1,11100,4,'',1,8500,4,'',1,10200,4,'',1,10000,4,'',1,9900,4,'',1,9900,4,'',1,10000,4,'',1,9700,4,'',1
