'OCTO23DIM',7601,52700,,'',2,2500,,'',2,10200,,'',2,9800,,'',2,10000,,'',2,7000,,'',2,3000,,'',2,7000,,'',2,3000,,'',2,7000,,'',2,3000,,'',2,7200,,'',2,3400,,'',2,6600,,'',2,3000,,'',2,7000,,'',2,3000,,'',2,7000,,'',2,3000,,'',2,7000,,'',2,3200,,'',2,6800,,'',2,3000,,'',2,10000,,'',2,10000,,'',2,10000,,'',2,10000,,'',2,10000,,'',2,10000,,'',2,10000,,'',2
'OCTO23DIM',7602,64900,4,'',2,9500,4,'',2,10000,4,'',2,10100,4,'',2,7000,4,'',2,3000,4,'',2,7000,4,'',2,3000,4,'',2,7200,4,'',2,3400,4,'',2,6700,4,'',2,3000,4,'',2,7000,4,'',2,3000,4,'',2,7000,4,'',2,3000,4,'',2,7000,4,'',2,3000,4,'',2,6900,4,'',2,3000,4,'',2,7200,4,'',2,3500,4,'',2,9300,4,'',2,9700,4,'',2,10000,4,'',2,10000,4,'',2,10000,4,'',2,10000,4,'',2,10000,4,'',2
'OCTO23SAM',7601,52700,,'',2,2500,,'',2,10200,,'',2,9800,,'',2,10000,,'',2,7000,,'',2,3000,,'',2,7000,,'',2,3000,,'',2,7000,,'',2,3000,,'',2,7200,,'',2,3000,,'',2,7000,,'',2,3200,,'',2,7000,,'',2,3000,,'',2,7000,,'',2,3000,,'',2,7000,,'',2,3000,,'',2,7000,,'',2,3000,,'',2,10000,,'',2,9800,,'',2,10000,,'',2,10000,,'',2,10000,,'',2,10000,,'',2,10000,,'',2
'OCTO23SAM',7602,64800,4,'',2,9600,4,'',2,10100,4,'',2,10000,4,'',2,7200,4,'',2,3000,4,'',2,6900,4,'',2,3100,4,'',2,7100,4,'',2,3100,4,'',2,7000,4,'',2,3100,4,'',2,7000,4,'',2,3000,4,'',2,6900,4,'',2,3000,4,'',2,7100,4,'',2,3000,4,'',2,7000,4,'',2,3000,4,'',2,7000,4,'',2,3700,4,'',2,9100,4,'',2,9800,4,'',2,10000,4,'',2,10000,4,'',2,10000,4,'',2,10000,4,'',2,9900,4,'',2,10000,4,'',2,6800,4,'',2
'OCTO23SEM',7601,44900,,'',2,8000,,'',2,1500,,'',2,1500,,'',2,5500,,'',2,1500,,'',2,1300,,'',2,1200,,'',2,5300,,'',2,2000,,'',2,2500,,'',2,7000,,'',2,2000,,'',2,6500,,'',2,3000,,'',2,6400,,'',2,2800,,'',2,3000,,'',2,7000,,'',2,3000,,'',2,7000,,'',2,3000,,'',2,7000,,'',2,3000,,'',2,7000,,'',2,3000,,'',2,6800,,'',2,3000,,'',2,6500,,'',2,3500,,'',2,6500,,'',2,3500,,'',2,7500,,'',2,2500,,'',2,7000,,'',2,10000,,'',2,10000,,'',2,10000,,'',2,10400,,'',2
'OCTO23SEM',7602,63700,4,'',2,6500,4,'',2,2000,4,'',2,2500,4,'',2,6900,4,'',2,2300,4,'',2,1500,4,'',2,5800,4,'',2,1900,4,'',2,2500,4,'',2,6500,4,'',2,3100,4,'',2,7000,4,'',2,3000,4,'',2,7000,4,'',2,3000,4,'',2,7000,4,'',2,3000,4,'',2,7200,4,'',2,2900,4,'',2,6800,4,'',2,2700,4,'',2,5800,4,'',2,2200,4,'',2,2100,4,'',2,6100,4,'',2,2200,4,'',2,2000,4,'',2,5800,4,'',2,1700,4,'',2,1800,4,'',2,5900,4,'',2,1800,4,'',2,2800,4,'',2,7000,4,'',2,10100,4,'',2,9900,4,'',2,9900,4,'',2,9600,4,'',2,11000,4,'',2
'OCTO23DIM',90303,80700,4,'',2,10100,4,'',2,10100,4,'',2,10000,4,'',2,10100,4,'',2,10100,4,'',2,10100,4,'',2,10000,4,'',2,10200,4,'',2,10000,4,'',2,10000,4,'',2,9900,4,'',2,9800,4,'',2,9900,4,'',2,10000,4,'',2,9900,4,'',2,9900,4,'',2
'OCTO23DIM',90304,81900,,'',2,9800,,'',2,10000,,'',2,9700,,'',2,10300,,'',2,10200,,'',2,10000,,'',2,10000,,'',2,10000,,'',2,10000,,'',2,10000,,'',2,10000,,'',2,10000,,'',2,10000,,'',2,9900,,'',2
'OCTO23SAM',90303,70800,4,'',2,10000,4,'',2,10000,4,'',2,10100,4,'',2,10200,4,'',2,10000,4,'',2,10200,4,'',2,10000,4,'',2,10000,4,'',2,10000,4,'',2,10100,4,'',2,10000,4,'',2,9900,4,'',2,9800,4,'',2,9800,4,'',2,10000,4,'',2,10000,4,'',2,10000,4,'',2
'OCTO23SAM',90304,61800,,'',2,9900,,'',2,10000,,'',2,10000,,'',2,10000,,'',2,10000,,'',2,10000,,'',2,10200,,'',2,10000,,'',2,9900,,'',2,10100,,'',2,10000,,'',2,10000,,'',2,10000,,'',2,10000,,'',2,10000,,'',2,10000,,'',2
'OCTO23SEM',90303,70700,4,'',2,10200,4,'',2,9900,4,'',2,4800,4,'',2,10000,4,'',2,10000,4,'',2,10200,4,'',2,10000,4,'',2,10100,4,'',2,9700,4,'',2,7100,4,'',2,3000,4,'',2,7000,4,'',2,2700,4,'',2,5900,4,'',2,2100,4,'',2,6900,4,'',2,5600,4,'',2,10000,4,'',2,9900,4,'',2,9800,4,'',2,9800,4,'',2,9900,4,'',2
'OCTO23SEM',90304,50100,,'',2,2500,,'',2,1600,,'',2,6400,,'',2,1500,,'',2,1500,,'',2,1200,,'',2,5200,,'',2,1200,,'',2,1200,,'',2,2400,,'',2,6200,,'',2,10300,,'',2,9000,,'',2,10000,,'',2,10000,,'',2,10200,,'',2,10000,,'',2,10200,,'',2,10000,,'',2,10000,,'',2,10000,,'',2,10100,,'',2,9800,,'',2,10000,,'',2,10000,,'',2,9800,,'',2
