'OCTO23DIM',5001,55300,4,'',1,10000,4,'',1,10100,4,'',1,10000,4,'',1,10100,4,'',1,7100,4,'',1,3000,4,'',1,7000,4,'',1,3000,4,'',1,7300,4,'',1,2900,4,'',1,7000,4,'',1,3000,4,'',1,7100,4,'',1,3000,4,'',1,7000,4,'',1,3000,4,'',1,7000,4,'',1,3000,4,'',1,8600,4,'',1,1400,4,'',1,9800,4,'',1,10000,4,'',1,10000,4,'',1,9900,4,'',1,9800,4,'',1,10000,4,'',1
'OCTO23DIM',5002,60300,,'',1,10000,,'',1,10000,,'',1,10000,,'',1,3000,,'',1,7000,,'',1,2800,,'',1,7200,,'',1,2800,,'',1,7200,,'',1,3200,,'',1,7000,,'',1,3000,,'',1,7000,,'',1,2900,,'',1,7100,,'',1,3000,,'',1,7000,,'',1,2900,,'',1,7100,,'',1,10000,,'',1,10000,,'',1,10000,,'',1,10000,,'',1,10000,,'',1,10000,,'',1,10000,,'',1
'OCTO23SAM',5001,55300,4,'',1,10000,4,'',1,10200,4,'',1,10000,4,'',1,10100,4,'',1,7100,4,'',1,3000,4,'',1,7000,4,'',1,3100,4,'',1,7100,4,'',1,7100,4,'',1,3000,4,'',1,7000,4,'',1,3000,4,'',1,7000,4,'',1,3000,4,'',1,7000,4,'',1,3000,4,'',1,7000,4,'',1,4500,4,'',1,1400,4,'',1,9900,4,'',1,9900,4,'',1,10000,4,'',1,10000,4,'',1,9800,4,'',1,10000,4,'',1
'OCTO23SAM',5002,60300,,'',1,10000,,'',1,10000,,'',1,10000,,'',1,3000,,'',1,7000,,'',1,3000,,'',1,7000,,'',1,2900,,'',1,7100,,'',1,3200,,'',1,7000,,'',1,3000,,'',1,7000,,'',1,3000,,'',1,7000,,'',1,3000,,'',1,7000,,'',1,3000,,'',1,7000,,'',1,10000,,'',1,10000,,'',1,10000,,'',1,10000,,'',1,10000,,'',1,10000,,'',1,10000,,'',1
'OCTO23SEM',5001,54300,4,'',1,11000,4,'',1,7500,4,'',1,2500,4,'',1,7400,4,'',1,7300,4,'',1,2900,4,'',1,3000,4,'',1,7000,4,'',1,3000,4,'',1,7000,4,'',1,3000,4,'',1,7200,4,'',1,7000,4,'',1,3000,4,'',1,7000,4,'',1,2200,4,'',1,3100,4,'',1,8300,4,'',1,6500,4,'',1,3100,4,'',1,6800,4,'',1,3600,4,'',1,6800,4,'',1,3400,4,'',1,6900,4,'',1,3400,4,'',1,10400,4,'',1,10300,4,'',1,10500,4,'',1,10300,4,'',1,10100,4,'',1,9100,4,'',1
'OCTO23SEM',5002,44900,,'',1,7400,,'',1,2600,,'',1,6500,,'',1,2500,,'',1,6500,,'',1,3000,,'',1,7000,,'',1,3000,,'',1,7100,,'',1,2900,,'',1,7000,,'',1,3000,,'',1,7000,,'',1,3000,,'',1,7000,,'',1,3200,,'',1,7000,,'',1,3000,,'',1,7000,,'',1,2900,,'',1,6900,,'',1,3800,,'',1,6500,,'',1,3300,,'',1,6700,,'',1,3700,,'',1,7100,,'',1,2900,,'',1,10500,,'',1,10400,,'',1,10200,,'',1,15000,,'',1,10400,,'',1,9600,,'',1
'OCTO23DIM',5801,55200,4,'',2,10000,4,'',2,9000,4,'',2,10000,4,'',2,10000,4,'',2,10100,4,'',2,10200,4,'',2,10000,4,'',2,10000,4,'',2,10000,4,'',2,10000,4,'',2,10000,4,'',2,10000,4,'',2,10000,4,'',2,9800,4,'',2,10000,4,'',2,9900,4,'',2,10000,4,'',2,10000,4,'',2,10900,4,'',2
'OCTO23DIM',5802,60000,,'',2,10000,,'',2,5000,,'',2,10000,,'',2,10000,,'',2,10000,,'',2,10000,,'',2,10000,,'',2,10000,,'',2,10000,,'',2,10000,,'',2,10000,,'',2,10000,,'',2,10000,,'',2,10000,,'',2,10000,,'',2,10000,,'',2,10000,,'',2,10000,,'',2
'OCTO23SAM',5801,55200,4,'',2,10000,4,'',2,9000,4,'',2,10000,4,'',2,10000,4,'',2,10100,4,'',2,10000,4,'',2,10100,4,'',2,10000,4,'',2,10100,4,'',2,10000,4,'',2,10000,4,'',2,10200,4,'',2,9700,4,'',2,10100,4,'',2,10000,4,'',2,9900,4,'',2,10000,4,'',2,9800,4,'',2,11000,4,'',2
'OCTO23SAM',5802,60000,,'',2,10000,,'',2,5000,,'',2,10000,,'',2,10000,,'',2,10000,,'',2,10000,,'',2,10000,,'',2,10000,,'',2,10000,,'',2,10000,,'',2,10000,,'',2,10000,,'',2,10000,,'',2,10000,,'',2,10000,,'',2,10000,,'',2,10000,,'',2,10000,,'',2
'OCTO23SEM',5801,54200,4,'',2,6800,4,'',2,4300,4,'',2,7400,4,'',2,900,4,'',2,8100,4,'',2,4000,4,'',2,9900,4,'',2,10000,4,'',2,10000,4,'',2,10100,4,'',2,9900,4,'',2,9700,4,'',2,7500,4,'',2,2900,4,'',2,6300,4,'',2,2100,4,'',2,1400,4,'',2,5600,4,'',2,1500,4,'',2,1500,4,'',2,1500,4,'',2,5400,4,'',2,1400,4,'',2,1500,4,'',2,2000,4,'',2,6500,4,'',2,10100,4,'',2,10000,4,'',2,10000,4,'',2,10000,4,'',2,9900,4,'',2
'OCTO23SEM',5802,51900,,'',2,2900,,'',2,5600,,'',2,1400,,'',2,1500,,'',2,1600,,'',2,5500,,'',2,1500,,'',2,1500,,'',2,1500,,'',2,7600,,'',2,7700,,'',2,9900,,'',2,10000,,'',2,10000,,'',2,10100,,'',2,10500,,'',2,2700,,'',2,7300,,'',2,10000,,'',2,3900,,'',2,8500,,'',2,9900,,'',2,10000,,'',2,10000,,'',2,10000,,'',2,10000,,'',2,10000,,'',2,10000,,'',2
'OCTO23DIM',22201,55600,4,'',2,18100,4,'',2,29100,4,'',2,39800,4,'',2,81100,4,'',2,10000,4,'',2
'OCTO23SAM',22201,55800,4,'',2,18000,4,'',2,29200,4,'',2,39800,4,'',2,81200,4,'',2,9700,4,'',2,10000,4,'',2,10000,4,'',2
'OCTO23SEM',22201,55600,4,'',2,6800,4,'',2,10600,4,'',2,900,4,'',2,9200,4,'',2,19800,4,'',2,10000,4,'',2,10000,4,'',2,10000,4,'',2,10000,4,'',2,9500,4,'',2,10700,4,'',2,1400,4,'',2,6800,4,'',2,1500,4,'',2,1500,4,'',2,6800,4,'',2,63200,4,'',2
