'OCTO23DIM',14401,61900,4,'',2,8800,4,'',2,10000,4,'',2,10100,4,'',2,10200,4,'',2,3000,4,'',2,7000,4,'',2,3000,4,'',2,7000,4,'',2,3000,4,'',2,7000,4,'',2,3000,4,'',2,7000,4,'',2,3000,4,'',2,7000,4,'',2,3000,4,'',2,7000,4,'',2,3000,4,'',2,7000,4,'',2,3000,4,'',2,9900,4,'',2,9900,4,'',2,9900,4,'',2,10000,4,'',2,10000,4,'',2,10000,4,'',2
'OCTO23JRA',14401,114000,4,'',2,7000,4,'',2,3000,4,'',2,7000,4,'',2,3000,4,'',2,7000,4,'',2,3000,4,'',2,7000,4,'',2,3000,4,'',2,7000,4,'',2,3000,4,'',2,7000,4,'',2,3000,4,'',2,9900,4,'',2,9900,4,'',2,9900,4,'',2
'OCTO23NOE',14401,114000,4,'',2,7000,4,'',2,3000,4,'',2,7000,4,'',2,3000,4,'',2,7000,4,'',2,3000,4,'',2,7000,4,'',2,3000,4,'',2,7000,4,'',2,3000,4,'',2,7000,4,'',2,3000,4,'',2,9900,4,'',2,9900,4,'',2,9900,4,'',2
'OCTO23SAM',14401,61900,4,'',2,8800,4,'',2,10000,4,'',2,10100,4,'',2,10100,4,'',2,3000,4,'',2,7000,4,'',2,3000,4,'',2,7000,4,'',2,3000,4,'',2,7000,4,'',2,3000,4,'',2,7000,4,'',2,3000,4,'',2,7000,4,'',2,3000,4,'',2,7100,4,'',2,2900,4,'',2,7000,4,'',2,3000,4,'',2,10000,4,'',2,10100,4,'',2,9800,4,'',2,10000,4,'',2,10000,4,'',2,10000,4,'',2,10000,4,'',2,10000,4,'',2
'OCTO23SEM',14401,55500,4,'',2,7100,4,'',2,1600,4,'',2,1300,4,'',2,5300,4,'',2,1000,4,'',2,1000,4,'',2,1000,4,'',2,1600,4,'',2,5500,4,'',2,1400,4,'',2,1500,4,'',2,1500,4,'',2,5300,4,'',2,1600,4,'',2,1400,4,'',2,7000,4,'',2,3000,4,'',2,7000,4,'',2,3000,4,'',2,6900,4,'',2,3100,4,'',2,7000,4,'',2,3000,4,'',2,7000,4,'',2,3000,4,'',2,7000,4,'',2,3300,4,'',2,10000,4,'',2,10000,4,'',2,9800,4,'',2,9900,4,'',2,9700,4,'',2,10100,4,'',2,10000,4,'',2,9900,4,'',2,10000,4,'',2
'OCTO23DIM',15104,64000,4,'',2,11100,4,'',2,10300,4,'',2,10000,4,'',2,10100,4,'',2,7000,4,'',2,3100,4,'',2,7600,4,'',2,7000,4,'',2,3000,4,'',2,7000,4,'',2,3000,4,'',2,7000,4,'',2,3100,4,'',2,7000,4,'',2,3000,4,'',2,7000,4,'',2,3000,4,'',2,6800,4,'',2,2800,4,'',2,3000,4,'',2,9400,4,'',2,10000,4,'',2,9300,4,'',2,10000,4,'',2,9800,4,'',2,10000,4,'',2
'OCTO23JRA',15104,64000,4,'',2,11100,4,'',2,10300,4,'',2,10000,4,'',2,10100,4,'',2,7000,4,'',2,3100,4,'',2,7600,4,'',2,7000,4,'',2,3000,4,'',2,7000,4,'',2,3000,4,'',2,7000,4,'',2,3100,4,'',2,7000,4,'',2,3000,4,'',2,7000,4,'',2,3000,4,'',2,6800,4,'',2,2800,4,'',2,3000,4,'',2,9400,4,'',2,10000,4,'',2,9300,4,'',2,10000,4,'',2,9800,4,'',2,10000,4,'',2
'OCTO23NOE',15104,64000,4,'',2,11100,4,'',2,10300,4,'',2,10000,4,'',2,10100,4,'',2,7000,4,'',2,3100,4,'',2,7600,4,'',2,7000,4,'',2,3000,4,'',2,7000,4,'',2,3000,4,'',2,7000,4,'',2,3100,4,'',2,7000,4,'',2,3000,4,'',2,7000,4,'',2,3000,4,'',2,6800,4,'',2,2800,4,'',2,3000,4,'',2,9400,4,'',2,10000,4,'',2,9300,4,'',2,10000,4,'',2,9800,4,'',2,10000,4,'',2
'OCTO23SAM',15104,64300,4,'',2,11100,4,'',2,10300,4,'',2,10000,4,'',2,14500,4,'',2,3100,4,'',2,2600,4,'',2,7700,4,'',2,7100,4,'',2,3000,4,'',2,7000,4,'',2,2900,4,'',2,7100,4,'',2,2900,4,'',2,7000,4,'',2,3000,4,'',2,7000,4,'',2,2900,4,'',2,7000,4,'',2,2700,4,'',2,6800,4,'',2,5600,4,'',2,9800,4,'',2,9300,4,'',2,10000,4,'',2,9900,4,'',2,9900,4,'',2
'OCTO23SEM',15104,50700,4,'',2,2500,4,'',2,2200,4,'',2,5500,4,'',2,1500,4,'',2,1300,4,'',2,1100,4,'',2,1000,4,'',2,4700,4,'',2,600,4,'',2,600,4,'',2,700,4,'',2,600,4,'',2,600,4,'',2,600,4,'',2,600,4,'',2,700,4,'',2,4600,4,'',2,1300,4,'',2,1100,4,'',2,1400,4,'',2,1100,4,'',2,5500,4,'',2,1500,4,'',2,1600,4,'',2,2000,4,'',2,6000,4,'',2,1600,4,'',2,2000,4,'',2,5900,4,'',2,2000,4,'',2,2000,4,'',2,6000,4,'',2,2000,4,'',2,2000,4,'',2,6000,4,'',2,2000,4,'',2,2000,4,'',2,5800,4,'',2,2200,4,'',2,2000,4,'',2,6100,4,'',2,2100,4,'',2,2400,4,'',2,5700,4,'',2,2600,4,'',2,6100,4,'',2,2000,4,'',2,1100,4,'',2,1900,4,'',2,5900,4,'',2,1900,4,'',2,2000,4,'',2,5700,4,'',2,1800,4,'',2,1800,4,'',2,6100,4,'',2,2900,4,'',2,6900,4,'',2,2900,4,'',2,2800,4,'',2,6800,4,'',2,1700,4,'',2,6900,4,'',2,3000,4,'',2,7000,4,'',2,3000,4,'',2,8600,4,'',2
'OCTO23SEM',90204,60400,4,'',1,2800,4,'',1,7400,4,'',1,1800,4,'',1,2500,4,'',1,6800,4,'',1,3000,4,'',1,6900,4,'',1,3000,4,'',1,10000,4,'',1,10000,4,'',1,10000,4,'',1,10100,4,'',1,10000,4,'',1,10400,4,'',1,10100,4,'',1,9700,4,'',1,9700,4,'',1,9900,4,'',1,10100,4,'',1,10000,4,'',1,9700,4,'',1
