'MARS24DIM',5001,55300,4,'',1,10100,4,'',1,10000,4,'',1,10000,4,'',1,10000,4,'',1,7000,4,'',1,3200,4,'',1,7000,4,'',1,3000,4,'',1,7000,4,'',1,3100,4,'',1,7200,4,'',1,3000,4,'',1,7000,4,'',1,7100,4,'',1,2900,4,'',1,3000,4,'',1,6900,4,'',1,7200,4,'',1,4400,4,'',1,1500,4,'',1,9800,4,'',1,10000,4,'',1,10000,4,'',1,9800,4,'',1,10000,4,'',1,10100,4,'',1
'MARS24DIM',5002,60300,,'',1,10000,,'',1,10000,,'',1,9900,,'',1,3100,,'',1,7000,,'',1,2600,,'',1,7400,,'',1,2900,,'',1,7100,,'',1,3200,,'',1,7000,,'',1,2900,,'',1,7100,,'',1,2800,,'',1,7200,,'',1,2900,,'',1,7100,,'',1,2800,,'',1,7200,,'',1,10000,,'',1,10000,,'',1,10000,,'',1,10000,,'',1,10000,,'',1,10000,,'',1,10000,,'',1
'MARS24SAM',5001,55100,4,'',1,10000,4,'',1,10200,4,'',1,10100,4,'',1,10300,4,'',1,6800,4,'',1,3200,4,'',1,7000,4,'',1,3100,4,'',1,7100,4,'',1,3000,4,'',1,7000,4,'',1,7100,4,'',1,3000,4,'',1,2900,4,'',1,7000,4,'',1,3000,4,'',1,6900,4,'',1,3100,4,'',1,8500,4,'',1,1500,4,'',1,10000,4,'',1,9800,4,'',1,10000,4,'',1,10000,4,'',1,9800,4,'',1,10000,4,'',1
'MARS24SAM',5002,60300,,'',1,10000,,'',1,10000,,'',1,10000,,'',1,3000,,'',1,7000,,'',1,2700,,'',1,7300,,'',1,3000,,'',1,7000,,'',1,3200,,'',1,7000,,'',1,3000,,'',1,7000,,'',1,3000,,'',1,6900,,'',1,3100,,'',1,7000,,'',1,2800,,'',1,7200,,'',1,10000,,'',1,10000,,'',1,10000,,'',1,10000,,'',1,10000,,'',1,10000,,'',1,10000,,'',1
'MARS24SEM',5001,54400,4,'',1,11000,4,'',1,7500,4,'',1,2100,4,'',1,7600,4,'',1,7700,4,'',1,2600,4,'',1,3000,4,'',1,6900,4,'',1,3000,4,'',1,7000,4,'',1,3100,4,'',1,7200,4,'',1,7000,4,'',1,3300,4,'',1,6700,4,'',1,2200,4,'',1,3000,4,'',1,8400,4,'',1,7100,4,'',1,3000,4,'',1,6900,4,'',1,3000,4,'',1,6900,4,'',1,3200,4,'',1,6900,4,'',1,3100,4,'',1,10800,4,'',1,10400,4,'',1,10400,4,'',1,10100,4,'',1,10400,4,'',1,9000,4,'',1
'MARS24SEM',5002,45000,,'',1,7500,,'',1,2900,,'',1,6700,,'',1,3300,,'',1,4700,,'',1,3200,,'',1,7100,,'',1,2700,,'',1,8000,,'',1,2300,,'',1,7000,,'',1,3000,,'',1,7000,,'',1,3000,,'',1,7000,,'',1,3200,,'',1,7000,,'',1,3000,,'',1,7000,,'',1,3000,,'',1,6800,,'',1,3800,,'',1,7300,,'',1,3100,,'',1,6800,,'',1,2800,,'',1,7000,,'',1,3200,,'',1,10500,,'',1,10500,,'',1,10100,,'',1,15000,,'',1,10400,,'',1,9500,,'',1
'MARS24DIM',5801,55200,4,'',2,10000,4,'',2,9000,4,'',2,10000,4,'',2,10000,4,'',2,10100,4,'',2,10100,4,'',2,10100,4,'',2,10000,4,'',2,10000,4,'',2,9900,4,'',2,9900,4,'',2,10100,4,'',2,10100,4,'',2,9800,4,'',2,10000,4,'',2,9900,4,'',2,10000,4,'',2,10000,4,'',2,10900,4,'',2
'MARS24DIM',5802,60000,,'',2,10000,,'',2,5000,,'',2,10000,,'',2,10000,,'',2,10000,,'',2,10000,,'',2,10000,,'',2,10000,,'',2,10000,,'',2,9900,,'',2,10100,,'',2,10000,,'',2,10000,,'',2,10000,,'',2,10000,,'',2,10000,,'',2,10000,,'',2,10000,,'',2
'MARS24SAM',5801,55200,4,'',2,10000,4,'',2,9000,4,'',2,10000,4,'',2,10200,4,'',2,9900,4,'',2,10200,4,'',2,9900,4,'',2,10000,4,'',2,10100,4,'',2,9900,4,'',2,10100,4,'',2,10000,4,'',2,10000,4,'',2,10000,4,'',2,10000,4,'',2,9900,4,'',2,10000,4,'',2,9800,4,'',2,11000,4,'',2
'MARS24SAM',5802,60000,,'',2,10000,,'',2,5000,,'',2,10000,,'',2,10000,,'',2,9800,,'',2,10200,,'',2,10000,,'',2,10000,,'',2,10000,,'',2,9900,,'',2,10100,,'',2,10000,,'',2,10000,,'',2,10000,,'',2,10000,,'',2,10000,,'',2,10000,,'',2,10000,,'',2
'MARS24SEM',5801,54300,4,'',2,6700,4,'',2,4400,4,'',2,7400,4,'',2,1200,4,'',2,7900,4,'',2,3700,4,'',2,10000,4,'',2,10000,4,'',2,10000,4,'',2,10000,4,'',2,10100,4,'',2,9600,4,'',2,7500,4,'',2,2800,4,'',2,6500,4,'',2,2100,4,'',2,1300,4,'',2,5400,4,'',2,1500,4,'',2,1400,4,'',2,1600,4,'',2,5400,4,'',2,1500,4,'',2,1500,4,'',2,1600,4,'',2,6900,4,'',2,10100,4,'',2,10000,4,'',2,10100,4,'',2,9900,4,'',2,9800,4,'',2
'MARS24SEM',5802,52000,,'',2,2800,,'',2,5500,,'',2,3000,,'',2,7100,,'',2,3000,,'',2,9100,,'',2,7600,,'',2,10000,0,'Métro Cartier',2,10000,,'',2,10000,,'',2,10200,,'',2,10500,,'',2,3100,,'',2,6900,,'',2,9900,,'',2,4000,,'',2,8300,,'',2,10000,,'',2,10000,,'',2,10000,0,'Métro Cartier',2,10000,,'',2,10000,,'',2,10000,,'',2,10000,,'',2
'MARS24DIM',22201,55600,4,'',2,18100,4,'',2,29200,4,'',2,39700,4,'',2,81100,4,'',2,10000,4,'',2
'MARS24SAM',22201,55900,4,'',2,18000,4,'',2,29000,4,'',2,39800,4,'',2,81100,4,'',2,10000,4,'',2,10000,4,'',2,9900,4,'',2
'MARS24SEM',22201,55700,4,'',2,6700,4,'',2,10700,4,'',2,1000,4,'',2,8900,4,'',2,20000,4,'',2,10000,4,'',2,10000,4,'',2,10000,4,'',2,10000,4,'',2,9600,4,'',2,10300,4,'',2,1500,4,'',2,6900,4,'',2,1600,4,'',2,1400,4,'',2,6900,4,'',2,63100,4,'',2
