'OCTO23DIM',14401,62400,4,'',2,8800,4,'',2,10000,4,'',2,10100,4,'',2,10200,4,'',2,3100,4,'',2,7000,4,'',2,3000,4,'',2,7000,4,'',2,3000,4,'',2,7000,4,'',2,3000,4,'',2,7000,4,'',2,3000,4,'',2,7000,4,'',2,3000,4,'',2,7000,4,'',2,3000,4,'',2,7000,4,'',2,3000,4,'',2,9900,4,'',2,9900,4,'',2,9900,4,'',2,10000,4,'',2,9900,4,'',2,10000,4,'',2
'OCTO23DIM',14402,73000,0,'Ste-Dorothée',2,10000,0,'Ste-Dorothée',2,10000,0,'Ste-Dorothée',2,10000,0,'Ste-Dorothée',2,7000,0,'Ste-Dorothée',2,3000,0,'Ste-Dorothée',2,7000,0,'Ste-Dorothée',2,3000,0,'Ste-Dorothée',2,7000,0,'Ste-Dorothée',2,3000,0,'Ste-Dorothée',2,7000,0,'Ste-Dorothée',2,3000,0,'Ste-Dorothée',2,7000,0,'Ste-Dorothée',2,3000,0,'Ste-Dorothée',2,7000,0,'Ste-Dorothée',2,3000,0,'Ste-Dorothée',2,7000,0,'Ste-Dorothée',2,3000,0,'Ste-Dorothée',2,7000,0,'Ste-Dorothée',2,10000,0,'Ste-Dorothée',2,10000,0,'Ste-Dorothée',2,10000,0,'Ste-Dorothée',2,10000,0,'Ste-Dorothée',2,10000,0,'Ste-Dorothée',2,10000,0,'Ste-Dorothée',2,10000,0,'Ste-Dorothée',2
'OCTO23JRA',14401,114600,4,'',2,7000,4,'',2,3000,4,'',2,7000,4,'',2,3000,4,'',2,7000,4,'',2,3000,4,'',2,7000,4,'',2,3000,4,'',2,7000,4,'',2,3000,4,'',2,7000,4,'',2,3000,4,'',2,9900,4,'',2,9900,4,'',2,9900,4,'',2
'OCTO23JRA',14402,110000,0,'Ste-Dorothée',2,3000,0,'Ste-Dorothée',2,7000,0,'Ste-Dorothée',2,3000,0,'Ste-Dorothée',2,7000,0,'Ste-Dorothée',2,3000,0,'Ste-Dorothée',2,7000,0,'Ste-Dorothée',2,3000,0,'Ste-Dorothée',2,7000,0,'Ste-Dorothée',2,3000,0,'Ste-Dorothée',2,7000,0,'Ste-Dorothée',2,3000,0,'Ste-Dorothée',2,7000,0,'Ste-Dorothée',2,3000,0,'Ste-Dorothée',2,7000,0,'Ste-Dorothée',2,10000,0,'Ste-Dorothée',2,10000,0,'Ste-Dorothée',2,10000,0,'Ste-Dorothée',2
'OCTO23NOE',14401,114600,4,'',2,7000,4,'',2,3000,4,'',2,7000,4,'',2,3000,4,'',2,7000,4,'',2,3000,4,'',2,7000,4,'',2,3000,4,'',2,7000,4,'',2,3000,4,'',2,7000,4,'',2,3000,4,'',2,9900,4,'',2,9900,4,'',2,9900,4,'',2
'OCTO23NOE',14402,110000,0,'Ste-Dorothée',2,3000,0,'Ste-Dorothée',2,7000,0,'Ste-Dorothée',2,3000,0,'Ste-Dorothée',2,7000,0,'Ste-Dorothée',2,3000,0,'Ste-Dorothée',2,7000,0,'Ste-Dorothée',2,3000,0,'Ste-Dorothée',2,7000,0,'Ste-Dorothée',2,3000,0,'Ste-Dorothée',2,7000,0,'Ste-Dorothée',2,3000,0,'Ste-Dorothée',2,7000,0,'Ste-Dorothée',2,3000,0,'Ste-Dorothée',2,7000,0,'Ste-Dorothée',2,10000,0,'Ste-Dorothée',2,10000,0,'Ste-Dorothée',2,10000,0,'Ste-Dorothée',2
'OCTO23SAM',14401,62400,4,'',2,8800,4,'',2,10000,4,'',2,10200,4,'',2,10100,4,'',2,3000,4,'',2,7000,4,'',2,3000,4,'',2,7000,4,'',2,3000,4,'',2,7000,4,'',2,3000,4,'',2,7000,4,'',2,3000,4,'',2,7000,4,'',2,3000,4,'',2,7100,4,'',2,2900,4,'',2,7000,4,'',2,3000,4,'',2,10000,4,'',2,10100,4,'',2,9700,4,'',2,10000,4,'',2,10000,4,'',2,10000,4,'',2,10000,4,'',2,10000,4,'',2
'OCTO23SAM',14402,73000,0,'Ste-Dorothée',2,10000,0,'Ste-Dorothée',2,10000,0,'Ste-Dorothée',2,10000,0,'Ste-Dorothée',2,7000,0,'Ste-Dorothée',2,3000,0,'Ste-Dorothée',2,7000,0,'Ste-Dorothée',2,3000,0,'Ste-Dorothée',2,7000,0,'Ste-Dorothée',2,3000,0,'Ste-Dorothée',2,7000,0,'Ste-Dorothée',2,3000,0,'Ste-Dorothée',2,7000,0,'Ste-Dorothée',2,3000,0,'Ste-Dorothée',2,7000,0,'Ste-Dorothée',2,3000,0,'Ste-Dorothée',2,2900,0,'Ste-Dorothée',2,7100,0,'Ste-Dorothée',2,7000,0,'Ste-Dorothée',2,10000,0,'Ste-Dorothée',2,10000,0,'Ste-Dorothée',2,10000,0,'Ste-Dorothée',2,10000,0,'Ste-Dorothée',2,10000,0,'Ste-Dorothée',2,10000,0,'Ste-Dorothée',2,10100,0,'Ste-Dorothée',2,10000,0,'Ste-Dorothée',2
'OCTO23SEM',14401,60000,4,'',2,3300,4,'',2,1600,4,'',2,5300,4,'',2,1300,4,'',2,1000,4,'',2,1000,4,'',2,1000,4,'',2,5600,4,'',2,1500,4,'',2,1400,4,'',2,1500,4,'',2,5500,4,'',2,1300,4,'',2,1600,4,'',2,1400,4,'',2,7000,4,'',2,3000,4,'',2,7000,4,'',2,3000,4,'',2,6900,4,'',2,3100,4,'',2,7000,4,'',2,3000,4,'',2,7000,4,'',2,3000,4,'',2,7000,4,'',2,3300,4,'',2,10000,4,'',2,10000,4,'',2,9800,4,'',2,9900,4,'',2,9600,4,'',2,10100,4,'',2,10000,4,'',2,9800,4,'',2,10000,4,'',2
'OCTO23SEM',14402,52500,0,'Ste-Dorothée',2,9600,0,'Ste-Dorothée',2,10200,0,'Ste-Dorothée',2,10100,0,'Ste-Dorothée',2,10000,0,'Ste-Dorothée',2,3100,0,'Ste-Dorothée',2,6900,0,'Ste-Dorothée',2,3000,0,'Ste-Dorothée',2,7000,0,'Ste-Dorothée',2,3000,0,'Ste-Dorothée',2,7000,0,'Ste-Dorothée',2,3000,0,'Ste-Dorothée',2,7000,0,'Ste-Dorothée',2,3000,0,'Ste-Dorothée',2,7000,0,'Ste-Dorothée',2,2500,0,'Ste-Dorothée',2,7500,0,'Ste-Dorothée',2,1500,0,'Ste-Dorothée',2,1400,0,'Ste-Dorothée',2,5000,0,'Ste-Dorothée',2,1200,0,'Ste-Dorothée',2,1200,0,'Ste-Dorothée',2,1200,0,'Ste-Dorothée',2,1200,0,'Ste-Dorothée',2,5200,0,'Ste-Dorothée',2,1200,0,'Ste-Dorothée',2,1200,0,'Ste-Dorothée',2,1200,0,'Ste-Dorothée',2,1500,0,'Ste-Dorothée',2,5600,0,'Ste-Dorothée',2,2100,0,'Ste-Dorothée',2,2800,0,'Ste-Dorothée',2,9500,0,'Ste-Dorothée',2,9800,0,'Ste-Dorothée',2,10000,0,'Ste-Dorothée',2,10000,0,'Ste-Dorothée',2,10000,0,'Ste-Dorothée',2,10000,0,'Ste-Dorothée',2,9800,0,'Ste-Dorothée',2
'OCTO23SEM',90203,62900,0,'Term Le Carref',1,8400,0,'Term Le Carref',1,10200,0,'Term Le Carref',1,9000,0,'Term Le Carref',1,10000,0,'Term Le Carref',1,10000,0,'Term Le Carref',1,10000,0,'Term Le Carref',1,10000,0,'Term Le Carref',1,10000,0,'Term Le Carref',1,9900,0,'Term Le Carref',1,3100,0,'Term Le Carref',1,6500,0,'Term Le Carref',1,2000,0,'Term Le Carref',1,2100,0,'Term Le Carref',1,5900,0,'Term Le Carref',1,2000,0,'Term Le Carref',1,2200,0,'Term Le Carref',1,6300,0,'Term Le Carref',1,10000,0,'Term Le Carref',1,10000,0,'Term Le Carref',1,10000,0,'Term Le Carref',1,10000,0,'Term Le Carref',1
'OCTO23SEM',90204,61000,4,'',1,2900,4,'',1,7400,4,'',1,1800,4,'',1,2500,4,'',1,6800,4,'',1,3000,4,'',1,6800,4,'',1,3000,4,'',1,10000,4,'',1,10000,4,'',1,10000,4,'',1,10100,4,'',1,10000,4,'',1,10500,4,'',1,10100,4,'',1,9700,4,'',1,9600,4,'',1,9900,4,'',1,10100,4,'',1,10000,4,'',1,9700,4,'',1
