'MARS23DIM',5504,64000,4,'',2,10300,4,'',2,10000,4,'',2,10000,4,'',2,10100,4,'',2,10400,4,'',2,9600,4,'',2,10100,4,'',2,10000,4,'',2,9800,4,'',2,10300,4,'',2,9900,4,'',2,9800,4,'',2,9900,4,'',2,9900,4,'',2,10000,4,'',2,10000,4,'',2,9800,4,'',2
'MARS23SAM',5504,64000,4,'',2,10200,4,'',2,10200,4,'',2,10000,4,'',2,10100,4,'',2,10500,4,'',2,9500,4,'',2,9900,4,'',2,10100,4,'',2,10000,4,'',2,10100,4,'',2,10000,4,'',2,9800,4,'',2,9900,4,'',2,10000,4,'',2,10000,4,'',2,9800,4,'',2,9800,4,'',2
'MARS23SEM',5504,51100,4,'',2,3400,4,'',2,8500,4,'',2,7500,4,'',2,1900,4,'',2,1900,4,'',2,7000,4,'',2,3200,4,'',2,7800,4,'',2,9600,4,'',2,10000,4,'',2,10000,4,'',2,9900,4,'',2,10000,4,'',2,10400,4,'',2,10000,4,'',2,10700,4,'',2,8700,4,'',2,3400,4,'',2,8400,4,'',2,8100,4,'',2,9200,4,'',2,10000,4,'',2,9500,4,'',2,9800,4,'',2,10700,4,'',2
'MARS23DIM',14401,63300,4,'',2,7000,4,'',2,10000,4,'',2,10000,4,'',2,10200,4,'',2,3000,4,'',2,7000,4,'',2,3000,4,'',2,7000,4,'',2,3000,4,'',2,7000,4,'',2,3000,4,'',2,7000,4,'',2,3000,4,'',2,7000,4,'',2,3000,4,'',2,7000,4,'',2,3000,4,'',2,7000,4,'',2,3000,4,'',2,9900,4,'',2,9900,4,'',2,10000,4,'',2,10000,4,'',2,10000,4,'',2,10000,4,'',2
'MARS23SAM',14401,63300,4,'',2,7000,4,'',2,10000,4,'',2,10000,4,'',2,10100,4,'',2,3000,4,'',2,7000,4,'',2,3000,4,'',2,7000,4,'',2,2900,4,'',2,7100,4,'',2,3000,4,'',2,7000,4,'',2,3000,4,'',2,7600,4,'',2,2500,4,'',2,7100,4,'',2,2800,4,'',2,7000,4,'',2,3000,4,'',2,10400,4,'',2,9700,4,'',2,9800,4,'',2,10000,4,'',2,10000,4,'',2,10000,4,'',2,10000,4,'',2,10000,4,'',2
'MARS23SEM',14401,55200,4,'',2,7000,4,'',2,1200,4,'',2,1200,4,'',2,5400,4,'',2,1100,4,'',2,1200,4,'',2,1100,4,'',2,1700,4,'',2,5700,4,'',2,1000,4,'',2,1300,4,'',2,1500,4,'',2,5600,4,'',2,1600,4,'',2,1300,4,'',2,7000,4,'',2,3000,4,'',2,7000,4,'',2,3000,4,'',2,7000,4,'',2,3000,4,'',2,7000,4,'',2,2900,4,'',2,7000,4,'',2,3100,4,'',2,6900,4,'',2,3300,4,'',2,10200,4,'',2,9900,4,'',2,9900,4,'',2,9900,4,'',2,9800,4,'',2,10000,4,'',2,10000,4,'',2,9900,4,'',2,10000,4,'',2
'MARS23DIM',15104,63400,4,'',2,11300,4,'',2,10300,4,'',2,10000,4,'',2,10100,4,'',2,7000,4,'',2,3000,4,'',2,7600,4,'',2,3000,4,'',2,7000,4,'',2,3000,4,'',2,7000,4,'',2,3000,4,'',2,7000,4,'',2,3100,4,'',2,7000,4,'',2,3000,4,'',2,7000,4,'',2,3000,4,'',2,6800,4,'',2,2900,4,'',2,9400,4,'',2,10000,4,'',2,9900,4,'',2,10000,4,'',2,9800,4,'',2,9600,4,'',2
'MARS23SAM',15104,63800,4,'',2,11200,4,'',2,10300,4,'',2,9900,4,'',2,10300,4,'',2,7100,4,'',2,3100,4,'',2,7500,4,'',2,7000,4,'',2,3000,4,'',2,7000,4,'',2,3000,4,'',2,7000,4,'',2,3000,4,'',2,7000,4,'',2,3000,4,'',2,7000,4,'',2,3000,4,'',2,6800,4,'',2,2800,4,'',2,3000,4,'',2,9900,4,'',2,9300,4,'',2,9800,4,'',2,10000,4,'',2,9900,4,'',2,9400,4,'',2
'MARS23SEM',15104,0,4,'',2,50400,4,'',2,2500,4,'',2,2400,4,'',2,5200,4,'',2,1300,4,'',2,1500,4,'',2,1000,4,'',2,900,4,'',2,4800,4,'',2,800,4,'',2,600,4,'',2,700,4,'',2,500,4,'',2,700,4,'',2,600,4,'',2,600,4,'',2,600,4,'',2,600,4,'',2,5100,4,'',2,1100,4,'',2,1300,4,'',2,1000,4,'',2,1600,4,'',2,5600,4,'',2,1500,4,'',2,2000,4,'',2,6000,4,'',2,1600,4,'',2,8100,4,'',2,2000,4,'',2,2000,4,'',2,6000,4,'',2,2000,4,'',2,2000,4,'',2,6000,4,'',2,2000,4,'',2,2000,4,'',2,6000,4,'',2,4000,4,'',2,6100,4,'',2,2000,4,'',2,2300,4,'',2,5800,4,'',2,1500,4,'',2,10000,4,'',2,2000,4,'',2,6000,4,'',2,1300,4,'',2,2100,4,'',2,2000,4,'',2,6000,4,'',2,2000,4,'',2,2100,4,'',2,7000,4,'',2,2900,4,'',2,6900,4,'',2,2800,4,'',2,6900,4,'',2,2700,4,'',2,6800,4,'',2,3000,4,'',2,7000,4,'',2,3000,4,'',2,7700,4,'',2
'MARS23SEM',90204,60200,4,'',1,2700,4,'',1,2600,4,'',1,6000,4,'',1,4100,4,'',1,5700,4,'',1,2900,4,'',1,7200,4,'',1,2700,4,'',1,10000,4,'',1,10000,4,'',1,10100,4,'',1,9900,4,'',1,9800,4,'',1,17100,4,'',1,3700,4,'',1,9200,4,'',1,10200,4,'',1,9900,4,'',1,10000,4,'',1,10000,4,'',1,9900,4,'',1
