'JUIN23DIM',3904,84500,4,'',1,11000,4,'',1,8500,4,'',1,7000,4,'',1,3000,4,'',1,7100,4,'',1,3000,4,'',1,7000,4,'',1,3100,4,'',1,7000,4,'',1,3700,4,'',1,6300,4,'',1,3100,4,'',1,7000,4,'',1,2900,4,'',1,7000,4,'',1,2900,4,'',1,7000,4,'',1,2900,4,'',1,9500,4,'',1,10000,4,'',1,10000,4,'',1,9900,4,'',1,9800,4,'',1
'JUIN23SAM',3904,84700,4,'',1,11000,4,'',1,8600,4,'',1,7100,4,'',1,3000,4,'',1,6800,4,'',1,3800,4,'',1,6400,4,'',1,3400,4,'',1,6600,4,'',1,2700,4,'',1,7300,4,'',1,3400,4,'',1,6700,4,'',1,3000,4,'',1,7000,4,'',1,2900,4,'',1,7000,4,'',1,2800,4,'',1,9500,4,'',1,9900,4,'',1,9900,4,'',1,10000,4,'',1,9700,4,'',1
'JUIN23SEM',3904,63000,4,'',1,2100,4,'',1,7000,4,'',1,2600,4,'',1,6400,4,'',1,3100,4,'',1,6400,4,'',1,3200,4,'',1,7100,4,'',1,2900,4,'',1,7100,4,'',1,3000,4,'',1,7000,4,'',1,3100,4,'',1,7100,4,'',1,3100,4,'',1,7000,4,'',1,3000,4,'',1,7000,4,'',1,3400,4,'',1,8700,4,'',1,10700,4,'',1,10800,4,'',1,9800,4,'',1,9800,4,'',1,9900,4,'',1,10000,4,'',1,9900,4,'',1
'JUIN23DIM',4001,83100,4,'',1,10100,4,'',1,7200,4,'',1,3200,4,'',1,7000,4,'',1,3100,4,'',1,7000,4,'',1,3000,4,'',1,6700,4,'',1,3300,4,'',1,7000,4,'',1,3000,4,'',1,7000,4,'',1,3000,4,'',1,7000,4,'',1,3300,4,'',1,6000,4,'',1,3000,4,'',1,7400,4,'',1,3000,4,'',1,10000,4,'',1,9900,4,'',1,9900,4,'',1,10000,4,'',1,9900,4,'',1,9400,4,'',1
'JUIN23SAM',4001,73200,4,'',1,10000,4,'',1,10100,4,'',1,7100,4,'',1,3100,4,'',1,7200,4,'',1,3000,4,'',1,7000,4,'',1,3100,4,'',1,7000,4,'',1,3000,4,'',1,7000,4,'',1,3000,4,'',1,7000,4,'',1,2900,4,'',1,7000,4,'',1,3000,4,'',1,7000,4,'',1,3500,4,'',1,6300,4,'',1,3000,4,'',1,9900,4,'',1,10000,4,'',1,9800,4,'',1,9900,4,'',1,10000,4,'',1,10000,4,'',1
'JUIN23SEM',4001,50300,4,'',1,2900,4,'',1,6900,4,'',1,3000,4,'',1,7100,4,'',1,1700,4,'',1,1500,4,'',1,1300,4,'',1,6200,4,'',1,2100,4,'',1,1900,4,'',1,5900,4,'',1,2400,4,'',1,7000,4,'',1,3000,4,'',1,7000,4,'',1,3000,4,'',1,7000,4,'',1,3000,4,'',1,7200,4,'',1,3000,4,'',1,7000,4,'',1,3000,4,'',1,7100,4,'',1,3100,4,'',1,7100,4,'',1,3100,4,'',1,7000,4,'',1,3500,4,'',1,6600,4,'',1,2800,4,'',1,6800,4,'',1,2800,4,'',1,6700,4,'',1,10000,4,'',1,5900,4,'',1,9700,4,'',1,9900,4,'',1,10000,4,'',1
'JUIN23DIM',4504,63400,4,'',1,10000,4,'',1,10000,4,'',1,10200,4,'',1,9900,4,'',1,10000,4,'',1,10100,4,'',1,10300,4,'',1,9800,4,'',1,9600,4,'',1,10800,4,'',1,9800,4,'',1,9800,4,'',1,10200,4,'',1,10000,4,'',1,10000,4,'',1,9900,4,'',1,10000,4,'',1
'JUIN23SAM',4504,63700,4,'',1,10000,4,'',1,10000,4,'',1,10100,4,'',1,10000,4,'',1,10000,4,'',1,9700,4,'',1,11000,4,'',1,9400,4,'',1,9600,4,'',1,9600,4,'',1,10400,4,'',1,10200,4,'',1,10200,4,'',1,9900,4,'',1,10200,4,'',1,10000,4,'',1,9900,4,'',1
'JUIN23SEM',4504,54900,4,'',1,6000,4,'',1,4300,4,'',1,8200,4,'',1,2100,4,'',1,6100,4,'',1,1600,4,'',1,8900,4,'',1,3500,4,'',1,7000,4,'',1,3000,4,'',1,7200,4,'',1,3000,4,'',1,7200,4,'',1,2900,4,'',1,7100,4,'',1,7000,4,'',1,3000,4,'',1,7800,4,'',1,4300,4,'',1,6200,4,'',1,2800,4,'',1,8800,4,'',1,2300,4,'',1,7900,4,'',1,10400,4,'',1,10200,4,'',1,10300,4,'',1,9200,4,'',1,9400,4,'',1,9800,4,'',1,3500,4,'',1,17800,4,'',1
'JUIN23DIM',5001,52700,4,'',1,10000,4,'',1,10100,4,'',1,10100,4,'',1,10100,4,'',1,2900,4,'',1,7200,4,'',1,6900,4,'',1,3000,4,'',1,7100,4,'',1,3100,4,'',1,2600,4,'',1,7300,4,'',1,2800,4,'',1,7200,4,'',1,2800,4,'',1,7100,4,'',1,7000,4,'',1,3000,4,'',1,8800,4,'',1,1200,4,'',1,10100,4,'',1,9800,4,'',1,10000,4,'',1,9900,4,'',1,10000,4,'',1,10000,4,'',1
'JUIN23SAM',5001,52900,4,'',1,10000,4,'',1,9900,4,'',1,10000,4,'',1,10200,4,'',1,2800,4,'',1,7200,4,'',1,7000,4,'',1,3200,4,'',1,6900,4,'',1,3000,4,'',1,6900,4,'',1,3100,4,'',1,7000,4,'',1,2800,4,'',1,7100,4,'',1,3100,4,'',1,2800,4,'',1,7300,4,'',1,8200,4,'',1,1500,4,'',1,10000,4,'',1,9900,4,'',1,10000,4,'',1,10000,4,'',1,10000,4,'',1,10000,4,'',1
'JUIN23SEM',5001,51800,4,'',1,10500,4,'',1,3500,4,'',1,6700,4,'',1,7500,4,'',1,3100,4,'',1,7000,4,'',1,3100,4,'',1,6900,4,'',1,3000,4,'',1,7000,4,'',1,3000,4,'',1,7000,4,'',1,3000,4,'',1,7100,4,'',1,2800,4,'',1,2500,4,'',1,6900,4,'',1,7600,4,'',1,3000,4,'',1,7100,4,'',1,2900,4,'',1,7100,4,'',1,2900,4,'',1,8100,4,'',1,2900,4,'',1,7600,4,'',1,10500,4,'',1,9900,4,'',1,10300,4,'',1,10400,4,'',1,10500,4,'',1
'JUIN23DIM',5601,71100,4,'',2,10000,4,'',2,10300,4,'',2,3000,4,'',2,7000,4,'',2,2700,4,'',2,7000,4,'',2,3000,4,'',2,7100,4,'',2,3100,4,'',2,7000,4,'',2,3000,4,'',2,7000,4,'',2,3000,4,'',2,7000,4,'',2,3000,4,'',2,7000,4,'',2,2900,4,'',2,7500,4,'',2,2700,4,'',2,7000,4,'',2,2800,4,'',2,7000,4,'',2,10100,4,'',2,9800,4,'',2,10000,4,'',2,10000,4,'',2
'JUIN23SAM',5601,71100,4,'',2,10100,4,'',2,10000,4,'',2,3000,4,'',2,7000,4,'',2,3100,4,'',2,7000,4,'',2,2900,4,'',2,7000,4,'',2,3100,4,'',2,7000,4,'',2,2900,4,'',2,7100,4,'',2,3000,4,'',2,7000,4,'',2,3000,4,'',2,7000,4,'',2,3000,4,'',2,7500,4,'',2,2900,4,'',2,7000,4,'',2,2900,4,'',2,7000,4,'',2,9800,4,'',2,9800,4,'',2,10000,4,'',2,10000,4,'',2
'JUIN23SEM',5601,51200,4,'',2,10400,4,'',2,2000,4,'',2,1900,4,'',2,5900,4,'',2,2300,4,'',2,6300,4,'',2,2000,4,'',2,2200,4,'',2,7100,4,'',2,3000,4,'',2,7000,4,'',2,3000,4,'',2,7000,4,'',2,3000,4,'',2,7000,4,'',2,3000,4,'',2,7100,4,'',2,3000,4,'',2,7100,4,'',2,2900,4,'',2,7200,4,'',2,3100,4,'',2,7000,4,'',2,2900,4,'',2,7200,4,'',2,3800,4,'',2,6300,4,'',2,2900,4,'',2,10000,4,'',2,9500,4,'',2,9100,4,'',2,10000,4,'',2,9900,4,'',2
'JUIN23DIM',6104,65400,4,'',2,10100,4,'',2,10400,4,'',2,14100,4,'',2,10100,4,'',2,10000,4,'',2,10100,4,'',2,10000,4,'',2,10200,4,'',2,9900,4,'',2,5600,4,'',2,14700,4,'',2,9500,4,'',2,10000,4,'',2,10000,4,'',2,5700,4,'',2,10000,4,'',2,9700,4,'',2
'JUIN23SAM',6104,65800,4,'',2,14200,4,'',2,10200,4,'',2,10000,4,'',2,10000,4,'',2,10100,4,'',2,10600,4,'',2,9900,4,'',2,9600,4,'',2,10000,4,'',2,5500,4,'',2,14700,4,'',2,9600,4,'',2,10000,4,'',2,9900,4,'',2,5700,4,'',2,9900,4,'',2,10000,4,'',2,9800,4,'',2
'JUIN23SEM',6104,51400,4,'',2,3500,4,'',2,6900,4,'',2,2400,4,'',2,6000,4,'',2,2200,4,'',2,2000,4,'',2,6100,4,'',2,2900,4,'',2,9300,4,'',2,10000,4,'',2,10100,4,'',2,10200,4,'',2,10100,4,'',2,10000,4,'',2,10000,4,'',2,10500,4,'',2,7200,4,'',2,10400,4,'',2,9800,4,'',2,9600,4,'',2,9800,4,'',2,3300,4,'',2,9300,4,'',2,9400,4,'',2,9600,4,'',2
'JUIN23DIM',6504,72400,4,'',2,10200,4,'',2,10000,4,'',2,10200,4,'',2,9600,4,'',2,10500,4,'',2,10100,4,'',2,9900,4,'',2,9700,4,'',2,10400,4,'',2,9900,4,'',2,10100,4,'',2,9900,4,'',2,9900,4,'',2,9800,4,'',2,10000,4,'',2,9900,4,'',2
'JUIN23SAM',6504,72800,4,'',2,10000,4,'',2,10100,4,'',2,10000,4,'',2,10200,4,'',2,10000,4,'',2,10000,4,'',2,9800,4,'',2,10000,4,'',2,10100,4,'',2,10000,4,'',2,10000,4,'',2,9800,4,'',2,10000,4,'',2,9800,4,'',2,9900,4,'',2,10000,4,'',2,10000,4,'',2
'JUIN23SEM',6504,54300,4,'',2,8100,4,'',2,3000,4,'',2,5700,4,'',2,1500,4,'',2,1600,4,'',2,1100,4,'',2,5100,4,'',2,1200,4,'',2,2000,4,'',2,6900,4,'',2,3300,4,'',2,6600,4,'',2,3200,4,'',2,6800,4,'',2,3000,4,'',2,7000,4,'',2,3100,4,'',2,7500,4,'',2,2500,4,'',2,7100,4,'',2,3200,4,'',2,7000,4,'',2,3000,4,'',2,7100,4,'',2,4500,4,'',2,7300,4,'',2,1900,4,'',2,6900,4,'',2,2900,4,'',2,7800,4,'',2,8000,4,'',2,10000,4,'',2,9800,4,'',2,5900,4,'',2,10000,4,'',2,10000,4,'',2
'JUIN23DIM',7002,61600,4,'',1,3800,4,'',1,9200,4,'',1,10000,4,'',1,10300,4,'',1,9900,4,'',1,7100,4,'',1,3000,4,'',1,7000,4,'',1,3000,4,'',1,7200,4,'',1,3000,4,'',1,7100,4,'',1,2900,4,'',1,7000,4,'',1,3000,4,'',1,7300,4,'',1,2800,4,'',1,6900,4,'',1,3100,4,'',1,6700,4,'',1,3100,4,'',1,9900,4,'',1,9700,4,'',1,10000,4,'',1,9800,4,'',1,9900,4,'',1,10000,4,'',1
'JUIN23SAM',7002,61700,4,'',1,3800,4,'',1,9300,4,'',1,10000,4,'',1,10100,4,'',1,10000,4,'',1,7300,4,'',1,3000,4,'',1,7000,4,'',1,3000,4,'',1,7000,4,'',1,3100,4,'',1,7000,4,'',1,3000,4,'',1,7000,4,'',1,3000,4,'',1,7000,4,'',1,3200,4,'',1,7000,4,'',1,2600,4,'',1,6900,4,'',1,3500,4,'',1,9400,4,'',1,9800,4,'',1,10000,4,'',1,10000,4,'',1,10000,4,'',1,10000,4,'',1
'JUIN23SEM',7002,62300,4,'',1,9300,4,'',1,3500,4,'',1,7600,4,'',1,2500,4,'',1,6900,4,'',1,3100,4,'',1,6900,4,'',1,3000,4,'',1,7000,4,'',1,3000,4,'',1,7000,4,'',1,3000,4,'',1,7000,4,'',1,3000,4,'',1,7100,4,'',1,3100,4,'',1,7400,4,'',1,2900,4,'',1,7000,4,'',1,3000,4,'',1,6800,4,'',1,3200,4,'',1,7100,4,'',1,3100,4,'',1,6200,4,'',1,9300,4,'',1,9500,4,'',1,9800,4,'',1,9700,4,'',1,10000,4,'',1,9800,4,'',1,10600,4,'',1
'JUIN23DIM',7601,50900,4,'',2,9900,4,'',2,2600,4,'',2,10000,4,'',2,10100,4,'',2,10200,4,'',2,7000,4,'',2,3000,4,'',2,7000,4,'',2,3000,4,'',2,7000,4,'',2,3100,4,'',2,7000,4,'',2,3000,4,'',2,7100,4,'',2,2900,4,'',2,7000,4,'',2,3000,4,'',2,7200,4,'',2,2800,4,'',2,6900,4,'',2,2500,4,'',2,7600,4,'',2,3400,4,'',2,9300,4,'',2,10000,4,'',2,9800,4,'',2,10000,4,'',2,10000,4,'',2,9900,4,'',2,10000,4,'',2
'JUIN23SAM',7601,51000,4,'',2,9800,4,'',2,2700,4,'',2,10000,4,'',2,10100,4,'',2,10200,4,'',2,7000,4,'',2,3000,4,'',2,7000,4,'',2,3000,4,'',2,7100,4,'',2,3000,4,'',2,7100,4,'',2,2900,4,'',2,7100,4,'',2,3000,4,'',2,7000,4,'',2,3000,4,'',2,7000,4,'',2,3000,4,'',2,7500,4,'',2,2400,4,'',2,7100,4,'',2,3400,4,'',2,9300,4,'',2,10000,4,'',2,9800,4,'',2,10000,4,'',2,10000,4,'',2,10000,4,'',2,10000,4,'',2
'JUIN23SEM',7601,53200,4,'',2,8700,4,'',2,2800,4,'',2,5900,4,'',2,2100,4,'',2,1700,4,'',2,1500,4,'',2,6100,4,'',2,1900,4,'',2,6400,4,'',2,2300,4,'',2,2600,4,'',2,6300,4,'',2,3000,4,'',2,7000,4,'',2,3000,4,'',2,7000,4,'',2,3000,4,'',2,7000,4,'',2,3000,4,'',2,7100,4,'',2,3100,4,'',2,7200,4,'',2,3200,4,'',2,7000,4,'',2,3500,4,'',2,6900,4,'',2,3200,4,'',2,7200,4,'',2,2500,4,'',2,6300,4,'',2,2900,4,'',2,7300,4,'',2,9400,4,'',2,9900,4,'',2,10000,4,'',2,10100,4,'',2
'JUIN23DIM',36003,103100,4,'',1,2100,4,'',1,6000,4,'',1,2000,4,'',1,2000,4,'',1,6000,4,'',1,2100,4,'',1,2000,4,'',1,6100,4,'',1,2000,4,'',1,2000,4,'',1,6000,4,'',1,2000,4,'',1,2000,4,'',1,6000,4,'',1,2000,4,'',1,2000,4,'',1,6000,4,'',1,1900,4,'',1,2000,4,'',1,6000,4,'',1,1900,4,'',1,1900,4,'',1,6000,4,'',1,1900,4,'',1
'JUIN23SAM',36003,103500,4,'',1,2000,4,'',1,6000,4,'',1,2000,4,'',1,2000,4,'',1,6000,4,'',1,2000,4,'',1,2000,4,'',1,6000,4,'',1,2000,4,'',1,2000,4,'',1,6000,4,'',1,2000,4,'',1,2000,4,'',1,6000,4,'',1,2000,4,'',1,2000,4,'',1,6100,4,'',1,2000,4,'',1,2100,4,'',1,6000,4,'',1,2000,4,'',1,1800,4,'',1,5900,4,'',1,1900,4,'',1,2000,4,'',1,6000,4,'',1,1900,4,'',1,1900,4,'',1,6000,4,'',1,2000,4,'',1,2000,4,'',1,6000,4,'',1,2000,4,'',1,2000,4,'',1,6000,4,'',1
'JUIN23SEM',36003,103400,4,'',1,2000,4,'',1,6000,4,'',1,2100,4,'',1,2000,4,'',1,6000,4,'',1,2000,4,'',1,2000,4,'',1,6000,4,'',1,2000,4,'',1,2000,4,'',1,6000,4,'',1,2000,4,'',1,2000,4,'',1,6000,4,'',1,2000,4,'',1,1900,4,'',1,6100,4,'',1,2000,4,'',1,2000,4,'',1,5900,4,'',1,2100,4,'',1,2100,4,'',1,5700,4,'',1,1900,4,'',1,2100,4,'',1,6000,4,'',1,1900,4,'',1,2000,4,'',1,6000,4,'',1,2000,4,'',1,2000,4,'',1,6000,4,'',1,1900,4,'',1,2000,4,'',1,6000,4,'',1
'JUIN23DIM',90304,85800,4,'',2,10000,4,'',2,10100,4,'',2,10000,4,'',2,9900,4,'',2,10100,4,'',2,10000,4,'',2,14100,4,'',2,5900,4,'',2,10000,4,'',2,10000,4,'',2,9900,4,'',2,9900,4,'',2,10000,4,'',2,9900,4,'',2
'JUIN23SAM',90304,65800,4,'',2,9900,4,'',2,10200,4,'',2,14100,4,'',2,10000,4,'',2,5900,4,'',2,14100,4,'',2,5900,4,'',2,14100,4,'',2,5900,4,'',2,9600,4,'',2,10400,4,'',2,14500,4,'',2,5500,4,'',2,9900,4,'',2,9900,4,'',2,9800,4,'',2
'JUIN23SEM',90304,54100,4,'',2,6500,4,'',2,2500,4,'',2,7000,4,'',2,1500,4,'',2,1700,4,'',2,1800,4,'',2,5400,4,'',2,3100,4,'',2,1900,4,'',2,10000,4,'',2,9700,4,'',2,10000,4,'',2,10000,4,'',2,10100,4,'',2,10000,4,'',2,10100,4,'',2,9500,4,'',2,10500,4,'',2,9100,4,'',2,10200,4,'',2,10000,4,'',2,10000,4,'',2,9600,4,'',2,9900,4,'',2
