3903,'DIM',917,,8065,2,,,1,30,,8070,2,,,1,70,,8071,2,,,1,30,,8068,2,,,1,74,,8069,2,,,1,25,,8072,2,,,1,69,,8062,2,,,1,31,,8066,2,,,1,70,,8063,2,,,1,30,,8049,2,,,1,70,,8052,2,,,1,31,,8055,2,,,1,70,,8067,2,,,1,31,,8056,2,,,1,71,,8057,2,,,1,25,,8058,2,,,1,58,,8064,2,,,1,10,,8059,2,,,1,25,,8053,2,,,1,65,,8060,2,,,1,100,,8050,2,,,1,100,,8061,2,,,1,100,,8051,2,,,1,104,,8054,2,,,1
3903,'SAM',917,,8092,2,,,1,30,,8096,2,,,1,70,,8073,2,,,1,30,,8087,2,,,1,74,,8090,2,,,1,25,,8089,2,,,1,70,,8074,2,,,1,30,,8088,2,,,1,70,,8091,2,,,1,30,,8075,2,,,1,70,,8094,2,,,1,31,,8078,2,,,1,70,,8079,2,,,1,31,,8081,2,,,1,71,,8095,2,,,1,25,,8082,2,,,1,58,,8093,2,,,1,11,,8080,2,,,1,24,,8077,2,,,1,69,,8076,2,,,1,98,,8084,2,,,1,98,,8083,2,,,1,100,,8086,2,,,1,104,,8085,2,,,1
3903,'SEM',707,,8120,2,,,1,99,,8102,2,,,1,104,,8100,2,,,1,33,,8104,2,,,1,69,,8121,2,,,1,31,,8122,2,,,1,68,,8115,2,,,1,31,,8119,2,,,1,67,,8123,2,,,1,38,,8099,2,,,1,73,,8106,2,,,1,27,,8108,2,,,1,71,,8109,2,,,1,34,,8098,2,,,1,77,,8116,2,,,1,22,,8110,2,,,1,68,,8101,2,,,1,25,,8103,2,,,1,75,,8111,2,,,1,40,,8112,2,,,1,81,,8105,2,,,1,99,,8107,2,,,1,97,,8113,2,,,1,103,,8117,2,,,1,100,,8114,2,,,1,88,,8118,2,,,1
5001,'DIM',520,,9169,2,,,1,100,,9177,2,,,1,100,,9165,2,,,1,96,,9182,2,,,1,100,,9174,2,,,1,32,,9184,2,,,1,77,,9176,2,,,1,23,,9189,2,,,1,78,,9187,2,,,1,22,,9188,2,,,1,74,,9190,2,,,1,29,,9175,2,,,1,72,,9178,2,,,1,36,,9191,2,,,1,69,,9180,2,,,1,73,,9179,2,,,1,30,,9185,2,,,1,23,,9183,2,,,1,74,,9181,2,,,1,81,,9186,2,,,1,19,,9167,2,,,1,100,,9170,2,,,1,100,,9173,2,,,1,100,,9166,2,,,1,99,,9171,2,,,1,99,,9168,2,,,1,100,,9172,2,,,1
5001,'SAM',520,,9199,2,,,1,100,,9202,2,,,1,100,,9193,2,,,1,96,,9214,2,,,1,100,,9212,2,,,1,38,,9217,2,,,1,70,,9210,2,,,1,24,,9194,2,,,1,78,,9218,2,,,1,22,,9216,2,,,1,74,,9195,2,,,1,29,,9206,2,,,1,72,,9208,2,,,1,36,,9211,2,,,1,69,,9207,2,,,1,73,,9209,2,,,1,30,,9197,2,,,1,23,,9198,2,,,1,74,,9192,2,,,1,79,,9213,2,,,1,22,,9215,2,,,1,99,,9203,2,,,1,100,,9205,2,,,1,100,,9204,2,,,1,99,,9200,2,,,1,99,,9196,2,,,1,100,,9201,2,,,1
5001,'SEM',509,,9241,2,,,1,104,,9246,2,,,1,35,,9242,2,,,1,63,,9220,2,,,1,36,,9219,2,,,1,64,,9222,2,,,1,31,,9249,2,,,1,66,,9250,2,,,1,33,,9245,2,,,1,67,,9221,2,,,1,33,,9225,2,,,1,68,,9244,2,,,1,32,,9231,2,,,1,70,,9247,2,,,1,30,,9226,2,,,1,72,,9243,2,,,1,28,,9248,2,,,1,70,,9224,2,,,1,42,,9223,2,,,1,65,,9235,2,,,1,36,,9227,2,,,1,69,,9228,2,,,1,30,,9234,2,,,1,70,,9229,2,,,1,35,,9233,2,,,1,70,,9236,2,,,1,75,,9237,2,,,1,105,,9232,2,,,1,105,,9230,2,,,1,105,,9239,2,,,1,105,,9238,2,,,1,107,,9240,2,,,1
5601,'DIM',703,,9496,45,,,2,100,,9498,45,,,2,100,,9495,45,,,2,30,,9501,45,,,2,71,,9494,45,,,2,29,,9493,45,,,2,71,,9500,45,,,2,30,,9499,45,,,2,70,,9490,45,,,2,32,,9503,45,,,2,70,,9497,45,,,2,31,,9491,45,,,2,71,,9504,45,,,2,30,,9492,45,,,2,70,,9481,45,,,2,30,,9482,45,,,2,70,,9484,45,,,2,30,,9488,45,,,2,74,,9502,45,,,2,33,,9485,45,,,2,68,,9486,45,,,2,91,,9505,45,,,2,100,,9487,45,,,2,100,,9483,45,,,2,100,,9489,45,,,2
5601,'SAM',703,,9524,45,,,2,100,,9520,45,,,2,100,,9519,45,,,2,32,,9522,45,,,2,68,,9527,45,,,2,26,,9523,45,,,2,76,,9529,45,,,2,29,,9521,45,,,2,70,,9525,45,,,2,32,,9530,45,,,2,70,,9506,45,,,2,31,,9528,45,,,2,71,,9512,45,,,2,30,,9509,45,,,2,70,,9526,45,,,2,30,,9510,45,,,2,71,,9513,45,,,2,29,,9514,45,,,2,74,,9507,45,,,2,32,,9516,45,,,2,69,,9518,45,,,2,91,,9515,45,,,2,100,,9517,45,,,2,100,,9511,45,,,2,100,,9508,45,,,2
5601,'SEM',500,,9560,45,,,2,100,,9551,45,,,2,32,,9557,45,,,2,68,,9536,45,,,2,28,,9533,45,,,2,79,,9548,45,,,2,30,,9532,45,,,2,72,,9537,45,,,2,30,,9554,45,,,2,75,,9555,45,,,2,20,,9558,45,,,2,75,,9552,45,,,2,30,,9561,45,,,2,70,,9549,45,,,2,32,,9538,45,,,2,70,,9547,45,,,2,31,,9550,45,,,2,71,,9559,45,,,2,29,,9553,45,,,2,71,,9531,45,,,2,30,,9534,45,,,2,71,,9535,45,,,2,35,,9556,45,,,2,74,,9542,45,,,2,24,,9541,45,,,2,69,,9539,45,,,2,28,,9545,45,,,2,98,,9543,45,,,2,104,,9546,45,,,2,85,,9540,45,,,2,91,,9544,45,,,2
6001,'DIM',800,,9768,29,,,1,102,,9776,29,,,1,101,,9774,29,,,1,103,,9775,29,,,1,101,,9777,29,,,1,102,,9780,29,,,1,102,,9778,29,,,1,100,,9781,29,,,1,100,,9779,29,,,1,102,,9782,29,,,1,93,,9783,29,,,1,99,,9770,29,,,1,98,,9772,29,,,1,98,,9771,29,,,1,99,,9773,29,,,1,59,,9767,29,,,1,100,,9769,29,,,1
6001,'SAM',658,,9790,29,,,1,142,,9795,29,,,1,102,,9786,29,,,1,101,,9798,29,,,1,102,,9800,29,,,1,102,,9796,29,,,1,102,,9799,29,,,1,102,,9797,29,,,1,100,,9785,29,,,1,100,,9801,29,,,1,102,,9784,29,,,1,93,,9788,29,,,1,100,,9793,29,,,1,97,,9789,29,,,1,98,,9791,29,,,1,99,,9794,29,,,1,59,,9787,29,,,1,100,,9792,29,,,1
6001,'SEM',542,,9816,29,,,1,101,,9802,29,,,1,85,,9820,29,,,1,77,,9814,29,,,1,36,,9818,29,,,1,101,,9804,29,,,1,100,,9821,29,,,1,101,,9819,29,,,1,103,,9805,29,,,1,100,,9803,29,,,1,100,,9815,29,,,1,102,,9817,29,,,1,100,,9806,29,,,1,103,,9810,29,,,1,98,,9808,29,,,1,90,,9813,29,,,1,98,,9811,29,,,1,99,,9807,29,,,1,99,,9809,29,,,1,94,,9812,29,,,1
6304,'DIM',746,,10080,43,,,1,101,,10076,43,,,1,101,,10078,43,,,1,101,,10072,43,,,1,99,,10077,43,,,1,104,,10082,43,,,1,96,,10079,43,,,1,102,,10083,43,,,1,103,,10081,43,,,1,100,,10084,43,,,1,99,,10085,43,,,1,100,,10073,43,,,1,99,,10069,43,,,1,99,,10070,43,,,1,99,,10074,43,,,1,98,,10071,43,,,1,99,,10075,43,,,1
6304,'SAM',646,,10099,43,,,1,100,,10097,43,,,1,101,,10102,43,,,1,101,,10098,43,,,1,101,,10096,43,,,1,99,,10101,43,,,1,104,,10100,43,,,1,96,,10104,43,,,1,102,,10103,43,,,1,103,,10086,43,,,1,102,,10087,43,,,1,97,,10088,43,,,1,100,,10090,43,,,1,99,,10089,43,,,1,99,,10094,43,,,1,99,,10091,43,,,1,98,,10092,43,,,1,99,,10095,43,,,1,98,,10093,43,,,1
6304,'SEM',501,,10132,43,,,1,111,,10128,43,,,1,30,,10137,43,,,1,71,,10120,43,,,1,15,,10131,43,,,1,27,,10134,43,,,1,66,,10136,43,,,1,19,,10135,43,,,1,70,,10109,43,,,1,29,,10110,43,,,1,71,,10111,43,,,1,30,,10105,43,,,1,65,,10108,43,,,1,30,,10133,43,,,1,72,,10123,43,,,1,30,,10116,43,,,1,66,,10129,43,,,1,38,,10106,43,,,1,67,,10107,43,,,1,32,,10117,43,,,1,71,,10130,43,,,1,39,,10138,43,,,1,70,,10113,43,,,1,24,,10112,43,,,1,74,,10118,43,,,1,16,,10115,43,,,1,69,,10124,43,,,1,29,,10119,43,,,1,77,,10122,43,,,1,97,,10114,43,,,1,40,,10125,43,,,1,91,,10127,43,,,1,94,,10121,43,,,1,99,,10126,43,,,1
