202,'SAM',2625,,6708,19,,,1,81,,6709,19,,,1
202,'SEM',525,,6714,19,,,1,30,,6715,19,,,1,55,,6710,19,,,1,1999,,6711,19,,,1,41,,6712,19,,,1,81,,6713,19,,,1
3303,'DIM',706,,7843,51,,,1,132,,7847,51,,,1,171,,7845,51,,,1,132,,7842,51,,,1,168,,7844,51,,,1,130,,7839,51,,,1,170,,7846,51,,,1,133,,7848,51,,,1,167,,7849,51,,,1,130,,7841,51,,,1,169,,7840,51,,,1
3303,'SAM',706,,7853,51,,,1,132,,7854,51,,,1,171,,7856,51,,,1,132,,7857,51,,,1,168,,7858,51,,,1,130,,7855,51,,,1,170,,7860,51,,,1,136,,7859,51,,,1,164,,7851,51,,,1,130,,7852,51,,,1,169,,7850,51,,,1
3303,'SEM',555,,7882,28,,,1,80,,7872,51,,,1,73,,7883,28,,,1,25,,7873,51,,,1,74,,7862,51,,,1,26,,7880,51,,,1,100,,7879,51,,,1,100,,7874,51,,,1,100,,7877,51,,,1,94,,7865,51,,,1,106,,7876,51,,,1,101,,7861,51,,,1,87,,7878,51,,,1,33,,7881,51,,,1,66,,7875,51,,,1,99,,7863,51,,,1,28,,7864,51,,,1,74,,7870,51,,,1,80,,7866,51,,,1,31,,7868,51,,,1,103,,7867,51,,,1,103,,7871,51,,,1,104,,7869,51,,,1
4202,'DIM',517,,8490,90,,,2,42,,8531,90,,,2,66,,8501,90,,,2,30,,8489,90,,,2,71,,8513,90,,,2,30,,8511,90,,,2,73,,8532,90,,,2,72,,8516,90,,,2,31,,8512,90,,,2,72,,8520,90,,,2,31,,8524,90,,,2,23,,8530,90,,,2,62,,8526,90,,,2,22,,8517,90,,,2,62,,8522,90,,,2,19,,8518,90,,,2,20,,8521,90,,,2,58,,8506,90,,,2,23,,8509,90,,,2,20,,8508,90,,,2,62,,8510,90,,,2,19,,8515,90,,,2,20,,8514,90,,,2,58,,8534,90,,,2,22,,8527,90,,,2,21,,8523,90,,,2,61,,8519,90,,,2,21,,8529,90,,,2,19,,8494,90,,,2,60,,8495,90,,,2,21,,8496,90,,,2,23,,8528,90,,,2,75,,8525,90,,,2,74,,8533,90,,,2,29,,8505,90,,,2,30,,8492,90,,,2,72,,8491,90,,,2,70,,8500,90,,,2,28,,8488,90,,,2,27,,8497,90,,,2,68,,8507,90,,,2,28,,8493,90,,,2,70,,8499,90,,,2,30,,8503,90,,,2,67,,8504,90,,,2,29,,8498,90,,,2,76,,8502,90,,,2
4202,'SAM',517,,8537,90,,,2,42,,8539,90,,,2,66,,8557,90,,,2,30,,8535,90,,,2,71,,8565,90,,,2,30,,8563,90,,,2,73,,8540,90,,,2,72,,8571,90,,,2,31,,8567,90,,,2,72,,8566,90,,,2,31,,8570,90,,,2,23,,8582,90,,,2,62,,8576,90,,,2,22,,8580,90,,,2,61,,8575,90,,,2,20,,8578,90,,,2,20,,8560,90,,,2,58,,8573,90,,,2,22,,8564,90,,,2,21,,8556,90,,,2,61,,8562,90,,,2,20,,8536,90,,,2,20,,8569,90,,,2,58,,8568,90,,,2,22,,8561,90,,,2,21,,8572,90,,,2,61,,8538,90,,,2,20,,8574,90,,,2,19,,8577,90,,,2,61,,8543,90,,,2,21,,8579,90,,,2,23,,8581,90,,,2,74,,8549,90,,,2,34,,8551,90,,,2,70,,8553,90,,,2,30,,8555,90,,,2,75,,8541,90,,,2,67,,8544,90,,,2,28,,8558,90,,,2,27,,8546,90,,,2,68,,8548,90,,,2,31,,8542,90,,,2,66,,8545,90,,,2,30,,8547,90,,,2,68,,8550,90,,,2,29,,8552,90,,,2,76,,8554,90,,,2,30,,8559,90,,,2
4202,'SEM',518,,8625,90,,,2,97,,8627,90,,,2,33,,8631,90,,,2,57,,8634,90,,,2,16,,8583,90,,,2,10,,8585,90,,,2,11,,8588,90,,,2,9,,8591,90,,,2,50,,8633,90,,,2,12,,8630,90,,,2,21,,8586,90,,,2,18,,8601,90,,,2,61,,8587,90,,,2,22,,8635,90,,,2,22,,8632,90,,,2,59,,8589,90,,,2,21,,8626,90,,,2,20,,8584,90,,,2,59,,8629,90,,,2,21,,8593,90,,,2,20,,8618,90,,,2,61,,8628,90,,,2,24,,8595,90,,,2,17,,8615,90,,,2,64,,8597,90,,,2,20,,8599,90,,,2,61,,8600,90,,,2,23,,8592,90,,,2,17,,8602,90,,,2,61,,8603,90,,,2,20,,8604,90,,,2,21,,8590,90,,,2,61,,8606,90,,,2,20,,8636,90,,,2,20,,8609,90,,,2,60,,8610,90,,,2,20,,8611,90,,,2,21,,8613,90,,,2,57,,8594,90,,,2,22,,8616,90,,,2,20,,8596,90,,,2,62,,8605,90,,,2,24,,8598,90,,,2,19,,8622,90,,,2,70,,8624,90,,,2,85,,8621,90,,,2,36,,8623,90,,,2,67,,8607,90,,,2,29,,8608,90,,,2,68,,8612,90,,,2,26,,8614,90,,,2,76,,8620,90,,,2,27,,8617,90,,,2,71,,8619,90,,,2
6303,'DIM',744,,10005,22,,,1,100,,10007,22,,,1,101,,9998,22,,,1,96,,10006,22,,,1,103,,10010,22,,,1,96,,10008,22,,,1,103,,10011,22,,,1,103,,10009,22,,,1,101,,10012,22,,,1,100,,10013,22,,,1,100,,9999,22,,,1,98,,9995,22,,,1,99,,9996,22,,,1,100,,10001,22,,,1,100,,9997,22,,,1,100,,10002,22,,,1,99,,10000,22,,,1,100,,10003,22,,,1,99,,10004,22,,,1
6303,'SAM',643,,10027,22,,,1,101,,10031,22,,,1,100,,10028,22,,,1,101,,10026,22,,,1,96,,10030,22,,,1,103,,10029,22,,,1,96,,10033,22,,,1,103,,10032,22,,,1,103,,10014,22,,,1,103,,10015,22,,,1,98,,10016,22,,,1,100,,10018,22,,,1,98,,10017,22,,,1,99,,10022,22,,,1,100,,10019,22,,,1,100,,10020,22,,,1,100,,10023,22,,,1,99,,10021,22,,,1,100,,10024,22,,,1,99,,10025,22,,,1
6303,'SEM',603,,10049,22,,,1,20,,10059,22,,,1,15,,10060,22,,,1,76,,10066,22,,,1,14,,10064,22,,,1,74,,10038,22,,,1,23,,10040,22,,,1,34,,10041,22,,,1,73,,10034,22,,,1,25,,10037,22,,,1,73,,10063,22,,,1,27,,10051,22,,,1,70,,10067,22,,,1,26,,10061,22,,,1,78,,10035,22,,,1,27,,10036,22,,,1,70,,10065,22,,,1,30,,10062,22,,,1,72,,10068,22,,,1,72,,10043,22,,,1,26,,10042,22,,,1,74,,10047,22,,,1,19,,10045,22,,,1,25,,10039,22,,,1,73,,10048,22,,,1,81,,10046,22,,,1,58,,10044,22,,,1,81,,10052,22,,,1,94,,10055,22,,,1,95,,10050,22,,,1,88,,10053,22,,,1,106,,10054,22,,,1,99,,10058,22,,,1,104,,10056,22,,,1,94,,10057,22,,,1
34503,'SEM',439,,11610,19,,,1,101,,11611,19,,,1
