2202,'DIM',728,,7078,37,,,2,100,,7077,37,,,2,100,,7076,37,,,2,100,,6315,37,,,2,101,,7079,37,,,2,100,,7081,37,,,2,96,,7080,37,,,2,106,,7075,37,,,2,98,,7069,37,,,2,114,,7082,37,,,2,88,,7071,37,,,2,100,,7072,37,,,2,98,,7074,37,,,2,101,,7073,37,,,2,100,,7068,37,,,2,100,,7070,37,,,2
2202,'SAM',630,,7099,21,,,2,98,,7093,37,,,2,100,,7090,37,,,2,100,,7089,37,,,2,98,,7095,37,,,2,103,,7094,37,,,2,100,,7092,37,,,2,96,,7098,37,,,2,104,,7091,37,,,2,100,,7097,37,,,2,112,,7096,37,,,2,90,,7084,37,,,2,100,,7086,37,,,2,98,,7083,37,,,2,101,,7085,37,,,2,100,,7088,37,,,2,100,,7087,37,,,2
2202,'SEM',605,,6230,37,,,2,18,,7111,37,,,2,105,,7118,37,,,2,31,,7108,37,,,2,70,,7100,37,,,2,98,,7102,37,,,2,31,,7101,37,,,2,69,,7119,37,,,2,101,,7106,37,,,2,100,,7117,37,,,2,100,,7120,37,,,2,102,,7105,37,,,2,100,,7107,37,,,2,102,,7103,37,,,2,24,,7104,37,,,2,75,,7110,37,,,2,99,,7109,37,,,2,100,,7116,37,,,2,101,,7115,37,,,2,98,,7113,37,,,2,107,,7112,37,,,2,96,,7114,37,,,2
5002,'DIM',607,,9269,14,,,1,100,,2653,14,,,1,100,,9252,14,,,1,96,,9267,14,,,1,107,,9260,14,,,1,25,,9270,14,,,1,77,,9262,14,,,1,24,,9274,14,,,1,79,,9272,14,,,1,22,,9273,14,,,1,75,,9275,14,,,1,29,,9261,14,,,1,72,,9263,14,,,1,36,,9276,14,,,1,69,,9265,14,,,1,34,,9264,14,,,1,70,,9271,14,,,1,26,,9268,14,,,1,71,,9266,14,,,1,100,,9254,14,,,1,99,,9256,14,,,1,99,,9259,14,,,1,99,,9253,14,,,1,98,,9257,14,,,1,98,,9255,14,,,1,100,,9258,14,,,1
5002,'SAM',607,,9284,14,,,1,100,,9287,14,,,1,100,,9278,14,,,1,99,,9299,14,,,1,104,,9298,14,,,1,25,,9297,14,,,1,76,,9295,14,,,1,25,,9279,14,,,1,79,,9302,14,,,1,22,,9301,14,,,1,75,,9280,14,,,1,29,,9291,14,,,1,72,,9293,14,,,1,36,,9296,14,,,1,69,,9292,14,,,1,34,,9294,14,,,1,70,,9282,14,,,1,26,,9283,14,,,1,71,,9277,14,,,1,100,,9300,14,,,1,99,,9288,14,,,1,99,,9290,14,,,1,99,,9289,14,,,1,98,,9285,14,,,1,98,,9281,14,,,1,100,,9286,14,,,1
5002,'SEM',455,,9309,14,,,1,75,,9332,14,,,1,70,,9328,14,,,1,30,,9303,14,,,1,75,,9336,14,,,1,31,,9329,14,,,1,64,,9304,14,,,1,35,,9322,14,,,1,66,,9307,14,,,1,31,,9334,14,,,1,26,,9335,14,,,1,73,,9331,14,,,1,27,,9306,14,,,1,73,,9310,14,,,1,28,,9330,14,,,1,72,,9318,14,,,1,72,,9333,14,,,1,30,,9311,14,,,1,70,,9314,14,,,1,41,,9305,14,,,1,67,,9315,14,,,1,37,,9308,14,,,1,73,,9323,14,,,1,30,,9312,14,,,1,70,,9313,14,,,1,30,,9321,14,,,1,70,,9316,14,,,1,30,,9320,14,,,1,105,,9324,14,,,1,145,,9319,14,,,1,101,,9317,14,,,1,110,,9326,14,,,1,105,,9325,14,,,1,98,,9327,14,,,1
5802,'DIM',606,,9712,14,,,2,100,,9719,14,,,2,51,,9716,14,,,2,100,,9720,14,,,2,100,,9723,14,,,2,99,,9715,14,,,2,101,,9725,14,,,2,100,,9722,14,,,2,101,,9718,14,,,2,99,,9721,14,,,2,101,,9717,14,,,2,99,,9711,14,,,2,101,,9724,14,,,2,101,,9708,14,,,2,100,,9714,14,,,2,99,,9710,14,,,2,99,,9709,14,,,2,99,,9713,14,,,2
5802,'SAM',606,,9743,14,,,2,100,,9735,14,,,2,51,,9734,14,,,2,100,,9739,14,,,2,100,,9737,14,,,2,99,,9740,14,,,2,101,,9742,14,,,2,100,,9726,14,,,2,98,,9733,14,,,2,101,,9738,14,,,2,101,,9736,14,,,2,101,,9741,14,,,2,100,,9728,14,,,2,101,,9731,14,,,2,100,,9727,14,,,2,99,,9732,14,,,2,99,,9729,14,,,2,99,,9730,14,,,2
5802,'SEM',525,,9762,14,,,2,34,,9755,14,,,2,62,,9754,14,,,2,79,,9763,14,,,2,35,,9765,14,,,2,69,,9747,14,,,2,33,,9746,14,,,2,83,,9750,14,,,2,99,,9766,14,,,2,100,,9744,14,,,2,100,,9751,14,,,2,100,,9764,14,,,2,101,,9745,14,,,2,25,,9748,14,,,2,69,,9752,14,,,2,103,,9758,14,,,2,33,,9749,14,,,2,93,,9753,14,,,2,96,,9760,14,,,2,100,,9759,14,,,2,100,,9761,14,,,2,98,,9757,14,,,2,99,,9756,14,,,2
22202,'DIM',1442,,4994,26,,,2
22202,'SAM',1442,,11491,26,,,2,898,,11489,26,,,2,100,,11490,26,,,2
22202,'SEM',542,,11498,26,,,2,159,,11493,26,,,2,41,,11494,26,,,2,767,,11497,26,,,2,35,,11492,26,,,2,703,,11495,26,,,2,65,,11496,26,,,2
32202,'SAM',2555,,11601,20,,,2
32202,'SEM',2423,,11602,20,,,2,84,,11603,20,,,2
