2202,'DIM',727,,7078,36,,,2,100,,7077,36,,,2,100,,7076,36,,,2,100,,6315,36,,,2,101,,7079,36,,,2,100,,7081,36,,,2,96,,7080,36,,,2,106,,7075,36,,,2,98,,7069,36,,,2,114,,7082,36,,,2,88,,7071,36,,,2,100,,7072,36,,,2,98,,7074,36,,,2,101,,7073,36,,,2,100,,7068,36,,,2,100,,7070,36,,,2
2202,'SAM',629,,7099,20,,,2,98,,7093,36,,,2,100,,7090,36,,,2,100,,7089,36,,,2,98,,7095,36,,,2,103,,7094,36,,,2,100,,7092,36,,,2,96,,7098,36,,,2,104,,7091,36,,,2,100,,7097,36,,,2,112,,7096,36,,,2,90,,7084,36,,,2,100,,7086,36,,,2,98,,7083,36,,,2,101,,7085,36,,,2,100,,7088,36,,,2,100,,7087,36,,,2
2202,'SEM',605,,6230,36,,,2,18,,7111,36,,,2,105,,7118,36,,,2,31,,7108,36,,,2,70,,7100,36,,,2,98,,7102,36,,,2,31,,7101,36,,,2,69,,7119,36,,,2,101,,7106,36,,,2,100,,7117,36,,,2,100,,7120,36,,,2,102,,7105,36,,,2,100,,7107,36,,,2,102,,7103,36,,,2,24,,7104,36,,,2,75,,7110,36,,,2,99,,7109,36,,,2,100,,7116,36,,,2,101,,7115,36,,,2,97,,7113,36,,,2,107,,7112,36,,,2,96,,7114,36,,,2
5002,'DIM',606,,9269,13,,,1,100,,2653,13,,,1,100,,9252,13,,,1,96,,9267,13,,,1,107,,9260,13,,,1,25,,9270,13,,,1,77,,9262,13,,,1,24,,9274,13,,,1,79,,9272,13,,,1,22,,9273,13,,,1,75,,9275,13,,,1,29,,9261,13,,,1,73,,9263,13,,,1,36,,9276,13,,,1,69,,9265,13,,,1,34,,9264,13,,,1,70,,9271,13,,,1,26,,9268,13,,,1,71,,9266,13,,,1,99,,9254,13,,,1,99,,9256,13,,,1,99,,9259,13,,,1,99,,9253,13,,,1,98,,9257,13,,,1,98,,9255,13,,,1,100,,9258,13,,,1
5002,'SAM',606,,9284,13,,,1,100,,9287,13,,,1,100,,9278,13,,,1,99,,9299,13,,,1,104,,9298,13,,,1,25,,9297,13,,,1,76,,9295,13,,,1,25,,9279,13,,,1,79,,9302,13,,,1,22,,9301,13,,,1,75,,9280,13,,,1,29,,9291,13,,,1,73,,9293,13,,,1,36,,9296,13,,,1,69,,9292,13,,,1,34,,9294,13,,,1,70,,9282,13,,,1,26,,9283,13,,,1,71,,9277,13,,,1,99,,9300,13,,,1,99,,9288,13,,,1,99,,9290,13,,,1,99,,9289,13,,,1,98,,9285,13,,,1,98,,9281,13,,,1,100,,9286,13,,,1
5002,'SEM',454,,9309,13,,,1,75,,9332,13,,,1,71,,9328,13,,,1,30,,9303,13,,,1,75,,9336,13,,,1,31,,9329,13,,,1,64,,9304,13,,,1,35,,9322,13,,,1,66,,9307,13,,,1,31,,9334,13,,,1,26,,9335,13,,,1,73,,9331,13,,,1,27,,9306,13,,,1,73,,9310,13,,,1,28,,9330,13,,,1,72,,9318,13,,,1,72,,9333,13,,,1,30,,9311,13,,,1,70,,9314,13,,,1,41,,9305,13,,,1,67,,9315,13,,,1,37,,9308,13,,,1,72,,9323,13,,,1,31,,9312,13,,,1,70,,9313,13,,,1,30,,9321,13,,,1,69,,9316,13,,,1,30,,9320,13,,,1,105,,9324,13,,,1,145,,9319,13,,,1,101,,9317,13,,,1,110,,9326,13,,,1,105,,9325,13,,,1,98,,9327,13,,,1
5802,'DIM',606,,9712,13,,,2,100,,9719,13,,,2,51,,9716,13,,,2,100,,9720,13,,,2,100,,9723,13,,,2,99,,9715,13,,,2,101,,9725,13,,,2,100,,9722,13,,,2,101,,9718,13,,,2,99,,9721,13,,,2,101,,9717,13,,,2,99,,9711,13,,,2,101,,9724,13,,,2,101,,9708,13,,,2,100,,9714,13,,,2,99,,9710,13,,,2,99,,9709,13,,,2,98,,9713,13,,,2
5802,'SAM',606,,9743,13,,,2,100,,9735,13,,,2,51,,9734,13,,,2,100,,9739,13,,,2,100,,9737,13,,,2,99,,9740,13,,,2,101,,9742,13,,,2,100,,9726,13,,,2,98,,9733,13,,,2,101,,9738,13,,,2,101,,9736,13,,,2,101,,9741,13,,,2,100,,9728,13,,,2,101,,9731,13,,,2,100,,9727,13,,,2,99,,9732,13,,,2,99,,9729,13,,,2,98,,9730,13,,,2
5802,'SEM',524,,9762,13,,,2,34,,9755,13,,,2,62,,9754,13,,,2,80,,9763,13,,,2,35,,9765,13,,,2,69,,9747,13,,,2,33,,9746,13,,,2,83,,9750,13,,,2,99,,9766,13,,,2,100,,9744,13,,,2,100,,9751,13,,,2,100,,9764,13,,,2,101,,9745,13,,,2,25,,9748,13,,,2,69,,9752,13,,,2,102,,9758,13,,,2,33,,9749,13,,,2,94,,9753,13,,,2,96,,9760,13,,,2,100,,9759,13,,,2,100,,9761,13,,,2,98,,9757,13,,,2,99,,9756,13,,,2
22202,'DIM',1441,,4994,25,,,2
22202,'SAM',1441,,11491,25,,,2,898,,11489,25,,,2,100,,11490,25,,,2
22202,'SEM',541,,11498,25,,,2,159,,11493,25,,,2,41,,11494,25,,,2,767,,11497,25,,,2,35,,11492,25,,,2,703,,11495,25,,,2,65,,11496,25,,,2
32202,'SAM',2554,,11601,19,,,2
32202,'SEM',2423,,11602,19,,,2,84,,11603,19,,,2
