1704,'DIM',511,,6858,43,,,1,90,,6859,43,,,1,101,,6863,43,,,1,103,,6857,43,,,1,101,,165,43,,,1,101,,6861,43,,,1,102,,6862,43,,,1,100,,6864,43,,,1,101,,6865,43,,,1,101,,6860,43,,,1,102,,6846,43,,,1,99,,6847,43,,,1,100,,6850,43,,,1,100,,6852,43,,,1,98,,6851,43,,,1,98,,6849,43,,,1,100,,6853,43,,,1,98,,6856,43,,,1,98,,6848,43,,,1,99,,6854,43,,,1,56,,6855,43,,,1
1704,'SAM',511,,6878,43,,,1,90,,6879,43,,,1,101,,6885,43,,,1,103,,6882,43,,,1,101,,6877,43,,,1,101,,6881,43,,,1,102,,6886,43,,,1,100,,6884,43,,,1,101,,6883,43,,,1,101,,6880,43,,,1,101,,6867,43,,,1,100,,6868,43,,,1,101,,6870,43,,,1,99,,6872,43,,,1,98,,6866,43,,,1,98,,6874,43,,,1,100,,6871,43,,,1,98,,6869,43,,,1,98,,6873,43,,,1,99,,6875,43,,,1,56,,6876,43,,,1
1704,'SEM',523,,6901,43,,,1,94,,6906,43,,,1,23,,6909,43,,,1,62,,6888,43,,,1,27,,6892,43,,,1,76,,6893,43,,,1,21,,6887,43,,,1,98,,6890,43,,,1,85,,6891,43,,,1,100,,6894,43,,,1,100,,6905,43,,,1,100,,6907,43,,,1,100,,6896,43,,,1,102,,6908,43,,,1,101,,6889,43,,,1,105,,6897,43,,,1,95,,6895,43,,,1,97,,6898,43,,,1,100,,6903,43,,,1,100,,6904,43,,,1,99,,6899,43,,,1,99,,6900,43,,,1,99,,6902,43,,,1
2704,'DIM',758,,7675,48,,,2,101,,7676,48,,,2,100,,7671,48,,,2,99,,7673,48,,,2,99,,7674,48,,,2,143,,7670,48,,,2,55,,7677,48,,,2,147,,7672,48,,,2,100,,7663,48,,,2,100,,7667,48,,,2,100,,7668,48,,,2,98,,7664,48,,,2,100,,7666,48,,,2,58,,7665,48,,,2,100,,7669,48,,,2,100,,7662,48,,,2
2704,'SAM',657,,7690,48,,,2,101,,7686,48,,,2,101,,7687,48,,,2,100,,7685,48,,,2,99,,7694,48,,,2,101,,7689,48,,,2,141,,7692,48,,,2,54,,7688,48,,,2,148,,7691,48,,,2,100,,7681,48,,,2,100,,7682,48,,,2,53,,7684,48,,,2,145,,7693,48,,,2,100,,7680,48,,,2,58,,7683,48,,,2,100,,7678,48,,,2,100,,7679,48,,,2
2704,'SEM',621,,7716,48,,,2,28,,7696,48,,,2,68,,7713,48,,,2,29,,7699,48,,,2,67,,7700,48,,,2,28,,7718,48,,,2,66,,7715,48,,,2,49,,7714,48,,,2,100,,7703,48,,,2,148,,7695,48,,,2,55,,7717,48,,,2,88,,7698,48,,,2,106,,7697,48,,,2,147,,7708,48,,,2,37,,7709,48,,,2,80,,7704,48,,,2,13,,7701,48,,,2,70,,7702,48,,,2,31,,7706,48,,,2,75,,7711,48,,,2,100,,7707,48,,,2,45,,7710,48,,,2,94,,7705,48,,,2,104,,7712,48,,,2
3104,'DIM',631,,7789,53,,,1,104,,7790,53,,,1,100,,7788,53,,,1,102,,7794,53,,,1,102,,7795,53,,,1,100,,7793,53,,,1,100,,7791,53,,,1,103,,7779,53,,,1,101,,7792,53,,,1,100,,7778,53,,,1,101,,7777,53,,,1,99,,7782,53,,,1,97,,7784,53,,,1,102,,7783,53,,,1,96,,7785,53,,,1,99,,7781,53,,,1,99,,7780,53,,,1,97,,7786,53,,,1,102,,7787,53,,,1
3104,'SAM',531,,1137,53,,,1,100,,7805,53,,,1,104,,7808,53,,,1,100,,7807,53,,,1,102,,7810,53,,,1,102,,7813,53,,,1,100,,7814,53,,,1,100,,7809,53,,,1,102,,7804,53,,,1,101,,7811,53,,,1,101,,7806,53,,,1,101,,7812,53,,,1,100,,7800,53,,,1,97,,7802,53,,,1,99,,7798,53,,,1,99,,7803,53,,,1,98,,7796,53,,,1,99,,7797,53,,,1,97,,7799,53,,,1,102,,7801,53,,,1
3104,'SEM',455,,7823,53,,,1,77,,7824,53,,,1,92,,7835,53,,,1,22,,7837,53,,,1,64,,7817,53,,,1,34,,7836,53,,,1,68,,7833,53,,,1,29,,7831,53,,,1,75,,7832,53,,,1,22,,7834,53,,,1,100,,7815,53,,,1,102,,7816,53,,,1,100,,7819,53,,,1,101,,7838,53,,,1,100,,7818,53,,,1,102,,7821,53,,,1,100,,7822,53,,,1,96,,7820,53,,,1,103,,7825,53,,,1,96,,7830,53,,,1,105,,7829,53,,,1,98,,7826,53,,,1,101,,7827,53,,,1,100,,7828,53,,,1
4304,'DIM',507,,8722,28,,,1,103,,8716,28,,,1,100,,8712,28,,,1,102,,8714,28,,,1,102,,8719,28,,,1,100,,8717,28,,,1,106,,8718,28,,,1,100,,8715,28,,,1,100,,8723,28,,,1,100,,8720,28,,,1,104,,8721,28,,,1,99,,8704,28,,,1,99,,8705,28,,,1,101,,8707,28,,,1,94,,8710,28,,,1,98,,8709,28,,,1,99,,8706,28,,,1,99,,8708,28,,,1,100,,8713,28,,,1,100,,8711,28,,,1
4304,'SAM',507,,8740,28,,,1,103,,8737,28,,,1,100,,8734,28,,,1,102,,8725,28,,,1,102,,8741,28,,,1,100,,8726,28,,,1,106,,8727,28,,,1,100,,8738,28,,,1,100,,8735,28,,,1,100,,8742,28,,,1,103,,8736,28,,,1,101,,8739,28,,,1,98,,8724,28,,,1,97,,8743,28,,,1,98,,8731,28,,,1,98,,8728,28,,,1,99,,2109,28,,,1,99,,8729,28,,,1,100,,8730,28,,,1,100,,8733,28,,,1,98,,8732,28,,,1
4304,'SEM',524,,8765,28,,,1,35,,8771,28,,,1,75,,8744,28,,,1,66,,8746,28,,,1,21,,8769,28,,,1,31,,8745,28,,,1,73,,8770,28,,,1,33,,8749,28,,,1,75,,8766,28,,,1,68,,8772,28,,,1,31,,8748,28,,,1,70,,8767,28,,,1,30,,8755,28,,,1,70,,8751,28,,,1,30,,8774,28,,,1,70,,8773,28,,,1,30,,8768,28,,,1,72,,8752,28,,,1,29,,8753,28,,,1,70,,8757,28,,,1,36,,8775,28,,,1,66,,8747,28,,,1,26,,8754,28,,,1,70,,8750,28,,,1,56,,8756,28,,,1,96,,8761,28,,,1,100,,8763,28,,,1,101,,8764,28,,,1,99,,8758,28,,,1,101,,8759,28,,,1,150,,8760,28,,,1,20,,8762,28,,,1
6001,'DIM',813,,9768,52,,,1,103,,9776,52,,,1,102,,9774,52,,,1,104,,9775,52,,,1,102,,9777,52,,,1,102,,9780,52,,,1,102,,9778,52,,,1,100,,9781,52,,,1,100,,9779,52,,,1,102,,9782,52,,,1,91,,9783,52,,,1,99,,9770,52,,,1,98,,9772,52,,,1,97,,9771,52,,,1,99,,9773,52,,,1,99,,9767,52,,,1,100,,9769,52,,,1
6001,'SAM',710,,9790,52,,,1,103,,9795,52,,,1,103,,9786,52,,,1,102,,9798,52,,,1,103,,9800,52,,,1,103,,9796,52,,,1,102,,9799,52,,,1,102,,9797,52,,,1,100,,9785,52,,,1,100,,9801,52,,,1,102,,9784,52,,,1,91,,9788,52,,,1,100,,9793,52,,,1,97,,9789,52,,,1,97,,9791,52,,,1,99,,9794,52,,,1,99,,9787,52,,,1,100,,9792,52,,,1
6001,'SEM',555,,9816,52,,,1,102,,9802,52,,,1,87,,9820,52,,,1,78,,9814,52,,,1,37,,9818,52,,,1,141,,9804,52,,,1,101,,9821,52,,,1,101,,9819,52,,,1,104,,9805,52,,,1,100,,9803,52,,,1,101,,9815,52,,,1,102,,9817,52,,,1,99,,9806,52,,,1,102,,9810,52,,,1,96,,9808,52,,,1,49,,9813,52,,,1,98,,9811,52,,,1,98,,9807,52,,,1,98,,9809,52,,,1,94,,9812,52,,,1
7304,'DIM',546,,10665,71,,,1,70,,10654,71,,,1,103,,10658,71,,,1,101,,10661,71,,,1,102,,10657,71,,,1,102,,10659,71,,,1,100,,10662,71,,,1,100,,10666,71,,,1,102,,10660,71,,,1,101,,10663,71,,,1,101,,10656,71,,,1,100,,10664,71,,,1,100,,10667,71,,,1,99,,10650,71,,,1,99,,10647,71,,,1,97,,10653,71,,,1,99,,10649,71,,,1,99,,10648,71,,,1,97,,10651,71,,,1,101,,10652,71,,,1,99,,10655,71,,,1
7304,'SAM',546,,10686,71,,,1,70,,10676,71,,,1,103,,10681,71,,,1,101,,10678,71,,,1,102,,10677,71,,,1,102,,10682,71,,,1,100,,10684,71,,,1,101,,10680,71,,,1,101,,10671,71,,,1,101,,10683,71,,,1,101,,10679,71,,,1,100,,10685,71,,,1,100,,10687,71,,,1,99,,10670,71,,,1,98,,10668,71,,,1,98,,10669,71,,,1,99,,10673,71,,,1,99,,10672,71,,,1,97,,4131,71,,,1,101,,10674,71,,,1,99,,4133,71,,,1,100,,10675,71,,,1,99,,4134,71,,,1
7304,'SEM',508,,10719,71,,,1,42,,10716,71,,,1,82,,10722,71,,,1,18,,10725,71,,,1,72,,10721,71,,,1,15,,10718,71,,,1,14,,10694,71,,,1,68,,10696,71,,,1,14,,10717,71,,,1,15,,10723,71,,,1,65,,10712,71,,,1,31,,10690,71,,,1,80,,10689,71,,,1,29,,10705,71,,,1,70,,10720,71,,,1,30,,10691,71,,,1,71,,10695,71,,,1,76,,10704,71,,,1,26,,10697,71,,,1,30,,10724,71,,,1,70,,10692,71,,,1,30,,10693,71,,,1,73,,10701,71,,,1,71,,10688,71,,,1,32,,10698,71,,,1,79,,10708,71,,,1,22,,10706,71,,,1,67,,10700,71,,,1,29,,10707,71,,,1,76,,10702,71,,,1,20,,10713,71,,,1,29,,10699,71,,,1,70,,10709,71,,,1,29,,10711,71,,,1,73,,10703,71,,,1,96,,10715,71,,,1,99,,10710,71,,,1,103,,10714,71,,,1
7402,'DIM',647,,10786,84,,,2,102,,10789,84,,,2,101,,6451,84,,,2,102,,10790,84,,,2,102,,10788,84,,,2,100,,10787,84,,,2,101,,10793,84,,,2,100,,10792,84,,,2,103,,10794,84,,,2,99,,10791,84,,,2,99,,10781,84,,,2,101,,10780,84,,,2,98,,10782,84,,,2,98,,10783,84,,,2,99,,6443,84,,,2,100,,10784,84,,,2,97,,10785,84,,,2
7402,'SAM',647,,10802,84,,,2,102,,10806,84,,,2,101,,10804,84,,,2,102,,10801,84,,,2,102,,10805,84,,,2,100,,10807,84,,,2,101,,10810,84,,,2,101,,10803,84,,,2,100,,10808,84,,,2,101,,10811,84,,,2,100,,10809,84,,,2,99,,10795,84,,,2,99,,10797,84,,,2,98,,10799,84,,,2,99,,10798,84,,,2,100,,10800,84,,,2,97,,10796,84,,,2
7402,'SEM',606,,10825,84,,,2,50,,10830,84,,,2,60,,10813,84,,,2,42,,10824,84,,,2,100,,10814,84,,,2,99,,10812,84,,,2,99,,10816,84,,,2,101,,10826,84,,,2,97,,10829,84,,,2,100,,10815,84,,,2,101,,10828,84,,,2,102,,10827,84,,,2,100,,10817,84,,,2,97,,10818,84,,,2,100,,10821,84,,,2,97,,10823,84,,,2,99,,10819,84,,,2,102,,10820,84,,,2,97,,10822,84,,,2
