201,'SAM',2559,,6701,19,,,1,81,,6703,19,,,1,84,,6702,19,,,1
201,'SEM',2520,,6704,19,,,1,24,,6705,19,,,1,81,,6706,19,,,1,81,,6707,19,,,1
202,'SAM',2617,,6708,3,,,1,41,,6709,3,,,1
202,'SEM',516,,6714,3,,,1,30,,6715,3,,,1,55,,6710,3,,,1,1999,,6711,3,,,1,41,,6712,3,,,1,81,,6713,3,,,1
1703,'DIM',611,,6801,1,,,1,89,,6794,1,,,1,59,,100,1,,,1,100,,6796,1,,,1,97,,6797,1,,,1,101,,6793,1,,,1,100,,6799,1,,,1,99,,6795,1,,,1,101,,6798,1,,,1,100,,6800,1,,,1,102,,6783,1,,,1,99,,6787,1,,,1,99,,6786,1,,,1,101,,6785,1,,,1,99,,6788,1,,,1,100,,6791,1,,,1,101,,6784,1,,,1,100,,6789,1,,,1,142,,6790,1,,,1,120,,6792,1,,,1
1703,'SAM',534,,6813,1,,,1,77,,6819,1,,,1,89,,121,1,,,1,59,,6810,1,,,1,100,,6812,1,,,1,97,,6814,1,,,1,100,,6818,1,,,1,101,,6816,1,,,1,100,,6811,1,,,1,100,,6817,1,,,1,100,,6815,1,,,1,102,,6820,1,,,1,100,,6821,1,,,1,99,,6802,1,,,1,100,,6807,1,,,1,99,,6804,1,,,1,100,,6803,1,,,1,101,,6805,1,,,1,100,,6808,1,,,1,142,,6809,1,,,1,120,,6806,1,,,1
1703,'SEM',553,,6839,1,,,1,102,,6841,1,,,1,145,,6840,1,,,1,55,,6825,1,,,1,100,,6838,1,,,1,100,,6837,1,,,1,100,,6843,1,,,1,100,,6826,1,,,1,100,,6823,1,,,1,98,,6842,1,,,1,75,,6845,1,,,1,20,,6844,1,,,1,76,,6822,1,,,1,23,,6833,1,,,1,78,,6824,1,,,1,80,,6827,1,,,1,30,,6830,1,,,1,69,,6835,1,,,1,99,,6836,1,,,1,100,,6828,1,,,1,101,,6829,1,,,1,100,,6831,1,,,1,100,,6832,1,,,1,104,,6834,1,,,1
3103,'DIM',630,,7731,3,,,1,99,,7730,3,,,1,98,,1058,3,,,1,99,,7735,3,,,1,99,,7734,3,,,1,100,,7732,3,,,1,102,,7721,3,,,1,100,,7733,3,,,1,99,,7720,3,,,1,102,,7719,3,,,1,99,,7724,3,,,1,99,,7726,3,,,1,103,,7725,3,,,1,97,,7727,3,,,1,101,,7723,3,,,1,101,,7722,3,,,1,100,,7728,3,,,1,101,,7729,3,,,1
3103,'SAM',630,,7748,3,,,1,99,,7747,3,,,1,98,,1075,3,,,1,99,,7752,3,,,1,99,,7753,3,,,1,100,,7749,3,,,1,100,,7745,3,,,1,101,,7750,3,,,1,100,,7746,3,,,1,102,,7751,3,,,1,100,,7740,3,,,1,99,,7742,3,,,1,100,,7738,3,,,1,100,,7743,3,,,1,100,,7736,3,,,1,101,,7737,3,,,1,100,,7739,3,,,1,102,,7741,3,,,1,95,,7744,3,,,1
3103,'SEM',625,,7775,3,,,1,99,,7773,3,,,1,100,,7774,3,,,1,99,,7754,3,,,1,101,,7755,3,,,1,100,,7757,3,,,1,100,,7776,3,,,1,100,,7756,3,,,1,100,,7761,3,,,1,98,,7762,3,,,1,11,,7763,3,,,1,76,,7758,3,,,1,30,,7767,3,,,1,80,,7764,3,,,1,30,,7760,3,,,1,76,,7772,3,,,1,30,,7759,3,,,1,76,,7771,3,,,1,100,,7765,3,,,1,101,,7768,3,,,1,101,,7769,3,,,1,98,,7766,3,,,1,114,,7770,3,,,1
34503,'SEM',431,,11610,3,,,1,100,,11611,3,,,1
34504,'SEM',2531,,11613,42,,,1,118,,11612,42,,,1
