3903,'DIM',919,,8065,5,,,1,30,,8070,5,,,1,70,,8071,5,,,1,30,,8068,5,,,1,74,,8069,5,,,1,26,,8072,5,,,1,69,,8062,5,,,1,31,,8066,5,,,1,70,,8063,5,,,1,30,,8049,5,,,1,70,,8052,5,,,1,31,,8055,5,,,1,70,,8067,5,,,1,31,,8056,5,,,1,71,,8057,5,,,1,25,,8058,5,,,1,58,,8064,5,,,1,10,,8059,5,,,1,24,,8053,5,,,1,65,,8060,5,,,1,100,,8050,5,,,1,100,,8061,5,,,1,100,,8051,5,,,1,104,,8054,5,,,1
3903,'SAM',919,,8092,5,,,1,30,,8096,5,,,1,70,,8073,5,,,1,30,,8087,5,,,1,74,,8090,5,,,1,26,,8089,5,,,1,70,,8074,5,,,1,30,,8088,5,,,1,70,,8091,5,,,1,30,,8075,5,,,1,70,,8094,5,,,1,31,,8078,5,,,1,70,,8079,5,,,1,31,,8081,5,,,1,71,,8095,5,,,1,25,,8082,5,,,1,58,,8093,5,,,1,11,,8080,5,,,1,23,,8077,5,,,1,69,,8076,5,,,1,98,,8084,5,,,1,98,,8083,5,,,1,100,,8086,5,,,1,104,,8085,5,,,1
3903,'SEM',709,,8120,5,,,1,99,,8102,5,,,1,104,,8100,5,,,1,33,,8104,5,,,1,69,,8121,5,,,1,31,,8122,5,,,1,68,,8115,5,,,1,31,,8119,5,,,1,67,,8123,5,,,1,38,,8099,5,,,1,73,,8106,5,,,1,27,,8108,5,,,1,71,,8109,5,,,1,34,,8098,5,,,1,77,,8116,5,,,1,23,,8110,5,,,1,68,,8101,5,,,1,25,,8103,5,,,1,75,,8111,5,,,1,80,,8112,5,,,1,40,,8105,5,,,1,99,,8107,5,,,1,97,,8113,5,,,1,103,,8117,5,,,1,100,,8114,5,,,1,88,,8118,5,,,1
5001,'DIM',522,,9169,5,,,1,100,,9177,5,,,1,100,,9165,5,,,1,96,,9182,5,,,1,100,,9174,5,,,1,32,,9184,5,,,1,77,,9176,5,,,1,23,,9189,5,,,1,78,,9187,5,,,1,22,,9188,5,,,1,75,,9190,5,,,1,29,,9175,5,,,1,72,,9178,5,,,1,76,,9191,5,,,1,29,,9180,5,,,1,73,,9179,5,,,1,30,,9185,5,,,1,23,,9183,5,,,1,74,,9181,5,,,1,81,,9186,5,,,1,18,,9167,5,,,1,100,,9170,5,,,1,100,,9173,5,,,1,100,,9166,5,,,1,99,,9171,5,,,1,99,,9168,5,,,1,100,,9172,5,,,1
5001,'SAM',522,,9199,5,,,1,100,,9202,5,,,1,100,,9193,5,,,1,96,,9214,5,,,1,100,,9212,5,,,1,38,,9217,5,,,1,70,,9210,5,,,1,24,,9194,5,,,1,78,,9218,5,,,1,22,,9216,5,,,1,75,,9195,5,,,1,29,,9206,5,,,1,72,,9208,5,,,1,76,,9211,5,,,1,29,,9207,5,,,1,73,,9209,5,,,1,30,,9197,5,,,1,23,,9198,5,,,1,74,,9192,5,,,1,79,,9213,5,,,1,21,,9215,5,,,1,99,,9203,5,,,1,100,,9205,5,,,1,100,,9204,5,,,1,99,,9200,5,,,1,99,,9196,5,,,1,100,,9201,5,,,1
5001,'SEM',511,,9241,5,,,1,104,,9246,5,,,1,35,,9242,5,,,1,63,,9220,5,,,1,36,,9219,5,,,1,64,,9222,5,,,1,31,,9249,5,,,1,66,,9250,5,,,1,33,,9245,5,,,1,67,,9221,5,,,1,33,,9225,5,,,1,68,,9244,5,,,1,32,,9231,5,,,1,70,,9247,5,,,1,30,,9226,5,,,1,72,,9243,5,,,1,28,,9248,5,,,1,70,,9224,5,,,1,42,,9223,5,,,1,66,,9235,5,,,1,36,,9227,5,,,1,69,,9228,5,,,1,29,,9234,5,,,1,70,,9229,5,,,1,75,,9233,5,,,1,30,,9236,5,,,1,75,,9237,5,,,1,105,,9232,5,,,1,105,,9230,5,,,1,105,,9239,5,,,1,105,,9238,5,,,1,107,,9240,5,,,1
6001,'DIM',802,,9768,32,,,1,102,,9776,32,,,1,101,,9774,32,,,1,103,,9775,32,,,1,101,,9777,32,,,1,102,,9780,32,,,1,102,,9778,32,,,1,100,,9781,32,,,1,100,,9779,32,,,1,102,,9782,32,,,1,93,,9783,32,,,1,99,,9770,32,,,1,98,,9772,32,,,1,98,,9771,32,,,1,99,,9773,32,,,1,99,,9767,32,,,1,100,,9769,32,,,1
6001,'SAM',700,,9790,32,,,1,102,,9795,32,,,1,102,,9786,32,,,1,101,,9798,32,,,1,102,,9800,32,,,1,102,,9796,32,,,1,102,,9799,32,,,1,102,,9797,32,,,1,100,,9785,32,,,1,100,,9801,32,,,1,102,,9784,32,,,1,93,,9788,32,,,1,100,,9793,32,,,1,97,,9789,32,,,1,98,,9791,32,,,1,99,,9794,32,,,1,99,,9787,32,,,1,100,,9792,32,,,1
6001,'SEM',544,,9816,32,,,1,101,,9802,32,,,1,85,,9820,32,,,1,77,,9814,32,,,1,36,,9818,32,,,1,101,,9804,32,,,1,100,,9821,32,,,1,101,,9819,32,,,1,104,,9805,32,,,1,100,,9803,32,,,1,100,,9815,32,,,1,102,,9817,32,,,1,99,,9806,32,,,1,103,,9810,32,,,1,98,,9808,32,,,1,90,,9813,32,,,1,98,,9811,32,,,1,99,,9807,32,,,1,99,,9809,32,,,1,94,,9812,32,,,1
6304,'DIM',748,,10080,46,,,1,101,,10076,46,,,1,101,,10078,46,,,1,102,,10072,46,,,1,99,,10077,46,,,1,104,,10082,46,,,1,96,,10079,46,,,1,102,,10083,46,,,1,103,,10081,46,,,1,100,,10084,46,,,1,99,,10085,46,,,1,99,,10073,46,,,1,99,,10069,46,,,1,99,,10070,46,,,1,99,,10074,46,,,1,98,,10071,46,,,1,99,,10075,46,,,1
6304,'SAM',648,,10099,46,,,1,100,,10097,46,,,1,101,,10102,46,,,1,101,,10098,46,,,1,102,,10096,46,,,1,99,,10101,46,,,1,104,,10100,46,,,1,96,,10104,46,,,1,102,,10103,46,,,1,103,,10086,46,,,1,102,,10087,46,,,1,97,,10088,46,,,1,99,,10090,46,,,1,99,,10089,46,,,1,99,,10094,46,,,1,99,,10091,46,,,1,98,,10092,46,,,1,99,,10095,46,,,1,98,,10093,46,,,1
6304,'SEM',503,,10132,46,,,1,111,,10128,46,,,1,30,,10137,46,,,1,71,,10120,46,,,1,15,,10131,46,,,1,27,,10134,46,,,1,66,,10136,46,,,1,19,,10135,46,,,1,70,,10109,46,,,1,30,,10110,46,,,1,71,,10111,46,,,1,30,,10105,46,,,1,65,,10108,46,,,1,30,,10133,46,,,1,72,,10123,46,,,1,30,,10116,46,,,1,66,,10129,46,,,1,38,,10106,46,,,1,67,,10107,46,,,1,32,,10117,46,,,1,71,,10130,46,,,1,39,,10138,46,,,1,70,,10113,46,,,1,24,,10112,46,,,1,74,,10118,46,,,1,16,,10115,46,,,1,68,,10124,46,,,1,29,,10119,46,,,1,77,,10122,46,,,1,97,,10114,46,,,1,40,,10125,46,,,1,91,,10127,46,,,1,94,,10121,46,,,1,99,,10126,46,,,1
6504,'DIM',722,,10223,62,,,2,102,,10221,62,,,2,101,,10224,62,,,2,101,,10226,62,,,2,102,,10228,62,,,2,102,,10225,62,,,2,99,,10222,62,,,2,102,,10230,62,,,2,106,,10227,62,,,2,95,,10229,62,,,2,97,,10216,62,,,2,102,,10218,62,,,2,97,,10217,62,,,2,98,,10219,62,,,2,100,,10220,62,,,2,96,,10214,62,,,2,100,,10215,62,,,2
6504,'SAM',722,,10240,62,,,2,102,,10239,62,,,2,101,,10243,62,,,2,101,,10242,62,,,2,102,,10244,62,,,2,101,,10246,62,,,2,99,,10247,62,,,2,103,,10245,62,,,2,105,,10241,62,,,2,96,,10231,62,,,2,97,,10233,62,,,2,102,,10236,62,,,2,99,,10237,62,,,2,96,,3667,62,,,2,100,,10238,62,,,2,96,,10235,62,,,2,100,,10232,62,,,2,99,,10234,62,,,2
6504,'SEM',540,,10271,62,,,2,86,,10281,62,,,2,26,,10250,62,,,2,60,,10259,62,,,2,15,,10266,62,,,2,12,,10279,62,,,2,10,,10249,62,,,2,10,,10280,62,,,2,50,,10276,62,,,2,23,,10251,62,,,2,70,,10253,62,,,2,32,,10268,62,,,2,69,,10284,62,,,2,33,,10254,62,,,2,71,,10255,62,,,2,27,,10273,62,,,2,75,,10256,62,,,2,27,,10283,62,,,2,80,,10277,62,,,2,20,,10278,62,,,2,70,,10282,62,,,2,30,,10258,62,,,2,70,,10261,62,,,2,38,,10252,62,,,2,67,,10265,62,,,2,40,,10267,62,,,2,73,,10248,62,,,2,20,,10260,62,,,2,64,,10257,62,,,2,36,,10272,62,,,2,72,,10274,62,,,2,86,,10263,62,,,2,100,,10262,62,,,2,98,,10264,62,,,2,59,,10269,62,,,2,99,,10270,62,,,2,98,,10275,62,,,2
7601,'DIM',508,,10861,37,,,2,100,,10834,82,,,2,25,,10848,82,,,2,104,,10849,82,,,2,100,,10841,82,,,2,101,,10853,82,,,2,68,,10858,82,,,2,30,,10855,82,,,2,71,,10851,82,,,2,30,,10852,82,,,2,70,,10832,82,,,2,31,,10856,82,,,2,71,,10854,82,,,2,29,,10839,82,,,2,73,,10859,82,,,2,31,,10860,82,,,2,69,,10831,82,,,2,33,,10842,82,,,2,67,,10850,82,,,2,30,,10835,82,,,2,70,,10837,82,,,2,29,,10833,82,,,2,70,,10840,82,,,2,29,,10857,82,,,2,105,,10845,82,,,2,97,,10846,82,,,2,97,,10838,82,,,2,98,,10847,82,,,2,100,,10836,82,,,2,100,,10843,82,,,2,99,,10844,82,,,2
7601,'SAM',508,,10892,37,,,2,100,,10866,82,,,2,25,,10875,82,,,2,104,,10878,82,,,2,100,,10877,82,,,2,101,,10881,82,,,2,68,,10885,82,,,2,30,,10882,82,,,2,71,,10888,82,,,2,30,,10876,82,,,2,70,,10884,82,,,2,32,,10883,82,,,2,70,,10890,82,,,2,29,,10863,82,,,2,73,,10879,82,,,2,31,,10862,82,,,2,69,,10880,82,,,2,33,,10887,82,,,2,67,,10891,82,,,2,30,,10864,82,,,2,70,,10886,82,,,2,29,,10868,82,,,2,70,,10889,82,,,2,31,,10865,82,,,2,103,,10871,82,,,2,97,,10873,82,,,2,97,,10869,82,,,2,98,,10867,82,,,2,100,,10872,82,,,2,100,,10870,82,,,2,99,,10874,82,,,2
7601,'SEM',527,,10893,82,,,2,92,,10914,82,,,2,27,,10921,82,,,2,65,,10929,82,,,2,24,,10899,82,,,2,12,,10924,82,,,2,54,,10901,82,,,2,16,,10922,82,,,2,24,,10926,82,,,2,60,,10896,82,,,2,25,,10900,82,,,2,22,,10894,82,,,2,70,,10923,82,,,2,30,,10897,82,,,2,69,,10919,82,,,2,31,,10895,82,,,2,70,,10925,82,,,2,31,,10904,82,,,2,70,,10920,82,,,2,32,,10903,82,,,2,72,,10906,82,,,2,31,,10928,82,,,2,73,,10907,82,,,2,30,,10898,82,,,2,78,,10927,82,,,2,66,,10902,82,,,2,25,,10905,82,,,2,24,,10911,82,,,2,67,,10915,82,,,2,30,,10917,82,,,2,73,,10913,82,,,2,23,,10909,82,,,2,69,,10918,82,,,2,100,,10916,82,,,2,100,,10908,82,,,2,99,,10910,82,,,2,103,,10912,82,,,2
90301,'DIM',853,,11665,55,,,2,105,,11663,55,,,2,100,,11666,55,,,2,97,,11664,55,,,2,99,,11670,55,,,2,102,,11669,55,,,2,101,,11671,55,,,2,144,,11667,55,,,2,56,,11668,55,,,2,144,,5232,55,,,2
90301,'SAM',655,,5244,55,,,2,102,,11676,55,,,2,96,,11678,55,,,2,105,,11677,55,,,2,99,,11680,55,,,2,96,,11679,55,,,2,101,,11681,55,,,2,102,,11675,55,,,2,100,,11682,55,,,2,145,,11672,55,,,2,56,,11674,55,,,2,100,,11673,55,,,2
90301,'SEM',540,,11691,55,,,2,80,,11694,55,,,2,22,,11699,55,,,2,12,,11701,55,,,2,52,,11698,55,,,2,10,,11700,55,,,2,10,,11683,55,,,2,15,,11686,55,,,2,61,,11693,55,,,2,25,,11695,55,,,2,30,,11702,55,,,2,143,,11685,55,,,2,100,,11690,55,,,2,59,,11684,55,,,2,100,,11697,55,,,2,141,,11696,55,,,2,100,,11688,55,,,2,42,,11703,55,,,2,107,,11689,55,,,2,105,,11687,55,,,2,92,,11692,55,,,2
