1602,'SEM',655,,6780,3,,,1,64,,6782,3,,,1,24,,6777,3,,,1,70,,6779,3,,,1,29,,6781,3,,,1,76,,6778,3,,,1
3904,'DIM',852,,8142,64,,,1,153,,8136,64,,,1,42,,8143,64,,,1,70,,8146,64,,,1,34,,8137,64,,,1,67,,8135,64,,,1,33,,8145,64,,,1,69,,8140,64,,,1,35,,8129,64,,,1,67,,8144,64,,,1,30,,8138,64,,,1,71,,8139,64,,,1,32,,8128,64,,,1,69,,8141,64,,,1,31,,8124,64,,,1,71,,8125,64,,,1,27,,8130,64,,,1,68,,8131,64,,,1,29,,8132,64,,,1,83,,8133,64,,,1,97,,8126,64,,,1,100,,8134,64,,,1,99,,8127,64,,,1
3904,'SAM',852,,8162,64,,,1,153,,8155,64,,,1,42,,8166,64,,,1,70,,8156,64,,,1,31,,8147,64,,,1,70,,8153,64,,,1,36,,8159,64,,,1,66,,8157,64,,,1,35,,8163,64,,,1,67,,8154,64,,,1,30,,8160,64,,,1,71,,8161,64,,,1,31,,8167,64,,,1,70,,8158,64,,,1,32,,8164,64,,,1,64,,8165,64,,,1,33,,8168,64,,,1,68,,8169,64,,,1,29,,8148,64,,,1,86,,8149,64,,,1,96,,8151,64,,,1,98,,8150,64,,,1,99,,8152,64,,,1
3904,'SEM',646,,8193,64,,,1,67,,8186,64,,,1,15,,8192,64,,,1,11,,8174,64,,,1,72,,8189,64,,,1,31,,8170,64,,,1,71,,8187,64,,,1,30,,8194,64,,,1,75,,8172,64,,,1,28,,8173,64,,,1,73,,8184,64,,,1,30,,8188,64,,,1,71,,8190,64,,,1,28,,8181,64,,,1,72,,8185,64,,,1,27,,8191,64,,,1,78,,8171,64,,,1,34,,8176,64,,,1,70,,8178,64,,,1,72,,8179,64,,,1,101,,8195,64,,,1,109,,8182,64,,,1,97,,8183,64,,,1,103,,8175,64,,,1,100,,8177,64,,,1,93,,8180,64,,,1
4002,'DIM',756,,8271,3,,,1,100,,8280,3,,,1,100,,8282,3,,,1,99,,8283,3,,,1,99,,8281,3,,,1,101,,8284,3,,,1,101,,8279,3,,,1,100,,8278,3,,,1,100,,8268,3,,,1,144,,8274,3,,,1,57,,8277,3,,,1,100,,8275,3,,,1,99,,8270,3,,,1,100,,8269,3,,,1,100,,8272,3,,,1,100,,8273,3,,,1,94,,8276,3,,,1
4002,'SAM',656,,8291,3,,,1,100,,1633,3,,,1,100,,8299,3,,,1,100,,8296,3,,,1,95,,8297,3,,,1,104,,8295,3,,,1,100,,8300,3,,,1,101,,8298,3,,,1,99,,8292,3,,,1,101,,8301,3,,,1,144,,8285,3,,,1,57,,8293,3,,,1,100,,8286,3,,,1,99,,8288,3,,,1,100,,8294,3,,,1,100,,8287,3,,,1,100,,8289,3,,,1,94,,8290,3,,,1
4002,'SEM',627,,8305,3,,,1,85,,8333,3,,,1,23,,8331,3,,,1,17,,8320,3,,,1,69,,8310,3,,,1,24,,8304,3,,,1,77,,8306,3,,,1,30,,8311,3,,,1,70,,8328,3,,,1,30,,8312,3,,,1,70,,8330,3,,,1,30,,8327,3,,,1,70,,8308,3,,,1,30,,8329,3,,,1,75,,8303,3,,,1,75,,8309,3,,,1,20,,8307,3,,,1,30,,8302,3,,,1,70,,8316,3,,,1,30,,8332,3,,,1,72,,8317,3,,,1,29,,8313,3,,,1,75,,8321,3,,,1,73,,8314,3,,,1,32,,8322,3,,,1,70,,8319,3,,,1,29,,8323,3,,,1,100,,8318,3,,,1,100,,8315,3,,,1,106,,8324,3,,,1,89,,8325,3,,,1,100,,8326,3,,,1
4202,'DIM',519,,8490,94,,,2,82,,8531,94,,,2,26,,8501,94,,,2,31,,8489,94,,,2,71,,8513,94,,,2,30,,8511,94,,,2,73,,8532,94,,,2,72,,8516,94,,,2,33,,8512,94,,,2,72,,8520,94,,,2,31,,8524,94,,,2,63,,8530,94,,,2,22,,8526,94,,,2,22,,8517,94,,,2,62,,8522,94,,,2,19,,8518,94,,,2,20,,8521,94,,,2,58,,8506,94,,,2,23,,8509,94,,,2,20,,8508,94,,,2,62,,8510,94,,,2,19,,8515,94,,,2,20,,8514,94,,,2,58,,8534,94,,,2,22,,8527,94,,,2,21,,8523,94,,,2,61,,8519,94,,,2,21,,8529,94,,,2,19,,8494,94,,,2,60,,8495,94,,,2,21,,8496,94,,,2,23,,8528,94,,,2,75,,8525,94,,,2,73,,8533,94,,,2,29,,8505,94,,,2,70,,8492,94,,,2,32,,8491,94,,,2,70,,8500,94,,,2,27,,8488,94,,,2,27,,8497,94,,,2,68,,8507,94,,,2,28,,8493,94,,,2,69,,8499,94,,,2,30,,8503,94,,,2,67,,8504,94,,,2,29,,8498,94,,,2,76,,8502,94,,,2
4202,'SAM',519,,8537,94,,,2,82,,8539,94,,,2,26,,8557,94,,,2,31,,8535,94,,,2,71,,8565,94,,,2,30,,8563,94,,,2,73,,8540,94,,,2,72,,8571,94,,,2,33,,8567,94,,,2,72,,8566,94,,,2,31,,8570,94,,,2,63,,8582,94,,,2,22,,8576,94,,,2,22,,8580,94,,,2,61,,8575,94,,,2,20,,8578,94,,,2,20,,8560,94,,,2,58,,8573,94,,,2,22,,8564,94,,,2,21,,8556,94,,,2,61,,8562,94,,,2,20,,8536,94,,,2,20,,8569,94,,,2,58,,8568,94,,,2,22,,8561,94,,,2,21,,8572,94,,,2,61,,8538,94,,,2,20,,8574,94,,,2,19,,8577,94,,,2,61,,8543,94,,,2,21,,8579,94,,,2,23,,8581,94,,,2,74,,8549,94,,,2,73,,8551,94,,,2,30,,8553,94,,,2,70,,8555,94,,,2,35,,8541,94,,,2,67,,8544,94,,,2,27,,8558,94,,,2,27,,8546,94,,,2,68,,8548,94,,,2,31,,8542,94,,,2,65,,8545,94,,,2,30,,8547,94,,,2,68,,8550,94,,,2,29,,8552,94,,,2,76,,8554,94,,,2,30,,8559,94,,,2
4202,'SEM',520,,8625,94,,,2,98,,8627,94,,,2,34,,8631,94,,,2,57,,8634,94,,,2,17,,8583,94,,,2,10,,8585,94,,,2,11,,8588,94,,,2,9,,8591,94,,,2,50,,8633,94,,,2,12,,8630,94,,,2,21,,8586,94,,,2,18,,8601,94,,,2,61,,8587,94,,,2,22,,8635,94,,,2,62,,8632,94,,,2,19,,8589,94,,,2,21,,8626,94,,,2,60,,8584,94,,,2,19,,8629,94,,,2,21,,8593,94,,,2,60,,8618,94,,,2,21,,8628,94,,,2,24,,8595,94,,,2,57,,8615,94,,,2,24,,8597,94,,,2,20,,8599,94,,,2,61,,8600,94,,,2,23,,8592,94,,,2,17,,8602,94,,,2,61,,8603,94,,,2,20,,8604,94,,,2,21,,8590,94,,,2,61,,8606,94,,,2,20,,8636,94,,,2,20,,8609,94,,,2,60,,8610,94,,,2,20,,8611,94,,,2,21,,8613,94,,,2,57,,8594,94,,,2,21,,8616,94,,,2,20,,8596,94,,,2,62,,8605,94,,,2,24,,8598,94,,,2,19,,8622,94,,,2,70,,8624,94,,,2,85,,8621,94,,,2,36,,8623,94,,,2,67,,8607,94,,,2,29,,8608,94,,,2,68,,8612,94,,,2,26,,8614,94,,,2,75,,8620,94,,,2,26,,8617,94,,,2,71,,8619,94,,,2
5002,'DIM',628,,9269,47,,,1,100,,2653,47,,,1,103,,9252,47,,,1,97,,9267,47,,,1,108,,9260,47,,,1,65,,9270,47,,,1,37,,9262,47,,,1,64,,9274,47,,,1,39,,9272,47,,,1,62,,9273,47,,,1,36,,9275,47,,,1,69,,9261,47,,,1,33,,9263,47,,,1,76,,9276,47,,,1,29,,9265,47,,,1,74,,9264,47,,,1,30,,9271,47,,,1,66,,9268,47,,,1,30,,9266,47,,,1,99,,9254,47,,,1,98,,9256,47,,,1,99,,9259,47,,,1,99,,9253,47,,,1,97,,9257,47,,,1,98,,9255,47,,,1,98,,9258,47,,,1
5002,'SAM',628,,9284,47,,,1,100,,9287,47,,,1,103,,9278,47,,,1,100,,9299,47,,,1,105,,9298,47,,,1,65,,9297,47,,,1,36,,9295,47,,,1,65,,9279,47,,,1,39,,9302,47,,,1,62,,9301,47,,,1,36,,9280,47,,,1,69,,9291,47,,,1,33,,9293,47,,,1,76,,9296,47,,,1,29,,9292,47,,,1,74,,9294,47,,,1,30,,9282,47,,,1,66,,9283,47,,,1,30,,9277,47,,,1,99,,9300,47,,,1,98,,9288,47,,,1,99,,9290,47,,,1,99,,9289,47,,,1,97,,9285,47,,,1,98,,9281,47,,,1,98,,9286,47,,,1
5002,'SEM',517,,9309,47,,,1,37,,9332,47,,,1,71,,9328,47,,,1,30,,9303,47,,,1,78,,9336,47,,,1,72,,9329,47,,,1,24,,9304,47,,,1,75,,9322,47,,,1,26,,9307,47,,,1,71,,9334,47,,,1,26,,9335,47,,,1,73,,9331,47,,,1,28,,9306,47,,,1,73,,9310,47,,,1,28,,9330,47,,,1,72,,9318,47,,,1,32,,9333,47,,,1,70,,9311,47,,,1,30,,9314,47,,,1,82,,9305,47,,,1,27,,9315,47,,,1,78,,9308,47,,,1,33,,9323,47,,,1,70,,9312,47,,,1,27,,9313,47,,,1,69,,9321,47,,,1,29,,9316,47,,,1,69,,9320,47,,,1,103,,9324,47,,,1,104,,9319,47,,,1,100,,9317,47,,,1,110,,9326,47,,,1,103,,9325,47,,,1,97,,9327,47,,,1
6002,'DIM',706,,9823,26,,,1,101,,9832,26,,,1,100,,9830,26,,,1,100,,9831,26,,,1,100,,9833,26,,,1,100,,9836,26,,,1,101,,9834,26,,,1,100,,9837,26,,,1,100,,9835,26,,,1,99,,9838,26,,,1,99,,9839,26,,,1,100,,9825,26,,,1,100,,9827,26,,,1,101,,9826,26,,,1,101,,9828,26,,,1,100,,9822,26,,,1,100,,9824,26,,,1,98,,9829,26,,,1
6002,'SAM',706,,9851,26,,,1,101,,9842,26,,,1,100,,9854,26,,,1,100,,9856,26,,,1,100,,9852,26,,,1,100,,9855,26,,,1,101,,9853,26,,,1,100,,9841,26,,,1,100,,9857,26,,,1,99,,9840,26,,,1,99,,9844,26,,,1,102,,9849,26,,,1,98,,9845,26,,,1,101,,9846,26,,,1,101,,9850,26,,,1,100,,9843,26,,,1,100,,9847,26,,,1,98,,9848,26,,,1
6002,'SEM',638,,9875,26,,,1,101,,9873,26,,,1,101,,9859,26,,,1,100,,9876,26,,,1,100,,9874,26,,,1,102,,9864,26,,,1,100,,9858,26,,,1,99,,9860,26,,,1,101,,9872,26,,,1,99,,9861,26,,,1,101,,9866,26,,,1,106,,9863,26,,,1,92,,9869,26,,,1,99,,9867,26,,,1,99,,9862,26,,,1,100,,9865,26,,,1,99,,9868,26,,,1,89,,9871,26,,,1,100,,9870,26,,,1
6103,'DIM',737,,9889,3,,,2,101,,9891,3,,,2,97,,9893,3,,,2,102,,9892,3,,,2,101,,9890,3,,,2,102,,9888,3,,,2,98,,9877,3,,,2,104,,9880,3,,,2,95,,9882,3,,,2,104,,9884,3,,,2,101,,9894,3,,,2,95,,9885,3,,,2,100,,9881,3,,,2,99,,9878,3,,,2,101,,9879,3,,,2,100,,9883,3,,,2,100,,9887,3,,,2,100,,9886,3,,,2
6103,'SAM',737,,9905,3,,,2,101,,9907,3,,,2,97,,9910,3,,,2,102,,9904,3,,,2,98,,9908,3,,,2,105,,9911,3,,,2,99,,9909,3,,,2,103,,9912,3,,,2,95,,9906,3,,,2,103,,9898,3,,,2,102,,9895,3,,,2,95,,9899,3,,,2,100,,9897,3,,,2,99,,9900,3,,,2,101,,9896,3,,,2,100,,9901,3,,,2,100,,9902,3,,,2,100,,9903,3,,,2
6103,'SEM',600,,9932,3,,,2,100,,9936,3,,,2,101,,9914,3,,,2,57,,9915,3,,,2,100,,9934,3,,,2,101,,9929,3,,,2,100,,9931,3,,,2,142,,9930,3,,,2,100,,9933,3,,,2,110,,9935,3,,,2,25,,9922,3,,,2,64,,9913,3,,,2,31,,9926,3,,,2,74,,9916,3,,,2,26,,9923,3,,,2,73,,9917,3,,,2,28,,9918,3,,,2,73,,9920,3,,,2,31,,9928,3,,,2,80,,9919,3,,,2,95,,9921,3,,,2,100,,9925,3,,,2,100,,9924,3,,,2,107,,9927,3,,,2
6303,'DIM',747,,10005,26,,,1,100,,10007,26,,,1,102,,9998,26,,,1,97,,10006,26,,,1,103,,10010,26,,,1,96,,10008,26,,,1,103,,10011,26,,,1,103,,10009,26,,,1,100,,10012,26,,,1,100,,10013,26,,,1,100,,9999,26,,,1,98,,9995,26,,,1,99,,9996,26,,,1,99,,10001,26,,,1,100,,9997,26,,,1,100,,10002,26,,,1,99,,10000,26,,,1,100,,10003,26,,,1,98,,10004,26,,,1
6303,'SAM',646,,10027,26,,,1,101,,10031,26,,,1,100,,10028,26,,,1,102,,10026,26,,,1,97,,10030,26,,,1,103,,10029,26,,,1,96,,10033,26,,,1,103,,10032,26,,,1,103,,10014,26,,,1,102,,10015,26,,,1,98,,10016,26,,,1,100,,10018,26,,,1,98,,10017,26,,,1,99,,10022,26,,,1,99,,10019,26,,,1,100,,10020,26,,,1,100,,10023,26,,,1,99,,10021,26,,,1,100,,10024,26,,,1,98,,10025,26,,,1
6303,'SEM',606,,10049,26,,,1,20,,10059,26,,,1,16,,10060,26,,,1,76,,10066,26,,,1,14,,10064,26,,,1,74,,10038,26,,,1,23,,10040,26,,,1,74,,10041,26,,,1,33,,10034,26,,,1,65,,10037,26,,,1,33,,10063,26,,,1,67,,10051,26,,,1,31,,10067,26,,,1,26,,10061,26,,,1,78,,10035,26,,,1,67,,10036,26,,,1,30,,10065,26,,,1,70,,10062,26,,,1,32,,10068,26,,,1,72,,10043,26,,,1,26,,10042,26,,,1,74,,10047,26,,,1,19,,10045,26,,,1,25,,10039,26,,,1,73,,10048,26,,,1,81,,10046,26,,,1,97,,10044,26,,,1,41,,10052,26,,,1,93,,10055,26,,,1,95,,10050,26,,,1,88,,10053,26,,,1,105,,10054,26,,,1,99,,10058,26,,,1,104,,10056,26,,,1,94,,10057,26,,,1
6503,'DIM',712,,10150,3,,,2,101,,10152,3,,,2,100,,10154,3,,,2,100,,10156,3,,,2,103,,10153,3,,,2,97,,10151,3,,,2,106,,10139,3,,,2,100,,10155,3,,,2,96,,10157,3,,,2,98,,10142,3,,,2,102,,10144,3,,,2,98,,10143,3,,,2,100,,10146,3,,,2,100,,10148,3,,,2,100,,10140,3,,,2,100,,10141,3,,,2,100,,10147,3,,,2,99,,10149,3,,,2,100,,10145,3,,,2
6503,'SAM',712,,10170,3,,,2,101,,10173,3,,,2,100,,10172,3,,,2,100,,10174,3,,,2,102,,10175,3,,,2,97,,10177,3,,,2,107,,10176,3,,,2,99,,10171,3,,,2,97,,10158,3,,,2,98,,10160,3,,,2,102,,10163,3,,,2,100,,10166,3,,,2,98,,3589,3,,,2,100,,10168,3,,,2,100,,10162,3,,,2,100,,10159,3,,,2,100,,10161,3,,,2,99,,10164,3,,,2,100,,10165,3,,,2,45,,10167,3,,,2,75,,10169,3,,,2
6503,'SEM',558,,10187,3,,,2,66,,10179,3,,,2,27,,10206,3,,,2,64,,10180,3,,,2,24,,10182,3,,,2,78,,10195,3,,,2,26,,10212,3,,,2,78,,10183,3,,,2,25,,10184,3,,,2,70,,10203,3,,,2,30,,10185,3,,,2,70,,10210,3,,,2,30,,10207,3,,,2,70,,10208,3,,,2,30,,10209,3,,,2,70,,10186,3,,,2,30,,10189,3,,,2,70,,10181,3,,,2,30,,10193,3,,,2,74,,10194,3,,,2,30,,10178,3,,,2,65,,10188,3,,,2,25,,10200,3,,,2,15,,10211,3,,,2,55,,10201,3,,,2,15,,10202,3,,,2,15,,10196,3,,,2,13,,10204,3,,,2,57,,10199,3,,,2,33,,10191,3,,,2,104,,10190,3,,,2,99,,10192,3,,,2,100,,10197,3,,,2,100,,10198,3,,,2,99,,10205,3,,,2
7001,'DIM',653,,10411,3,,,1,100,,10401,3,,,1,99,,10409,3,,,1,99,,10412,3,,,1,68,,10415,3,,,1,31,,10410,3,,,1,70,,10417,3,,,1,27,,10416,3,,,1,70,,10413,3,,,1,35,,10414,3,,,1,69,,10418,3,,,1,27,,10394,3,,,1,73,,10419,3,,,1,25,,10397,3,,,1,75,,10398,3,,,1,27,,10399,3,,,1,74,,10396,3,,,1,33,,10402,3,,,1,74,,10405,3,,,1,30,,10400,3,,,1,94,,10406,3,,,1,100,,10403,3,,,1,100,,10395,3,,,1,100,,10407,3,,,1,100,,10408,3,,,1,100,,10404,3,,,1
7001,'SAM',653,,10436,3,,,1,100,,10441,3,,,1,99,,10443,3,,,1,99,,10444,3,,,1,67,,10442,3,,,1,32,,10420,3,,,1,69,,10445,3,,,1,28,,10440,3,,,1,70,,10421,3,,,1,34,,10437,3,,,1,68,,10422,3,,,1,33,,10438,3,,,1,69,,10424,3,,,1,25,,10439,3,,,1,73,,10427,3,,,1,29,,10429,3,,,1,74,,10426,3,,,1,34,,10428,3,,,1,73,,10432,3,,,1,30,,10430,3,,,1,94,,10434,3,,,1,100,,10423,3,,,1,100,,10425,3,,,1,99,,10435,3,,,1,101,,10433,3,,,1,100,,10431,3,,,1
7001,'SEM',508,,10472,3,,,1,30,,10450,3,,,1,66,,10473,3,,,1,18,,10474,3,,,1,17,,10469,3,,,1,67,,10480,3,,,1,24,,10461,3,,,1,24,,10447,3,,,1,69,,10479,3,,,1,30,,10476,3,,,1,71,,10477,3,,,1,29,,10458,3,,,1,71,,10481,3,,,1,28,,10449,3,,,1,72,,10454,3,,,1,27,,10478,3,,,1,70,,10448,3,,,1,29,,10446,3,,,1,72,,10475,3,,,1,30,,10453,3,,,1,77,,10456,3,,,1,24,,10452,3,,,1,50,,10459,3,,,1,47,,10451,3,,,1,77,,10463,3,,,1,28,,10466,3,,,1,76,,10467,3,,,1,27,,10455,3,,,1,81,,10464,3,,,1,85,,10460,3,,,1,34,,10457,3,,,1,149,,10465,3,,,1,100,,10462,3,,,1,100,,10470,3,,,1,101,,10468,3,,,1,129,,10471,3,,,1
7602,'DIM',606,,5136,3,,,2,96,,10940,3,,,2,100,,10950,3,,,2,100,,10952,3,,,2,30,,10948,3,,,2,70,,10949,3,,,2,30,,10930,3,,,2,70,,10953,3,,,2,30,,10951,3,,,2,69,,10939,3,,,2,32,,10954,3,,,2,72,,10955,3,,,2,27,,10931,3,,,2,73,,10941,3,,,2,33,,10933,3,,,2,64,,10934,3,,,2,30,,10936,3,,,2,70,,10932,3,,,2,30,,4405,3,,,2,70,,4422,3,,,2,30,,10937,3,,,2,75,,10945,3,,,2,94,,10946,3,,,2,100,,10938,3,,,2,101,,10947,3,,,2,101,,10935,3,,,2,100,,10942,3,,,2,100,,10944,3,,,2,100,,10943,3,,,2
7602,'SAM',606,,10973,3,,,2,96,,10972,3,,,2,100,,10976,3,,,2,100,,10978,3,,,2,30,,10983,3,,,2,70,,10971,3,,,2,30,,10980,3,,,2,70,,10979,3,,,2,30,,10984,3,,,2,69,,10957,3,,,2,30,,10974,3,,,2,74,,10956,3,,,2,27,,10975,3,,,2,73,,10982,3,,,2,33,,10958,3,,,2,64,,10959,3,,,2,30,,10981,3,,,2,70,,10962,3,,,2,30,,4456,3,,,2,70,,10960,3,,,2,30,,10977,3,,,2,76,,10965,3,,,2,93,,10967,3,,,2,100,,10963,3,,,2,101,,10961,3,,,2,101,,10966,3,,,2,100,,10964,3,,,2,100,,10969,3,,,2,100,,10968,3,,,2,101,,10970,3,,,2
7602,'SEM',548,,10985,3,,,2,62,,11014,3,,,2,16,,4470,3,,,2,11,,11012,3,,,2,64,,11016,3,,,2,18,,11018,3,,,2,22,,10992,3,,,2,61,,10986,3,,,2,35,,11013,3,,,2,68,,11017,3,,,2,31,,11010,3,,,2,72,,10987,3,,,2,30,,11015,3,,,2,70,,10991,3,,,2,29,,11011,3,,,2,71,,10990,3,,,2,30,,10995,3,,,2,71,,11020,3,,,2,28,,10996,3,,,2,70,,10988,3,,,2,35,,11019,3,,,2,65,,10989,3,,,2,24,,10993,3,,,2,26,,11000,3,,,2,65,,11001,3,,,2,25,,11004,3,,,2,65,,11006,3,,,2,25,,11002,3,,,2,20,,10998,3,,,2,74,,10994,3,,,2,70,,11005,3,,,2,31,,11008,3,,,2,100,,10997,3,,,2,100,,10999,3,,,2,100,,11007,3,,,2,103,,11003,3,,,2,109,,11009,3,,,2
