1704,'DIM',506,,6858,32,,,1,50,,6859,32,,,1,101,,6863,32,,,1,102,,6857,32,,,1,141,,165,32,,,1,100,,6861,32,,,1,101,,6862,32,,,1,100,,6864,32,,,1,101,,6865,32,,,1,101,,6860,32,,,1,102,,6846,32,,,1,99,,6847,32,,,1,100,,6850,32,,,1,101,,6852,32,,,1,98,,6851,32,,,1,98,,6849,32,,,1,100,,6853,32,,,1,99,,6856,32,,,1,59,,6848,32,,,1,99,,6854,32,,,1,96,,6855,32,,,1
1704,'SAM',506,,6878,32,,,1,50,,6879,32,,,1,101,,6885,32,,,1,102,,6882,32,,,1,141,,6877,32,,,1,100,,6881,32,,,1,101,,6886,32,,,1,100,,6884,32,,,1,101,,6883,32,,,1,101,,6880,32,,,1,101,,6867,32,,,1,100,,6868,32,,,1,101,,6870,32,,,1,100,,6872,32,,,1,98,,6866,32,,,1,98,,6874,32,,,1,100,,6871,32,,,1,99,,6869,32,,,1,59,,6873,32,,,1,99,,6875,32,,,1,96,,6876,32,,,1
1704,'SEM',518,,6901,32,,,1,93,,6906,32,,,1,22,,6909,32,,,1,22,,6888,32,,,1,67,,6892,32,,,1,35,,6893,32,,,1,61,,6887,32,,,1,98,,6890,32,,,1,85,,6891,32,,,1,100,,6894,32,,,1,100,,6905,32,,,1,100,,6907,32,,,1,100,,6896,32,,,1,102,,6908,32,,,1,101,,6889,32,,,1,105,,6897,32,,,1,95,,6895,32,,,1,97,,6898,32,,,1,101,,6903,32,,,1,100,,6904,32,,,1,100,,6899,32,,,1,100,,6900,32,,,1,99,,6902,32,,,1
2704,'DIM',752,,7675,37,,,2,101,,7676,37,,,2,100,,7671,37,,,2,99,,7673,37,,,2,98,,7674,37,,,2,103,,7670,37,,,2,95,,7677,37,,,2,107,,7672,37,,,2,100,,7663,37,,,2,100,,7667,37,,,2,100,,7668,37,,,2,99,,7664,37,,,2,100,,7666,37,,,2,98,,7665,37,,,2,100,,7669,37,,,2,100,,7662,37,,,2
2704,'SAM',651,,7690,37,,,2,101,,7686,37,,,2,101,,7687,37,,,2,100,,7685,37,,,2,99,,7694,37,,,2,100,,7689,37,,,2,101,,7692,37,,,2,94,,7688,37,,,2,108,,7691,37,,,2,100,,7681,37,,,2,100,,7682,37,,,2,93,,7684,37,,,2,106,,7693,37,,,2,100,,7680,37,,,2,98,,7683,37,,,2,100,,7678,37,,,2,100,,7679,37,,,2
2704,'SEM',615,,7716,37,,,2,28,,7696,37,,,2,68,,7713,37,,,2,28,,7699,37,,,2,67,,7700,37,,,2,28,,7718,37,,,2,66,,7715,37,,,2,49,,7714,37,,,2,100,,7703,37,,,2,108,,7695,37,,,2,95,,7717,37,,,2,87,,7698,37,,,2,106,,7697,37,,,2,107,,7708,37,,,2,77,,7709,37,,,2,80,,7704,37,,,2,13,,7701,37,,,2,31,,7702,37,,,2,71,,7706,37,,,2,35,,7711,37,,,2,100,,7707,37,,,2,85,,7710,37,,,2,95,,7705,37,,,2,104,,7712,37,,,2
3104,'DIM',626,,7789,42,,,1,103,,7790,42,,,1,100,,7788,42,,,1,101,,7794,42,,,1,101,,7795,42,,,1,100,,7793,42,,,1,100,,7791,42,,,1,103,,7779,42,,,1,101,,7792,42,,,1,100,,7778,42,,,1,101,,7777,42,,,1,99,,7782,42,,,1,98,,7784,42,,,1,102,,7783,42,,,1,96,,7785,42,,,1,100,,7781,42,,,1,99,,7780,42,,,1,98,,7786,42,,,1,102,,7787,42,,,1
3104,'SAM',526,,1137,42,,,1,100,,7805,42,,,1,103,,7808,42,,,1,100,,7807,42,,,1,101,,7810,42,,,1,101,,7813,42,,,1,100,,7814,42,,,1,100,,7809,42,,,1,102,,7804,42,,,1,101,,7811,42,,,1,101,,7806,42,,,1,101,,7812,42,,,1,100,,7800,42,,,1,98,,7802,42,,,1,99,,7798,42,,,1,99,,7803,42,,,1,99,,7796,42,,,1,99,,7797,42,,,1,98,,7799,42,,,1,102,,7801,42,,,1
3104,'SEM',450,,7823,42,,,1,77,,7824,42,,,1,91,,7835,42,,,1,21,,7837,42,,,1,63,,7817,42,,,1,34,,7836,42,,,1,68,,7833,42,,,1,29,,7831,42,,,1,75,,7832,42,,,1,22,,7834,42,,,1,100,,7815,42,,,1,102,,7816,42,,,1,100,,7819,42,,,1,101,,7838,42,,,1,100,,7818,42,,,1,102,,7821,42,,,1,100,,7822,42,,,1,96,,7820,42,,,1,103,,7825,42,,,1,97,,7830,42,,,1,105,,7829,42,,,1,99,,7826,42,,,1,102,,7827,42,,,1,100,,7828,42,,,1
3904,'DIM',835,,8142,42,,,1,112,,8136,42,,,1,82,,8143,42,,,1,30,,8146,42,,,1,73,,8137,42,,,1,27,,8135,42,,,1,73,,8145,42,,,1,69,,8140,42,,,1,34,,8129,42,,,1,67,,8144,42,,,1,30,,8138,42,,,1,71,,8139,42,,,1,32,,8128,42,,,1,70,,8141,42,,,1,31,,8124,42,,,1,71,,8125,42,,,1,28,,8130,42,,,1,68,,8131,42,,,1,29,,8132,42,,,1,83,,8133,42,,,1,98,,8126,42,,,1,100,,8134,42,,,1,100,,8127,42,,,1
3904,'SAM',835,,8162,42,,,1,112,,8155,42,,,1,82,,8166,42,,,1,30,,8156,42,,,1,70,,8147,42,,,1,30,,8153,42,,,1,76,,8159,42,,,1,66,,8157,42,,,1,34,,8163,42,,,1,67,,8154,42,,,1,30,,8160,42,,,1,71,,8161,42,,,1,31,,8167,42,,,1,71,,8158,42,,,1,32,,8164,42,,,1,64,,8165,42,,,1,34,,8168,42,,,1,68,,8169,42,,,1,29,,8148,42,,,1,86,,8149,42,,,1,97,,8151,42,,,1,98,,8150,42,,,1,100,,8152,42,,,1
3904,'SEM',629,,8193,42,,,1,27,,8186,42,,,1,54,,8192,42,,,1,11,,8174,42,,,1,30,,8189,42,,,1,71,,8170,42,,,1,31,,8187,42,,,1,70,,8194,42,,,1,35,,8172,42,,,1,68,,8173,42,,,1,33,,8184,42,,,1,70,,8188,42,,,1,71,,8190,42,,,1,28,,8181,42,,,1,72,,8185,42,,,1,27,,8191,42,,,1,78,,8171,42,,,1,34,,8176,42,,,1,70,,8178,42,,,1,31,,8179,42,,,1,102,,8195,42,,,1,110,,8182,42,,,1,98,,8183,42,,,1,104,,8175,42,,,1,100,,8177,42,,,1,94,,8180,42,,,1
7304,'DIM',541,,10665,60,,,1,70,,10654,60,,,1,102,,10658,60,,,1,101,,10661,60,,,1,101,,10657,60,,,1,101,,10659,60,,,1,100,,10662,60,,,1,100,,10666,60,,,1,102,,10660,60,,,1,101,,10663,60,,,1,101,,10656,60,,,1,100,,10664,60,,,1,100,,10667,60,,,1,100,,10650,60,,,1,99,,10647,60,,,1,97,,10653,60,,,1,100,,10649,60,,,1,99,,10648,60,,,1,98,,10651,60,,,1,101,,10652,60,,,1,99,,10655,60,,,1
7304,'SAM',541,,10686,60,,,1,70,,10676,60,,,1,102,,10681,60,,,1,101,,10678,60,,,1,101,,10677,60,,,1,101,,10682,60,,,1,100,,10684,60,,,1,101,,10680,60,,,1,101,,10671,60,,,1,101,,10683,60,,,1,101,,10679,60,,,1,100,,10685,60,,,1,100,,10687,60,,,1,100,,10670,60,,,1,98,,10668,60,,,1,98,,10669,60,,,1,100,,10673,60,,,1,99,,10672,60,,,1,98,,4131,60,,,1,101,,10674,60,,,1,99,,4133,60,,,1,100,,10675,60,,,1,99,,4134,60,,,1
7304,'SEM',503,,10719,60,,,1,41,,10716,60,,,1,82,,10722,60,,,1,18,,10725,60,,,1,71,,10721,60,,,1,14,,10718,60,,,1,14,,10694,60,,,1,68,,10696,60,,,1,14,,10717,60,,,1,15,,10723,60,,,1,65,,10712,60,,,1,31,,10690,60,,,1,80,,10689,60,,,1,29,,10705,60,,,1,70,,10720,60,,,1,30,,10691,60,,,1,71,,10695,60,,,1,36,,10704,60,,,1,66,,10697,60,,,1,30,,10724,60,,,1,70,,10692,60,,,1,30,,10693,60,,,1,73,,10701,60,,,1,31,,10688,60,,,1,72,,10698,60,,,1,79,,10708,60,,,1,22,,10706,60,,,1,27,,10700,60,,,1,69,,10707,60,,,1,36,,10702,60,,,1,60,,10713,60,,,1,30,,10699,60,,,1,70,,10709,60,,,1,30,,10711,60,,,1,73,,10703,60,,,1,97,,10715,60,,,1,99,,10710,60,,,1,103,,10714,60,,,1
7402,'DIM',642,,10786,73,,,2,101,,10789,73,,,2,101,,6451,73,,,2,101,,10790,73,,,2,101,,10788,73,,,2,100,,10787,73,,,2,101,,10793,73,,,2,100,,10792,73,,,2,103,,10794,73,,,2,99,,10791,73,,,2,99,,10781,73,,,2,102,,10780,73,,,2,98,,10782,73,,,2,98,,10783,73,,,2,100,,6443,73,,,2,100,,10784,73,,,2,98,,10785,73,,,2
7402,'SAM',642,,10802,73,,,2,101,,10806,73,,,2,101,,10804,73,,,2,101,,10801,73,,,2,101,,10805,73,,,2,100,,10807,73,,,2,101,,10810,73,,,2,101,,10803,73,,,2,100,,10808,73,,,2,101,,10811,73,,,2,100,,10809,73,,,2,100,,10795,73,,,2,99,,10797,73,,,2,98,,10799,73,,,2,100,,10798,73,,,2,100,,10800,73,,,2,98,,10796,73,,,2
7402,'SEM',600,,10825,73,,,2,49,,10830,73,,,2,60,,10813,73,,,2,41,,10824,73,,,2,100,,10814,73,,,2,99,,10812,73,,,2,99,,10816,73,,,2,101,,10826,73,,,2,97,,10829,73,,,2,100,,10815,73,,,2,101,,10828,73,,,2,102,,10827,73,,,2,100,,10817,73,,,2,97,,10818,73,,,2,100,,10821,73,,,2,98,,10823,73,,,2,99,,10819,73,,,2,103,,10820,73,,,2,98,,10822,73,,,2
