3904,'DIM',858,,8142,69,,,1,153,,8136,69,,,1,42,,8143,69,,,1,70,,8146,69,,,1,34,,8137,69,,,1,67,,8135,69,,,1,33,,8145,69,,,1,69,,8140,69,,,1,75,,8129,69,,,1,27,,8144,69,,,1,30,,8138,69,,,1,71,,8139,69,,,1,72,,8128,69,,,1,29,,8141,69,,,1,71,,8124,69,,,1,30,,8125,69,,,1,27,,8130,69,,,1,68,,8131,69,,,1,29,,8132,69,,,1,83,,8133,69,,,1,97,,8126,69,,,1,100,,8134,69,,,1,99,,8127,69,,,1
3904,'SAM',858,,8162,69,,,1,153,,8155,69,,,1,42,,8166,69,,,1,70,,8156,69,,,1,31,,8147,69,,,1,70,,8153,69,,,1,76,,8159,69,,,1,26,,8157,69,,,1,75,,8163,69,,,1,27,,8154,69,,,1,30,,8160,69,,,1,71,,8161,69,,,1,71,,8167,69,,,1,30,,8158,69,,,1,72,,8164,69,,,1,23,,8165,69,,,1,33,,8168,69,,,1,68,,8169,69,,,1,29,,8148,69,,,1,86,,8149,69,,,1,96,,8151,69,,,1,98,,8150,69,,,1,99,,8152,69,,,1
3904,'SEM',651,,8193,69,,,1,67,,8186,69,,,1,16,,8192,69,,,1,11,,8174,69,,,1,72,,8189,69,,,1,31,,8170,69,,,1,71,,8187,69,,,1,30,,8194,69,,,1,75,,8172,69,,,1,28,,8173,69,,,1,73,,8184,69,,,1,30,,8188,69,,,1,71,,8190,69,,,1,28,,8181,69,,,1,72,,8185,69,,,1,27,,8191,69,,,1,78,,8171,69,,,1,74,,8176,69,,,1,30,,8178,69,,,1,73,,8179,69,,,1,101,,8195,69,,,1,108,,8182,69,,,1,97,,8183,69,,,1,103,,8175,69,,,1,100,,8177,69,,,1,92,,8180,69,,,1
5002,'DIM',632,,9269,52,,,1,101,,2653,52,,,1,103,,9252,52,,,1,98,,9267,52,,,1,108,,9260,52,,,1,65,,9270,52,,,1,37,,9262,52,,,1,64,,9274,52,,,1,39,,9272,52,,,1,62,,9273,52,,,1,36,,9275,52,,,1,69,,9261,52,,,1,33,,9263,52,,,1,76,,9276,52,,,1,29,,9265,52,,,1,74,,9264,52,,,1,30,,9271,52,,,1,66,,9268,52,,,1,30,,9266,52,,,1,98,,9254,52,,,1,98,,9256,52,,,1,99,,9259,52,,,1,99,,9253,52,,,1,97,,9257,52,,,1,97,,9255,52,,,1,98,,9258,52,,,1
5002,'SAM',632,,9284,52,,,1,101,,9287,52,,,1,103,,9278,52,,,1,101,,9299,52,,,1,105,,9298,52,,,1,65,,9297,52,,,1,36,,9295,52,,,1,65,,9279,52,,,1,39,,9302,52,,,1,62,,9301,52,,,1,36,,9280,52,,,1,69,,9291,52,,,1,33,,9293,52,,,1,76,,9296,52,,,1,29,,9292,52,,,1,74,,9294,52,,,1,30,,9282,52,,,1,66,,9283,52,,,1,30,,9277,52,,,1,98,,9300,52,,,1,98,,9288,52,,,1,99,,9290,52,,,1,99,,9289,52,,,1,97,,9285,52,,,1,97,,9281,52,,,1,98,,9286,52,,,1
5002,'SEM',521,,9309,52,,,1,37,,9332,52,,,1,72,,9328,52,,,1,71,,9303,52,,,1,38,,9336,52,,,1,72,,9329,52,,,1,24,,9304,52,,,1,75,,9322,52,,,1,26,,9307,52,,,1,71,,9334,52,,,1,26,,9335,52,,,1,73,,9331,52,,,1,28,,9306,52,,,1,73,,9310,52,,,1,28,,9330,52,,,1,72,,9318,52,,,1,32,,9333,52,,,1,70,,9311,52,,,1,30,,9314,52,,,1,82,,9305,52,,,1,27,,9315,52,,,1,78,,9308,52,,,1,33,,9323,52,,,1,70,,9312,52,,,1,27,,9313,52,,,1,69,,9321,52,,,1,29,,9316,52,,,1,69,,9320,52,,,1,103,,9324,52,,,1,104,,9319,52,,,1,99,,9317,52,,,1,110,,9326,52,,,1,103,,9325,52,,,1,97,,9327,52,,,1
5602,'DIM',811,,9578,15,,,2,30,,9584,15,,,2,70,,9580,15,,,2,30,,9585,15,,,2,70,,9583,15,,,2,30,,9582,15,,,2,70,,9575,15,,,2,37,,9579,15,,,2,63,,9581,15,,,2,30,,9576,15,,,2,71,,9586,15,,,2,30,,9577,15,,,2,70,,9562,15,,,2,30,,9563,15,,,2,70,,9567,15,,,2,30,,9572,15,,,2,72,,9565,15,,,2,35,,9568,15,,,2,69,,9570,15,,,2,93,,9564,15,,,2,101,,9571,15,,,2,100,,9566,15,,,2,101,,9573,15,,,2,100,,9574,15,,,2,98,,9569,15,,,2
5602,'SAM',711,,9606,15,,,2,100,,9604,15,,,2,30,,9602,15,,,2,70,,9609,15,,,2,30,,9610,15,,,2,70,,9611,15,,,2,30,,9598,15,,,2,70,,9591,15,,,2,37,,9603,15,,,2,63,,9608,15,,,2,30,,9607,15,,,2,71,,9612,15,,,2,30,,9587,15,,,2,70,,9605,15,,,2,30,,9588,15,,,2,71,,9592,15,,,2,29,,9593,15,,,2,72,,9589,15,,,2,32,,9597,15,,,2,71,,9594,15,,,2,94,,9596,15,,,2,101,,9595,15,,,2,100,,9590,15,,,2,101,,9601,15,,,2,100,,9599,15,,,2,98,,9600,15,,,2
5602,'SEM',634,,9614,15,,,2,108,,9641,15,,,2,71,,9616,15,,,2,27,,9636,15,,,2,78,,9637,15,,,2,25,,9617,15,,,2,70,,9633,15,,,2,30,,9640,15,,,2,70,,9631,15,,,2,30,,9618,15,,,2,71,,9630,15,,,2,30,,9632,15,,,2,71,,9639,15,,,2,30,,9634,15,,,2,69,,9613,15,,,2,30,,9615,15,,,2,70,,9635,15,,,2,35,,9638,15,,,2,64,,9624,15,,,2,26,,9622,15,,,2,76,,9619,15,,,2,30,,9620,15,,,2,70,,9626,15,,,2,34,,9623,15,,,2,99,,9628,15,,,2,90,,9621,15,,,2,86,,9625,15,,,2,104,,9629,15,,,2,100,,9627,15,,,2
6002,'DIM',711,,9823,31,,,1,101,,9832,31,,,1,100,,9830,31,,,1,100,,9831,31,,,1,100,,9833,31,,,1,101,,9836,31,,,1,101,,9834,31,,,1,101,,9837,31,,,1,100,,9835,31,,,1,99,,9838,31,,,1,99,,9839,31,,,1,99,,9825,31,,,1,100,,9827,31,,,1,100,,9826,31,,,1,101,,9828,31,,,1,100,,9822,31,,,1,100,,9824,31,,,1,98,,9829,31,,,1
6002,'SAM',711,,9851,31,,,1,101,,9842,31,,,1,100,,9854,31,,,1,100,,9856,31,,,1,100,,9852,31,,,1,101,,9855,31,,,1,101,,9853,31,,,1,101,,9841,31,,,1,100,,9857,31,,,1,99,,9840,31,,,1,99,,9844,31,,,1,101,,9849,31,,,1,98,,9845,31,,,1,100,,9846,31,,,1,101,,9850,31,,,1,100,,9843,31,,,1,100,,9847,31,,,1,98,,9848,31,,,1
6002,'SEM',643,,9875,31,,,1,102,,9873,31,,,1,101,,9859,31,,,1,100,,9876,31,,,1,100,,9874,31,,,1,103,,9864,31,,,1,100,,9858,31,,,1,99,,9860,31,,,1,101,,9872,31,,,1,99,,9861,31,,,1,101,,9866,31,,,1,106,,9863,31,,,1,92,,9869,31,,,1,99,,9867,31,,,1,99,,9862,31,,,1,100,,9865,31,,,1,97,,9868,31,,,1,89,,9871,31,,,1,100,,9870,31,,,1
6304,'DIM',743,,10080,41,,,1,100,,10076,41,,,1,101,,10078,41,,,1,101,,10072,41,,,1,99,,10077,41,,,1,104,,10082,41,,,1,96,,10079,41,,,1,102,,10083,41,,,1,103,,10081,41,,,1,100,,10084,41,,,1,99,,10085,41,,,1,100,,10073,41,,,1,99,,10069,41,,,1,99,,10070,41,,,1,99,,10074,41,,,1,98,,10071,41,,,1,99,,10075,41,,,1
6304,'SAM',643,,10099,41,,,1,100,,10097,41,,,1,100,,10102,41,,,1,101,,10098,41,,,1,101,,10096,41,,,1,99,,10101,41,,,1,104,,10100,41,,,1,96,,10104,41,,,1,102,,10103,41,,,1,103,,10086,41,,,1,102,,10087,41,,,1,97,,10088,41,,,1,100,,10090,41,,,1,99,,10089,41,,,1,99,,10094,41,,,1,99,,10091,41,,,1,98,,10092,41,,,1,99,,10095,41,,,1,98,,10093,41,,,1
6304,'SEM',457,,10132,41,,,1,151,,10128,41,,,1,30,,10137,41,,,1,71,,10120,41,,,1,15,,10131,41,,,1,27,,10134,41,,,1,66,,10136,41,,,1,19,,10135,41,,,1,70,,10109,41,,,1,29,,10110,41,,,1,71,,10111,41,,,1,30,,10105,41,,,1,65,,10108,41,,,1,30,,10133,41,,,1,72,,10123,41,,,1,30,,10116,41,,,1,26,,10129,41,,,1,78,,10106,41,,,1,67,,10107,41,,,1,32,,10117,41,,,1,71,,10130,41,,,1,38,,10138,41,,,1,70,,10113,41,,,1,24,,10112,41,,,1,75,,10118,41,,,1,16,,10115,41,,,1,29,,10124,41,,,1,69,,10119,41,,,1,77,,10122,41,,,1,97,,10114,41,,,1,40,,10125,41,,,1,91,,10127,41,,,1,94,,10121,41,,,1,99,,10126,41,,,1
