1703,'DIM',624,,6801,21,,,1,89,,6794,21,,,1,99,,100,21,,,1,101,,6796,21,,,1,97,,6797,21,,,1,101,,6793,21,,,1,100,,6799,21,,,1,99,,6795,21,,,1,102,,6798,21,,,1,100,,6800,21,,,1,102,,6783,21,,,1,98,,6787,21,,,1,99,,6786,21,,,1,101,,6785,21,,,1,99,,6788,21,,,1,99,,6791,21,,,1,101,,6784,21,,,1,100,,6789,21,,,1,102,,6790,21,,,1,119,,6792,21,,,1
1703,'SAM',546,,6813,21,,,1,78,,6819,21,,,1,89,,121,21,,,1,99,,6810,21,,,1,101,,6812,21,,,1,97,,6814,21,,,1,100,,6818,21,,,1,101,,6816,21,,,1,100,,6811,21,,,1,101,,6817,21,,,1,100,,6815,21,,,1,102,,6820,21,,,1,99,,6821,21,,,1,99,,6802,21,,,1,100,,6807,21,,,1,99,,6804,21,,,1,99,,6803,21,,,1,101,,6805,21,,,1,100,,6808,21,,,1,102,,6809,21,,,1,119,,6806,21,,,1
1703,'SEM',606,,6839,21,,,1,102,,6841,21,,,1,105,,6840,21,,,1,96,,6825,21,,,1,101,,6838,21,,,1,100,,6837,21,,,1,100,,6843,21,,,1,101,,6826,21,,,1,100,,6823,21,,,1,98,,6842,21,,,1,35,,6845,21,,,1,60,,6844,21,,,1,36,,6822,21,,,1,63,,6833,21,,,1,38,,6824,21,,,1,79,,6827,21,,,1,30,,6830,21,,,1,68,,6835,21,,,1,99,,6836,21,,,1,100,,6828,21,,,1,100,,6829,21,,,1,100,,6831,21,,,1,100,,6832,21,,,1,103,,6834,21,,,1
3103,'DIM',643,,7731,23,,,1,99,,7730,23,,,1,99,,1058,23,,,1,99,,7735,23,,,1,99,,7734,23,,,1,100,,7732,23,,,1,102,,7721,23,,,1,101,,7733,23,,,1,99,,7720,23,,,1,102,,7719,23,,,1,99,,7724,23,,,1,98,,7726,23,,,1,103,,7725,23,,,1,97,,7727,23,,,1,101,,7723,23,,,1,100,,7722,23,,,1,100,,7728,23,,,1,101,,7729,23,,,1
3103,'SAM',643,,7748,23,,,1,99,,7747,23,,,1,99,,1075,23,,,1,99,,7752,23,,,1,99,,7753,23,,,1,100,,7749,23,,,1,100,,7745,23,,,1,102,,7750,23,,,1,100,,7746,23,,,1,102,,7751,23,,,1,100,,7740,23,,,1,98,,7742,23,,,1,100,,7738,23,,,1,100,,7743,23,,,1,100,,7736,23,,,1,100,,7737,23,,,1,100,,7739,23,,,1,102,,7741,23,,,1,95,,7744,23,,,1
3103,'SEM',638,,7775,23,,,1,99,,7773,23,,,1,100,,7774,23,,,1,101,,7754,23,,,1,101,,7755,23,,,1,100,,7757,23,,,1,100,,7776,23,,,1,100,,7756,23,,,1,101,,7761,23,,,1,98,,7762,23,,,1,11,,7763,23,,,1,77,,7758,23,,,1,29,,7767,23,,,1,80,,7764,23,,,1,69,,7760,23,,,1,36,,7772,23,,,1,69,,7759,23,,,1,36,,7771,23,,,1,100,,7765,23,,,1,101,,7768,23,,,1,100,,7769,23,,,1,98,,7766,23,,,1,114,,7770,23,,,1
7303,'DIM',658,,10582,21,,,1,99,,10579,21,,,1,100,,10580,21,,,1,98,,10583,21,,,1,100,,10586,21,,,1,100,,10581,21,,,1,100,,10584,21,,,1,102,,10578,21,,,1,99,,10585,21,,,1,102,,10587,21,,,1,99,,10572,21,,,1,99,,10569,21,,,1,101,,10575,21,,,1,99,,10571,21,,,1,100,,10570,21,,,1,100,,10573,21,,,1,100,,10574,21,,,1,102,,10577,21,,,1,145,,10576,21,,,1
7303,'SAM',604,,10601,21,,,1,54,,10598,21,,,1,99,,10597,21,,,1,100,,10602,21,,,1,98,,10604,21,,,1,101,,10600,21,,,1,99,,10591,21,,,1,100,,10603,21,,,1,102,,10599,21,,,1,99,,10605,21,,,1,102,,10606,21,,,1,101,,10590,21,,,1,98,,10588,21,,,1,99,,10589,21,,,1,100,,10593,21,,,1,100,,10592,21,,,1,100,,4040,21,,,1,100,,10594,21,,,1,102,,4041,21,,,1,145,,10595,21,,,1,100,,4042,21,,,1,100,,10596,21,,,1
7303,'SEM',551,,10643,21,,,1,66,,10640,21,,,1,38,,10639,21,,,1,50,,10644,21,,,1,39,,10633,21,,,1,56,,10609,21,,,1,43,,10641,21,,,1,12,,10608,21,,,1,70,,10626,21,,,1,31,,10642,21,,,1,69,,10610,21,,,1,31,,10615,21,,,1,69,,10625,21,,,1,32,,10616,21,,,1,69,,10645,21,,,1,30,,10611,21,,,1,70,,10614,21,,,1,30,,10620,21,,,1,70,,10607,21,,,1,30,,10617,21,,,1,75,,10646,21,,,1,25,,10627,21,,,1,55,,10619,21,,,1,21,,10612,21,,,1,16,,10613,21,,,1,63,,10623,21,,,1,16,,10621,21,,,1,30,,10634,21,,,1,55,,10622,21,,,1,16,,10618,21,,,1,72,,10628,21,,,1,30,,10631,21,,,1,72,,10624,21,,,1,99,,10636,21,,,1,100,,10629,21,,,1,100,,10635,21,,,1,100,,10630,21,,,1,41,,10632,21,,,1,95,,10637,21,,,1,121,,10638,21,,,1
7401,'DIM',728,,10736,21,,,2,99,,10737,21,,,2,101,,10740,21,,,2,97,,10739,21,,,2,101,,10741,21,,,2,100,,10738,21,,,2,101,,10735,21,,,2,99,,10734,21,,,2,102,,10742,21,,,2,99,,10728,21,,,2,102,,10729,21,,,2,99,,10731,21,,,2,99,,10732,21,,,2,99,,10733,21,,,2,101,,10727,21,,,2,99,,10726,21,,,2,101,,10730,21,,,2
7401,'SAM',728,,10751,21,,,2,99,,10753,21,,,2,101,,10752,21,,,2,98,,10755,21,,,2,100,,10757,21,,,2,100,,10759,21,,,2,102,,10754,21,,,2,98,,10758,21,,,2,101,,10756,21,,,2,100,,10743,21,,,2,101,,10746,21,,,2,101,,10748,21,,,2,99,,10747,21,,,2,98,,10749,21,,,2,101,,10744,21,,,2,99,,10750,21,,,2,101,,10745,21,,,2
7401,'SEM',630,,10776,21,,,2,95,,10760,21,,,2,101,,10775,21,,,2,103,,10764,21,,,2,101,,10765,21,,,2,101,,10779,21,,,2,99,,10763,21,,,2,101,,10778,21,,,2,100,,10777,21,,,2,93,,10762,21,,,2,94,,10766,21,,,2,101,,10761,21,,,2,30,,10768,21,,,2,84,,10774,21,,,2,99,,10767,21,,,2,101,,10770,21,,,2,100,,10771,21,,,2,100,,10769,21,,,2,100,,10772,21,,,2,95,,10773,21,,,2
