2201,'DIM',641,,7023,35,,,2,101,,7027,35,,,2,104,,7026,35,,,2,99,,7025,35,,,2,101,,7022,35,,,2,99,,7024,35,,,2,101,,7029,35,,,2,102,,7031,35,,,2,96,,7028,35,,,2,105,,7030,35,,,2,99,,7016,35,,,2,100,,7018,35,,,2,97,,7017,35,,,2,102,,7020,35,,,2,100,,7019,35,,,2,100,,7021,35,,,2
2201,'SAM',641,,7040,35,,,2,101,,7042,35,,,2,104,,7039,35,,,2,99,,7041,35,,,2,102,,7044,35,,,2,99,,7048,35,,,2,101,,7047,35,,,2,101,,7043,35,,,2,96,,7045,35,,,2,102,,7046,35,,,2,102,,7033,35,,,2,101,,7036,35,,,2,96,,7034,35,,,2,102,,7032,35,,,2,100,,7038,35,,,2,100,,7037,35,,,2,100,,7035,35,,,2
2201,'SEM',636,,7064,35,,,2,100,,7052,35,,,2,94,,7050,35,,,2,80,,7049,35,,,2,34,,7066,35,,,2,101,,7051,35,,,2,100,,7065,35,,,2,100,,7067,35,,,2,100,,7054,35,,,2,96,,7055,35,,,2,105,,7053,35,,,2,100,,7059,35,,,2,100,,7057,35,,,2,99,,7056,35,,,2,98,,7058,35,,,2,104,,7062,35,,,2,100,,7060,35,,,2,95,,7061,35,,,2,98,,7063,35,,,2
5801,'DIM',544,,9661,50,,,2,101,,9643,50,,,2,91,,9652,50,,,2,100,,9655,50,,,2,99,,9658,50,,,2,100,,9651,50,,,2,102,,9660,50,,,2,98,,9657,50,,,2,103,,9654,50,,,2,99,,9656,50,,,2,102,,9653,50,,,2,99,,9646,50,,,2,101,,9659,50,,,2,99,,9642,50,,,2,99,,9650,50,,,2,99,,9645,50,,,2,100,,9644,50,,,2,100,,9648,50,,,2,99,,9647,50,,,2,110,,9649,50,,,2
5801,'SAM',544,,9681,50,,,2,101,,9673,50,,,2,91,,9672,50,,,2,100,,9677,50,,,2,100,,9675,50,,,2,99,,9678,50,,,2,102,,9680,50,,,2,98,,9662,50,,,2,101,,9671,50,,,2,101,,9676,50,,,2,101,,9674,50,,,2,101,,9679,50,,,2,100,,9665,50,,,2,100,,9669,50,,,2,98,,9663,50,,,2,99,,9670,50,,,2,100,,9666,50,,,2,100,,9668,50,,,2,99,,9664,50,,,2,110,,9667,50,,,2
5801,'SEM',535,,9695,50,,,2,68,,9692,50,,,2,42,,9705,50,,,2,84,,9693,50,,,2,86,,9699,50,,,2,85,,9686,50,,,2,59,,9706,50,,,2,100,,9682,50,,,2,100,,9687,50,,,2,100,,9704,50,,,2,100,,9683,50,,,2,87,,9694,50,,,2,71,,9684,50,,,2,32,,9707,50,,,2,69,,9689,50,,,2,35,,9691,50,,,2,69,,9690,50,,,2,27,,9685,50,,,2,69,,9703,50,,,2,29,,9688,50,,,2,70,,9701,50,,,2,100,,9702,50,,,2,99,,9697,50,,,2,99,,9696,50,,,2,100,,9698,50,,,2,98,,9700,50,,,2
22201,'DIM',1413,,11475,35,,,2,815,,11473,35,,,2,83,,11474,35,,,2
22201,'SAM',1413,,11480,35,,,2,815,,11476,35,,,2,83,,11477,35,,,2,100,,11479,35,,,2,112,,11478,35,,,2
22201,'SEM',716,,11481,35,,,2,10,,11482,35,,,2,683,,11483,35,,,2,100,,11484,35,,,2,106,,11488,35,,,2,100,,11486,35,,,2,90,,11485,35,,,2,625,,11487,35,,,2
32201,'DIM',522,,11591,36,,,2,801,,11593,35,,,2,802,,11592,35,,,2
32201,'SAM',522,,11594,36,,,2,801,,11595,35,,,2
32201,'SEM',523,,11596,36,,,2,19,,11597,36,,,2,67,,11598,36,,,2,715,,11599,35,,,2,801,,11600,35,,,2
