1704,'DIM',512,,6858,44,,,1,90,,6859,44,,,1,101,,6863,44,,,1,103,,6857,44,,,1,101,,165,44,,,1,101,,6861,44,,,1,101,,6862,44,,,1,100,,6864,44,,,1,101,,6865,44,,,1,101,,6860,44,,,1,102,,6846,44,,,1,99,,6847,44,,,1,100,,6850,44,,,1,100,,6852,44,,,1,98,,6851,44,,,1,98,,6849,44,,,1,100,,6853,44,,,1,98,,6856,44,,,1,99,,6848,44,,,1,99,,6854,44,,,1,96,,6855,44,,,1
1704,'SAM',512,,6878,44,,,1,90,,6879,44,,,1,101,,6885,44,,,1,103,,6882,44,,,1,101,,6877,44,,,1,101,,6881,44,,,1,101,,6886,44,,,1,100,,6884,44,,,1,101,,6883,44,,,1,101,,6880,44,,,1,101,,6867,44,,,1,100,,6868,44,,,1,101,,6870,44,,,1,99,,6872,44,,,1,98,,6866,44,,,1,98,,6874,44,,,1,100,,6871,44,,,1,98,,6869,44,,,1,99,,6873,44,,,1,99,,6875,44,,,1,96,,6876,44,,,1
1704,'SEM',524,,6901,44,,,1,94,,6906,44,,,1,22,,6909,44,,,1,62,,6888,44,,,1,27,,6892,44,,,1,76,,6893,44,,,1,21,,6887,44,,,1,98,,6890,44,,,1,85,,6891,44,,,1,100,,6894,44,,,1,100,,6905,44,,,1,100,,6907,44,,,1,100,,6896,44,,,1,102,,6908,44,,,1,101,,6889,44,,,1,105,,6897,44,,,1,95,,6895,44,,,1,97,,6898,44,,,1,100,,6903,44,,,1,100,,6904,44,,,1,99,,6899,44,,,1,100,,6900,44,,,1,99,,6902,44,,,1
2704,'DIM',759,,7675,49,,,2,141,,7676,49,,,2,100,,7671,49,,,2,59,,7673,49,,,2,98,,7674,49,,,2,143,,7670,49,,,2,55,,7677,49,,,2,147,,7672,49,,,2,100,,7663,49,,,2,100,,7667,49,,,2,100,,7668,49,,,2,99,,7664,49,,,2,100,,7666,49,,,2,58,,7665,49,,,2,100,,7669,49,,,2,100,,7662,49,,,2
2704,'SAM',658,,7690,49,,,2,101,,7686,49,,,2,141,,7687,49,,,2,100,,7685,49,,,2,59,,7694,49,,,2,100,,7689,49,,,2,141,,7692,49,,,2,54,,7688,49,,,2,148,,7691,49,,,2,100,,7681,49,,,2,100,,7682,49,,,2,53,,7684,49,,,2,146,,7693,49,,,2,100,,7680,49,,,2,58,,7683,49,,,2,100,,7678,49,,,2,100,,7679,49,,,2
2704,'SEM',622,,7716,49,,,2,28,,7696,49,,,2,68,,7713,49,,,2,28,,7699,49,,,2,67,,7700,49,,,2,28,,7718,49,,,2,66,,7715,49,,,2,49,,7714,49,,,2,100,,7703,49,,,2,148,,7695,49,,,2,55,,7717,49,,,2,88,,7698,49,,,2,106,,7697,49,,,2,147,,7708,49,,,2,37,,7709,49,,,2,80,,7704,49,,,2,13,,7701,49,,,2,70,,7702,49,,,2,31,,7706,49,,,2,75,,7711,49,,,2,100,,7707,49,,,2,45,,7710,49,,,2,95,,7705,49,,,2,104,,7712,49,,,2
3104,'DIM',632,,7789,54,,,1,104,,7790,54,,,1,100,,7788,54,,,1,102,,7794,54,,,1,101,,7795,54,,,1,100,,7793,54,,,1,100,,7791,54,,,1,103,,7779,54,,,1,101,,7792,54,,,1,100,,7778,54,,,1,101,,7777,54,,,1,99,,7782,54,,,1,97,,7784,54,,,1,102,,7783,54,,,1,96,,7785,54,,,1,99,,7781,54,,,1,99,,7780,54,,,1,98,,7786,54,,,1,102,,7787,54,,,1
3104,'SAM',532,,1137,54,,,1,100,,7805,54,,,1,104,,7808,54,,,1,100,,7807,54,,,1,102,,7810,54,,,1,101,,7813,54,,,1,100,,7814,54,,,1,100,,7809,54,,,1,102,,7804,54,,,1,101,,7811,54,,,1,101,,7806,54,,,1,101,,7812,54,,,1,100,,7800,54,,,1,97,,7802,54,,,1,99,,7798,54,,,1,99,,7803,54,,,1,98,,7796,54,,,1,99,,7797,54,,,1,98,,7799,54,,,1,102,,7801,54,,,1
3104,'SEM',456,,7823,54,,,1,77,,7824,54,,,1,92,,7835,54,,,1,21,,7837,54,,,1,64,,7817,54,,,1,34,,7836,54,,,1,68,,7833,54,,,1,29,,7831,54,,,1,75,,7832,54,,,1,22,,7834,54,,,1,100,,7815,54,,,1,102,,7816,54,,,1,100,,7819,54,,,1,101,,7838,54,,,1,100,,7818,54,,,1,102,,7821,54,,,1,100,,7822,54,,,1,96,,7820,54,,,1,103,,7825,54,,,1,96,,7830,54,,,1,105,,7829,54,,,1,99,,7826,54,,,1,101,,7827,54,,,1,100,,7828,54,,,1
4304,'DIM',508,,8722,29,,,1,103,,8716,29,,,1,100,,8712,29,,,1,102,,8714,29,,,1,102,,8719,29,,,1,100,,8717,29,,,1,106,,8718,29,,,1,100,,8715,29,,,1,100,,8723,29,,,1,100,,8720,29,,,1,104,,8721,29,,,1,99,,8704,29,,,1,99,,8705,29,,,1,101,,8707,29,,,1,94,,8710,29,,,1,98,,8709,29,,,1,99,,8706,29,,,1,99,,8708,29,,,1,100,,8713,29,,,1,100,,8711,29,,,1
4304,'SAM',508,,8740,29,,,1,103,,8737,29,,,1,100,,8734,29,,,1,102,,8725,29,,,1,102,,8741,29,,,1,100,,8726,29,,,1,106,,8727,29,,,1,100,,8738,29,,,1,100,,8735,29,,,1,100,,8742,29,,,1,103,,8736,29,,,1,101,,8739,29,,,1,98,,8724,29,,,1,97,,8743,29,,,1,98,,8731,29,,,1,98,,8728,29,,,1,99,,2109,29,,,1,99,,8729,29,,,1,100,,8730,29,,,1,100,,8733,29,,,1,98,,8732,29,,,1
4304,'SEM',524,,8765,29,,,1,76,,8771,29,,,1,35,,8744,29,,,1,65,,8746,29,,,1,21,,8769,29,,,1,31,,8745,29,,,1,73,,8770,29,,,1,33,,8749,29,,,1,75,,8766,29,,,1,68,,8772,29,,,1,31,,8748,29,,,1,70,,8767,29,,,1,30,,8755,29,,,1,70,,8751,29,,,1,30,,8774,29,,,1,70,,8773,29,,,1,30,,8768,29,,,1,72,,8752,29,,,1,29,,8753,29,,,1,70,,8757,29,,,1,36,,8775,29,,,1,66,,8747,29,,,1,26,,8754,29,,,1,70,,8750,29,,,1,56,,8756,29,,,1,97,,8761,29,,,1,100,,8763,29,,,1,101,,8764,29,,,1,99,,8758,29,,,1,101,,8759,29,,,1,150,,8760,29,,,1,20,,8762,29,,,1
6001,'DIM',814,,9768,53,,,1,103,,9776,53,,,1,102,,9774,53,,,1,104,,9775,53,,,1,101,,9777,53,,,1,102,,9780,53,,,1,102,,9778,53,,,1,100,,9781,53,,,1,100,,9779,53,,,1,102,,9782,53,,,1,92,,9783,53,,,1,99,,9770,53,,,1,98,,9772,53,,,1,97,,9771,53,,,1,99,,9773,53,,,1,99,,9767,53,,,1,100,,9769,53,,,1
6001,'SAM',710,,9790,53,,,1,104,,9795,53,,,1,103,,9786,53,,,1,102,,9798,53,,,1,103,,9800,53,,,1,102,,9796,53,,,1,102,,9799,53,,,1,102,,9797,53,,,1,100,,9785,53,,,1,100,,9801,53,,,1,102,,9784,53,,,1,92,,9788,53,,,1,100,,9793,53,,,1,97,,9789,53,,,1,97,,9791,53,,,1,99,,9794,53,,,1,99,,9787,53,,,1,100,,9792,53,,,1
6001,'SEM',556,,9816,53,,,1,101,,9802,53,,,1,87,,9820,53,,,1,78,,9814,53,,,1,37,,9818,53,,,1,141,,9804,53,,,1,101,,9821,53,,,1,101,,9819,53,,,1,104,,9805,53,,,1,100,,9803,53,,,1,101,,9815,53,,,1,102,,9817,53,,,1,99,,9806,53,,,1,102,,9810,53,,,1,96,,9808,53,,,1,49,,9813,53,,,1,98,,9811,53,,,1,98,,9807,53,,,1,99,,9809,53,,,1,94,,9812,53,,,1
7304,'DIM',547,,10665,72,,,1,70,,10654,72,,,1,103,,10658,72,,,1,101,,10661,72,,,1,102,,10657,72,,,1,101,,10659,72,,,1,100,,10662,72,,,1,100,,10666,72,,,1,102,,10660,72,,,1,101,,10663,72,,,1,101,,10656,72,,,1,100,,10664,72,,,1,100,,10667,72,,,1,99,,10650,72,,,1,99,,10647,72,,,1,97,,10653,72,,,1,99,,10649,72,,,1,99,,10648,72,,,1,98,,10651,72,,,1,101,,10652,72,,,1,99,,10655,72,,,1
7304,'SAM',547,,10686,72,,,1,70,,10676,72,,,1,103,,10681,72,,,1,101,,10678,72,,,1,102,,10677,72,,,1,101,,10682,72,,,1,100,,10684,72,,,1,101,,10680,72,,,1,101,,10671,72,,,1,101,,10683,72,,,1,101,,10679,72,,,1,100,,10685,72,,,1,100,,10687,72,,,1,99,,10670,72,,,1,98,,10668,72,,,1,98,,10669,72,,,1,99,,10673,72,,,1,99,,10672,72,,,1,98,,4131,72,,,1,101,,10674,72,,,1,99,,4133,72,,,1,100,,10675,72,,,1,99,,4134,72,,,1
7304,'SEM',509,,10719,72,,,1,42,,10716,72,,,1,82,,10722,72,,,1,18,,10725,72,,,1,71,,10721,72,,,1,15,,10718,72,,,1,14,,10694,72,,,1,68,,10696,72,,,1,14,,10717,72,,,1,15,,10723,72,,,1,65,,10712,72,,,1,31,,10690,72,,,1,80,,10689,72,,,1,29,,10705,72,,,1,70,,10720,72,,,1,30,,10691,72,,,1,71,,10695,72,,,1,76,,10704,72,,,1,26,,10697,72,,,1,30,,10724,72,,,1,70,,10692,72,,,1,30,,10693,72,,,1,73,,10701,72,,,1,71,,10688,72,,,1,32,,10698,72,,,1,79,,10708,72,,,1,22,,10706,72,,,1,67,,10700,72,,,1,29,,10707,72,,,1,76,,10702,72,,,1,20,,10713,72,,,1,29,,10699,72,,,1,70,,10709,72,,,1,30,,10711,72,,,1,73,,10703,72,,,1,96,,10715,72,,,1,99,,10710,72,,,1,102,,10714,72,,,1
7402,'DIM',648,,10786,85,,,2,102,,10789,85,,,2,101,,6451,85,,,2,101,,10790,85,,,2,102,,10788,85,,,2,100,,10787,85,,,2,101,,10793,85,,,2,100,,10792,85,,,2,103,,10794,85,,,2,99,,10791,85,,,2,99,,10781,85,,,2,101,,10780,85,,,2,98,,10782,85,,,2,98,,10783,85,,,2,99,,6443,85,,,2,100,,10784,85,,,2,98,,10785,85,,,2
7402,'SAM',648,,10802,85,,,2,102,,10806,85,,,2,101,,10804,85,,,2,101,,10801,85,,,2,102,,10805,85,,,2,100,,10807,85,,,2,101,,10810,85,,,2,101,,10803,85,,,2,100,,10808,85,,,2,101,,10811,85,,,2,100,,10809,85,,,2,99,,10795,85,,,2,99,,10797,85,,,2,98,,10799,85,,,2,99,,10798,85,,,2,100,,10800,85,,,2,98,,10796,85,,,2
7402,'SEM',607,,10825,85,,,2,49,,10830,85,,,2,60,,10813,85,,,2,42,,10824,85,,,2,100,,10814,85,,,2,99,,10812,85,,,2,99,,10816,85,,,2,101,,10826,85,,,2,97,,10829,85,,,2,100,,10815,85,,,2,101,,10828,85,,,2,102,,10827,85,,,2,100,,10817,85,,,2,97,,10818,85,,,2,100,,10821,85,,,2,97,,10823,85,,,2,99,,10819,85,,,2,102,,10820,85,,,2,98,,10822,85,,,2
