1703,'DIM',635,,6801,49,,,1,89,,6794,49,,,1,101,,100,49,,,1,102,,6796,49,,,1,97,,6797,49,,,1,103,,6793,49,,,1,100,,6799,49,,,1,99,,6795,49,,,1,102,,6798,49,,,1,100,,6800,49,,,1,102,,6783,49,,,1,98,,6787,49,,,1,98,,6786,49,,,1,101,,6785,49,,,1,98,,6788,49,,,1,99,,6791,49,,,1,100,,6784,49,,,1,100,,6789,49,,,1,102,,6790,49,,,1,116,,6792,49,,,1
1703,'SAM',557,,6813,49,,,1,78,,6819,49,,,1,89,,121,49,,,1,101,,6810,49,,,1,102,,6812,49,,,1,97,,6814,49,,,1,102,,6818,49,,,1,101,,6816,49,,,1,100,,6811,49,,,1,101,,6817,49,,,1,100,,6815,49,,,1,102,,6820,49,,,1,99,,6821,49,,,1,98,,6802,49,,,1,100,,6807,49,,,1,98,,6804,49,,,1,99,,6803,49,,,1,100,,6805,49,,,1,100,,6808,49,,,1,102,,6809,49,,,1,116,,6806,49,,,1
1703,'SEM',618,,6839,49,,,1,104,,6841,49,,,1,106,,6840,49,,,1,96,,6825,49,,,1,101,,6838,49,,,1,101,,6837,49,,,1,100,,6843,49,,,1,101,,6826,49,,,1,100,,6823,49,,,1,99,,6842,49,,,1,75,,6845,49,,,1,20,,6844,49,,,1,36,,6822,49,,,1,63,,6833,49,,,1,37,,6824,49,,,1,79,,6827,49,,,1,70,,6830,49,,,1,27,,6835,49,,,1,99,,6836,49,,,1,100,,6828,49,,,1,100,,6829,49,,,1,99,,6831,49,,,1,99,,6832,49,,,1,102,,6834,49,,,1
3903,'DIM',858,,1407,62,,,1,100,,8065,72,,,1,70,,8070,72,,,1,31,,8071,72,,,1,70,,8068,72,,,1,74,,8069,72,,,1,26,,8072,72,,,1,30,,8062,72,,,1,71,,8066,72,,,1,70,,8063,72,,,1,31,,8049,72,,,1,70,,8052,72,,,1,32,,8055,72,,,1,70,,8067,72,,,1,31,,8056,72,,,1,70,,8057,72,,,1,25,,8058,72,,,1,18,,8064,72,,,1,10,,8059,72,,,1,64,,8053,72,,,1,25,,8060,72,,,1,98,,8050,72,,,1,100,,8061,72,,,1,98,,8051,72,,,1,104,,8054,72,,,1
3903,'SAM',858,,8097,62,,,1,100,,8092,72,,,1,70,,8096,72,,,1,31,,8073,72,,,1,70,,8087,72,,,1,74,,8090,72,,,1,26,,8089,72,,,1,71,,8074,72,,,1,30,,8088,72,,,1,70,,8091,72,,,1,31,,8075,72,,,1,70,,8094,72,,,1,32,,8078,72,,,1,70,,8079,72,,,1,31,,8081,72,,,1,70,,8095,72,,,1,25,,8082,72,,,1,18,,8093,72,,,1,11,,8080,72,,,1,63,,8077,72,,,1,29,,8076,72,,,1,96,,8084,72,,,1,98,,8083,72,,,1,98,,8086,72,,,1,104,,8085,72,,,1
3903,'SEM',751,,8120,72,,,1,101,,8102,72,,,1,104,,8100,72,,,1,72,,8104,72,,,1,29,,8121,72,,,1,71,,8122,72,,,1,29,,8115,72,,,1,71,,8119,72,,,1,28,,8123,72,,,1,78,,8099,72,,,1,73,,8106,72,,,1,27,,8108,72,,,1,72,,8109,72,,,1,35,,8098,72,,,1,78,,8116,72,,,1,23,,8110,72,,,1,68,,8101,72,,,1,25,,8103,72,,,1,73,,8111,72,,,1,39,,8112,72,,,1,79,,8105,72,,,1,98,,8107,72,,,1,95,,8113,72,,,1,103,,8117,72,,,1,95,,8114,72,,,1,86,,8118,72,,,1
4503,'DIM',702,,8779,50,,,1,100,,8789,50,,,1,101,,8787,50,,,1,99,,8793,50,,,1,101,,8788,50,,,1,98,,8791,50,,,1,105,,8781,50,,,1,101,,8785,50,,,1,98,,8778,50,,,1,102,,8776,50,,,1,52,,8790,50,,,1,142,,8792,50,,,1,103,,8777,50,,,1,102,,8786,50,,,1,101,,8780,50,,,1,99,,8783,50,,,1,99,,8784,50,,,1,101,,8782,50,,,1
4503,'SAM',702,,8807,50,,,1,100,,8803,50,,,1,101,,8806,50,,,1,99,,8805,50,,,1,101,,8795,50,,,1,97,,8804,50,,,1,106,,8808,50,,,1,100,,8799,50,,,1,101,,8810,50,,,1,101,,8809,50,,,1,51,,8811,50,,,1,145,,8794,50,,,1,100,,8801,50,,,1,102,,8796,50,,,1,101,,8800,50,,,1,99,,8798,50,,,1,99,,8802,50,,,1,101,,8797,50,,,1
4503,'SEM',653,,8817,50,,,1,58,,8815,50,,,1,35,,8812,50,,,1,68,,8832,50,,,1,25,,8816,50,,,1,79,,8814,50,,,1,25,,8833,50,,,1,110,,8831,50,,,1,100,,8820,50,,,1,95,,8818,50,,,1,100,,8834,50,,,1,103,,8813,50,,,1,106,,8835,50,,,1,68,,8822,50,,,1,87,,8825,50,,,1,18,,8819,50,,,1,17,,8826,50,,,1,71,,8828,50,,,1,39,,8824,50,,,1,98,,8823,50,,,1,100,,8827,50,,,1,100,,8830,50,,,1,99,,8821,50,,,1,95,,8829,50,,,1
7401,'DIM',742,,10736,51,,,2,100,,10737,51,,,2,102,,10740,51,,,2,98,,10739,51,,,2,101,,10741,51,,,2,100,,10738,51,,,2,101,,10735,51,,,2,99,,10734,51,,,2,102,,10742,51,,,2,98,,10728,51,,,2,102,,10729,51,,,2,99,,10731,51,,,2,98,,10732,51,,,2,99,,10733,51,,,2,101,,10727,51,,,2,99,,10726,51,,,2,100,,10730,51,,,2
7401,'SAM',742,,10751,51,,,2,100,,10753,51,,,2,102,,10752,51,,,2,99,,10755,51,,,2,100,,10757,51,,,2,100,,10759,51,,,2,102,,10754,51,,,2,98,,10758,51,,,2,101,,10756,51,,,2,99,,10743,51,,,2,101,,10746,51,,,2,101,,10748,51,,,2,98,,10747,51,,,2,98,,10749,51,,,2,101,,10744,51,,,2,99,,10750,51,,,2,100,,10745,51,,,2
7401,'SEM',645,,10776,51,,,2,96,,10760,51,,,2,101,,10775,51,,,2,103,,10764,51,,,2,101,,10765,51,,,2,101,,10779,51,,,2,100,,10763,51,,,2,101,,10778,51,,,2,100,,10777,51,,,2,93,,10762,51,,,2,95,,10766,51,,,2,101,,10761,51,,,2,70,,10768,51,,,2,42,,10774,51,,,2,99,,10767,51,,,2,101,,10770,51,,,2,100,,10771,51,,,2,99,,10769,51,,,2,99,,10772,51,,,2,95,,10773,51,,,2
