4202,'DIM',525,,8490,104,,,2,82,,8531,104,,,2,27,,8501,104,,,2,71,,8489,104,,,2,32,,8513,104,,,2,70,,8511,104,,,2,33,,8532,104,,,2,73,,8516,104,,,2,33,,8512,104,,,2,72,,8520,104,,,2,31,,8524,104,,,2,63,,8530,104,,,2,22,,8526,104,,,2,22,,8517,104,,,2,62,,8522,104,,,2,19,,8518,104,,,2,20,,8521,104,,,2,58,,8506,104,,,2,24,,8509,104,,,2,20,,8508,104,,,2,62,,8510,104,,,2,19,,8515,104,,,2,60,,8514,104,,,2,18,,8534,104,,,2,21,,8527,104,,,2,61,,8523,104,,,2,21,,8519,104,,,2,21,,8529,104,,,2,59,,8494,104,,,2,20,,8495,104,,,2,21,,8496,104,,,2,62,,8528,104,,,2,35,,8525,104,,,2,73,,8533,104,,,2,29,,8505,104,,,2,70,,8492,104,,,2,32,,8491,104,,,2,70,,8500,104,,,2,27,,8488,104,,,2,67,,8497,104,,,2,28,,8507,104,,,2,68,,8493,104,,,2,29,,8499,104,,,2,70,,8503,104,,,2,27,,8504,104,,,2,29,,8498,104,,,2,74,,8502,104,,,2
4202,'SAM',525,,8537,104,,,2,82,,8539,104,,,2,27,,8557,104,,,2,71,,8535,104,,,2,32,,8565,104,,,2,70,,8563,104,,,2,33,,8540,104,,,2,73,,8571,104,,,2,33,,8567,104,,,2,72,,8566,104,,,2,31,,8570,104,,,2,63,,8582,104,,,2,22,,8576,104,,,2,22,,8580,104,,,2,61,,8575,104,,,2,20,,8578,104,,,2,20,,8560,104,,,2,58,,8573,104,,,2,23,,8564,104,,,2,21,,8556,104,,,2,61,,8562,104,,,2,20,,8536,104,,,2,60,,8569,104,,,2,18,,8568,104,,,2,21,,8561,104,,,2,61,,8572,104,,,2,21,,8538,104,,,2,20,,8574,104,,,2,59,,8577,104,,,2,21,,8543,104,,,2,21,,8579,104,,,2,62,,8581,104,,,2,34,,8549,104,,,2,73,,8551,104,,,2,30,,8553,104,,,2,70,,8555,104,,,2,35,,8541,104,,,2,67,,8544,104,,,2,27,,8558,104,,,2,67,,8546,104,,,2,28,,8548,104,,,2,71,,8542,104,,,2,25,,8545,104,,,2,70,,8547,104,,,2,28,,8550,104,,,2,29,,8552,104,,,2,74,,8554,104,,,2,70,,8559,104,,,2
4202,'SEM',527,,8625,104,,,2,99,,8627,104,,,2,74,,8631,104,,,2,17,,8634,104,,,2,18,,8583,104,,,2,10,,8585,104,,,2,12,,8588,104,,,2,49,,8591,104,,,2,10,,8633,104,,,2,12,,8630,104,,,2,21,,8586,104,,,2,59,,8601,104,,,2,21,,8587,104,,,2,22,,8635,104,,,2,62,,8632,104,,,2,19,,8589,104,,,2,21,,8626,104,,,2,60,,8584,104,,,2,19,,8629,104,,,2,22,,8593,104,,,2,60,,8618,104,,,2,21,,8628,104,,,2,24,,8595,104,,,2,57,,8615,104,,,2,24,,8597,104,,,2,60,,8599,104,,,2,21,,8600,104,,,2,23,,8592,104,,,2,57,,8602,104,,,2,21,,8603,104,,,2,20,,8604,104,,,2,62,,8590,104,,,2,21,,8606,104,,,2,20,,8636,104,,,2,60,,8609,104,,,2,19,,8610,104,,,2,20,,8611,104,,,2,61,,8613,104,,,2,16,,8594,104,,,2,21,,8616,104,,,2,60,,8596,104,,,2,22,,8605,104,,,2,23,,8598,104,,,2,59,,8622,104,,,2,30,,8624,104,,,2,84,,8621,104,,,2,35,,8623,104,,,2,67,,8607,104,,,2,29,,8608,104,,,2,67,,8612,104,,,2,26,,8614,104,,,2,75,,8620,104,,,2,26,,8617,104,,,2,71,,8619,104,,,2
5601,'DIM',659,,9496,42,,,2,100,,9498,42,,,2,100,,9495,42,,,2,70,,9501,42,,,2,71,,9494,42,,,2,29,,9493,42,,,2,71,,9500,42,,,2,30,,9499,42,,,2,70,,9490,42,,,2,32,,9503,42,,,2,70,,9497,42,,,2,30,,9491,42,,,2,71,,9504,42,,,2,30,,9492,42,,,2,70,,9481,42,,,2,30,,9482,42,,,2,70,,9484,42,,,2,30,,9488,42,,,2,74,,9502,42,,,2,33,,9485,42,,,2,69,,9486,42,,,2,91,,9505,42,,,2,100,,9487,42,,,2,100,,9483,42,,,2,100,,9489,42,,,2
5601,'SAM',659,,9524,42,,,2,100,,9520,42,,,2,100,,9519,42,,,2,72,,9522,42,,,2,28,,9527,42,,,2,66,,9523,42,,,2,76,,9529,42,,,2,29,,9521,42,,,2,70,,9525,42,,,2,32,,9530,42,,,2,70,,9506,42,,,2,30,,9528,42,,,2,71,,9512,42,,,2,30,,9509,42,,,2,70,,9526,42,,,2,30,,9510,42,,,2,71,,9513,42,,,2,29,,9514,42,,,2,74,,9507,42,,,2,32,,9516,42,,,2,70,,9518,42,,,2,91,,9515,42,,,2,100,,9517,42,,,2,100,,9511,42,,,2,100,,9508,42,,,2
5601,'SEM',457,,9560,42,,,2,100,,9551,42,,,2,70,,9557,42,,,2,28,,9536,42,,,2,68,,9533,42,,,2,79,,9548,42,,,2,30,,9532,42,,,2,72,,9537,42,,,2,30,,9554,42,,,2,75,,9555,42,,,2,20,,9558,42,,,2,75,,9552,42,,,2,30,,9561,42,,,2,70,,9549,42,,,2,32,,9538,42,,,2,70,,9547,42,,,2,31,,9550,42,,,2,71,,9559,42,,,2,29,,9553,42,,,2,71,,9531,42,,,2,30,,9534,42,,,2,71,,9535,42,,,2,35,,9556,42,,,2,74,,9542,42,,,2,24,,9541,42,,,2,69,,9539,42,,,2,29,,9545,42,,,2,98,,9543,42,,,2,104,,9546,42,,,2,85,,9540,42,,,2,91,,9544,42,,,2
6001,'DIM',756,,9768,26,,,1,101,,9776,26,,,1,101,,9774,26,,,1,143,,9775,26,,,1,101,,9777,26,,,1,102,,9780,26,,,1,102,,9778,26,,,1,100,,9781,26,,,1,100,,9779,26,,,1,102,,9782,26,,,1,93,,9783,26,,,1,100,,9770,26,,,1,58,,9772,26,,,1,99,,9771,26,,,1,99,,9773,26,,,1,99,,9767,26,,,1,100,,9769,26,,,1
6001,'SAM',655,,9790,26,,,1,101,,9795,26,,,1,101,,9786,26,,,1,101,,9798,26,,,1,142,,9800,26,,,1,102,,9796,26,,,1,102,,9799,26,,,1,102,,9797,26,,,1,100,,9785,26,,,1,100,,9801,26,,,1,102,,9784,26,,,1,93,,9788,26,,,1,101,,9793,26,,,1,57,,9789,26,,,1,99,,9791,26,,,1,99,,9794,26,,,1,99,,9787,26,,,1,100,,9792,26,,,1
6001,'SEM',539,,9816,26,,,1,101,,9802,26,,,1,85,,9820,26,,,1,76,,9814,26,,,1,35,,9818,26,,,1,101,,9804,26,,,1,100,,9821,26,,,1,101,,9819,26,,,1,103,,9805,26,,,1,100,,9803,26,,,1,100,,9815,26,,,1,102,,9817,26,,,1,100,,9806,26,,,1,103,,9810,26,,,1,98,,9808,26,,,1,90,,9813,26,,,1,98,,9811,26,,,1,100,,9807,26,,,1,100,,9809,26,,,1,94,,9812,26,,,1
6104,'DIM',646,,9950,45,,,2,100,,9951,45,,,2,103,,9948,45,,,2,102,,9952,45,,,2,101,,9954,45,,,2,102,,9953,45,,,2,102,,9949,45,,,2,102,,9947,45,,,2,142,,9937,45,,,2,103,,9940,45,,,2,54,,9942,45,,,2,102,,9944,45,,,2,96,,9946,45,,,2,97,,9945,45,,,2,98,,9941,45,,,2,98,,9938,45,,,2,99,,9939,45,,,2,100,,9943,45,,,2
6104,'SAM',646,,9963,45,,,2,100,,9962,45,,,2,103,,9965,45,,,2,103,,9967,45,,,2,100,,9970,45,,,2,102,,9964,45,,,2,99,,9968,45,,,2,105,,9971,45,,,2,142,,9969,45,,,2,103,,9972,45,,,2,54,,9966,45,,,2,101,,9958,45,,,2,100,,9955,45,,,2,94,,9959,45,,,2,98,,9957,45,,,2,98,,9960,45,,,2,99,,9956,45,,,2,100,,9961,45,,,2
6104,'SEM',513,,9976,45,,,2,100,,9987,45,,,2,35,,9973,45,,,2,62,,9990,45,,,2,36,,9985,45,,,2,69,,9994,45,,,2,102,,9974,45,,,2,100,,9975,45,,,2,101,,9992,45,,,2,104,,9986,45,,,2,100,,9989,45,,,2,101,,9988,45,,,2,100,,9991,45,,,2,110,,9993,45,,,2,26,,9980,45,,,2,98,,9983,45,,,2,97,,9981,45,,,2,100,,9977,45,,,2,98,,9984,45,,,2,79,,9978,45,,,2,91,,9979,45,,,2,101,,9982,45,,,2
6601,'DIM',606,,10294,53,,,1,101,,10296,53,,,1,103,,10302,53,,,1,100,,10292,53,,,1,33,,10293,53,,,1,71,,10300,53,,,1,31,,10303,53,,,1,75,,10291,53,,,1,26,,10298,53,,,1,70,,10297,53,,,1,101,,10304,53,,,1,102,,10301,53,,,1,103,,10299,53,,,1,99,,10295,53,,,1,102,,10287,53,,,1,95,,10289,53,,,1,98,,10286,53,,,1,100,,10288,53,,,1,100,,10290,53,,,1,99,,10285,53,,,1
6601,'SAM',606,,10310,53,,,1,101,,10317,53,,,1,103,,10319,53,,,1,100,,10315,53,,,1,33,,10313,53,,,1,71,,10305,53,,,1,31,,10322,53,,,1,75,,10311,53,,,1,26,,10323,53,,,1,70,,10318,53,,,1,101,,10321,53,,,1,102,,10324,53,,,1,103,,10320,53,,,1,99,,10316,53,,,1,102,,10306,53,,,1,95,,10307,53,,,1,98,,10309,53,,,1,100,,10308,53,,,1,100,,10312,53,,,1,99,,10314,53,,,1
6601,'SEM',648,,10339,53,,,1,105,,10328,53,,,1,101,,10341,53,,,1,103,,10338,53,,,1,101,,10327,53,,,1,146,,10331,53,,,1,102,,10325,53,,,1,100,,10340,53,,,1,103,,10329,53,,,1,31,,10334,53,,,1,88,,10335,53,,,1,105,,10326,53,,,1,93,,10332,53,,,1,98,,10330,53,,,1,98,,10336,53,,,1,98,,10333,53,,,1,99,,10337,53,,,1
7002,'DIM',609,,10507,53,,,1,40,,10506,53,,,1,90,,10489,76,,,1,102,,10496,76,,,1,100,,3943,76,,,1,102,,10492,76,,,1,68,,10493,76,,,1,34,,10495,76,,,1,69,,10485,76,,,1,25,,10494,76,,,1,75,,10491,76,,,1,25,,10500,76,,,1,79,,10498,76,,,1,28,,10501,76,,,1,76,,10483,76,,,1,25,,10497,76,,,1,71,,10503,76,,,1,23,,10499,76,,,1,78,,10502,76,,,1,27,,10487,76,,,1,75,,10505,76,,,1,33,,3946,76,,,1,97,,10504,76,,,1,94,,10482,76,,,1,95,,10484,76,,,1,98,,10488,76,,,1,99,,10486,76,,,1,103,,10490,76,,,1
7002,'SAM',609,,10534,53,,,1,40,,10535,53,,,1,89,,10532,76,,,1,103,,10512,76,,,1,100,,10520,76,,,1,102,,10519,76,,,1,65,,10528,76,,,1,37,,10533,76,,,1,69,,10530,76,,,1,24,,10524,76,,,1,75,,10523,76,,,1,26,,10522,76,,,1,79,,10525,76,,,1,36,,10521,76,,,1,67,,10531,76,,,1,25,,10529,76,,,1,68,,10527,76,,,1,26,,10526,76,,,1,79,,10515,76,,,1,28,,10511,76,,,1,75,,10513,76,,,1,33,,10508,76,,,1,96,,10517,76,,,1,94,,10509,76,,,1,96,,10510,76,,,1,97,,10516,76,,,1,99,,10514,76,,,1,103,,10518,76,,,1
7002,'SEM',616,,10541,76,,,1,99,,10561,76,,,1,26,,10562,76,,,1,73,,10540,76,,,1,36,,10543,76,,,1,67,,10545,76,,,1,29,,10560,76,,,1,70,,10538,76,,,1,30,,10567,76,,,1,71,,10546,76,,,1,27,,10568,76,,,1,73,,10563,76,,,1,26,,10565,76,,,1,74,,10564,76,,,1,30,,10539,76,,,1,70,,10566,76,,,1,25,,10559,76,,,1,76,,10544,76,,,1,32,,10547,76,,,1,71,,10542,76,,,1,30,,10536,76,,,1,73,,10537,76,,,1,26,,10550,76,,,1,71,,10551,76,,,1,24,,10555,76,,,1,72,,10554,76,,,1,90,,10552,76,,,1,41,,10556,76,,,1,93,,10548,76,,,1,111,,10553,76,,,1,106,,10549,76,,,1,97,,10558,76,,,1,145,,10557,76,,,1
