5504,'SEM',634,,9476,56,,,2,20,,9480,26,,,2,49,,9463,56,,,2,11,,9464,56,,,2,93,,9479,56,,,2,30,,9474,56,,,2,95,,9473,56,,,2,97,,9465,56,,,2,99,,9475,56,,,2,94,,9472,56,,,2,102,,9466,56,,,2,104,,9477,56,,,2,103,,9478,56,,,2,98,,9467,56,,,2,98,,9468,56,,,2,100,,9470,56,,,2,102,,9469,56,,,2,93,,9471,56,,,2
6001,'DIM',751,,9768,17,,,1,101,,9776,17,,,1,100,,9774,17,,,1,103,,9775,17,,,1,100,,9777,17,,,1,102,,9780,17,,,1,102,,9778,17,,,1,100,,9781,17,,,1,100,,9779,17,,,1,142,,9782,17,,,1,53,,9783,17,,,1,101,,9770,17,,,1,99,,9772,17,,,1,98,,9771,17,,,1,99,,9773,17,,,1,99,,9767,17,,,1,100,,9769,17,,,1
6001,'SAM',649,,9790,17,,,1,102,,9795,17,,,1,101,,9786,17,,,1,100,,9798,17,,,1,102,,9800,17,,,1,101,,9796,17,,,1,102,,9799,17,,,1,102,,9797,17,,,1,100,,9785,17,,,1,100,,9801,17,,,1,142,,9784,17,,,1,53,,9788,17,,,1,102,,9793,17,,,1,98,,9789,17,,,1,98,,9791,17,,,1,99,,9794,17,,,1,99,,9787,17,,,1,100,,9792,17,,,1
6001,'SEM',533,,9816,17,,,1,101,,9802,17,,,1,85,,9820,17,,,1,36,,9814,17,,,1,76,,9818,17,,,1,100,,9804,17,,,1,100,,9821,17,,,1,100,,9819,17,,,1,103,,9805,17,,,1,100,,9803,17,,,1,100,,9815,17,,,1,102,,9817,17,,,1,100,,9806,17,,,1,103,,9810,17,,,1,99,,9808,17,,,1,90,,9813,17,,,1,99,,9811,17,,,1,100,,9807,17,,,1,99,,9809,17,,,1,94,,9812,17,,,1
6602,'DIM',706,,10356,8,,,1,103,,10351,8,,,1,101,,10354,8,,,1,100,,10359,8,,,1,100,,10358,8,,,1,101,,10352,8,,,1,100,,10350,8,,,1,133,,10353,8,,,1,99,,10355,8,,,1,70,,10357,8,,,1,31,,10345,8,,,1,70,,10346,8,,,1,30,,10344,8,,,1,69,,10348,8,,,1,101,,10349,8,,,1,100,,10347,8,,,1,99,,10342,8,,,1,98,,10343,8,,,1
6602,'SAM',706,,10371,8,,,1,103,,10369,8,,,1,101,,10363,8,,,1,100,,10360,8,,,1,100,,10375,8,,,1,101,,10376,8,,,1,100,,10374,8,,,1,133,,10377,8,,,1,99,,10365,8,,,1,70,,10361,8,,,1,31,,10367,8,,,1,71,,10368,8,,,1,29,,10366,8,,,1,74,,10370,8,,,1,97,,10362,8,,,1,99,,10364,8,,,1,99,,10373,8,,,1,98,,10372,8,,,1
6602,'SEM',646,,10379,8,,,1,102,,10393,8,,,1,104,,10391,8,,,1,105,,10390,8,,,1,101,,10380,8,,,1,101,,10378,8,,,1,99,,10392,8,,,1,142,,10381,8,,,1,28,,5375,8,,,1,91,,10386,8,,,1,101,,10387,8,,,1,101,,10389,8,,,1,96,,10382,8,,,1,104,,10383,8,,,1,99,,10384,8,,,1,97,,10388,8,,,1,40,,10385,8,,,1
25504,'DIM',634,,11549,56,,,2,100,,11552,56,,,2,101,,11554,56,,,2,100,,11553,56,,,2,102,,11555,56,,,2,99,,11550,56,,,2,100,,11556,56,,,2,102,,11551,56,,,2,100,,11557,56,,,2,102,,11543,56,,,2,100,,11558,56,,,2,100,,11544,56,,,2,101,,11559,56,,,2,99,,11547,56,,,2,98,,11560,56,,,2,98,,11548,56,,,2,98,,11546,56,,,2,98,,11545,56,,,2
25504,'SAM',634,,11569,56,,,2,100,,11574,56,,,2,101,,11565,56,,,2,100,,11575,56,,,2,102,,11566,56,,,2,99,,11570,56,,,2,100,,11572,56,,,2,102,,11571,56,,,2,100,,11573,56,,,2,102,,11561,56,,,2,100,,11576,56,,,2,100,,11562,56,,,2,101,,11577,56,,,2,99,,11568,56,,,2,98,,11563,56,,,2,98,,5119,56,,,2,98,,11564,56,,,2,98,,11567,56,,,2
25504,'SEM',509,,11578,56,,,2,33,,11583,56,,,2,1570,,11582,56,,,2,98,,11580,56,,,2,94,,11579,56,,,2,54,,11581,56,,,2
71304,'SEM',557,,11637,8,,,2,69,,11644,8,,,2,77,,11647,8,,,2,26,,11641,8,,,2,28,,11645,8,,,2,70,,11638,8,,,2,100,,11648,8,,,2,95,,11634,8,,,2,100,,11642,8,,,2,100,,11635,8,,,2,100,,11643,8,,,2,100,,11646,8,,,2,100,,11636,8,,,2,89,,11652,8,,,2,104,,6178,8,,,2,99,,11649,8,,,2,100,,6179,8,,,2,100,,11650,8,,,2,100,,11653,8,,,2,100,,11639,8,,,2,100,,11640,8,,,2,109,,11651,8,,,2
