2401,'DIM',704,,7135,47,,,1,99,,7137,47,,,1,107,,7139,47,,,1,100,,7128,47,,,1,100,,7138,47,,,1,31,,7143,47,,,1,69,,7145,47,,,1,31,,7123,47,,,1,71,,7144,47,,,1,32,,7136,47,,,1,69,,7122,47,,,1,30,,7142,47,,,1,74,,7140,47,,,1,29,,7125,47,,,1,67,,7146,47,,,1,29,,7141,47,,,1,69,,7126,47,,,1,31,,7129,47,,,1,70,,7124,47,,,1,100,,7130,47,,,1,99,,7121,47,,,1,100,,7133,47,,,1,98,,7131,47,,,1,98,,7127,47,,,1,52,,7134,47,,,1,99,,7132,47,,,1
2401,'SAM',634,,7160,47,,,1,70,,7170,47,,,1,99,,7161,47,,,1,107,,7164,47,,,1,100,,7163,47,,,1,100,,7169,47,,,1,31,,7166,47,,,1,68,,7172,47,,,1,32,,7158,47,,,1,71,,7168,47,,,1,30,,7162,47,,,1,71,,7171,47,,,1,30,,7147,47,,,1,74,,7165,47,,,1,29,,7167,47,,,1,67,,7159,47,,,1,29,,7149,47,,,1,76,,7173,47,,,1,24,,7148,47,,,1,70,,7151,47,,,1,100,,7154,47,,,1,99,,7156,47,,,1,100,,7152,47,,,1,98,,7150,47,,,1,98,,7155,47,,,1,52,,7153,47,,,1,99,,7157,47,,,1
2401,'SEM',513,,7178,47,,,1,41,,7198,47,,,1,81,,7199,47,,,1,20,,7175,47,,,1,61,,7192,47,,,1,21,,7179,47,,,1,20,,7180,47,,,1,61,,7207,47,,,1,26,,7201,47,,,1,66,,7203,47,,,1,30,,7208,47,,,1,70,,7174,47,,,1,30,,7204,47,,,1,70,,7206,47,,,1,30,,7197,47,,,1,70,,7177,47,,,1,31,,7202,47,,,1,70,,7176,47,,,1,30,,7200,47,,,1,70,,7205,47,,,1,31,,7185,47,,,1,71,,7182,47,,,1,43,,7181,47,,,1,60,,7183,47,,,1,31,,7187,47,,,1,75,,7184,47,,,1,27,,7188,47,,,1,64,,7191,47,,,1,38,,7194,47,,,1,98,,7186,47,,,1,84,,7195,47,,,1,100,,7196,47,,,1,99,,7189,47,,,1,99,,7190,47,,,1,97,,7193,47,,,1
3304,'DIM',756,,7891,48,,,1,171,,7892,48,,,1,130,,7886,48,,,1,170,,7890,48,,,1,177,,7894,48,,,1,124,,7893,48,,,1,128,,7884,48,,,1,172,,7888,48,,,1,129,,7887,48,,,1,170,,7889,48,,,1,129,,7885,48,,,1
3304,'SAM',756,,7902,48,,,1,171,,7904,48,,,1,130,,7903,48,,,1,170,,7905,48,,,1,176,,7896,48,,,1,125,,7895,48,,,1,130,,7900,48,,,1,170,,7899,48,,,1,129,,7897,48,,,1,170,,7901,48,,,1,129,,7898,48,,,1
3304,'SEM',516,,7910,48,,,1,90,,7921,48,,,1,36,,7922,48,,,1,94,,7928,48,,,1,78,,7913,48,,,1,20,,7927,48,,,1,71,,7923,48,,,1,104,,7907,48,,,1,100,,7924,48,,,1,100,,7908,48,,,1,100,,7925,48,,,1,96,,7926,48,,,1,111,,7906,48,,,1,111,,7912,48,,,1,76,,7911,48,,,1,49,,7914,48,,,1,72,,7909,48,,,1,24,,7920,48,,,1,70,,7919,48,,,1,96,,7918,48,,,1,94,,7915,48,,,1,110,,7917,48,,,1,38,,7916,48,,,1
3704,'DIM',717,,8004,47,,,2,35,,8005,47,,,2,101,,8003,47,,,2,100,,8002,47,,,2,101,,8008,47,,,2,101,,8007,47,,,2,100,,7997,47,,,2,99,,7998,47,,,2,105,,8009,47,,,2,96,,7999,47,,,2,99,,8006,47,,,2,99,,8000,47,,,2,89,,8001,47,,,2
3704,'SAM',717,,1344,47,,,2,35,,8017,47,,,2,101,,8015,47,,,2,100,,8018,47,,,2,101,,8020,47,,,2,101,,8019,47,,,2,100,,8021,47,,,2,100,,8016,47,,,2,99,,8014,47,,,2,102,,8010,47,,,2,98,,8011,47,,,2,99,,8012,47,,,2,89,,8013,47,,,2
3704,'SEM',604,,8041,47,,,2,40,,8040,47,,,2,101,,8043,47,,,2,80,,8022,47,,,2,75,,8024,47,,,2,34,,8042,47,,,2,70,,8047,47,,,2,97,,8046,47,,,2,100,,8045,47,,,2,101,,8026,47,,,2,100,,8029,47,,,2,106,,8048,47,,,2,44,,8044,47,,,2,62,,8023,47,,,2,12,,8030,47,,,2,16,,8032,47,,,2,60,,8025,47,,,2,10,,8027,47,,,2,15,,8035,47,,,2,16,,8038,47,,,2,97,,8037,47,,,2,94,,8039,47,,,2,101,,8028,47,,,2,100,,8036,47,,,2,98,,8031,47,,,2,100,,8033,47,,,2,95,,8034,47,,,2
6304,'DIM',802,,10080,73,,,1,104,,10076,73,,,1,101,,10078,73,,,1,103,,10072,73,,,1,99,,10077,73,,,1,104,,10082,73,,,1,97,,10079,73,,,1,102,,10083,73,,,1,103,,10081,73,,,1,100,,10084,73,,,1,99,,10085,73,,,1,98,,10073,73,,,1,98,,10069,73,,,1,98,,10070,73,,,1,99,,10074,73,,,1,97,,10071,73,,,1,98,,10075,73,,,1
6304,'SAM',702,,10099,73,,,1,100,,10097,73,,,1,104,,10102,73,,,1,101,,10098,73,,,1,103,,10096,73,,,1,99,,10101,73,,,1,104,,10100,73,,,1,97,,10104,73,,,1,102,,10103,73,,,1,103,,10086,73,,,1,102,,10087,73,,,1,97,,10088,73,,,1,98,,10090,73,,,1,98,,10089,73,,,1,98,,10094,73,,,1,99,,10091,73,,,1,97,,10092,73,,,1,98,,10095,73,,,1,98,,10093,73,,,1
6304,'SEM',517,,10132,73,,,1,113,,10128,73,,,1,71,,10137,73,,,1,32,,10120,73,,,1,16,,10131,73,,,1,67,,10134,73,,,1,26,,10136,73,,,1,59,,10135,73,,,1,30,,10109,73,,,1,70,,10110,73,,,1,31,,10111,73,,,1,70,,10105,73,,,1,25,,10108,73,,,1,32,,10133,73,,,1,73,,10123,73,,,1,70,,10116,73,,,1,26,,10129,73,,,1,78,,10106,73,,,1,27,,10107,73,,,1,73,,10117,73,,,1,31,,10130,73,,,1,79,,10138,73,,,1,30,,10113,73,,,1,64,,10112,73,,,1,34,,10118,73,,,1,14,,10115,73,,,1,68,,10124,73,,,1,28,,10119,73,,,1,77,,10122,73,,,1,96,,10114,73,,,1,80,,10125,73,,,1,50,,10127,73,,,1,92,,10121,73,,,1,99,,10126,73,,,1
