4503,'DIM',639,,8779,6,,,1,100,,8789,6,,,1,101,,8787,6,,,1,98,,8793,6,,,1,101,,8788,6,,,1,98,,8791,6,,,1,105,,8781,6,,,1,100,,8785,6,,,1,98,,8778,6,,,1,102,,8776,6,,,1,92,,8790,6,,,1,102,,8792,6,,,1,104,,8777,6,,,1,102,,8786,6,,,1,102,,8780,6,,,1,99,,8783,6,,,1,99,,8784,6,,,1,101,,8782,6,,,1
4503,'SAM',639,,8807,6,,,1,100,,8803,6,,,1,101,,8806,6,,,1,98,,8805,6,,,1,101,,8795,6,,,1,97,,8804,6,,,1,106,,8808,6,,,1,99,,8799,6,,,1,101,,8810,6,,,1,101,,8809,6,,,1,91,,8811,6,,,1,105,,8794,6,,,1,101,,8801,6,,,1,102,,8796,6,,,1,102,,8800,6,,,1,99,,8798,6,,,1,99,,8802,6,,,1,101,,8797,6,,,1
4503,'SEM',626,,8817,6,,,1,18,,8815,6,,,1,74,,8812,6,,,1,26,,8832,6,,,1,67,,8816,6,,,1,39,,8814,6,,,1,65,,8833,6,,,1,110,,8831,6,,,1,100,,8820,6,,,1,95,,8818,6,,,1,100,,8834,6,,,1,101,,8813,6,,,1,105,,8835,6,,,1,26,,8822,6,,,1,88,,8825,6,,,1,19,,8819,6,,,1,58,,8826,6,,,1,32,,8828,6,,,1,80,,8824,6,,,1,100,,8823,6,,,1,100,,8827,6,,,1,100,,8830,6,,,1,100,,8821,6,,,1,95,,8829,6,,,1
5001,'DIM',529,,9169,16,,,1,100,,9177,16,,,1,100,,9165,16,,,1,98,,9182,16,,,1,101,,9174,16,,,1,73,,9184,16,,,1,37,,9176,16,,,1,63,,9189,16,,,1,38,,9187,16,,,1,62,,9188,16,,,1,35,,9190,16,,,1,69,,9175,16,,,1,32,,9178,16,,,1,76,,9191,16,,,1,29,,9180,16,,,1,73,,9179,16,,,1,30,,9185,16,,,1,63,,9183,16,,,1,34,,9181,16,,,1,81,,9186,16,,,1,18,,9167,16,,,1,100,,9170,16,,,1,99,,9173,16,,,1,100,,9166,16,,,1,99,,9171,16,,,1,98,,9168,16,,,1,100,,9172,16,,,1
5001,'SAM',529,,9199,16,,,1,100,,9202,16,,,1,100,,9193,16,,,1,98,,9214,16,,,1,101,,9212,16,,,1,79,,9217,16,,,1,30,,9210,16,,,1,64,,9194,16,,,1,38,,9218,16,,,1,62,,9216,16,,,1,35,,9195,16,,,1,69,,9206,16,,,1,32,,9208,16,,,1,76,,9211,16,,,1,29,,9207,16,,,1,73,,9209,16,,,1,30,,9197,16,,,1,63,,9198,16,,,1,34,,9192,16,,,1,79,,9213,16,,,1,21,,9215,16,,,1,99,,9203,16,,,1,99,,9205,16,,,1,100,,9204,16,,,1,99,,9200,16,,,1,98,,9196,16,,,1,100,,9201,16,,,1
5001,'SEM',519,,9241,16,,,1,106,,9246,16,,,1,75,,9242,16,,,1,23,,9220,16,,,1,36,,9219,16,,,1,64,,9222,16,,,1,31,,9249,16,,,1,67,,9250,16,,,1,33,,9245,16,,,1,67,,9221,16,,,1,33,,9225,16,,,1,68,,9244,16,,,1,32,,9231,16,,,1,72,,9247,16,,,1,30,,9226,16,,,1,72,,9243,16,,,1,28,,9248,16,,,1,70,,9224,16,,,1,83,,9223,16,,,1,26,,9235,16,,,1,76,,9227,16,,,1,30,,9228,16,,,1,69,,9234,16,,,1,28,,9229,16,,,1,75,,9233,16,,,1,29,,9236,16,,,1,75,,9237,16,,,1,104,,9232,16,,,1,104,,9230,16,,,1,104,,9239,16,,,1,105,,9238,16,,,1,106,,9240,16,,,1,89,,9251,6,,,1
6001,'DIM',806,,9768,40,,,1,103,,9776,40,,,1,102,,9774,40,,,1,104,,9775,40,,,1,101,,9777,40,,,1,102,,9780,40,,,1,102,,9778,40,,,1,100,,9781,40,,,1,100,,9779,40,,,1,102,,9782,40,,,1,92,,9783,40,,,1,99,,9770,40,,,1,98,,9772,40,,,1,97,,9771,40,,,1,99,,9773,40,,,1,99,,9767,40,,,1,100,,9769,40,,,1
6001,'SAM',704,,9790,40,,,1,102,,9795,40,,,1,103,,9786,40,,,1,102,,9798,40,,,1,103,,9800,40,,,1,102,,9796,40,,,1,102,,9799,40,,,1,102,,9797,40,,,1,100,,9785,40,,,1,100,,9801,40,,,1,102,,9784,40,,,1,92,,9788,40,,,1,100,,9793,40,,,1,97,,9789,40,,,1,97,,9791,40,,,1,99,,9794,40,,,1,99,,9787,40,,,1,100,,9792,40,,,1
6001,'SEM',548,,9816,40,,,1,101,,9802,40,,,1,87,,9820,40,,,1,77,,9814,40,,,1,37,,9818,40,,,1,101,,9804,40,,,1,101,,9821,40,,,1,101,,9819,40,,,1,104,,9805,40,,,1,100,,9803,40,,,1,100,,9815,40,,,1,102,,9817,40,,,1,99,,9806,40,,,1,143,,9810,40,,,1,56,,9808,40,,,1,90,,9813,40,,,1,98,,9811,40,,,1,98,,9807,40,,,1,99,,9809,40,,,1,94,,9812,40,,,1
34503,'SEM',444,,11610,25,,,1,101,,11611,25,,,1
