1703,'DIM',626,,6801,27,,,1,89,,6794,27,,,1,100,,100,27,,,1,102,,6796,27,,,1,97,,6797,27,,,1,101,,6793,27,,,1,100,,6799,27,,,1,99,,6795,27,,,1,102,,6798,27,,,1,100,,6800,27,,,1,102,,6783,27,,,1,98,,6787,27,,,1,99,,6786,27,,,1,101,,6785,27,,,1,98,,6788,27,,,1,99,,6791,27,,,1,100,,6784,27,,,1,100,,6789,27,,,1,102,,6790,27,,,1,119,,6792,27,,,1
1703,'SAM',548,,6813,27,,,1,78,,6819,27,,,1,89,,121,27,,,1,100,,6810,27,,,1,102,,6812,27,,,1,97,,6814,27,,,1,100,,6818,27,,,1,101,,6816,27,,,1,100,,6811,27,,,1,101,,6817,27,,,1,100,,6815,27,,,1,102,,6820,27,,,1,99,,6821,27,,,1,99,,6802,27,,,1,100,,6807,27,,,1,98,,6804,27,,,1,99,,6803,27,,,1,100,,6805,27,,,1,100,,6808,27,,,1,102,,6809,27,,,1,119,,6806,27,,,1
1703,'SEM',608,,6839,27,,,1,103,,6841,27,,,1,106,,6840,27,,,1,96,,6825,27,,,1,101,,6838,27,,,1,100,,6837,27,,,1,100,,6843,27,,,1,101,,6826,27,,,1,100,,6823,27,,,1,98,,6842,27,,,1,35,,6845,27,,,1,60,,6844,27,,,1,36,,6822,27,,,1,63,,6833,27,,,1,38,,6824,27,,,1,79,,6827,27,,,1,30,,6830,27,,,1,68,,6835,27,,,1,99,,6836,27,,,1,100,,6828,27,,,1,100,,6829,27,,,1,99,,6831,27,,,1,99,,6832,27,,,1,103,,6834,27,,,1
3103,'DIM',645,,7731,29,,,1,100,,7730,29,,,1,100,,1058,29,,,1,99,,7735,29,,,1,99,,7734,29,,,1,100,,7732,29,,,1,102,,7721,29,,,1,101,,7733,29,,,1,99,,7720,29,,,1,102,,7719,29,,,1,99,,7724,29,,,1,98,,7726,29,,,1,103,,7725,29,,,1,96,,7727,29,,,1,101,,7723,29,,,1,100,,7722,29,,,1,100,,7728,29,,,1,100,,7729,29,,,1
3103,'SAM',645,,7748,29,,,1,100,,7747,29,,,1,100,,1075,29,,,1,99,,7752,29,,,1,99,,7753,29,,,1,100,,7749,29,,,1,100,,7745,29,,,1,102,,7750,29,,,1,100,,7746,29,,,1,102,,7751,29,,,1,100,,7740,29,,,1,98,,7742,29,,,1,100,,7738,29,,,1,99,,7743,29,,,1,100,,7736,29,,,1,100,,7737,29,,,1,100,,7739,29,,,1,101,,7741,29,,,1,95,,7744,29,,,1
3103,'SEM',641,,7775,29,,,1,100,,7773,29,,,1,100,,7774,29,,,1,101,,7754,29,,,1,101,,7755,29,,,1,100,,7757,29,,,1,100,,7776,29,,,1,100,,7756,29,,,1,101,,7761,29,,,1,98,,7762,29,,,1,11,,7763,29,,,1,77,,7758,29,,,1,29,,7767,29,,,1,80,,7764,29,,,1,69,,7760,29,,,1,36,,7772,29,,,1,69,,7759,29,,,1,36,,7771,29,,,1,100,,7765,29,,,1,101,,7768,29,,,1,100,,7769,29,,,1,96,,7766,29,,,1,154,,7770,29,,,1
4803,'DIM',737,,9047,64,,,1,106,,9051,64,,,1,104,,9055,64,,,1,99,,9038,64,,,1,103,,9048,64,,,1,100,,9049,64,,,1,96,,9054,64,,,1,106,,9050,64,,,1,99,,9052,64,,,1,100,,9039,64,,,1,100,,9053,64,,,1,98,,9041,64,,,1,94,,9045,64,,,1,100,,9044,64,,,1,100,,9043,64,,,1,97,,2438,64,,,1,98,,9040,64,,,1,75,,9042,64,,,1,120,,9046,64,,,1
4803,'SAM',636,,2450,64,,,1,101,,9067,64,,,1,105,,9070,64,,,1,105,,9074,64,,,1,99,,9065,64,,,1,102,,9073,64,,,1,100,,9068,64,,,1,95,,9071,64,,,1,107,,9069,64,,,1,100,,9066,64,,,1,100,,9072,64,,,1,100,,9059,64,,,1,98,,9061,64,,,1,94,,9057,64,,,1,100,,9056,64,,,1,98,,9058,64,,,1,99,,9063,64,,,1,98,,9064,64,,,1,75,,9060,64,,,1,120,,9062,64,,,1
4803,'SEM',635,,9096,64,,,1,20,,9098,64,,,1,78,,9087,64,,,1,74,,9099,64,,,1,31,,9102,64,,,1,64,,9083,64,,,1,40,,9082,64,,,1,70,,9077,64,,,1,96,,9084,64,,,1,101,,9079,64,,,1,100,,9078,64,,,1,101,,9100,64,,,1,42,,9075,64,,,1,102,,9080,64,,,1,75,,9097,64,,,1,24,,9076,64,,,1,70,,9101,64,,,1,29,,9088,64,,,1,69,,9081,64,,,1,28,,9089,64,,,1,94,,9094,64,,,1,100,,9085,64,,,1,98,,9086,64,,,1,98,,9090,64,,,1,99,,9092,64,,,1,97,,9091,64,,,1,90,,9093,64,,,1,32,,9095,64,,,1
7303,'DIM',700,,10582,27,,,1,100,,10579,27,,,1,101,,10580,27,,,1,58,,10583,27,,,1,100,,10586,27,,,1,100,,10581,27,,,1,100,,10584,27,,,1,142,,10578,27,,,1,99,,10585,27,,,1,102,,10587,27,,,1,99,,10572,27,,,1,99,,10569,27,,,1,101,,10575,27,,,1,58,,10571,27,,,1,100,,10570,27,,,1,100,,10573,27,,,1,99,,10574,27,,,1,142,,10577,27,,,1,105,,10576,27,,,1
7303,'SAM',606,,10601,27,,,1,94,,10598,27,,,1,100,,10597,27,,,1,101,,10602,27,,,1,58,,10604,27,,,1,141,,10600,27,,,1,59,,10591,27,,,1,100,,10603,27,,,1,142,,10599,27,,,1,99,,10605,27,,,1,102,,10606,27,,,1,101,,10590,27,,,1,98,,10588,27,,,1,99,,10589,27,,,1,59,,10593,27,,,1,100,,10592,27,,,1,100,,4040,27,,,1,99,,10594,27,,,1,142,,4041,27,,,1,105,,10595,27,,,1,100,,4042,27,,,1,100,,10596,27,,,1
7303,'SEM',553,,10643,27,,,1,66,,10640,27,,,1,40,,10639,27,,,1,50,,10644,27,,,1,39,,10633,27,,,1,56,,10609,27,,,1,43,,10641,27,,,1,12,,10608,27,,,1,70,,10626,27,,,1,71,,10642,27,,,1,29,,10610,27,,,1,71,,10615,27,,,1,29,,10625,27,,,1,72,,10616,27,,,1,29,,10645,27,,,1,70,,10611,27,,,1,30,,10614,27,,,1,70,,10620,27,,,1,30,,10607,27,,,1,70,,10617,27,,,1,35,,10646,27,,,1,65,,10627,27,,,1,15,,10619,27,,,1,21,,10612,27,,,1,16,,10613,27,,,1,63,,10623,27,,,1,16,,10621,27,,,1,70,,10634,27,,,1,15,,10622,27,,,1,16,,10618,27,,,1,72,,10628,27,,,1,30,,10631,27,,,1,72,,10624,27,,,1,99,,10636,27,,,1,100,,10629,27,,,1,99,,10635,27,,,1,99,,10630,27,,,1,41,,10632,27,,,1,95,,10637,27,,,1,161,,10638,27,,,1
7401,'DIM',730,,10736,27,,,2,100,,10737,27,,,2,102,,10740,27,,,2,97,,10739,27,,,2,101,,10741,27,,,2,100,,10738,27,,,2,101,,10735,27,,,2,99,,10734,27,,,2,102,,10742,27,,,2,99,,10728,27,,,2,102,,10729,27,,,2,99,,10731,27,,,2,98,,10732,27,,,2,99,,10733,27,,,2,101,,10727,27,,,2,99,,10726,27,,,2,100,,10730,27,,,2
7401,'SAM',730,,10751,27,,,2,100,,10753,27,,,2,102,,10752,27,,,2,98,,10755,27,,,2,100,,10757,27,,,2,100,,10759,27,,,2,102,,10754,27,,,2,98,,10758,27,,,2,101,,10756,27,,,2,100,,10743,27,,,2,101,,10746,27,,,2,101,,10748,27,,,2,98,,10747,27,,,2,98,,10749,27,,,2,101,,10744,27,,,2,99,,10750,27,,,2,100,,10745,27,,,2
7401,'SEM',633,,10776,27,,,2,96,,10760,27,,,2,101,,10775,27,,,2,103,,10764,27,,,2,101,,10765,27,,,2,101,,10779,27,,,2,99,,10763,27,,,2,101,,10778,27,,,2,100,,10777,27,,,2,93,,10762,27,,,2,94,,10766,27,,,2,101,,10761,27,,,2,30,,10768,27,,,2,84,,10774,27,,,2,99,,10767,27,,,2,101,,10770,27,,,2,100,,10771,27,,,2,99,,10769,27,,,2,99,,10772,27,,,2,95,,10773,27,,,2
