1703,'DIM',618,,6801,11,,,1,89,,6794,11,,,1,99,,100,11,,,1,101,,6796,11,,,1,97,,6797,11,,,1,101,,6793,11,,,1,100,,6799,11,,,1,99,,6795,11,,,1,101,,6798,11,,,1,100,,6800,11,,,1,102,,6783,11,,,1,99,,6787,11,,,1,99,,6786,11,,,1,101,,6785,11,,,1,99,,6788,11,,,1,99,,6791,11,,,1,101,,6784,11,,,1,100,,6789,11,,,1,102,,6790,11,,,1,120,,6792,11,,,1
1703,'SAM',540,,6813,11,,,1,78,,6819,11,,,1,89,,121,11,,,1,99,,6810,11,,,1,101,,6812,11,,,1,97,,6814,11,,,1,100,,6818,11,,,1,101,,6816,11,,,1,100,,6811,11,,,1,100,,6817,11,,,1,100,,6815,11,,,1,102,,6820,11,,,1,100,,6821,11,,,1,99,,6802,11,,,1,100,,6807,11,,,1,99,,6804,11,,,1,99,,6803,11,,,1,101,,6805,11,,,1,100,,6808,11,,,1,102,,6809,11,,,1,120,,6806,11,,,1
1703,'SEM',600,,6839,11,,,1,102,,6841,11,,,1,105,,6840,11,,,1,96,,6825,11,,,1,100,,6838,11,,,1,100,,6837,11,,,1,100,,6843,11,,,1,100,,6826,11,,,1,100,,6823,11,,,1,98,,6842,11,,,1,35,,6845,11,,,1,20,,6844,11,,,1,76,,6822,11,,,1,23,,6833,11,,,1,78,,6824,11,,,1,80,,6827,11,,,1,30,,6830,11,,,1,69,,6835,11,,,1,99,,6836,11,,,1,100,,6828,11,,,1,100,,6829,11,,,1,100,,6831,11,,,1,100,,6832,11,,,1,104,,6834,11,,,1
2703,'DIM',901,,7609,11,,,2,100,,7612,11,,,2,58,,7614,11,,,2,142,,7608,11,,,2,55,,7616,11,,,2,146,,7611,11,,,2,101,,7613,11,,,2,100,,7610,11,,,2,100,,7615,11,,,2,100,,7602,11,,,2,100,,7604,11,,,2,98,,7603,11,,,2,100,,7607,11,,,2,100,,7601,11,,,2,102,,7600,11,,,2,100,,7605,11,,,2,100,,7606,11,,,2
2703,'SAM',701,,7626,11,,,2,100,,7627,11,,,2,100,,7625,11,,,2,100,,7635,11,,,2,100,,7629,11,,,2,100,,7632,11,,,2,54,,7628,11,,,2,147,,7630,11,,,2,102,,7631,11,,,2,99,,7624,11,,,2,54,,7633,11,,,2,146,,7634,11,,,2,100,,7619,11,,,2,98,,7622,11,,,2,100,,7617,11,,,2,100,,7618,11,,,2,102,,7620,11,,,2,100,,7621,11,,,2,100,,7623,11,,,2
2703,'SEM',807,,7653,11,,,2,50,,7638,11,,,2,100,,7644,11,,,2,100,,7637,11,,,2,99,,7655,11,,,2,90,,7652,11,,,2,103,,7656,11,,,2,100,,7641,11,,,2,81,,7639,11,,,2,82,,7654,11,,,2,15,,7636,11,,,2,30,,7643,11,,,2,79,,7640,11,,,2,65,,7651,11,,,2,56,,7647,11,,,2,87,,7650,11,,,2,103,,7646,11,,,2,102,,7642,11,,,2,100,,7645,11,,,2,100,,7648,11,,,2,100,,7649,11,,,2
3103,'DIM',637,,7731,13,,,1,99,,7730,13,,,1,99,,1058,13,,,1,99,,7735,13,,,1,99,,7734,13,,,1,100,,7732,13,,,1,102,,7721,13,,,1,100,,7733,13,,,1,99,,7720,13,,,1,102,,7719,13,,,1,99,,7724,13,,,1,99,,7726,13,,,1,103,,7725,13,,,1,97,,7727,13,,,1,101,,7723,13,,,1,100,,7722,13,,,1,100,,7728,13,,,1,101,,7729,13,,,1
3103,'SAM',637,,7748,13,,,1,99,,7747,13,,,1,99,,1075,13,,,1,99,,7752,13,,,1,99,,7753,13,,,1,100,,7749,13,,,1,100,,7745,13,,,1,101,,7750,13,,,1,100,,7746,13,,,1,102,,7751,13,,,1,100,,7740,13,,,1,99,,7742,13,,,1,100,,7738,13,,,1,100,,7743,13,,,1,100,,7736,13,,,1,100,,7737,13,,,1,100,,7739,13,,,1,102,,7741,13,,,1,95,,7744,13,,,1
3103,'SEM',632,,7775,13,,,1,99,,7773,13,,,1,100,,7774,13,,,1,100,,7754,13,,,1,101,,7755,13,,,1,100,,7757,13,,,1,100,,7776,13,,,1,100,,7756,13,,,1,100,,7761,13,,,1,98,,7762,13,,,1,11,,7763,13,,,1,76,,7758,13,,,1,30,,7767,13,,,1,80,,7764,13,,,1,30,,7760,13,,,1,76,,7772,13,,,1,70,,7759,13,,,1,36,,7771,13,,,1,100,,7765,13,,,1,101,,7768,13,,,1,100,,7769,13,,,1,98,,7766,13,,,1,114,,7770,13,,,1
4303,'DIM',636,,8647,11,,,1,101,,8649,11,,,1,100,,8653,11,,,1,100,,8651,11,,,1,106,,8652,11,,,1,101,,8650,11,,,1,100,,8656,11,,,1,99,,8654,11,,,1,103,,8655,11,,,1,97,,8637,11,,,1,99,,8638,11,,,1,104,,8640,11,,,1,92,,8643,11,,,1,99,,8642,11,,,1,100,,8639,11,,,1,100,,8641,11,,,1,100,,8648,11,,,1,100,,8644,11,,,1,99,,8646,11,,,1,100,,8645,11,,,1
4303,'SAM',636,,8668,11,,,1,101,,8658,11,,,1,100,,8673,11,,,1,100,,8659,11,,,1,106,,8660,11,,,1,101,,8671,11,,,1,100,,8669,11,,,1,99,,8674,11,,,1,102,,8670,11,,,1,101,,8672,11,,,1,98,,8657,11,,,1,98,,8675,11,,,1,96,,8664,11,,,1,99,,8661,11,,,1,100,,2041,11,,,1,100,,8662,11,,,1,100,,8663,11,,,1,100,,8667,11,,,1,99,,8665,11,,,1,100,,8666,11,,,1
4303,'SEM',637,,8697,11,,,1,100,,8698,11,,,1,81,,8679,11,,,1,104,,8699,11,,,1,31,,8678,11,,,1,69,,8695,11,,,1,30,,8685,11,,,1,70,,8681,11,,,1,30,,8701,11,,,1,70,,8700,11,,,1,30,,8696,11,,,1,72,,8682,11,,,1,28,,8683,11,,,1,70,,8687,11,,,1,30,,8702,11,,,1,70,,8677,11,,,1,25,,8684,11,,,1,70,,8680,11,,,1,19,,8703,11,,,1,76,,8686,11,,,1,31,,8676,11,,,1,71,,8692,11,,,1,102,,8693,11,,,1,101,,8694,11,,,1,101,,8688,11,,,1,101,,8689,11,,,1,109,,8690,11,,,1,106,,8691,11,,,1
6002,'DIM',657,,9823,11,,,1,100,,9832,11,,,1,99,,9830,11,,,1,100,,9831,11,,,1,100,,9833,11,,,1,100,,9836,11,,,1,101,,9834,11,,,1,100,,9837,11,,,1,100,,9835,11,,,1,99,,9838,11,,,1,99,,9839,11,,,1,100,,9825,11,,,1,101,,9827,11,,,1,101,,9826,11,,,1,101,,9828,11,,,1,100,,9822,11,,,1,100,,9824,11,,,1,99,,9829,11,,,1
6002,'SAM',657,,9851,11,,,1,100,,9842,11,,,1,99,,9854,11,,,1,100,,9856,11,,,1,100,,9852,11,,,1,100,,9855,11,,,1,101,,9853,11,,,1,100,,9841,11,,,1,100,,9857,11,,,1,99,,9840,11,,,1,99,,9844,11,,,1,102,,9849,11,,,1,99,,9845,11,,,1,101,,9846,11,,,1,101,,9850,11,,,1,100,,9843,11,,,1,100,,9847,11,,,1,99,,9848,11,,,1
6002,'SEM',628,,9875,11,,,1,100,,9873,11,,,1,101,,9859,11,,,1,99,,9876,11,,,1,100,,9874,11,,,1,101,,9864,11,,,1,100,,9858,11,,,1,99,,9860,11,,,1,101,,9872,11,,,1,98,,9861,11,,,1,101,,9866,11,,,1,107,,9863,11,,,1,94,,9869,11,,,1,100,,9867,11,,,1,99,,9862,11,,,1,100,,9865,11,,,1,99,,9868,11,,,1,90,,9871,11,,,1,100,,9870,11,,,1
7303,'DIM',652,,10582,11,,,1,99,,10579,11,,,1,100,,10580,11,,,1,98,,10583,11,,,1,100,,10586,11,,,1,100,,10581,11,,,1,100,,10584,11,,,1,101,,10578,11,,,1,99,,10585,11,,,1,102,,10587,11,,,1,99,,10572,11,,,1,100,,10569,11,,,1,101,,10575,11,,,1,99,,10571,11,,,1,100,,10570,11,,,1,100,,10573,11,,,1,100,,10574,11,,,1,102,,10577,11,,,1,105,,10576,11,,,1
7303,'SAM',558,,10601,11,,,1,94,,10598,11,,,1,99,,10597,11,,,1,100,,10602,11,,,1,98,,10604,11,,,1,101,,10600,11,,,1,99,,10591,11,,,1,100,,10603,11,,,1,101,,10599,11,,,1,99,,10605,11,,,1,102,,10606,11,,,1,101,,10590,11,,,1,99,,10588,11,,,1,99,,10589,11,,,1,100,,10593,11,,,1,100,,10592,11,,,1,100,,4040,11,,,1,100,,10594,11,,,1,102,,4041,11,,,1,105,,10595,11,,,1,100,,4042,11,,,1,100,,10596,11,,,1
7303,'SEM',545,,10643,11,,,1,66,,10640,11,,,1,38,,10639,11,,,1,10,,10644,11,,,1,78,,10633,11,,,1,16,,10609,11,,,1,83,,10641,11,,,1,12,,10608,11,,,1,70,,10626,11,,,1,31,,10642,11,,,1,69,,10610,11,,,1,31,,10615,11,,,1,69,,10625,11,,,1,31,,10616,11,,,1,69,,10645,11,,,1,30,,10611,11,,,1,70,,10614,11,,,1,30,,10620,11,,,1,70,,10607,11,,,1,30,,10617,11,,,1,75,,10646,11,,,1,24,,10627,11,,,1,55,,10619,11,,,1,21,,10612,11,,,1,16,,10613,11,,,1,63,,10623,11,,,1,17,,10621,11,,,1,30,,10634,11,,,1,55,,10622,11,,,1,16,,10618,11,,,1,33,,10628,11,,,1,70,,10631,11,,,1,32,,10624,11,,,1,100,,10636,11,,,1,100,,10629,11,,,1,100,,10635,11,,,1,100,,10630,11,,,1,81,,10632,11,,,1,95,,10637,11,,,1,121,,10638,11,,,1
7401,'DIM',722,,10736,11,,,2,99,,10737,11,,,2,101,,10740,11,,,2,97,,10739,11,,,2,101,,10741,11,,,2,100,,10738,11,,,2,100,,10735,11,,,2,99,,10734,11,,,2,102,,10742,11,,,2,99,,10728,11,,,2,102,,10729,11,,,2,99,,10731,11,,,2,100,,10732,11,,,2,99,,10733,11,,,2,101,,10727,11,,,2,99,,10726,11,,,2,101,,10730,11,,,2
7401,'SAM',722,,10751,11,,,2,99,,10753,11,,,2,101,,10752,11,,,2,98,,10755,11,,,2,100,,10757,11,,,2,100,,10759,11,,,2,101,,10754,11,,,2,98,,10758,11,,,2,101,,10756,11,,,2,100,,10743,11,,,2,101,,10746,11,,,2,101,,10748,11,,,2,100,,10747,11,,,2,98,,10749,11,,,2,101,,10744,11,,,2,99,,10750,11,,,2,101,,10745,11,,,2
7401,'SEM',624,,10776,11,,,2,95,,10760,11,,,2,100,,10775,11,,,2,103,,10764,11,,,2,101,,10765,11,,,2,101,,10779,11,,,2,99,,10763,11,,,2,101,,10778,11,,,2,100,,10777,11,,,2,93,,10762,11,,,2,93,,10766,11,,,2,101,,10761,11,,,2,30,,10768,11,,,2,85,,10774,11,,,2,100,,10767,11,,,2,101,,10770,11,,,2,100,,10771,11,,,2,100,,10769,11,,,2,100,,10772,11,,,2,95,,10773,11,,,2
