2602,'DIM',627,,777,7,,,2,23,,7474,7,,,2,67,,7468,7,,,2,30,,7470,7,,,2,70,,794,7,,,2,31,,7481,7,,,2,69,,7475,7,,,2,30,,7469,7,,,2,66,,7478,7,,,2,24,,7471,7,,,2,20,,7482,7,,,2,60,,7464,7,,,2,19,,7484,7,,,2,20,,7477,7,,,2,59,,7486,7,,,2,21,,7446,7,,,2,19,,7479,7,,,2,62,,7467,7,,,2,19,,7472,7,,,2,21,,7473,7,,,2,62,,7447,7,,,2,18,,7448,7,,,2,20,,7465,7,,,2,60,,7466,7,,,2,19,,7445,7,,,2,21,,7480,7,,,2,60,,7483,7,,,2,20,,7476,7,,,2,22,,7456,7,,,2,82,,7461,7,,,2,70,,7457,7,,,2,30,,780,7,,,2,70,,7485,7,,,2,30,,7487,7,,,2,70,,7453,7,,,2,29,,7449,7,,,2,70,,7460,7,,,2,30,,7450,7,,,2,71,,7451,7,,,2,29,,7459,7,,,2,70,,7455,7,,,2,28,,7452,7,,,2,71,,7454,7,,,2,30,,7458,7,,,2,85,,7462,7,,,2,78,,7463,7,,,2
2602,'SAM',627,,832,7,,,2,23,,7521,7,,,2,67,,7518,7,,,2,30,,7523,7,,,2,70,,7519,7,,,2,30,,7526,7,,,2,70,,7524,7,,,2,30,,7532,7,,,2,65,,7517,7,,,2,25,,7528,7,,,2,20,,7514,7,,,2,60,,7533,7,,,2,19,,7530,7,,,2,20,,7492,7,,,2,59,,7527,7,,,2,21,,7522,7,,,2,20,,7513,7,,,2,61,,7515,7,,,2,21,,7516,7,,,2,19,,7489,7,,,2,62,,7491,7,,,2,18,,7493,7,,,2,20,,7525,7,,,2,62,,7531,7,,,2,16,,7520,7,,,2,21,,7494,7,,,2,61,,7529,7,,,2,20,,7498,7,,,2,22,,7503,7,,,2,82,,7506,7,,,2,70,,7509,7,,,2,30,,7512,7,,,2,71,,7507,7,,,2,29,,7490,7,,,2,70,,7497,7,,,2,29,,7496,7,,,2,70,,7504,7,,,2,30,,7499,7,,,2,70,,7500,7,,,2,30,,7510,7,,,2,70,,7495,7,,,2,28,,7501,7,,,2,71,,7502,7,,,2,30,,7511,7,,,2,85,,7508,7,,,2,78,,7505,7,,,2
2602,'SEM',510,,7577,7,,,2,22,,7592,7,,,2,74,,7563,7,,,2,20,,7535,7,,,2,17,,7564,7,,,2,15,,7579,7,,,2,50,,7581,7,,,2,20,,7589,7,,,2,14,,7594,7,,,2,14,,7543,7,,,2,57,,7585,7,,,2,14,,7537,7,,,2,9,,7545,7,,,2,19,,7597,7,,,2,55,,7539,7,,,2,20,,7580,7,,,2,20,,7536,7,,,2,61,,7593,7,,,2,21,,7588,7,,,2,19,,7541,7,,,2,60,,7590,7,,,2,19,,7544,7,,,2,18,,7596,7,,,2,64,,7582,7,,,2,22,,7584,7,,,2,15,,7591,7,,,2,65,,7586,7,,,2,19,,7598,7,,,2,14,,7538,7,,,2,12,,7583,7,,,2,67,,7540,7,,,2,22,,7587,7,,,2,57,,7595,7,,,2,23,,7542,7,,,2,21,,7554,7,,,2,57,,7556,7,,,2,12,,7562,7,,,2,12,,7547,7,,,2,13,,7565,7,,,2,10,,7567,7,,,2,51,,7551,7,,,2,10,,7569,7,,,2,10,,7553,7,,,2,7,,7546,7,,,2,14,,7575,7,,,2,12,,7576,7,,,2,54,,7548,7,,,2,15,,7561,7,,,2,20,,7568,7,,,2,61,,7549,7,,,2,19,,7550,7,,,2,24,,7566,7,,,2,60,,7573,7,,,2,16,,7578,7,,,2,30,,7557,7,,,2,70,,7552,7,,,2,74,,7559,7,,,2,26,,7555,7,,,2,30,,7558,7,,,2,66,,7571,7,,,2,25,,7560,7,,,2,80,,7570,7,,,2,29,,7572,7,,,2,80,,7574,7,,,2
3602,'SEM',1516,,7943,7,,,2,23,,7944,7,,,2,72,,7937,7,,,2,24,,7942,7,,,2,73,,7938,7,,,2,31,,7939,7,,,2,65,,7940,7,,,2,29,,7941,7,,,2
4603,'DIM',641,,8907,7,,,1,105,,8908,7,,,1,105,,8900,7,,,1,101,,8912,7,,,1,97,,8909,7,,,1,103,,8914,7,,,1,100,,8915,7,,,1,101,,8906,7,,,1,101,,8910,7,,,1,99,,8897,7,,,1,100,,8913,7,,,1,100,,8911,7,,,1,99,,8899,7,,,1,100,,8916,7,,,1,100,,8903,7,,,1,100,,8898,7,,,1,100,,8901,7,,,1,99,,8902,7,,,1,99,,8904,7,,,1,150,,8905,7,,,1
4603,'SAM',641,,8929,7,,,1,105,,8930,7,,,1,105,,8934,7,,,1,101,,8933,7,,,1,97,,8932,7,,,1,103,,8928,7,,,1,99,,8935,7,,,1,97,,8917,7,,,1,106,,8918,7,,,1,105,,8931,7,,,1,94,,8936,7,,,1,100,,8920,7,,,1,99,,8921,7,,,1,100,,8925,7,,,1,100,,8922,7,,,1,100,,8926,7,,,1,100,,8919,7,,,1,99,,8924,7,,,1,99,,8927,7,,,1,151,,8923,7,,,1
4603,'SEM',652,,8960,7,,,1,97,,8963,7,,,1,73,,8957,7,,,1,33,,8956,7,,,1,67,,8941,7,,,1,30,,8961,7,,,1,70,,8938,7,,,1,30,,8958,7,,,1,70,,8959,7,,,1,30,,8937,7,,,1,70,,8967,7,,,1,28,,8942,7,,,1,72,,8964,7,,,1,30,,8966,7,,,1,70,,8945,7,,,1,35,,8962,7,,,1,65,,8965,7,,,1,31,,8944,7,,,1,71,,8939,7,,,1,24,,8943,7,,,1,70,,8940,7,,,1,35,,8951,7,,,1,64,,8948,7,,,1,35,,8955,7,,,1,60,,8952,7,,,1,35,,8950,7,,,1,100,,8947,7,,,1,101,,8946,7,,,1,103,,8954,7,,,1,100,,8949,7,,,1,150,,8953,7,,,1
6001,'DIM',741,,9768,3,,,1,101,,9776,3,,,1,100,,9774,3,,,1,103,,9775,3,,,1,100,,9777,3,,,1,101,,9780,3,,,1,101,,9778,3,,,1,101,,9781,3,,,1,101,,9779,3,,,1,102,,9782,3,,,1,93,,9783,3,,,1,101,,9770,3,,,1,99,,9772,3,,,1,99,,9771,3,,,1,99,,9773,3,,,1,99,,9767,3,,,1,100,,9769,3,,,1
6001,'SAM',640,,9790,3,,,1,101,,9795,3,,,1,101,,9786,3,,,1,100,,9798,3,,,1,102,,9800,3,,,1,101,,9796,3,,,1,101,,9799,3,,,1,101,,9797,3,,,1,101,,9785,3,,,1,101,,9801,3,,,1,102,,9784,3,,,1,93,,9788,3,,,1,102,,9793,3,,,1,98,,9789,3,,,1,99,,9791,3,,,1,99,,9794,3,,,1,99,,9787,3,,,1,100,,9792,3,,,1
6001,'SEM',525,,9816,3,,,1,100,,9802,3,,,1,85,,9820,3,,,1,36,,9814,3,,,1,75,,9818,3,,,1,100,,9804,3,,,1,100,,9821,3,,,1,100,,9819,3,,,1,103,,9805,3,,,1,100,,9803,3,,,1,100,,9815,3,,,1,101,,9817,3,,,1,99,,9806,3,,,1,104,,9810,3,,,1,100,,9808,3,,,1,90,,9813,3,,,1,99,,9811,3,,,1,100,,9807,3,,,1,100,,9809,3,,,1,95,,9812,3,,,1
