2201,'DIM',644,,7023,41,,,2,101,,7027,41,,,2,104,,7026,41,,,2,99,,7025,41,,,2,101,,7022,41,,,2,99,,7024,41,,,2,101,,7029,41,,,2,102,,7031,41,,,2,96,,7028,41,,,2,105,,7030,41,,,2,99,,7016,41,,,2,100,,7018,41,,,2,97,,7017,41,,,2,102,,7020,41,,,2,100,,7019,41,,,2,100,,7021,41,,,2
2201,'SAM',644,,7040,41,,,2,101,,7042,41,,,2,104,,7039,41,,,2,99,,7041,41,,,2,102,,7044,41,,,2,99,,7048,41,,,2,101,,7047,41,,,2,101,,7043,41,,,2,96,,7045,41,,,2,102,,7046,41,,,2,102,,7033,41,,,2,101,,7036,41,,,2,96,,7034,41,,,2,102,,7032,41,,,2,100,,7038,41,,,2,100,,7037,41,,,2,100,,7035,41,,,2
2201,'SEM',639,,7064,41,,,2,100,,7052,41,,,2,94,,7050,41,,,2,80,,7049,41,,,2,34,,7066,41,,,2,101,,7051,41,,,2,100,,7065,41,,,2,100,,7067,41,,,2,100,,7054,41,,,2,96,,7055,41,,,2,105,,7053,41,,,2,100,,7059,41,,,2,100,,7057,41,,,2,99,,7056,41,,,2,98,,7058,41,,,2,104,,7062,41,,,2,100,,7060,41,,,2,95,,7061,41,,,2,98,,7063,41,,,2
5001,'DIM',545,,9169,48,,,1,100,,9177,48,,,1,101,,9165,48,,,1,98,,9182,48,,,1,101,,9174,48,,,1,73,,9184,48,,,1,37,,9176,48,,,1,64,,9189,48,,,1,39,,9187,48,,,1,62,,9188,48,,,1,35,,9190,48,,,1,69,,9175,48,,,1,32,,9178,48,,,1,76,,9191,48,,,1,69,,9180,48,,,1,34,,9179,48,,,1,70,,9185,48,,,1,23,,9183,48,,,1,74,,9181,48,,,1,41,,9186,48,,,1,58,,9167,48,,,1,99,,9170,48,,,1,58,,9173,48,,,1,100,,9166,48,,,1,99,,9171,48,,,1,98,,9168,48,,,1,100,,9172,48,,,1
5001,'SAM',545,,9199,48,,,1,100,,9202,48,,,1,101,,9193,48,,,1,98,,9214,48,,,1,101,,9212,48,,,1,79,,9217,48,,,1,30,,9210,48,,,1,65,,9194,48,,,1,39,,9218,48,,,1,62,,9216,48,,,1,35,,9195,48,,,1,69,,9206,48,,,1,32,,9208,48,,,1,76,,9211,48,,,1,69,,9207,48,,,1,34,,9209,48,,,1,70,,9197,48,,,1,23,,9198,48,,,1,74,,9192,48,,,1,39,,9213,48,,,1,61,,9215,48,,,1,98,,9203,48,,,1,58,,9205,48,,,1,100,,9204,48,,,1,99,,9200,48,,,1,98,,9196,48,,,1,100,,9201,48,,,1
5001,'SEM',537,,9241,48,,,1,107,,9246,48,,,1,76,,9242,48,,,1,24,,9220,48,,,1,77,,9219,48,,,1,24,,9222,48,,,1,71,,9249,48,,,1,26,,9250,48,,,1,73,,9245,48,,,1,27,,9221,48,,,1,73,,9225,48,,,1,28,,9244,48,,,1,72,,9231,48,,,1,32,,9247,48,,,1,70,,9226,48,,,1,32,,9243,48,,,1,68,,9248,48,,,1,30,,9224,48,,,1,84,,9223,48,,,1,27,,9235,48,,,1,76,,9227,48,,,1,70,,9228,48,,,1,29,,9234,48,,,1,26,,9229,48,,,1,75,,9233,48,,,1,69,,9236,48,,,1,35,,9237,48,,,1,104,,9232,48,,,1,103,,9230,48,,,1,103,,9239,48,,,1,105,,9238,48,,,1,106,,9240,48,,,1,89,,9251,38,,,1
5801,'DIM',546,,9661,56,,,2,101,,9643,56,,,2,91,,9652,56,,,2,101,,9655,56,,,2,99,,9658,56,,,2,100,,9651,56,,,2,102,,9660,56,,,2,98,,9657,56,,,2,103,,9654,56,,,2,99,,9656,56,,,2,102,,9653,56,,,2,99,,9646,56,,,2,101,,9659,56,,,2,99,,9642,56,,,2,99,,9650,56,,,2,99,,9645,56,,,2,100,,9644,56,,,2,100,,9648,56,,,2,98,,9647,56,,,2,110,,9649,56,,,2
5801,'SAM',546,,9681,56,,,2,101,,9673,56,,,2,91,,9672,56,,,2,101,,9677,56,,,2,100,,9675,56,,,2,99,,9678,56,,,2,102,,9680,56,,,2,98,,9662,56,,,2,101,,9671,56,,,2,101,,9676,56,,,2,101,,9674,56,,,2,101,,9679,56,,,2,100,,9665,56,,,2,100,,9669,56,,,2,98,,9663,56,,,2,99,,9670,56,,,2,100,,9666,56,,,2,100,,9668,56,,,2,98,,9664,56,,,2,110,,9667,56,,,2
5801,'SEM',537,,9695,56,,,2,68,,9692,56,,,2,42,,9705,56,,,2,85,,9693,56,,,2,86,,9699,56,,,2,85,,9686,56,,,2,99,,9706,56,,,2,100,,9682,56,,,2,100,,9687,56,,,2,100,,9704,56,,,2,100,,9683,56,,,2,47,,9694,56,,,2,71,,9684,56,,,2,32,,9707,56,,,2,69,,9689,56,,,2,35,,9691,56,,,2,69,,9690,56,,,2,27,,9685,56,,,2,69,,9703,56,,,2,29,,9688,56,,,2,70,,9701,56,,,2,100,,9702,56,,,2,99,,9697,56,,,2,99,,9696,56,,,2,99,,9698,56,,,2,98,,9700,56,,,2
22201,'DIM',1416,,11475,41,,,2,815,,11473,41,,,2,83,,11474,41,,,2
22201,'SAM',1416,,11480,41,,,2,815,,11476,41,,,2,83,,11477,41,,,2,100,,11479,41,,,2,112,,11478,41,,,2
22201,'SEM',719,,11481,41,,,2,10,,11482,41,,,2,683,,11483,41,,,2,100,,11484,41,,,2,106,,11488,41,,,2,100,,11486,41,,,2,90,,11485,41,,,2,625,,11487,41,,,2
32201,'DIM',524,,11591,42,,,2,802,,11593,41,,,2,802,,11592,41,,,2
32201,'SAM',524,,11594,42,,,2,802,,11595,41,,,2
32201,'SEM',526,,11596,42,,,2,19,,11597,42,,,2,67,,11598,42,,,2,715,,11599,41,,,2,801,,11600,41,,,2
