3903,'DIM',920,,8065,6,,,1,30,,8070,6,,,1,70,,8071,6,,,1,30,,8068,6,,,1,74,,8069,6,,,1,26,,8072,6,,,1,69,,8062,6,,,1,31,,8066,6,,,1,70,,8063,6,,,1,30,,8049,6,,,1,70,,8052,6,,,1,31,,8055,6,,,1,70,,8067,6,,,1,31,,8056,6,,,1,71,,8057,6,,,1,25,,8058,6,,,1,58,,8064,6,,,1,10,,8059,6,,,1,24,,8053,6,,,1,65,,8060,6,,,1,100,,8050,6,,,1,100,,8061,6,,,1,99,,8051,6,,,1,104,,8054,6,,,1
3903,'SAM',920,,8092,6,,,1,30,,8096,6,,,1,70,,8073,6,,,1,30,,8087,6,,,1,74,,8090,6,,,1,26,,8089,6,,,1,70,,8074,6,,,1,30,,8088,6,,,1,70,,8091,6,,,1,30,,8075,6,,,1,70,,8094,6,,,1,31,,8078,6,,,1,70,,8079,6,,,1,31,,8081,6,,,1,71,,8095,6,,,1,25,,8082,6,,,1,58,,8093,6,,,1,11,,8080,6,,,1,23,,8077,6,,,1,69,,8076,6,,,1,98,,8084,6,,,1,98,,8083,6,,,1,99,,8086,6,,,1,104,,8085,6,,,1
3903,'SEM',710,,8120,6,,,1,99,,8102,6,,,1,104,,8100,6,,,1,33,,8104,6,,,1,69,,8121,6,,,1,31,,8122,6,,,1,68,,8115,6,,,1,31,,8119,6,,,1,67,,8123,6,,,1,38,,8099,6,,,1,73,,8106,6,,,1,27,,8108,6,,,1,71,,8109,6,,,1,34,,8098,6,,,1,77,,8116,6,,,1,23,,8110,6,,,1,68,,8101,6,,,1,25,,8103,6,,,1,75,,8111,6,,,1,80,,8112,6,,,1,40,,8105,6,,,1,99,,8107,6,,,1,97,,8113,6,,,1,103,,8117,6,,,1,99,,8114,6,,,1,88,,8118,6,,,1
4201,'DIM',511,,8340,10,,,2,102,,8364,10,,,2,30,,8381,10,,,2,70,,1716,10,,,2,31,,8365,10,,,2,71,,8370,10,,,2,27,,8374,10,,,2,71,,8377,10,,,2,31,,8369,10,,,2,66,,8372,10,,,2,35,,8371,10,,,2,60,,8357,10,,,2,23,,8362,10,,,2,18,,8361,10,,,2,62,,8363,10,,,2,18,,8367,10,,,2,20,,8366,10,,,2,58,,8384,10,,,2,22,,8378,10,,,2,21,,8373,10,,,2,60,,1723,10,,,2,21,,8380,10,,,2,20,,8344,10,,,2,60,,8346,10,,,2,20,,8347,10,,,2,21,,8379,10,,,2,58,,8368,10,,,2,21,,8375,10,,,2,20,,8345,10,,,2,55,,8383,10,,,2,15,,8382,10,,,2,14,,8356,10,,,2,14,,8376,10,,,2,58,,8342,10,,,2,32,,8341,10,,,2,70,,8352,10,,,2,30,,8339,10,,,2,70,,8348,10,,,2,29,,8359,10,,,2,70,,8343,10,,,2,31,,8350,10,,,2,70,,8354,10,,,2,30,,8355,10,,,2,70,,8349,10,,,2,35,,8353,10,,,2,70,,8351,10,,,2,34,,8358,10,,,2,75,,8360,10,,,2
4201,'SAM',511,,8385,10,,,2,102,,8413,10,,,2,30,,8388,10,,,2,70,,8420,10,,,2,31,,8416,10,,,2,71,,8415,10,,,2,27,,8419,10,,,2,71,,8426,10,,,2,31,,8431,10,,,2,65,,8424,10,,,2,36,,8410,10,,,2,60,,8422,10,,,2,22,,8414,10,,,2,19,,8405,10,,,2,61,,8412,10,,,2,19,,8386,10,,,2,20,,8418,10,,,2,58,,8417,10,,,2,22,,8411,10,,,2,21,,8421,10,,,2,60,,8387,10,,,2,20,,8423,10,,,2,20,,8427,10,,,2,61,,8391,10,,,2,20,,8429,10,,,2,21,,8432,10,,,2,59,,8433,10,,,2,19,,8397,10,,,2,21,,8430,10,,,2,54,,8399,10,,,2,16,,8425,10,,,2,14,,8401,10,,,2,16,,8428,10,,,2,56,,8404,10,,,2,36,,8389,10,,,2,66,,8392,10,,,2,30,,8408,10,,,2,70,,8394,10,,,2,29,,8396,10,,,2,73,,8390,10,,,2,27,,8393,10,,,2,70,,8395,10,,,2,31,,8398,10,,,2,70,,8400,10,,,2,35,,8402,10,,,2,70,,8409,10,,,2,34,,8403,10,,,2,75,,8407,10,,,2,30,,8406,10,,,2
4201,'SEM',612,,8483,10,,,2,29,,8436,10,,,2,17,,8478,10,,,2,60,,8481,10,,,2,21,,8484,10,,,2,62,,8482,10,,,2,19,,8437,10,,,2,19,,8477,10,,,2,62,,8434,10,,,2,19,,8440,10,,,2,19,,8467,10,,,2,63,,8479,10,,,2,18,,8480,10,,,2,23,,8442,10,,,2,57,,8464,10,,,2,23,,8444,10,,,2,20,,8445,10,,,2,59,,8446,10,,,2,22,,8439,10,,,2,15,,8448,10,,,2,63,,8449,10,,,2,19,,8450,10,,,2,21,,8438,10,,,2,61,,8454,10,,,2,20,,8485,10,,,2,19,,8458,10,,,2,59,,8459,10,,,2,20,,8460,10,,,2,14,,8462,10,,,2,12,,8435,10,,,2,53,,8441,10,,,2,11,,8453,10,,,2,13,,8465,10,,,2,14,,8468,10,,,2,15,,8456,10,,,2,55,,8452,10,,,2,14,,8451,10,,,2,15,,8472,10,,,2,15,,8474,10,,,2,55,,8443,10,,,2,15,,8476,10,,,2,23,,8469,10,,,2,14,,8473,10,,,2,62,,8447,10,,,2,27,,8475,10,,,2,71,,8455,10,,,2,28,,8457,10,,,2,73,,8461,10,,,2,28,,8463,10,,,2,107,,8466,10,,,2,93,,8471,10,,,2,84,,8470,10,,,2
5001,'DIM',522,,9169,6,,,1,100,,9177,6,,,1,100,,9165,6,,,1,96,,9182,6,,,1,100,,9174,6,,,1,33,,9184,6,,,1,77,,9176,6,,,1,23,,9189,6,,,1,78,,9187,6,,,1,22,,9188,6,,,1,75,,9190,6,,,1,29,,9175,6,,,1,72,,9178,6,,,1,76,,9191,6,,,1,29,,9180,6,,,1,73,,9179,6,,,1,30,,9185,6,,,1,23,,9183,6,,,1,74,,9181,6,,,1,81,,9186,6,,,1,18,,9167,6,,,1,100,,9170,6,,,1,99,,9173,6,,,1,100,,9166,6,,,1,99,,9171,6,,,1,99,,9168,6,,,1,100,,9172,6,,,1
5001,'SAM',522,,9199,6,,,1,100,,9202,6,,,1,100,,9193,6,,,1,96,,9214,6,,,1,100,,9212,6,,,1,39,,9217,6,,,1,70,,9210,6,,,1,24,,9194,6,,,1,78,,9218,6,,,1,22,,9216,6,,,1,75,,9195,6,,,1,29,,9206,6,,,1,72,,9208,6,,,1,76,,9211,6,,,1,29,,9207,6,,,1,73,,9209,6,,,1,30,,9197,6,,,1,23,,9198,6,,,1,74,,9192,6,,,1,79,,9213,6,,,1,21,,9215,6,,,1,99,,9203,6,,,1,99,,9205,6,,,1,100,,9204,6,,,1,99,,9200,6,,,1,99,,9196,6,,,1,100,,9201,6,,,1
5001,'SEM',511,,9241,6,,,1,104,,9246,6,,,1,35,,9242,6,,,1,63,,9220,6,,,1,36,,9219,6,,,1,64,,9222,6,,,1,31,,9249,6,,,1,67,,9250,6,,,1,33,,9245,6,,,1,67,,9221,6,,,1,33,,9225,6,,,1,68,,9244,6,,,1,32,,9231,6,,,1,70,,9247,6,,,1,30,,9226,6,,,1,72,,9243,6,,,1,28,,9248,6,,,1,70,,9224,6,,,1,42,,9223,6,,,1,66,,9235,6,,,1,36,,9227,6,,,1,69,,9228,6,,,1,29,,9234,6,,,1,70,,9229,6,,,1,75,,9233,6,,,1,30,,9236,6,,,1,75,,9237,6,,,1,105,,9232,6,,,1,105,,9230,6,,,1,104,,9239,6,,,1,105,,9238,6,,,1,107,,9240,6,,,1
6001,'DIM',802,,9768,33,,,1,103,,9776,33,,,1,101,,9774,33,,,1,103,,9775,33,,,1,101,,9777,33,,,1,102,,9780,33,,,1,102,,9778,33,,,1,100,,9781,33,,,1,100,,9779,33,,,1,102,,9782,33,,,1,93,,9783,33,,,1,99,,9770,33,,,1,98,,9772,33,,,1,98,,9771,33,,,1,99,,9773,33,,,1,99,,9767,33,,,1,100,,9769,33,,,1
6001,'SAM',700,,9790,33,,,1,102,,9795,33,,,1,103,,9786,33,,,1,101,,9798,33,,,1,102,,9800,33,,,1,102,,9796,33,,,1,102,,9799,33,,,1,102,,9797,33,,,1,100,,9785,33,,,1,100,,9801,33,,,1,102,,9784,33,,,1,93,,9788,33,,,1,100,,9793,33,,,1,97,,9789,33,,,1,98,,9791,33,,,1,99,,9794,33,,,1,99,,9787,33,,,1,100,,9792,33,,,1
6001,'SEM',544,,9816,33,,,1,101,,9802,33,,,1,86,,9820,33,,,1,77,,9814,33,,,1,36,,9818,33,,,1,101,,9804,33,,,1,100,,9821,33,,,1,101,,9819,33,,,1,104,,9805,33,,,1,100,,9803,33,,,1,100,,9815,33,,,1,102,,9817,33,,,1,99,,9806,33,,,1,103,,9810,33,,,1,98,,9808,33,,,1,90,,9813,33,,,1,98,,9811,33,,,1,99,,9807,33,,,1,99,,9809,33,,,1,94,,9812,33,,,1
6104,'DIM',654,,9950,55,,,2,100,,9951,55,,,2,103,,9948,55,,,2,143,,9952,55,,,2,101,,9954,55,,,2,102,,9953,55,,,2,102,,9949,55,,,2,102,,9947,55,,,2,102,,9937,55,,,2,103,,9940,55,,,2,94,,9942,55,,,2,102,,9944,55,,,2,96,,9946,55,,,2,97,,9945,55,,,2,58,,9941,55,,,2,98,,9938,55,,,2,99,,9939,55,,,2,99,,9943,55,,,2
6104,'SAM',654,,9963,55,,,2,100,,9962,55,,,2,103,,9965,55,,,2,144,,9967,55,,,2,100,,9970,55,,,2,102,,9964,55,,,2,99,,9968,55,,,2,105,,9971,55,,,2,102,,9969,55,,,2,103,,9972,55,,,2,94,,9966,55,,,2,101,,9958,55,,,2,100,,9955,55,,,2,94,,9959,55,,,2,58,,9957,55,,,2,98,,9960,55,,,2,99,,9956,55,,,2,99,,9961,55,,,2
6104,'SEM',521,,9976,55,,,2,100,,9987,55,,,2,35,,9973,55,,,2,62,,9990,55,,,2,36,,9985,55,,,2,69,,9994,55,,,2,102,,9974,55,,,2,100,,9975,55,,,2,102,,9992,55,,,2,104,,9986,55,,,2,100,,9989,55,,,2,102,,9988,55,,,2,100,,9991,55,,,2,111,,9993,55,,,2,66,,9980,55,,,2,97,,9983,55,,,2,96,,9981,55,,,2,100,,9977,55,,,2,98,,9984,55,,,2,39,,9978,55,,,2,90,,9979,55,,,2,101,,9982,55,,,2
6304,'DIM',748,,10080,47,,,1,102,,10076,47,,,1,101,,10078,47,,,1,102,,10072,47,,,1,99,,10077,47,,,1,104,,10082,47,,,1,96,,10079,47,,,1,102,,10083,47,,,1,103,,10081,47,,,1,100,,10084,47,,,1,99,,10085,47,,,1,99,,10073,47,,,1,99,,10069,47,,,1,98,,10070,47,,,1,99,,10074,47,,,1,98,,10071,47,,,1,99,,10075,47,,,1
6304,'SAM',648,,10099,47,,,1,100,,10097,47,,,1,102,,10102,47,,,1,101,,10098,47,,,1,102,,10096,47,,,1,99,,10101,47,,,1,104,,10100,47,,,1,96,,10104,47,,,1,102,,10103,47,,,1,103,,10086,47,,,1,102,,10087,47,,,1,97,,10088,47,,,1,99,,10090,47,,,1,99,,10089,47,,,1,98,,10094,47,,,1,99,,10091,47,,,1,98,,10092,47,,,1,99,,10095,47,,,1,98,,10093,47,,,1
6304,'SEM',503,,10132,47,,,1,111,,10128,47,,,1,30,,10137,47,,,1,71,,10120,47,,,1,16,,10131,47,,,1,27,,10134,47,,,1,66,,10136,47,,,1,19,,10135,47,,,1,70,,10109,47,,,1,30,,10110,47,,,1,71,,10111,47,,,1,30,,10105,47,,,1,65,,10108,47,,,1,30,,10133,47,,,1,72,,10123,47,,,1,30,,10116,47,,,1,66,,10129,47,,,1,38,,10106,47,,,1,67,,10107,47,,,1,32,,10117,47,,,1,71,,10130,47,,,1,39,,10138,47,,,1,70,,10113,47,,,1,24,,10112,47,,,1,74,,10118,47,,,1,16,,10115,47,,,1,68,,10124,47,,,1,29,,10119,47,,,1,77,,10122,47,,,1,97,,10114,47,,,1,40,,10125,47,,,1,91,,10127,47,,,1,93,,10121,47,,,1,99,,10126,47,,,1
6504,'DIM',722,,10223,63,,,2,102,,10221,63,,,2,101,,10224,63,,,2,102,,10226,63,,,2,102,,10228,63,,,2,102,,10225,63,,,2,99,,10222,63,,,2,102,,10230,63,,,2,106,,10227,63,,,2,95,,10229,63,,,2,97,,10216,63,,,2,101,,10218,63,,,2,97,,10217,63,,,2,98,,10219,63,,,2,100,,10220,63,,,2,96,,10214,63,,,2,100,,10215,63,,,2
6504,'SAM',722,,10240,63,,,2,102,,10239,63,,,2,101,,10243,63,,,2,102,,10242,63,,,2,102,,10244,63,,,2,101,,10246,63,,,2,99,,10247,63,,,2,103,,10245,63,,,2,105,,10241,63,,,2,96,,10231,63,,,2,97,,10233,63,,,2,101,,10236,63,,,2,99,,10237,63,,,2,96,,3667,63,,,2,100,,10238,63,,,2,96,,10235,63,,,2,100,,10232,63,,,2,99,,10234,63,,,2
6504,'SEM',540,,10271,63,,,2,86,,10281,63,,,2,26,,10250,63,,,2,60,,10259,63,,,2,16,,10266,63,,,2,12,,10279,63,,,2,10,,10249,63,,,2,50,,10280,63,,,2,10,,10276,63,,,2,23,,10251,63,,,2,70,,10253,63,,,2,32,,10268,63,,,2,69,,10284,63,,,2,33,,10254,63,,,2,71,,10255,63,,,2,27,,10273,63,,,2,75,,10256,63,,,2,27,,10283,63,,,2,80,,10277,63,,,2,20,,10278,63,,,2,70,,10282,63,,,2,30,,10258,63,,,2,70,,10261,63,,,2,38,,10252,63,,,2,67,,10265,63,,,2,40,,10267,63,,,2,73,,10248,63,,,2,20,,10260,63,,,2,64,,10257,63,,,2,36,,10272,63,,,2,72,,10274,63,,,2,86,,10263,63,,,2,99,,10262,63,,,2,98,,10264,63,,,2,59,,10269,63,,,2,99,,10270,63,,,2,98,,10275,63,,,2
7002,'DIM',616,,10507,63,,,1,40,,10506,63,,,1,90,,10489,86,,,1,103,,10496,86,,,1,101,,3943,86,,,1,102,,10492,86,,,1,68,,10493,86,,,1,34,,10495,86,,,1,69,,10485,86,,,1,25,,10494,86,,,1,75,,10491,86,,,1,25,,10500,86,,,1,79,,10498,86,,,1,28,,10501,86,,,1,76,,10483,86,,,1,25,,10497,86,,,1,71,,10503,86,,,1,23,,10499,86,,,1,78,,10502,86,,,1,27,,10487,86,,,1,75,,10505,86,,,1,73,,3946,86,,,1,97,,10504,86,,,1,54,,10482,86,,,1,95,,10484,86,,,1,97,,10488,86,,,1,99,,10486,86,,,1,103,,10490,86,,,1
7002,'SAM',616,,10534,63,,,1,40,,10535,63,,,1,89,,10532,86,,,1,104,,10512,86,,,1,101,,10520,86,,,1,102,,10519,86,,,1,65,,10528,86,,,1,37,,10533,86,,,1,69,,10530,86,,,1,24,,10524,86,,,1,75,,10523,86,,,1,26,,10522,86,,,1,79,,10525,86,,,1,76,,10521,86,,,1,27,,10531,86,,,1,25,,10529,86,,,1,68,,10527,86,,,1,26,,10526,86,,,1,79,,10515,86,,,1,28,,10511,86,,,1,75,,10513,86,,,1,73,,10508,86,,,1,96,,10517,86,,,1,54,,10509,86,,,1,96,,10510,86,,,1,96,,10516,86,,,1,99,,10514,86,,,1,103,,10518,86,,,1
7002,'SEM',624,,10541,86,,,1,99,,10561,86,,,1,26,,10562,86,,,1,73,,10540,86,,,1,37,,10543,86,,,1,67,,10545,86,,,1,29,,10560,86,,,1,70,,10538,86,,,1,30,,10567,86,,,1,71,,10546,86,,,1,28,,10568,86,,,1,73,,10563,86,,,1,26,,10565,86,,,1,74,,10564,86,,,1,30,,10539,86,,,1,70,,10566,86,,,1,25,,10559,86,,,1,76,,10544,86,,,1,73,,10547,86,,,1,31,,10542,86,,,1,70,,10536,86,,,1,33,,10537,86,,,1,66,,10550,86,,,1,31,,10551,86,,,1,24,,10555,86,,,1,70,,10554,86,,,1,90,,10552,86,,,1,41,,10556,86,,,1,92,,10548,86,,,1,151,,10553,86,,,1,106,,10549,86,,,1,96,,10558,86,,,1,105,,10557,86,,,1
7601,'DIM',508,,10861,38,,,2,100,,10834,83,,,2,25,,10848,83,,,2,104,,10849,83,,,2,101,,10841,83,,,2,101,,10853,83,,,2,68,,10858,83,,,2,30,,10855,83,,,2,71,,10851,83,,,2,30,,10852,83,,,2,70,,10832,83,,,2,31,,10856,83,,,2,71,,10854,83,,,2,29,,10839,83,,,2,73,,10859,83,,,2,31,,10860,83,,,2,69,,10831,83,,,2,33,,10842,83,,,2,67,,10850,83,,,2,30,,10835,83,,,2,70,,10837,83,,,2,29,,10833,83,,,2,69,,10840,83,,,2,29,,10857,83,,,2,105,,10845,83,,,2,97,,10846,83,,,2,97,,10838,83,,,2,98,,10847,83,,,2,100,,10836,83,,,2,100,,10843,83,,,2,99,,10844,83,,,2
7601,'SAM',508,,10892,38,,,2,100,,10866,83,,,2,25,,10875,83,,,2,104,,10878,83,,,2,101,,10877,83,,,2,101,,10881,83,,,2,68,,10885,83,,,2,30,,10882,83,,,2,71,,10888,83,,,2,30,,10876,83,,,2,70,,10884,83,,,2,32,,10883,83,,,2,70,,10890,83,,,2,29,,10863,83,,,2,73,,10879,83,,,2,31,,10862,83,,,2,69,,10880,83,,,2,33,,10887,83,,,2,67,,10891,83,,,2,30,,10864,83,,,2,70,,10886,83,,,2,29,,10868,83,,,2,69,,10889,83,,,2,31,,10865,83,,,2,103,,10871,83,,,2,97,,10873,83,,,2,97,,10869,83,,,2,98,,10867,83,,,2,100,,10872,83,,,2,100,,10870,83,,,2,99,,10874,83,,,2
7601,'SEM',527,,10893,83,,,2,92,,10914,83,,,2,27,,10921,83,,,2,65,,10929,83,,,2,24,,10899,83,,,2,12,,10924,83,,,2,55,,10901,83,,,2,16,,10922,83,,,2,24,,10926,83,,,2,60,,10896,83,,,2,25,,10900,83,,,2,22,,10894,83,,,2,70,,10923,83,,,2,30,,10897,83,,,2,69,,10919,83,,,2,31,,10895,83,,,2,70,,10925,83,,,2,31,,10904,83,,,2,70,,10920,83,,,2,32,,10903,83,,,2,72,,10906,83,,,2,31,,10928,83,,,2,73,,10907,83,,,2,30,,10898,83,,,2,78,,10927,83,,,2,66,,10902,83,,,2,25,,10905,83,,,2,24,,10911,83,,,2,67,,10915,83,,,2,30,,10917,83,,,2,72,,10913,83,,,2,23,,10909,83,,,2,69,,10918,83,,,2,100,,10916,83,,,2,100,,10908,83,,,2,99,,10910,83,,,2,103,,10912,83,,,2
90301,'DIM',853,,11665,56,,,2,105,,11663,56,,,2,101,,11666,56,,,2,97,,11664,56,,,2,99,,11670,56,,,2,102,,11669,56,,,2,101,,11671,56,,,2,144,,11667,56,,,2,56,,11668,56,,,2,144,,5232,56,,,2
90301,'SAM',655,,5244,56,,,2,102,,11676,56,,,2,96,,11678,56,,,2,105,,11677,56,,,2,100,,11680,56,,,2,96,,11679,56,,,2,101,,11681,56,,,2,102,,11675,56,,,2,100,,11682,56,,,2,145,,11672,56,,,2,56,,11674,56,,,2,100,,11673,56,,,2
90301,'SEM',540,,11691,56,,,2,80,,11694,56,,,2,22,,11699,56,,,2,12,,11701,56,,,2,52,,11698,56,,,2,10,,11700,56,,,2,10,,11683,56,,,2,16,,11686,56,,,2,61,,11693,56,,,2,25,,11695,56,,,2,30,,11702,56,,,2,143,,11685,56,,,2,100,,11690,56,,,2,99,,11684,56,,,2,100,,11697,56,,,2,101,,11696,56,,,2,100,,11688,56,,,2,42,,11703,56,,,2,107,,11689,56,,,2,105,,11687,56,,,2,92,,11692,56,,,2
