1703,'DIM',633,,6801,43,,,1,89,,6794,43,,,1,101,,100,43,,,1,102,,6796,43,,,1,97,,6797,43,,,1,102,,6793,43,,,1,100,,6799,43,,,1,100,,6795,43,,,1,102,,6798,43,,,1,100,,6800,43,,,1,102,,6783,43,,,1,98,,6787,43,,,1,98,,6786,43,,,1,101,,6785,43,,,1,98,,6788,43,,,1,98,,6791,43,,,1,100,,6784,43,,,1,100,,6789,43,,,1,102,,6790,43,,,1,117,,6792,43,,,1
1703,'SAM',555,,6813,43,,,1,78,,6819,43,,,1,89,,121,43,,,1,101,,6810,43,,,1,102,,6812,43,,,1,97,,6814,43,,,1,101,,6818,43,,,1,101,,6816,43,,,1,101,,6811,43,,,1,101,,6817,43,,,1,100,,6815,43,,,1,102,,6820,43,,,1,99,,6821,43,,,1,98,,6802,43,,,1,100,,6807,43,,,1,98,,6804,43,,,1,98,,6803,43,,,1,100,,6805,43,,,1,100,,6808,43,,,1,102,,6809,43,,,1,117,,6806,43,,,1
1703,'SEM',615,,6839,43,,,1,104,,6841,43,,,1,106,,6840,43,,,1,96,,6825,43,,,1,101,,6838,43,,,1,101,,6837,43,,,1,101,,6843,43,,,1,101,,6826,43,,,1,100,,6823,43,,,1,99,,6842,43,,,1,35,,6845,43,,,1,60,,6844,43,,,1,36,,6822,43,,,1,63,,6833,43,,,1,37,,6824,43,,,1,79,,6827,43,,,1,70,,6830,43,,,1,27,,6835,43,,,1,99,,6836,43,,,1,100,,6828,43,,,1,99,,6829,43,,,1,99,,6831,43,,,1,99,,6832,43,,,1,102,,6834,43,,,1
3103,'DIM',652,,7731,45,,,1,101,,7730,45,,,1,100,,1058,45,,,1,100,,7735,45,,,1,100,,7734,45,,,1,100,,7732,45,,,1,103,,7721,45,,,1,101,,7733,45,,,1,99,,7720,45,,,1,101,,7719,45,,,1,99,,7724,45,,,1,98,,7726,45,,,1,103,,7725,45,,,1,96,,7727,45,,,1,101,,7723,45,,,1,100,,7722,45,,,1,99,,7728,45,,,1,99,,7729,45,,,1
3103,'SAM',652,,7748,45,,,1,101,,7747,45,,,1,100,,1075,45,,,1,100,,7752,45,,,1,100,,7753,45,,,1,100,,7749,45,,,1,101,,7745,45,,,1,102,,7750,45,,,1,100,,7746,45,,,1,101,,7751,45,,,1,100,,7740,45,,,1,98,,7742,45,,,1,100,,7738,45,,,1,99,,7743,45,,,1,100,,7736,45,,,1,100,,7737,45,,,1,99,,7739,45,,,1,100,,7741,45,,,1,95,,7744,45,,,1
3103,'SEM',650,,7775,45,,,1,100,,7773,45,,,1,101,,7774,45,,,1,101,,7754,45,,,1,101,,7755,45,,,1,100,,7757,45,,,1,100,,7776,45,,,1,100,,7756,45,,,1,102,,7761,45,,,1,98,,7762,45,,,1,51,,7763,45,,,1,37,,7758,45,,,1,69,,7767,45,,,1,40,,7764,45,,,1,68,,7760,45,,,1,36,,7772,45,,,1,69,,7759,45,,,1,36,,7771,45,,,1,100,,7765,45,,,1,141,,7768,45,,,1,59,,7769,45,,,1,96,,7766,45,,,1,154,,7770,45,,,1
3903,'DIM',856,,1407,56,,,1,100,,8065,66,,,1,70,,8070,66,,,1,31,,8071,66,,,1,70,,8068,66,,,1,74,,8069,66,,,1,26,,8072,66,,,1,29,,8062,66,,,1,71,,8066,66,,,1,30,,8063,66,,,1,71,,8049,66,,,1,30,,8052,66,,,1,72,,8055,66,,,1,70,,8067,66,,,1,31,,8056,66,,,1,70,,8057,66,,,1,25,,8058,66,,,1,18,,8064,66,,,1,10,,8059,66,,,1,64,,8053,66,,,1,25,,8060,66,,,1,99,,8050,66,,,1,99,,8061,66,,,1,98,,8051,66,,,1,104,,8054,66,,,1
3903,'SAM',856,,8097,56,,,1,100,,8092,66,,,1,70,,8096,66,,,1,31,,8073,66,,,1,70,,8087,66,,,1,74,,8090,66,,,1,26,,8089,66,,,1,30,,8074,66,,,1,70,,8088,66,,,1,30,,8091,66,,,1,71,,8075,66,,,1,30,,8094,66,,,1,72,,8078,66,,,1,70,,8079,66,,,1,31,,8081,66,,,1,70,,8095,66,,,1,25,,8082,66,,,1,18,,8093,66,,,1,11,,8080,66,,,1,63,,8077,66,,,1,29,,8076,66,,,1,97,,8084,66,,,1,97,,8083,66,,,1,98,,8086,66,,,1,104,,8085,66,,,1
3903,'SEM',748,,8120,66,,,1,101,,8102,66,,,1,104,,8100,66,,,1,72,,8104,66,,,1,29,,8121,66,,,1,71,,8122,66,,,1,29,,8115,66,,,1,71,,8119,66,,,1,28,,8123,66,,,1,78,,8099,66,,,1,74,,8106,66,,,1,27,,8108,66,,,1,72,,8109,66,,,1,35,,8098,66,,,1,78,,8116,66,,,1,23,,8110,66,,,1,68,,8101,66,,,1,24,,8103,66,,,1,73,,8111,66,,,1,39,,8112,66,,,1,79,,8105,66,,,1,99,,8107,66,,,1,95,,8113,66,,,1,102,,8117,66,,,1,95,,8114,66,,,1,87,,8118,66,,,1
4503,'DIM',700,,8779,44,,,1,100,,8789,44,,,1,101,,8787,44,,,1,99,,8793,44,,,1,101,,8788,44,,,1,58,,8791,44,,,1,145,,8781,44,,,1,101,,8785,44,,,1,98,,8778,44,,,1,102,,8776,44,,,1,52,,8790,44,,,1,102,,8792,44,,,1,143,,8777,44,,,1,102,,8786,44,,,1,101,,8780,44,,,1,99,,8783,44,,,1,99,,8784,44,,,1,101,,8782,44,,,1
4503,'SAM',700,,8807,44,,,1,100,,8803,44,,,1,101,,8806,44,,,1,99,,8805,44,,,1,101,,8795,44,,,1,57,,8804,44,,,1,146,,8808,44,,,1,100,,8799,44,,,1,101,,8810,44,,,1,101,,8809,44,,,1,51,,8811,44,,,1,145,,8794,44,,,1,100,,8801,44,,,1,102,,8796,44,,,1,101,,8800,44,,,1,99,,8798,44,,,1,99,,8802,44,,,1,101,,8797,44,,,1
4503,'SEM',651,,8817,44,,,1,58,,8815,44,,,1,34,,8812,44,,,1,68,,8832,44,,,1,25,,8816,44,,,1,79,,8814,44,,,1,25,,8833,44,,,1,110,,8831,44,,,1,100,,8820,44,,,1,96,,8818,44,,,1,100,,8834,44,,,1,103,,8813,44,,,1,106,,8835,44,,,1,68,,8822,44,,,1,87,,8825,44,,,1,18,,8819,44,,,1,17,,8826,44,,,1,71,,8828,44,,,1,39,,8824,44,,,1,97,,8823,44,,,1,100,,8827,44,,,1,100,,8830,44,,,1,99,,8821,44,,,1,95,,8829,44,,,1
