1704,'DIM',501,,6858,22,,,1,50,,6859,22,,,1,100,,6863,22,,,1,102,,6857,22,,,1,100,,165,22,,,1,100,,6861,22,,,1,101,,6862,22,,,1,100,,6864,22,,,1,101,,6865,22,,,1,101,,6860,22,,,1,102,,6846,22,,,1,99,,6847,22,,,1,100,,6850,22,,,1,101,,6852,22,,,1,99,,6851,22,,,1,98,,6849,22,,,1,100,,6853,22,,,1,100,,6856,22,,,1,99,,6848,22,,,1,99,,6854,22,,,1,96,,6855,22,,,1
1704,'SAM',501,,6878,22,,,1,50,,6879,22,,,1,100,,6885,22,,,1,102,,6882,22,,,1,100,,6877,22,,,1,100,,6881,22,,,1,101,,6886,22,,,1,100,,6884,22,,,1,101,,6883,22,,,1,101,,6880,22,,,1,101,,6867,22,,,1,100,,6868,22,,,1,101,,6870,22,,,1,100,,6872,22,,,1,99,,6866,22,,,1,98,,6874,22,,,1,100,,6871,22,,,1,100,,6869,22,,,1,99,,6873,22,,,1,99,,6875,22,,,1,96,,6876,22,,,1
1704,'SEM',513,,6901,22,,,1,92,,6906,22,,,1,22,,6909,22,,,1,22,,6888,22,,,1,67,,6892,22,,,1,35,,6893,22,,,1,61,,6887,22,,,1,98,,6890,22,,,1,44,,6891,22,,,1,100,,6894,22,,,1,100,,6905,22,,,1,100,,6907,22,,,1,100,,6896,22,,,1,102,,6908,22,,,1,101,,6889,22,,,1,145,,6897,22,,,1,55,,6895,22,,,1,98,,6898,22,,,1,101,,6903,22,,,1,100,,6904,22,,,1,100,,6899,22,,,1,100,,6900,22,,,1,100,,6902,22,,,1
3104,'DIM',621,,7789,32,,,1,102,,7790,32,,,1,100,,7788,32,,,1,101,,7794,32,,,1,100,,7795,32,,,1,100,,7793,32,,,1,100,,7791,32,,,1,103,,7779,32,,,1,101,,7792,32,,,1,100,,7778,32,,,1,101,,7777,32,,,1,99,,7782,32,,,1,98,,7784,32,,,1,103,,7783,32,,,1,96,,7785,32,,,1,100,,7781,32,,,1,100,,7780,32,,,1,98,,7786,32,,,1,102,,7787,32,,,1
3104,'SAM',521,,1137,32,,,1,100,,7805,32,,,1,102,,7808,32,,,1,100,,7807,32,,,1,101,,7810,32,,,1,100,,7813,32,,,1,100,,7814,32,,,1,100,,7809,32,,,1,102,,7804,32,,,1,101,,7811,32,,,1,101,,7806,32,,,1,101,,7812,32,,,1,100,,7800,32,,,1,98,,7802,32,,,1,100,,7798,32,,,1,99,,7803,32,,,1,99,,7796,32,,,1,100,,7797,32,,,1,98,,7799,32,,,1,102,,7801,32,,,1
3104,'SEM',445,,7823,32,,,1,77,,7824,32,,,1,90,,7835,32,,,1,21,,7837,32,,,1,23,,7817,32,,,1,74,,7836,32,,,1,28,,7833,32,,,1,69,,7831,32,,,1,75,,7832,32,,,1,21,,7834,32,,,1,100,,7815,32,,,1,102,,7816,32,,,1,100,,7819,32,,,1,101,,7838,32,,,1,100,,7818,32,,,1,102,,7821,32,,,1,100,,7822,32,,,1,96,,7820,32,,,1,104,,7825,32,,,1,97,,7830,32,,,1,105,,7829,32,,,1,99,,7826,32,,,1,102,,7827,32,,,1,100,,7828,32,,,1
3904,'DIM',823,,8142,22,,,1,112,,8136,22,,,1,82,,8143,22,,,1,30,,8146,22,,,1,73,,8137,22,,,1,27,,8135,22,,,1,73,,8145,22,,,1,29,,8140,22,,,1,74,,8129,22,,,1,27,,8144,22,,,1,70,,8138,22,,,1,31,,8139,22,,,1,72,,8128,22,,,1,30,,8141,22,,,1,71,,8124,22,,,1,31,,8125,22,,,1,68,,8130,22,,,1,28,,8131,22,,,1,69,,8132,22,,,1,83,,8133,22,,,1,98,,8126,22,,,1,100,,8134,22,,,1,100,,8127,22,,,1
3904,'SAM',823,,8162,22,,,1,112,,8155,22,,,1,82,,8166,22,,,1,30,,8156,22,,,1,70,,8147,22,,,1,30,,8153,22,,,1,76,,8159,22,,,1,26,,8157,22,,,1,74,,8163,22,,,1,27,,8154,22,,,1,70,,8160,22,,,1,31,,8161,22,,,1,71,,8167,22,,,1,31,,8158,22,,,1,72,,8164,22,,,1,24,,8165,22,,,1,74,,8168,22,,,1,28,,8169,22,,,1,69,,8148,22,,,1,86,,8149,22,,,1,97,,8151,22,,,1,98,,8150,22,,,1,100,,8152,22,,,1
3904,'SEM',617,,8193,22,,,1,27,,8186,22,,,1,14,,8192,22,,,1,51,,8174,22,,,1,29,,8189,22,,,1,71,,8170,22,,,1,31,,8187,22,,,1,70,,8194,22,,,1,35,,8172,22,,,1,68,,8173,22,,,1,33,,8184,22,,,1,69,,8188,22,,,1,31,,8190,22,,,1,68,,8181,22,,,1,32,,8185,22,,,1,67,,8191,22,,,1,38,,8171,22,,,1,74,,8176,22,,,1,30,,8178,22,,,1,71,,8179,22,,,1,102,,8195,22,,,1,111,,8182,22,,,1,99,,8183,22,,,1,104,,8175,22,,,1,100,,8177,22,,,1,94,,8180,22,,,1
7304,'DIM',536,,10665,50,,,1,70,,10654,50,,,1,102,,10658,50,,,1,101,,10661,50,,,1,100,,10657,50,,,1,101,,10659,50,,,1,100,,10662,50,,,1,100,,10666,50,,,1,102,,10660,50,,,1,101,,10663,50,,,1,101,,10656,50,,,1,100,,10664,50,,,1,100,,10667,50,,,1,100,,10650,50,,,1,99,,10647,50,,,1,97,,10653,50,,,1,100,,10649,50,,,1,99,,10648,50,,,1,99,,10651,50,,,1,101,,10652,50,,,1,99,,10655,50,,,1
7304,'SAM',536,,10686,50,,,1,70,,10676,50,,,1,102,,10681,50,,,1,101,,10678,50,,,1,100,,10677,50,,,1,101,,10682,50,,,1,100,,10684,50,,,1,101,,10680,50,,,1,101,,10671,50,,,1,101,,10683,50,,,1,101,,10679,50,,,1,100,,10685,50,,,1,100,,10687,50,,,1,100,,10670,50,,,1,98,,10668,50,,,1,98,,10669,50,,,1,100,,10673,50,,,1,99,,10672,50,,,1,99,,4131,50,,,1,101,,10674,50,,,1,99,,4133,50,,,1,100,,10675,50,,,1,99,,4134,50,,,1
7304,'SEM',458,,10719,50,,,1,81,,10716,50,,,1,81,,10722,50,,,1,18,,10725,50,,,1,71,,10721,50,,,1,14,,10718,50,,,1,14,,10694,50,,,1,68,,10696,50,,,1,14,,10717,50,,,1,15,,10723,50,,,1,25,,10712,50,,,1,71,,10690,50,,,1,80,,10689,50,,,1,29,,10705,50,,,1,70,,10720,50,,,1,30,,10691,50,,,1,70,,10695,50,,,1,36,,10704,50,,,1,66,,10697,50,,,1,30,,10724,50,,,1,70,,10692,50,,,1,30,,10693,50,,,1,72,,10701,50,,,1,31,,10688,50,,,1,72,,10698,50,,,1,39,,10708,50,,,1,62,,10706,50,,,1,28,,10700,50,,,1,69,,10707,50,,,1,37,,10702,50,,,1,60,,10713,50,,,1,30,,10699,50,,,1,70,,10709,50,,,1,30,,10711,50,,,1,73,,10703,50,,,1,97,,10715,50,,,1,100,,10710,50,,,1,103,,10714,50,,,1
7402,'DIM',636,,10786,63,,,2,101,,10789,63,,,2,101,,6451,63,,,2,100,,10790,63,,,2,101,,10788,63,,,2,100,,10787,63,,,2,101,,10793,63,,,2,100,,10792,63,,,2,103,,10794,63,,,2,99,,10791,63,,,2,99,,10781,63,,,2,103,,10780,63,,,2,98,,10782,63,,,2,98,,10783,63,,,2,100,,6443,63,,,2,100,,10784,63,,,2,99,,10785,63,,,2
7402,'SAM',636,,10802,63,,,2,101,,10806,63,,,2,101,,10804,63,,,2,100,,10801,63,,,2,101,,10805,63,,,2,100,,10807,63,,,2,101,,10810,63,,,2,101,,10803,63,,,2,100,,10808,63,,,2,101,,10811,63,,,2,100,,10809,63,,,2,101,,10795,63,,,2,99,,10797,63,,,2,98,,10799,63,,,2,100,,10798,63,,,2,100,,10800,63,,,2,99,,10796,63,,,2
7402,'SEM',555,,10825,63,,,2,88,,10830,63,,,2,60,,10813,63,,,2,40,,10824,63,,,2,100,,10814,63,,,2,99,,10812,63,,,2,99,,10816,63,,,2,101,,10826,63,,,2,97,,10829,63,,,2,100,,10815,63,,,2,101,,10828,63,,,2,102,,10827,63,,,2,100,,10817,63,,,2,97,,10818,63,,,2,100,,10821,63,,,2,99,,10823,63,,,2,99,,10819,63,,,2,103,,10820,63,,,2,99,,10822,63,,,2
