1703,'DIM',634,,6801,46,,,1,89,,6794,46,,,1,101,,100,46,,,1,102,,6796,46,,,1,97,,6797,46,,,1,103,,6793,46,,,1,100,,6799,46,,,1,99,,6795,46,,,1,102,,6798,46,,,1,100,,6800,46,,,1,102,,6783,46,,,1,98,,6787,46,,,1,98,,6786,46,,,1,101,,6785,46,,,1,98,,6788,46,,,1,99,,6791,46,,,1,100,,6784,46,,,1,100,,6789,46,,,1,102,,6790,46,,,1,116,,6792,46,,,1
1703,'SAM',556,,6813,46,,,1,78,,6819,46,,,1,89,,121,46,,,1,101,,6810,46,,,1,102,,6812,46,,,1,97,,6814,46,,,1,102,,6818,46,,,1,101,,6816,46,,,1,100,,6811,46,,,1,101,,6817,46,,,1,100,,6815,46,,,1,102,,6820,46,,,1,99,,6821,46,,,1,98,,6802,46,,,1,100,,6807,46,,,1,98,,6804,46,,,1,99,,6803,46,,,1,100,,6805,46,,,1,100,,6808,46,,,1,102,,6809,46,,,1,116,,6806,46,,,1
1703,'SEM',617,,6839,46,,,1,104,,6841,46,,,1,106,,6840,46,,,1,96,,6825,46,,,1,101,,6838,46,,,1,101,,6837,46,,,1,100,,6843,46,,,1,101,,6826,46,,,1,100,,6823,46,,,1,99,,6842,46,,,1,75,,6845,46,,,1,20,,6844,46,,,1,36,,6822,46,,,1,63,,6833,46,,,1,37,,6824,46,,,1,79,,6827,46,,,1,70,,6830,46,,,1,27,,6835,46,,,1,99,,6836,46,,,1,100,,6828,46,,,1,100,,6829,46,,,1,99,,6831,46,,,1,99,,6832,46,,,1,102,,6834,46,,,1
3903,'DIM',857,,1407,59,,,1,100,,8065,69,,,1,70,,8070,69,,,1,31,,8071,69,,,1,70,,8068,69,,,1,74,,8069,69,,,1,26,,8072,69,,,1,30,,8062,69,,,1,71,,8066,69,,,1,30,,8063,69,,,1,71,,8049,69,,,1,70,,8052,69,,,1,32,,8055,69,,,1,70,,8067,69,,,1,31,,8056,69,,,1,70,,8057,69,,,1,25,,8058,69,,,1,18,,8064,69,,,1,10,,8059,69,,,1,64,,8053,69,,,1,25,,8060,69,,,1,98,,8050,69,,,1,100,,8061,69,,,1,98,,8051,69,,,1,104,,8054,69,,,1
3903,'SAM',857,,8097,59,,,1,100,,8092,69,,,1,70,,8096,69,,,1,31,,8073,69,,,1,70,,8087,69,,,1,74,,8090,69,,,1,26,,8089,69,,,1,31,,8074,69,,,1,70,,8088,69,,,1,30,,8091,69,,,1,71,,8075,69,,,1,70,,8094,69,,,1,32,,8078,69,,,1,70,,8079,69,,,1,31,,8081,69,,,1,70,,8095,69,,,1,25,,8082,69,,,1,18,,8093,69,,,1,11,,8080,69,,,1,63,,8077,69,,,1,29,,8076,69,,,1,96,,8084,69,,,1,98,,8083,69,,,1,98,,8086,69,,,1,104,,8085,69,,,1
3903,'SEM',750,,8120,69,,,1,101,,8102,69,,,1,104,,8100,69,,,1,72,,8104,69,,,1,29,,8121,69,,,1,71,,8122,69,,,1,29,,8115,69,,,1,71,,8119,69,,,1,28,,8123,69,,,1,78,,8099,69,,,1,73,,8106,69,,,1,27,,8108,69,,,1,72,,8109,69,,,1,35,,8098,69,,,1,78,,8116,69,,,1,23,,8110,69,,,1,68,,8101,69,,,1,25,,8103,69,,,1,73,,8111,69,,,1,39,,8112,69,,,1,79,,8105,69,,,1,98,,8107,69,,,1,95,,8113,69,,,1,103,,8117,69,,,1,95,,8114,69,,,1,86,,8118,69,,,1
4503,'DIM',701,,8779,47,,,1,100,,8789,47,,,1,101,,8787,47,,,1,99,,8793,47,,,1,101,,8788,47,,,1,98,,8791,47,,,1,105,,8781,47,,,1,101,,8785,47,,,1,98,,8778,47,,,1,102,,8776,47,,,1,52,,8790,47,,,1,142,,8792,47,,,1,103,,8777,47,,,1,102,,8786,47,,,1,101,,8780,47,,,1,99,,8783,47,,,1,99,,8784,47,,,1,101,,8782,47,,,1
4503,'SAM',701,,8807,47,,,1,100,,8803,47,,,1,101,,8806,47,,,1,99,,8805,47,,,1,101,,8795,47,,,1,57,,8804,47,,,1,146,,8808,47,,,1,100,,8799,47,,,1,101,,8810,47,,,1,101,,8809,47,,,1,51,,8811,47,,,1,145,,8794,47,,,1,100,,8801,47,,,1,102,,8796,47,,,1,101,,8800,47,,,1,99,,8798,47,,,1,99,,8802,47,,,1,101,,8797,47,,,1
4503,'SEM',652,,8817,47,,,1,58,,8815,47,,,1,35,,8812,47,,,1,68,,8832,47,,,1,25,,8816,47,,,1,79,,8814,47,,,1,25,,8833,47,,,1,110,,8831,47,,,1,100,,8820,47,,,1,95,,8818,47,,,1,100,,8834,47,,,1,103,,8813,47,,,1,106,,8835,47,,,1,68,,8822,47,,,1,87,,8825,47,,,1,18,,8819,47,,,1,17,,8826,47,,,1,71,,8828,47,,,1,39,,8824,47,,,1,98,,8823,47,,,1,100,,8827,47,,,1,100,,8830,47,,,1,99,,8821,47,,,1,95,,8829,47,,,1
7401,'DIM',741,,10736,48,,,2,100,,10737,48,,,2,102,,10740,48,,,2,98,,10739,48,,,2,101,,10741,48,,,2,100,,10738,48,,,2,101,,10735,48,,,2,99,,10734,48,,,2,102,,10742,48,,,2,98,,10728,48,,,2,102,,10729,48,,,2,99,,10731,48,,,2,98,,10732,48,,,2,99,,10733,48,,,2,101,,10727,48,,,2,99,,10726,48,,,2,100,,10730,48,,,2
7401,'SAM',741,,10751,48,,,2,100,,10753,48,,,2,102,,10752,48,,,2,99,,10755,48,,,2,100,,10757,48,,,2,100,,10759,48,,,2,102,,10754,48,,,2,98,,10758,48,,,2,101,,10756,48,,,2,99,,10743,48,,,2,101,,10746,48,,,2,101,,10748,48,,,2,98,,10747,48,,,2,98,,10749,48,,,2,101,,10744,48,,,2,99,,10750,48,,,2,100,,10745,48,,,2
7401,'SEM',644,,10776,48,,,2,96,,10760,48,,,2,101,,10775,48,,,2,103,,10764,48,,,2,101,,10765,48,,,2,101,,10779,48,,,2,100,,10763,48,,,2,101,,10778,48,,,2,100,,10777,48,,,2,93,,10762,48,,,2,96,,10766,48,,,2,101,,10761,48,,,2,69,,10768,48,,,2,42,,10774,48,,,2,99,,10767,48,,,2,101,,10770,48,,,2,100,,10771,48,,,2,99,,10769,48,,,2,99,,10772,48,,,2,95,,10773,48,,,2
