6304,'DIM',725,,10080,7,,,1,100,,10076,7,,,1,101,,10078,7,,,1,101,,10072,7,,,1,98,,10077,7,,,1,103,,10082,7,,,1,96,,10079,7,,,1,103,,10083,7,,,1,103,,10081,7,,,1,100,,10084,7,,,1,100,,10085,7,,,1,100,,10073,7,,,1,99,,10069,7,,,1,99,,10070,7,,,1,99,,10074,7,,,1,99,,10071,7,,,1,99,,10075,7,,,1
6304,'SAM',625,,10099,7,,,1,100,,10097,7,,,1,100,,10102,7,,,1,101,,10098,7,,,1,101,,10096,7,,,1,98,,10101,7,,,1,103,,10100,7,,,1,96,,10104,7,,,1,103,,10103,7,,,1,103,,10086,7,,,1,102,,10087,7,,,1,98,,10088,7,,,1,100,,10090,7,,,1,99,,10089,7,,,1,99,,10094,7,,,1,99,,10091,7,,,1,99,,10092,7,,,1,99,,10095,7,,,1,99,,10093,7,,,1
6304,'SEM',441,,10132,7,,,1,110,,10128,7,,,1,69,,10137,7,,,1,31,,10120,7,,,1,55,,10131,7,,,1,27,,10134,7,,,1,26,,10136,7,,,1,59,,10135,7,,,1,30,,10109,7,,,1,69,,10110,7,,,1,31,,10111,7,,,1,70,,10105,7,,,1,25,,10108,7,,,1,70,,10133,7,,,1,31,,10123,7,,,1,70,,10116,7,,,1,26,,10129,7,,,1,78,,10106,7,,,1,27,,10107,7,,,1,71,,10117,7,,,1,30,,10130,7,,,1,77,,10138,7,,,1,30,,10113,7,,,1,64,,10112,7,,,1,36,,10118,7,,,1,57,,10115,7,,,1,29,,10124,7,,,1,70,,10119,7,,,1,37,,10122,7,,,1,99,,10114,7,,,1,80,,10125,7,,,1,91,,10127,7,,,1,94,,10121,7,,,1,99,,10126,7,,,1
6504,'DIM',653,,10223,7,,,2,101,,10221,7,,,2,101,,10224,7,,,2,101,,10226,7,,,2,101,,10228,7,,,2,102,,10225,7,,,2,98,,10222,7,,,2,102,,10230,7,,,2,146,,10227,7,,,2,96,,10229,7,,,2,58,,10216,7,,,2,142,,10218,7,,,2,57,,10217,7,,,2,99,,10219,7,,,2,100,,10220,7,,,2,98,,10214,7,,,2,100,,10215,7,,,2
6504,'SAM',653,,10240,7,,,2,101,,10239,7,,,2,101,,10243,7,,,2,101,,10242,7,,,2,101,,10244,7,,,2,101,,10246,7,,,2,98,,10247,7,,,2,103,,10245,7,,,2,145,,10241,7,,,2,97,,10231,7,,,2,58,,10233,7,,,2,142,,10236,7,,,2,99,,10237,7,,,2,57,,3667,7,,,2,100,,10238,7,,,2,98,,10235,7,,,2,100,,10232,7,,,2,100,,10234,7,,,2
6504,'SEM',511,,10271,7,,,2,45,,10281,7,,,2,65,,10250,7,,,2,20,,10259,7,,,2,15,,10266,7,,,2,52,,10279,7,,,2,10,,10249,7,,,2,10,,10280,7,,,2,10,,10276,7,,,2,63,,10251,7,,,2,30,,10253,7,,,2,72,,10268,7,,,2,30,,10284,7,,,2,73,,10254,7,,,2,30,,10255,7,,,2,67,,10273,7,,,2,34,,10256,7,,,2,66,,10283,7,,,2,40,,10277,7,,,2,60,,10278,7,,,2,30,,10282,7,,,2,70,,10258,7,,,2,30,,10261,7,,,2,76,,10252,7,,,2,26,,10265,7,,,2,80,,10267,7,,,2,35,,10248,7,,,2,60,,10260,7,,,2,26,,10257,7,,,2,78,,10272,7,,,2,32,,10274,7,,,2,86,,10263,7,,,2,100,,10262,7,,,2,100,,10264,7,,,2,100,,10269,7,,,2,99,,10270,7,,,2,99,,10275,7,,,2
7303,'DIM',712,,10582,48,,,1,100,,10579,48,,,1,103,,10580,48,,,1,98,,10583,48,,,1,100,,10586,48,,,1,100,,10581,48,,,1,101,,10584,48,,,1,102,,10578,48,,,1,99,,10585,48,,,1,102,,10587,48,,,1,99,,10572,48,,,1,99,,10569,48,,,1,100,,10575,48,,,1,97,,10571,48,,,1,100,,10570,48,,,1,100,,10573,48,,,1,98,,10574,48,,,1,102,,10577,48,,,1,105,,10576,48,,,1
7303,'SAM',618,,10601,48,,,1,94,,10598,48,,,1,100,,10597,48,,,1,103,,10602,48,,,1,98,,10604,48,,,1,101,,10600,48,,,1,99,,10591,48,,,1,101,,10603,48,,,1,102,,10599,48,,,1,99,,10605,48,,,1,102,,10606,48,,,1,101,,10590,48,,,1,98,,10588,48,,,1,98,,10589,48,,,1,98,,10593,48,,,1,100,,10592,48,,,1,100,,4040,48,,,1,98,,10594,48,,,1,102,,4041,48,,,1,105,,10595,48,,,1,100,,4042,48,,,1,100,,10596,48,,,1
7303,'SEM',606,,10643,48,,,1,26,,10640,48,,,1,80,,10639,48,,,1,10,,10644,48,,,1,79,,10633,48,,,1,16,,10609,48,,,1,83,,10641,48,,,1,12,,10608,48,,,1,31,,10626,48,,,1,71,,10642,48,,,1,29,,10610,48,,,1,71,,10615,48,,,1,29,,10625,48,,,1,72,,10616,48,,,1,30,,10645,48,,,1,70,,10611,48,,,1,30,,10614,48,,,1,70,,10620,48,,,1,30,,10607,48,,,1,70,,10617,48,,,1,35,,10646,48,,,1,65,,10627,48,,,1,15,,10619,48,,,1,22,,10612,48,,,1,56,,10613,48,,,1,23,,10623,48,,,1,16,,10621,48,,,1,69,,10634,48,,,1,14,,10622,48,,,1,16,,10618,48,,,1,72,,10628,48,,,1,30,,10631,48,,,1,72,,10624,48,,,1,99,,10636,48,,,1,100,,10629,48,,,1,98,,10635,48,,,1,97,,10630,48,,,1,41,,10632,48,,,1,95,,10637,48,,,1,161,,10638,48,,,1
15104,'DIM',601,,11317,8,,,2,54,,11337,8,,,2,65,,11330,8,,,2,26,,11334,8,,,2,72,,11318,8,,,2,32,,11329,8,,,2,69,,11338,8,,,2,32,,11331,8,,,2,72,,11335,8,,,2,33,,11340,8,,,2,71,,11339,8,,,2,31,,11342,8,,,2,73,,11336,8,,,2,74,,11333,8,,,2,32,,11341,8,,,2,72,,11312,8,,,2,33,,11332,8,,,2,73,,11320,8,,,2,32,,11343,8,,,2,71,,11344,8,,,2,37,,11313,8,,,2,71,,11325,8,,,2,31,,11327,8,,,2,70,,11315,8,,,2,73,,11322,8,,,2,30,,11323,8,,,2,70,,11326,8,,,2,27,,11314,8,,,2,29,,11316,8,,,2,71,,11319,8,,,2,99,,11321,8,,,2,100,,11324,8,,,2,74,,11328,8,,,2
15104,'SAM',601,,11361,8,,,2,54,,11369,8,,,2,65,,11364,8,,,2,26,,11366,8,,,2,72,,11362,8,,,2,32,,11363,8,,,2,70,,11370,8,,,2,31,,11365,8,,,2,72,,11367,8,,,2,33,,11373,8,,,2,71,,11372,8,,,2,31,,11374,8,,,2,73,,11368,8,,,2,74,,11360,8,,,2,32,,11354,8,,,2,72,,11375,8,,,2,33,,11371,8,,,2,73,,11345,8,,,2,32,,11377,8,,,2,71,,11349,8,,,2,37,,11376,8,,,2,71,,11352,8,,,2,31,,11346,8,,,2,70,,11347,8,,,2,73,,11358,8,,,2,30,,11351,8,,,2,70,,11353,8,,,2,27,,11357,8,,,2,29,,11348,8,,,2,71,,11359,8,,,2,99,,11350,8,,,2,100,,11356,8,,,2,74,,11355,8,,,2
15104,'SEM',437,,11413,8,,,2,70,,11395,8,,,2,20,,11411,8,,,2,25,,11414,8,,,2,60,,11416,8,,,2,11,,11420,8,,,2,25,,11379,8,,,2,63,,11396,8,,,2,11,,11412,8,,,2,26,,11387,8,,,2,10,,11415,8,,,2,71,,11421,8,,,2,19,,11386,8,,,2,60,,11409,8,,,2,20,,11417,8,,,2,21,,11382,8,,,2,60,,11407,8,,,2,19,,11419,8,,,2,20,,11422,8,,,2,61,,11380,8,,,2,20,,11410,8,,,2,20,,11388,8,,,2,60,,11390,8,,,2,20,,11418,8,,,2,20,,11384,8,,,2,65,,11392,8,,,2,16,,11393,8,,,2,24,,11383,8,,,2,60,,11398,8,,,2,20,,11378,8,,,2,20,,11385,8,,,2,61,,11399,8,,,2,20,,11381,8,,,2,22,,11394,8,,,2,61,,11397,8,,,2,32,,11400,8,,,2,65,,11389,8,,,2,39,,11401,8,,,2,87,,11391,8,,,2,105,,11406,8,,,2,105,,11402,8,,,2,96,,11404,8,,,2,100,,11403,8,,,2,98,,11405,8,,,2,160,,11408,8,,,2
