4202,'DIM',512,,8490,79,,,2,41,,8531,79,,,2,66,,8501,79,,,2,30,,8489,79,,,2,71,,8513,79,,,2,29,,8511,79,,,2,73,,8532,79,,,2,32,,8516,79,,,2,71,,8512,79,,,2,31,,8520,79,,,2,71,,8524,79,,,2,23,,8530,79,,,2,62,,8526,79,,,2,21,,8517,79,,,2,22,,8522,79,,,2,59,,8518,79,,,2,20,,8521,79,,,2,18,,8506,79,,,2,63,,8509,79,,,2,20,,8508,79,,,2,22,,8510,79,,,2,59,,8515,79,,,2,20,,8514,79,,,2,18,,8534,79,,,2,62,,8527,79,,,2,21,,8523,79,,,2,21,,8519,79,,,2,61,,8529,79,,,2,19,,8494,79,,,2,20,,8495,79,,,2,61,,8496,79,,,2,23,,8528,79,,,2,76,,8525,79,,,2,35,,8533,79,,,2,69,,8505,79,,,2,30,,8492,79,,,2,72,,8491,79,,,2,30,,8500,79,,,2,69,,8488,79,,,2,27,,8497,79,,,2,68,,8507,79,,,2,28,,8493,79,,,2,71,,8499,79,,,2,30,,8503,79,,,2,67,,8504,79,,,2,30,,8498,79,,,2,76,,8502,79,,,2
4202,'SAM',512,,8537,79,,,2,41,,8539,79,,,2,66,,8557,79,,,2,30,,8535,79,,,2,71,,8565,79,,,2,29,,8563,79,,,2,73,,8540,79,,,2,32,,8571,79,,,2,71,,8567,79,,,2,31,,8566,79,,,2,71,,8570,79,,,2,23,,8582,79,,,2,62,,8576,79,,,2,21,,8580,79,,,2,21,,8575,79,,,2,60,,8578,79,,,2,20,,8560,79,,,2,18,,8573,79,,,2,62,,8564,79,,,2,21,,8556,79,,,2,21,,8562,79,,,2,60,,8536,79,,,2,20,,8569,79,,,2,18,,8568,79,,,2,62,,8561,79,,,2,21,,8572,79,,,2,21,,8538,79,,,2,60,,8574,79,,,2,19,,8577,79,,,2,21,,8543,79,,,2,61,,8579,79,,,2,23,,8581,79,,,2,75,,8549,79,,,2,35,,8551,79,,,2,70,,8553,79,,,2,30,,8555,79,,,2,75,,8541,79,,,2,27,,8544,79,,,2,69,,8558,79,,,2,27,,8546,79,,,2,68,,8548,79,,,2,31,,8542,79,,,2,67,,8545,79,,,2,30,,8547,79,,,2,68,,8550,79,,,2,30,,8552,79,,,2,76,,8554,79,,,2,30,,8559,79,,,2
4202,'SEM',512,,8625,79,,,2,97,,8627,79,,,2,32,,8631,79,,,2,16,,8634,79,,,2,56,,8583,79,,,2,10,,8585,79,,,2,11,,8588,79,,,2,9,,8591,79,,,2,10,,8633,79,,,2,52,,8630,79,,,2,21,,8586,79,,,2,18,,8601,79,,,2,61,,8587,79,,,2,22,,8635,79,,,2,22,,8632,79,,,2,59,,8589,79,,,2,21,,8626,79,,,2,20,,8584,79,,,2,59,,8629,79,,,2,21,,8593,79,,,2,20,,8618,79,,,2,61,,8628,79,,,2,24,,8595,79,,,2,17,,8615,79,,,2,64,,8597,79,,,2,20,,8599,79,,,2,20,,8600,79,,,2,63,,8592,79,,,2,17,,8602,79,,,2,21,,8603,79,,,2,60,,8604,79,,,2,21,,8590,79,,,2,21,,8606,79,,,2,60,,8636,79,,,2,20,,8609,79,,,2,20,,8610,79,,,2,60,,8611,79,,,2,21,,8613,79,,,2,17,,8594,79,,,2,63,,8616,79,,,2,20,,8596,79,,,2,63,,8605,79,,,2,24,,8598,79,,,2,19,,8622,79,,,2,70,,8624,79,,,2,85,,8621,79,,,2,36,,8623,79,,,2,68,,8607,79,,,2,29,,8608,79,,,2,69,,8612,79,,,2,26,,8614,79,,,2,76,,8620,79,,,2,27,,8617,79,,,2,71,,8619,79,,,2
4804,'DIM',609,,9112,61,,,1,110,,9116,61,,,1,103,,9113,61,,,1,109,,9117,61,,,1,107,,9120,61,,,1,101,,9103,61,,,1,103,,9114,61,,,1,100,,9115,61,,,1,97,,9119,61,,,1,105,,9105,61,,,1,101,,9118,61,,,1,101,,9104,61,,,1,97,,9110,61,,,1,95,,9106,61,,,1,94,,9111,61,,,1,97,,9108,61,,,1,100,,9107,61,,,1,95,,9109,61,,,1
4804,'SAM',609,,9131,61,,,1,110,,2518,61,,,1,103,,9133,61,,,1,108,,9135,61,,,1,108,,9139,61,,,1,101,,9132,61,,,1,102,,9138,61,,,1,100,,9134,61,,,1,97,,9136,61,,,1,106,,9137,61,,,1,101,,9124,61,,,1,101,,9127,61,,,1,97,,9125,61,,,1,95,,9128,61,,,1,94,,9122,61,,,1,97,,9121,61,,,1,98,,9123,61,,,1,97,,9129,61,,,1,97,,9130,61,,,1,33,,9126,61,,,1
4804,'SEM',540,,9142,61,,,1,81,,9160,61,,,1,32,,9140,61,,,1,73,,9143,61,,,1,27,,9147,61,,,1,79,,9162,61,,,1,70,,9161,61,,,1,30,,9164,61,,,1,70,,9150,61,,,1,31,,9149,61,,,1,71,,9144,61,,,1,101,,9151,61,,,1,100,,9163,61,,,1,100,,9148,61,,,1,102,,9145,61,,,1,39,,9141,61,,,1,107,,9146,61,,,1,96,,9157,61,,,1,67,,9159,61,,,1,102,,9154,61,,,1,114,,9158,61,,,1,99,,9152,61,,,1,98,,9153,61,,,1,96,,9155,61,,,1,97,,9156,61,,,1
5802,'DIM',626,,9712,59,,,2,101,,9719,59,,,2,93,,9716,59,,,2,100,,9720,59,,,2,100,,9723,59,,,2,99,,9715,59,,,2,101,,9725,59,,,2,100,,9722,59,,,2,102,,9718,59,,,2,99,,9721,59,,,2,101,,9717,59,,,2,99,,9711,59,,,2,101,,9724,59,,,2,100,,9708,59,,,2,99,,9714,59,,,2,98,,9710,59,,,2,98,,9709,59,,,2,98,,9713,59,,,2
5802,'SAM',626,,9743,59,,,2,101,,9735,59,,,2,93,,9734,59,,,2,100,,9739,59,,,2,100,,9737,59,,,2,99,,9740,59,,,2,101,,9742,59,,,2,100,,9726,59,,,2,99,,9733,59,,,2,101,,9738,59,,,2,101,,9736,59,,,2,101,,9741,59,,,2,100,,9728,59,,,2,100,,9731,59,,,2,99,,9727,59,,,2,98,,9732,59,,,2,98,,9729,59,,,2,98,,9730,59,,,2
5802,'SEM',546,,9762,59,,,2,75,,9755,59,,,2,22,,9754,59,,,2,80,,9763,59,,,2,35,,9765,59,,,2,69,,9747,59,,,2,73,,9746,59,,,2,43,,9750,59,,,2,100,,9766,59,,,2,100,,9744,59,,,2,100,,9751,59,,,2,100,,9764,59,,,2,100,,9745,59,,,2,65,,9748,59,,,2,30,,9752,59,,,2,104,,9758,59,,,2,71,,9749,59,,,2,93,,9753,59,,,2,96,,9760,59,,,2,98,,9759,59,,,2,100,,9761,59,,,2,57,,9757,59,,,2,99,,9756,59,,,2
7001,'DIM',742,,10411,79,,,1,101,,10401,79,,,1,99,,10409,79,,,1,100,,10412,79,,,1,69,,10415,79,,,1,31,,10410,79,,,1,70,,10417,79,,,1,28,,10416,79,,,1,70,,10413,79,,,1,35,,10414,79,,,1,69,,10418,79,,,1,27,,10394,79,,,1,74,,10419,79,,,1,25,,10397,79,,,1,75,,10398,79,,,1,27,,10399,79,,,1,73,,10396,79,,,1,33,,10402,79,,,1,73,,10405,79,,,1,30,,10400,79,,,1,94,,10406,79,,,1,98,,10403,79,,,1,100,,10395,79,,,1,99,,10407,79,,,1,100,,10408,79,,,1,99,,10404,79,,,1
7001,'SAM',742,,10436,79,,,1,101,,10441,79,,,1,99,,10443,79,,,1,100,,10444,79,,,1,68,,10442,79,,,1,32,,10420,79,,,1,69,,10445,79,,,1,29,,10440,79,,,1,70,,10421,79,,,1,34,,10437,79,,,1,68,,10422,79,,,1,33,,10438,79,,,1,70,,10424,79,,,1,25,,10439,79,,,1,73,,10427,79,,,1,29,,10429,79,,,1,73,,10426,79,,,1,34,,10428,79,,,1,72,,10432,79,,,1,30,,10430,79,,,1,94,,10434,79,,,1,98,,10423,79,,,1,100,,10425,79,,,1,98,,10435,79,,,1,101,,10433,79,,,1,99,,10431,79,,,1
7001,'SEM',553,,10472,79,,,1,73,,10450,79,,,1,29,,10473,79,,,1,58,,10474,79,,,1,19,,10469,79,,,1,68,,10480,79,,,1,24,,10461,79,,,1,24,,10447,79,,,1,69,,10479,79,,,1,30,,10476,79,,,1,71,,10477,79,,,1,29,,10458,79,,,1,71,,10481,79,,,1,29,,10449,79,,,1,72,,10454,79,,,1,28,,10478,79,,,1,70,,10448,79,,,1,30,,10446,79,,,1,72,,10475,79,,,1,30,,10453,79,,,1,79,,10456,79,,,1,24,,10452,79,,,1,51,,10459,79,,,1,49,,10451,79,,,1,77,,10463,79,,,1,27,,10466,79,,,1,73,,10467,79,,,1,25,,10455,79,,,1,78,,10464,79,,,1,84,,10460,79,,,1,33,,10457,79,,,1,108,,10465,79,,,1,99,,10462,79,,,1,99,,10470,79,,,1,99,,10468,79,,,1,167,,10471,79,,,1
