4202,'DIM',511,,8490,78,,,2,41,,8531,78,,,2,66,,8501,78,,,2,30,,8489,78,,,2,71,,8513,78,,,2,30,,8511,78,,,2,73,,8532,78,,,2,32,,8516,78,,,2,71,,8512,78,,,2,31,,8520,78,,,2,71,,8524,78,,,2,23,,8530,78,,,2,62,,8526,78,,,2,21,,8517,78,,,2,22,,8522,78,,,2,59,,8518,78,,,2,20,,8521,78,,,2,18,,8506,78,,,2,63,,8509,78,,,2,20,,8508,78,,,2,22,,8510,78,,,2,59,,8515,78,,,2,20,,8514,78,,,2,18,,8534,78,,,2,62,,8527,78,,,2,21,,8523,78,,,2,21,,8519,78,,,2,61,,8529,78,,,2,19,,8494,78,,,2,20,,8495,78,,,2,61,,8496,78,,,2,23,,8528,78,,,2,76,,8525,78,,,2,35,,8533,78,,,2,69,,8505,78,,,2,30,,8492,78,,,2,72,,8491,78,,,2,30,,8500,78,,,2,68,,8488,78,,,2,27,,8497,78,,,2,68,,8507,78,,,2,28,,8493,78,,,2,71,,8499,78,,,2,30,,8503,78,,,2,67,,8504,78,,,2,30,,8498,78,,,2,76,,8502,78,,,2
4202,'SAM',511,,8537,78,,,2,41,,8539,78,,,2,66,,8557,78,,,2,30,,8535,78,,,2,71,,8565,78,,,2,30,,8563,78,,,2,73,,8540,78,,,2,32,,8571,78,,,2,71,,8567,78,,,2,31,,8566,78,,,2,71,,8570,78,,,2,23,,8582,78,,,2,62,,8576,78,,,2,21,,8580,78,,,2,21,,8575,78,,,2,60,,8578,78,,,2,20,,8560,78,,,2,18,,8573,78,,,2,62,,8564,78,,,2,21,,8556,78,,,2,21,,8562,78,,,2,60,,8536,78,,,2,20,,8569,78,,,2,18,,8568,78,,,2,62,,8561,78,,,2,21,,8572,78,,,2,21,,8538,78,,,2,60,,8574,78,,,2,19,,8577,78,,,2,21,,8543,78,,,2,61,,8579,78,,,2,23,,8581,78,,,2,75,,8549,78,,,2,35,,8551,78,,,2,70,,8553,78,,,2,30,,8555,78,,,2,75,,8541,78,,,2,27,,8544,78,,,2,68,,8558,78,,,2,27,,8546,78,,,2,68,,8548,78,,,2,31,,8542,78,,,2,67,,8545,78,,,2,30,,8547,78,,,2,68,,8550,78,,,2,30,,8552,78,,,2,76,,8554,78,,,2,30,,8559,78,,,2
4202,'SEM',511,,8625,78,,,2,97,,8627,78,,,2,33,,8631,78,,,2,16,,8634,78,,,2,56,,8583,78,,,2,10,,8585,78,,,2,11,,8588,78,,,2,9,,8591,78,,,2,10,,8633,78,,,2,52,,8630,78,,,2,21,,8586,78,,,2,18,,8601,78,,,2,61,,8587,78,,,2,22,,8635,78,,,2,22,,8632,78,,,2,59,,8589,78,,,2,21,,8626,78,,,2,20,,8584,78,,,2,59,,8629,78,,,2,21,,8593,78,,,2,20,,8618,78,,,2,61,,8628,78,,,2,24,,8595,78,,,2,17,,8615,78,,,2,64,,8597,78,,,2,20,,8599,78,,,2,20,,8600,78,,,2,63,,8592,78,,,2,17,,8602,78,,,2,21,,8603,78,,,2,60,,8604,78,,,2,21,,8590,78,,,2,21,,8606,78,,,2,60,,8636,78,,,2,20,,8609,78,,,2,20,,8610,78,,,2,60,,8611,78,,,2,21,,8613,78,,,2,17,,8594,78,,,2,63,,8616,78,,,2,20,,8596,78,,,2,63,,8605,78,,,2,24,,8598,78,,,2,19,,8622,78,,,2,70,,8624,78,,,2,85,,8621,78,,,2,36,,8623,78,,,2,67,,8607,78,,,2,29,,8608,78,,,2,69,,8612,78,,,2,26,,8614,78,,,2,76,,8620,78,,,2,27,,8617,78,,,2,71,,8619,78,,,2
4804,'DIM',609,,9112,60,,,1,110,,9116,60,,,1,103,,9113,60,,,1,109,,9117,60,,,1,106,,9120,60,,,1,101,,9103,60,,,1,103,,9114,60,,,1,100,,9115,60,,,1,97,,9119,60,,,1,105,,9105,60,,,1,101,,9118,60,,,1,101,,9104,60,,,1,97,,9110,60,,,1,96,,9106,60,,,1,94,,9111,60,,,1,97,,9108,60,,,1,100,,9107,60,,,1,95,,9109,60,,,1
4804,'SAM',609,,9131,60,,,1,110,,2518,60,,,1,103,,9133,60,,,1,108,,9135,60,,,1,107,,9139,60,,,1,101,,9132,60,,,1,102,,9138,60,,,1,100,,9134,60,,,1,97,,9136,60,,,1,106,,9137,60,,,1,101,,9124,60,,,1,101,,9127,60,,,1,97,,9125,60,,,1,96,,9128,60,,,1,94,,9122,60,,,1,97,,9121,60,,,1,98,,9123,60,,,1,97,,9129,60,,,1,97,,9130,60,,,1,33,,9126,60,,,1
4804,'SEM',540,,9142,60,,,1,81,,9160,60,,,1,32,,9140,60,,,1,72,,9143,60,,,1,27,,9147,60,,,1,79,,9162,60,,,1,70,,9161,60,,,1,30,,9164,60,,,1,70,,9150,60,,,1,31,,9149,60,,,1,71,,9144,60,,,1,101,,9151,60,,,1,100,,9163,60,,,1,100,,9148,60,,,1,102,,9145,60,,,1,39,,9141,60,,,1,107,,9146,60,,,1,96,,9157,60,,,1,67,,9159,60,,,1,103,,9154,60,,,1,114,,9158,60,,,1,99,,9152,60,,,1,98,,9153,60,,,1,96,,9155,60,,,1,97,,9156,60,,,1
5802,'DIM',626,,9712,58,,,2,101,,9719,58,,,2,93,,9716,58,,,2,100,,9720,58,,,2,100,,9723,58,,,2,99,,9715,58,,,2,101,,9725,58,,,2,100,,9722,58,,,2,102,,9718,58,,,2,99,,9721,58,,,2,101,,9717,58,,,2,99,,9711,58,,,2,101,,9724,58,,,2,100,,9708,58,,,2,99,,9714,58,,,2,98,,9710,58,,,2,98,,9709,58,,,2,98,,9713,58,,,2
5802,'SAM',626,,9743,58,,,2,101,,9735,58,,,2,93,,9734,58,,,2,100,,9739,58,,,2,100,,9737,58,,,2,99,,9740,58,,,2,101,,9742,58,,,2,100,,9726,58,,,2,99,,9733,58,,,2,101,,9738,58,,,2,101,,9736,58,,,2,101,,9741,58,,,2,100,,9728,58,,,2,100,,9731,58,,,2,99,,9727,58,,,2,98,,9732,58,,,2,98,,9729,58,,,2,98,,9730,58,,,2
5802,'SEM',546,,9762,58,,,2,75,,9755,58,,,2,22,,9754,58,,,2,80,,9763,58,,,2,35,,9765,58,,,2,69,,9747,58,,,2,73,,9746,58,,,2,43,,9750,58,,,2,100,,9766,58,,,2,100,,9744,58,,,2,100,,9751,58,,,2,100,,9764,58,,,2,100,,9745,58,,,2,65,,9748,58,,,2,30,,9752,58,,,2,104,,9758,58,,,2,71,,9749,58,,,2,93,,9753,58,,,2,96,,9760,58,,,2,98,,9759,58,,,2,100,,9761,58,,,2,57,,9757,58,,,2,99,,9756,58,,,2
7001,'DIM',742,,10411,78,,,1,101,,10401,78,,,1,99,,10409,78,,,1,100,,10412,78,,,1,69,,10415,78,,,1,31,,10410,78,,,1,70,,10417,78,,,1,28,,10416,78,,,1,70,,10413,78,,,1,35,,10414,78,,,1,69,,10418,78,,,1,27,,10394,78,,,1,74,,10419,78,,,1,25,,10397,78,,,1,75,,10398,78,,,1,27,,10399,78,,,1,73,,10396,78,,,1,33,,10402,78,,,1,73,,10405,78,,,1,30,,10400,78,,,1,94,,10406,78,,,1,98,,10403,78,,,1,100,,10395,78,,,1,99,,10407,78,,,1,100,,10408,78,,,1,99,,10404,78,,,1
7001,'SAM',742,,10436,78,,,1,101,,10441,78,,,1,99,,10443,78,,,1,100,,10444,78,,,1,68,,10442,78,,,1,32,,10420,78,,,1,69,,10445,78,,,1,29,,10440,78,,,1,70,,10421,78,,,1,34,,10437,78,,,1,68,,10422,78,,,1,33,,10438,78,,,1,70,,10424,78,,,1,25,,10439,78,,,1,73,,10427,78,,,1,29,,10429,78,,,1,73,,10426,78,,,1,34,,10428,78,,,1,72,,10432,78,,,1,30,,10430,78,,,1,94,,10434,78,,,1,98,,10423,78,,,1,100,,10425,78,,,1,98,,10435,78,,,1,101,,10433,78,,,1,99,,10431,78,,,1
7001,'SEM',553,,10472,78,,,1,73,,10450,78,,,1,29,,10473,78,,,1,58,,10474,78,,,1,19,,10469,78,,,1,68,,10480,78,,,1,24,,10461,78,,,1,24,,10447,78,,,1,69,,10479,78,,,1,30,,10476,78,,,1,71,,10477,78,,,1,29,,10458,78,,,1,71,,10481,78,,,1,29,,10449,78,,,1,72,,10454,78,,,1,28,,10478,78,,,1,70,,10448,78,,,1,30,,10446,78,,,1,72,,10475,78,,,1,30,,10453,78,,,1,79,,10456,78,,,1,24,,10452,78,,,1,51,,10459,78,,,1,49,,10451,78,,,1,77,,10463,78,,,1,27,,10466,78,,,1,73,,10467,78,,,1,25,,10455,78,,,1,78,,10464,78,,,1,84,,10460,78,,,1,33,,10457,78,,,1,108,,10465,78,,,1,99,,10462,78,,,1,99,,10470,78,,,1,99,,10468,78,,,1,167,,10471,78,,,1
