2201,'DIM',640,,7023,33,,,2,101,,7027,33,,,2,104,,7026,33,,,2,99,,7025,33,,,2,101,,7022,33,,,2,99,,7024,33,,,2,101,,7029,33,,,2,102,,7031,33,,,2,96,,7028,33,,,2,105,,7030,33,,,2,99,,7016,33,,,2,100,,7018,33,,,2,97,,7017,33,,,2,102,,7020,33,,,2,100,,7019,33,,,2,100,,7021,33,,,2
2201,'SAM',640,,7040,33,,,2,101,,7042,33,,,2,104,,7039,33,,,2,99,,7041,33,,,2,102,,7044,33,,,2,99,,7048,33,,,2,101,,7047,33,,,2,101,,7043,33,,,2,96,,7045,33,,,2,102,,7046,33,,,2,102,,7033,33,,,2,101,,7036,33,,,2,96,,7034,33,,,2,102,,7032,33,,,2,100,,7038,33,,,2,100,,7037,33,,,2,100,,7035,33,,,2
2201,'SEM',635,,7064,33,,,2,99,,7052,33,,,2,95,,7050,33,,,2,80,,7049,33,,,2,34,,7066,33,,,2,101,,7051,33,,,2,100,,7065,33,,,2,100,,7067,33,,,2,100,,7054,33,,,2,96,,7055,33,,,2,105,,7053,33,,,2,100,,7059,33,,,2,100,,7057,33,,,2,99,,7056,33,,,2,98,,7058,33,,,2,104,,7062,33,,,2,100,,7060,33,,,2,95,,7061,33,,,2,98,,7063,33,,,2
5801,'DIM',543,,9661,48,,,2,101,,9643,48,,,2,91,,9652,48,,,2,100,,9655,48,,,2,99,,9658,48,,,2,100,,9651,48,,,2,102,,9660,48,,,2,98,,9657,48,,,2,103,,9654,48,,,2,99,,9656,48,,,2,102,,9653,48,,,2,99,,9646,48,,,2,101,,9659,48,,,2,99,,9642,48,,,2,99,,9650,48,,,2,99,,9645,48,,,2,100,,9644,48,,,2,100,,9648,48,,,2,99,,9647,48,,,2,110,,9649,48,,,2
5801,'SAM',543,,9681,48,,,2,101,,9673,48,,,2,91,,9672,48,,,2,100,,9677,48,,,2,100,,9675,48,,,2,99,,9678,48,,,2,102,,9680,48,,,2,98,,9662,48,,,2,101,,9671,48,,,2,101,,9676,48,,,2,101,,9674,48,,,2,101,,9679,48,,,2,100,,9665,48,,,2,100,,9669,48,,,2,98,,9663,48,,,2,99,,9670,48,,,2,100,,9666,48,,,2,100,,9668,48,,,2,99,,9664,48,,,2,110,,9667,48,,,2
5801,'SEM',534,,9695,48,,,2,68,,9692,48,,,2,42,,9705,48,,,2,84,,9693,48,,,2,86,,9699,48,,,2,45,,9686,48,,,2,99,,9706,48,,,2,100,,9682,48,,,2,100,,9687,48,,,2,100,,9704,48,,,2,100,,9683,48,,,2,87,,9694,48,,,2,71,,9684,48,,,2,32,,9707,48,,,2,69,,9689,48,,,2,35,,9691,48,,,2,69,,9690,48,,,2,27,,9685,48,,,2,69,,9703,48,,,2,29,,9688,48,,,2,70,,9701,48,,,2,100,,9702,48,,,2,99,,9697,48,,,2,99,,9696,48,,,2,100,,9698,48,,,2,98,,9700,48,,,2
22201,'DIM',1412,,11475,33,,,2,815,,11473,33,,,2,83,,11474,33,,,2
22201,'SAM',1412,,11480,33,,,2,815,,11476,33,,,2,83,,11477,33,,,2,100,,11479,33,,,2,112,,11478,33,,,2
22201,'SEM',714,,11481,33,,,2,10,,11482,33,,,2,684,,11483,33,,,2,100,,11484,33,,,2,106,,11488,33,,,2,100,,11486,33,,,2,90,,11485,33,,,2,625,,11487,33,,,2
32201,'DIM',521,,11591,34,,,2,801,,11593,33,,,2,802,,11592,33,,,2
32201,'SAM',521,,11594,34,,,2,801,,11595,33,,,2
32201,'SEM',522,,11596,34,,,2,19,,11597,34,,,2,67,,11598,34,,,2,715,,11599,33,,,2,801,,11600,33,,,2
