4202,'DIM',510,,8490,76,,,2,41,,8531,76,,,2,66,,8501,76,,,2,30,,8489,76,,,2,71,,8513,76,,,2,30,,8511,76,,,2,72,,8532,76,,,2,32,,8516,76,,,2,71,,8512,76,,,2,31,,8520,76,,,2,71,,8524,76,,,2,23,,8530,76,,,2,62,,8526,76,,,2,21,,8517,76,,,2,22,,8522,76,,,2,59,,8518,76,,,2,20,,8521,76,,,2,18,,8506,76,,,2,63,,8509,76,,,2,20,,8508,76,,,2,22,,8510,76,,,2,59,,8515,76,,,2,20,,8514,76,,,2,18,,8534,76,,,2,62,,8527,76,,,2,21,,8523,76,,,2,21,,8519,76,,,2,61,,8529,76,,,2,20,,8494,76,,,2,20,,8495,76,,,2,61,,8496,76,,,2,23,,8528,76,,,2,76,,8525,76,,,2,35,,8533,76,,,2,69,,8505,76,,,2,30,,8492,76,,,2,72,,8491,76,,,2,30,,8500,76,,,2,68,,8488,76,,,2,27,,8497,76,,,2,68,,8507,76,,,2,28,,8493,76,,,2,71,,8499,76,,,2,30,,8503,76,,,2,67,,8504,76,,,2,30,,8498,76,,,2,77,,8502,76,,,2
4202,'SAM',510,,8537,76,,,2,41,,8539,76,,,2,66,,8557,76,,,2,30,,8535,76,,,2,71,,8565,76,,,2,30,,8563,76,,,2,72,,8540,76,,,2,32,,8571,76,,,2,71,,8567,76,,,2,31,,8566,76,,,2,71,,8570,76,,,2,23,,8582,76,,,2,62,,8576,76,,,2,21,,8580,76,,,2,21,,8575,76,,,2,60,,8578,76,,,2,20,,8560,76,,,2,18,,8573,76,,,2,62,,8564,76,,,2,21,,8556,76,,,2,21,,8562,76,,,2,60,,8536,76,,,2,20,,8569,76,,,2,18,,8568,76,,,2,62,,8561,76,,,2,21,,8572,76,,,2,21,,8538,76,,,2,60,,8574,76,,,2,20,,8577,76,,,2,21,,8543,76,,,2,61,,8579,76,,,2,23,,8581,76,,,2,75,,8549,76,,,2,35,,8551,76,,,2,70,,8553,76,,,2,30,,8555,76,,,2,75,,8541,76,,,2,27,,8544,76,,,2,68,,8558,76,,,2,27,,8546,76,,,2,68,,8548,76,,,2,31,,8542,76,,,2,67,,8545,76,,,2,30,,8547,76,,,2,68,,8550,76,,,2,30,,8552,76,,,2,77,,8554,76,,,2,30,,8559,76,,,2
4202,'SEM',510,,8625,76,,,2,97,,8627,76,,,2,33,,8631,76,,,2,16,,8634,76,,,2,56,,8583,76,,,2,10,,8585,76,,,2,11,,8588,76,,,2,9,,8591,76,,,2,10,,8633,76,,,2,52,,8630,76,,,2,21,,8586,76,,,2,18,,8601,76,,,2,61,,8587,76,,,2,22,,8635,76,,,2,22,,8632,76,,,2,59,,8589,76,,,2,21,,8626,76,,,2,20,,8584,76,,,2,59,,8629,76,,,2,21,,8593,76,,,2,20,,8618,76,,,2,61,,8628,76,,,2,24,,8595,76,,,2,16,,8615,76,,,2,64,,8597,76,,,2,20,,8599,76,,,2,20,,8600,76,,,2,63,,8592,76,,,2,17,,8602,76,,,2,21,,8603,76,,,2,60,,8604,76,,,2,21,,8590,76,,,2,21,,8606,76,,,2,60,,8636,76,,,2,20,,8609,76,,,2,20,,8610,76,,,2,60,,8611,76,,,2,22,,8613,76,,,2,17,,8594,76,,,2,63,,8616,76,,,2,20,,8596,76,,,2,63,,8605,76,,,2,24,,8598,76,,,2,19,,8622,76,,,2,70,,8624,76,,,2,45,,8621,76,,,2,76,,8623,76,,,2,67,,8607,76,,,2,29,,8608,76,,,2,69,,8612,76,,,2,26,,8614,76,,,2,77,,8620,76,,,2,27,,8617,76,,,2,71,,8619,76,,,2
4804,'DIM',608,,9112,58,,,1,110,,9116,58,,,1,103,,9113,58,,,1,108,,9117,58,,,1,107,,9120,58,,,1,101,,9103,58,,,1,103,,9114,58,,,1,100,,9115,58,,,1,97,,9119,58,,,1,105,,9105,58,,,1,101,,9118,58,,,1,101,,9104,58,,,1,97,,9110,58,,,1,95,,9106,58,,,1,95,,9111,58,,,1,97,,9108,58,,,1,100,,9107,58,,,1,95,,9109,58,,,1
4804,'SAM',608,,9131,58,,,1,110,,2518,58,,,1,103,,9133,58,,,1,107,,9135,58,,,1,108,,9139,58,,,1,101,,9132,58,,,1,102,,9138,58,,,1,100,,9134,58,,,1,97,,9136,58,,,1,106,,9137,58,,,1,101,,9124,58,,,1,101,,9127,58,,,1,97,,9125,58,,,1,95,,9128,58,,,1,95,,9122,58,,,1,97,,9121,58,,,1,98,,9123,58,,,1,97,,9129,58,,,1,97,,9130,58,,,1,33,,9126,58,,,1
4804,'SEM',539,,9142,58,,,1,81,,9160,58,,,1,31,,9140,58,,,1,73,,9143,58,,,1,27,,9147,58,,,1,79,,9162,58,,,1,70,,9161,58,,,1,30,,9164,58,,,1,70,,9150,58,,,1,31,,9149,58,,,1,71,,9144,58,,,1,101,,9151,58,,,1,100,,9163,58,,,1,100,,9148,58,,,1,102,,9145,58,,,1,39,,9141,58,,,1,107,,9146,58,,,1,96,,9157,58,,,1,67,,9159,58,,,1,102,,9154,58,,,1,114,,9158,58,,,1,100,,9152,58,,,1,98,,9153,58,,,1,96,,9155,58,,,1,97,,9156,58,,,1
5802,'DIM',625,,9712,56,,,2,101,,9719,56,,,2,93,,9716,56,,,2,100,,9720,56,,,2,100,,9723,56,,,2,99,,9715,56,,,2,101,,9725,56,,,2,100,,9722,56,,,2,102,,9718,56,,,2,99,,9721,56,,,2,101,,9717,56,,,2,98,,9711,56,,,2,101,,9724,56,,,2,100,,9708,56,,,2,100,,9714,56,,,2,98,,9710,56,,,2,98,,9709,56,,,2,98,,9713,56,,,2
5802,'SAM',625,,9743,56,,,2,101,,9735,56,,,2,93,,9734,56,,,2,100,,9739,56,,,2,100,,9737,56,,,2,99,,9740,56,,,2,101,,9742,56,,,2,100,,9726,56,,,2,99,,9733,56,,,2,101,,9738,56,,,2,101,,9736,56,,,2,100,,9741,56,,,2,100,,9728,56,,,2,100,,9731,56,,,2,100,,9727,56,,,2,98,,9732,56,,,2,98,,9729,56,,,2,98,,9730,56,,,2
5802,'SEM',545,,9762,56,,,2,75,,9755,56,,,2,22,,9754,56,,,2,80,,9763,56,,,2,35,,9765,56,,,2,69,,9747,56,,,2,33,,9746,56,,,2,83,,9750,56,,,2,100,,9766,56,,,2,100,,9744,56,,,2,100,,9751,56,,,2,100,,9764,56,,,2,100,,9745,56,,,2,65,,9748,56,,,2,29,,9752,56,,,2,104,,9758,56,,,2,72,,9749,56,,,2,93,,9753,56,,,2,96,,9760,56,,,2,58,,9759,56,,,2,100,,9761,56,,,2,97,,9757,56,,,2,99,,9756,56,,,2
7001,'DIM',740,,10411,76,,,1,101,,10401,76,,,1,99,,10409,76,,,1,100,,10412,76,,,1,69,,10415,76,,,1,31,,10410,76,,,1,70,,10417,76,,,1,28,,10416,76,,,1,70,,10413,76,,,1,35,,10414,76,,,1,69,,10418,76,,,1,27,,10394,76,,,1,74,,10419,76,,,1,25,,10397,76,,,1,75,,10398,76,,,1,27,,10399,76,,,1,73,,10396,76,,,1,33,,10402,76,,,1,73,,10405,76,,,1,30,,10400,76,,,1,94,,10406,76,,,1,98,,10403,76,,,1,100,,10395,76,,,1,99,,10407,76,,,1,100,,10408,76,,,1,100,,10404,76,,,1
7001,'SAM',740,,10436,76,,,1,101,,10441,76,,,1,99,,10443,76,,,1,100,,10444,76,,,1,68,,10442,76,,,1,32,,10420,76,,,1,69,,10445,76,,,1,29,,10440,76,,,1,70,,10421,76,,,1,34,,10437,76,,,1,68,,10422,76,,,1,33,,10438,76,,,1,70,,10424,76,,,1,25,,10439,76,,,1,73,,10427,76,,,1,29,,10429,76,,,1,73,,10426,76,,,1,34,,10428,76,,,1,72,,10432,76,,,1,30,,10430,76,,,1,94,,10434,76,,,1,98,,10423,76,,,1,100,,10425,76,,,1,98,,10435,76,,,1,101,,10433,76,,,1,100,,10431,76,,,1
7001,'SEM',552,,10472,76,,,1,73,,10450,76,,,1,28,,10473,76,,,1,58,,10474,76,,,1,19,,10469,76,,,1,28,,10480,76,,,1,64,,10461,76,,,1,24,,10447,76,,,1,69,,10479,76,,,1,30,,10476,76,,,1,71,,10477,76,,,1,29,,10458,76,,,1,71,,10481,76,,,1,29,,10449,76,,,1,72,,10454,76,,,1,28,,10478,76,,,1,70,,10448,76,,,1,30,,10446,76,,,1,72,,10475,76,,,1,30,,10453,76,,,1,79,,10456,76,,,1,24,,10452,76,,,1,51,,10459,76,,,1,49,,10451,76,,,1,77,,10463,76,,,1,27,,10466,76,,,1,73,,10467,76,,,1,25,,10455,76,,,1,78,,10464,76,,,1,84,,10460,76,,,1,34,,10457,76,,,1,108,,10465,76,,,1,99,,10462,76,,,1,99,,10470,76,,,1,99,,10468,76,,,1,167,,10471,76,,,1
