202,'SAM',2615,,6708,2,,,1,41,,6709,2,,,1
202,'SEM',514,,6714,2,,,1,30,,6715,2,,,1,15,,6710,2,,,1,2000,,6711,2,,,1,81,,6712,2,,,1,81,,6713,2,,,1
1202,'DIM',923,,6750,9,,,2,100,,6749,9,,,2,102,,6747,9,,,2,98,,6748,9,,,2,104,,6746,9,,,2,97,,6744,9,,,2,101,,6752,9,,,2,99,,6751,9,,,2,105,,6745,9,,,2
1202,'SAM',923,,6757,9,,,2,100,,6755,9,,,2,102,,6760,9,,,2,101,,6759,9,,,2,101,,6758,9,,,2,96,,6756,9,,,2,101,,6761,9,,,2,105,,6753,9,,,2,100,,6754,9,,,2
1202,'SEM',813,,6769,9,,,2,102,,6771,9,,,2,100,,6766,9,,,2,100,,6764,9,,,2,101,,6770,9,,,2,99,,6767,9,,,2,106,,6763,9,,,2,104,,6765,9,,,2,98,,6768,9,,,2,101,,6762,9,,,2
2001,'DIM',725,,6918,54,,,1,100,,6910,54,,,1,102,,6921,54,,,1,100,,6922,54,,,1,100,,6919,54,,,1,100,,6920,54,,,1,104,,6923,54,,,1,99,,6924,54,,,1,95,,6926,54,,,1,104,,6925,54,,,1,100,,6912,54,,,1,100,,6913,54,,,1,98,,6917,54,,,1,99,,6911,54,,,1,99,,6914,54,,,1,99,,6916,54,,,1,100,,6915,54,,,1
2001,'SAM',623,,6934,54,,,1,102,,6938,54,,,1,100,,6944,54,,,1,102,,6936,54,,,1,100,,6935,54,,,1,100,,6940,54,,,1,100,,6937,54,,,1,104,,6941,54,,,1,99,,6939,54,,,1,95,,6927,54,,,1,106,,6942,54,,,1,103,,6943,54,,,1,93,,6928,54,,,1,100,,6932,54,,,1,99,,6929,54,,,1,99,,6931,54,,,1,99,,6930,54,,,1,100,,6933,54,,,1
2001,'SEM',609,,6961,54,,,1,103,,6960,54,,,1,39,,6958,54,,,1,86,,6947,54,,,1,90,,6948,54,,,1,100,,6949,54,,,1,99,,6963,54,,,1,98,,6959,54,,,1,102,,6962,54,,,1,101,,6951,54,,,1,100,,6945,54,,,1,108,,6946,54,,,1,89,,6950,54,,,1,104,,6952,54,,,1,89,,6956,54,,,1,100,,6955,54,,,1,99,,6957,54,,,1,99,,6953,54,,,1,102,,6954,54,,,1
3103,'DIM',628,,7731,2,,,1,99,,7730,2,,,1,98,,1058,2,,,1,99,,7735,2,,,1,99,,7734,2,,,1,100,,7732,2,,,1,102,,7721,2,,,1,100,,7733,2,,,1,99,,7720,2,,,1,102,,7719,2,,,1,99,,7724,2,,,1,99,,7726,2,,,1,103,,7725,2,,,1,97,,7727,2,,,1,101,,7723,2,,,1,101,,7722,2,,,1,100,,7728,2,,,1,101,,7729,2,,,1
3103,'SAM',628,,7748,2,,,1,99,,7747,2,,,1,98,,1075,2,,,1,99,,7752,2,,,1,99,,7753,2,,,1,100,,7749,2,,,1,100,,7745,2,,,1,101,,7750,2,,,1,100,,7746,2,,,1,102,,7751,2,,,1,100,,7740,2,,,1,99,,7742,2,,,1,100,,7738,2,,,1,100,,7743,2,,,1,100,,7736,2,,,1,101,,7737,2,,,1,100,,7739,2,,,1,102,,7741,2,,,1,95,,7744,2,,,1
3103,'SEM',623,,7775,2,,,1,99,,7773,2,,,1,100,,7774,2,,,1,99,,7754,2,,,1,101,,7755,2,,,1,100,,7757,2,,,1,100,,7776,2,,,1,100,,7756,2,,,1,100,,7761,2,,,1,98,,7762,2,,,1,11,,7763,2,,,1,76,,7758,2,,,1,30,,7767,2,,,1,80,,7764,2,,,1,30,,7760,2,,,1,76,,7772,2,,,1,30,,7759,2,,,1,76,,7771,2,,,1,100,,7765,2,,,1,101,,7768,2,,,1,101,,7769,2,,,1,98,,7766,2,,,1,114,,7770,2,,,1
34503,'SEM',429,,11610,2,,,1,100,,11611,2,,,1
