1704,'DIM',502,,6858,24,,,1,50,,6859,24,,,1,101,,6863,24,,,1,102,,6857,24,,,1,100,,165,24,,,1,100,,6861,24,,,1,101,,6862,24,,,1,100,,6864,24,,,1,101,,6865,24,,,1,101,,6860,24,,,1,142,,6846,24,,,1,59,,6847,24,,,1,100,,6850,24,,,1,141,,6852,24,,,1,58,,6851,24,,,1,98,,6849,24,,,1,100,,6853,24,,,1,100,,6856,24,,,1,99,,6848,24,,,1,99,,6854,24,,,1,96,,6855,24,,,1
1704,'SAM',502,,6878,24,,,1,50,,6879,24,,,1,101,,6885,24,,,1,102,,6882,24,,,1,100,,6877,24,,,1,100,,6881,24,,,1,101,,6886,24,,,1,100,,6884,24,,,1,101,,6883,24,,,1,101,,6880,24,,,1,101,,6867,24,,,1,100,,6868,24,,,1,141,,6870,24,,,1,100,,6872,24,,,1,58,,6866,24,,,1,98,,6874,24,,,1,100,,6871,24,,,1,100,,6869,24,,,1,99,,6873,24,,,1,99,,6875,24,,,1,96,,6876,24,,,1
1704,'SEM',514,,6901,24,,,1,93,,6906,24,,,1,22,,6909,24,,,1,22,,6888,24,,,1,66,,6892,24,,,1,35,,6893,24,,,1,61,,6887,24,,,1,98,,6890,24,,,1,45,,6891,24,,,1,100,,6894,24,,,1,100,,6905,24,,,1,100,,6907,24,,,1,100,,6896,24,,,1,102,,6908,24,,,1,101,,6889,24,,,1,145,,6897,24,,,1,55,,6895,24,,,1,97,,6898,24,,,1,101,,6903,24,,,1,101,,6904,24,,,1,100,,6899,24,,,1,100,,6900,24,,,1,99,,6902,24,,,1
3104,'DIM',622,,7789,34,,,1,103,,7790,34,,,1,100,,7788,34,,,1,100,,7794,34,,,1,101,,7795,34,,,1,100,,7793,34,,,1,100,,7791,34,,,1,103,,7779,34,,,1,101,,7792,34,,,1,100,,7778,34,,,1,101,,7777,34,,,1,99,,7782,34,,,1,98,,7784,34,,,1,102,,7783,34,,,1,96,,7785,34,,,1,101,,7781,34,,,1,99,,7780,34,,,1,98,,7786,34,,,1,102,,7787,34,,,1
3104,'SAM',522,,1137,34,,,1,100,,7805,34,,,1,103,,7808,34,,,1,100,,7807,34,,,1,100,,7810,34,,,1,101,,7813,34,,,1,100,,7814,34,,,1,100,,7809,34,,,1,102,,7804,34,,,1,101,,7811,34,,,1,101,,7806,34,,,1,101,,7812,34,,,1,100,,7800,34,,,1,98,,7802,34,,,1,99,,7798,34,,,1,99,,7803,34,,,1,100,,7796,34,,,1,99,,7797,34,,,1,98,,7799,34,,,1,102,,7801,34,,,1
3104,'SEM',446,,7823,34,,,1,77,,7824,34,,,1,91,,7835,34,,,1,21,,7837,34,,,1,23,,7817,34,,,1,73,,7836,34,,,1,28,,7833,34,,,1,69,,7831,34,,,1,75,,7832,34,,,1,22,,7834,34,,,1,100,,7815,34,,,1,102,,7816,34,,,1,100,,7819,34,,,1,101,,7838,34,,,1,100,,7818,34,,,1,102,,7821,34,,,1,100,,7822,34,,,1,96,,7820,34,,,1,103,,7825,34,,,1,97,,7830,34,,,1,105,,7829,34,,,1,100,,7826,34,,,1,102,,7827,34,,,1,100,,7828,34,,,1
7304,'DIM',537,,10665,52,,,1,70,,10654,52,,,1,102,,10658,52,,,1,101,,10661,52,,,1,101,,10657,52,,,1,100,,10659,52,,,1,100,,10662,52,,,1,100,,10666,52,,,1,102,,10660,52,,,1,101,,10663,52,,,1,101,,10656,52,,,1,100,,10664,52,,,1,100,,10667,52,,,1,100,,10650,52,,,1,99,,10647,52,,,1,98,,10653,52,,,1,100,,10649,52,,,1,99,,10648,52,,,1,98,,10651,52,,,1,101,,10652,52,,,1,99,,10655,52,,,1
7304,'SAM',537,,10686,52,,,1,70,,10676,52,,,1,102,,10681,52,,,1,101,,10678,52,,,1,101,,10677,52,,,1,100,,10682,52,,,1,100,,10684,52,,,1,101,,10680,52,,,1,101,,10671,52,,,1,101,,10683,52,,,1,101,,10679,52,,,1,100,,10685,52,,,1,100,,10687,52,,,1,100,,10670,52,,,1,98,,10668,52,,,1,99,,10669,52,,,1,100,,10673,52,,,1,99,,10672,52,,,1,98,,4131,52,,,1,101,,10674,52,,,1,99,,4133,52,,,1,100,,10675,52,,,1,99,,4134,52,,,1
7304,'SEM',459,,10719,52,,,1,81,,10716,52,,,1,82,,10722,52,,,1,18,,10725,52,,,1,71,,10721,52,,,1,14,,10718,52,,,1,13,,10694,52,,,1,68,,10696,52,,,1,14,,10717,52,,,1,15,,10723,52,,,1,65,,10712,52,,,1,31,,10690,52,,,1,80,,10689,52,,,1,29,,10705,52,,,1,70,,10720,52,,,1,30,,10691,52,,,1,71,,10695,52,,,1,36,,10704,52,,,1,66,,10697,52,,,1,30,,10724,52,,,1,70,,10692,52,,,1,30,,10693,52,,,1,72,,10701,52,,,1,31,,10688,52,,,1,72,,10698,52,,,1,39,,10708,52,,,1,62,,10706,52,,,1,28,,10700,52,,,1,69,,10707,52,,,1,36,,10702,52,,,1,60,,10713,52,,,1,30,,10699,52,,,1,70,,10709,52,,,1,30,,10711,52,,,1,73,,10703,52,,,1,98,,10715,52,,,1,99,,10710,52,,,1,103,,10714,52,,,1
7402,'DIM',638,,10786,65,,,2,101,,10789,65,,,2,101,,6451,65,,,2,100,,10790,65,,,2,101,,10788,65,,,2,100,,10787,65,,,2,101,,10793,65,,,2,100,,10792,65,,,2,103,,10794,65,,,2,99,,10791,65,,,2,99,,10781,65,,,2,103,,10780,65,,,2,98,,10782,65,,,2,98,,10783,65,,,2,100,,6443,65,,,2,100,,10784,65,,,2,98,,10785,65,,,2
7402,'SAM',638,,10802,65,,,2,101,,10806,65,,,2,101,,10804,65,,,2,100,,10801,65,,,2,101,,10805,65,,,2,100,,10807,65,,,2,101,,10810,65,,,2,101,,10803,65,,,2,100,,10808,65,,,2,101,,10811,65,,,2,100,,10809,65,,,2,101,,10795,65,,,2,99,,10797,65,,,2,98,,10799,65,,,2,100,,10798,65,,,2,100,,10800,65,,,2,98,,10796,65,,,2
7402,'SEM',556,,10825,65,,,2,89,,10830,65,,,2,60,,10813,65,,,2,40,,10824,65,,,2,100,,10814,65,,,2,99,,10812,65,,,2,99,,10816,65,,,2,101,,10826,65,,,2,97,,10829,65,,,2,100,,10815,65,,,2,101,,10828,65,,,2,102,,10827,65,,,2,100,,10817,65,,,2,97,,10818,65,,,2,100,,10821,65,,,2,99,,10823,65,,,2,99,,10819,65,,,2,103,,10820,65,,,2,98,,10822,65,,,2
