201,'SAM',2558,,6701,17,,,1,81,,6703,17,,,1,84,,6702,17,,,1
201,'SEM',2519,,6704,17,,,1,24,,6705,17,,,1,81,,6706,17,,,1,81,,6707,17,,,1
1704,'DIM',515,,6858,50,,,1,90,,6859,50,,,1,101,,6863,50,,,1,103,,6857,50,,,1,101,,165,50,,,1,101,,6861,50,,,1,102,,6862,50,,,1,100,,6864,50,,,1,101,,6865,50,,,1,101,,6860,50,,,1,102,,6846,50,,,1,99,,6847,50,,,1,100,,6850,50,,,1,100,,6852,50,,,1,98,,6851,50,,,1,98,,6849,50,,,1,100,,6853,50,,,1,98,,6856,50,,,1,98,,6848,50,,,1,99,,6854,50,,,1,96,,6855,50,,,1
1704,'SAM',515,,6878,50,,,1,90,,6879,50,,,1,101,,6885,50,,,1,103,,6882,50,,,1,101,,6877,50,,,1,101,,6881,50,,,1,102,,6886,50,,,1,100,,6884,50,,,1,101,,6883,50,,,1,101,,6880,50,,,1,101,,6867,50,,,1,100,,6868,50,,,1,101,,6870,50,,,1,99,,6872,50,,,1,98,,6866,50,,,1,98,,6874,50,,,1,100,,6871,50,,,1,98,,6869,50,,,1,98,,6873,50,,,1,99,,6875,50,,,1,96,,6876,50,,,1
1704,'SEM',527,,6901,50,,,1,94,,6906,50,,,1,23,,6909,50,,,1,62,,6888,50,,,1,27,,6892,50,,,1,76,,6893,50,,,1,21,,6887,50,,,1,98,,6890,50,,,1,85,,6891,50,,,1,100,,6894,50,,,1,100,,6905,50,,,1,100,,6907,50,,,1,100,,6896,50,,,1,103,,6908,50,,,1,101,,6889,50,,,1,105,,6897,50,,,1,94,,6895,50,,,1,97,,6898,50,,,1,100,,6903,50,,,1,100,,6904,50,,,1,99,,6899,50,,,1,99,,6900,50,,,1,99,,6902,50,,,1
2202,'DIM',744,,7078,72,,,2,100,,7077,72,,,2,100,,7076,72,,,2,100,,6315,72,,,2,101,,7079,72,,,2,100,,7081,72,,,2,96,,7080,72,,,2,105,,7075,72,,,2,98,,7069,72,,,2,114,,7082,72,,,2,88,,7071,72,,,2,100,,7072,72,,,2,98,,7074,72,,,2,101,,7073,72,,,2,100,,7068,72,,,2,100,,7070,72,,,2
2202,'SAM',646,,7099,56,,,2,98,,7093,72,,,2,100,,7090,72,,,2,100,,7089,72,,,2,98,,7095,72,,,2,103,,7094,72,,,2,100,,7092,72,,,2,96,,7098,72,,,2,103,,7091,72,,,2,100,,7097,72,,,2,112,,7096,72,,,2,90,,7084,72,,,2,100,,7086,72,,,2,98,,7083,72,,,2,101,,7085,72,,,2,100,,7088,72,,,2,100,,7087,72,,,2
2202,'SEM',622,,6230,72,,,2,18,,7111,72,,,2,106,,7118,72,,,2,71,,7108,72,,,2,31,,7100,72,,,2,97,,7102,72,,,2,71,,7101,72,,,2,29,,7119,72,,,2,100,,7106,72,,,2,100,,7117,72,,,2,100,,7120,72,,,2,103,,7105,72,,,2,101,,7107,72,,,2,102,,7103,72,,,2,64,,7104,72,,,2,34,,7110,72,,,2,98,,7109,72,,,2,100,,7116,72,,,2,101,,7115,72,,,2,97,,7113,72,,,2,107,,7112,72,,,2,96,,7114,72,,,2
2704,'DIM',802,,7675,55,,,2,101,,7676,55,,,2,100,,7671,55,,,2,99,,7673,55,,,2,99,,7674,55,,,2,103,,7670,55,,,2,55,,7677,55,,,2,147,,7672,55,,,2,100,,7663,55,,,2,100,,7667,55,,,2,100,,7668,55,,,2,98,,7664,55,,,2,100,,7666,55,,,2,98,,7665,55,,,2,100,,7669,55,,,2,100,,7662,55,,,2
2704,'SAM',701,,7690,55,,,2,101,,7686,55,,,2,101,,7687,55,,,2,100,,7685,55,,,2,99,,7694,55,,,2,101,,7689,55,,,2,101,,7692,55,,,2,54,,7688,55,,,2,148,,7691,55,,,2,100,,7681,55,,,2,100,,7682,55,,,2,53,,7684,55,,,2,145,,7693,55,,,2,100,,7680,55,,,2,98,,7683,55,,,2,100,,7678,55,,,2,100,,7679,55,,,2
2704,'SEM',625,,7716,55,,,2,28,,7696,55,,,2,68,,7713,55,,,2,29,,7699,55,,,2,68,,7700,55,,,2,28,,7718,55,,,2,66,,7715,55,,,2,88,,7714,55,,,2,100,,7703,55,,,2,108,,7695,55,,,2,95,,7717,55,,,2,48,,7698,55,,,2,106,,7697,55,,,2,147,,7708,55,,,2,37,,7709,55,,,2,80,,7704,55,,,2,13,,7701,55,,,2,70,,7702,55,,,2,31,,7706,55,,,2,75,,7711,55,,,2,100,,7707,55,,,2,45,,7710,55,,,2,94,,7705,55,,,2,104,,7712,55,,,2
3104,'DIM',635,,7789,60,,,1,104,,7790,60,,,1,101,,7788,60,,,1,102,,7794,60,,,1,102,,7795,60,,,1,100,,7793,60,,,1,100,,7791,60,,,1,103,,7779,60,,,1,101,,7792,60,,,1,100,,7778,60,,,1,101,,7777,60,,,1,99,,7782,60,,,1,97,,7784,60,,,1,102,,7783,60,,,1,96,,7785,60,,,1,99,,7781,60,,,1,99,,7780,60,,,1,97,,7786,60,,,1,101,,7787,60,,,1
3104,'SAM',535,,1137,60,,,1,100,,7805,60,,,1,104,,7808,60,,,1,101,,7807,60,,,1,102,,7810,60,,,1,102,,7813,60,,,1,100,,7814,60,,,1,100,,7809,60,,,1,102,,7804,60,,,1,101,,7811,60,,,1,101,,7806,60,,,1,101,,7812,60,,,1,100,,7800,60,,,1,97,,7802,60,,,1,99,,7798,60,,,1,99,,7803,60,,,1,98,,7796,60,,,1,99,,7797,60,,,1,97,,7799,60,,,1,101,,7801,60,,,1
3104,'SEM',500,,7823,60,,,1,37,,7824,60,,,1,92,,7835,60,,,1,22,,7837,60,,,1,64,,7817,60,,,1,34,,7836,60,,,1,68,,7833,60,,,1,29,,7831,60,,,1,75,,7832,60,,,1,22,,7834,60,,,1,100,,7815,60,,,1,102,,7816,60,,,1,100,,7819,60,,,1,101,,7838,60,,,1,100,,7818,60,,,1,102,,7821,60,,,1,100,,7822,60,,,1,96,,7820,60,,,1,103,,7825,60,,,1,96,,7830,60,,,1,105,,7829,60,,,1,98,,7826,60,,,1,101,,7827,60,,,1,100,,7828,60,,,1
4304,'DIM',511,,8722,35,,,1,103,,8716,35,,,1,100,,8712,35,,,1,102,,8714,35,,,1,102,,8719,35,,,1,100,,8717,35,,,1,106,,8718,35,,,1,100,,8715,35,,,1,100,,8723,35,,,1,100,,8720,35,,,1,104,,8721,35,,,1,99,,8704,35,,,1,99,,8705,35,,,1,101,,8707,35,,,1,94,,8710,35,,,1,98,,8709,35,,,1,99,,8706,35,,,1,99,,8708,35,,,1,100,,8713,35,,,1,100,,8711,35,,,1
4304,'SAM',511,,8740,35,,,1,103,,8737,35,,,1,100,,8734,35,,,1,102,,8725,35,,,1,102,,8741,35,,,1,100,,8726,35,,,1,106,,8727,35,,,1,100,,8738,35,,,1,100,,8735,35,,,1,100,,8742,35,,,1,103,,8736,35,,,1,101,,8739,35,,,1,98,,8724,35,,,1,97,,8743,35,,,1,98,,8731,35,,,1,98,,8728,35,,,1,99,,2109,35,,,1,99,,8729,35,,,1,100,,8730,35,,,1,100,,8733,35,,,1,98,,8732,35,,,1
4304,'SEM',527,,8765,35,,,1,76,,8771,35,,,1,35,,8744,35,,,1,66,,8746,35,,,1,21,,8769,35,,,1,31,,8745,35,,,1,73,,8770,35,,,1,73,,8749,35,,,1,35,,8766,35,,,1,68,,8772,35,,,1,31,,8748,35,,,1,70,,8767,35,,,1,30,,8755,35,,,1,70,,8751,35,,,1,30,,8774,35,,,1,70,,8773,35,,,1,30,,8768,35,,,1,72,,8752,35,,,1,29,,8753,35,,,1,70,,8757,35,,,1,36,,8775,35,,,1,66,,8747,35,,,1,26,,8754,35,,,1,70,,8750,35,,,1,96,,8756,35,,,1,56,,8761,35,,,1,100,,8763,35,,,1,101,,8764,35,,,1,99,,8758,35,,,1,101,,8759,35,,,1,150,,8760,35,,,1,20,,8762,35,,,1
4804,'DIM',612,,9112,65,,,1,110,,9116,65,,,1,103,,9113,65,,,1,109,,9117,65,,,1,107,,9120,65,,,1,101,,9103,65,,,1,103,,9114,65,,,1,100,,9115,65,,,1,97,,9119,65,,,1,105,,9105,65,,,1,101,,9118,65,,,1,101,,9104,65,,,1,97,,9110,65,,,1,95,,9106,65,,,1,94,,9111,65,,,1,97,,9108,65,,,1,100,,9107,65,,,1,95,,9109,65,,,1
4804,'SAM',612,,9131,65,,,1,110,,2518,65,,,1,103,,9133,65,,,1,108,,9135,65,,,1,108,,9139,65,,,1,101,,9132,65,,,1,102,,9138,65,,,1,100,,9134,65,,,1,97,,9136,65,,,1,106,,9137,65,,,1,101,,9124,65,,,1,101,,9127,65,,,1,97,,9125,65,,,1,95,,9128,65,,,1,94,,9122,65,,,1,97,,9121,65,,,1,98,,9123,65,,,1,97,,9129,65,,,1,97,,9130,65,,,1,33,,9126,65,,,1
4804,'SEM',543,,9142,65,,,1,82,,9160,65,,,1,32,,9140,65,,,1,73,,9143,65,,,1,27,,9147,65,,,1,79,,9162,65,,,1,70,,9161,65,,,1,30,,9164,65,,,1,70,,9150,65,,,1,31,,9149,65,,,1,71,,9144,65,,,1,101,,9151,65,,,1,100,,9163,65,,,1,100,,9148,65,,,1,102,,9145,65,,,1,39,,9141,65,,,1,107,,9146,65,,,1,95,,9157,65,,,1,67,,9159,65,,,1,102,,9154,65,,,1,114,,9158,65,,,1,99,,9152,65,,,1,98,,9153,65,,,1,96,,9155,65,,,1,97,,9156,65,,,1
5802,'DIM',629,,9712,63,,,2,101,,9719,63,,,2,93,,9716,63,,,2,100,,9720,63,,,2,100,,9723,63,,,2,99,,9715,63,,,2,101,,9725,63,,,2,100,,9722,63,,,2,102,,9718,63,,,2,99,,9721,63,,,2,101,,9717,63,,,2,99,,9711,63,,,2,101,,9724,63,,,2,100,,9708,63,,,2,99,,9714,63,,,2,98,,9710,63,,,2,98,,9709,63,,,2,98,,9713,63,,,2
5802,'SAM',629,,9743,63,,,2,101,,9735,63,,,2,93,,9734,63,,,2,100,,9739,63,,,2,100,,9737,63,,,2,99,,9740,63,,,2,101,,9742,63,,,2,100,,9726,63,,,2,99,,9733,63,,,2,101,,9738,63,,,2,101,,9736,63,,,2,101,,9741,63,,,2,100,,9728,63,,,2,100,,9731,63,,,2,99,,9727,63,,,2,98,,9732,63,,,2,98,,9729,63,,,2,98,,9730,63,,,2
5802,'SEM',549,,9762,63,,,2,76,,9755,63,,,2,22,,9754,63,,,2,80,,9763,63,,,2,75,,9765,63,,,2,29,,9747,63,,,2,73,,9746,63,,,2,43,,9750,63,,,2,100,,9766,63,,,2,100,,9744,63,,,2,100,,9751,63,,,2,100,,9764,63,,,2,100,,9745,63,,,2,65,,9748,63,,,2,30,,9752,63,,,2,104,,9758,63,,,2,71,,9749,63,,,2,93,,9753,63,,,2,96,,9760,63,,,2,98,,9759,63,,,2,99,,9761,63,,,2,97,,9757,63,,,2,59,,9756,63,,,2
6001,'DIM',817,,9768,59,,,1,103,,9776,59,,,1,102,,9774,59,,,1,104,,9775,59,,,1,102,,9777,59,,,1,102,,9780,59,,,1,102,,9778,59,,,1,100,,9781,59,,,1,100,,9779,59,,,1,102,,9782,59,,,1,91,,9783,59,,,1,99,,9770,59,,,1,98,,9772,59,,,1,97,,9771,59,,,1,99,,9773,59,,,1,99,,9767,59,,,1,100,,9769,59,,,1
6001,'SAM',713,,9790,59,,,1,104,,9795,59,,,1,103,,9786,59,,,1,102,,9798,59,,,1,103,,9800,59,,,1,103,,9796,59,,,1,102,,9799,59,,,1,102,,9797,59,,,1,100,,9785,59,,,1,100,,9801,59,,,1,102,,9784,59,,,1,91,,9788,59,,,1,100,,9793,59,,,1,97,,9789,59,,,1,97,,9791,59,,,1,99,,9794,59,,,1,99,,9787,59,,,1,100,,9792,59,,,1
6001,'SEM',559,,9816,59,,,1,142,,9802,59,,,1,47,,9820,59,,,1,78,,9814,59,,,1,77,,9818,59,,,1,101,,9804,59,,,1,101,,9821,59,,,1,101,,9819,59,,,1,104,,9805,59,,,1,100,,9803,59,,,1,102,,9815,59,,,1,102,,9817,59,,,1,99,,9806,59,,,1,102,,9810,59,,,1,95,,9808,59,,,1,49,,9813,59,,,1,98,,9811,59,,,1,98,,9807,59,,,1,98,,9809,59,,,1,94,,9812,59,,,1
7001,'DIM',745,,10411,83,,,1,101,,10401,83,,,1,99,,10409,83,,,1,100,,10412,83,,,1,69,,10415,83,,,1,31,,10410,83,,,1,70,,10417,83,,,1,28,,10416,83,,,1,70,,10413,83,,,1,35,,10414,83,,,1,69,,10418,83,,,1,27,,10394,83,,,1,74,,10419,83,,,1,25,,10397,83,,,1,75,,10398,83,,,1,27,,10399,83,,,1,73,,10396,83,,,1,33,,10402,83,,,1,73,,10405,83,,,1,30,,10400,83,,,1,94,,10406,83,,,1,98,,10403,83,,,1,100,,10395,83,,,1,99,,10407,83,,,1,100,,10408,83,,,1,99,,10404,83,,,1
7001,'SAM',745,,10436,83,,,1,101,,10441,83,,,1,99,,10443,83,,,1,100,,10444,83,,,1,68,,10442,83,,,1,32,,10420,83,,,1,69,,10445,83,,,1,29,,10440,83,,,1,70,,10421,83,,,1,34,,10437,83,,,1,68,,10422,83,,,1,33,,10438,83,,,1,70,,10424,83,,,1,25,,10439,83,,,1,73,,10427,83,,,1,29,,10429,83,,,1,73,,10426,83,,,1,34,,10428,83,,,1,72,,10432,83,,,1,30,,10430,83,,,1,94,,10434,83,,,1,98,,10423,83,,,1,100,,10425,83,,,1,98,,10435,83,,,1,101,,10433,83,,,1,99,,10431,83,,,1
7001,'SEM',556,,10472,83,,,1,73,,10450,83,,,1,29,,10473,83,,,1,58,,10474,83,,,1,19,,10469,83,,,1,68,,10480,83,,,1,24,,10461,83,,,1,24,,10447,83,,,1,69,,10479,83,,,1,30,,10476,83,,,1,71,,10477,83,,,1,29,,10458,83,,,1,71,,10481,83,,,1,29,,10449,83,,,1,72,,10454,83,,,1,28,,10478,83,,,1,70,,10448,83,,,1,30,,10446,83,,,1,72,,10475,83,,,1,30,,10453,83,,,1,79,,10456,83,,,1,24,,10452,83,,,1,51,,10459,83,,,1,50,,10451,83,,,1,77,,10463,83,,,1,67,,10466,83,,,1,33,,10467,83,,,1,24,,10455,83,,,1,78,,10464,83,,,1,84,,10460,83,,,1,33,,10457,83,,,1,148,,10465,83,,,1,59,,10462,83,,,1,99,,10470,83,,,1,99,,10468,83,,,1,167,,10471,83,,,1
7304,'DIM',550,,10665,78,,,1,70,,10654,78,,,1,103,,10658,78,,,1,101,,10661,78,,,1,102,,10657,78,,,1,102,,10659,78,,,1,100,,10662,78,,,1,100,,10666,78,,,1,102,,10660,78,,,1,101,,10663,78,,,1,101,,10656,78,,,1,100,,10664,78,,,1,100,,10667,78,,,1,99,,10650,78,,,1,99,,10647,78,,,1,97,,10653,78,,,1,99,,10649,78,,,1,99,,10648,78,,,1,97,,10651,78,,,1,101,,10652,78,,,1,99,,10655,78,,,1
7304,'SAM',550,,10686,78,,,1,70,,10676,78,,,1,103,,10681,78,,,1,101,,10678,78,,,1,102,,10677,78,,,1,102,,10682,78,,,1,100,,10684,78,,,1,101,,10680,78,,,1,101,,10671,78,,,1,101,,10683,78,,,1,101,,10679,78,,,1,100,,10685,78,,,1,100,,10687,78,,,1,99,,10670,78,,,1,98,,10668,78,,,1,98,,10669,78,,,1,99,,10673,78,,,1,99,,10672,78,,,1,97,,4131,78,,,1,101,,10674,78,,,1,99,,4133,78,,,1,100,,10675,78,,,1,99,,4134,78,,,1
7304,'SEM',512,,10719,78,,,1,42,,10716,78,,,1,82,,10722,78,,,1,18,,10725,78,,,1,73,,10721,78,,,1,15,,10718,78,,,1,14,,10694,78,,,1,68,,10696,78,,,1,14,,10717,78,,,1,15,,10723,78,,,1,65,,10712,78,,,1,31,,10690,78,,,1,80,,10689,78,,,1,29,,10705,78,,,1,70,,10720,78,,,1,30,,10691,78,,,1,71,,10695,78,,,1,76,,10704,78,,,1,26,,10697,78,,,1,70,,10724,78,,,1,30,,10692,78,,,1,70,,10693,78,,,1,33,,10701,78,,,1,71,,10688,78,,,1,32,,10698,78,,,1,78,,10708,78,,,1,22,,10706,78,,,1,67,,10700,78,,,1,29,,10707,78,,,1,76,,10702,78,,,1,20,,10713,78,,,1,29,,10699,78,,,1,70,,10709,78,,,1,29,,10711,78,,,1,73,,10703,78,,,1,96,,10715,78,,,1,99,,10710,78,,,1,102,,10714,78,,,1
7402,'DIM',651,,10786,91,,,2,102,,10789,91,,,2,101,,6451,91,,,2,102,,10790,91,,,2,102,,10788,91,,,2,100,,10787,91,,,2,101,,10793,91,,,2,100,,10792,91,,,2,143,,10794,91,,,2,99,,10791,91,,,2,99,,10781,91,,,2,101,,10780,91,,,2,58,,10782,91,,,2,98,,10783,91,,,2,99,,6443,91,,,2,100,,10784,91,,,2,97,,10785,91,,,2
7402,'SAM',651,,10802,91,,,2,102,,10806,91,,,2,101,,10804,91,,,2,102,,10801,91,,,2,102,,10805,91,,,2,100,,10807,91,,,2,101,,10810,91,,,2,141,,10803,91,,,2,100,,10808,91,,,2,101,,10811,91,,,2,100,,10809,91,,,2,99,,10795,91,,,2,59,,10797,91,,,2,98,,10799,91,,,2,99,,10798,91,,,2,100,,10800,91,,,2,97,,10796,91,,,2
7402,'SEM',610,,10825,91,,,2,90,,10830,91,,,2,20,,10813,91,,,2,82,,10824,91,,,2,100,,10814,91,,,2,99,,10812,91,,,2,99,,10816,91,,,2,101,,10826,91,,,2,57,,10829,91,,,2,100,,10815,91,,,2,142,,10828,91,,,2,102,,10827,91,,,2,100,,10817,91,,,2,56,,10818,91,,,2,100,,10821,91,,,2,97,,10823,91,,,2,99,,10819,91,,,2,102,,10820,91,,,2,97,,10822,91,,,2
22202,'DIM',1457,,4994,61,,,2
22202,'SAM',1457,,11491,61,,,2,898,,11489,61,,,2,100,,11490,61,,,2
22202,'SEM',558,,11498,61,,,2,160,,11493,61,,,2,41,,11494,61,,,2,768,,11497,61,,,2,75,,11492,61,,,2,701,,11495,61,,,2,25,,11496,61,,,2
32202,'SAM',2612,,11601,55,,,2
32202,'SEM',2439,,11602,55,,,2,84,,11603,55,,,2
34504,'SEM',2530,,11613,40,,,1,118,,11612,40,,,1
