2201,'DIM',646,,7023,46,,,2,101,,7027,46,,,2,104,,7026,46,,,2,99,,7025,46,,,2,101,,7022,46,,,2,99,,7024,46,,,2,101,,7029,46,,,2,102,,7031,46,,,2,96,,7028,46,,,2,105,,7030,46,,,2,100,,7016,46,,,2,100,,7018,46,,,2,97,,7017,46,,,2,101,,7020,46,,,2,100,,7019,46,,,2,100,,7021,46,,,2
2201,'SAM',646,,7040,46,,,2,101,,7042,46,,,2,104,,7039,46,,,2,99,,7041,46,,,2,102,,7044,46,,,2,99,,7048,46,,,2,101,,7047,46,,,2,101,,7043,46,,,2,96,,7045,46,,,2,102,,7046,46,,,2,103,,7033,46,,,2,101,,7036,46,,,2,96,,7034,46,,,2,101,,7032,46,,,2,100,,7038,46,,,2,100,,7037,46,,,2,100,,7035,46,,,2
2201,'SEM',642,,7064,46,,,2,100,,7052,46,,,2,94,,7050,46,,,2,80,,7049,46,,,2,34,,7066,46,,,2,101,,7051,46,,,2,100,,7065,46,,,2,100,,7067,46,,,2,100,,7054,46,,,2,96,,7055,46,,,2,105,,7053,46,,,2,100,,7059,46,,,2,100,,7057,46,,,2,99,,7056,46,,,2,98,,7058,46,,,2,104,,7062,46,,,2,100,,7060,46,,,2,95,,7061,46,,,2,98,,7063,46,,,2
5001,'DIM',548,,9169,53,,,1,100,,9177,53,,,1,101,,9165,53,,,1,98,,9182,53,,,1,101,,9174,53,,,1,73,,9184,53,,,1,37,,9176,53,,,1,64,,9189,53,,,1,79,,9187,53,,,1,22,,9188,53,,,1,35,,9190,53,,,1,69,,9175,53,,,1,32,,9178,53,,,1,76,,9191,53,,,1,69,,9180,53,,,1,34,,9179,53,,,1,70,,9185,53,,,1,23,,9183,53,,,1,74,,9181,53,,,1,41,,9186,53,,,1,58,,9167,53,,,1,99,,9170,53,,,1,98,,9173,53,,,1,100,,9166,53,,,1,99,,9171,53,,,1,58,,9168,53,,,1,99,,9172,53,,,1
5001,'SAM',548,,9199,53,,,1,100,,9202,53,,,1,101,,9193,53,,,1,98,,9214,53,,,1,101,,9212,53,,,1,79,,9217,53,,,1,30,,9210,53,,,1,65,,9194,53,,,1,79,,9218,53,,,1,22,,9216,53,,,1,35,,9195,53,,,1,69,,9206,53,,,1,32,,9208,53,,,1,76,,9211,53,,,1,69,,9207,53,,,1,34,,9209,53,,,1,70,,9197,53,,,1,23,,9198,53,,,1,74,,9192,53,,,1,39,,9213,53,,,1,61,,9215,53,,,1,98,,9203,53,,,1,98,,9205,53,,,1,100,,9204,53,,,1,99,,9200,53,,,1,58,,9196,53,,,1,99,,9201,53,,,1
5001,'SEM',540,,9241,53,,,1,107,,9246,53,,,1,76,,9242,53,,,1,24,,9220,53,,,1,77,,9219,53,,,1,24,,9222,53,,,1,71,,9249,53,,,1,26,,9250,53,,,1,73,,9245,53,,,1,27,,9221,53,,,1,73,,9225,53,,,1,28,,9244,53,,,1,72,,9231,53,,,1,32,,9247,53,,,1,70,,9226,53,,,1,32,,9243,53,,,1,68,,9248,53,,,1,30,,9224,53,,,1,84,,9223,53,,,1,67,,9235,53,,,1,36,,9227,53,,,1,70,,9228,53,,,1,29,,9234,53,,,1,66,,9229,53,,,1,35,,9233,53,,,1,69,,9236,53,,,1,35,,9237,53,,,1,104,,9232,53,,,1,103,,9230,53,,,1,103,,9239,53,,,1,104,,9238,53,,,1,146,,9240,53,,,1,49,,9251,43,,,1
5801,'DIM',548,,9661,61,,,2,101,,9643,61,,,2,91,,9652,61,,,2,101,,9655,61,,,2,99,,9658,61,,,2,100,,9651,61,,,2,102,,9660,61,,,2,98,,9657,61,,,2,103,,9654,61,,,2,99,,9656,61,,,2,102,,9653,61,,,2,99,,9646,61,,,2,101,,9659,61,,,2,99,,9642,61,,,2,99,,9650,61,,,2,99,,9645,61,,,2,100,,9644,61,,,2,100,,9648,61,,,2,98,,9647,61,,,2,110,,9649,61,,,2
5801,'SAM',548,,9681,61,,,2,101,,9673,61,,,2,91,,9672,61,,,2,101,,9677,61,,,2,100,,9675,61,,,2,99,,9678,61,,,2,102,,9680,61,,,2,98,,9662,61,,,2,101,,9671,61,,,2,101,,9676,61,,,2,101,,9674,61,,,2,101,,9679,61,,,2,100,,9665,61,,,2,100,,9669,61,,,2,98,,9663,61,,,2,99,,9670,61,,,2,100,,9666,61,,,2,100,,9668,61,,,2,98,,9664,61,,,2,110,,9667,61,,,2
5801,'SEM',540,,9695,61,,,2,68,,9692,61,,,2,42,,9705,61,,,2,85,,9693,61,,,2,86,,9699,61,,,2,85,,9686,61,,,2,99,,9706,61,,,2,100,,9682,61,,,2,100,,9687,61,,,2,100,,9704,61,,,2,100,,9683,61,,,2,47,,9694,61,,,2,71,,9684,61,,,2,32,,9707,61,,,2,69,,9689,61,,,2,35,,9691,61,,,2,69,,9690,61,,,2,27,,9685,61,,,2,69,,9703,61,,,2,29,,9688,61,,,2,70,,9701,61,,,2,100,,9702,61,,,2,99,,9697,61,,,2,99,,9696,61,,,2,99,,9698,61,,,2,98,,9700,61,,,2
22201,'DIM',1418,,11475,46,,,2,815,,11473,46,,,2,83,,11474,46,,,2
22201,'SAM',1418,,11480,46,,,2,815,,11476,46,,,2,83,,11477,46,,,2,100,,11479,46,,,2,112,,11478,46,,,2
22201,'SEM',722,,11481,46,,,2,10,,11482,46,,,2,683,,11483,46,,,2,100,,11484,46,,,2,105,,11488,46,,,2,100,,11486,46,,,2,90,,11485,46,,,2,625,,11487,46,,,2
