4202,'DIM',502,,8490,58,,,2,41,,8531,58,,,2,65,,8501,58,,,2,30,,8489,58,,,2,70,,8513,58,,,2,29,,8511,58,,,2,70,,8532,58,,,2,32,,8516,58,,,2,71,,8512,58,,,2,31,,8520,58,,,2,71,,8524,58,,,2,23,,8530,58,,,2,22,,8526,58,,,2,61,,8517,58,,,2,22,,8522,58,,,2,19,,8518,58,,,2,60,,8521,58,,,2,18,,8506,58,,,2,63,,8509,58,,,2,20,,8508,58,,,2,22,,8510,58,,,2,59,,8515,58,,,2,20,,8514,58,,,2,18,,8534,58,,,2,62,,8527,58,,,2,21,,8523,58,,,2,21,,8519,58,,,2,61,,8529,58,,,2,20,,8494,58,,,2,20,,8495,58,,,2,61,,8496,58,,,2,23,,8528,58,,,2,76,,8525,58,,,2,35,,8533,58,,,2,69,,8505,58,,,2,30,,8492,58,,,2,72,,8491,58,,,2,30,,8500,58,,,2,70,,8488,58,,,2,28,,8497,58,,,2,68,,8507,58,,,2,28,,8493,58,,,2,71,,8499,58,,,2,30,,8503,58,,,2,68,,8504,58,,,2,30,,8498,58,,,2,77,,8502,58,,,2
4202,'SAM',502,,8537,58,,,2,41,,8539,58,,,2,65,,8557,58,,,2,30,,8535,58,,,2,70,,8565,58,,,2,29,,8563,58,,,2,70,,8540,58,,,2,32,,8571,58,,,2,71,,8567,58,,,2,31,,8566,58,,,2,71,,8570,58,,,2,23,,8582,58,,,2,22,,8576,58,,,2,61,,8580,58,,,2,21,,8575,58,,,2,20,,8578,58,,,2,60,,8560,58,,,2,18,,8573,58,,,2,22,,8564,58,,,2,61,,8556,58,,,2,21,,8562,58,,,2,60,,8536,58,,,2,20,,8569,58,,,2,18,,8568,58,,,2,62,,8561,58,,,2,21,,8572,58,,,2,21,,8538,58,,,2,60,,8574,58,,,2,20,,8577,58,,,2,21,,8543,58,,,2,61,,8579,58,,,2,23,,8581,58,,,2,75,,8549,58,,,2,35,,8551,58,,,2,70,,8553,58,,,2,30,,8555,58,,,2,75,,8541,58,,,2,27,,8544,58,,,2,70,,8558,58,,,2,28,,8546,58,,,2,68,,8548,58,,,2,31,,8542,58,,,2,67,,8545,58,,,2,30,,8547,58,,,2,69,,8550,58,,,2,30,,8552,58,,,2,77,,8554,58,,,2,30,,8559,58,,,2
4202,'SEM',500,,8625,58,,,2,57,,8627,58,,,2,72,,8631,58,,,2,16,,8634,58,,,2,55,,8583,58,,,2,10,,8585,58,,,2,11,,8588,58,,,2,9,,8591,58,,,2,10,,8633,58,,,2,12,,8630,58,,,2,60,,8586,58,,,2,18,,8601,58,,,2,21,,8587,58,,,2,62,,8635,58,,,2,22,,8632,58,,,2,19,,8589,58,,,2,61,,8626,58,,,2,20,,8584,58,,,2,19,,8629,58,,,2,61,,8593,58,,,2,20,,8618,58,,,2,21,,8628,58,,,2,64,,8595,58,,,2,16,,8615,58,,,2,64,,8597,58,,,2,20,,8599,58,,,2,20,,8600,58,,,2,63,,8592,58,,,2,16,,8602,58,,,2,21,,8603,58,,,2,60,,8604,58,,,2,21,,8590,58,,,2,21,,8606,58,,,2,60,,8636,58,,,2,20,,8609,58,,,2,20,,8610,58,,,2,60,,8611,58,,,2,22,,8613,58,,,2,18,,8594,58,,,2,64,,8616,58,,,2,20,,8596,58,,,2,23,,8605,58,,,2,64,,8598,58,,,2,19,,8622,58,,,2,70,,8624,58,,,2,45,,8621,58,,,2,76,,8623,58,,,2,29,,8607,58,,,2,69,,8608,58,,,2,30,,8612,58,,,2,66,,8614,58,,,2,37,,8620,58,,,2,67,,8617,58,,,2,32,,8619,58,,,2
5202,'DIM',644,,9405,102,,,2,111,,9400,102,,,2,100,,9401,102,,,2,100,,9402,102,,,2,98,,9407,102,,,2,102,,9406,102,,,2,99,,9403,102,,,2,101,,9399,102,,,2,102,,9404,102,,,2,96,,9398,102,,,2,105,,9408,102,,,2,100,,9396,102,,,2,99,,9409,102,,,2,100,,9393,102,,,2,98,,9394,102,,,2,100,,9395,102,,,2,99,,9397,102,,,2
5202,'SAM',644,,9421,102,,,2,111,,9417,102,,,2,100,,9420,102,,,2,100,,9416,102,,,2,99,,9418,102,,,2,101,,9426,102,,,2,99,,9424,102,,,2,102,,9425,102,,,2,102,,9422,102,,,2,100,,9419,102,,,2,97,,9423,102,,,2,103,,9413,102,,,2,100,,9414,102,,,2,99,,9415,102,,,2,98,,9410,102,,,2,100,,9411,102,,,2,99,,9412,102,,,2
5202,'SEM',607,,9437,102,,,2,52,,9445,102,,,2,65,,9428,102,,,2,31,,9441,102,,,2,103,,9438,102,,,2,100,,9439,102,,,2,100,,9440,102,,,2,97,,9427,102,,,2,103,,9442,102,,,2,100,,9444,102,,,2,142,,9443,102,,,2,101,,9429,102,,,2,99,,9430,102,,,2,59,,9431,102,,,2,99,,9436,102,,,2,100,,9435,102,,,2,101,,9432,102,,,2,100,,9433,102,,,2,96,,9434,102,,,2
5802,'DIM',610,,9712,22,,,2,100,,9719,22,,,2,91,,9716,22,,,2,100,,9720,22,,,2,100,,9723,22,,,2,99,,9715,22,,,2,101,,9725,22,,,2,100,,9722,22,,,2,101,,9718,22,,,2,99,,9721,22,,,2,101,,9717,22,,,2,99,,9711,22,,,2,101,,9724,22,,,2,101,,9708,22,,,2,100,,9714,22,,,2,99,,9710,22,,,2,99,,9709,22,,,2,58,,9713,22,,,2
5802,'SAM',610,,9743,22,,,2,100,,9735,22,,,2,91,,9734,22,,,2,100,,9739,22,,,2,100,,9737,22,,,2,99,,9740,22,,,2,101,,9742,22,,,2,100,,9726,22,,,2,58,,9733,22,,,2,141,,9738,22,,,2,101,,9736,22,,,2,101,,9741,22,,,2,100,,9728,22,,,2,101,,9731,22,,,2,100,,9727,22,,,2,99,,9732,22,,,2,99,,9729,22,,,2,58,,9730,22,,,2
5802,'SEM',528,,9762,22,,,2,74,,9755,22,,,2,22,,9754,22,,,2,80,,9763,22,,,2,35,,9765,22,,,2,69,,9747,22,,,2,33,,9746,22,,,2,83,,9750,22,,,2,99,,9766,22,,,2,100,,9744,22,,,2,100,,9751,22,,,2,100,,9764,22,,,2,101,,9745,22,,,2,25,,9748,22,,,2,69,,9752,22,,,2,103,,9758,22,,,2,33,,9749,22,,,2,93,,9753,22,,,2,96,,9760,22,,,2,100,,9759,22,,,2,100,,9761,22,,,2,98,,9757,22,,,2,99,,9756,22,,,2
25202,'SEM',537,,11503,54,,,2,99,,11505,54,,,2,181,,11504,54,,,2
