1704,'DIM',456,,6858,11,,,1,90,,6859,11,,,1,100,,6863,11,,,1,102,,6857,11,,,1,99,,165,11,,,1,100,,6861,11,,,1,101,,6862,11,,,1,100,,6864,11,,,1,100,,6865,11,,,1,101,,6860,11,,,1,103,,6846,11,,,1,99,,6847,11,,,1,100,,6850,11,,,1,101,,6852,11,,,1,99,,6851,11,,,1,98,,6849,11,,,1,100,,6853,11,,,1,101,,6856,11,,,1,99,,6848,11,,,1,99,,6854,11,,,1,96,,6855,11,,,1
1704,'SAM',456,,6878,11,,,1,90,,6879,11,,,1,100,,6885,11,,,1,102,,6882,11,,,1,99,,6877,11,,,1,100,,6881,11,,,1,101,,6886,11,,,1,100,,6884,11,,,1,100,,6883,11,,,1,101,,6880,11,,,1,102,,6867,11,,,1,100,,6868,11,,,1,101,,6870,11,,,1,100,,6872,11,,,1,99,,6866,11,,,1,98,,6874,11,,,1,100,,6871,11,,,1,101,,6869,11,,,1,99,,6873,11,,,1,99,,6875,11,,,1,96,,6876,11,,,1
1704,'SEM',508,,6901,11,,,1,92,,6906,11,,,1,22,,6909,11,,,1,21,,6888,11,,,1,66,,6892,11,,,1,35,,6893,11,,,1,61,,6887,11,,,1,98,,6890,11,,,1,45,,6891,11,,,1,100,,6894,11,,,1,100,,6905,11,,,1,100,,6907,11,,,1,100,,6896,11,,,1,102,,6908,11,,,1,100,,6889,11,,,1,105,,6897,11,,,1,96,,6895,11,,,1,98,,6898,11,,,1,101,,6903,11,,,1,101,,6904,11,,,1,100,,6899,11,,,1,100,,6900,11,,,1,100,,6902,11,,,1
3104,'DIM',615,,7789,21,,,1,102,,7790,21,,,1,100,,7788,21,,,1,100,,7794,21,,,1,100,,7795,21,,,1,100,,7793,21,,,1,100,,7791,21,,,1,103,,7779,21,,,1,101,,7792,21,,,1,100,,7778,21,,,1,101,,7777,21,,,1,99,,7782,21,,,1,98,,7784,21,,,1,103,,7783,21,,,1,96,,7785,21,,,1,101,,7781,21,,,1,101,,7780,21,,,1,98,,7786,21,,,1,102,,7787,21,,,1
3104,'SAM',516,,1137,21,,,1,99,,7805,21,,,1,102,,7808,21,,,1,100,,7807,21,,,1,100,,7810,21,,,1,100,,7813,21,,,1,100,,7814,21,,,1,100,,7809,21,,,1,102,,7804,21,,,1,101,,7811,21,,,1,101,,7806,21,,,1,101,,7812,21,,,1,100,,7800,21,,,1,98,,7802,21,,,1,100,,7798,21,,,1,99,,7803,21,,,1,100,,7796,21,,,1,101,,7797,21,,,1,98,,7799,21,,,1,102,,7801,21,,,1
3104,'SEM',440,,7823,21,,,1,76,,7824,21,,,1,90,,7835,21,,,1,21,,7837,21,,,1,23,,7817,21,,,1,73,,7836,21,,,1,28,,7833,21,,,1,69,,7831,21,,,1,35,,7832,21,,,1,61,,7834,21,,,1,100,,7815,21,,,1,101,,7816,21,,,1,100,,7819,21,,,1,101,,7838,21,,,1,100,,7818,21,,,1,102,,7821,21,,,1,100,,7822,21,,,1,96,,7820,21,,,1,105,,7825,21,,,1,98,,7830,21,,,1,105,,7829,21,,,1,100,,7826,21,,,1,102,,7827,21,,,1,100,,7828,21,,,1
3904,'DIM',817,,8142,11,,,1,112,,8136,11,,,1,82,,8143,11,,,1,30,,8146,11,,,1,73,,8137,11,,,1,27,,8135,11,,,1,73,,8145,11,,,1,29,,8140,11,,,1,74,,8129,11,,,1,27,,8144,11,,,1,70,,8138,11,,,1,31,,8139,11,,,1,72,,8128,11,,,1,30,,8141,11,,,1,71,,8124,11,,,1,31,,8125,11,,,1,68,,8130,11,,,1,28,,8131,11,,,1,70,,8132,11,,,1,43,,8133,11,,,1,98,,8126,11,,,1,100,,8134,11,,,1,100,,8127,11,,,1
3904,'SAM',817,,8162,11,,,1,112,,8155,11,,,1,82,,8166,11,,,1,30,,8156,11,,,1,70,,8147,11,,,1,30,,8153,11,,,1,76,,8159,11,,,1,26,,8157,11,,,1,74,,8163,11,,,1,27,,8154,11,,,1,70,,8160,11,,,1,31,,8161,11,,,1,71,,8167,11,,,1,31,,8158,11,,,1,72,,8164,11,,,1,24,,8165,11,,,1,74,,8168,11,,,1,28,,8169,11,,,1,70,,8148,11,,,1,86,,8149,11,,,1,57,,8151,11,,,1,98,,8150,11,,,1,100,,8152,11,,,1
3904,'SEM',612,,8193,11,,,1,27,,8186,11,,,1,14,,8192,11,,,1,51,,8174,11,,,1,29,,8189,11,,,1,71,,8170,11,,,1,31,,8187,11,,,1,70,,8194,11,,,1,35,,8172,11,,,1,67,,8173,11,,,1,33,,8184,11,,,1,69,,8188,11,,,1,31,,8190,11,,,1,68,,8181,11,,,1,32,,8185,11,,,1,67,,8191,11,,,1,38,,8171,11,,,1,74,,8176,11,,,1,30,,8178,11,,,1,71,,8179,11,,,1,101,,8195,11,,,1,112,,8182,11,,,1,99,,8183,11,,,1,105,,8175,11,,,1,100,,8177,11,,,1,94,,8180,11,,,1
4504,'DIM',614,,8845,11,,,1,100,,8838,11,,,1,99,,8846,11,,,1,101,,8848,11,,,1,99,,8852,11,,,1,97,,8853,11,,,1,102,,8849,11,,,1,98,,8844,11,,,1,108,,8842,11,,,1,98,,8836,11,,,1,100,,8851,11,,,1,96,,8847,11,,,1,101,,8850,11,,,1,103,,8837,11,,,1,101,,8843,11,,,1,101,,8839,11,,,1,100,,8840,11,,,1,100,,8841,11,,,1
4504,'SAM',614,,2249,11,,,1,100,,8867,11,,,1,99,,8864,11,,,1,101,,8868,11,,,1,99,,8866,11,,,1,101,,8855,11,,,1,97,,8865,11,,,1,102,,8854,11,,,1,104,,8860,11,,,1,101,,8869,11,,,1,98,,8857,11,,,1,96,,8870,11,,,1,101,,8858,11,,,1,103,,8862,11,,,1,101,,8856,11,,,1,101,,8861,11,,,1,100,,8859,11,,,1,100,,8863,11,,,1
4504,'SEM',531,,8890,11,,,1,15,,8891,11,,,1,80,,8896,11,,,1,84,,8876,11,,,1,18,,8874,11,,,1,18,,8872,11,,,1,57,,8889,11,,,1,51,,8875,11,,,1,146,,8893,11,,,1,111,,8888,11,,,1,96,,8878,11,,,1,94,,8877,11,,,1,100,,8894,11,,,1,42,,8873,11,,,1,65,,8871,11,,,1,31,,8892,11,,,1,70,,8895,11,,,1,38,,8880,11,,,1,77,,8883,11,,,1,81,,8884,11,,,1,104,,8882,11,,,1,105,,8881,11,,,1,102,,8885,11,,,1,90,,8887,11,,,1,100,,8879,11,,,1,95,,8886,11,,,1
