1704,'DIM',505,,6858,29,,,1,50,,6859,29,,,1,101,,6863,29,,,1,102,,6857,29,,,1,101,,165,29,,,1,100,,6861,29,,,1,141,,6862,29,,,1,100,,6864,29,,,1,101,,6865,29,,,1,101,,6860,29,,,1,102,,6846,29,,,1,99,,6847,29,,,1,100,,6850,29,,,1,101,,6852,29,,,1,98,,6851,29,,,1,98,,6849,29,,,1,100,,6853,29,,,1,59,,6856,29,,,1,99,,6848,29,,,1,99,,6854,29,,,1,96,,6855,29,,,1
1704,'SAM',505,,6878,29,,,1,50,,6879,29,,,1,101,,6885,29,,,1,102,,6882,29,,,1,101,,6877,29,,,1,100,,6881,29,,,1,141,,6886,29,,,1,100,,6884,29,,,1,101,,6883,29,,,1,101,,6880,29,,,1,101,,6867,29,,,1,100,,6868,29,,,1,101,,6870,29,,,1,100,,6872,29,,,1,98,,6866,29,,,1,98,,6874,29,,,1,100,,6871,29,,,1,59,,6869,29,,,1,99,,6873,29,,,1,99,,6875,29,,,1,96,,6876,29,,,1
1704,'SEM',517,,6901,29,,,1,93,,6906,29,,,1,22,,6909,29,,,1,22,,6888,29,,,1,67,,6892,29,,,1,35,,6893,29,,,1,61,,6887,29,,,1,98,,6890,29,,,1,85,,6891,29,,,1,100,,6894,29,,,1,100,,6905,29,,,1,100,,6907,29,,,1,100,,6896,29,,,1,102,,6908,29,,,1,101,,6889,29,,,1,105,,6897,29,,,1,95,,6895,29,,,1,97,,6898,29,,,1,101,,6903,29,,,1,100,,6904,29,,,1,100,,6899,29,,,1,100,,6900,29,,,1,99,,6902,29,,,1
3104,'DIM',625,,7789,39,,,1,103,,7790,39,,,1,100,,7788,39,,,1,101,,7794,39,,,1,101,,7795,39,,,1,100,,7793,39,,,1,100,,7791,39,,,1,103,,7779,39,,,1,101,,7792,39,,,1,100,,7778,39,,,1,101,,7777,39,,,1,99,,7782,39,,,1,98,,7784,39,,,1,102,,7783,39,,,1,96,,7785,39,,,1,100,,7781,39,,,1,99,,7780,39,,,1,98,,7786,39,,,1,102,,7787,39,,,1
3104,'SAM',525,,1137,39,,,1,100,,7805,39,,,1,103,,7808,39,,,1,100,,7807,39,,,1,101,,7810,39,,,1,101,,7813,39,,,1,100,,7814,39,,,1,100,,7809,39,,,1,102,,7804,39,,,1,101,,7811,39,,,1,101,,7806,39,,,1,101,,7812,39,,,1,100,,7800,39,,,1,98,,7802,39,,,1,99,,7798,39,,,1,99,,7803,39,,,1,99,,7796,39,,,1,99,,7797,39,,,1,98,,7799,39,,,1,102,,7801,39,,,1
3104,'SEM',449,,7823,39,,,1,77,,7824,39,,,1,91,,7835,39,,,1,21,,7837,39,,,1,63,,7817,39,,,1,34,,7836,39,,,1,68,,7833,39,,,1,29,,7831,39,,,1,75,,7832,39,,,1,22,,7834,39,,,1,100,,7815,39,,,1,102,,7816,39,,,1,100,,7819,39,,,1,101,,7838,39,,,1,100,,7818,39,,,1,102,,7821,39,,,1,100,,7822,39,,,1,96,,7820,39,,,1,103,,7825,39,,,1,97,,7830,39,,,1,105,,7829,39,,,1,99,,7826,39,,,1,102,,7827,39,,,1,100,,7828,39,,,1
7304,'DIM',540,,10665,57,,,1,70,,10654,57,,,1,102,,10658,57,,,1,101,,10661,57,,,1,101,,10657,57,,,1,101,,10659,57,,,1,100,,10662,57,,,1,100,,10666,57,,,1,102,,10660,57,,,1,101,,10663,57,,,1,101,,10656,57,,,1,100,,10664,57,,,1,100,,10667,57,,,1,100,,10650,57,,,1,99,,10647,57,,,1,97,,10653,57,,,1,100,,10649,57,,,1,99,,10648,57,,,1,98,,10651,57,,,1,101,,10652,57,,,1,99,,10655,57,,,1
7304,'SAM',540,,10686,57,,,1,70,,10676,57,,,1,102,,10681,57,,,1,101,,10678,57,,,1,101,,10677,57,,,1,101,,10682,57,,,1,100,,10684,57,,,1,101,,10680,57,,,1,101,,10671,57,,,1,101,,10683,57,,,1,101,,10679,57,,,1,100,,10685,57,,,1,100,,10687,57,,,1,100,,10670,57,,,1,98,,10668,57,,,1,98,,10669,57,,,1,100,,10673,57,,,1,99,,10672,57,,,1,98,,4131,57,,,1,101,,10674,57,,,1,99,,4133,57,,,1,100,,10675,57,,,1,99,,4134,57,,,1
7304,'SEM',502,,10719,57,,,1,41,,10716,57,,,1,82,,10722,57,,,1,18,,10725,57,,,1,71,,10721,57,,,1,14,,10718,57,,,1,14,,10694,57,,,1,68,,10696,57,,,1,14,,10717,57,,,1,15,,10723,57,,,1,65,,10712,57,,,1,31,,10690,57,,,1,80,,10689,57,,,1,29,,10705,57,,,1,70,,10720,57,,,1,30,,10691,57,,,1,71,,10695,57,,,1,36,,10704,57,,,1,66,,10697,57,,,1,30,,10724,57,,,1,70,,10692,57,,,1,30,,10693,57,,,1,72,,10701,57,,,1,31,,10688,57,,,1,72,,10698,57,,,1,79,,10708,57,,,1,22,,10706,57,,,1,28,,10700,57,,,1,69,,10707,57,,,1,36,,10702,57,,,1,60,,10713,57,,,1,30,,10699,57,,,1,70,,10709,57,,,1,30,,10711,57,,,1,73,,10703,57,,,1,97,,10715,57,,,1,99,,10710,57,,,1,103,,10714,57,,,1
7402,'DIM',641,,10786,70,,,2,101,,10789,70,,,2,101,,6451,70,,,2,101,,10790,70,,,2,101,,10788,70,,,2,100,,10787,70,,,2,101,,10793,70,,,2,100,,10792,70,,,2,103,,10794,70,,,2,99,,10791,70,,,2,99,,10781,70,,,2,102,,10780,70,,,2,98,,10782,70,,,2,98,,10783,70,,,2,100,,6443,70,,,2,100,,10784,70,,,2,98,,10785,70,,,2
7402,'SAM',641,,10802,70,,,2,101,,10806,70,,,2,101,,10804,70,,,2,101,,10801,70,,,2,101,,10805,70,,,2,100,,10807,70,,,2,101,,10810,70,,,2,101,,10803,70,,,2,100,,10808,70,,,2,101,,10811,70,,,2,100,,10809,70,,,2,100,,10795,70,,,2,99,,10797,70,,,2,98,,10799,70,,,2,100,,10798,70,,,2,100,,10800,70,,,2,98,,10796,70,,,2
7402,'SEM',559,,10825,70,,,2,89,,10830,70,,,2,60,,10813,70,,,2,41,,10824,70,,,2,100,,10814,70,,,2,99,,10812,70,,,2,99,,10816,70,,,2,101,,10826,70,,,2,97,,10829,70,,,2,100,,10815,70,,,2,101,,10828,70,,,2,102,,10827,70,,,2,100,,10817,70,,,2,97,,10818,70,,,2,100,,10821,70,,,2,98,,10823,70,,,2,99,,10819,70,,,2,103,,10820,70,,,2,98,,10822,70,,,2
