1704,'DIM',506,,6858,33,,,1,50,,6859,33,,,1,101,,6863,33,,,1,102,,6857,33,,,1,141,,165,33,,,1,101,,6861,33,,,1,101,,6862,33,,,1,100,,6864,33,,,1,101,,6865,33,,,1,101,,6860,33,,,1,102,,6846,33,,,1,99,,6847,33,,,1,100,,6850,33,,,1,100,,6852,33,,,1,98,,6851,33,,,1,98,,6849,33,,,1,100,,6853,33,,,1,99,,6856,33,,,1,59,,6848,33,,,1,99,,6854,33,,,1,96,,6855,33,,,1
1704,'SAM',506,,6878,33,,,1,50,,6879,33,,,1,101,,6885,33,,,1,102,,6882,33,,,1,141,,6877,33,,,1,101,,6881,33,,,1,101,,6886,33,,,1,100,,6884,33,,,1,101,,6883,33,,,1,101,,6880,33,,,1,101,,6867,33,,,1,100,,6868,33,,,1,101,,6870,33,,,1,99,,6872,33,,,1,98,,6866,33,,,1,98,,6874,33,,,1,100,,6871,33,,,1,99,,6869,33,,,1,59,,6873,33,,,1,99,,6875,33,,,1,96,,6876,33,,,1
1704,'SEM',518,,6901,33,,,1,93,,6906,33,,,1,22,,6909,33,,,1,22,,6888,33,,,1,67,,6892,33,,,1,36,,6893,33,,,1,61,,6887,33,,,1,98,,6890,33,,,1,85,,6891,33,,,1,100,,6894,33,,,1,100,,6905,33,,,1,100,,6907,33,,,1,100,,6896,33,,,1,102,,6908,33,,,1,101,,6889,33,,,1,105,,6897,33,,,1,95,,6895,33,,,1,97,,6898,33,,,1,100,,6903,33,,,1,100,,6904,33,,,1,100,,6899,33,,,1,100,,6900,33,,,1,99,,6902,33,,,1
2704,'DIM',752,,7675,38,,,2,101,,7676,38,,,2,100,,7671,38,,,2,99,,7673,38,,,2,98,,7674,38,,,2,103,,7670,38,,,2,95,,7677,38,,,2,107,,7672,38,,,2,100,,7663,38,,,2,100,,7667,38,,,2,100,,7668,38,,,2,99,,7664,38,,,2,100,,7666,38,,,2,98,,7665,38,,,2,100,,7669,38,,,2,100,,7662,38,,,2
2704,'SAM',652,,7690,38,,,2,100,,7686,38,,,2,101,,7687,38,,,2,100,,7685,38,,,2,99,,7694,38,,,2,100,,7689,38,,,2,101,,7692,38,,,2,94,,7688,38,,,2,108,,7691,38,,,2,100,,7681,38,,,2,100,,7682,38,,,2,93,,7684,38,,,2,106,,7693,38,,,2,100,,7680,38,,,2,98,,7683,38,,,2,100,,7678,38,,,2,100,,7679,38,,,2
2704,'SEM',615,,7716,38,,,2,28,,7696,38,,,2,68,,7713,38,,,2,28,,7699,38,,,2,67,,7700,38,,,2,28,,7718,38,,,2,66,,7715,38,,,2,49,,7714,38,,,2,100,,7703,38,,,2,108,,7695,38,,,2,95,,7717,38,,,2,87,,7698,38,,,2,106,,7697,38,,,2,107,,7708,38,,,2,77,,7709,38,,,2,80,,7704,38,,,2,13,,7701,38,,,2,31,,7702,38,,,2,71,,7706,38,,,2,35,,7711,38,,,2,100,,7707,38,,,2,85,,7710,38,,,2,96,,7705,38,,,2,104,,7712,38,,,2
3104,'DIM',626,,7789,43,,,1,103,,7790,43,,,1,100,,7788,43,,,1,102,,7794,43,,,1,101,,7795,43,,,1,100,,7793,43,,,1,100,,7791,43,,,1,103,,7779,43,,,1,101,,7792,43,,,1,100,,7778,43,,,1,101,,7777,43,,,1,99,,7782,43,,,1,97,,7784,43,,,1,102,,7783,43,,,1,96,,7785,43,,,1,100,,7781,43,,,1,99,,7780,43,,,1,98,,7786,43,,,1,102,,7787,43,,,1
3104,'SAM',526,,1137,43,,,1,100,,7805,43,,,1,103,,7808,43,,,1,100,,7807,43,,,1,102,,7810,43,,,1,101,,7813,43,,,1,100,,7814,43,,,1,100,,7809,43,,,1,102,,7804,43,,,1,101,,7811,43,,,1,101,,7806,43,,,1,101,,7812,43,,,1,100,,7800,43,,,1,97,,7802,43,,,1,99,,7798,43,,,1,99,,7803,43,,,1,99,,7796,43,,,1,99,,7797,43,,,1,98,,7799,43,,,1,102,,7801,43,,,1
3104,'SEM',450,,7823,43,,,1,77,,7824,43,,,1,91,,7835,43,,,1,21,,7837,43,,,1,64,,7817,43,,,1,34,,7836,43,,,1,68,,7833,43,,,1,29,,7831,43,,,1,75,,7832,43,,,1,22,,7834,43,,,1,100,,7815,43,,,1,102,,7816,43,,,1,100,,7819,43,,,1,101,,7838,43,,,1,100,,7818,43,,,1,102,,7821,43,,,1,100,,7822,43,,,1,96,,7820,43,,,1,103,,7825,43,,,1,96,,7830,43,,,1,105,,7829,43,,,1,99,,7826,43,,,1,102,,7827,43,,,1,100,,7828,43,,,1
3904,'DIM',836,,8142,43,,,1,112,,8136,43,,,1,82,,8143,43,,,1,70,,8146,43,,,1,33,,8137,43,,,1,67,,8135,43,,,1,33,,8145,43,,,1,69,,8140,43,,,1,34,,8129,43,,,1,67,,8144,43,,,1,30,,8138,43,,,1,71,,8139,43,,,1,32,,8128,43,,,1,70,,8141,43,,,1,31,,8124,43,,,1,71,,8125,43,,,1,28,,8130,43,,,1,68,,8131,43,,,1,29,,8132,43,,,1,83,,8133,43,,,1,98,,8126,43,,,1,100,,8134,43,,,1,99,,8127,43,,,1
3904,'SAM',836,,8162,43,,,1,112,,8155,43,,,1,82,,8166,43,,,1,70,,8156,43,,,1,30,,8147,43,,,1,70,,8153,43,,,1,36,,8159,43,,,1,66,,8157,43,,,1,34,,8163,43,,,1,67,,8154,43,,,1,30,,8160,43,,,1,71,,8161,43,,,1,31,,8167,43,,,1,71,,8158,43,,,1,32,,8164,43,,,1,64,,8165,43,,,1,34,,8168,43,,,1,68,,8169,43,,,1,29,,8148,43,,,1,86,,8149,43,,,1,97,,8151,43,,,1,98,,8150,43,,,1,99,,8152,43,,,1
3904,'SEM',630,,8193,43,,,1,27,,8186,43,,,1,54,,8192,43,,,1,11,,8174,43,,,1,29,,8189,43,,,1,71,,8170,43,,,1,31,,8187,43,,,1,70,,8194,43,,,1,35,,8172,43,,,1,68,,8173,43,,,1,33,,8184,43,,,1,70,,8188,43,,,1,71,,8190,43,,,1,28,,8181,43,,,1,72,,8185,43,,,1,27,,8191,43,,,1,78,,8171,43,,,1,34,,8176,43,,,1,70,,8178,43,,,1,31,,8179,43,,,1,102,,8195,43,,,1,110,,8182,43,,,1,99,,8183,43,,,1,104,,8175,43,,,1,100,,8177,43,,,1,93,,8180,43,,,1
7304,'DIM',541,,10665,61,,,1,70,,10654,61,,,1,102,,10658,61,,,1,101,,10661,61,,,1,102,,10657,61,,,1,101,,10659,61,,,1,100,,10662,61,,,1,100,,10666,61,,,1,102,,10660,61,,,1,101,,10663,61,,,1,101,,10656,61,,,1,100,,10664,61,,,1,100,,10667,61,,,1,99,,10650,61,,,1,99,,10647,61,,,1,97,,10653,61,,,1,100,,10649,61,,,1,99,,10648,61,,,1,98,,10651,61,,,1,101,,10652,61,,,1,99,,10655,61,,,1
7304,'SAM',541,,10686,61,,,1,70,,10676,61,,,1,102,,10681,61,,,1,101,,10678,61,,,1,102,,10677,61,,,1,101,,10682,61,,,1,100,,10684,61,,,1,101,,10680,61,,,1,101,,10671,61,,,1,101,,10683,61,,,1,101,,10679,61,,,1,100,,10685,61,,,1,100,,10687,61,,,1,99,,10670,61,,,1,98,,10668,61,,,1,98,,10669,61,,,1,100,,10673,61,,,1,99,,10672,61,,,1,98,,4131,61,,,1,101,,10674,61,,,1,99,,4133,61,,,1,100,,10675,61,,,1,99,,4134,61,,,1
7304,'SEM',503,,10719,61,,,1,41,,10716,61,,,1,82,,10722,61,,,1,18,,10725,61,,,1,71,,10721,61,,,1,15,,10718,61,,,1,14,,10694,61,,,1,68,,10696,61,,,1,14,,10717,61,,,1,15,,10723,61,,,1,65,,10712,61,,,1,31,,10690,61,,,1,80,,10689,61,,,1,29,,10705,61,,,1,70,,10720,61,,,1,30,,10691,61,,,1,71,,10695,61,,,1,36,,10704,61,,,1,66,,10697,61,,,1,30,,10724,61,,,1,70,,10692,61,,,1,30,,10693,61,,,1,72,,10701,61,,,1,31,,10688,61,,,1,72,,10698,61,,,1,79,,10708,61,,,1,22,,10706,61,,,1,28,,10700,61,,,1,69,,10707,61,,,1,36,,10702,61,,,1,60,,10713,61,,,1,29,,10699,61,,,1,70,,10709,61,,,1,30,,10711,61,,,1,73,,10703,61,,,1,97,,10715,61,,,1,99,,10710,61,,,1,103,,10714,61,,,1
7402,'DIM',642,,10786,74,,,2,101,,10789,74,,,2,101,,6451,74,,,2,101,,10790,74,,,2,102,,10788,74,,,2,100,,10787,74,,,2,101,,10793,74,,,2,100,,10792,74,,,2,103,,10794,74,,,2,99,,10791,74,,,2,99,,10781,74,,,2,101,,10780,74,,,2,98,,10782,74,,,2,98,,10783,74,,,2,100,,6443,74,,,2,100,,10784,74,,,2,98,,10785,74,,,2
7402,'SAM',642,,10802,74,,,2,101,,10806,74,,,2,101,,10804,74,,,2,101,,10801,74,,,2,102,,10805,74,,,2,100,,10807,74,,,2,101,,10810,74,,,2,101,,10803,74,,,2,100,,10808,74,,,2,101,,10811,74,,,2,100,,10809,74,,,2,99,,10795,74,,,2,99,,10797,74,,,2,98,,10799,74,,,2,100,,10798,74,,,2,100,,10800,74,,,2,98,,10796,74,,,2
7402,'SEM',600,,10825,74,,,2,49,,10830,74,,,2,60,,10813,74,,,2,42,,10824,74,,,2,100,,10814,74,,,2,99,,10812,74,,,2,99,,10816,74,,,2,101,,10826,74,,,2,97,,10829,74,,,2,100,,10815,74,,,2,101,,10828,74,,,2,102,,10827,74,,,2,100,,10817,74,,,2,97,,10818,74,,,2,100,,10821,74,,,2,97,,10823,74,,,2,99,,10819,74,,,2,103,,10820,74,,,2,98,,10822,74,,,2
