4201,'DIM',521,,8340,30,,,2,104,,8364,30,,,2,30,,8381,30,,,2,71,,1716,30,,,2,31,,8365,30,,,2,71,,8370,30,,,2,30,,8374,30,,,2,71,,8377,30,,,2,71,,8369,30,,,2,26,,8372,30,,,2,76,,8371,30,,,2,20,,8357,30,,,2,23,,8362,30,,,2,58,,8361,30,,,2,22,,8363,30,,,2,18,,8367,30,,,2,60,,8366,30,,,2,19,,8384,30,,,2,22,,8378,30,,,2,61,,8373,30,,,2,20,,1723,30,,,2,21,,8380,30,,,2,60,,8344,30,,,2,20,,8346,30,,,2,20,,8347,30,,,2,61,,8379,30,,,2,19,,8368,30,,,2,21,,8375,30,,,2,60,,8345,30,,,2,15,,8383,30,,,2,15,,8382,30,,,2,14,,8356,30,,,2,52,,8376,30,,,2,18,,8342,30,,,2,32,,8341,30,,,2,70,,8352,30,,,2,29,,8339,30,,,2,70,,8348,30,,,2,29,,8359,30,,,2,70,,8343,30,,,2,31,,8350,30,,,2,70,,8354,30,,,2,29,,8355,30,,,2,70,,8349,30,,,2,34,,8353,30,,,2,68,,8351,30,,,2,34,,8358,30,,,2,75,,8360,30,,,2
4201,'SAM',521,,8385,30,,,2,104,,8413,30,,,2,30,,8388,30,,,2,71,,8420,30,,,2,31,,8416,30,,,2,71,,8415,30,,,2,30,,8419,30,,,2,71,,8426,30,,,2,71,,8431,30,,,2,25,,8424,30,,,2,77,,8410,30,,,2,20,,8422,30,,,2,22,,8414,30,,,2,59,,8405,30,,,2,21,,8412,30,,,2,19,,8386,30,,,2,60,,8418,30,,,2,19,,8417,30,,,2,22,,8411,30,,,2,61,,8421,30,,,2,20,,8387,30,,,2,20,,8423,30,,,2,60,,8427,30,,,2,21,,8391,30,,,2,20,,8429,30,,,2,61,,8432,30,,,2,20,,8433,30,,,2,19,,8397,30,,,2,61,,8430,30,,,2,14,,8399,30,,,2,16,,8425,30,,,2,14,,8401,30,,,2,54,,8428,30,,,2,16,,8404,30,,,2,36,,8389,30,,,2,66,,8392,30,,,2,29,,8408,30,,,2,70,,8394,30,,,2,29,,8396,30,,,2,73,,8390,30,,,2,27,,8393,30,,,2,70,,8395,30,,,2,30,,8398,30,,,2,70,,8400,30,,,2,34,,8402,30,,,2,68,,8409,30,,,2,34,,8403,30,,,2,75,,8407,30,,,2,70,,8406,30,,,2
4201,'SEM',626,,8483,30,,,2,30,,8436,30,,,2,57,,8478,30,,,2,21,,8481,30,,,2,24,,8484,30,,,2,62,,8482,30,,,2,19,,8437,30,,,2,19,,8477,30,,,2,62,,8434,30,,,2,19,,8440,30,,,2,19,,8467,30,,,2,63,,8479,30,,,2,18,,8480,30,,,2,63,,8442,30,,,2,17,,8464,30,,,2,23,,8444,30,,,2,60,,8445,30,,,2,19,,8446,30,,,2,22,,8439,30,,,2,15,,8448,30,,,2,63,,8449,30,,,2,19,,8450,30,,,2,61,,8438,30,,,2,21,,8454,30,,,2,20,,8485,30,,,2,59,,8458,30,,,2,21,,8459,30,,,2,20,,8460,30,,,2,15,,8462,30,,,2,53,,8435,30,,,2,13,,8441,30,,,2,11,,8453,30,,,2,13,,8465,30,,,2,54,,8468,30,,,2,15,,8456,30,,,2,14,,8452,30,,,2,14,,8451,30,,,2,14,,8472,30,,,2,55,,8474,30,,,2,15,,8443,30,,,2,14,,8476,30,,,2,63,,8469,30,,,2,13,,8473,30,,,2,21,,8447,30,,,2,67,,8475,30,,,2,31,,8455,30,,,2,67,,8457,30,,,2,33,,8461,30,,,2,66,,8463,30,,,2,31,,8487,16,,,2,75,,8466,30,,,2,23,,8486,16,,,2,70,,8471,30,,,2,44,,8470,30,,,2
4803,'DIM',705,,9047,10,,,1,103,,9051,10,,,1,103,,9055,10,,,1,99,,9038,10,,,1,102,,9048,10,,,1,101,,9049,10,,,1,95,,9054,10,,,1,105,,9050,10,,,1,99,,9052,10,,,1,100,,9039,10,,,1,100,,9053,10,,,1,100,,9041,10,,,1,95,,9045,10,,,1,100,,9044,10,,,1,100,,9043,10,,,1,98,,2438,10,,,1,100,,9040,10,,,1,35,,9042,10,,,1,161,,9046,10,,,1
4803,'SAM',605,,2450,10,,,1,100,,9067,10,,,1,102,,9070,10,,,1,104,,9074,10,,,1,99,,9065,10,,,1,101,,9073,10,,,1,101,,9068,10,,,1,94,,9071,10,,,1,106,,9069,10,,,1,100,,9066,10,,,1,100,,9072,10,,,1,100,,9059,10,,,1,100,,9061,10,,,1,95,,9057,10,,,1,100,,9056,10,,,1,98,,9058,10,,,1,100,,9063,10,,,1,100,,9064,10,,,1,35,,9060,10,,,1,161,,9062,10,,,1
4803,'SEM',600,,9096,10,,,1,20,,9098,10,,,1,37,,9087,10,,,1,74,,9099,10,,,1,71,,9102,10,,,1,24,,9083,10,,,1,80,,9082,10,,,1,30,,9077,10,,,1,95,,9084,10,,,1,100,,9079,10,,,1,100,,9078,10,,,1,100,,9100,10,,,1,80,,9075,10,,,1,101,,9080,10,,,1,35,,9097,10,,,1,64,,9076,10,,,1,30,,9101,10,,,1,70,,9088,10,,,1,30,,9081,10,,,1,70,,9089,10,,,1,95,,9094,10,,,1,100,,9085,10,,,1,99,,9086,10,,,1,99,,9090,10,,,1,100,,9092,10,,,1,99,,9091,10,,,1,51,,9093,10,,,1,73,,9095,10,,,1
5801,'DIM',525,,9661,10,,,2,100,,9643,10,,,2,90,,9652,10,,,2,100,,9655,10,,,2,99,,9658,10,,,2,100,,9651,10,,,2,102,,9660,10,,,2,98,,9657,10,,,2,103,,9654,10,,,2,99,,9656,10,,,2,102,,9653,10,,,2,99,,9646,10,,,2,101,,9659,10,,,2,99,,9642,10,,,2,99,,9650,10,,,2,99,,9645,10,,,2,100,,9644,10,,,2,100,,9648,10,,,2,99,,9647,10,,,2,110,,9649,10,,,2
5801,'SAM',525,,9681,10,,,2,100,,9673,10,,,2,90,,9672,10,,,2,100,,9677,10,,,2,100,,9675,10,,,2,99,,9678,10,,,2,102,,9680,10,,,2,98,,9662,10,,,2,101,,9671,10,,,2,101,,9676,10,,,2,101,,9674,10,,,2,101,,9679,10,,,2,100,,9665,10,,,2,100,,9669,10,,,2,98,,9663,10,,,2,99,,9670,10,,,2,100,,9666,10,,,2,100,,9668,10,,,2,99,,9664,10,,,2,110,,9667,10,,,2
5801,'SEM',515,,9695,10,,,2,28,,9692,10,,,2,82,,9705,10,,,2,83,,9693,10,,,2,46,,9699,10,,,2,85,,9686,10,,,2,99,,9706,10,,,2,100,,9682,10,,,2,100,,9687,10,,,2,100,,9704,10,,,2,100,,9683,10,,,2,86,,9694,10,,,2,31,,9684,10,,,2,72,,9707,10,,,2,28,,9689,10,,,2,75,,9691,10,,,2,28,,9690,10,,,2,68,,9685,10,,,2,29,,9703,10,,,2,70,,9688,10,,,2,30,,9701,10,,,2,100,,9702,10,,,2,100,,9697,10,,,2,99,,9696,10,,,2,100,,9698,10,,,2,99,,9700,10,,,2
7002,'DIM',659,,10489,10,,,1,142,,10496,10,,,1,100,,3943,10,,,1,101,,10492,10,,,1,28,,10493,10,,,1,73,,10495,10,,,1,29,,10485,10,,,1,25,,10494,10,,,1,75,,10491,10,,,1,25,,10500,10,,,1,79,,10498,10,,,1,67,,10501,10,,,1,36,,10483,10,,,1,65,,10497,10,,,1,31,,10503,10,,,1,23,,10499,10,,,1,78,,10502,10,,,1,68,,10487,10,,,1,36,,10505,10,,,1,74,,3946,10,,,1,97,,10504,10,,,1,95,,10482,10,,,1,95,,10484,10,,,1,100,,10488,10,,,1,99,,10486,10,,,1,103,,10490,10,,,1
7002,'SAM',658,,10532,10,,,1,143,,10512,10,,,1,100,,10520,10,,,1,101,,10519,10,,,1,25,,10528,10,,,1,76,,10533,10,,,1,29,,10530,10,,,1,24,,10524,10,,,1,75,,10523,10,,,1,26,,10522,10,,,1,79,,10525,10,,,1,75,,10521,10,,,1,27,,10531,10,,,1,65,,10529,10,,,1,28,,10527,10,,,1,26,,10526,10,,,1,79,,10515,10,,,1,69,,10511,10,,,1,36,,10513,10,,,1,74,,10508,10,,,1,96,,10517,10,,,1,95,,10509,10,,,1,96,,10510,10,,,1,99,,10516,10,,,1,99,,10514,10,,,1,103,,10518,10,,,1
7002,'SEM',533,,10541,10,,,1,96,,10561,10,,,1,26,,10562,10,,,1,73,,10540,10,,,1,77,,10543,10,,,1,27,,10545,10,,,1,70,,10560,10,,,1,30,,10538,10,,,1,70,,10567,10,,,1,30,,10546,10,,,1,27,,10568,10,,,1,73,,10563,10,,,1,26,,10565,10,,,1,74,,10564,10,,,1,69,,10539,10,,,1,30,,10566,10,,,1,24,,10559,10,,,1,76,,10544,10,,,1,71,,10547,10,,,1,30,,10542,10,,,1,70,,10536,10,,,1,33,,10537,10,,,1,68,,10550,10,,,1,33,,10551,10,,,1,66,,10555,10,,,1,33,,10554,10,,,1,91,,10552,10,,,1,82,,10556,10,,,1,94,,10548,10,,,1,112,,10553,10,,,1,106,,10549,10,,,1,99,,10558,10,,,1,105,,10557,10,,,1
