2201,'DIM',642,,7023,36,,,2,101,,7027,36,,,2,104,,7026,36,,,2,99,,7025,36,,,2,101,,7022,36,,,2,99,,7024,36,,,2,101,,7029,36,,,2,102,,7031,36,,,2,96,,7028,36,,,2,105,,7030,36,,,2,99,,7016,36,,,2,100,,7018,36,,,2,97,,7017,36,,,2,102,,7020,36,,,2,100,,7019,36,,,2,100,,7021,36,,,2
2201,'SAM',642,,7040,36,,,2,101,,7042,36,,,2,104,,7039,36,,,2,99,,7041,36,,,2,102,,7044,36,,,2,99,,7048,36,,,2,101,,7047,36,,,2,101,,7043,36,,,2,96,,7045,36,,,2,102,,7046,36,,,2,102,,7033,36,,,2,101,,7036,36,,,2,96,,7034,36,,,2,102,,7032,36,,,2,100,,7038,36,,,2,100,,7037,36,,,2,100,,7035,36,,,2
2201,'SEM',637,,7064,36,,,2,99,,7052,36,,,2,95,,7050,36,,,2,80,,7049,36,,,2,34,,7066,36,,,2,101,,7051,36,,,2,100,,7065,36,,,2,100,,7067,36,,,2,100,,7054,36,,,2,96,,7055,36,,,2,105,,7053,36,,,2,100,,7059,36,,,2,100,,7057,36,,,2,99,,7056,36,,,2,98,,7058,36,,,2,104,,7062,36,,,2,100,,7060,36,,,2,95,,7061,36,,,2,98,,7063,36,,,2
5801,'DIM',544,,9661,51,,,2,101,,9643,51,,,2,91,,9652,51,,,2,100,,9655,51,,,2,99,,9658,51,,,2,100,,9651,51,,,2,102,,9660,51,,,2,98,,9657,51,,,2,103,,9654,51,,,2,99,,9656,51,,,2,102,,9653,51,,,2,99,,9646,51,,,2,101,,9659,51,,,2,99,,9642,51,,,2,99,,9650,51,,,2,99,,9645,51,,,2,100,,9644,51,,,2,100,,9648,51,,,2,99,,9647,51,,,2,110,,9649,51,,,2
5801,'SAM',544,,9681,51,,,2,101,,9673,51,,,2,91,,9672,51,,,2,100,,9677,51,,,2,100,,9675,51,,,2,99,,9678,51,,,2,102,,9680,51,,,2,98,,9662,51,,,2,101,,9671,51,,,2,101,,9676,51,,,2,101,,9674,51,,,2,101,,9679,51,,,2,100,,9665,51,,,2,100,,9669,51,,,2,98,,9663,51,,,2,99,,9670,51,,,2,100,,9666,51,,,2,100,,9668,51,,,2,99,,9664,51,,,2,110,,9667,51,,,2
5801,'SEM',535,,9695,51,,,2,68,,9692,51,,,2,42,,9705,51,,,2,84,,9693,51,,,2,86,,9699,51,,,2,85,,9686,51,,,2,59,,9706,51,,,2,100,,9682,51,,,2,100,,9687,51,,,2,100,,9704,51,,,2,100,,9683,51,,,2,87,,9694,51,,,2,71,,9684,51,,,2,32,,9707,51,,,2,69,,9689,51,,,2,35,,9691,51,,,2,69,,9690,51,,,2,27,,9685,51,,,2,69,,9703,51,,,2,29,,9688,51,,,2,70,,9701,51,,,2,100,,9702,51,,,2,99,,9697,51,,,2,99,,9696,51,,,2,100,,9698,51,,,2,98,,9700,51,,,2
22201,'DIM',1414,,11475,36,,,2,815,,11473,36,,,2,83,,11474,36,,,2
22201,'SAM',1414,,11480,36,,,2,815,,11476,36,,,2,83,,11477,36,,,2,100,,11479,36,,,2,112,,11478,36,,,2
22201,'SEM',716,,11481,36,,,2,10,,11482,36,,,2,684,,11483,36,,,2,100,,11484,36,,,2,106,,11488,36,,,2,100,,11486,36,,,2,90,,11485,36,,,2,625,,11487,36,,,2
32201,'DIM',522,,11591,37,,,2,802,,11593,36,,,2,802,,11592,36,,,2
32201,'SAM',522,,11594,37,,,2,802,,11595,36,,,2
32201,'SEM',524,,11596,37,,,2,19,,11597,37,,,2,67,,11598,37,,,2,715,,11599,36,,,2,800,,11600,36,,,2
