5504,'SEM',641,,9476,66,,,2,61,,9480,36,,,2,9,,9463,66,,,2,11,,9464,66,,,2,93,,9479,66,,,2,30,,9474,66,,,2,95,,9473,66,,,2,97,,9465,66,,,2,99,,9475,66,,,2,94,,9472,66,,,2,103,,9466,66,,,2,105,,9477,66,,,2,103,,9478,66,,,2,98,,9467,66,,,2,97,,9468,66,,,2,100,,9470,66,,,2,102,,9469,66,,,2,92,,9471,66,,,2
14401,'DIM',614,,11029,38,,,2,25,,11032,38,,,2,99,,11030,38,,,2,95,,11033,38,,,2,101,,11040,38,,,2,71,,11044,38,,,2,28,,11043,38,,,2,72,,11046,38,,,2,36,,11038,38,,,2,67,,11045,38,,,2,33,,11031,38,,,2,75,,11036,38,,,2,29,,11039,38,,,2,75,,11034,38,,,2,35,,11035,38,,,2,68,,11021,38,,,2,34,,11037,38,,,2,81,,11041,38,,,2,62,,11022,38,,,2,39,,11023,38,,,2,96,,11042,38,,,2,81,,11025,38,,,2,97,,11027,38,,,2,100,,11026,38,,,2,98,,11028,38,,,2,100,,11024,38,,,2
14401,'SAM',614,,11062,38,,,2,25,,11067,38,,,2,99,,11065,38,,,2,95,,11068,38,,,2,101,,11072,38,,,2,71,,11073,38,,,2,28,,11074,38,,,2,72,,11047,38,,,2,35,,11055,38,,,2,68,,11051,38,,,2,33,,11063,38,,,2,75,,11071,38,,,2,29,,11069,38,,,2,75,,11066,38,,,2,35,,11064,38,,,2,68,,11050,38,,,2,34,,11070,38,,,2,81,,11052,38,,,2,62,,11053,38,,,2,38,,11054,38,,,2,100,,11058,38,,,2,78,,11059,38,,,2,97,,11048,38,,,2,100,,11049,38,,,2,98,,11061,38,,,2,100,,11056,38,,,2,100,,11060,38,,,2,101,,11057,38,,,2
14401,'SEM',550,,11098,38,,,2,80,,11102,38,,,2,12,,11105,38,,,2,58,,11078,38,,,2,19,,11099,38,,,2,19,,11103,38,,,2,13,,11101,38,,,2,61,,11079,38,,,2,20,,11104,38,,,2,19,,11106,38,,,2,75,,11084,38,,,2,25,,11077,38,,,2,75,,11082,38,,,2,28,,11096,38,,,2,67,,11085,38,,,2,30,,11100,38,,,2,66,,11097,38,,,2,34,,11075,38,,,2,75,,11083,38,,,2,25,,11076,38,,,2,73,,11088,38,,,2,26,,11090,38,,,2,71,,11081,38,,,2,101,,11080,38,,,2,107,,11092,38,,,2,97,,11093,38,,,2,102,,11086,38,,,2,88,,11087,38,,,2,100,,11089,38,,,2,99,,11091,38,,,2,101,,11095,38,,,2,100,,11094,38,,,2
15104,'DIM',629,,11317,52,,,2,98,,11337,52,,,2,25,,11330,52,,,2,66,,11334,52,,,2,32,,11318,52,,,2,74,,11329,52,,,2,29,,11338,52,,,2,73,,11331,52,,,2,32,,11335,52,,,2,73,,11340,52,,,2,71,,11339,52,,,2,31,,11342,52,,,2,73,,11336,52,,,2,34,,11333,52,,,2,72,,11341,52,,,2,32,,11312,52,,,2,74,,11332,52,,,2,33,,11320,52,,,2,72,,11343,52,,,2,31,,11344,52,,,2,75,,11313,52,,,2,71,,11325,52,,,2,31,,11327,52,,,2,69,,11315,52,,,2,30,,11322,52,,,2,70,,11323,52,,,2,30,,11326,52,,,2,27,,11314,52,,,2,69,,11316,52,,,2,31,,11319,52,,,2,97,,11321,52,,,2,98,,11324,52,,,2,73,,11328,52,,,2
15104,'SAM',629,,11361,52,,,2,98,,11369,52,,,2,25,,11364,52,,,2,66,,11366,52,,,2,32,,11362,52,,,2,74,,11363,52,,,2,30,,11370,52,,,2,72,,11365,52,,,2,32,,11367,52,,,2,73,,11373,52,,,2,71,,11372,52,,,2,31,,11374,52,,,2,73,,11368,52,,,2,34,,11360,52,,,2,72,,11354,52,,,2,32,,11375,52,,,2,74,,11371,52,,,2,33,,11345,52,,,2,72,,11377,52,,,2,31,,11349,52,,,2,75,,11376,52,,,2,71,,11352,52,,,2,31,,11346,52,,,2,69,,11347,52,,,2,30,,11358,52,,,2,70,,11351,52,,,2,30,,11353,52,,,2,27,,11357,52,,,2,69,,11348,52,,,2,31,,11359,52,,,2,97,,11350,52,,,2,98,,11356,52,,,2,73,,11355,52,,,2
15104,'SEM',503,,11413,52,,,2,30,,11395,52,,,2,21,,11411,52,,,2,65,,11414,52,,,2,21,,11416,52,,,2,11,,11420,52,,,2,55,,11424,39,,,2,12,,11379,52,,,2,12,,11426,39,,,2,13,,11396,52,,,2,11,,11412,52,,,2,54,,11423,39,,,2,13,,11387,52,,,2,10,,11415,52,,,2,15,,11425,39,,,2,56,,11421,52,,,2,19,,11386,52,,,2,21,,11409,52,,,2,60,,11417,52,,,2,21,,11382,52,,,2,20,,11407,52,,,2,60,,11419,52,,,2,20,,11422,52,,,2,21,,11380,52,,,2,60,,11410,52,,,2,20,,11388,52,,,2,20,,11390,52,,,2,61,,11418,52,,,2,21,,11384,52,,,2,25,,11392,52,,,2,56,,11393,52,,,2,24,,11383,52,,,2,20,,11398,52,,,2,61,,11378,52,,,2,20,,11385,52,,,2,23,,11399,52,,,2,60,,11381,52,,,2,23,,11394,52,,,2,21,,11397,52,,,2,71,,11400,52,,,2,25,,11389,52,,,2,78,,11401,52,,,2,84,,11391,52,,,2,103,,11406,52,,,2,104,,11402,52,,,2,94,,11404,52,,,2,100,,11403,52,,,2,94,,11405,52,,,2,118,,11408,52,,,2
25504,'DIM',640,,11549,66,,,2,100,,11552,66,,,2,103,,11554,66,,,2,100,,11553,66,,,2,102,,11555,66,,,2,100,,11550,66,,,2,100,,11556,66,,,2,102,,11551,66,,,2,100,,11557,66,,,2,102,,11543,66,,,2,100,,11558,66,,,2,100,,11544,66,,,2,100,,11559,66,,,2,99,,11547,66,,,2,98,,11560,66,,,2,96,,11548,66,,,2,98,,11546,66,,,2,98,,11545,66,,,2
25504,'SAM',640,,11569,66,,,2,100,,11574,66,,,2,103,,11565,66,,,2,100,,11575,66,,,2,102,,11566,66,,,2,100,,11570,66,,,2,100,,11572,66,,,2,102,,11571,66,,,2,100,,11573,66,,,2,102,,11561,66,,,2,100,,11576,66,,,2,100,,11562,66,,,2,100,,11577,66,,,2,99,,11568,66,,,2,98,,11563,66,,,2,96,,5119,66,,,2,98,,11564,66,,,2,98,,11567,66,,,2
25504,'SEM',515,,11578,66,,,2,33,,11583,66,,,2,1572,,11582,66,,,2,97,,11580,66,,,2,94,,11579,66,,,2,93,,11581,66,,,2
71304,'SEM',605,,11637,18,,,2,29,,11644,18,,,2,77,,11647,18,,,2,27,,11641,18,,,2,68,,11645,18,,,2,30,,11638,18,,,2,100,,11648,18,,,2,95,,11634,18,,,2,100,,11642,18,,,2,100,,11635,18,,,2,100,,11643,18,,,2,100,,11646,18,,,2,100,,11636,18,,,2,89,,11652,18,,,2,104,,6178,18,,,2,99,,11649,18,,,2,100,,6179,18,,,2,99,,11650,18,,,2,100,,11653,18,,,2,100,,11639,18,,,2,100,,11640,18,,,2,109,,11651,18,,,2
