1703,'DIM',630,,6801,34,,,1,89,,6794,34,,,1,100,,100,34,,,1,102,,6796,34,,,1,97,,6797,34,,,1,102,,6793,34,,,1,100,,6799,34,,,1,99,,6795,34,,,1,102,,6798,34,,,1,100,,6800,34,,,1,102,,6783,34,,,1,98,,6787,34,,,1,98,,6786,34,,,1,101,,6785,34,,,1,98,,6788,34,,,1,99,,6791,34,,,1,100,,6784,34,,,1,100,,6789,34,,,1,102,,6790,34,,,1,118,,6792,34,,,1
1703,'SAM',552,,6813,34,,,1,78,,6819,34,,,1,89,,121,34,,,1,100,,6810,34,,,1,102,,6812,34,,,1,97,,6814,34,,,1,101,,6818,34,,,1,101,,6816,34,,,1,100,,6811,34,,,1,101,,6817,34,,,1,100,,6815,34,,,1,102,,6820,34,,,1,99,,6821,34,,,1,98,,6802,34,,,1,100,,6807,34,,,1,98,,6804,34,,,1,99,,6803,34,,,1,100,,6805,34,,,1,100,,6808,34,,,1,102,,6809,34,,,1,118,,6806,34,,,1
1703,'SEM',612,,6839,34,,,1,103,,6841,34,,,1,106,,6840,34,,,1,96,,6825,34,,,1,101,,6838,34,,,1,101,,6837,34,,,1,100,,6843,34,,,1,101,,6826,34,,,1,100,,6823,34,,,1,99,,6842,34,,,1,35,,6845,34,,,1,60,,6844,34,,,1,36,,6822,34,,,1,63,,6833,34,,,1,37,,6824,34,,,1,79,,6827,34,,,1,30,,6830,34,,,1,67,,6835,34,,,1,99,,6836,34,,,1,100,,6828,34,,,1,100,,6829,34,,,1,99,,6831,34,,,1,99,,6832,34,,,1,103,,6834,34,,,1
3103,'DIM',649,,7731,36,,,1,100,,7730,36,,,1,100,,1058,36,,,1,100,,7735,36,,,1,100,,7734,36,,,1,100,,7732,36,,,1,102,,7721,36,,,1,101,,7733,36,,,1,99,,7720,36,,,1,101,,7719,36,,,1,99,,7724,36,,,1,98,,7726,36,,,1,103,,7725,36,,,1,96,,7727,36,,,1,101,,7723,36,,,1,100,,7722,36,,,1,99,,7728,36,,,1,100,,7729,36,,,1
3103,'SAM',649,,7748,36,,,1,100,,7747,36,,,1,100,,1075,36,,,1,100,,7752,36,,,1,100,,7753,36,,,1,100,,7749,36,,,1,100,,7745,36,,,1,102,,7750,36,,,1,100,,7746,36,,,1,101,,7751,36,,,1,100,,7740,36,,,1,98,,7742,36,,,1,100,,7738,36,,,1,99,,7743,36,,,1,100,,7736,36,,,1,100,,7737,36,,,1,99,,7739,36,,,1,101,,7741,36,,,1,95,,7744,36,,,1
3103,'SEM',645,,7775,36,,,1,100,,7773,36,,,1,101,,7774,36,,,1,101,,7754,36,,,1,101,,7755,36,,,1,100,,7757,36,,,1,100,,7776,36,,,1,100,,7756,36,,,1,102,,7761,36,,,1,98,,7762,36,,,1,11,,7763,36,,,1,77,,7758,36,,,1,69,,7767,36,,,1,40,,7764,36,,,1,68,,7760,36,,,1,36,,7772,36,,,1,69,,7759,36,,,1,36,,7771,36,,,1,100,,7765,36,,,1,101,,7768,36,,,1,99,,7769,36,,,1,96,,7766,36,,,1,154,,7770,36,,,1
3903,'DIM',852,,1407,47,,,1,100,,8065,57,,,1,70,,8070,57,,,1,31,,8071,57,,,1,70,,8068,57,,,1,34,,8069,57,,,1,66,,8072,57,,,1,29,,8062,57,,,1,71,,8066,57,,,1,30,,8063,57,,,1,71,,8049,57,,,1,30,,8052,57,,,1,72,,8055,57,,,1,30,,8067,57,,,1,71,,8056,57,,,1,30,,8057,57,,,1,65,,8058,57,,,1,18,,8064,57,,,1,10,,8059,57,,,1,64,,8053,57,,,1,25,,8060,57,,,1,98,,8050,57,,,1,100,,8061,57,,,1,98,,8051,57,,,1,104,,8054,57,,,1
3903,'SAM',852,,8097,47,,,1,100,,8092,57,,,1,70,,8096,57,,,1,31,,8073,57,,,1,70,,8087,57,,,1,34,,8090,57,,,1,66,,8089,57,,,1,30,,8074,57,,,1,70,,8088,57,,,1,30,,8091,57,,,1,71,,8075,57,,,1,30,,8094,57,,,1,72,,8078,57,,,1,30,,8079,57,,,1,71,,8081,57,,,1,30,,8095,57,,,1,65,,8082,57,,,1,18,,8093,57,,,1,11,,8080,57,,,1,63,,8077,57,,,1,29,,8076,57,,,1,96,,8084,57,,,1,98,,8083,57,,,1,98,,8086,57,,,1,104,,8085,57,,,1
3903,'SEM',744,,8120,57,,,1,101,,8102,57,,,1,104,,8100,57,,,1,72,,8104,57,,,1,29,,8121,57,,,1,71,,8122,57,,,1,29,,8115,57,,,1,71,,8119,57,,,1,28,,8123,57,,,1,78,,8099,57,,,1,73,,8106,57,,,1,27,,8108,57,,,1,32,,8109,57,,,1,75,,8098,57,,,1,78,,8116,57,,,1,23,,8110,57,,,1,68,,8101,57,,,1,25,,8103,57,,,1,73,,8111,57,,,1,39,,8112,57,,,1,79,,8105,57,,,1,98,,8107,57,,,1,95,,8113,57,,,1,103,,8117,57,,,1,95,,8114,57,,,1,48,,8118,57,,,1
4503,'DIM',656,,8779,35,,,1,100,,8789,35,,,1,101,,8787,35,,,1,99,,8793,35,,,1,101,,8788,35,,,1,98,,8791,35,,,1,145,,8781,35,,,1,101,,8785,35,,,1,58,,8778,35,,,1,142,,8776,35,,,1,52,,8790,35,,,1,102,,8792,35,,,1,103,,8777,35,,,1,142,,8786,35,,,1,101,,8780,35,,,1,99,,8783,35,,,1,59,,8784,35,,,1,141,,8782,35,,,1
4503,'SAM',656,,8807,35,,,1,100,,8803,35,,,1,101,,8806,35,,,1,99,,8805,35,,,1,101,,8795,35,,,1,97,,8804,35,,,1,146,,8808,35,,,1,100,,8799,35,,,1,101,,8810,35,,,1,101,,8809,35,,,1,51,,8811,35,,,1,105,,8794,35,,,1,100,,8801,35,,,1,142,,8796,35,,,1,101,,8800,35,,,1,99,,8798,35,,,1,59,,8802,35,,,1,141,,8797,35,,,1
4503,'SEM',647,,8817,35,,,1,58,,8815,35,,,1,34,,8812,35,,,1,68,,8832,35,,,1,25,,8816,35,,,1,79,,8814,35,,,1,25,,8833,35,,,1,110,,8831,35,,,1,100,,8820,35,,,1,95,,8818,35,,,1,100,,8834,35,,,1,103,,8813,35,,,1,106,,8835,35,,,1,68,,8822,35,,,1,87,,8825,35,,,1,18,,8819,35,,,1,17,,8826,35,,,1,71,,8828,35,,,1,39,,8824,35,,,1,98,,8823,35,,,1,100,,8827,35,,,1,100,,8830,35,,,1,99,,8821,35,,,1,95,,8829,35,,,1
7303,'DIM',704,,10582,34,,,1,100,,10579,34,,,1,102,,10580,34,,,1,98,,10583,34,,,1,100,,10586,34,,,1,100,,10581,34,,,1,101,,10584,34,,,1,102,,10578,34,,,1,99,,10585,34,,,1,102,,10587,34,,,1,99,,10572,34,,,1,99,,10569,34,,,1,100,,10575,34,,,1,97,,10571,34,,,1,100,,10570,34,,,1,100,,10573,34,,,1,99,,10574,34,,,1,102,,10577,34,,,1,105,,10576,34,,,1
7303,'SAM',610,,10601,34,,,1,94,,10598,34,,,1,100,,10597,34,,,1,102,,10602,34,,,1,98,,10604,34,,,1,101,,10600,34,,,1,99,,10591,34,,,1,101,,10603,34,,,1,102,,10599,34,,,1,99,,10605,34,,,1,102,,10606,34,,,1,101,,10590,34,,,1,98,,10588,34,,,1,98,,10589,34,,,1,98,,10593,34,,,1,100,,10592,34,,,1,100,,4040,34,,,1,99,,10594,34,,,1,102,,4041,34,,,1,105,,10595,34,,,1,100,,4042,34,,,1,100,,10596,34,,,1
7303,'SEM',558,,10643,34,,,1,66,,10640,34,,,1,79,,10639,34,,,1,10,,10644,34,,,1,39,,10633,34,,,1,56,,10609,34,,,1,43,,10641,34,,,1,52,,10608,34,,,1,31,,10626,34,,,1,71,,10642,34,,,1,29,,10610,34,,,1,71,,10615,34,,,1,29,,10625,34,,,1,72,,10616,34,,,1,30,,10645,34,,,1,70,,10611,34,,,1,30,,10614,34,,,1,70,,10620,34,,,1,30,,10607,34,,,1,70,,10617,34,,,1,35,,10646,34,,,1,65,,10627,34,,,1,15,,10619,34,,,1,21,,10612,34,,,1,16,,10613,34,,,1,63,,10623,34,,,1,16,,10621,34,,,1,70,,10634,34,,,1,14,,10622,34,,,1,16,,10618,34,,,1,72,,10628,34,,,1,30,,10631,34,,,1,72,,10624,34,,,1,99,,10636,34,,,1,100,,10629,34,,,1,98,,10635,34,,,1,99,,10630,34,,,1,41,,10632,34,,,1,95,,10637,34,,,1,161,,10638,34,,,1
