3704,'DIM',657,,8004,9,,,2,75,,8005,9,,,2,100,,8003,9,,,2,100,,8002,9,,,2,101,,8008,9,,,2,100,,8007,9,,,2,100,,7997,9,,,2,99,,7998,9,,,2,105,,8009,9,,,2,96,,7999,9,,,2,99,,8006,9,,,2,100,,8000,9,,,2,90,,8001,9,,,2
3704,'SAM',657,,1344,9,,,2,75,,8017,9,,,2,100,,8015,9,,,2,100,,8018,9,,,2,101,,8020,9,,,2,100,,8019,9,,,2,100,,8021,9,,,2,100,,8016,9,,,2,99,,8014,9,,,2,102,,8010,9,,,2,98,,8011,9,,,2,100,,8012,9,,,2,90,,8013,9,,,2
3704,'SEM',542,,8041,9,,,2,80,,8040,9,,,2,100,,8043,9,,,2,80,,8022,9,,,2,34,,8024,9,,,2,74,,8042,9,,,2,30,,8047,9,,,2,97,,8046,9,,,2,100,,8045,9,,,2,101,,8026,9,,,2,100,,8029,9,,,2,104,,8048,9,,,2,82,,8044,9,,,2,20,,8023,9,,,2,12,,8030,9,,,2,55,,8032,9,,,2,20,,8025,9,,,2,12,,8027,9,,,2,15,,8035,9,,,2,58,,8038,9,,,2,100,,8037,9,,,2,95,,8039,9,,,2,101,,8028,9,,,2,100,,8036,9,,,2,100,,8031,9,,,2,100,,8033,9,,,2,96,,8034,9,,,2
6304,'DIM',739,,10080,33,,,1,100,,10076,33,,,1,101,,10078,33,,,1,101,,10072,33,,,1,98,,10077,33,,,1,104,,10082,33,,,1,96,,10079,33,,,1,102,,10083,33,,,1,103,,10081,33,,,1,100,,10084,33,,,1,100,,10085,33,,,1,100,,10073,33,,,1,99,,10069,33,,,1,99,,10070,33,,,1,99,,10074,33,,,1,98,,10071,33,,,1,99,,10075,33,,,1
6304,'SAM',639,,10099,33,,,1,100,,10097,33,,,1,100,,10102,33,,,1,101,,10098,33,,,1,101,,10096,33,,,1,98,,10101,33,,,1,104,,10100,33,,,1,96,,10104,33,,,1,102,,10103,33,,,1,103,,10086,33,,,1,102,,10087,33,,,1,98,,10088,33,,,1,100,,10090,33,,,1,99,,10089,33,,,1,99,,10094,33,,,1,99,,10091,33,,,1,98,,10092,33,,,1,99,,10095,33,,,1,98,,10093,33,,,1
6304,'SEM',453,,10132,33,,,1,151,,10128,33,,,1,30,,10137,33,,,1,71,,10120,33,,,1,15,,10131,33,,,1,27,,10134,33,,,1,66,,10136,33,,,1,19,,10135,33,,,1,70,,10109,33,,,1,29,,10110,33,,,1,71,,10111,33,,,1,30,,10105,33,,,1,25,,10108,33,,,1,70,,10133,33,,,1,31,,10123,33,,,1,70,,10116,33,,,1,26,,10129,33,,,1,78,,10106,33,,,1,27,,10107,33,,,1,72,,10117,33,,,1,71,,10130,33,,,1,38,,10138,33,,,1,70,,10113,33,,,1,24,,10112,33,,,1,75,,10118,33,,,1,16,,10115,33,,,1,29,,10124,33,,,1,69,,10119,33,,,1,77,,10122,33,,,1,58,,10114,33,,,1,80,,10125,33,,,1,91,,10127,33,,,1,94,,10121,33,,,1,99,,10126,33,,,1
6504,'DIM',716,,10223,52,,,2,102,,10221,52,,,2,101,,10224,52,,,2,101,,10226,52,,,2,102,,10228,52,,,2,102,,10225,52,,,2,98,,10222,52,,,2,102,,10230,52,,,2,106,,10227,52,,,2,96,,10229,52,,,2,97,,10216,52,,,2,102,,10218,52,,,2,97,,10217,52,,,2,98,,10219,52,,,2,100,,10220,52,,,2,96,,10214,52,,,2,100,,10215,52,,,2
6504,'SAM',716,,10240,52,,,2,102,,10239,52,,,2,101,,10243,52,,,2,101,,10242,52,,,2,102,,10244,52,,,2,101,,10246,52,,,2,98,,10247,52,,,2,103,,10245,52,,,2,105,,10241,52,,,2,97,,10231,52,,,2,97,,10233,52,,,2,102,,10236,52,,,2,99,,10237,52,,,2,96,,3667,52,,,2,100,,10238,52,,,2,96,,10235,52,,,2,100,,10232,52,,,2,100,,10234,52,,,2
6504,'SEM',534,,10271,52,,,2,86,,10281,52,,,2,26,,10250,52,,,2,60,,10259,52,,,2,15,,10266,52,,,2,12,,10279,52,,,2,10,,10249,52,,,2,10,,10280,52,,,2,50,,10276,52,,,2,23,,10251,52,,,2,30,,10253,52,,,2,72,,10268,52,,,2,29,,10284,52,,,2,73,,10254,52,,,2,70,,10255,52,,,2,27,,10273,52,,,2,74,,10256,52,,,2,27,,10283,52,,,2,80,,10277,52,,,2,20,,10278,52,,,2,30,,10282,52,,,2,70,,10258,52,,,2,30,,10261,52,,,2,78,,10252,52,,,2,66,,10265,52,,,2,40,,10267,52,,,2,75,,10248,52,,,2,20,,10260,52,,,2,65,,10257,52,,,2,36,,10272,52,,,2,72,,10274,52,,,2,46,,10263,52,,,2,100,,10262,52,,,2,98,,10264,52,,,2,99,,10269,52,,,2,99,,10270,52,,,2,99,,10275,52,,,2
7002,'DIM',558,,10507,36,,,1,80,,10506,36,,,1,90,,10489,59,,,1,102,,10496,59,,,1,100,,3943,59,,,1,102,,10492,59,,,1,68,,10493,59,,,1,33,,10495,59,,,1,69,,10485,59,,,1,25,,10494,59,,,1,75,,10491,59,,,1,25,,10500,59,,,1,79,,10498,59,,,1,27,,10501,59,,,1,76,,10483,59,,,1,25,,10497,59,,,1,71,,10503,59,,,1,23,,10499,59,,,1,78,,10502,59,,,1,27,,10487,59,,,1,76,,10505,59,,,1,34,,3946,59,,,1,97,,10504,59,,,1,94,,10482,59,,,1,95,,10484,59,,,1,99,,10488,59,,,1,99,,10486,59,,,1,103,,10490,59,,,1
7002,'SAM',558,,10534,36,,,1,80,,10535,36,,,1,89,,10532,59,,,1,103,,10512,59,,,1,100,,10520,59,,,1,102,,10519,59,,,1,25,,10528,59,,,1,76,,10533,59,,,1,69,,10530,59,,,1,24,,10524,59,,,1,75,,10523,59,,,1,26,,10522,59,,,1,79,,10525,59,,,1,35,,10521,59,,,1,67,,10531,59,,,1,25,,10529,59,,,1,68,,10527,59,,,1,26,,10526,59,,,1,79,,10515,59,,,1,28,,10511,59,,,1,76,,10513,59,,,1,34,,10508,59,,,1,96,,10517,59,,,1,94,,10509,59,,,1,96,,10510,59,,,1,98,,10516,59,,,1,99,,10514,59,,,1,103,,10518,59,,,1
7002,'SEM',604,,10541,59,,,1,98,,10561,59,,,1,26,,10562,59,,,1,73,,10540,59,,,1,36,,10543,59,,,1,67,,10545,59,,,1,29,,10560,59,,,1,70,,10538,59,,,1,30,,10567,59,,,1,71,,10546,59,,,1,27,,10568,59,,,1,73,,10563,59,,,1,26,,10565,59,,,1,74,,10564,59,,,1,30,,10539,59,,,1,70,,10566,59,,,1,24,,10559,59,,,1,76,,10544,59,,,1,32,,10547,59,,,1,70,,10542,59,,,1,30,,10536,59,,,1,73,,10537,59,,,1,27,,10550,59,,,1,71,,10551,59,,,1,25,,10555,59,,,1,73,,10554,59,,,1,50,,10552,59,,,1,82,,10556,59,,,1,93,,10548,59,,,1,112,,10553,59,,,1,106,,10549,59,,,1,99,,10558,59,,,1,105,,10557,59,,,1
7601,'DIM',502,,10861,27,,,2,100,,10834,72,,,2,25,,10848,72,,,2,104,,10849,72,,,2,100,,10841,72,,,2,101,,10853,72,,,2,68,,10858,72,,,2,30,,10855,72,,,2,70,,10851,72,,,2,30,,10852,72,,,2,70,,10832,72,,,2,31,,10856,72,,,2,71,,10854,72,,,2,29,,10839,72,,,2,73,,10859,72,,,2,31,,10860,72,,,2,69,,10831,72,,,2,33,,10842,72,,,2,67,,10850,72,,,2,30,,10835,72,,,2,70,,10837,72,,,2,30,,10833,72,,,2,70,,10840,72,,,2,29,,10857,72,,,2,105,,10845,72,,,2,97,,10846,72,,,2,97,,10838,72,,,2,98,,10847,72,,,2,100,,10836,72,,,2,100,,10843,72,,,2,99,,10844,72,,,2
7601,'SAM',502,,10892,27,,,2,100,,10866,72,,,2,25,,10875,72,,,2,104,,10878,72,,,2,100,,10877,72,,,2,101,,10881,72,,,2,68,,10885,72,,,2,30,,10882,72,,,2,70,,10888,72,,,2,30,,10876,72,,,2,70,,10884,72,,,2,32,,10883,72,,,2,70,,10890,72,,,2,29,,10863,72,,,2,73,,10879,72,,,2,31,,10862,72,,,2,69,,10880,72,,,2,33,,10887,72,,,2,67,,10891,72,,,2,30,,10864,72,,,2,70,,10886,72,,,2,30,,10868,72,,,2,70,,10889,72,,,2,31,,10865,72,,,2,103,,10871,72,,,2,97,,10873,72,,,2,97,,10869,72,,,2,98,,10867,72,,,2,100,,10872,72,,,2,100,,10870,72,,,2,99,,10874,72,,,2
7601,'SEM',521,,10893,72,,,2,92,,10914,72,,,2,27,,10921,72,,,2,65,,10929,72,,,2,24,,10899,72,,,2,12,,10924,72,,,2,14,,10901,72,,,2,55,,10922,72,,,2,24,,10926,72,,,2,20,,10896,72,,,2,65,,10900,72,,,2,22,,10894,72,,,2,70,,10923,72,,,2,30,,10897,72,,,2,69,,10919,72,,,2,31,,10895,72,,,2,70,,10925,72,,,2,30,,10904,72,,,2,70,,10920,72,,,2,32,,10903,72,,,2,72,,10906,72,,,2,31,,10928,72,,,2,73,,10907,72,,,2,30,,10898,72,,,2,78,,10927,72,,,2,27,,10902,72,,,2,65,,10905,72,,,2,24,,10911,72,,,2,68,,10915,72,,,2,30,,10917,72,,,2,73,,10913,72,,,2,23,,10909,72,,,2,69,,10918,72,,,2,100,,10916,72,,,2,100,,10908,72,,,2,99,,10910,72,,,2,103,,10912,72,,,2
