5504,'SEM',620,,9476,32,,,2,20,,9480,2,,,2,9,,9463,32,,,2,51,,9464,32,,,2,53,,9479,32,,,2,70,,9474,32,,,2,95,,9473,32,,,2,96,,9465,32,,,2,99,,9475,32,,,2,94,,9472,32,,,2,102,,9466,32,,,2,104,,9477,32,,,2,103,,9478,32,,,2,97,,9467,32,,,2,98,,9468,32,,,2,101,,9470,32,,,2,102,,9469,32,,,2,93,,9471,32,,,2
6104,'DIM',639,,9950,34,,,2,100,,9951,34,,,2,102,,9948,34,,,2,101,,9952,34,,,2,101,,9954,34,,,2,101,,9953,34,,,2,102,,9949,34,,,2,102,,9947,34,,,2,102,,9937,34,,,2,103,,9940,34,,,2,94,,9942,34,,,2,104,,9944,34,,,2,96,,9946,34,,,2,97,,9945,34,,,2,98,,9941,34,,,2,98,,9938,34,,,2,100,,9939,34,,,2,100,,9943,34,,,2
6104,'SAM',639,,9963,34,,,2,100,,9962,34,,,2,102,,9965,34,,,2,102,,9967,34,,,2,100,,9970,34,,,2,101,,9964,34,,,2,99,,9968,34,,,2,105,,9971,34,,,2,102,,9969,34,,,2,103,,9972,34,,,2,94,,9966,34,,,2,103,,9958,34,,,2,100,,9955,34,,,2,94,,9959,34,,,2,98,,9957,34,,,2,98,,9960,34,,,2,100,,9956,34,,,2,100,,9961,34,,,2
6104,'SEM',506,,9976,34,,,2,100,,9987,34,,,2,35,,9973,34,,,2,62,,9990,34,,,2,34,,9985,34,,,2,68,,9994,34,,,2,102,,9974,34,,,2,100,,9975,34,,,2,100,,9992,34,,,2,104,,9986,34,,,2,100,,9989,34,,,2,101,,9988,34,,,2,100,,9991,34,,,2,110,,9993,34,,,2,26,,9980,34,,,2,98,,9983,34,,,2,98,,9981,34,,,2,100,,9977,34,,,2,100,,9984,34,,,2,79,,9978,34,,,2,92,,9979,34,,,2,101,,9982,34,,,2
15104,'DIM',615,,11317,28,,,2,95,,11337,28,,,2,25,,11330,28,,,2,66,,11334,28,,,2,32,,11318,28,,,2,73,,11329,28,,,2,29,,11338,28,,,2,72,,11331,28,,,2,32,,11335,28,,,2,73,,11340,28,,,2,31,,11339,28,,,2,71,,11342,28,,,2,33,,11336,28,,,2,74,,11333,28,,,2,32,,11341,28,,,2,72,,11312,28,,,2,33,,11332,28,,,2,73,,11320,28,,,2,72,,11343,28,,,2,31,,11344,28,,,2,77,,11313,28,,,2,31,,11325,28,,,2,71,,11327,28,,,2,29,,11315,28,,,2,72,,11322,28,,,2,30,,11323,28,,,2,70,,11326,28,,,2,27,,11314,28,,,2,69,,11316,28,,,2,31,,11319,28,,,2,98,,11321,28,,,2,99,,11324,28,,,2,74,,11328,28,,,2
15104,'SAM',615,,11361,28,,,2,95,,11369,28,,,2,25,,11364,28,,,2,66,,11366,28,,,2,32,,11362,28,,,2,73,,11363,28,,,2,30,,11370,28,,,2,71,,11365,28,,,2,32,,11367,28,,,2,73,,11373,28,,,2,31,,11372,28,,,2,71,,11374,28,,,2,33,,11368,28,,,2,74,,11360,28,,,2,32,,11354,28,,,2,72,,11375,28,,,2,33,,11371,28,,,2,73,,11345,28,,,2,72,,11377,28,,,2,31,,11349,28,,,2,77,,11376,28,,,2,31,,11352,28,,,2,71,,11346,28,,,2,29,,11347,28,,,2,72,,11358,28,,,2,30,,11351,28,,,2,70,,11353,28,,,2,27,,11357,28,,,2,69,,11348,28,,,2,31,,11359,28,,,2,98,,11350,28,,,2,99,,11356,28,,,2,74,,11355,28,,,2
15104,'SEM',449,,11413,28,,,2,70,,11395,28,,,2,21,,11411,28,,,2,65,,11414,28,,,2,20,,11416,28,,,2,11,,11420,28,,,2,15,,11424,15,,,2,52,,11379,28,,,2,12,,11426,15,,,2,12,,11396,28,,,2,11,,11412,28,,,2,13,,11423,15,,,2,53,,11387,28,,,2,10,,11415,28,,,2,15,,11425,15,,,2,16,,11421,28,,,2,59,,11386,28,,,2,20,,11409,28,,,2,20,,11417,28,,,2,61,,11382,28,,,2,20,,11407,28,,,2,19,,11419,28,,,2,60,,11422,28,,,2,21,,11380,28,,,2,20,,11410,28,,,2,60,,11388,28,,,2,20,,11390,28,,,2,20,,11418,28,,,2,61,,11384,28,,,2,25,,11392,28,,,2,16,,11393,28,,,2,64,,11383,28,,,2,20,,11398,28,,,2,20,,11378,28,,,2,60,,11385,28,,,2,21,,11399,28,,,2,20,,11381,28,,,2,63,,11394,28,,,2,21,,11397,28,,,2,72,,11400,28,,,2,25,,11389,28,,,2,79,,11401,28,,,2,45,,11391,28,,,2,145,,11406,28,,,2,105,,11402,28,,,2,95,,11404,28,,,2,100,,11403,28,,,2,56,,11405,28,,,2,159,,11408,28,,,2
25504,'DIM',620,,11549,32,,,2,100,,11552,32,,,2,101,,11554,32,,,2,100,,11553,32,,,2,102,,11555,32,,,2,99,,11550,32,,,2,100,,11556,32,,,2,102,,11551,32,,,2,100,,11557,32,,,2,102,,11543,32,,,2,100,,11558,32,,,2,100,,11544,32,,,2,101,,11559,32,,,2,99,,11547,32,,,2,98,,11560,32,,,2,98,,11548,32,,,2,98,,11546,32,,,2,100,,11545,32,,,2
25504,'SAM',620,,11569,32,,,2,100,,11574,32,,,2,101,,11565,32,,,2,100,,11575,32,,,2,102,,11566,32,,,2,99,,11570,32,,,2,100,,11572,32,,,2,102,,11571,32,,,2,100,,11573,32,,,2,102,,11561,32,,,2,100,,11576,32,,,2,100,,11562,32,,,2,101,,11577,32,,,2,99,,11568,32,,,2,98,,11563,32,,,2,98,,5119,32,,,2,98,,11564,32,,,2,100,,11567,32,,,2
25504,'SEM',457,,11578,32,,,2,72,,11583,32,,,2,1528,,11582,32,,,2,99,,11580,32,,,2,95,,11579,32,,,2,94,,11581,32,,,2
