3903,'DIM',921,,8065,7,,,1,30,,8070,7,,,1,70,,8071,7,,,1,30,,8068,7,,,1,74,,8069,7,,,1,26,,8072,7,,,1,69,,8062,7,,,1,31,,8066,7,,,1,70,,8063,7,,,1,30,,8049,7,,,1,70,,8052,7,,,1,31,,8055,7,,,1,70,,8067,7,,,1,31,,8056,7,,,1,71,,8057,7,,,1,25,,8058,7,,,1,58,,8064,7,,,1,10,,8059,7,,,1,24,,8053,7,,,1,65,,8060,7,,,1,100,,8050,7,,,1,100,,8061,7,,,1,99,,8051,7,,,1,104,,8054,7,,,1
3903,'SAM',921,,8092,7,,,1,30,,8096,7,,,1,70,,8073,7,,,1,30,,8087,7,,,1,74,,8090,7,,,1,26,,8089,7,,,1,70,,8074,7,,,1,30,,8088,7,,,1,70,,8091,7,,,1,30,,8075,7,,,1,70,,8094,7,,,1,31,,8078,7,,,1,70,,8079,7,,,1,31,,8081,7,,,1,71,,8095,7,,,1,25,,8082,7,,,1,58,,8093,7,,,1,11,,8080,7,,,1,23,,8077,7,,,1,69,,8076,7,,,1,98,,8084,7,,,1,98,,8083,7,,,1,99,,8086,7,,,1,104,,8085,7,,,1
3903,'SEM',711,,8120,7,,,1,99,,8102,7,,,1,104,,8100,7,,,1,33,,8104,7,,,1,69,,8121,7,,,1,31,,8122,7,,,1,68,,8115,7,,,1,31,,8119,7,,,1,67,,8123,7,,,1,38,,8099,7,,,1,73,,8106,7,,,1,27,,8108,7,,,1,71,,8109,7,,,1,34,,8098,7,,,1,77,,8116,7,,,1,23,,8110,7,,,1,68,,8101,7,,,1,25,,8103,7,,,1,75,,8111,7,,,1,80,,8112,7,,,1,40,,8105,7,,,1,99,,8107,7,,,1,97,,8113,7,,,1,103,,8117,7,,,1,99,,8114,7,,,1,88,,8118,7,,,1
4201,'DIM',512,,8340,11,,,2,102,,8364,11,,,2,30,,8381,11,,,2,70,,1716,11,,,2,31,,8365,11,,,2,71,,8370,11,,,2,27,,8374,11,,,2,71,,8377,11,,,2,31,,8369,11,,,2,66,,8372,11,,,2,35,,8371,11,,,2,60,,8357,11,,,2,23,,8362,11,,,2,18,,8361,11,,,2,62,,8363,11,,,2,18,,8367,11,,,2,20,,8366,11,,,2,58,,8384,11,,,2,22,,8378,11,,,2,21,,8373,11,,,2,60,,1723,11,,,2,21,,8380,11,,,2,20,,8344,11,,,2,60,,8346,11,,,2,20,,8347,11,,,2,21,,8379,11,,,2,58,,8368,11,,,2,21,,8375,11,,,2,20,,8345,11,,,2,55,,8383,11,,,2,15,,8382,11,,,2,14,,8356,11,,,2,14,,8376,11,,,2,58,,8342,11,,,2,32,,8341,11,,,2,70,,8352,11,,,2,30,,8339,11,,,2,70,,8348,11,,,2,29,,8359,11,,,2,70,,8343,11,,,2,31,,8350,11,,,2,70,,8354,11,,,2,30,,8355,11,,,2,70,,8349,11,,,2,35,,8353,11,,,2,70,,8351,11,,,2,34,,8358,11,,,2,75,,8360,11,,,2
4201,'SAM',512,,8385,11,,,2,102,,8413,11,,,2,30,,8388,11,,,2,70,,8420,11,,,2,31,,8416,11,,,2,71,,8415,11,,,2,27,,8419,11,,,2,71,,8426,11,,,2,31,,8431,11,,,2,65,,8424,11,,,2,36,,8410,11,,,2,60,,8422,11,,,2,22,,8414,11,,,2,19,,8405,11,,,2,61,,8412,11,,,2,19,,8386,11,,,2,20,,8418,11,,,2,58,,8417,11,,,2,22,,8411,11,,,2,21,,8421,11,,,2,60,,8387,11,,,2,20,,8423,11,,,2,20,,8427,11,,,2,61,,8391,11,,,2,20,,8429,11,,,2,21,,8432,11,,,2,59,,8433,11,,,2,19,,8397,11,,,2,21,,8430,11,,,2,54,,8399,11,,,2,16,,8425,11,,,2,14,,8401,11,,,2,16,,8428,11,,,2,56,,8404,11,,,2,36,,8389,11,,,2,66,,8392,11,,,2,30,,8408,11,,,2,70,,8394,11,,,2,29,,8396,11,,,2,73,,8390,11,,,2,27,,8393,11,,,2,70,,8395,11,,,2,31,,8398,11,,,2,70,,8400,11,,,2,35,,8402,11,,,2,70,,8409,11,,,2,34,,8403,11,,,2,75,,8407,11,,,2,30,,8406,11,,,2
4201,'SEM',613,,8483,11,,,2,29,,8436,11,,,2,17,,8478,11,,,2,60,,8481,11,,,2,21,,8484,11,,,2,62,,8482,11,,,2,19,,8437,11,,,2,19,,8477,11,,,2,62,,8434,11,,,2,19,,8440,11,,,2,19,,8467,11,,,2,63,,8479,11,,,2,18,,8480,11,,,2,23,,8442,11,,,2,57,,8464,11,,,2,23,,8444,11,,,2,20,,8445,11,,,2,59,,8446,11,,,2,22,,8439,11,,,2,15,,8448,11,,,2,63,,8449,11,,,2,19,,8450,11,,,2,21,,8438,11,,,2,61,,8454,11,,,2,20,,8485,11,,,2,19,,8458,11,,,2,59,,8459,11,,,2,20,,8460,11,,,2,14,,8462,11,,,2,12,,8435,11,,,2,53,,8441,11,,,2,11,,8453,11,,,2,13,,8465,11,,,2,14,,8468,11,,,2,15,,8456,11,,,2,55,,8452,11,,,2,14,,8451,11,,,2,15,,8472,11,,,2,15,,8474,11,,,2,55,,8443,11,,,2,15,,8476,11,,,2,23,,8469,11,,,2,54,,8473,11,,,2,22,,8447,11,,,2,27,,8475,11,,,2,71,,8455,11,,,2,28,,8457,11,,,2,73,,8461,11,,,2,28,,8463,11,,,2,107,,8466,11,,,2,93,,8471,11,,,2,84,,8470,11,,,2
5001,'DIM',523,,9169,7,,,1,100,,9177,7,,,1,100,,9165,7,,,1,96,,9182,7,,,1,100,,9174,7,,,1,33,,9184,7,,,1,77,,9176,7,,,1,23,,9189,7,,,1,78,,9187,7,,,1,22,,9188,7,,,1,75,,9190,7,,,1,29,,9175,7,,,1,72,,9178,7,,,1,76,,9191,7,,,1,29,,9180,7,,,1,73,,9179,7,,,1,30,,9185,7,,,1,23,,9183,7,,,1,74,,9181,7,,,1,81,,9186,7,,,1,18,,9167,7,,,1,100,,9170,7,,,1,99,,9173,7,,,1,100,,9166,7,,,1,99,,9171,7,,,1,99,,9168,7,,,1,100,,9172,7,,,1
5001,'SAM',523,,9199,7,,,1,100,,9202,7,,,1,100,,9193,7,,,1,96,,9214,7,,,1,100,,9212,7,,,1,39,,9217,7,,,1,70,,9210,7,,,1,24,,9194,7,,,1,78,,9218,7,,,1,22,,9216,7,,,1,75,,9195,7,,,1,29,,9206,7,,,1,72,,9208,7,,,1,76,,9211,7,,,1,29,,9207,7,,,1,73,,9209,7,,,1,30,,9197,7,,,1,23,,9198,7,,,1,74,,9192,7,,,1,79,,9213,7,,,1,21,,9215,7,,,1,99,,9203,7,,,1,99,,9205,7,,,1,100,,9204,7,,,1,99,,9200,7,,,1,99,,9196,7,,,1,100,,9201,7,,,1
5001,'SEM',512,,9241,7,,,1,104,,9246,7,,,1,35,,9242,7,,,1,63,,9220,7,,,1,36,,9219,7,,,1,64,,9222,7,,,1,31,,9249,7,,,1,67,,9250,7,,,1,33,,9245,7,,,1,67,,9221,7,,,1,33,,9225,7,,,1,68,,9244,7,,,1,32,,9231,7,,,1,70,,9247,7,,,1,30,,9226,7,,,1,72,,9243,7,,,1,28,,9248,7,,,1,70,,9224,7,,,1,42,,9223,7,,,1,66,,9235,7,,,1,36,,9227,7,,,1,69,,9228,7,,,1,29,,9234,7,,,1,70,,9229,7,,,1,75,,9233,7,,,1,30,,9236,7,,,1,75,,9237,7,,,1,105,,9232,7,,,1,105,,9230,7,,,1,104,,9239,7,,,1,105,,9238,7,,,1,107,,9240,7,,,1
6001,'DIM',803,,9768,34,,,1,103,,9776,34,,,1,101,,9774,34,,,1,103,,9775,34,,,1,101,,9777,34,,,1,102,,9780,34,,,1,102,,9778,34,,,1,100,,9781,34,,,1,100,,9779,34,,,1,102,,9782,34,,,1,93,,9783,34,,,1,99,,9770,34,,,1,98,,9772,34,,,1,98,,9771,34,,,1,99,,9773,34,,,1,99,,9767,34,,,1,100,,9769,34,,,1
6001,'SAM',701,,9790,34,,,1,102,,9795,34,,,1,103,,9786,34,,,1,101,,9798,34,,,1,102,,9800,34,,,1,102,,9796,34,,,1,102,,9799,34,,,1,102,,9797,34,,,1,100,,9785,34,,,1,100,,9801,34,,,1,102,,9784,34,,,1,93,,9788,34,,,1,100,,9793,34,,,1,97,,9789,34,,,1,98,,9791,34,,,1,99,,9794,34,,,1,99,,9787,34,,,1,100,,9792,34,,,1
6001,'SEM',545,,9816,34,,,1,101,,9802,34,,,1,86,,9820,34,,,1,77,,9814,34,,,1,36,,9818,34,,,1,101,,9804,34,,,1,100,,9821,34,,,1,101,,9819,34,,,1,104,,9805,34,,,1,100,,9803,34,,,1,100,,9815,34,,,1,102,,9817,34,,,1,99,,9806,34,,,1,103,,9810,34,,,1,98,,9808,34,,,1,90,,9813,34,,,1,98,,9811,34,,,1,99,,9807,34,,,1,99,,9809,34,,,1,94,,9812,34,,,1
6104,'DIM',655,,9950,56,,,2,100,,9951,56,,,2,103,,9948,56,,,2,143,,9952,56,,,2,101,,9954,56,,,2,102,,9953,56,,,2,102,,9949,56,,,2,102,,9947,56,,,2,102,,9937,56,,,2,103,,9940,56,,,2,94,,9942,56,,,2,102,,9944,56,,,2,96,,9946,56,,,2,97,,9945,56,,,2,98,,9941,56,,,2,58,,9938,56,,,2,99,,9939,56,,,2,99,,9943,56,,,2
6104,'SAM',655,,9963,56,,,2,100,,9962,56,,,2,103,,9965,56,,,2,144,,9967,56,,,2,100,,9970,56,,,2,102,,9964,56,,,2,99,,9968,56,,,2,105,,9971,56,,,2,102,,9969,56,,,2,103,,9972,56,,,2,94,,9966,56,,,2,101,,9958,56,,,2,100,,9955,56,,,2,94,,9959,56,,,2,98,,9957,56,,,2,58,,9960,56,,,2,99,,9956,56,,,2,99,,9961,56,,,2
6104,'SEM',522,,9976,56,,,2,100,,9987,56,,,2,35,,9973,56,,,2,62,,9990,56,,,2,36,,9985,56,,,2,69,,9994,56,,,2,102,,9974,56,,,2,100,,9975,56,,,2,102,,9992,56,,,2,104,,9986,56,,,2,100,,9989,56,,,2,102,,9988,56,,,2,100,,9991,56,,,2,111,,9993,56,,,2,66,,9980,56,,,2,97,,9983,56,,,2,96,,9981,56,,,2,100,,9977,56,,,2,98,,9984,56,,,2,39,,9978,56,,,2,90,,9979,56,,,2,101,,9982,56,,,2
6304,'DIM',749,,10080,48,,,1,102,,10076,48,,,1,101,,10078,48,,,1,102,,10072,48,,,1,99,,10077,48,,,1,104,,10082,48,,,1,96,,10079,48,,,1,102,,10083,48,,,1,103,,10081,48,,,1,100,,10084,48,,,1,99,,10085,48,,,1,99,,10073,48,,,1,99,,10069,48,,,1,98,,10070,48,,,1,99,,10074,48,,,1,98,,10071,48,,,1,99,,10075,48,,,1
6304,'SAM',649,,10099,48,,,1,100,,10097,48,,,1,102,,10102,48,,,1,101,,10098,48,,,1,102,,10096,48,,,1,99,,10101,48,,,1,104,,10100,48,,,1,96,,10104,48,,,1,102,,10103,48,,,1,103,,10086,48,,,1,142,,10087,48,,,1,57,,10088,48,,,1,99,,10090,48,,,1,99,,10089,48,,,1,98,,10094,48,,,1,99,,10091,48,,,1,98,,10092,48,,,1,99,,10095,48,,,1,98,,10093,48,,,1
6304,'SEM',504,,10132,48,,,1,111,,10128,48,,,1,30,,10137,48,,,1,71,,10120,48,,,1,16,,10131,48,,,1,27,,10134,48,,,1,66,,10136,48,,,1,19,,10135,48,,,1,70,,10109,48,,,1,30,,10110,48,,,1,71,,10111,48,,,1,30,,10105,48,,,1,65,,10108,48,,,1,30,,10133,48,,,1,72,,10123,48,,,1,30,,10116,48,,,1,66,,10129,48,,,1,38,,10106,48,,,1,67,,10107,48,,,1,32,,10117,48,,,1,71,,10130,48,,,1,39,,10138,48,,,1,70,,10113,48,,,1,24,,10112,48,,,1,74,,10118,48,,,1,16,,10115,48,,,1,68,,10124,48,,,1,29,,10119,48,,,1,77,,10122,48,,,1,97,,10114,48,,,1,40,,10125,48,,,1,91,,10127,48,,,1,93,,10121,48,,,1,99,,10126,48,,,1
6504,'DIM',723,,10223,64,,,2,102,,10221,64,,,2,101,,10224,64,,,2,102,,10226,64,,,2,102,,10228,64,,,2,102,,10225,64,,,2,99,,10222,64,,,2,102,,10230,64,,,2,106,,10227,64,,,2,95,,10229,64,,,2,97,,10216,64,,,2,101,,10218,64,,,2,97,,10217,64,,,2,98,,10219,64,,,2,100,,10220,64,,,2,96,,10214,64,,,2,100,,10215,64,,,2
6504,'SAM',723,,10240,64,,,2,102,,10239,64,,,2,101,,10243,64,,,2,102,,10242,64,,,2,102,,10244,64,,,2,101,,10246,64,,,2,99,,10247,64,,,2,103,,10245,64,,,2,105,,10241,64,,,2,96,,10231,64,,,2,97,,10233,64,,,2,101,,10236,64,,,2,99,,10237,64,,,2,96,,3667,64,,,2,100,,10238,64,,,2,96,,10235,64,,,2,100,,10232,64,,,2,99,,10234,64,,,2
6504,'SEM',541,,10271,64,,,2,86,,10281,64,,,2,26,,10250,64,,,2,60,,10259,64,,,2,16,,10266,64,,,2,12,,10279,64,,,2,10,,10249,64,,,2,50,,10280,64,,,2,10,,10276,64,,,2,23,,10251,64,,,2,70,,10253,64,,,2,32,,10268,64,,,2,69,,10284,64,,,2,33,,10254,64,,,2,71,,10255,64,,,2,27,,10273,64,,,2,75,,10256,64,,,2,27,,10283,64,,,2,80,,10277,64,,,2,20,,10278,64,,,2,70,,10282,64,,,2,30,,10258,64,,,2,70,,10261,64,,,2,38,,10252,64,,,2,67,,10265,64,,,2,40,,10267,64,,,2,73,,10248,64,,,2,20,,10260,64,,,2,64,,10257,64,,,2,36,,10272,64,,,2,72,,10274,64,,,2,86,,10263,64,,,2,99,,10262,64,,,2,98,,10264,64,,,2,99,,10269,64,,,2,59,,10270,64,,,2,98,,10275,64,,,2
7002,'DIM',617,,10507,64,,,1,40,,10506,64,,,1,90,,10489,87,,,1,103,,10496,87,,,1,101,,3943,87,,,1,102,,10492,87,,,1,68,,10493,87,,,1,34,,10495,87,,,1,69,,10485,87,,,1,25,,10494,87,,,1,75,,10491,87,,,1,25,,10500,87,,,1,79,,10498,87,,,1,28,,10501,87,,,1,76,,10483,87,,,1,25,,10497,87,,,1,71,,10503,87,,,1,23,,10499,87,,,1,78,,10502,87,,,1,27,,10487,87,,,1,75,,10505,87,,,1,73,,3946,87,,,1,97,,10504,87,,,1,54,,10482,87,,,1,95,,10484,87,,,1,97,,10488,87,,,1,99,,10486,87,,,1,103,,10490,87,,,1
7002,'SAM',617,,10534,64,,,1,40,,10535,64,,,1,89,,10532,87,,,1,104,,10512,87,,,1,101,,10520,87,,,1,102,,10519,87,,,1,65,,10528,87,,,1,37,,10533,87,,,1,69,,10530,87,,,1,24,,10524,87,,,1,75,,10523,87,,,1,26,,10522,87,,,1,79,,10525,87,,,1,76,,10521,87,,,1,27,,10531,87,,,1,25,,10529,87,,,1,68,,10527,87,,,1,26,,10526,87,,,1,79,,10515,87,,,1,28,,10511,87,,,1,75,,10513,87,,,1,73,,10508,87,,,1,96,,10517,87,,,1,54,,10509,87,,,1,96,,10510,87,,,1,96,,10516,87,,,1,99,,10514,87,,,1,103,,10518,87,,,1
7002,'SEM',625,,10541,87,,,1,99,,10561,87,,,1,26,,10562,87,,,1,73,,10540,87,,,1,77,,10543,87,,,1,27,,10545,87,,,1,29,,10560,87,,,1,70,,10538,87,,,1,30,,10567,87,,,1,71,,10546,87,,,1,28,,10568,87,,,1,73,,10563,87,,,1,26,,10565,87,,,1,74,,10564,87,,,1,30,,10539,87,,,1,70,,10566,87,,,1,25,,10559,87,,,1,76,,10544,87,,,1,73,,10547,87,,,1,31,,10542,87,,,1,70,,10536,87,,,1,33,,10537,87,,,1,66,,10550,87,,,1,31,,10551,87,,,1,24,,10555,87,,,1,70,,10554,87,,,1,90,,10552,87,,,1,41,,10556,87,,,1,92,,10548,87,,,1,151,,10553,87,,,1,106,,10549,87,,,1,96,,10558,87,,,1,105,,10557,87,,,1
7601,'DIM',509,,10861,39,,,2,100,,10834,84,,,2,25,,10848,84,,,2,104,,10849,84,,,2,101,,10841,84,,,2,101,,10853,84,,,2,68,,10858,84,,,2,30,,10855,84,,,2,71,,10851,84,,,2,30,,10852,84,,,2,70,,10832,84,,,2,31,,10856,84,,,2,71,,10854,84,,,2,29,,10839,84,,,2,73,,10859,84,,,2,31,,10860,84,,,2,69,,10831,84,,,2,33,,10842,84,,,2,67,,10850,84,,,2,30,,10835,84,,,2,70,,10837,84,,,2,29,,10833,84,,,2,69,,10840,84,,,2,29,,10857,84,,,2,105,,10845,84,,,2,97,,10846,84,,,2,97,,10838,84,,,2,98,,10847,84,,,2,100,,10836,84,,,2,100,,10843,84,,,2,99,,10844,84,,,2
7601,'SAM',509,,10892,39,,,2,100,,10866,84,,,2,25,,10875,84,,,2,104,,10878,84,,,2,101,,10877,84,,,2,101,,10881,84,,,2,68,,10885,84,,,2,30,,10882,84,,,2,71,,10888,84,,,2,30,,10876,84,,,2,70,,10884,84,,,2,32,,10883,84,,,2,70,,10890,84,,,2,29,,10863,84,,,2,73,,10879,84,,,2,31,,10862,84,,,2,69,,10880,84,,,2,33,,10887,84,,,2,67,,10891,84,,,2,30,,10864,84,,,2,70,,10886,84,,,2,29,,10868,84,,,2,69,,10889,84,,,2,31,,10865,84,,,2,103,,10871,84,,,2,97,,10873,84,,,2,97,,10869,84,,,2,98,,10867,84,,,2,100,,10872,84,,,2,100,,10870,84,,,2,99,,10874,84,,,2
7601,'SEM',528,,10893,84,,,2,92,,10914,84,,,2,27,,10921,84,,,2,65,,10929,84,,,2,24,,10899,84,,,2,12,,10924,84,,,2,55,,10901,84,,,2,16,,10922,84,,,2,24,,10926,84,,,2,60,,10896,84,,,2,25,,10900,84,,,2,22,,10894,84,,,2,70,,10923,84,,,2,30,,10897,84,,,2,69,,10919,84,,,2,31,,10895,84,,,2,70,,10925,84,,,2,31,,10904,84,,,2,70,,10920,84,,,2,32,,10903,84,,,2,72,,10906,84,,,2,31,,10928,84,,,2,73,,10907,84,,,2,30,,10898,84,,,2,78,,10927,84,,,2,66,,10902,84,,,2,25,,10905,84,,,2,24,,10911,84,,,2,67,,10915,84,,,2,30,,10917,84,,,2,72,,10913,84,,,2,23,,10909,84,,,2,69,,10918,84,,,2,100,,10916,84,,,2,100,,10908,84,,,2,99,,10910,84,,,2,103,,10912,84,,,2
90301,'DIM',854,,11665,57,,,2,105,,11663,57,,,2,141,,11666,57,,,2,57,,11664,57,,,2,99,,11670,57,,,2,102,,11669,57,,,2,101,,11671,57,,,2,144,,11667,57,,,2,56,,11668,57,,,2,144,,5232,57,,,2
90301,'SAM',656,,5244,57,,,2,102,,11676,57,,,2,96,,11678,57,,,2,105,,11677,57,,,2,100,,11680,57,,,2,96,,11679,57,,,2,101,,11681,57,,,2,102,,11675,57,,,2,100,,11682,57,,,2,145,,11672,57,,,2,56,,11674,57,,,2,100,,11673,57,,,2
90301,'SEM',541,,11691,57,,,2,80,,11694,57,,,2,22,,11699,57,,,2,12,,11701,57,,,2,52,,11698,57,,,2,10,,11700,57,,,2,10,,11683,57,,,2,16,,11686,57,,,2,61,,11693,57,,,2,25,,11695,57,,,2,30,,11702,57,,,2,143,,11685,57,,,2,100,,11690,57,,,2,99,,11684,57,,,2,100,,11697,57,,,2,101,,11696,57,,,2,100,,11688,57,,,2,42,,11703,57,,,2,107,,11689,57,,,2,105,,11687,57,,,2,92,,11692,57,,,2
