1703,'DIM',635,,6801,48,,,1,89,,6794,48,,,1,101,,100,48,,,1,102,,6796,48,,,1,97,,6797,48,,,1,102,,6793,48,,,1,100,,6799,48,,,1,100,,6795,48,,,1,102,,6798,48,,,1,100,,6800,48,,,1,102,,6783,48,,,1,98,,6787,48,,,1,98,,6786,48,,,1,101,,6785,48,,,1,98,,6788,48,,,1,98,,6791,48,,,1,100,,6784,48,,,1,100,,6789,48,,,1,102,,6790,48,,,1,117,,6792,48,,,1
1703,'SAM',557,,6813,48,,,1,78,,6819,48,,,1,89,,121,48,,,1,101,,6810,48,,,1,102,,6812,48,,,1,97,,6814,48,,,1,101,,6818,48,,,1,101,,6816,48,,,1,101,,6811,48,,,1,101,,6817,48,,,1,100,,6815,48,,,1,102,,6820,48,,,1,99,,6821,48,,,1,98,,6802,48,,,1,100,,6807,48,,,1,98,,6804,48,,,1,98,,6803,48,,,1,100,,6805,48,,,1,100,,6808,48,,,1,102,,6809,48,,,1,117,,6806,48,,,1
1703,'SEM',617,,6839,48,,,1,104,,6841,48,,,1,106,,6840,48,,,1,96,,6825,48,,,1,101,,6838,48,,,1,101,,6837,48,,,1,101,,6843,48,,,1,101,,6826,48,,,1,100,,6823,48,,,1,99,,6842,48,,,1,75,,6845,48,,,1,20,,6844,48,,,1,36,,6822,48,,,1,63,,6833,48,,,1,37,,6824,48,,,1,79,,6827,48,,,1,70,,6830,48,,,1,27,,6835,48,,,1,99,,6836,48,,,1,100,,6828,48,,,1,99,,6829,48,,,1,99,,6831,48,,,1,99,,6832,48,,,1,102,,6834,48,,,1
3903,'DIM',858,,1407,61,,,1,100,,8065,71,,,1,70,,8070,71,,,1,31,,8071,71,,,1,70,,8068,71,,,1,74,,8069,71,,,1,26,,8072,71,,,1,29,,8062,71,,,1,71,,8066,71,,,1,30,,8063,71,,,1,71,,8049,71,,,1,70,,8052,71,,,1,32,,8055,71,,,1,70,,8067,71,,,1,31,,8056,71,,,1,70,,8057,71,,,1,25,,8058,71,,,1,18,,8064,71,,,1,10,,8059,71,,,1,64,,8053,71,,,1,25,,8060,71,,,1,99,,8050,71,,,1,99,,8061,71,,,1,98,,8051,71,,,1,104,,8054,71,,,1
3903,'SAM',858,,8097,61,,,1,100,,8092,71,,,1,70,,8096,71,,,1,31,,8073,71,,,1,70,,8087,71,,,1,74,,8090,71,,,1,26,,8089,71,,,1,30,,8074,71,,,1,70,,8088,71,,,1,30,,8091,71,,,1,71,,8075,71,,,1,70,,8094,71,,,1,32,,8078,71,,,1,70,,8079,71,,,1,31,,8081,71,,,1,70,,8095,71,,,1,25,,8082,71,,,1,18,,8093,71,,,1,11,,8080,71,,,1,63,,8077,71,,,1,29,,8076,71,,,1,97,,8084,71,,,1,97,,8083,71,,,1,98,,8086,71,,,1,104,,8085,71,,,1
3903,'SEM',750,,8120,71,,,1,101,,8102,71,,,1,104,,8100,71,,,1,72,,8104,71,,,1,29,,8121,71,,,1,71,,8122,71,,,1,29,,8115,71,,,1,71,,8119,71,,,1,28,,8123,71,,,1,78,,8099,71,,,1,74,,8106,71,,,1,27,,8108,71,,,1,72,,8109,71,,,1,35,,8098,71,,,1,78,,8116,71,,,1,23,,8110,71,,,1,68,,8101,71,,,1,24,,8103,71,,,1,73,,8111,71,,,1,39,,8112,71,,,1,79,,8105,71,,,1,99,,8107,71,,,1,95,,8113,71,,,1,102,,8117,71,,,1,95,,8114,71,,,1,87,,8118,71,,,1
4503,'DIM',702,,8779,49,,,1,100,,8789,49,,,1,101,,8787,49,,,1,99,,8793,49,,,1,101,,8788,49,,,1,98,,8791,49,,,1,105,,8781,49,,,1,101,,8785,49,,,1,98,,8778,49,,,1,102,,8776,49,,,1,52,,8790,49,,,1,142,,8792,49,,,1,103,,8777,49,,,1,102,,8786,49,,,1,101,,8780,49,,,1,99,,8783,49,,,1,99,,8784,49,,,1,101,,8782,49,,,1
4503,'SAM',702,,8807,49,,,1,100,,8803,49,,,1,101,,8806,49,,,1,99,,8805,49,,,1,101,,8795,49,,,1,97,,8804,49,,,1,106,,8808,49,,,1,100,,8799,49,,,1,101,,8810,49,,,1,101,,8809,49,,,1,51,,8811,49,,,1,145,,8794,49,,,1,100,,8801,49,,,1,102,,8796,49,,,1,101,,8800,49,,,1,99,,8798,49,,,1,99,,8802,49,,,1,101,,8797,49,,,1
4503,'SEM',653,,8817,49,,,1,58,,8815,49,,,1,34,,8812,49,,,1,68,,8832,49,,,1,25,,8816,49,,,1,79,,8814,49,,,1,25,,8833,49,,,1,110,,8831,49,,,1,100,,8820,49,,,1,96,,8818,49,,,1,100,,8834,49,,,1,103,,8813,49,,,1,106,,8835,49,,,1,68,,8822,49,,,1,87,,8825,49,,,1,18,,8819,49,,,1,17,,8826,49,,,1,71,,8828,49,,,1,39,,8824,49,,,1,97,,8823,49,,,1,100,,8827,49,,,1,100,,8830,49,,,1,99,,8821,49,,,1,95,,8829,49,,,1
7401,'DIM',742,,10736,50,,,2,100,,10737,50,,,2,102,,10740,50,,,2,98,,10739,50,,,2,101,,10741,50,,,2,100,,10738,50,,,2,101,,10735,50,,,2,99,,10734,50,,,2,102,,10742,50,,,2,98,,10728,50,,,2,102,,10729,50,,,2,99,,10731,50,,,2,98,,10732,50,,,2,99,,10733,50,,,2,101,,10727,50,,,2,99,,10726,50,,,2,100,,10730,50,,,2
7401,'SAM',742,,10751,50,,,2,100,,10753,50,,,2,102,,10752,50,,,2,99,,10755,50,,,2,100,,10757,50,,,2,100,,10759,50,,,2,102,,10754,50,,,2,98,,10758,50,,,2,101,,10756,50,,,2,99,,10743,50,,,2,101,,10746,50,,,2,101,,10748,50,,,2,98,,10747,50,,,2,98,,10749,50,,,2,101,,10744,50,,,2,99,,10750,50,,,2,100,,10745,50,,,2
7401,'SEM',645,,10776,50,,,2,96,,10760,50,,,2,101,,10775,50,,,2,103,,10764,50,,,2,101,,10765,50,,,2,101,,10779,50,,,2,100,,10763,50,,,2,101,,10778,50,,,2,100,,10777,50,,,2,93,,10762,50,,,2,95,,10766,50,,,2,101,,10761,50,,,2,70,,10768,50,,,2,42,,10774,50,,,2,99,,10767,50,,,2,101,,10770,50,,,2,100,,10771,50,,,2,99,,10769,50,,,2,99,,10772,50,,,2,95,,10773,50,,,2
