1704,'DIM',510,,6858,40,,,1,90,,6859,40,,,1,101,,6863,40,,,1,103,,6857,40,,,1,101,,165,40,,,1,101,,6861,40,,,1,101,,6862,40,,,1,100,,6864,40,,,1,101,,6865,40,,,1,101,,6860,40,,,1,102,,6846,40,,,1,99,,6847,40,,,1,100,,6850,40,,,1,100,,6852,40,,,1,98,,6851,40,,,1,98,,6849,40,,,1,100,,6853,40,,,1,98,,6856,40,,,1,99,,6848,40,,,1,99,,6854,40,,,1,56,,6855,40,,,1
1704,'SAM',510,,6878,40,,,1,90,,6879,40,,,1,101,,6885,40,,,1,103,,6882,40,,,1,101,,6877,40,,,1,101,,6881,40,,,1,101,,6886,40,,,1,100,,6884,40,,,1,101,,6883,40,,,1,101,,6880,40,,,1,101,,6867,40,,,1,100,,6868,40,,,1,101,,6870,40,,,1,99,,6872,40,,,1,98,,6866,40,,,1,98,,6874,40,,,1,100,,6871,40,,,1,98,,6869,40,,,1,99,,6873,40,,,1,99,,6875,40,,,1,56,,6876,40,,,1
1704,'SEM',522,,6901,40,,,1,94,,6906,40,,,1,22,,6909,40,,,1,62,,6888,40,,,1,27,,6892,40,,,1,76,,6893,40,,,1,21,,6887,40,,,1,98,,6890,40,,,1,85,,6891,40,,,1,100,,6894,40,,,1,100,,6905,40,,,1,100,,6907,40,,,1,100,,6896,40,,,1,102,,6908,40,,,1,101,,6889,40,,,1,105,,6897,40,,,1,95,,6895,40,,,1,97,,6898,40,,,1,100,,6903,40,,,1,100,,6904,40,,,1,99,,6899,40,,,1,100,,6900,40,,,1,99,,6902,40,,,1
2704,'DIM',757,,7675,45,,,2,101,,7676,45,,,2,100,,7671,45,,,2,99,,7673,45,,,2,98,,7674,45,,,2,103,,7670,45,,,2,95,,7677,45,,,2,147,,7672,45,,,2,100,,7663,45,,,2,100,,7667,45,,,2,100,,7668,45,,,2,59,,7664,45,,,2,100,,7666,45,,,2,98,,7665,45,,,2,100,,7669,45,,,2,100,,7662,45,,,2
2704,'SAM',656,,7690,45,,,2,101,,7686,45,,,2,101,,7687,45,,,2,100,,7685,45,,,2,99,,7694,45,,,2,100,,7689,45,,,2,101,,7692,45,,,2,94,,7688,45,,,2,148,,7691,45,,,2,100,,7681,45,,,2,100,,7682,45,,,2,53,,7684,45,,,2,106,,7693,45,,,2,100,,7680,45,,,2,98,,7683,45,,,2,100,,7678,45,,,2,100,,7679,45,,,2
2704,'SEM',620,,7716,45,,,2,28,,7696,45,,,2,68,,7713,45,,,2,28,,7699,45,,,2,67,,7700,45,,,2,28,,7718,45,,,2,66,,7715,45,,,2,49,,7714,45,,,2,100,,7703,45,,,2,148,,7695,45,,,2,55,,7717,45,,,2,88,,7698,45,,,2,106,,7697,45,,,2,107,,7708,45,,,2,77,,7709,45,,,2,80,,7704,45,,,2,13,,7701,45,,,2,30,,7702,45,,,2,71,,7706,45,,,2,75,,7711,45,,,2,100,,7707,45,,,2,45,,7710,45,,,2,95,,7705,45,,,2,104,,7712,45,,,2
3104,'DIM',630,,7789,50,,,1,104,,7790,50,,,1,100,,7788,50,,,1,102,,7794,50,,,1,101,,7795,50,,,1,100,,7793,50,,,1,100,,7791,50,,,1,103,,7779,50,,,1,101,,7792,50,,,1,100,,7778,50,,,1,101,,7777,50,,,1,99,,7782,50,,,1,97,,7784,50,,,1,102,,7783,50,,,1,96,,7785,50,,,1,99,,7781,50,,,1,99,,7780,50,,,1,98,,7786,50,,,1,102,,7787,50,,,1
3104,'SAM',530,,1137,50,,,1,100,,7805,50,,,1,104,,7808,50,,,1,100,,7807,50,,,1,102,,7810,50,,,1,101,,7813,50,,,1,100,,7814,50,,,1,100,,7809,50,,,1,102,,7804,50,,,1,101,,7811,50,,,1,101,,7806,50,,,1,101,,7812,50,,,1,100,,7800,50,,,1,97,,7802,50,,,1,99,,7798,50,,,1,99,,7803,50,,,1,98,,7796,50,,,1,99,,7797,50,,,1,98,,7799,50,,,1,102,,7801,50,,,1
3104,'SEM',454,,7823,50,,,1,77,,7824,50,,,1,92,,7835,50,,,1,21,,7837,50,,,1,64,,7817,50,,,1,34,,7836,50,,,1,68,,7833,50,,,1,29,,7831,50,,,1,75,,7832,50,,,1,22,,7834,50,,,1,100,,7815,50,,,1,102,,7816,50,,,1,100,,7819,50,,,1,101,,7838,50,,,1,100,,7818,50,,,1,102,,7821,50,,,1,100,,7822,50,,,1,96,,7820,50,,,1,103,,7825,50,,,1,96,,7830,50,,,1,105,,7829,50,,,1,99,,7826,50,,,1,101,,7827,50,,,1,100,,7828,50,,,1
4304,'DIM',506,,8722,25,,,1,103,,8716,25,,,1,100,,8712,25,,,1,102,,8714,25,,,1,102,,8719,25,,,1,100,,8717,25,,,1,106,,8718,25,,,1,100,,8715,25,,,1,100,,8723,25,,,1,100,,8720,25,,,1,104,,8721,25,,,1,99,,8704,25,,,1,99,,8705,25,,,1,101,,8707,25,,,1,94,,8710,25,,,1,98,,8709,25,,,1,99,,8706,25,,,1,99,,8708,25,,,1,100,,8713,25,,,1,100,,8711,25,,,1
4304,'SAM',506,,8740,25,,,1,103,,8737,25,,,1,100,,8734,25,,,1,102,,8725,25,,,1,102,,8741,25,,,1,100,,8726,25,,,1,106,,8727,25,,,1,100,,8738,25,,,1,100,,8735,25,,,1,100,,8742,25,,,1,103,,8736,25,,,1,101,,8739,25,,,1,98,,8724,25,,,1,97,,8743,25,,,1,98,,8731,25,,,1,98,,8728,25,,,1,99,,2109,25,,,1,99,,8729,25,,,1,100,,8730,25,,,1,100,,8733,25,,,1,98,,8732,25,,,1
4304,'SEM',522,,8765,25,,,1,36,,8771,25,,,1,75,,8744,25,,,1,25,,8746,25,,,1,61,,8769,25,,,1,31,,8745,25,,,1,73,,8770,25,,,1,33,,8749,25,,,1,75,,8766,25,,,1,28,,8772,25,,,1,71,,8748,25,,,1,70,,8767,25,,,1,30,,8755,25,,,1,70,,8751,25,,,1,30,,8774,25,,,1,70,,8773,25,,,1,30,,8768,25,,,1,72,,8752,25,,,1,29,,8753,25,,,1,70,,8757,25,,,1,36,,8775,25,,,1,65,,8747,25,,,1,26,,8754,25,,,1,30,,8750,25,,,1,97,,8756,25,,,1,97,,8761,25,,,1,100,,8763,25,,,1,101,,8764,25,,,1,99,,8758,25,,,1,101,,8759,25,,,1,150,,8760,25,,,1,20,,8762,25,,,1
6001,'DIM',812,,9768,49,,,1,103,,9776,49,,,1,102,,9774,49,,,1,104,,9775,49,,,1,101,,9777,49,,,1,102,,9780,49,,,1,102,,9778,49,,,1,100,,9781,49,,,1,100,,9779,49,,,1,102,,9782,49,,,1,92,,9783,49,,,1,99,,9770,49,,,1,98,,9772,49,,,1,97,,9771,49,,,1,99,,9773,49,,,1,99,,9767,49,,,1,100,,9769,49,,,1
6001,'SAM',708,,9790,49,,,1,104,,9795,49,,,1,103,,9786,49,,,1,102,,9798,49,,,1,103,,9800,49,,,1,102,,9796,49,,,1,102,,9799,49,,,1,102,,9797,49,,,1,100,,9785,49,,,1,100,,9801,49,,,1,102,,9784,49,,,1,92,,9788,49,,,1,100,,9793,49,,,1,97,,9789,49,,,1,97,,9791,49,,,1,99,,9794,49,,,1,99,,9787,49,,,1,100,,9792,49,,,1
6001,'SEM',554,,9816,49,,,1,101,,9802,49,,,1,87,,9820,49,,,1,78,,9814,49,,,1,37,,9818,49,,,1,101,,9804,49,,,1,101,,9821,49,,,1,141,,9819,49,,,1,104,,9805,49,,,1,100,,9803,49,,,1,101,,9815,49,,,1,102,,9817,49,,,1,99,,9806,49,,,1,102,,9810,49,,,1,96,,9808,49,,,1,49,,9813,49,,,1,98,,9811,49,,,1,98,,9807,49,,,1,99,,9809,49,,,1,94,,9812,49,,,1
7304,'DIM',545,,10665,68,,,1,70,,10654,68,,,1,103,,10658,68,,,1,101,,10661,68,,,1,102,,10657,68,,,1,101,,10659,68,,,1,100,,10662,68,,,1,100,,10666,68,,,1,102,,10660,68,,,1,101,,10663,68,,,1,101,,10656,68,,,1,100,,10664,68,,,1,100,,10667,68,,,1,99,,10650,68,,,1,99,,10647,68,,,1,97,,10653,68,,,1,99,,10649,68,,,1,99,,10648,68,,,1,98,,10651,68,,,1,101,,10652,68,,,1,99,,10655,68,,,1
7304,'SAM',545,,10686,68,,,1,70,,10676,68,,,1,103,,10681,68,,,1,101,,10678,68,,,1,102,,10677,68,,,1,101,,10682,68,,,1,100,,10684,68,,,1,101,,10680,68,,,1,101,,10671,68,,,1,101,,10683,68,,,1,101,,10679,68,,,1,100,,10685,68,,,1,100,,10687,68,,,1,99,,10670,68,,,1,98,,10668,68,,,1,98,,10669,68,,,1,99,,10673,68,,,1,99,,10672,68,,,1,98,,4131,68,,,1,101,,10674,68,,,1,99,,4133,68,,,1,100,,10675,68,,,1,99,,4134,68,,,1
7304,'SEM',507,,10719,68,,,1,42,,10716,68,,,1,82,,10722,68,,,1,18,,10725,68,,,1,71,,10721,68,,,1,15,,10718,68,,,1,14,,10694,68,,,1,68,,10696,68,,,1,14,,10717,68,,,1,15,,10723,68,,,1,65,,10712,68,,,1,31,,10690,68,,,1,80,,10689,68,,,1,29,,10705,68,,,1,70,,10720,68,,,1,30,,10691,68,,,1,71,,10695,68,,,1,36,,10704,68,,,1,66,,10697,68,,,1,30,,10724,68,,,1,70,,10692,68,,,1,30,,10693,68,,,1,73,,10701,68,,,1,31,,10688,68,,,1,72,,10698,68,,,1,79,,10708,68,,,1,22,,10706,68,,,1,27,,10700,68,,,1,69,,10707,68,,,1,76,,10702,68,,,1,20,,10713,68,,,1,29,,10699,68,,,1,70,,10709,68,,,1,30,,10711,68,,,1,73,,10703,68,,,1,96,,10715,68,,,1,99,,10710,68,,,1,102,,10714,68,,,1
7402,'DIM',646,,10786,81,,,2,102,,10789,81,,,2,101,,6451,81,,,2,101,,10790,81,,,2,102,,10788,81,,,2,100,,10787,81,,,2,101,,10793,81,,,2,100,,10792,81,,,2,103,,10794,81,,,2,99,,10791,81,,,2,99,,10781,81,,,2,101,,10780,81,,,2,98,,10782,81,,,2,98,,10783,81,,,2,99,,6443,81,,,2,100,,10784,81,,,2,98,,10785,81,,,2
7402,'SAM',646,,10802,81,,,2,102,,10806,81,,,2,101,,10804,81,,,2,101,,10801,81,,,2,102,,10805,81,,,2,100,,10807,81,,,2,101,,10810,81,,,2,101,,10803,81,,,2,100,,10808,81,,,2,101,,10811,81,,,2,100,,10809,81,,,2,99,,10795,81,,,2,99,,10797,81,,,2,98,,10799,81,,,2,99,,10798,81,,,2,100,,10800,81,,,2,98,,10796,81,,,2
7402,'SEM',605,,10825,81,,,2,49,,10830,81,,,2,60,,10813,81,,,2,42,,10824,81,,,2,100,,10814,81,,,2,99,,10812,81,,,2,99,,10816,81,,,2,101,,10826,81,,,2,97,,10829,81,,,2,100,,10815,81,,,2,101,,10828,81,,,2,102,,10827,81,,,2,100,,10817,81,,,2,97,,10818,81,,,2,100,,10821,81,,,2,97,,10823,81,,,2,99,,10819,81,,,2,102,,10820,81,,,2,98,,10822,81,,,2
33504,'DIM',1105,,11607,2,,,2
33504,'SAM',1105,,11608,2,,,2
33504,'SEM',1105,,11609,2,,,2
