1601,'SEM',1623,,6774,18,,,1,32,,6772,18,,,1,74,,6775,18,,,1,24,,6773,18,,,1,72,,6776,18,,,1
3903,'DIM',923,,8065,9,,,1,30,,8070,9,,,1,71,,8071,9,,,1,30,,8068,9,,,1,74,,8069,9,,,1,26,,8072,9,,,1,69,,8062,9,,,1,31,,8066,9,,,1,70,,8063,9,,,1,30,,8049,9,,,1,70,,8052,9,,,1,31,,8055,9,,,1,70,,8067,9,,,1,31,,8056,9,,,1,71,,8057,9,,,1,25,,8058,9,,,1,58,,8064,9,,,1,10,,8059,9,,,1,24,,8053,9,,,1,65,,8060,9,,,1,99,,8050,9,,,1,100,,8061,9,,,1,99,,8051,9,,,1,104,,8054,9,,,1
3903,'SAM',923,,8092,9,,,1,30,,8096,9,,,1,71,,8073,9,,,1,30,,8087,9,,,1,74,,8090,9,,,1,26,,8089,9,,,1,70,,8074,9,,,1,30,,8088,9,,,1,70,,8091,9,,,1,30,,8075,9,,,1,70,,8094,9,,,1,31,,8078,9,,,1,70,,8079,9,,,1,31,,8081,9,,,1,71,,8095,9,,,1,25,,8082,9,,,1,58,,8093,9,,,1,11,,8080,9,,,1,23,,8077,9,,,1,69,,8076,9,,,1,97,,8084,9,,,1,98,,8083,9,,,1,99,,8086,9,,,1,104,,8085,9,,,1
3903,'SEM',714,,8120,9,,,1,99,,8102,9,,,1,104,,8100,9,,,1,33,,8104,9,,,1,69,,8121,9,,,1,31,,8122,9,,,1,68,,8115,9,,,1,31,,8119,9,,,1,67,,8123,9,,,1,38,,8099,9,,,1,73,,8106,9,,,1,27,,8108,9,,,1,71,,8109,9,,,1,34,,8098,9,,,1,77,,8116,9,,,1,23,,8110,9,,,1,68,,8101,9,,,1,25,,8103,9,,,1,75,,8111,9,,,1,80,,8112,9,,,1,40,,8105,9,,,1,99,,8107,9,,,1,96,,8113,9,,,1,103,,8117,9,,,1,99,,8114,9,,,1,88,,8118,9,,,1
4001,'DIM',834,,8199,28,,,1,102,,8208,28,,,1,101,,8210,28,,,1,100,,8211,28,,,1,99,,8209,28,,,1,101,,8212,28,,,1,100,,8207,28,,,1,100,,8206,28,,,1,100,,8196,28,,,1,104,,8202,28,,,1,97,,8205,28,,,1,98,,8203,28,,,1,99,,8198,28,,,1,99,,8197,28,,,1,98,,8200,28,,,1,100,,8201,28,,,1,93,,8204,28,,,1
4001,'SAM',731,,8219,28,,,1,103,,8221,28,,,1,102,,8228,28,,,1,101,,8225,28,,,1,96,,8226,28,,,1,104,,8224,28,,,1,100,,8229,28,,,1,100,,8227,28,,,1,99,,8220,28,,,1,101,,8230,28,,,1,104,,8213,28,,,1,97,,8222,28,,,1,98,,8214,28,,,1,99,,8216,28,,,1,99,,8223,28,,,1,98,,8215,28,,,1,100,,8217,28,,,1,93,,8218,28,,,1
4001,'SEM',503,,8236,28,,,1,25,,8258,28,,,1,76,,8241,28,,,1,32,,8260,28,,,1,71,,8234,28,,,1,25,,8264,28,,,1,21,,8267,28,,,1,63,,8265,28,,,1,18,,8251,28,,,1,69,,8240,28,,,1,23,,8233,28,,,1,76,,8235,28,,,1,30,,8242,28,,,1,70,,8261,28,,,1,31,,8243,28,,,1,71,,8263,28,,,1,30,,8259,28,,,1,70,,8238,28,,,1,30,,8262,28,,,1,75,,8232,28,,,1,37,,8239,28,,,1,60,,8237,28,,,1,30,,8231,28,,,1,71,,8247,28,,,1,33,,8266,28,,,1,72,,8248,28,,,1,28,,8244,28,,,1,74,,8252,28,,,1,31,,8245,28,,,1,70,,8253,28,,,1,28,,8250,28,,,1,69,,8254,28,,,1,99,,8249,28,,,1,98,,8246,28,,,1,104,,8255,28,,,1,87,,8256,28,,,1,100,,8257,28,,,1
4201,'DIM',513,,8340,13,,,2,103,,8364,13,,,2,30,,8381,13,,,2,70,,1716,13,,,2,31,,8365,13,,,2,71,,8370,13,,,2,27,,8374,13,,,2,71,,8377,13,,,2,31,,8369,13,,,2,66,,8372,13,,,2,35,,8371,13,,,2,60,,8357,13,,,2,23,,8362,13,,,2,18,,8361,13,,,2,62,,8363,13,,,2,18,,8367,13,,,2,20,,8366,13,,,2,59,,8384,13,,,2,22,,8378,13,,,2,21,,8373,13,,,2,60,,1723,13,,,2,21,,8380,13,,,2,20,,8344,13,,,2,60,,8346,13,,,2,20,,8347,13,,,2,21,,8379,13,,,2,58,,8368,13,,,2,21,,8375,13,,,2,20,,8345,13,,,2,55,,8383,13,,,2,15,,8382,13,,,2,14,,8356,13,,,2,13,,8376,13,,,2,58,,8342,13,,,2,32,,8341,13,,,2,70,,8352,13,,,2,30,,8339,13,,,2,70,,8348,13,,,2,29,,8359,13,,,2,70,,8343,13,,,2,31,,8350,13,,,2,70,,8354,13,,,2,30,,8355,13,,,2,70,,8349,13,,,2,35,,8353,13,,,2,70,,8351,13,,,2,34,,8358,13,,,2,75,,8360,13,,,2
4201,'SAM',513,,8385,13,,,2,103,,8413,13,,,2,30,,8388,13,,,2,70,,8420,13,,,2,31,,8416,13,,,2,71,,8415,13,,,2,27,,8419,13,,,2,71,,8426,13,,,2,31,,8431,13,,,2,65,,8424,13,,,2,36,,8410,13,,,2,60,,8422,13,,,2,22,,8414,13,,,2,19,,8405,13,,,2,61,,8412,13,,,2,19,,8386,13,,,2,20,,8418,13,,,2,59,,8417,13,,,2,22,,8411,13,,,2,21,,8421,13,,,2,60,,8387,13,,,2,20,,8423,13,,,2,20,,8427,13,,,2,61,,8391,13,,,2,20,,8429,13,,,2,21,,8432,13,,,2,59,,8433,13,,,2,19,,8397,13,,,2,21,,8430,13,,,2,54,,8399,13,,,2,16,,8425,13,,,2,14,,8401,13,,,2,15,,8428,13,,,2,56,,8404,13,,,2,36,,8389,13,,,2,66,,8392,13,,,2,30,,8408,13,,,2,70,,8394,13,,,2,29,,8396,13,,,2,73,,8390,13,,,2,27,,8393,13,,,2,70,,8395,13,,,2,31,,8398,13,,,2,70,,8400,13,,,2,35,,8402,13,,,2,70,,8409,13,,,2,34,,8403,13,,,2,75,,8407,13,,,2,30,,8406,13,,,2
4201,'SEM',615,,8483,13,,,2,29,,8436,13,,,2,57,,8478,13,,,2,21,,8481,13,,,2,21,,8484,13,,,2,62,,8482,13,,,2,19,,8437,13,,,2,19,,8477,13,,,2,62,,8434,13,,,2,19,,8440,13,,,2,19,,8467,13,,,2,63,,8479,13,,,2,18,,8480,13,,,2,23,,8442,13,,,2,57,,8464,13,,,2,23,,8444,13,,,2,20,,8445,13,,,2,59,,8446,13,,,2,22,,8439,13,,,2,15,,8448,13,,,2,63,,8449,13,,,2,19,,8450,13,,,2,21,,8438,13,,,2,61,,8454,13,,,2,20,,8485,13,,,2,19,,8458,13,,,2,59,,8459,13,,,2,20,,8460,13,,,2,14,,8462,13,,,2,12,,8435,13,,,2,53,,8441,13,,,2,11,,8453,13,,,2,13,,8465,13,,,2,14,,8468,13,,,2,15,,8456,13,,,2,55,,8452,13,,,2,14,,8451,13,,,2,15,,8472,13,,,2,15,,8474,13,,,2,55,,8443,13,,,2,15,,8476,13,,,2,23,,8469,13,,,2,54,,8473,13,,,2,21,,8447,13,,,2,27,,8475,13,,,2,71,,8455,13,,,2,28,,8457,13,,,2,73,,8461,13,,,2,28,,8463,13,,,2,107,,8466,13,,,2,93,,8471,13,,,2,84,,8470,13,,,2
5001,'DIM',525,,9169,9,,,1,100,,9177,9,,,1,100,,9165,9,,,1,96,,9182,9,,,1,101,,9174,9,,,1,33,,9184,9,,,1,77,,9176,9,,,1,23,,9189,9,,,1,78,,9187,9,,,1,22,,9188,9,,,1,75,,9190,9,,,1,29,,9175,9,,,1,72,,9178,9,,,1,76,,9191,9,,,1,29,,9180,9,,,1,73,,9179,9,,,1,30,,9185,9,,,1,63,,9183,9,,,1,34,,9181,9,,,1,81,,9186,9,,,1,18,,9167,9,,,1,100,,9170,9,,,1,99,,9173,9,,,1,100,,9166,9,,,1,99,,9171,9,,,1,98,,9168,9,,,1,100,,9172,9,,,1
5001,'SAM',525,,9199,9,,,1,100,,9202,9,,,1,100,,9193,9,,,1,96,,9214,9,,,1,101,,9212,9,,,1,79,,9217,9,,,1,30,,9210,9,,,1,24,,9194,9,,,1,78,,9218,9,,,1,22,,9216,9,,,1,75,,9195,9,,,1,29,,9206,9,,,1,72,,9208,9,,,1,76,,9211,9,,,1,29,,9207,9,,,1,73,,9209,9,,,1,30,,9197,9,,,1,63,,9198,9,,,1,34,,9192,9,,,1,79,,9213,9,,,1,21,,9215,9,,,1,99,,9203,9,,,1,99,,9205,9,,,1,100,,9204,9,,,1,99,,9200,9,,,1,98,,9196,9,,,1,100,,9201,9,,,1
5001,'SEM',514,,9241,9,,,1,105,,9246,9,,,1,35,,9242,9,,,1,63,,9220,9,,,1,36,,9219,9,,,1,64,,9222,9,,,1,31,,9249,9,,,1,67,,9250,9,,,1,33,,9245,9,,,1,67,,9221,9,,,1,33,,9225,9,,,1,68,,9244,9,,,1,32,,9231,9,,,1,70,,9247,9,,,1,30,,9226,9,,,1,72,,9243,9,,,1,28,,9248,9,,,1,70,,9224,9,,,1,82,,9223,9,,,1,26,,9235,9,,,1,76,,9227,9,,,1,30,,9228,9,,,1,69,,9234,9,,,1,29,,9229,9,,,1,75,,9233,9,,,1,30,,9236,9,,,1,75,,9237,9,,,1,105,,9232,9,,,1,104,,9230,9,,,1,104,,9239,9,,,1,105,,9238,9,,,1,107,,9240,9,,,1
6104,'DIM',657,,9950,58,,,2,100,,9951,58,,,2,143,,9948,58,,,2,103,,9952,58,,,2,101,,9954,58,,,2,102,,9953,58,,,2,102,,9949,58,,,2,102,,9947,58,,,2,102,,9937,58,,,2,103,,9940,58,,,2,94,,9942,58,,,2,102,,9944,58,,,2,96,,9946,58,,,2,97,,9945,58,,,2,98,,9941,58,,,2,98,,9938,58,,,2,59,,9939,58,,,2,99,,9943,58,,,2
6104,'SAM',657,,9963,58,,,2,100,,9962,58,,,2,143,,9965,58,,,2,104,,9967,58,,,2,100,,9970,58,,,2,102,,9964,58,,,2,99,,9968,58,,,2,105,,9971,58,,,2,102,,9969,58,,,2,103,,9972,58,,,2,94,,9966,58,,,2,101,,9958,58,,,2,100,,9955,58,,,2,94,,9959,58,,,2,98,,9957,58,,,2,98,,9960,58,,,2,59,,9956,58,,,2,99,,9961,58,,,2
6104,'SEM',524,,9976,58,,,2,100,,9987,58,,,2,35,,9973,58,,,2,62,,9990,58,,,2,36,,9985,58,,,2,69,,9994,58,,,2,102,,9974,58,,,2,100,,9975,58,,,2,102,,9992,58,,,2,104,,9986,58,,,2,100,,9989,58,,,2,102,,9988,58,,,2,100,,9991,58,,,2,111,,9993,58,,,2,66,,9980,58,,,2,97,,9983,58,,,2,96,,9981,58,,,2,100,,9977,58,,,2,98,,9984,58,,,2,39,,9978,58,,,2,90,,9979,58,,,2,101,,9982,58,,,2
6304,'DIM',751,,10080,50,,,1,102,,10076,50,,,1,101,,10078,50,,,1,102,,10072,50,,,1,99,,10077,50,,,1,104,,10082,50,,,1,96,,10079,50,,,1,102,,10083,50,,,1,143,,10081,50,,,1,100,,10084,50,,,1,59,,10085,50,,,1,99,,10073,50,,,1,99,,10069,50,,,1,98,,10070,50,,,1,99,,10074,50,,,1,98,,10071,50,,,1,99,,10075,50,,,1
6304,'SAM',651,,10099,50,,,1,100,,10097,50,,,1,102,,10102,50,,,1,101,,10098,50,,,1,102,,10096,50,,,1,99,,10101,50,,,1,104,,10100,50,,,1,96,,10104,50,,,1,102,,10103,50,,,1,143,,10086,50,,,1,102,,10087,50,,,1,57,,10088,50,,,1,99,,10090,50,,,1,99,,10089,50,,,1,98,,10094,50,,,1,99,,10091,50,,,1,98,,10092,50,,,1,99,,10095,50,,,1,98,,10093,50,,,1
6304,'SEM',506,,10132,50,,,1,111,,10128,50,,,1,30,,10137,50,,,1,71,,10120,50,,,1,16,,10131,50,,,1,67,,10134,50,,,1,26,,10136,50,,,1,19,,10135,50,,,1,70,,10109,50,,,1,30,,10110,50,,,1,71,,10111,50,,,1,30,,10105,50,,,1,65,,10108,50,,,1,31,,10133,50,,,1,72,,10123,50,,,1,30,,10116,50,,,1,66,,10129,50,,,1,38,,10106,50,,,1,67,,10107,50,,,1,32,,10117,50,,,1,71,,10130,50,,,1,39,,10138,50,,,1,70,,10113,50,,,1,24,,10112,50,,,1,74,,10118,50,,,1,16,,10115,50,,,1,68,,10124,50,,,1,29,,10119,50,,,1,77,,10122,50,,,1,96,,10114,50,,,1,40,,10125,50,,,1,91,,10127,50,,,1,93,,10121,50,,,1,99,,10126,50,,,1
6504,'DIM',725,,10223,66,,,2,102,,10221,66,,,2,101,,10224,66,,,2,102,,10226,66,,,2,102,,10228,66,,,2,102,,10225,66,,,2,99,,10222,66,,,2,102,,10230,66,,,2,106,,10227,66,,,2,95,,10229,66,,,2,97,,10216,66,,,2,101,,10218,66,,,2,97,,10217,66,,,2,98,,10219,66,,,2,100,,10220,66,,,2,96,,10214,66,,,2,100,,10215,66,,,2
6504,'SAM',725,,10240,66,,,2,102,,10239,66,,,2,101,,10243,66,,,2,102,,10242,66,,,2,102,,10244,66,,,2,101,,10246,66,,,2,99,,10247,66,,,2,103,,10245,66,,,2,105,,10241,66,,,2,96,,10231,66,,,2,97,,10233,66,,,2,101,,10236,66,,,2,99,,10237,66,,,2,96,,3667,66,,,2,100,,10238,66,,,2,96,,10235,66,,,2,100,,10232,66,,,2,99,,10234,66,,,2
6504,'SEM',543,,10271,66,,,2,86,,10281,66,,,2,26,,10250,66,,,2,60,,10259,66,,,2,16,,10266,66,,,2,12,,10279,66,,,2,10,,10249,66,,,2,50,,10280,66,,,2,10,,10276,66,,,2,23,,10251,66,,,2,70,,10253,66,,,2,32,,10268,66,,,2,70,,10284,66,,,2,33,,10254,66,,,2,71,,10255,66,,,2,27,,10273,66,,,2,75,,10256,66,,,2,27,,10283,66,,,2,80,,10277,66,,,2,20,,10278,66,,,2,70,,10282,66,,,2,30,,10258,66,,,2,70,,10261,66,,,2,38,,10252,66,,,2,67,,10265,66,,,2,40,,10267,66,,,2,73,,10248,66,,,2,20,,10260,66,,,2,64,,10257,66,,,2,36,,10272,66,,,2,71,,10274,66,,,2,86,,10263,66,,,2,99,,10262,66,,,2,98,,10264,66,,,2,99,,10269,66,,,2,99,,10270,66,,,2,58,,10275,66,,,2
7002,'DIM',619,,10507,66,,,1,40,,10506,66,,,1,90,,10489,89,,,1,103,,10496,89,,,1,101,,3943,89,,,1,102,,10492,89,,,1,68,,10493,89,,,1,34,,10495,89,,,1,69,,10485,89,,,1,25,,10494,89,,,1,75,,10491,89,,,1,25,,10500,89,,,1,79,,10498,89,,,1,28,,10501,89,,,1,76,,10483,89,,,1,25,,10497,89,,,1,71,,10503,89,,,1,23,,10499,89,,,1,78,,10502,89,,,1,27,,10487,89,,,1,75,,10505,89,,,1,73,,3946,89,,,1,97,,10504,89,,,1,54,,10482,89,,,1,95,,10484,89,,,1,97,,10488,89,,,1,99,,10486,89,,,1,103,,10490,89,,,1
7002,'SAM',619,,10534,66,,,1,40,,10535,66,,,1,89,,10532,89,,,1,104,,10512,89,,,1,101,,10520,89,,,1,102,,10519,89,,,1,65,,10528,89,,,1,37,,10533,89,,,1,69,,10530,89,,,1,24,,10524,89,,,1,75,,10523,89,,,1,26,,10522,89,,,1,79,,10525,89,,,1,76,,10521,89,,,1,27,,10531,89,,,1,25,,10529,89,,,1,68,,10527,89,,,1,26,,10526,89,,,1,79,,10515,89,,,1,28,,10511,89,,,1,75,,10513,89,,,1,73,,10508,89,,,1,96,,10517,89,,,1,54,,10509,89,,,1,96,,10510,89,,,1,96,,10516,89,,,1,99,,10514,89,,,1,103,,10518,89,,,1
7002,'SEM',627,,10541,89,,,1,99,,10561,89,,,1,26,,10562,89,,,1,73,,10540,89,,,1,77,,10543,89,,,1,27,,10545,89,,,1,29,,10560,89,,,1,70,,10538,89,,,1,30,,10567,89,,,1,71,,10546,89,,,1,28,,10568,89,,,1,73,,10563,89,,,1,26,,10565,89,,,1,74,,10564,89,,,1,70,,10539,89,,,1,30,,10566,89,,,1,25,,10559,89,,,1,77,,10544,89,,,1,73,,10547,89,,,1,31,,10542,89,,,1,70,,10536,89,,,1,33,,10537,89,,,1,65,,10550,89,,,1,31,,10551,89,,,1,24,,10555,89,,,1,70,,10554,89,,,1,90,,10552,89,,,1,81,,10556,89,,,1,52,,10548,89,,,1,151,,10553,89,,,1,106,,10549,89,,,1,96,,10558,89,,,1,105,,10557,89,,,1
7601,'DIM',511,,10861,41,,,2,100,,10834,86,,,2,25,,10848,86,,,2,104,,10849,86,,,2,101,,10841,86,,,2,101,,10853,86,,,2,68,,10858,86,,,2,30,,10855,86,,,2,71,,10851,86,,,2,30,,10852,86,,,2,70,,10832,86,,,2,31,,10856,86,,,2,71,,10854,86,,,2,29,,10839,86,,,2,73,,10859,86,,,2,31,,10860,86,,,2,69,,10831,86,,,2,33,,10842,86,,,2,67,,10850,86,,,2,30,,10835,86,,,2,70,,10837,86,,,2,29,,10833,86,,,2,69,,10840,86,,,2,29,,10857,86,,,2,105,,10845,86,,,2,97,,10846,86,,,2,97,,10838,86,,,2,98,,10847,86,,,2,100,,10836,86,,,2,100,,10843,86,,,2,99,,10844,86,,,2
7601,'SAM',511,,10892,41,,,2,100,,10866,86,,,2,25,,10875,86,,,2,104,,10878,86,,,2,101,,10877,86,,,2,101,,10881,86,,,2,68,,10885,86,,,2,30,,10882,86,,,2,71,,10888,86,,,2,30,,10876,86,,,2,70,,10884,86,,,2,32,,10883,86,,,2,70,,10890,86,,,2,29,,10863,86,,,2,73,,10879,86,,,2,31,,10862,86,,,2,69,,10880,86,,,2,33,,10887,86,,,2,67,,10891,86,,,2,30,,10864,86,,,2,70,,10886,86,,,2,29,,10868,86,,,2,69,,10889,86,,,2,31,,10865,86,,,2,103,,10871,86,,,2,97,,10873,86,,,2,97,,10869,86,,,2,98,,10867,86,,,2,100,,10872,86,,,2,100,,10870,86,,,2,99,,10874,86,,,2
7601,'SEM',530,,10893,86,,,2,92,,10914,86,,,2,27,,10921,86,,,2,65,,10929,86,,,2,24,,10899,86,,,2,12,,10924,86,,,2,55,,10901,86,,,2,17,,10922,86,,,2,24,,10926,86,,,2,60,,10896,86,,,2,25,,10900,86,,,2,22,,10894,86,,,2,70,,10923,86,,,2,30,,10897,86,,,2,69,,10919,86,,,2,31,,10895,86,,,2,70,,10925,86,,,2,31,,10904,86,,,2,70,,10920,86,,,2,32,,10903,86,,,2,72,,10906,86,,,2,31,,10928,86,,,2,73,,10907,86,,,2,70,,10898,86,,,2,38,,10927,86,,,2,66,,10902,86,,,2,25,,10905,86,,,2,24,,10911,86,,,2,67,,10915,86,,,2,29,,10917,86,,,2,72,,10913,86,,,2,23,,10909,86,,,2,69,,10918,86,,,2,100,,10916,86,,,2,100,,10908,86,,,2,99,,10910,86,,,2,103,,10912,86,,,2
