4002,'DIM',754,,8271,1,,,1,100,,8280,1,,,1,100,,8282,1,,,1,99,,8283,1,,,1,99,,8281,1,,,1,101,,8284,1,,,1,101,,8279,1,,,1,100,,8278,1,,,1,100,,8268,1,,,1,103,,8274,1,,,1,97,,8277,1,,,1,100,,8275,1,,,1,100,,8270,1,,,1,100,,8269,1,,,1,100,,8272,1,,,1,100,,8273,1,,,1,94,,8276,1,,,1
4002,'SAM',654,,8291,1,,,1,100,,1633,1,,,1,100,,8299,1,,,1,100,,8296,1,,,1,95,,8297,1,,,1,104,,8295,1,,,1,100,,8300,1,,,1,101,,8298,1,,,1,99,,8292,1,,,1,101,,8301,1,,,1,103,,8285,1,,,1,97,,8293,1,,,1,100,,8286,1,,,1,100,,8288,1,,,1,100,,8294,1,,,1,100,,8287,1,,,1,100,,8289,1,,,1,94,,8290,1,,,1
4002,'SEM',625,,8305,1,,,1,85,,8333,1,,,1,23,,8331,1,,,1,17,,8320,1,,,1,69,,8310,1,,,1,24,,8304,1,,,1,77,,8306,1,,,1,30,,8311,1,,,1,70,,8328,1,,,1,30,,8312,1,,,1,70,,8330,1,,,1,30,,8327,1,,,1,70,,8308,1,,,1,30,,8329,1,,,1,75,,8303,1,,,1,75,,8309,1,,,1,20,,8307,1,,,1,30,,8302,1,,,1,70,,8316,1,,,1,30,,8332,1,,,1,71,,8317,1,,,1,29,,8313,1,,,1,76,,8321,1,,,1,33,,8314,1,,,1,72,,8322,1,,,1,70,,8319,1,,,1,29,,8323,1,,,1,100,,8318,1,,,1,100,,8315,1,,,1,106,,8324,1,,,1,89,,8325,1,,,1,100,,8326,1,,,1
4503,'DIM',635,,8779,1,,,1,100,,8789,1,,,1,101,,8787,1,,,1,98,,8793,1,,,1,101,,8788,1,,,1,98,,8791,1,,,1,105,,8781,1,,,1,100,,8785,1,,,1,98,,8778,1,,,1,102,,8776,1,,,1,92,,8790,1,,,1,102,,8792,1,,,1,104,,8777,1,,,1,102,,8786,1,,,1,102,,8780,1,,,1,99,,8783,1,,,1,99,,8784,1,,,1,102,,8782,1,,,1
4503,'SAM',635,,8807,1,,,1,100,,8803,1,,,1,101,,8806,1,,,1,98,,8805,1,,,1,101,,8795,1,,,1,97,,8804,1,,,1,106,,8808,1,,,1,99,,8799,1,,,1,101,,8810,1,,,1,101,,8809,1,,,1,91,,8811,1,,,1,105,,8794,1,,,1,101,,8801,1,,,1,102,,8796,1,,,1,102,,8800,1,,,1,99,,8798,1,,,1,99,,8802,1,,,1,102,,8797,1,,,1
4503,'SEM',622,,8817,1,,,1,18,,8815,1,,,1,74,,8812,1,,,1,26,,8832,1,,,1,67,,8816,1,,,1,39,,8814,1,,,1,65,,8833,1,,,1,110,,8831,1,,,1,100,,8820,1,,,1,95,,8818,1,,,1,100,,8834,1,,,1,101,,8813,1,,,1,105,,8835,1,,,1,25,,8822,1,,,1,88,,8825,1,,,1,19,,8819,1,,,1,58,,8826,1,,,1,33,,8828,1,,,1,80,,8824,1,,,1,100,,8823,1,,,1,100,,8827,1,,,1,100,,8830,1,,,1,100,,8821,1,,,1,95,,8829,1,,,1
7602,'DIM',603,,5136,1,,,2,56,,10940,1,,,2,100,,10950,1,,,2,100,,10952,1,,,2,70,,10948,1,,,2,30,,10949,1,,,2,70,,10930,1,,,2,30,,10953,1,,,2,70,,10951,1,,,2,29,,10939,1,,,2,72,,10954,1,,,2,72,,10955,1,,,2,27,,10931,1,,,2,73,,10941,1,,,2,33,,10933,1,,,2,24,,10934,1,,,2,70,,10936,1,,,2,30,,10932,1,,,2,70,,4405,1,,,2,30,,4422,1,,,2,70,,10937,1,,,2,75,,10945,1,,,2,54,,10946,1,,,2,100,,10938,1,,,2,101,,10947,1,,,2,141,,10935,1,,,2,100,,10942,1,,,2,100,,10944,1,,,2,100,,10943,1,,,2
7602,'SAM',603,,10973,1,,,2,56,,10972,1,,,2,100,,10976,1,,,2,100,,10978,1,,,2,70,,10983,1,,,2,30,,10971,1,,,2,70,,10980,1,,,2,30,,10979,1,,,2,70,,10984,1,,,2,29,,10957,1,,,2,70,,10974,1,,,2,74,,10956,1,,,2,27,,10975,1,,,2,73,,10982,1,,,2,33,,10958,1,,,2,24,,10959,1,,,2,70,,10981,1,,,2,30,,10962,1,,,2,70,,4456,1,,,2,30,,10960,1,,,2,70,,10977,1,,,2,76,,10965,1,,,2,53,,10967,1,,,2,100,,10963,1,,,2,101,,10961,1,,,2,141,,10966,1,,,2,100,,10964,1,,,2,100,,10969,1,,,2,100,,10968,1,,,2,101,,10970,1,,,2
7602,'SEM',546,,10985,1,,,2,62,,11014,1,,,2,16,,4470,1,,,2,11,,11012,1,,,2,24,,11016,1,,,2,58,,11018,1,,,2,21,,10992,1,,,2,21,,10986,1,,,2,75,,11013,1,,,2,68,,11017,1,,,2,31,,11010,1,,,2,72,,10987,1,,,2,30,,11015,1,,,2,70,,10991,1,,,2,29,,11011,1,,,2,71,,10990,1,,,2,30,,10995,1,,,2,71,,11020,1,,,2,28,,10996,1,,,2,70,,10988,1,,,2,35,,11019,1,,,2,65,,10989,1,,,2,24,,10993,1,,,2,26,,11000,1,,,2,65,,11001,1,,,2,25,,11004,1,,,2,65,,11006,1,,,2,25,,11002,1,,,2,20,,10998,1,,,2,74,,10994,1,,,2,30,,11005,1,,,2,71,,11008,1,,,2,100,,10997,1,,,2,100,,10999,1,,,2,100,,11007,1,,,2,103,,11003,1,,,2,109,,11009,1,,,2
34503,'SEM',440,,11610,20,,,1,101,,11611,20,,,1
