4201,'DIM',522,,8340,32,,,2,104,,8364,32,,,2,30,,8381,32,,,2,70,,1716,32,,,2,31,,8365,32,,,2,71,,8370,32,,,2,30,,8374,32,,,2,71,,8377,32,,,2,71,,8369,32,,,2,26,,8372,32,,,2,77,,8371,32,,,2,20,,8357,32,,,2,23,,8362,32,,,2,58,,8361,32,,,2,22,,8363,32,,,2,18,,8367,32,,,2,60,,8366,32,,,2,19,,8384,32,,,2,22,,8378,32,,,2,61,,8373,32,,,2,20,,1723,32,,,2,21,,8380,32,,,2,60,,8344,32,,,2,20,,8346,32,,,2,20,,8347,32,,,2,61,,8379,32,,,2,19,,8368,32,,,2,21,,8375,32,,,2,60,,8345,32,,,2,15,,8383,32,,,2,15,,8382,32,,,2,14,,8356,32,,,2,52,,8376,32,,,2,18,,8342,32,,,2,32,,8341,32,,,2,70,,8352,32,,,2,29,,8339,32,,,2,69,,8348,32,,,2,29,,8359,32,,,2,70,,8343,32,,,2,31,,8350,32,,,2,70,,8354,32,,,2,30,,8355,32,,,2,70,,8349,32,,,2,34,,8353,32,,,2,68,,8351,32,,,2,34,,8358,32,,,2,75,,8360,32,,,2
4201,'SAM',522,,8385,32,,,2,104,,8413,32,,,2,30,,8388,32,,,2,70,,8420,32,,,2,31,,8416,32,,,2,71,,8415,32,,,2,30,,8419,32,,,2,71,,8426,32,,,2,71,,8431,32,,,2,25,,8424,32,,,2,78,,8410,32,,,2,20,,8422,32,,,2,22,,8414,32,,,2,59,,8405,32,,,2,21,,8412,32,,,2,19,,8386,32,,,2,60,,8418,32,,,2,19,,8417,32,,,2,22,,8411,32,,,2,61,,8421,32,,,2,20,,8387,32,,,2,20,,8423,32,,,2,60,,8427,32,,,2,21,,8391,32,,,2,20,,8429,32,,,2,61,,8432,32,,,2,20,,8433,32,,,2,19,,8397,32,,,2,61,,8430,32,,,2,14,,8399,32,,,2,16,,8425,32,,,2,14,,8401,32,,,2,54,,8428,32,,,2,16,,8404,32,,,2,36,,8389,32,,,2,66,,8392,32,,,2,29,,8408,32,,,2,69,,8394,32,,,2,29,,8396,32,,,2,73,,8390,32,,,2,27,,8393,32,,,2,70,,8395,32,,,2,31,,8398,32,,,2,70,,8400,32,,,2,34,,8402,32,,,2,68,,8409,32,,,2,34,,8403,32,,,2,75,,8407,32,,,2,70,,8406,32,,,2
4201,'SEM',627,,8483,32,,,2,30,,8436,32,,,2,57,,8478,32,,,2,21,,8481,32,,,2,23,,8484,32,,,2,62,,8482,32,,,2,19,,8437,32,,,2,19,,8477,32,,,2,62,,8434,32,,,2,19,,8440,32,,,2,19,,8467,32,,,2,63,,8479,32,,,2,18,,8480,32,,,2,63,,8442,32,,,2,17,,8464,32,,,2,23,,8444,32,,,2,60,,8445,32,,,2,19,,8446,32,,,2,22,,8439,32,,,2,15,,8448,32,,,2,63,,8449,32,,,2,19,,8450,32,,,2,61,,8438,32,,,2,21,,8454,32,,,2,21,,8485,32,,,2,59,,8458,32,,,2,21,,8459,32,,,2,20,,8460,32,,,2,15,,8462,32,,,2,53,,8435,32,,,2,13,,8441,32,,,2,11,,8453,32,,,2,13,,8465,32,,,2,54,,8468,32,,,2,15,,8456,32,,,2,14,,8452,32,,,2,14,,8451,32,,,2,13,,8472,32,,,2,55,,8474,32,,,2,15,,8443,32,,,2,14,,8476,32,,,2,63,,8469,32,,,2,13,,8473,32,,,2,21,,8447,32,,,2,67,,8475,32,,,2,31,,8455,32,,,2,67,,8457,32,,,2,33,,8461,32,,,2,67,,8463,32,,,2,31,,8487,18,,,2,75,,8466,32,,,2,23,,8486,18,,,2,70,,8471,32,,,2,44,,8470,32,,,2
4803,'DIM',706,,9047,12,,,1,103,,9051,12,,,1,102,,9055,12,,,1,99,,9038,12,,,1,102,,9048,12,,,1,101,,9049,12,,,1,95,,9054,12,,,1,105,,9050,12,,,1,99,,9052,12,,,1,100,,9039,12,,,1,100,,9053,12,,,1,100,,9041,12,,,1,95,,9045,12,,,1,100,,9044,12,,,1,100,,9043,12,,,1,99,,2438,12,,,1,100,,9040,12,,,1,35,,9042,12,,,1,161,,9046,12,,,1
4803,'SAM',606,,2450,12,,,1,100,,9067,12,,,1,102,,9070,12,,,1,103,,9074,12,,,1,99,,9065,12,,,1,101,,9073,12,,,1,101,,9068,12,,,1,94,,9071,12,,,1,106,,9069,12,,,1,100,,9066,12,,,1,100,,9072,12,,,1,100,,9059,12,,,1,100,,9061,12,,,1,95,,9057,12,,,1,100,,9056,12,,,1,98,,9058,12,,,1,101,,9063,12,,,1,100,,9064,12,,,1,35,,9060,12,,,1,161,,9062,12,,,1
4803,'SEM',601,,9096,12,,,1,20,,9098,12,,,1,37,,9087,12,,,1,73,,9099,12,,,1,71,,9102,12,,,1,24,,9083,12,,,1,80,,9082,12,,,1,30,,9077,12,,,1,95,,9084,12,,,1,101,,9079,12,,,1,100,,9078,12,,,1,100,,9100,12,,,1,80,,9075,12,,,1,101,,9080,12,,,1,35,,9097,12,,,1,64,,9076,12,,,1,30,,9101,12,,,1,70,,9088,12,,,1,30,,9081,12,,,1,70,,9089,12,,,1,94,,9094,12,,,1,100,,9085,12,,,1,100,,9086,12,,,1,99,,9090,12,,,1,100,,9092,12,,,1,99,,9091,12,,,1,51,,9093,12,,,1,73,,9095,12,,,1
5801,'DIM',526,,9661,12,,,2,100,,9643,12,,,2,90,,9652,12,,,2,99,,9655,12,,,2,99,,9658,12,,,2,100,,9651,12,,,2,102,,9660,12,,,2,98,,9657,12,,,2,103,,9654,12,,,2,99,,9656,12,,,2,102,,9653,12,,,2,99,,9646,12,,,2,101,,9659,12,,,2,99,,9642,12,,,2,99,,9650,12,,,2,99,,9645,12,,,2,101,,9644,12,,,2,100,,9648,12,,,2,99,,9647,12,,,2,110,,9649,12,,,2
5801,'SAM',526,,9681,12,,,2,100,,9673,12,,,2,90,,9672,12,,,2,99,,9677,12,,,2,100,,9675,12,,,2,99,,9678,12,,,2,102,,9680,12,,,2,98,,9662,12,,,2,101,,9671,12,,,2,101,,9676,12,,,2,101,,9674,12,,,2,101,,9679,12,,,2,100,,9665,12,,,2,100,,9669,12,,,2,98,,9663,12,,,2,99,,9670,12,,,2,101,,9666,12,,,2,100,,9668,12,,,2,99,,9664,12,,,2,110,,9667,12,,,2
5801,'SEM',516,,9695,12,,,2,28,,9692,12,,,2,82,,9705,12,,,2,82,,9693,12,,,2,46,,9699,12,,,2,85,,9686,12,,,2,99,,9706,12,,,2,100,,9682,12,,,2,100,,9687,12,,,2,100,,9704,12,,,2,100,,9683,12,,,2,86,,9694,12,,,2,31,,9684,12,,,2,72,,9707,12,,,2,29,,9689,12,,,2,75,,9691,12,,,2,28,,9690,12,,,2,68,,9685,12,,,2,29,,9703,12,,,2,69,,9688,12,,,2,30,,9701,12,,,2,100,,9702,12,,,2,100,,9697,12,,,2,99,,9696,12,,,2,100,,9698,12,,,2,100,,9700,12,,,2
7002,'DIM',700,,10489,12,,,1,102,,10496,12,,,1,100,,3943,12,,,1,101,,10492,12,,,1,28,,10493,12,,,1,73,,10495,12,,,1,29,,10485,12,,,1,25,,10494,12,,,1,75,,10491,12,,,1,25,,10500,12,,,1,79,,10498,12,,,1,67,,10501,12,,,1,36,,10483,12,,,1,65,,10497,12,,,1,31,,10503,12,,,1,23,,10499,12,,,1,78,,10502,12,,,1,68,,10487,12,,,1,36,,10505,12,,,1,74,,3946,12,,,1,97,,10504,12,,,1,95,,10482,12,,,1,95,,10484,12,,,1,100,,10488,12,,,1,99,,10486,12,,,1,103,,10490,12,,,1
7002,'SAM',659,,10532,12,,,1,143,,10512,12,,,1,100,,10520,12,,,1,101,,10519,12,,,1,25,,10528,12,,,1,76,,10533,12,,,1,29,,10530,12,,,1,24,,10524,12,,,1,75,,10523,12,,,1,26,,10522,12,,,1,79,,10525,12,,,1,75,,10521,12,,,1,27,,10531,12,,,1,65,,10529,12,,,1,28,,10527,12,,,1,26,,10526,12,,,1,79,,10515,12,,,1,69,,10511,12,,,1,36,,10513,12,,,1,74,,10508,12,,,1,96,,10517,12,,,1,95,,10509,12,,,1,96,,10510,12,,,1,99,,10516,12,,,1,99,,10514,12,,,1,103,,10518,12,,,1
7002,'SEM',534,,10541,12,,,1,96,,10561,12,,,1,26,,10562,12,,,1,73,,10540,12,,,1,77,,10543,12,,,1,27,,10545,12,,,1,70,,10560,12,,,1,30,,10538,12,,,1,70,,10567,12,,,1,30,,10546,12,,,1,67,,10568,12,,,1,33,,10563,12,,,1,26,,10565,12,,,1,74,,10564,12,,,1,69,,10539,12,,,1,30,,10566,12,,,1,24,,10559,12,,,1,76,,10544,12,,,1,71,,10547,12,,,1,30,,10542,12,,,1,70,,10536,12,,,1,33,,10537,12,,,1,68,,10550,12,,,1,33,,10551,12,,,1,66,,10555,12,,,1,33,,10554,12,,,1,91,,10552,12,,,1,82,,10556,12,,,1,94,,10548,12,,,1,112,,10553,12,,,1,106,,10549,12,,,1,99,,10558,12,,,1,105,,10557,12,,,1
