1703,'DIM',618,,6801,12,,,1,89,,6794,12,,,1,99,,100,12,,,1,101,,6796,12,,,1,97,,6797,12,,,1,101,,6793,12,,,1,100,,6799,12,,,1,99,,6795,12,,,1,102,,6798,12,,,1,100,,6800,12,,,1,102,,6783,12,,,1,98,,6787,12,,,1,99,,6786,12,,,1,101,,6785,12,,,1,99,,6788,12,,,1,99,,6791,12,,,1,101,,6784,12,,,1,100,,6789,12,,,1,102,,6790,12,,,1,120,,6792,12,,,1
1703,'SAM',540,,6813,12,,,1,78,,6819,12,,,1,89,,121,12,,,1,99,,6810,12,,,1,101,,6812,12,,,1,97,,6814,12,,,1,100,,6818,12,,,1,101,,6816,12,,,1,100,,6811,12,,,1,101,,6817,12,,,1,100,,6815,12,,,1,102,,6820,12,,,1,99,,6821,12,,,1,99,,6802,12,,,1,100,,6807,12,,,1,99,,6804,12,,,1,99,,6803,12,,,1,101,,6805,12,,,1,100,,6808,12,,,1,102,,6809,12,,,1,120,,6806,12,,,1
1703,'SEM',600,,6839,12,,,1,102,,6841,12,,,1,105,,6840,12,,,1,96,,6825,12,,,1,100,,6838,12,,,1,100,,6837,12,,,1,100,,6843,12,,,1,101,,6826,12,,,1,100,,6823,12,,,1,98,,6842,12,,,1,35,,6845,12,,,1,20,,6844,12,,,1,76,,6822,12,,,1,23,,6833,12,,,1,78,,6824,12,,,1,80,,6827,12,,,1,30,,6830,12,,,1,68,,6835,12,,,1,99,,6836,12,,,1,100,,6828,12,,,1,100,,6829,12,,,1,100,,6831,12,,,1,100,,6832,12,,,1,104,,6834,12,,,1
2703,'DIM',901,,7609,12,,,2,100,,7612,12,,,2,58,,7614,12,,,2,142,,7608,12,,,2,55,,7616,12,,,2,146,,7611,12,,,2,101,,7613,12,,,2,100,,7610,12,,,2,100,,7615,12,,,2,100,,7602,12,,,2,100,,7604,12,,,2,98,,7603,12,,,2,100,,7607,12,,,2,100,,7601,12,,,2,102,,7600,12,,,2,100,,7605,12,,,2,100,,7606,12,,,2
2703,'SAM',701,,7626,12,,,2,100,,7627,12,,,2,100,,7625,12,,,2,100,,7635,12,,,2,100,,7629,12,,,2,100,,7632,12,,,2,54,,7628,12,,,2,147,,7630,12,,,2,102,,7631,12,,,2,99,,7624,12,,,2,54,,7633,12,,,2,146,,7634,12,,,2,100,,7619,12,,,2,98,,7622,12,,,2,100,,7617,12,,,2,100,,7618,12,,,2,102,,7620,12,,,2,100,,7621,12,,,2,100,,7623,12,,,2
2703,'SEM',807,,7653,12,,,2,50,,7638,12,,,2,100,,7644,12,,,2,100,,7637,12,,,2,99,,7655,12,,,2,91,,7652,12,,,2,103,,7656,12,,,2,100,,7641,12,,,2,81,,7639,12,,,2,82,,7654,12,,,2,15,,7636,12,,,2,30,,7643,12,,,2,79,,7640,12,,,2,65,,7651,12,,,2,56,,7647,12,,,2,87,,7650,12,,,2,103,,7646,12,,,2,102,,7642,12,,,2,99,,7645,12,,,2,100,,7648,12,,,2,100,,7649,12,,,2
3103,'DIM',637,,7731,14,,,1,99,,7730,14,,,1,99,,1058,14,,,1,99,,7735,14,,,1,99,,7734,14,,,1,100,,7732,14,,,1,102,,7721,14,,,1,101,,7733,14,,,1,99,,7720,14,,,1,102,,7719,14,,,1,99,,7724,14,,,1,98,,7726,14,,,1,103,,7725,14,,,1,97,,7727,14,,,1,101,,7723,14,,,1,100,,7722,14,,,1,100,,7728,14,,,1,101,,7729,14,,,1
3103,'SAM',637,,7748,14,,,1,99,,7747,14,,,1,99,,1075,14,,,1,99,,7752,14,,,1,99,,7753,14,,,1,100,,7749,14,,,1,100,,7745,14,,,1,102,,7750,14,,,1,100,,7746,14,,,1,102,,7751,14,,,1,100,,7740,14,,,1,98,,7742,14,,,1,100,,7738,14,,,1,100,,7743,14,,,1,100,,7736,14,,,1,100,,7737,14,,,1,100,,7739,14,,,1,102,,7741,14,,,1,95,,7744,14,,,1
3103,'SEM',632,,7775,14,,,1,99,,7773,14,,,1,100,,7774,14,,,1,100,,7754,14,,,1,101,,7755,14,,,1,100,,7757,14,,,1,100,,7776,14,,,1,100,,7756,14,,,1,101,,7761,14,,,1,98,,7762,14,,,1,11,,7763,14,,,1,76,,7758,14,,,1,30,,7767,14,,,1,80,,7764,14,,,1,30,,7760,14,,,1,76,,7772,14,,,1,69,,7759,14,,,1,36,,7771,14,,,1,100,,7765,14,,,1,101,,7768,14,,,1,100,,7769,14,,,1,98,,7766,14,,,1,114,,7770,14,,,1
4303,'DIM',636,,8647,12,,,1,101,,8649,12,,,1,100,,8653,12,,,1,100,,8651,12,,,1,106,,8652,12,,,1,101,,8650,12,,,1,100,,8656,12,,,1,100,,8654,12,,,1,103,,8655,12,,,1,97,,8637,12,,,1,99,,8638,12,,,1,104,,8640,12,,,1,91,,8643,12,,,1,99,,8642,12,,,1,100,,8639,12,,,1,100,,8641,12,,,1,100,,8648,12,,,1,100,,8644,12,,,1,99,,8646,12,,,1,100,,8645,12,,,1
4303,'SAM',636,,8668,12,,,1,101,,8658,12,,,1,100,,8673,12,,,1,100,,8659,12,,,1,106,,8660,12,,,1,101,,8671,12,,,1,100,,8669,12,,,1,100,,8674,12,,,1,102,,8670,12,,,1,101,,8672,12,,,1,98,,8657,12,,,1,98,,8675,12,,,1,95,,8664,12,,,1,99,,8661,12,,,1,100,,2041,12,,,1,100,,8662,12,,,1,100,,8663,12,,,1,100,,8667,12,,,1,99,,8665,12,,,1,100,,8666,12,,,1
4303,'SEM',637,,8697,12,,,1,100,,8698,12,,,1,81,,8679,12,,,1,104,,8699,12,,,1,31,,8678,12,,,1,69,,8695,12,,,1,30,,8685,12,,,1,71,,8681,12,,,1,30,,8701,12,,,1,70,,8700,12,,,1,30,,8696,12,,,1,72,,8682,12,,,1,28,,8683,12,,,1,70,,8687,12,,,1,30,,8702,12,,,1,70,,8677,12,,,1,25,,8684,12,,,1,70,,8680,12,,,1,19,,8703,12,,,1,76,,8686,12,,,1,31,,8676,12,,,1,71,,8692,12,,,1,101,,8693,12,,,1,101,,8694,12,,,1,101,,8688,12,,,1,101,,8689,12,,,1,109,,8690,12,,,1,106,,8691,12,,,1
6002,'DIM',657,,9823,12,,,1,100,,9832,12,,,1,99,,9830,12,,,1,100,,9831,12,,,1,100,,9833,12,,,1,100,,9836,12,,,1,101,,9834,12,,,1,100,,9837,12,,,1,100,,9835,12,,,1,99,,9838,12,,,1,99,,9839,12,,,1,100,,9825,12,,,1,101,,9827,12,,,1,101,,9826,12,,,1,101,,9828,12,,,1,100,,9822,12,,,1,100,,9824,12,,,1,99,,9829,12,,,1
6002,'SAM',657,,9851,12,,,1,100,,9842,12,,,1,99,,9854,12,,,1,100,,9856,12,,,1,100,,9852,12,,,1,100,,9855,12,,,1,101,,9853,12,,,1,100,,9841,12,,,1,100,,9857,12,,,1,99,,9840,12,,,1,99,,9844,12,,,1,102,,9849,12,,,1,99,,9845,12,,,1,101,,9846,12,,,1,101,,9850,12,,,1,100,,9843,12,,,1,100,,9847,12,,,1,99,,9848,12,,,1
6002,'SEM',628,,9875,12,,,1,100,,9873,12,,,1,101,,9859,12,,,1,99,,9876,12,,,1,100,,9874,12,,,1,101,,9864,12,,,1,100,,9858,12,,,1,99,,9860,12,,,1,101,,9872,12,,,1,99,,9861,12,,,1,101,,9866,12,,,1,106,,9863,12,,,1,94,,9869,12,,,1,100,,9867,12,,,1,99,,9862,12,,,1,100,,9865,12,,,1,99,,9868,12,,,1,90,,9871,12,,,1,100,,9870,12,,,1
7303,'DIM',652,,10582,12,,,1,99,,10579,12,,,1,100,,10580,12,,,1,98,,10583,12,,,1,100,,10586,12,,,1,100,,10581,12,,,1,100,,10584,12,,,1,102,,10578,12,,,1,99,,10585,12,,,1,102,,10587,12,,,1,99,,10572,12,,,1,99,,10569,12,,,1,101,,10575,12,,,1,99,,10571,12,,,1,100,,10570,12,,,1,100,,10573,12,,,1,100,,10574,12,,,1,102,,10577,12,,,1,105,,10576,12,,,1
7303,'SAM',558,,10601,12,,,1,94,,10598,12,,,1,99,,10597,12,,,1,100,,10602,12,,,1,98,,10604,12,,,1,101,,10600,12,,,1,99,,10591,12,,,1,100,,10603,12,,,1,102,,10599,12,,,1,99,,10605,12,,,1,102,,10606,12,,,1,101,,10590,12,,,1,98,,10588,12,,,1,99,,10589,12,,,1,100,,10593,12,,,1,100,,10592,12,,,1,100,,4040,12,,,1,100,,10594,12,,,1,102,,4041,12,,,1,105,,10595,12,,,1,100,,4042,12,,,1,100,,10596,12,,,1
7303,'SEM',545,,10643,12,,,1,66,,10640,12,,,1,38,,10639,12,,,1,10,,10644,12,,,1,79,,10633,12,,,1,16,,10609,12,,,1,83,,10641,12,,,1,12,,10608,12,,,1,70,,10626,12,,,1,31,,10642,12,,,1,69,,10610,12,,,1,31,,10615,12,,,1,69,,10625,12,,,1,31,,10616,12,,,1,69,,10645,12,,,1,30,,10611,12,,,1,70,,10614,12,,,1,30,,10620,12,,,1,70,,10607,12,,,1,30,,10617,12,,,1,75,,10646,12,,,1,24,,10627,12,,,1,55,,10619,12,,,1,21,,10612,12,,,1,16,,10613,12,,,1,63,,10623,12,,,1,17,,10621,12,,,1,30,,10634,12,,,1,55,,10622,12,,,1,16,,10618,12,,,1,33,,10628,12,,,1,70,,10631,12,,,1,32,,10624,12,,,1,99,,10636,12,,,1,100,,10629,12,,,1,100,,10635,12,,,1,100,,10630,12,,,1,81,,10632,12,,,1,95,,10637,12,,,1,121,,10638,12,,,1
7401,'DIM',722,,10736,12,,,2,99,,10737,12,,,2,101,,10740,12,,,2,97,,10739,12,,,2,101,,10741,12,,,2,100,,10738,12,,,2,101,,10735,12,,,2,99,,10734,12,,,2,102,,10742,12,,,2,99,,10728,12,,,2,102,,10729,12,,,2,99,,10731,12,,,2,99,,10732,12,,,2,99,,10733,12,,,2,101,,10727,12,,,2,99,,10726,12,,,2,101,,10730,12,,,2
7401,'SAM',722,,10751,12,,,2,99,,10753,12,,,2,101,,10752,12,,,2,98,,10755,12,,,2,100,,10757,12,,,2,100,,10759,12,,,2,102,,10754,12,,,2,98,,10758,12,,,2,101,,10756,12,,,2,100,,10743,12,,,2,101,,10746,12,,,2,101,,10748,12,,,2,99,,10747,12,,,2,98,,10749,12,,,2,101,,10744,12,,,2,99,,10750,12,,,2,101,,10745,12,,,2
7401,'SEM',624,,10776,12,,,2,95,,10760,12,,,2,101,,10775,12,,,2,103,,10764,12,,,2,101,,10765,12,,,2,101,,10779,12,,,2,99,,10763,12,,,2,101,,10778,12,,,2,100,,10777,12,,,2,93,,10762,12,,,2,93,,10766,12,,,2,101,,10761,12,,,2,30,,10768,12,,,2,85,,10774,12,,,2,99,,10767,12,,,2,101,,10770,12,,,2,100,,10771,12,,,2,100,,10769,12,,,2,100,,10772,12,,,2,95,,10773,12,,,2
