1704,'DIM',505,,6858,30,,,1,50,,6859,30,,,1,101,,6863,30,,,1,102,,6857,30,,,1,101,,165,30,,,1,100,,6861,30,,,1,141,,6862,30,,,1,100,,6864,30,,,1,101,,6865,30,,,1,101,,6860,30,,,1,102,,6846,30,,,1,99,,6847,30,,,1,100,,6850,30,,,1,101,,6852,30,,,1,98,,6851,30,,,1,98,,6849,30,,,1,100,,6853,30,,,1,59,,6856,30,,,1,99,,6848,30,,,1,99,,6854,30,,,1,96,,6855,30,,,1
1704,'SAM',505,,6878,30,,,1,50,,6879,30,,,1,101,,6885,30,,,1,102,,6882,30,,,1,101,,6877,30,,,1,100,,6881,30,,,1,141,,6886,30,,,1,100,,6884,30,,,1,101,,6883,30,,,1,101,,6880,30,,,1,101,,6867,30,,,1,100,,6868,30,,,1,101,,6870,30,,,1,100,,6872,30,,,1,98,,6866,30,,,1,98,,6874,30,,,1,100,,6871,30,,,1,59,,6869,30,,,1,99,,6873,30,,,1,99,,6875,30,,,1,96,,6876,30,,,1
1704,'SEM',517,,6901,30,,,1,93,,6906,30,,,1,22,,6909,30,,,1,22,,6888,30,,,1,67,,6892,30,,,1,35,,6893,30,,,1,61,,6887,30,,,1,98,,6890,30,,,1,85,,6891,30,,,1,100,,6894,30,,,1,100,,6905,30,,,1,100,,6907,30,,,1,100,,6896,30,,,1,102,,6908,30,,,1,101,,6889,30,,,1,105,,6897,30,,,1,95,,6895,30,,,1,97,,6898,30,,,1,101,,6903,30,,,1,100,,6904,30,,,1,100,,6899,30,,,1,100,,6900,30,,,1,99,,6902,30,,,1
3104,'DIM',625,,7789,40,,,1,103,,7790,40,,,1,100,,7788,40,,,1,101,,7794,40,,,1,101,,7795,40,,,1,100,,7793,40,,,1,100,,7791,40,,,1,103,,7779,40,,,1,101,,7792,40,,,1,100,,7778,40,,,1,101,,7777,40,,,1,99,,7782,40,,,1,98,,7784,40,,,1,102,,7783,40,,,1,96,,7785,40,,,1,100,,7781,40,,,1,99,,7780,40,,,1,98,,7786,40,,,1,102,,7787,40,,,1
3104,'SAM',525,,1137,40,,,1,100,,7805,40,,,1,103,,7808,40,,,1,100,,7807,40,,,1,101,,7810,40,,,1,101,,7813,40,,,1,100,,7814,40,,,1,100,,7809,40,,,1,102,,7804,40,,,1,101,,7811,40,,,1,101,,7806,40,,,1,101,,7812,40,,,1,100,,7800,40,,,1,98,,7802,40,,,1,99,,7798,40,,,1,99,,7803,40,,,1,99,,7796,40,,,1,99,,7797,40,,,1,98,,7799,40,,,1,102,,7801,40,,,1
3104,'SEM',449,,7823,40,,,1,77,,7824,40,,,1,91,,7835,40,,,1,21,,7837,40,,,1,63,,7817,40,,,1,34,,7836,40,,,1,68,,7833,40,,,1,29,,7831,40,,,1,75,,7832,40,,,1,22,,7834,40,,,1,100,,7815,40,,,1,102,,7816,40,,,1,100,,7819,40,,,1,101,,7838,40,,,1,100,,7818,40,,,1,102,,7821,40,,,1,100,,7822,40,,,1,96,,7820,40,,,1,103,,7825,40,,,1,97,,7830,40,,,1,105,,7829,40,,,1,99,,7826,40,,,1,102,,7827,40,,,1,100,,7828,40,,,1
7304,'DIM',540,,10665,58,,,1,70,,10654,58,,,1,102,,10658,58,,,1,101,,10661,58,,,1,101,,10657,58,,,1,101,,10659,58,,,1,100,,10662,58,,,1,100,,10666,58,,,1,102,,10660,58,,,1,101,,10663,58,,,1,101,,10656,58,,,1,100,,10664,58,,,1,100,,10667,58,,,1,100,,10650,58,,,1,99,,10647,58,,,1,97,,10653,58,,,1,100,,10649,58,,,1,99,,10648,58,,,1,98,,10651,58,,,1,101,,10652,58,,,1,99,,10655,58,,,1
7304,'SAM',540,,10686,58,,,1,70,,10676,58,,,1,102,,10681,58,,,1,101,,10678,58,,,1,101,,10677,58,,,1,101,,10682,58,,,1,100,,10684,58,,,1,101,,10680,58,,,1,101,,10671,58,,,1,101,,10683,58,,,1,101,,10679,58,,,1,100,,10685,58,,,1,100,,10687,58,,,1,100,,10670,58,,,1,98,,10668,58,,,1,98,,10669,58,,,1,100,,10673,58,,,1,99,,10672,58,,,1,98,,4131,58,,,1,101,,10674,58,,,1,99,,4133,58,,,1,100,,10675,58,,,1,99,,4134,58,,,1
7304,'SEM',502,,10719,58,,,1,41,,10716,58,,,1,82,,10722,58,,,1,18,,10725,58,,,1,71,,10721,58,,,1,14,,10718,58,,,1,14,,10694,58,,,1,68,,10696,58,,,1,14,,10717,58,,,1,15,,10723,58,,,1,65,,10712,58,,,1,31,,10690,58,,,1,80,,10689,58,,,1,29,,10705,58,,,1,70,,10720,58,,,1,30,,10691,58,,,1,71,,10695,58,,,1,36,,10704,58,,,1,66,,10697,58,,,1,30,,10724,58,,,1,70,,10692,58,,,1,30,,10693,58,,,1,72,,10701,58,,,1,31,,10688,58,,,1,72,,10698,58,,,1,79,,10708,58,,,1,22,,10706,58,,,1,28,,10700,58,,,1,69,,10707,58,,,1,36,,10702,58,,,1,60,,10713,58,,,1,30,,10699,58,,,1,70,,10709,58,,,1,30,,10711,58,,,1,73,,10703,58,,,1,97,,10715,58,,,1,99,,10710,58,,,1,103,,10714,58,,,1
7402,'DIM',641,,10786,71,,,2,101,,10789,71,,,2,101,,6451,71,,,2,101,,10790,71,,,2,101,,10788,71,,,2,100,,10787,71,,,2,101,,10793,71,,,2,100,,10792,71,,,2,103,,10794,71,,,2,99,,10791,71,,,2,99,,10781,71,,,2,102,,10780,71,,,2,98,,10782,71,,,2,98,,10783,71,,,2,100,,6443,71,,,2,100,,10784,71,,,2,98,,10785,71,,,2
7402,'SAM',641,,10802,71,,,2,101,,10806,71,,,2,101,,10804,71,,,2,101,,10801,71,,,2,101,,10805,71,,,2,100,,10807,71,,,2,101,,10810,71,,,2,101,,10803,71,,,2,100,,10808,71,,,2,101,,10811,71,,,2,100,,10809,71,,,2,100,,10795,71,,,2,99,,10797,71,,,2,98,,10799,71,,,2,100,,10798,71,,,2,100,,10800,71,,,2,98,,10796,71,,,2
7402,'SEM',559,,10825,71,,,2,89,,10830,71,,,2,60,,10813,71,,,2,41,,10824,71,,,2,100,,10814,71,,,2,99,,10812,71,,,2,99,,10816,71,,,2,101,,10826,71,,,2,97,,10829,71,,,2,100,,10815,71,,,2,101,,10828,71,,,2,102,,10827,71,,,2,100,,10817,71,,,2,97,,10818,71,,,2,100,,10821,71,,,2,98,,10823,71,,,2,99,,10819,71,,,2,103,,10820,71,,,2,98,,10822,71,,,2
