202,'SAM',2626,,6708,20,4,,1,81,,6709,20,4,,1
202,'SEM',526,,6714,20,4,,1,30,,6715,20,4,,1,55,,6710,20,4,,1,1999,,6711,20,4,,1,41,,6712,20,4,,1,81,,6713,20,4,,1
1601,'SEM',1625,,6774,19,4,,1,32,,6772,19,4,,1,74,,6775,19,4,,1,24,,6773,19,4,,1,72,,6776,19,4,,1
2601,'DIM',515,,634,61,4,,2,92,,7312,61,4,,2,45,,7319,61,4,,2,81,,622,61,4,,2,25,,7328,61,4,,2,66,,7322,61,4,,2,31,,7324,61,4,,2,70,,639,61,4,,2,33,,7335,61,4,,2,69,,7329,61,4,,2,30,,7323,61,4,,2,66,,7332,61,4,,2,24,,7325,61,4,,2,60,,7336,61,4,,2,20,,7318,61,4,,2,20,,7338,61,4,,2,60,,7331,61,4,,2,19,,7340,61,4,,2,22,,7302,61,4,,2,59,,7333,61,4,,2,22,,7321,61,4,,2,19,,7326,61,4,,2,61,,7327,61,4,,2,22,,7303,61,4,,2,17,,7304,61,4,,2,60,,7305,61,4,,2,20,,7320,61,4,,2,19,,7301,61,4,,2,61,,7334,61,4,,2,21,,7337,61,4,,2,20,,7330,61,4,,2,62,,7314,61,4,,2,43,,7317,61,4,,2,71,,7315,61,4,,2,29,,7308,61,4,,2,70,,7339,61,4,,2,30,,7341,61,4,,2,70,,7310,61,4,,2,29,,7306,61,4,,2,69,,7316,61,4,,2,27,,7307,61,4,,2,69,,7309,61,4,,2,29,,7311,61,4,,2,67,,7313,61,4,,2
2601,'SAM',515,,7366,61,4,,2,92,,7358,61,4,,2,45,,7369,61,4,,2,81,,676,61,4,,2,25,,7376,61,4,,2,66,,7373,61,4,,2,31,,7378,61,4,,2,70,,7374,61,4,,2,32,,7382,61,4,,2,70,,7379,61,4,,2,30,,7386,61,4,,2,65,,7372,61,4,,2,25,,7384,61,4,,2,62,,7368,61,4,,2,18,,7387,61,4,,2,21,,7380,61,4,,2,59,,7345,61,4,,2,19,,7383,61,4,,2,22,,7377,61,4,,2,60,,7367,61,4,,2,21,,7370,61,4,,2,21,,7371,61,4,,2,59,,7342,61,4,,2,22,,7344,61,4,,2,17,,7348,61,4,,2,60,,7346,61,4,,2,20,,7381,61,4,,2,18,,7375,61,4,,2,61,,7349,61,4,,2,22,,7385,61,4,,2,20,,7353,61,4,,2,62,,7357,61,4,,2,43,,7360,61,4,,2,71,,7363,61,4,,2,29,,7365,61,4,,2,70,,7361,61,4,,2,30,,7343,61,4,,2,70,,7352,61,4,,2,29,,7351,61,4,,2,69,,7359,61,4,,2,27,,7347,61,4,,2,69,,7355,61,4,,2,29,,7364,61,4,,2,67,,7350,61,4,,2,30,,7354,61,4,,2,70,,7356,61,4,,2,30,,679,61,4,,2,81,,7362,61,4,,2
2601,'SEM',514,,7435,61,4,,2,37,,7421,61,4,,2,71,,7426,61,4,,2,16,,7436,61,4,,2,13,,7440,61,4,,2,53,,7444,61,4,,2,11,,7411,61,4,,2,10,,7394,61,4,,2,12,,7388,61,4,,2,11,,7430,61,4,,2,56,,7404,61,4,,2,10,,7397,61,4,,2,12,,7432,61,4,,2,14,,7431,61,4,,2,16,,7438,61,4,,2,59,,7400,61,4,,2,23,,7393,61,4,,2,62,,7398,61,4,,2,21,,7442,61,4,,2,20,,7422,61,4,,2,60,,7390,61,4,,2,21,,7437,61,4,,2,22,,7429,61,4,,2,59,,7392,61,4,,2,20,,7433,61,4,,2,20,,7396,61,4,,2,61,,7441,61,4,,2,22,,7423,61,4,,2,22,,7425,61,4,,2,55,,7434,61,4,,2,25,,7427,61,4,,2,20,,7443,61,4,,2,54,,7391,61,4,,2,17,,7424,61,4,,2,25,,7389,61,4,,2,64,,7428,61,4,,2,20,,7439,61,4,,2,20,,7395,61,4,,2,60,,7405,61,4,,2,20,,7407,61,4,,2,22,,7399,61,4,,2,58,,7412,61,4,,2,21,,7413,61,4,,2,17,,7414,61,4,,2,69,,7418,61,4,,2,30,,7410,61,4,,2,70,,7401,61,4,,2,28,,7402,61,4,,2,74,,7416,61,4,,2,25,,7419,61,4,,2,73,,7408,61,4,,2,22,,7403,61,4,,2,75,,7409,61,4,,2,29,,7406,61,4,,2,70,,7415,61,4,,2,16,,7417,61,4,,2,102,,7420,61,4,,2
3303,'DIM',707,,7843,52,4,,1,132,,7847,52,4,,1,172,,7845,52,4,,1,132,,7842,52,4,,1,168,,7844,52,4,,1,130,,7839,52,4,,1,170,,7846,52,4,,1,133,,7848,52,4,,1,166,,7849,52,4,,1,130,,7841,52,4,,1,169,,7840,52,4,,1
3303,'SAM',707,,7853,52,4,,1,132,,7854,52,4,,1,172,,7856,52,4,,1,132,,7857,52,4,,1,168,,7858,52,4,,1,130,,7855,52,4,,1,170,,7860,52,4,,1,136,,7859,52,4,,1,163,,7851,52,4,,1,130,,7852,52,4,,1,169,,7850,52,4,,1
3303,'SEM',556,,7882,29,4,,1,81,,7872,52,4,,1,73,,7883,29,4,,1,25,,7873,52,4,,1,74,,7862,52,4,,1,26,,7880,52,4,,1,100,,7879,52,4,,1,100,,7874,52,4,,1,100,,7877,52,4,,1,94,,7865,52,4,,1,106,,7876,52,4,,1,101,,7861,52,4,,1,87,,7878,52,4,,1,33,,7881,52,4,,1,66,,7875,52,4,,1,99,,7863,52,4,,1,28,,7864,52,4,,1,74,,7870,52,4,,1,80,,7866,52,4,,1,31,,7868,52,4,,1,103,,7867,52,4,,1,103,,7871,52,4,,1,104,,7869,52,4,,1
3601,'SEM',645,,7935,38,4,,2,63,,7930,38,4,,2,11,,7929,38,4,,2,23,,7932,38,4,,2,15,,7933,38,4,,2,63,,7936,38,4,,2,14,,7931,38,4,,2,79,,7934,38,4,,2
4001,'DIM',835,,8199,30,4,,1,102,,8208,30,4,,1,102,,8210,30,4,,1,100,,8211,30,4,,1,99,,8209,30,4,,1,101,,8212,30,4,,1,100,,8207,30,4,,1,100,,8206,30,4,,1,100,,8196,30,4,,1,103,,8202,30,4,,1,97,,8205,30,4,,1,98,,8203,30,4,,1,99,,8198,30,4,,1,99,,8197,30,4,,1,98,,8200,30,4,,1,100,,8201,30,4,,1,93,,8204,30,4,,1
4001,'SAM',732,,8219,30,4,,1,103,,8221,30,4,,1,102,,8228,30,4,,1,102,,8225,30,4,,1,96,,8226,30,4,,1,104,,8224,30,4,,1,100,,8229,30,4,,1,100,,8227,30,4,,1,99,,8220,30,4,,1,101,,8230,30,4,,1,103,,8213,30,4,,1,97,,8222,30,4,,1,98,,8214,30,4,,1,99,,8216,30,4,,1,99,,8223,30,4,,1,98,,8215,30,4,,1,100,,8217,30,4,,1,93,,8218,30,4,,1
4001,'SEM',504,,8236,30,4,,1,25,,8258,30,4,,1,76,,8241,30,4,,1,33,,8260,30,4,,1,71,,8234,30,4,,1,25,,8264,30,4,,1,21,,8267,30,4,,1,63,,8265,30,4,,1,18,,8251,30,4,,1,69,,8240,30,4,,1,23,,8233,30,4,,1,76,,8235,30,4,,1,30,,8242,30,4,,1,70,,8261,30,4,,1,31,,8243,30,4,,1,71,,8263,30,4,,1,30,,8259,30,4,,1,70,,8238,30,4,,1,30,,8262,30,4,,1,75,,8232,30,4,,1,37,,8239,30,4,,1,60,,8237,30,4,,1,30,,8231,30,4,,1,71,,8247,30,4,,1,33,,8266,30,4,,1,72,,8248,30,4,,1,28,,8244,30,4,,1,74,,8252,30,4,,1,31,,8245,30,4,,1,70,,8253,30,4,,1,28,,8250,30,4,,1,69,,8254,30,4,,1,99,,8249,30,4,,1,97,,8246,30,4,,1,104,,8255,30,4,,1,87,,8256,30,4,,1,100,,8257,30,4,,1
4504,'DIM',637,,8845,54,4,,1,100,,8838,54,4,,1,100,,8846,54,4,,1,101,,8848,54,4,,1,100,,8852,54,4,,1,97,,8853,54,4,,1,103,,8849,54,4,,1,98,,8844,54,4,,1,108,,8842,54,4,,1,98,,8836,54,4,,1,100,,8851,54,4,,1,96,,8847,54,4,,1,100,,8850,54,4,,1,102,,8837,54,4,,1,100,,8843,54,4,,1,101,,8839,54,4,,1,100,,8840,54,4,,1,99,,8841,54,4,,1
4504,'SAM',637,,2249,54,4,,1,100,,8867,54,4,,1,100,,8864,54,4,,1,101,,8868,54,4,,1,100,,8866,54,4,,1,101,,8855,54,4,,1,98,,8865,54,4,,1,102,,8854,54,4,,1,104,,8860,54,4,,1,101,,8869,54,4,,1,98,,8857,54,4,,1,96,,8870,54,4,,1,100,,8858,54,4,,1,102,,8862,54,4,,1,100,,8856,54,4,,1,101,,8861,54,4,,1,100,,8859,54,4,,1,99,,8863,54,4,,1
4504,'SEM',554,,8890,54,4,,1,55,,8891,54,4,,1,44,,8896,54,4,,1,85,,8876,54,4,,1,19,,8874,54,4,,1,58,,8872,54,4,,1,17,,8889,54,4,,1,90,,8875,54,4,,1,106,,8893,54,4,,1,112,,8888,54,4,,1,96,,8878,54,4,,1,94,,8877,54,4,,1,100,,8894,54,4,,1,83,,8873,54,4,,1,25,,8871,54,4,,1,72,,8892,54,4,,1,30,,8895,54,4,,1,78,,8880,54,4,,1,34,,8883,54,4,,1,81,,8884,54,4,,1,102,,8882,54,4,,1,104,,8881,54,4,,1,102,,8885,54,4,,1,90,,8887,54,4,,1,99,,8879,54,4,,1,95,,8886,54,4,,1
4604,'DIM',552,,8969,69,4,,1,100,,8975,69,4,,1,102,,8977,69,4,,1,99,,8978,69,4,,1,147,,8972,69,4,,1,107,,8982,69,4,,1,96,,8979,69,4,,1,103,,8984,69,4,,1,100,,8985,69,4,,1,101,,8976,69,4,,1,101,,8980,69,4,,1,99,,8968,69,4,,1,101,,8983,69,4,,1,98,,8981,69,4,,1,98,,8971,69,4,,1,98,,8986,69,4,,1,99,,8974,69,4,,1,57,,8970,69,4,,1,100,,8973,69,4,,1
4604,'SAM',552,,8989,69,4,,1,100,,8998,69,4,,1,102,,8999,69,4,,1,99,,9000,69,4,,1,147,,9004,69,4,,1,108,,9003,69,4,,1,95,,9002,69,4,,1,103,,8997,69,4,,1,99,,9005,69,4,,1,97,,8987,69,4,,1,106,,8988,69,4,,1,105,,9001,69,4,,1,95,,9006,69,4,,1,98,,8991,69,4,,1,98,,8992,69,4,,1,98,,8995,69,4,,1,99,,8993,69,4,,1,57,,8996,69,4,,1,100,,8990,69,4,,1,98,,8994,69,4,,1
4604,'SEM',512,,2964,69,4,,1,47,,9023,69,4,,1,70,,9031,69,4,,1,28,,9035,69,4,,1,59,,9009,69,4,,1,26,,9016,69,4,,1,67,,9028,69,4,,1,30,,9010,69,4,,1,72,,9032,69,4,,1,28,,9026,69,4,,1,70,,9024,69,4,,1,29,,9011,69,4,,1,70,,9029,69,4,,1,30,,9008,69,4,,1,70,,9025,69,4,,1,31,,9027,69,4,,1,74,,9007,69,4,,1,27,,9037,69,4,,1,68,,9012,69,4,,1,32,,9033,69,4,,1,70,,9036,69,4,,1,34,,9015,69,4,,1,79,,9030,69,4,,1,30,,9034,69,4,,1,63,,9014,69,4,,1,101,,9013,69,4,,1,94,,9020,69,4,,1,96,,9022,69,4,,1,94,,9019,69,4,,1,99,,9018,69,4,,1,58,,9017,69,4,,1,99,,9021,69,4,,1
5601,'DIM',713,,9496,63,4,,2,100,,9498,63,4,,2,100,,9495,63,4,,2,30,,9501,63,4,,2,72,,9494,63,4,,2,29,,9493,63,4,,2,71,,9500,63,4,,2,30,,9499,63,4,,2,70,,9490,63,4,,2,32,,9503,63,4,,2,70,,9497,63,4,,2,31,,9491,63,4,,2,71,,9504,63,4,,2,30,,9492,63,4,,2,70,,9481,63,4,,2,30,,9482,63,4,,2,70,,9484,63,4,,2,30,,9488,63,4,,2,74,,9502,63,4,,2,33,,9485,63,4,,2,68,,9486,63,4,,2,91,,9505,63,4,,2,99,,9487,63,4,,2,100,,9483,63,4,,2,100,,9489,63,4,,2
5601,'SAM',713,,9524,63,4,,2,100,,9520,63,4,,2,100,,9519,63,4,,2,32,,9522,63,4,,2,69,,9527,63,4,,2,26,,9523,63,4,,2,76,,9529,63,4,,2,29,,9521,63,4,,2,70,,9525,63,4,,2,32,,9530,63,4,,2,70,,9506,63,4,,2,31,,9528,63,4,,2,71,,9512,63,4,,2,30,,9509,63,4,,2,70,,9526,63,4,,2,30,,9510,63,4,,2,71,,9513,63,4,,2,29,,9514,63,4,,2,74,,9507,63,4,,2,32,,9516,63,4,,2,69,,9518,63,4,,2,91,,9515,63,4,,2,99,,9517,63,4,,2,100,,9511,63,4,,2,100,,9508,63,4,,2
5601,'SEM',510,,9560,63,4,,2,100,,9551,63,4,,2,33,,9557,63,4,,2,68,,9536,63,4,,2,28,,9533,63,4,,2,79,,9548,63,4,,2,30,,9532,63,4,,2,72,,9537,63,4,,2,30,,9554,63,4,,2,75,,9555,63,4,,2,20,,9558,63,4,,2,75,,9552,63,4,,2,30,,9561,63,4,,2,70,,9549,63,4,,2,32,,9538,63,4,,2,70,,9547,63,4,,2,31,,9550,63,4,,2,71,,9559,63,4,,2,29,,9553,63,4,,2,72,,9531,63,4,,2,30,,9534,63,4,,2,71,,9535,63,4,,2,75,,9556,63,4,,2,34,,9542,63,4,,2,24,,9541,63,4,,2,68,,9539,63,4,,2,28,,9545,63,4,,2,98,,9543,63,4,,2,104,,9546,63,4,,2,85,,9540,63,4,,2,90,,9544,63,4,,2
6104,'DIM',658,,9950,60,4,,2,100,,9951,60,4,,2,143,,9948,60,4,,2,103,,9952,60,4,,2,101,,9954,60,4,,2,102,,9953,60,4,,2,102,,9949,60,4,,2,103,,9947,60,4,,2,102,,9937,60,4,,2,103,,9940,60,4,,2,94,,9942,60,4,,2,102,,9944,60,4,,2,96,,9946,60,4,,2,97,,9945,60,4,,2,98,,9941,60,4,,2,98,,9938,60,4,,2,98,,9939,60,4,,2,59,,9943,60,4,,2
6104,'SAM',658,,9963,60,4,,2,100,,9962,60,4,,2,143,,9965,60,4,,2,104,,9967,60,4,,2,100,,9970,60,4,,2,102,,9964,60,4,,2,99,,9968,60,4,,2,106,,9971,60,4,,2,102,,9969,60,4,,2,103,,9972,60,4,,2,94,,9966,60,4,,2,101,,9958,60,4,,2,100,,9955,60,4,,2,94,,9959,60,4,,2,98,,9957,60,4,,2,98,,9960,60,4,,2,98,,9956,60,4,,2,59,,9961,60,4,,2
6104,'SEM',525,,9976,60,4,,2,101,,9987,60,4,,2,75,,9973,60,4,,2,22,,9990,60,4,,2,36,,9985,60,4,,2,69,,9994,60,4,,2,102,,9974,60,4,,2,100,,9975,60,4,,2,102,,9992,60,4,,2,104,,9986,60,4,,2,100,,9989,60,4,,2,102,,9988,60,4,,2,100,,9991,60,4,,2,111,,9993,60,4,,2,66,,9980,60,4,,2,97,,9983,60,4,,2,96,,9981,60,4,,2,100,,9977,60,4,,2,98,,9984,60,4,,2,39,,9978,60,4,,2,89,,9979,60,4,,2,101,,9982,60,4,,2
6504,'DIM',726,,10223,68,4,,2,102,,10221,68,4,,2,101,,10224,68,4,,2,102,,10226,68,4,,2,102,,10228,68,4,,2,102,,10225,68,4,,2,99,,10222,68,4,,2,102,,10230,68,4,,2,106,,10227,68,4,,2,95,,10229,68,4,,2,97,,10216,68,4,,2,101,,10218,68,4,,2,97,,10217,68,4,,2,98,,10219,68,4,,2,100,,10220,68,4,,2,96,,10214,68,4,,2,100,,10215,68,4,,2
6504,'SAM',726,,10240,68,4,,2,102,,10239,68,4,,2,101,,10243,68,4,,2,102,,10242,68,4,,2,102,,10244,68,4,,2,101,,10246,68,4,,2,99,,10247,68,4,,2,103,,10245,68,4,,2,105,,10241,68,4,,2,96,,10231,68,4,,2,97,,10233,68,4,,2,101,,10236,68,4,,2,99,,10237,68,4,,2,96,,3667,68,4,,2,100,,10238,68,4,,2,96,,10235,68,4,,2,100,,10232,68,4,,2,99,,10234,68,4,,2
6504,'SEM',544,,10271,68,4,,2,87,,10281,68,4,,2,26,,10250,68,4,,2,60,,10259,68,4,,2,16,,10266,68,4,,2,12,,10279,68,4,,2,10,,10249,68,4,,2,50,,10280,68,4,,2,10,,10276,68,4,,2,23,,10251,68,4,,2,70,,10253,68,4,,2,32,,10268,68,4,,2,70,,10284,68,4,,2,33,,10254,68,4,,2,71,,10255,68,4,,2,27,,10273,68,4,,2,75,,10256,68,4,,2,27,,10283,68,4,,2,80,,10277,68,4,,2,20,,10278,68,4,,2,70,,10282,68,4,,2,30,,10258,68,4,,2,70,,10261,68,4,,2,38,,10252,68,4,,2,67,,10265,68,4,,2,40,,10267,68,4,,2,73,,10248,68,4,,2,20,,10260,68,4,,2,64,,10257,68,4,,2,36,,10272,68,4,,2,71,,10274,68,4,,2,86,,10263,68,4,,2,99,,10262,68,4,,2,97,,10264,68,4,,2,99,,10269,68,4,,2,99,,10270,68,4,,2,98,,10275,68,4,,2
7002,'DIM',620,,10507,68,4,,1,80,,10506,68,4,,1,50,,10489,91,4,,1,104,,10496,91,4,,1,101,,3943,91,4,,1,102,,10492,91,4,,1,68,,10493,91,4,,1,34,,10495,91,4,,1,69,,10485,91,4,,1,25,,10494,91,4,,1,75,,10491,91,4,,1,25,,10500,91,4,,1,79,,10498,91,4,,1,68,,10501,91,4,,1,36,,10483,91,4,,1,65,,10497,91,4,,1,31,,10503,91,4,,1,23,,10499,91,4,,1,78,,10502,91,4,,1,67,,10487,91,4,,1,35,,10505,91,4,,1,73,,3946,91,4,,1,97,,10504,91,4,,1,54,,10482,91,4,,1,95,,10484,91,4,,1,97,,10488,91,4,,1,99,,10486,91,4,,1,103,,10490,91,4,,1
7002,'SAM',620,,10534,68,4,,1,80,,10535,68,4,,1,49,,10532,91,4,,1,105,,10512,91,4,,1,101,,10520,91,4,,1,102,,10519,91,4,,1,65,,10528,91,4,,1,37,,10533,91,4,,1,69,,10530,91,4,,1,24,,10524,91,4,,1,75,,10523,91,4,,1,26,,10522,91,4,,1,79,,10525,91,4,,1,76,,10521,91,4,,1,27,,10531,91,4,,1,65,,10529,91,4,,1,28,,10527,91,4,,1,26,,10526,91,4,,1,79,,10515,91,4,,1,68,,10511,91,4,,1,35,,10513,91,4,,1,73,,10508,91,4,,1,96,,10517,91,4,,1,54,,10509,91,4,,1,96,,10510,91,4,,1,96,,10516,91,4,,1,99,,10514,91,4,,1,103,,10518,91,4,,1
7002,'SEM',628,,10541,91,4,,1,100,,10561,91,4,,1,26,,10562,91,4,,1,73,,10540,91,4,,1,77,,10543,91,4,,1,27,,10545,91,4,,1,69,,10560,91,4,,1,30,,10538,91,4,,1,70,,10567,91,4,,1,31,,10546,91,4,,1,28,,10568,91,4,,1,73,,10563,91,4,,1,26,,10565,91,4,,1,74,,10564,91,4,,1,70,,10539,91,4,,1,30,,10566,91,4,,1,25,,10559,91,4,,1,77,,10544,91,4,,1,73,,10547,91,4,,1,31,,10542,91,4,,1,70,,10536,91,4,,1,33,,10537,91,4,,1,65,,10550,91,4,,1,31,,10551,91,4,,1,64,,10555,91,4,,1,30,,10554,91,4,,1,90,,10552,91,4,,1,81,,10556,91,4,,1,52,,10548,91,4,,1,150,,10553,91,4,,1,106,,10549,91,4,,1,96,,10558,91,4,,1,105,,10557,91,4,,1
7601,'DIM',512,,10861,43,4,,2,100,,10834,88,4,,2,25,,10848,88,4,,2,104,,10849,88,4,,2,101,,10841,88,4,,2,101,,10853,88,4,,2,68,,10858,88,4,,2,30,,10855,88,4,,2,71,,10851,88,4,,2,30,,10852,88,4,,2,70,,10832,88,4,,2,31,,10856,88,4,,2,72,,10854,88,4,,2,29,,10839,88,4,,2,73,,10859,88,4,,2,31,,10860,88,4,,2,69,,10831,88,4,,2,33,,10842,88,4,,2,67,,10850,88,4,,2,30,,10835,88,4,,2,70,,10837,88,4,,2,29,,10833,88,4,,2,68,,10840,88,4,,2,29,,10857,88,4,,2,105,,10845,88,4,,2,97,,10846,88,4,,2,97,,10838,88,4,,2,98,,10847,88,4,,2,100,,10836,88,4,,2,100,,10843,88,4,,2,99,,10844,88,4,,2
7601,'SAM',512,,10892,43,4,,2,100,,10866,88,4,,2,25,,10875,88,4,,2,104,,10878,88,4,,2,101,,10877,88,4,,2,101,,10881,88,4,,2,68,,10885,88,4,,2,30,,10882,88,4,,2,71,,10888,88,4,,2,30,,10876,88,4,,2,70,,10884,88,4,,2,32,,10883,88,4,,2,71,,10890,88,4,,2,29,,10863,88,4,,2,73,,10879,88,4,,2,31,,10862,88,4,,2,69,,10880,88,4,,2,33,,10887,88,4,,2,67,,10891,88,4,,2,30,,10864,88,4,,2,70,,10886,88,4,,2,29,,10868,88,4,,2,68,,10889,88,4,,2,31,,10865,88,4,,2,103,,10871,88,4,,2,97,,10873,88,4,,2,97,,10869,88,4,,2,98,,10867,88,4,,2,100,,10872,88,4,,2,100,,10870,88,4,,2,99,,10874,88,4,,2
7601,'SEM',532,,10893,88,4,,2,92,,10914,88,4,,2,27,,10921,88,4,,2,65,,10929,88,4,,2,24,,10899,88,4,,2,12,,10924,88,4,,2,55,,10901,88,4,,2,17,,10922,88,4,,2,24,,10926,88,4,,2,60,,10896,88,4,,2,25,,10900,88,4,,2,22,,10894,88,4,,2,70,,10923,88,4,,2,30,,10897,88,4,,2,69,,10919,88,4,,2,31,,10895,88,4,,2,70,,10925,88,4,,2,31,,10904,88,4,,2,70,,10920,88,4,,2,32,,10903,88,4,,2,72,,10906,88,4,,2,71,,10928,88,4,,2,33,,10907,88,4,,2,70,,10898,88,4,,2,38,,10927,88,4,,2,66,,10902,88,4,,2,25,,10905,88,4,,2,24,,10911,88,4,,2,67,,10915,88,4,,2,29,,10917,88,4,,2,72,,10913,88,4,,2,23,,10909,88,4,,2,69,,10918,88,4,,2,99,,10916,88,4,,2,100,,10908,88,4,,2,99,,10910,88,4,,2,103,,10912,88,4,,2
90301,'DIM',857,,11665,59,4,,2,145,,11663,59,4,,2,101,,11666,59,4,,2,97,,11664,59,4,,2,59,,11670,59,4,,2,142,,11669,59,4,,2,101,,11671,59,4,,2,104,,11667,59,4,,2,96,,11668,59,4,,2,104,,5232,59,4,,2
90301,'SAM',659,,5244,59,4,,2,142,,11676,59,4,,2,56,,11678,59,4,,2,145,,11677,59,4,,2,100,,11680,59,4,,2,56,,11679,59,4,,2,101,,11681,59,4,,2,142,,11675,59,4,,2,100,,11682,59,4,,2,105,,11672,59,4,,2,96,,11674,59,4,,2,100,,11673,59,4,,2
90301,'SEM',544,,11691,59,4,,2,80,,11694,59,4,,2,23,,11699,59,4,,2,12,,11701,59,4,,2,52,,11698,59,4,,2,10,,11700,59,4,,2,10,,11683,59,4,,2,16,,11686,59,4,,2,61,,11693,59,4,,2,25,,11695,59,4,,2,70,,11702,59,4,,2,103,,11685,59,4,,2,100,,11690,59,4,,2,99,,11684,59,4,,2,100,,11697,59,4,,2,101,,11696,59,4,,2,100,,11688,59,4,,2,42,,11703,59,4,,2,107,,11689,59,4,,2,145,,11687,59,4,,2,52,,11692,59,4,,2
