1703,'DIM',631,,6801,37,,,1,89,,6794,37,,,1,101,,100,37,,,1,102,,6796,37,,,1,97,,6797,37,,,1,102,,6793,37,,,1,100,,6799,37,,,1,99,,6795,37,,,1,102,,6798,37,,,1,100,,6800,37,,,1,102,,6783,37,,,1,98,,6787,37,,,1,98,,6786,37,,,1,101,,6785,37,,,1,98,,6788,37,,,1,99,,6791,37,,,1,100,,6784,37,,,1,100,,6789,37,,,1,102,,6790,37,,,1,117,,6792,37,,,1
1703,'SAM',553,,6813,37,,,1,78,,6819,37,,,1,89,,121,37,,,1,101,,6810,37,,,1,102,,6812,37,,,1,97,,6814,37,,,1,101,,6818,37,,,1,101,,6816,37,,,1,100,,6811,37,,,1,101,,6817,37,,,1,100,,6815,37,,,1,102,,6820,37,,,1,99,,6821,37,,,1,98,,6802,37,,,1,100,,6807,37,,,1,98,,6804,37,,,1,99,,6803,37,,,1,100,,6805,37,,,1,100,,6808,37,,,1,102,,6809,37,,,1,117,,6806,37,,,1
1703,'SEM',613,,6839,37,,,1,104,,6841,37,,,1,106,,6840,37,,,1,96,,6825,37,,,1,101,,6838,37,,,1,101,,6837,37,,,1,100,,6843,37,,,1,101,,6826,37,,,1,100,,6823,37,,,1,99,,6842,37,,,1,35,,6845,37,,,1,60,,6844,37,,,1,36,,6822,37,,,1,63,,6833,37,,,1,37,,6824,37,,,1,79,,6827,37,,,1,70,,6830,37,,,1,27,,6835,37,,,1,99,,6836,37,,,1,100,,6828,37,,,1,100,,6829,37,,,1,99,,6831,37,,,1,99,,6832,37,,,1,102,,6834,37,,,1
3103,'DIM',650,,7731,39,,,1,101,,7730,39,,,1,100,,1058,39,,,1,100,,7735,39,,,1,100,,7734,39,,,1,100,,7732,39,,,1,102,,7721,39,,,1,101,,7733,39,,,1,99,,7720,39,,,1,101,,7719,39,,,1,99,,7724,39,,,1,98,,7726,39,,,1,103,,7725,39,,,1,96,,7727,39,,,1,101,,7723,39,,,1,100,,7722,39,,,1,99,,7728,39,,,1,100,,7729,39,,,1
3103,'SAM',650,,7748,39,,,1,101,,7747,39,,,1,100,,1075,39,,,1,100,,7752,39,,,1,100,,7753,39,,,1,100,,7749,39,,,1,100,,7745,39,,,1,102,,7750,39,,,1,100,,7746,39,,,1,101,,7751,39,,,1,100,,7740,39,,,1,98,,7742,39,,,1,100,,7738,39,,,1,99,,7743,39,,,1,100,,7736,39,,,1,100,,7737,39,,,1,99,,7739,39,,,1,101,,7741,39,,,1,95,,7744,39,,,1
3103,'SEM',647,,7775,39,,,1,100,,7773,39,,,1,101,,7774,39,,,1,101,,7754,39,,,1,101,,7755,39,,,1,100,,7757,39,,,1,100,,7776,39,,,1,100,,7756,39,,,1,102,,7761,39,,,1,98,,7762,39,,,1,51,,7763,39,,,1,37,,7758,39,,,1,69,,7767,39,,,1,40,,7764,39,,,1,68,,7760,39,,,1,36,,7772,39,,,1,69,,7759,39,,,1,36,,7771,39,,,1,100,,7765,39,,,1,101,,7768,39,,,1,99,,7769,39,,,1,96,,7766,39,,,1,154,,7770,39,,,1
3903,'DIM',854,,1407,50,,,1,100,,8065,60,,,1,70,,8070,60,,,1,31,,8071,60,,,1,70,,8068,60,,,1,34,,8069,60,,,1,66,,8072,60,,,1,29,,8062,60,,,1,71,,8066,60,,,1,30,,8063,60,,,1,71,,8049,60,,,1,30,,8052,60,,,1,72,,8055,60,,,1,30,,8067,60,,,1,71,,8056,60,,,1,30,,8057,60,,,1,65,,8058,60,,,1,18,,8064,60,,,1,10,,8059,60,,,1,64,,8053,60,,,1,25,,8060,60,,,1,98,,8050,60,,,1,100,,8061,60,,,1,98,,8051,60,,,1,104,,8054,60,,,1
3903,'SAM',854,,8097,50,,,1,100,,8092,60,,,1,70,,8096,60,,,1,31,,8073,60,,,1,70,,8087,60,,,1,34,,8090,60,,,1,66,,8089,60,,,1,30,,8074,60,,,1,70,,8088,60,,,1,30,,8091,60,,,1,71,,8075,60,,,1,30,,8094,60,,,1,72,,8078,60,,,1,30,,8079,60,,,1,71,,8081,60,,,1,30,,8095,60,,,1,65,,8082,60,,,1,18,,8093,60,,,1,11,,8080,60,,,1,63,,8077,60,,,1,29,,8076,60,,,1,96,,8084,60,,,1,98,,8083,60,,,1,98,,8086,60,,,1,104,,8085,60,,,1
3903,'SEM',746,,8120,60,,,1,101,,8102,60,,,1,104,,8100,60,,,1,72,,8104,60,,,1,29,,8121,60,,,1,71,,8122,60,,,1,29,,8115,60,,,1,71,,8119,60,,,1,28,,8123,60,,,1,78,,8099,60,,,1,73,,8106,60,,,1,27,,8108,60,,,1,72,,8109,60,,,1,35,,8098,60,,,1,78,,8116,60,,,1,23,,8110,60,,,1,68,,8101,60,,,1,25,,8103,60,,,1,73,,8111,60,,,1,39,,8112,60,,,1,79,,8105,60,,,1,98,,8107,60,,,1,95,,8113,60,,,1,103,,8117,60,,,1,95,,8114,60,,,1,47,,8118,60,,,1
4503,'DIM',658,,8779,38,,,1,100,,8789,38,,,1,101,,8787,38,,,1,99,,8793,38,,,1,101,,8788,38,,,1,98,,8791,38,,,1,145,,8781,38,,,1,101,,8785,38,,,1,98,,8778,38,,,1,102,,8776,38,,,1,52,,8790,38,,,1,102,,8792,38,,,1,143,,8777,38,,,1,102,,8786,38,,,1,101,,8780,38,,,1,99,,8783,38,,,1,99,,8784,38,,,1,101,,8782,38,,,1
4503,'SAM',658,,8807,38,,,1,100,,8803,38,,,1,101,,8806,38,,,1,99,,8805,38,,,1,101,,8795,38,,,1,97,,8804,38,,,1,146,,8808,38,,,1,100,,8799,38,,,1,101,,8810,38,,,1,101,,8809,38,,,1,51,,8811,38,,,1,145,,8794,38,,,1,100,,8801,38,,,1,102,,8796,38,,,1,101,,8800,38,,,1,99,,8798,38,,,1,99,,8802,38,,,1,101,,8797,38,,,1
4503,'SEM',649,,8817,38,,,1,58,,8815,38,,,1,34,,8812,38,,,1,68,,8832,38,,,1,25,,8816,38,,,1,79,,8814,38,,,1,25,,8833,38,,,1,110,,8831,38,,,1,100,,8820,38,,,1,95,,8818,38,,,1,100,,8834,38,,,1,103,,8813,38,,,1,106,,8835,38,,,1,68,,8822,38,,,1,87,,8825,38,,,1,18,,8819,38,,,1,17,,8826,38,,,1,71,,8828,38,,,1,39,,8824,38,,,1,98,,8823,38,,,1,100,,8827,38,,,1,100,,8830,38,,,1,99,,8821,38,,,1,95,,8829,38,,,1
