201,'SAM',2551,,6701,4,,,1,81,,6703,4,,,1,84,,6702,4,,,1
201,'SEM',2512,,6704,4,,,1,24,,6705,4,,,1,81,,6706,4,,,1,41,,6707,4,,,1
3304,'DIM',732,,7891,4,,,1,171,,7892,4,,,1,130,,7886,4,,,1,170,,7890,4,,,1,136,,7894,4,,,1,164,,7893,4,,,1,128,,7884,4,,,1,172,,7888,4,,,1,130,,7887,4,,,1,170,,7889,4,,,1,130,,7885,4,,,1
3304,'SAM',732,,7902,4,,,1,171,,7904,4,,,1,130,,7903,4,,,1,170,,7905,4,,,1,135,,7896,4,,,1,165,,7895,4,,,1,130,,7900,4,,,1,170,,7899,4,,,1,130,,7897,4,,,1,170,,7901,4,,,1,130,,7898,4,,,1
3304,'SEM',451,,7910,4,,,1,90,,7921,4,,,1,75,,7922,4,,,1,93,,7928,4,,,1,38,,7913,4,,,1,61,,7927,4,,,1,31,,7923,4,,,1,104,,7907,4,,,1,100,,7924,4,,,1,100,,7908,4,,,1,100,,7925,4,,,1,96,,7926,4,,,1,109,,7906,4,,,1,111,,7912,4,,,1,76,,7911,4,,,1,89,,7914,4,,,1,32,,7909,4,,,1,66,,7920,4,,,1,30,,7919,4,,,1,96,,7918,4,,,1,94,,7915,4,,,1,111,,7917,4,,,1,78,,7916,4,,,1
3704,'DIM',712,,8004,37,,,2,35,,8005,37,,,2,100,,8003,37,,,2,100,,8002,37,,,2,101,,8008,37,,,2,101,,8007,37,,,2,100,,7997,37,,,2,100,,7998,37,,,2,105,,8009,37,,,2,96,,7999,37,,,2,99,,8006,37,,,2,99,,8000,37,,,2,89,,8001,37,,,2
3704,'SAM',712,,1344,37,,,2,35,,8017,37,,,2,100,,8015,37,,,2,100,,8018,37,,,2,101,,8020,37,,,2,101,,8019,37,,,2,100,,8021,37,,,2,101,,8016,37,,,2,99,,8014,37,,,2,102,,8010,37,,,2,98,,8011,37,,,2,99,,8012,37,,,2,89,,8013,37,,,2
3704,'SEM',558,,8041,37,,,2,80,,8040,37,,,2,101,,8043,37,,,2,80,,8022,37,,,2,35,,8024,37,,,2,74,,8042,37,,,2,30,,8047,37,,,2,97,,8046,37,,,2,100,,8045,37,,,2,101,,8026,37,,,2,100,,8029,37,,,2,146,,8048,37,,,2,43,,8044,37,,,2,62,,8023,37,,,2,12,,8030,37,,,2,16,,8032,37,,,2,20,,8025,37,,,2,50,,8027,37,,,2,15,,8035,37,,,2,17,,8038,37,,,2,97,,8037,37,,,2,94,,8039,37,,,2,101,,8028,37,,,2,100,,8036,37,,,2,99,,8031,37,,,2,100,,8033,37,,,2,95,,8034,37,,,2
4201,'DIM',516,,8340,18,,,2,103,,8364,18,,,2,30,,8381,18,,,2,70,,1716,18,,,2,31,,8365,18,,,2,71,,8370,18,,,2,29,,8374,18,,,2,71,,8377,18,,,2,31,,8369,18,,,2,66,,8372,18,,,2,35,,8371,18,,,2,60,,8357,18,,,2,23,,8362,18,,,2,18,,8361,18,,,2,62,,8363,18,,,2,18,,8367,18,,,2,20,,8366,18,,,2,59,,8384,18,,,2,22,,8378,18,,,2,21,,8373,18,,,2,60,,1723,18,,,2,21,,8380,18,,,2,20,,8344,18,,,2,60,,8346,18,,,2,20,,8347,18,,,2,21,,8379,18,,,2,58,,8368,18,,,2,21,,8375,18,,,2,20,,8345,18,,,2,55,,8383,18,,,2,15,,8382,18,,,2,14,,8356,18,,,2,13,,8376,18,,,2,58,,8342,18,,,2,32,,8341,18,,,2,70,,8352,18,,,2,30,,8339,18,,,2,70,,8348,18,,,2,29,,8359,18,,,2,70,,8343,18,,,2,31,,8350,18,,,2,70,,8354,18,,,2,30,,8355,18,,,2,70,,8349,18,,,2,35,,8353,18,,,2,68,,8351,18,,,2,34,,8358,18,,,2,75,,8360,18,,,2
4201,'SAM',516,,8385,18,,,2,103,,8413,18,,,2,30,,8388,18,,,2,70,,8420,18,,,2,31,,8416,18,,,2,71,,8415,18,,,2,29,,8419,18,,,2,71,,8426,18,,,2,31,,8431,18,,,2,65,,8424,18,,,2,36,,8410,18,,,2,60,,8422,18,,,2,22,,8414,18,,,2,19,,8405,18,,,2,61,,8412,18,,,2,19,,8386,18,,,2,20,,8418,18,,,2,59,,8417,18,,,2,22,,8411,18,,,2,21,,8421,18,,,2,60,,8387,18,,,2,20,,8423,18,,,2,20,,8427,18,,,2,61,,8391,18,,,2,20,,8429,18,,,2,21,,8432,18,,,2,59,,8433,18,,,2,19,,8397,18,,,2,21,,8430,18,,,2,54,,8399,18,,,2,16,,8425,18,,,2,14,,8401,18,,,2,15,,8428,18,,,2,56,,8404,18,,,2,36,,8389,18,,,2,66,,8392,18,,,2,30,,8408,18,,,2,70,,8394,18,,,2,29,,8396,18,,,2,73,,8390,18,,,2,27,,8393,18,,,2,70,,8395,18,,,2,31,,8398,18,,,2,70,,8400,18,,,2,35,,8402,18,,,2,68,,8409,18,,,2,34,,8403,18,,,2,75,,8407,18,,,2,30,,8406,18,,,2
4201,'SEM',620,,8483,18,,,2,29,,8436,18,,,2,57,,8478,18,,,2,21,,8481,18,,,2,21,,8484,18,,,2,62,,8482,18,,,2,19,,8437,18,,,2,19,,8477,18,,,2,62,,8434,18,,,2,19,,8440,18,,,2,19,,8467,18,,,2,63,,8479,18,,,2,18,,8480,18,,,2,23,,8442,18,,,2,57,,8464,18,,,2,23,,8444,18,,,2,20,,8445,18,,,2,59,,8446,18,,,2,22,,8439,18,,,2,15,,8448,18,,,2,63,,8449,18,,,2,19,,8450,18,,,2,21,,8438,18,,,2,61,,8454,18,,,2,20,,8485,18,,,2,19,,8458,18,,,2,60,,8459,18,,,2,20,,8460,18,,,2,15,,8462,18,,,2,13,,8435,18,,,2,53,,8441,18,,,2,11,,8453,18,,,2,13,,8465,18,,,2,14,,8468,18,,,2,55,,8456,18,,,2,14,,8452,18,,,2,14,,8451,18,,,2,14,,8472,18,,,2,55,,8474,18,,,2,15,,8443,18,,,2,15,,8476,18,,,2,23,,8469,18,,,2,53,,8473,18,,,2,21,,8447,18,,,2,27,,8475,18,,,2,71,,8455,18,,,2,28,,8457,18,,,2,73,,8461,18,,,2,28,,8463,18,,,2,72,,8487,4,,,2,75,,8466,18,,,2,23,,8486,4,,,2,30,,8471,18,,,2,84,,8470,18,,,2
34504,'SEM',2523,,11613,27,,,1,118,,11612,27,,,1
