1703,'DIM',623,,6801,20,,,1,89,,6794,20,,,1,100,,100,20,,,1,101,,6796,20,,,1,97,,6797,20,,,1,101,,6793,20,,,1,100,,6799,20,,,1,99,,6795,20,,,1,102,,6798,20,,,1,100,,6800,20,,,1,102,,6783,20,,,1,98,,6787,20,,,1,99,,6786,20,,,1,101,,6785,20,,,1,98,,6788,20,,,1,99,,6791,20,,,1,101,,6784,20,,,1,100,,6789,20,,,1,102,,6790,20,,,1,119,,6792,20,,,1
1703,'SAM',545,,6813,20,,,1,78,,6819,20,,,1,89,,121,20,,,1,100,,6810,20,,,1,101,,6812,20,,,1,97,,6814,20,,,1,100,,6818,20,,,1,101,,6816,20,,,1,100,,6811,20,,,1,101,,6817,20,,,1,100,,6815,20,,,1,102,,6820,20,,,1,99,,6821,20,,,1,99,,6802,20,,,1,100,,6807,20,,,1,98,,6804,20,,,1,99,,6803,20,,,1,101,,6805,20,,,1,100,,6808,20,,,1,102,,6809,20,,,1,119,,6806,20,,,1
1703,'SEM',605,,6839,20,,,1,103,,6841,20,,,1,105,,6840,20,,,1,96,,6825,20,,,1,100,,6838,20,,,1,100,,6837,20,,,1,100,,6843,20,,,1,101,,6826,20,,,1,100,,6823,20,,,1,98,,6842,20,,,1,35,,6845,20,,,1,60,,6844,20,,,1,36,,6822,20,,,1,63,,6833,20,,,1,38,,6824,20,,,1,80,,6827,20,,,1,30,,6830,20,,,1,68,,6835,20,,,1,99,,6836,20,,,1,100,,6828,20,,,1,100,,6829,20,,,1,100,,6831,20,,,1,99,,6832,20,,,1,103,,6834,20,,,1
2703,'DIM',907,,7609,20,,,2,100,,7612,20,,,2,98,,7614,20,,,2,102,,7608,20,,,2,95,,7616,20,,,2,106,,7611,20,,,2,101,,7613,20,,,2,100,,7610,20,,,2,100,,7615,20,,,2,100,,7602,20,,,2,100,,7604,20,,,2,98,,7603,20,,,2,100,,7607,20,,,2,100,,7601,20,,,2,102,,7600,20,,,2,100,,7605,20,,,2,100,,7606,20,,,2
2703,'SAM',707,,7626,20,,,2,100,,7627,20,,,2,100,,7625,20,,,2,100,,7635,20,,,2,100,,7629,20,,,2,100,,7632,20,,,2,94,,7628,20,,,2,107,,7630,20,,,2,102,,7631,20,,,2,99,,7624,20,,,2,94,,7633,20,,,2,106,,7634,20,,,2,100,,7619,20,,,2,98,,7622,20,,,2,100,,7617,20,,,2,100,,7618,20,,,2,102,,7620,20,,,2,100,,7621,20,,,2,100,,7623,20,,,2
2703,'SEM',813,,7653,20,,,2,90,,7638,20,,,2,100,,7644,20,,,2,100,,7637,20,,,2,99,,7655,20,,,2,51,,7652,20,,,2,103,,7656,20,,,2,100,,7641,20,,,2,81,,7639,20,,,2,82,,7654,20,,,2,15,,7636,20,,,2,70,,7643,20,,,2,39,,7640,20,,,2,65,,7651,20,,,2,96,,7647,20,,,2,47,,7650,20,,,2,103,,7646,20,,,2,102,,7642,20,,,2,99,,7645,20,,,2,100,,7648,20,,,2,100,,7649,20,,,2
3103,'DIM',642,,7731,22,,,1,100,,7730,22,,,1,99,,1058,22,,,1,99,,7735,22,,,1,99,,7734,22,,,1,100,,7732,22,,,1,102,,7721,22,,,1,101,,7733,22,,,1,99,,7720,22,,,1,102,,7719,22,,,1,99,,7724,22,,,1,98,,7726,22,,,1,103,,7725,22,,,1,96,,7727,22,,,1,101,,7723,22,,,1,100,,7722,22,,,1,100,,7728,22,,,1,101,,7729,22,,,1
3103,'SAM',642,,7748,22,,,1,100,,7747,22,,,1,99,,1075,22,,,1,99,,7752,22,,,1,99,,7753,22,,,1,100,,7749,22,,,1,100,,7745,22,,,1,102,,7750,22,,,1,100,,7746,22,,,1,102,,7751,22,,,1,100,,7740,22,,,1,98,,7742,22,,,1,100,,7738,22,,,1,99,,7743,22,,,1,100,,7736,22,,,1,100,,7737,22,,,1,100,,7739,22,,,1,102,,7741,22,,,1,95,,7744,22,,,1
3103,'SEM',638,,7775,22,,,1,99,,7773,22,,,1,100,,7774,22,,,1,100,,7754,22,,,1,101,,7755,22,,,1,100,,7757,22,,,1,100,,7776,22,,,1,100,,7756,22,,,1,101,,7761,22,,,1,98,,7762,22,,,1,11,,7763,22,,,1,77,,7758,22,,,1,29,,7767,22,,,1,80,,7764,22,,,1,70,,7760,22,,,1,36,,7772,22,,,1,69,,7759,22,,,1,36,,7771,22,,,1,100,,7765,22,,,1,101,,7768,22,,,1,100,,7769,22,,,1,97,,7766,22,,,1,114,,7770,22,,,1
3903,'DIM',839,,1407,19,,,1,100,,8065,29,,,1,70,,8070,29,,,1,31,,8071,29,,,1,70,,8068,29,,,1,34,,8069,29,,,1,66,,8072,29,,,1,29,,8062,29,,,1,71,,8066,29,,,1,30,,8063,29,,,1,70,,8049,29,,,1,30,,8052,29,,,1,72,,8055,29,,,1,30,,8067,29,,,1,71,,8056,29,,,1,30,,8057,29,,,1,65,,8058,29,,,1,18,,8064,29,,,1,10,,8059,29,,,1,64,,8053,29,,,1,25,,8060,29,,,1,99,,8050,29,,,1,100,,8061,29,,,1,98,,8051,29,,,1,104,,8054,29,,,1
3903,'SAM',839,,8097,19,,,1,100,,8092,29,,,1,70,,8096,29,,,1,31,,8073,29,,,1,70,,8087,29,,,1,34,,8090,29,,,1,66,,8089,29,,,1,30,,8074,29,,,1,70,,8088,29,,,1,30,,8091,29,,,1,70,,8075,29,,,1,30,,8094,29,,,1,72,,8078,29,,,1,30,,8079,29,,,1,71,,8081,29,,,1,30,,8095,29,,,1,65,,8082,29,,,1,18,,8093,29,,,1,11,,8080,29,,,1,63,,8077,29,,,1,29,,8076,29,,,1,97,,8084,29,,,1,98,,8083,29,,,1,98,,8086,29,,,1,104,,8085,29,,,1
3903,'SEM',731,,8120,29,,,1,100,,8102,29,,,1,104,,8100,29,,,1,73,,8104,29,,,1,29,,8121,29,,,1,71,,8122,29,,,1,29,,8115,29,,,1,71,,8119,29,,,1,27,,8123,29,,,1,77,,8099,29,,,1,33,,8106,29,,,1,67,,8108,29,,,1,31,,8109,29,,,1,75,,8098,29,,,1,38,,8116,29,,,1,63,,8110,29,,,1,28,,8101,29,,,1,65,,8103,29,,,1,33,,8111,29,,,1,80,,8112,29,,,1,79,,8105,29,,,1,98,,8107,29,,,1,56,,8113,29,,,1,143,,8117,29,,,1,56,,8114,29,,,1,88,,8118,29,,,1
7303,'DIM',657,,10582,20,,,1,100,,10579,20,,,1,100,,10580,20,,,1,98,,10583,20,,,1,100,,10586,20,,,1,100,,10581,20,,,1,100,,10584,20,,,1,102,,10578,20,,,1,99,,10585,20,,,1,102,,10587,20,,,1,99,,10572,20,,,1,99,,10569,20,,,1,101,,10575,20,,,1,98,,10571,20,,,1,100,,10570,20,,,1,100,,10573,20,,,1,100,,10574,20,,,1,102,,10577,20,,,1,145,,10576,20,,,1
7303,'SAM',603,,10601,20,,,1,54,,10598,20,,,1,100,,10597,20,,,1,100,,10602,20,,,1,98,,10604,20,,,1,101,,10600,20,,,1,99,,10591,20,,,1,100,,10603,20,,,1,102,,10599,20,,,1,99,,10605,20,,,1,102,,10606,20,,,1,101,,10590,20,,,1,98,,10588,20,,,1,99,,10589,20,,,1,99,,10593,20,,,1,100,,10592,20,,,1,100,,4040,20,,,1,100,,10594,20,,,1,102,,4041,20,,,1,145,,10595,20,,,1,100,,4042,20,,,1,100,,10596,20,,,1
7303,'SEM',550,,10643,20,,,1,66,,10640,20,,,1,39,,10639,20,,,1,50,,10644,20,,,1,39,,10633,20,,,1,56,,10609,20,,,1,43,,10641,20,,,1,12,,10608,20,,,1,70,,10626,20,,,1,31,,10642,20,,,1,69,,10610,20,,,1,31,,10615,20,,,1,69,,10625,20,,,1,31,,10616,20,,,1,69,,10645,20,,,1,30,,10611,20,,,1,70,,10614,20,,,1,30,,10620,20,,,1,70,,10607,20,,,1,30,,10617,20,,,1,75,,10646,20,,,1,25,,10627,20,,,1,55,,10619,20,,,1,21,,10612,20,,,1,16,,10613,20,,,1,63,,10623,20,,,1,16,,10621,20,,,1,30,,10634,20,,,1,55,,10622,20,,,1,16,,10618,20,,,1,73,,10628,20,,,1,30,,10631,20,,,1,72,,10624,20,,,1,99,,10636,20,,,1,100,,10629,20,,,1,99,,10635,20,,,1,100,,10630,20,,,1,41,,10632,20,,,1,95,,10637,20,,,1,121,,10638,20,,,1
7401,'DIM',727,,10736,20,,,2,99,,10737,20,,,2,102,,10740,20,,,2,97,,10739,20,,,2,101,,10741,20,,,2,100,,10738,20,,,2,101,,10735,20,,,2,99,,10734,20,,,2,102,,10742,20,,,2,99,,10728,20,,,2,102,,10729,20,,,2,99,,10731,20,,,2,98,,10732,20,,,2,99,,10733,20,,,2,101,,10727,20,,,2,99,,10726,20,,,2,101,,10730,20,,,2
7401,'SAM',727,,10751,20,,,2,99,,10753,20,,,2,102,,10752,20,,,2,98,,10755,20,,,2,100,,10757,20,,,2,100,,10759,20,,,2,102,,10754,20,,,2,98,,10758,20,,,2,101,,10756,20,,,2,100,,10743,20,,,2,101,,10746,20,,,2,101,,10748,20,,,2,98,,10747,20,,,2,98,,10749,20,,,2,101,,10744,20,,,2,99,,10750,20,,,2,101,,10745,20,,,2
7401,'SEM',630,,10776,20,,,2,95,,10760,20,,,2,101,,10775,20,,,2,103,,10764,20,,,2,101,,10765,20,,,2,101,,10779,20,,,2,99,,10763,20,,,2,101,,10778,20,,,2,100,,10777,20,,,2,93,,10762,20,,,2,93,,10766,20,,,2,101,,10761,20,,,2,30,,10768,20,,,2,85,,10774,20,,,2,99,,10767,20,,,2,101,,10770,20,,,2,100,,10771,20,,,2,99,,10769,20,,,2,100,,10772,20,,,2,95,,10773,20,,,2
