2202,'DIM',730,,7078,42,,,2,100,,7077,42,,,2,100,,7076,42,,,2,100,,6315,42,,,2,101,,7079,42,,,2,100,,7081,42,,,2,96,,7080,42,,,2,106,,7075,42,,,2,98,,7069,42,,,2,114,,7082,42,,,2,88,,7071,42,,,2,100,,7072,42,,,2,98,,7074,42,,,2,101,,7073,42,,,2,100,,7068,42,,,2,100,,7070,42,,,2
2202,'SAM',632,,7099,26,,,2,98,,7093,42,,,2,100,,7090,42,,,2,100,,7089,42,,,2,98,,7095,42,,,2,103,,7094,42,,,2,100,,7092,42,,,2,96,,7098,42,,,2,104,,7091,42,,,2,100,,7097,42,,,2,112,,7096,42,,,2,90,,7084,42,,,2,100,,7086,42,,,2,98,,7083,42,,,2,101,,7085,42,,,2,100,,7088,42,,,2,100,,7087,42,,,2
2202,'SEM',608,,6230,42,,,2,18,,7111,42,,,2,105,,7118,42,,,2,71,,7108,42,,,2,30,,7100,42,,,2,98,,7102,42,,,2,71,,7101,42,,,2,29,,7119,42,,,2,101,,7106,42,,,2,100,,7117,42,,,2,100,,7120,42,,,2,102,,7105,42,,,2,100,,7107,42,,,2,102,,7103,42,,,2,24,,7104,42,,,2,75,,7110,42,,,2,99,,7109,42,,,2,100,,7116,42,,,2,101,,7115,42,,,2,97,,7113,42,,,2,107,,7112,42,,,2,96,,7114,42,,,2
4202,'DIM',500,,8490,55,,,2,41,,8531,55,,,2,65,,8501,55,,,2,30,,8489,55,,,2,70,,8513,55,,,2,29,,8511,55,,,2,70,,8532,55,,,2,32,,8516,55,,,2,71,,8512,55,,,2,31,,8520,55,,,2,71,,8524,55,,,2,23,,8530,55,,,2,22,,8526,55,,,2,61,,8517,55,,,2,22,,8522,55,,,2,19,,8518,55,,,2,60,,8521,55,,,2,18,,8506,55,,,2,23,,8509,55,,,2,60,,8508,55,,,2,22,,8510,55,,,2,19,,8515,55,,,2,60,,8514,55,,,2,18,,8534,55,,,2,22,,8527,55,,,2,61,,8523,55,,,2,21,,8519,55,,,2,61,,8529,55,,,2,20,,8494,55,,,2,20,,8495,55,,,2,61,,8496,55,,,2,23,,8528,55,,,2,76,,8525,55,,,2,35,,8533,55,,,2,69,,8505,55,,,2,30,,8492,55,,,2,72,,8491,55,,,2,30,,8500,55,,,2,70,,8488,55,,,2,28,,8497,55,,,2,68,,8507,55,,,2,28,,8493,55,,,2,71,,8499,55,,,2,30,,8503,55,,,2,68,,8504,55,,,2,30,,8498,55,,,2,77,,8502,55,,,2
4202,'SAM',500,,8537,55,,,2,41,,8539,55,,,2,65,,8557,55,,,2,30,,8535,55,,,2,70,,8565,55,,,2,29,,8563,55,,,2,70,,8540,55,,,2,32,,8571,55,,,2,71,,8567,55,,,2,31,,8566,55,,,2,71,,8570,55,,,2,23,,8582,55,,,2,22,,8576,55,,,2,61,,8580,55,,,2,21,,8575,55,,,2,20,,8578,55,,,2,60,,8560,55,,,2,18,,8573,55,,,2,22,,8564,55,,,2,61,,8556,55,,,2,21,,8562,55,,,2,20,,8536,55,,,2,60,,8569,55,,,2,18,,8568,55,,,2,22,,8561,55,,,2,61,,8572,55,,,2,21,,8538,55,,,2,60,,8574,55,,,2,20,,8577,55,,,2,21,,8543,55,,,2,61,,8579,55,,,2,23,,8581,55,,,2,75,,8549,55,,,2,35,,8551,55,,,2,70,,8553,55,,,2,30,,8555,55,,,2,75,,8541,55,,,2,27,,8544,55,,,2,70,,8558,55,,,2,28,,8546,55,,,2,68,,8548,55,,,2,31,,8542,55,,,2,67,,8545,55,,,2,30,,8547,55,,,2,69,,8550,55,,,2,30,,8552,55,,,2,77,,8554,55,,,2,30,,8559,55,,,2
4202,'SEM',458,,8625,55,,,2,97,,8627,55,,,2,72,,8631,55,,,2,16,,8634,55,,,2,15,,8583,55,,,2,50,,8585,55,,,2,11,,8588,55,,,2,9,,8591,55,,,2,10,,8633,55,,,2,12,,8630,55,,,2,60,,8586,55,,,2,18,,8601,55,,,2,21,,8587,55,,,2,62,,8635,55,,,2,22,,8632,55,,,2,19,,8589,55,,,2,61,,8626,55,,,2,20,,8584,55,,,2,19,,8629,55,,,2,61,,8593,55,,,2,20,,8618,55,,,2,21,,8628,55,,,2,64,,8595,55,,,2,16,,8615,55,,,2,24,,8597,55,,,2,60,,8599,55,,,2,20,,8600,55,,,2,63,,8592,55,,,2,16,,8602,55,,,2,21,,8603,55,,,2,20,,8604,55,,,2,61,,8590,55,,,2,21,,8606,55,,,2,60,,8636,55,,,2,20,,8609,55,,,2,20,,8610,55,,,2,60,,8611,55,,,2,22,,8613,55,,,2,18,,8594,55,,,2,64,,8616,55,,,2,20,,8596,55,,,2,23,,8605,55,,,2,64,,8598,55,,,2,19,,8622,55,,,2,70,,8624,55,,,2,45,,8621,55,,,2,76,,8623,55,,,2,29,,8607,55,,,2,69,,8608,55,,,2,30,,8612,55,,,2,66,,8614,55,,,2,37,,8620,55,,,2,67,,8617,55,,,2,32,,8619,55,,,2
5202,'DIM',642,,9405,99,,,2,111,,9400,99,,,2,100,,9401,99,,,2,100,,9402,99,,,2,98,,9407,99,,,2,102,,9406,99,,,2,99,,9403,99,,,2,101,,9399,99,,,2,102,,9404,99,,,2,96,,9398,99,,,2,105,,9408,99,,,2,100,,9396,99,,,2,99,,9409,99,,,2,100,,9393,99,,,2,98,,9394,99,,,2,100,,9395,99,,,2,99,,9397,99,,,2
5202,'SAM',642,,9421,99,,,2,111,,9417,99,,,2,100,,9420,99,,,2,100,,9416,99,,,2,99,,9418,99,,,2,101,,9426,99,,,2,99,,9424,99,,,2,102,,9425,99,,,2,102,,9422,99,,,2,100,,9419,99,,,2,97,,9423,99,,,2,103,,9413,99,,,2,100,,9414,99,,,2,99,,9415,99,,,2,98,,9410,99,,,2,100,,9411,99,,,2,99,,9412,99,,,2
5202,'SEM',605,,9437,99,,,2,52,,9445,99,,,2,65,,9428,99,,,2,31,,9441,99,,,2,103,,9438,99,,,2,100,,9439,99,,,2,100,,9440,99,,,2,97,,9427,99,,,2,103,,9442,99,,,2,100,,9444,99,,,2,102,,9443,99,,,2,101,,9429,99,,,2,99,,9430,99,,,2,99,,9431,99,,,2,99,,9436,99,,,2,100,,9435,99,,,2,101,,9432,99,,,2,100,,9433,99,,,2,96,,9434,99,,,2
5802,'DIM',608,,9712,19,,,2,100,,9719,19,,,2,51,,9716,19,,,2,100,,9720,19,,,2,100,,9723,19,,,2,99,,9715,19,,,2,101,,9725,19,,,2,100,,9722,19,,,2,141,,9718,19,,,2,59,,9721,19,,,2,141,,9717,19,,,2,59,,9711,19,,,2,141,,9724,19,,,2,101,,9708,19,,,2,100,,9714,19,,,2,99,,9710,19,,,2,59,,9709,19,,,2,99,,9713,19,,,2
5802,'SAM',608,,9743,19,,,2,100,,9735,19,,,2,51,,9734,19,,,2,100,,9739,19,,,2,100,,9737,19,,,2,99,,9740,19,,,2,101,,9742,19,,,2,100,,9726,19,,,2,98,,9733,19,,,2,101,,9738,19,,,2,101,,9736,19,,,2,141,,9741,19,,,2,100,,9728,19,,,2,101,,9731,19,,,2,100,,9727,19,,,2,99,,9732,19,,,2,59,,9729,19,,,2,99,,9730,19,,,2
5802,'SEM',527,,9762,19,,,2,74,,9755,19,,,2,22,,9754,19,,,2,79,,9763,19,,,2,35,,9765,19,,,2,69,,9747,19,,,2,33,,9746,19,,,2,83,,9750,19,,,2,99,,9766,19,,,2,100,,9744,19,,,2,100,,9751,19,,,2,100,,9764,19,,,2,101,,9745,19,,,2,25,,9748,19,,,2,69,,9752,19,,,2,103,,9758,19,,,2,33,,9749,19,,,2,93,,9753,19,,,2,96,,9760,19,,,2,100,,9759,19,,,2,100,,9761,19,,,2,98,,9757,19,,,2,99,,9756,19,,,2
22202,'DIM',1444,,4994,31,,,2
22202,'SAM',1444,,11491,31,,,2,898,,11489,31,,,2,100,,11490,31,,,2
22202,'SEM',544,,11498,31,,,2,159,,11493,31,,,2,41,,11494,31,,,2,767,,11497,31,,,2,35,,11492,31,,,2,703,,11495,31,,,2,65,,11496,31,,,2
25202,'SEM',535,,11503,51,,,2,99,,11505,51,,,2,181,,11504,51,,,2
32202,'SAM',2557,,11601,25,,,2
32202,'SEM',2425,,11602,25,,,2,84,,11603,25,,,2
