2202,'DIM',729,,7078,41,,,2,100,,7077,41,,,2,100,,7076,41,,,2,100,,6315,41,,,2,101,,7079,41,,,2,100,,7081,41,,,2,96,,7080,41,,,2,106,,7075,41,,,2,98,,7069,41,,,2,114,,7082,41,,,2,88,,7071,41,,,2,100,,7072,41,,,2,98,,7074,41,,,2,101,,7073,41,,,2,100,,7068,41,,,2,100,,7070,41,,,2
2202,'SAM',631,,7099,25,,,2,98,,7093,41,,,2,100,,7090,41,,,2,100,,7089,41,,,2,98,,7095,41,,,2,103,,7094,41,,,2,100,,7092,41,,,2,96,,7098,41,,,2,104,,7091,41,,,2,100,,7097,41,,,2,112,,7096,41,,,2,90,,7084,41,,,2,100,,7086,41,,,2,98,,7083,41,,,2,101,,7085,41,,,2,100,,7088,41,,,2,100,,7087,41,,,2
2202,'SEM',607,,6230,41,,,2,18,,7111,41,,,2,105,,7118,41,,,2,71,,7108,41,,,2,30,,7100,41,,,2,98,,7102,41,,,2,71,,7101,41,,,2,29,,7119,41,,,2,101,,7106,41,,,2,100,,7117,41,,,2,100,,7120,41,,,2,102,,7105,41,,,2,100,,7107,41,,,2,102,,7103,41,,,2,24,,7104,41,,,2,75,,7110,41,,,2,99,,7109,41,,,2,100,,7116,41,,,2,101,,7115,41,,,2,97,,7113,41,,,2,107,,7112,41,,,2,96,,7114,41,,,2
5802,'DIM',608,,9712,18,,,2,100,,9719,18,,,2,51,,9716,18,,,2,100,,9720,18,,,2,100,,9723,18,,,2,99,,9715,18,,,2,101,,9725,18,,,2,100,,9722,18,,,2,141,,9718,18,,,2,59,,9721,18,,,2,141,,9717,18,,,2,59,,9711,18,,,2,141,,9724,18,,,2,101,,9708,18,,,2,100,,9714,18,,,2,99,,9710,18,,,2,59,,9709,18,,,2,98,,9713,18,,,2
5802,'SAM',608,,9743,18,,,2,100,,9735,18,,,2,51,,9734,18,,,2,100,,9739,18,,,2,100,,9737,18,,,2,99,,9740,18,,,2,101,,9742,18,,,2,100,,9726,18,,,2,98,,9733,18,,,2,101,,9738,18,,,2,101,,9736,18,,,2,141,,9741,18,,,2,100,,9728,18,,,2,101,,9731,18,,,2,100,,9727,18,,,2,99,,9732,18,,,2,59,,9729,18,,,2,98,,9730,18,,,2
5802,'SEM',526,,9762,18,,,2,74,,9755,18,,,2,22,,9754,18,,,2,80,,9763,18,,,2,35,,9765,18,,,2,69,,9747,18,,,2,33,,9746,18,,,2,83,,9750,18,,,2,99,,9766,18,,,2,100,,9744,18,,,2,100,,9751,18,,,2,100,,9764,18,,,2,101,,9745,18,,,2,25,,9748,18,,,2,69,,9752,18,,,2,102,,9758,18,,,2,33,,9749,18,,,2,94,,9753,18,,,2,96,,9760,18,,,2,100,,9759,18,,,2,100,,9761,18,,,2,98,,9757,18,,,2,99,,9756,18,,,2
22202,'DIM',1443,,4994,30,,,2
22202,'SAM',1443,,11491,30,,,2,898,,11489,30,,,2,100,,11490,30,,,2
22202,'SEM',543,,11498,30,,,2,159,,11493,30,,,2,41,,11494,30,,,2,767,,11497,30,,,2,35,,11492,30,,,2,703,,11495,30,,,2,65,,11496,30,,,2
32202,'SAM',2556,,11601,24,,,2
32202,'SEM',2425,,11602,24,,,2,84,,11603,24,,,2
