1703,'DIM',619,,6801,13,,,1,89,,6794,13,,,1,99,,100,13,,,1,101,,6796,13,,,1,97,,6797,13,,,1,101,,6793,13,,,1,100,,6799,13,,,1,99,,6795,13,,,1,102,,6798,13,,,1,100,,6800,13,,,1,102,,6783,13,,,1,98,,6787,13,,,1,99,,6786,13,,,1,101,,6785,13,,,1,99,,6788,13,,,1,99,,6791,13,,,1,101,,6784,13,,,1,100,,6789,13,,,1,102,,6790,13,,,1,120,,6792,13,,,1
1703,'SAM',541,,6813,13,,,1,78,,6819,13,,,1,89,,121,13,,,1,99,,6810,13,,,1,101,,6812,13,,,1,97,,6814,13,,,1,100,,6818,13,,,1,101,,6816,13,,,1,100,,6811,13,,,1,101,,6817,13,,,1,100,,6815,13,,,1,102,,6820,13,,,1,99,,6821,13,,,1,99,,6802,13,,,1,100,,6807,13,,,1,99,,6804,13,,,1,99,,6803,13,,,1,101,,6805,13,,,1,100,,6808,13,,,1,102,,6809,13,,,1,120,,6806,13,,,1
1703,'SEM',601,,6839,13,,,1,102,,6841,13,,,1,105,,6840,13,,,1,96,,6825,13,,,1,100,,6838,13,,,1,100,,6837,13,,,1,100,,6843,13,,,1,101,,6826,13,,,1,100,,6823,13,,,1,98,,6842,13,,,1,35,,6845,13,,,1,20,,6844,13,,,1,76,,6822,13,,,1,23,,6833,13,,,1,78,,6824,13,,,1,80,,6827,13,,,1,30,,6830,13,,,1,68,,6835,13,,,1,99,,6836,13,,,1,100,,6828,13,,,1,100,,6829,13,,,1,100,,6831,13,,,1,100,,6832,13,,,1,104,,6834,13,,,1
2703,'DIM',902,,7609,13,,,2,100,,7612,13,,,2,98,,7614,13,,,2,102,,7608,13,,,2,55,,7616,13,,,2,146,,7611,13,,,2,101,,7613,13,,,2,100,,7610,13,,,2,100,,7615,13,,,2,100,,7602,13,,,2,100,,7604,13,,,2,98,,7603,13,,,2,100,,7607,13,,,2,100,,7601,13,,,2,102,,7600,13,,,2,100,,7605,13,,,2,100,,7606,13,,,2
2703,'SAM',702,,7626,13,,,2,100,,7627,13,,,2,100,,7625,13,,,2,100,,7635,13,,,2,100,,7629,13,,,2,100,,7632,13,,,2,54,,7628,13,,,2,147,,7630,13,,,2,102,,7631,13,,,2,99,,7624,13,,,2,54,,7633,13,,,2,146,,7634,13,,,2,100,,7619,13,,,2,98,,7622,13,,,2,100,,7617,13,,,2,100,,7618,13,,,2,102,,7620,13,,,2,100,,7621,13,,,2,100,,7623,13,,,2
2703,'SEM',808,,7653,13,,,2,50,,7638,13,,,2,100,,7644,13,,,2,100,,7637,13,,,2,99,,7655,13,,,2,91,,7652,13,,,2,103,,7656,13,,,2,100,,7641,13,,,2,81,,7639,13,,,2,82,,7654,13,,,2,15,,7636,13,,,2,30,,7643,13,,,2,79,,7640,13,,,2,65,,7651,13,,,2,56,,7647,13,,,2,87,,7650,13,,,2,103,,7646,13,,,2,102,,7642,13,,,2,99,,7645,13,,,2,100,,7648,13,,,2,100,,7649,13,,,2
3103,'DIM',638,,7731,15,,,1,99,,7730,15,,,1,99,,1058,15,,,1,99,,7735,15,,,1,99,,7734,15,,,1,100,,7732,15,,,1,102,,7721,15,,,1,101,,7733,15,,,1,99,,7720,15,,,1,102,,7719,15,,,1,99,,7724,15,,,1,98,,7726,15,,,1,103,,7725,15,,,1,97,,7727,15,,,1,101,,7723,15,,,1,100,,7722,15,,,1,100,,7728,15,,,1,101,,7729,15,,,1
3103,'SAM',638,,7748,15,,,1,99,,7747,15,,,1,99,,1075,15,,,1,99,,7752,15,,,1,99,,7753,15,,,1,100,,7749,15,,,1,100,,7745,15,,,1,102,,7750,15,,,1,100,,7746,15,,,1,102,,7751,15,,,1,100,,7740,15,,,1,98,,7742,15,,,1,100,,7738,15,,,1,100,,7743,15,,,1,100,,7736,15,,,1,100,,7737,15,,,1,100,,7739,15,,,1,102,,7741,15,,,1,95,,7744,15,,,1
3103,'SEM',633,,7775,15,,,1,99,,7773,15,,,1,100,,7774,15,,,1,100,,7754,15,,,1,101,,7755,15,,,1,100,,7757,15,,,1,100,,7776,15,,,1,100,,7756,15,,,1,101,,7761,15,,,1,98,,7762,15,,,1,11,,7763,15,,,1,76,,7758,15,,,1,30,,7767,15,,,1,80,,7764,15,,,1,30,,7760,15,,,1,76,,7772,15,,,1,69,,7759,15,,,1,36,,7771,15,,,1,100,,7765,15,,,1,101,,7768,15,,,1,100,,7769,15,,,1,98,,7766,15,,,1,114,,7770,15,,,1
4303,'DIM',637,,8647,13,,,1,101,,8649,13,,,1,100,,8653,13,,,1,100,,8651,13,,,1,106,,8652,13,,,1,101,,8650,13,,,1,100,,8656,13,,,1,100,,8654,13,,,1,103,,8655,13,,,1,97,,8637,13,,,1,99,,8638,13,,,1,104,,8640,13,,,1,91,,8643,13,,,1,99,,8642,13,,,1,100,,8639,13,,,1,100,,8641,13,,,1,100,,8648,13,,,1,100,,8644,13,,,1,99,,8646,13,,,1,100,,8645,13,,,1
4303,'SAM',637,,8668,13,,,1,101,,8658,13,,,1,100,,8673,13,,,1,100,,8659,13,,,1,106,,8660,13,,,1,101,,8671,13,,,1,100,,8669,13,,,1,100,,8674,13,,,1,102,,8670,13,,,1,101,,8672,13,,,1,98,,8657,13,,,1,98,,8675,13,,,1,95,,8664,13,,,1,99,,8661,13,,,1,100,,2041,13,,,1,100,,8662,13,,,1,100,,8663,13,,,1,100,,8667,13,,,1,99,,8665,13,,,1,100,,8666,13,,,1
4303,'SEM',638,,8697,13,,,1,100,,8698,13,,,1,81,,8679,13,,,1,104,,8699,13,,,1,31,,8678,13,,,1,69,,8695,13,,,1,30,,8685,13,,,1,71,,8681,13,,,1,30,,8701,13,,,1,70,,8700,13,,,1,30,,8696,13,,,1,72,,8682,13,,,1,28,,8683,13,,,1,70,,8687,13,,,1,30,,8702,13,,,1,70,,8677,13,,,1,25,,8684,13,,,1,70,,8680,13,,,1,19,,8703,13,,,1,76,,8686,13,,,1,31,,8676,13,,,1,71,,8692,13,,,1,101,,8693,13,,,1,101,,8694,13,,,1,101,,8688,13,,,1,101,,8689,13,,,1,109,,8690,13,,,1,106,,8691,13,,,1
7303,'DIM',653,,10582,13,,,1,99,,10579,13,,,1,100,,10580,13,,,1,98,,10583,13,,,1,100,,10586,13,,,1,100,,10581,13,,,1,100,,10584,13,,,1,102,,10578,13,,,1,99,,10585,13,,,1,102,,10587,13,,,1,99,,10572,13,,,1,99,,10569,13,,,1,101,,10575,13,,,1,99,,10571,13,,,1,100,,10570,13,,,1,100,,10573,13,,,1,100,,10574,13,,,1,102,,10577,13,,,1,105,,10576,13,,,1
7303,'SAM',559,,10601,13,,,1,94,,10598,13,,,1,99,,10597,13,,,1,100,,10602,13,,,1,98,,10604,13,,,1,101,,10600,13,,,1,99,,10591,13,,,1,100,,10603,13,,,1,102,,10599,13,,,1,99,,10605,13,,,1,102,,10606,13,,,1,101,,10590,13,,,1,98,,10588,13,,,1,99,,10589,13,,,1,100,,10593,13,,,1,100,,10592,13,,,1,100,,4040,13,,,1,100,,10594,13,,,1,102,,4041,13,,,1,105,,10595,13,,,1,100,,4042,13,,,1,100,,10596,13,,,1
7303,'SEM',546,,10643,13,,,1,66,,10640,13,,,1,38,,10639,13,,,1,50,,10644,13,,,1,39,,10633,13,,,1,16,,10609,13,,,1,83,,10641,13,,,1,12,,10608,13,,,1,70,,10626,13,,,1,31,,10642,13,,,1,69,,10610,13,,,1,31,,10615,13,,,1,69,,10625,13,,,1,31,,10616,13,,,1,69,,10645,13,,,1,30,,10611,13,,,1,70,,10614,13,,,1,30,,10620,13,,,1,70,,10607,13,,,1,30,,10617,13,,,1,75,,10646,13,,,1,24,,10627,13,,,1,55,,10619,13,,,1,21,,10612,13,,,1,16,,10613,13,,,1,63,,10623,13,,,1,17,,10621,13,,,1,30,,10634,13,,,1,55,,10622,13,,,1,16,,10618,13,,,1,33,,10628,13,,,1,70,,10631,13,,,1,32,,10624,13,,,1,99,,10636,13,,,1,100,,10629,13,,,1,100,,10635,13,,,1,100,,10630,13,,,1,81,,10632,13,,,1,95,,10637,13,,,1,121,,10638,13,,,1
7401,'DIM',723,,10736,13,,,2,99,,10737,13,,,2,101,,10740,13,,,2,97,,10739,13,,,2,101,,10741,13,,,2,100,,10738,13,,,2,101,,10735,13,,,2,99,,10734,13,,,2,102,,10742,13,,,2,99,,10728,13,,,2,102,,10729,13,,,2,99,,10731,13,,,2,99,,10732,13,,,2,99,,10733,13,,,2,101,,10727,13,,,2,99,,10726,13,,,2,101,,10730,13,,,2
7401,'SAM',723,,10751,13,,,2,99,,10753,13,,,2,101,,10752,13,,,2,98,,10755,13,,,2,100,,10757,13,,,2,100,,10759,13,,,2,102,,10754,13,,,2,98,,10758,13,,,2,101,,10756,13,,,2,100,,10743,13,,,2,101,,10746,13,,,2,101,,10748,13,,,2,99,,10747,13,,,2,98,,10749,13,,,2,101,,10744,13,,,2,99,,10750,13,,,2,101,,10745,13,,,2
7401,'SEM',625,,10776,13,,,2,95,,10760,13,,,2,101,,10775,13,,,2,103,,10764,13,,,2,101,,10765,13,,,2,101,,10779,13,,,2,99,,10763,13,,,2,101,,10778,13,,,2,100,,10777,13,,,2,93,,10762,13,,,2,93,,10766,13,,,2,101,,10761,13,,,2,30,,10768,13,,,2,85,,10774,13,,,2,99,,10767,13,,,2,101,,10770,13,,,2,100,,10771,13,,,2,100,,10769,13,,,2,100,,10772,13,,,2,95,,10773,13,,,2
33503,'DIM',2641,,11604,4,,,2
33503,'SAM',2641,,11605,4,,,2
33503,'SEM',2643,,11606,4,,,2
