1704,'DIM',508,,6858,37,,,1,50,,6859,37,,,1,101,,6863,37,,,1,143,,6857,37,,,1,101,,165,37,,,1,101,,6861,37,,,1,101,,6862,37,,,1,100,,6864,37,,,1,101,,6865,37,,,1,101,,6860,37,,,1,102,,6846,37,,,1,99,,6847,37,,,1,100,,6850,37,,,1,100,,6852,37,,,1,98,,6851,37,,,1,98,,6849,37,,,1,100,,6853,37,,,1,98,,6856,37,,,1,99,,6848,37,,,1,99,,6854,37,,,1,56,,6855,37,,,1
1704,'SAM',508,,6878,37,,,1,50,,6879,37,,,1,101,,6885,37,,,1,143,,6882,37,,,1,101,,6877,37,,,1,101,,6881,37,,,1,101,,6886,37,,,1,100,,6884,37,,,1,101,,6883,37,,,1,101,,6880,37,,,1,101,,6867,37,,,1,100,,6868,37,,,1,101,,6870,37,,,1,99,,6872,37,,,1,98,,6866,37,,,1,98,,6874,37,,,1,100,,6871,37,,,1,98,,6869,37,,,1,99,,6873,37,,,1,99,,6875,37,,,1,56,,6876,37,,,1
1704,'SEM',520,,6901,37,,,1,94,,6906,37,,,1,22,,6909,37,,,1,22,,6888,37,,,1,67,,6892,37,,,1,76,,6893,37,,,1,21,,6887,37,,,1,98,,6890,37,,,1,85,,6891,37,,,1,100,,6894,37,,,1,100,,6905,37,,,1,100,,6907,37,,,1,100,,6896,37,,,1,102,,6908,37,,,1,101,,6889,37,,,1,105,,6897,37,,,1,95,,6895,37,,,1,97,,6898,37,,,1,100,,6903,37,,,1,100,,6904,37,,,1,99,,6899,37,,,1,100,,6900,37,,,1,99,,6902,37,,,1
2704,'DIM',755,,7675,42,,,2,101,,7676,42,,,2,100,,7671,42,,,2,99,,7673,42,,,2,98,,7674,42,,,2,103,,7670,42,,,2,95,,7677,42,,,2,107,,7672,42,,,2,100,,7663,42,,,2,100,,7667,42,,,2,100,,7668,42,,,2,99,,7664,42,,,2,100,,7666,42,,,2,98,,7665,42,,,2,100,,7669,42,,,2,100,,7662,42,,,2
2704,'SAM',654,,7690,42,,,2,101,,7686,42,,,2,101,,7687,42,,,2,100,,7685,42,,,2,99,,7694,42,,,2,100,,7689,42,,,2,101,,7692,42,,,2,94,,7688,42,,,2,108,,7691,42,,,2,100,,7681,42,,,2,100,,7682,42,,,2,93,,7684,42,,,2,106,,7693,42,,,2,100,,7680,42,,,2,98,,7683,42,,,2,100,,7678,42,,,2,100,,7679,42,,,2
2704,'SEM',618,,7716,42,,,2,28,,7696,42,,,2,68,,7713,42,,,2,28,,7699,42,,,2,67,,7700,42,,,2,28,,7718,42,,,2,66,,7715,42,,,2,49,,7714,42,,,2,100,,7703,42,,,2,148,,7695,42,,,2,55,,7717,42,,,2,88,,7698,42,,,2,106,,7697,42,,,2,107,,7708,42,,,2,77,,7709,42,,,2,80,,7704,42,,,2,13,,7701,42,,,2,30,,7702,42,,,2,71,,7706,42,,,2,75,,7711,42,,,2,100,,7707,42,,,2,45,,7710,42,,,2,95,,7705,42,,,2,104,,7712,42,,,2
3104,'DIM',628,,7789,47,,,1,104,,7790,47,,,1,100,,7788,47,,,1,102,,7794,47,,,1,101,,7795,47,,,1,100,,7793,47,,,1,100,,7791,47,,,1,103,,7779,47,,,1,101,,7792,47,,,1,100,,7778,47,,,1,101,,7777,47,,,1,99,,7782,47,,,1,97,,7784,47,,,1,102,,7783,47,,,1,96,,7785,47,,,1,99,,7781,47,,,1,99,,7780,47,,,1,98,,7786,47,,,1,102,,7787,47,,,1
3104,'SAM',528,,1137,47,,,1,100,,7805,47,,,1,104,,7808,47,,,1,100,,7807,47,,,1,102,,7810,47,,,1,101,,7813,47,,,1,100,,7814,47,,,1,100,,7809,47,,,1,102,,7804,47,,,1,101,,7811,47,,,1,101,,7806,47,,,1,101,,7812,47,,,1,100,,7800,47,,,1,97,,7802,47,,,1,99,,7798,47,,,1,99,,7803,47,,,1,98,,7796,47,,,1,99,,7797,47,,,1,98,,7799,47,,,1,102,,7801,47,,,1
3104,'SEM',452,,7823,47,,,1,77,,7824,47,,,1,92,,7835,47,,,1,21,,7837,47,,,1,64,,7817,47,,,1,34,,7836,47,,,1,68,,7833,47,,,1,29,,7831,47,,,1,75,,7832,47,,,1,22,,7834,47,,,1,100,,7815,47,,,1,102,,7816,47,,,1,100,,7819,47,,,1,101,,7838,47,,,1,100,,7818,47,,,1,102,,7821,47,,,1,100,,7822,47,,,1,96,,7820,47,,,1,103,,7825,47,,,1,96,,7830,47,,,1,105,,7829,47,,,1,99,,7826,47,,,1,101,,7827,47,,,1,100,,7828,47,,,1
3904,'DIM',839,,8142,47,,,1,112,,8136,47,,,1,82,,8143,47,,,1,70,,8146,47,,,1,33,,8137,47,,,1,67,,8135,47,,,1,33,,8145,47,,,1,69,,8140,47,,,1,34,,8129,47,,,1,67,,8144,47,,,1,30,,8138,47,,,1,71,,8139,47,,,1,32,,8128,47,,,1,70,,8141,47,,,1,31,,8124,47,,,1,71,,8125,47,,,1,28,,8130,47,,,1,68,,8131,47,,,1,29,,8132,47,,,1,83,,8133,47,,,1,98,,8126,47,,,1,100,,8134,47,,,1,99,,8127,47,,,1
3904,'SAM',839,,8162,47,,,1,112,,8155,47,,,1,82,,8166,47,,,1,70,,8156,47,,,1,30,,8147,47,,,1,70,,8153,47,,,1,36,,8159,47,,,1,66,,8157,47,,,1,34,,8163,47,,,1,67,,8154,47,,,1,30,,8160,47,,,1,71,,8161,47,,,1,31,,8167,47,,,1,71,,8158,47,,,1,32,,8164,47,,,1,64,,8165,47,,,1,34,,8168,47,,,1,68,,8169,47,,,1,29,,8148,47,,,1,86,,8149,47,,,1,97,,8151,47,,,1,98,,8150,47,,,1,99,,8152,47,,,1
3904,'SEM',633,,8193,47,,,1,67,,8186,47,,,1,14,,8192,47,,,1,11,,8174,47,,,1,30,,8189,47,,,1,71,,8170,47,,,1,31,,8187,47,,,1,70,,8194,47,,,1,75,,8172,47,,,1,28,,8173,47,,,1,73,,8184,47,,,1,30,,8188,47,,,1,71,,8190,47,,,1,28,,8181,47,,,1,72,,8185,47,,,1,27,,8191,47,,,1,78,,8171,47,,,1,34,,8176,47,,,1,70,,8178,47,,,1,31,,8179,47,,,1,102,,8195,47,,,1,110,,8182,47,,,1,98,,8183,47,,,1,104,,8175,47,,,1,100,,8177,47,,,1,93,,8180,47,,,1
4304,'DIM',504,,8722,22,,,1,103,,8716,22,,,1,100,,8712,22,,,1,102,,8714,22,,,1,102,,8719,22,,,1,100,,8717,22,,,1,106,,8718,22,,,1,100,,8715,22,,,1,100,,8723,22,,,1,100,,8720,22,,,1,104,,8721,22,,,1,99,,8704,22,,,1,99,,8705,22,,,1,101,,8707,22,,,1,94,,8710,22,,,1,98,,8709,22,,,1,99,,8706,22,,,1,99,,8708,22,,,1,100,,8713,22,,,1,100,,8711,22,,,1
4304,'SAM',504,,8740,22,,,1,103,,8737,22,,,1,100,,8734,22,,,1,102,,8725,22,,,1,102,,8741,22,,,1,100,,8726,22,,,1,106,,8727,22,,,1,100,,8738,22,,,1,100,,8735,22,,,1,100,,8742,22,,,1,103,,8736,22,,,1,101,,8739,22,,,1,98,,8724,22,,,1,97,,8743,22,,,1,98,,8731,22,,,1,98,,8728,22,,,1,99,,2109,22,,,1,99,,8729,22,,,1,100,,8730,22,,,1,100,,8733,22,,,1,98,,8732,22,,,1
4304,'SEM',521,,8765,22,,,1,35,,8771,22,,,1,75,,8744,22,,,1,25,,8746,22,,,1,61,,8769,22,,,1,31,,8745,22,,,1,73,,8770,22,,,1,33,,8749,22,,,1,75,,8766,22,,,1,28,,8772,22,,,1,71,,8748,22,,,1,30,,8767,22,,,1,70,,8755,22,,,1,30,,8751,22,,,1,70,,8774,22,,,1,30,,8773,22,,,1,70,,8768,22,,,1,72,,8752,22,,,1,29,,8753,22,,,1,30,,8757,22,,,1,76,,8775,22,,,1,65,,8747,22,,,1,26,,8754,22,,,1,30,,8750,22,,,1,97,,8756,22,,,1,97,,8761,22,,,1,100,,8763,22,,,1,101,,8764,22,,,1,99,,8758,22,,,1,101,,8759,22,,,1,150,,8760,22,,,1,20,,8762,22,,,1
7304,'DIM',543,,10665,65,,,1,70,,10654,65,,,1,103,,10658,65,,,1,101,,10661,65,,,1,102,,10657,65,,,1,101,,10659,65,,,1,100,,10662,65,,,1,100,,10666,65,,,1,102,,10660,65,,,1,101,,10663,65,,,1,101,,10656,65,,,1,100,,10664,65,,,1,100,,10667,65,,,1,99,,10650,65,,,1,99,,10647,65,,,1,97,,10653,65,,,1,99,,10649,65,,,1,99,,10648,65,,,1,98,,10651,65,,,1,101,,10652,65,,,1,99,,10655,65,,,1
7304,'SAM',543,,10686,65,,,1,70,,10676,65,,,1,103,,10681,65,,,1,101,,10678,65,,,1,102,,10677,65,,,1,101,,10682,65,,,1,100,,10684,65,,,1,101,,10680,65,,,1,101,,10671,65,,,1,101,,10683,65,,,1,101,,10679,65,,,1,100,,10685,65,,,1,100,,10687,65,,,1,99,,10670,65,,,1,98,,10668,65,,,1,98,,10669,65,,,1,99,,10673,65,,,1,99,,10672,65,,,1,98,,4131,65,,,1,101,,10674,65,,,1,99,,4133,65,,,1,100,,10675,65,,,1,99,,4134,65,,,1
7304,'SEM',505,,10719,65,,,1,42,,10716,65,,,1,82,,10722,65,,,1,18,,10725,65,,,1,71,,10721,65,,,1,15,,10718,65,,,1,14,,10694,65,,,1,68,,10696,65,,,1,14,,10717,65,,,1,15,,10723,65,,,1,65,,10712,65,,,1,31,,10690,65,,,1,80,,10689,65,,,1,29,,10705,65,,,1,70,,10720,65,,,1,30,,10691,65,,,1,71,,10695,65,,,1,36,,10704,65,,,1,66,,10697,65,,,1,30,,10724,65,,,1,70,,10692,65,,,1,30,,10693,65,,,1,73,,10701,65,,,1,31,,10688,65,,,1,72,,10698,65,,,1,79,,10708,65,,,1,22,,10706,65,,,1,27,,10700,65,,,1,69,,10707,65,,,1,76,,10702,65,,,1,20,,10713,65,,,1,29,,10699,65,,,1,70,,10709,65,,,1,30,,10711,65,,,1,73,,10703,65,,,1,96,,10715,65,,,1,99,,10710,65,,,1,103,,10714,65,,,1
7402,'DIM',644,,10786,78,,,2,102,,10789,78,,,2,101,,6451,78,,,2,101,,10790,78,,,2,102,,10788,78,,,2,100,,10787,78,,,2,101,,10793,78,,,2,100,,10792,78,,,2,103,,10794,78,,,2,99,,10791,78,,,2,99,,10781,78,,,2,101,,10780,78,,,2,98,,10782,78,,,2,98,,10783,78,,,2,99,,6443,78,,,2,100,,10784,78,,,2,98,,10785,78,,,2
7402,'SAM',644,,10802,78,,,2,102,,10806,78,,,2,101,,10804,78,,,2,101,,10801,78,,,2,102,,10805,78,,,2,100,,10807,78,,,2,101,,10810,78,,,2,101,,10803,78,,,2,100,,10808,78,,,2,101,,10811,78,,,2,100,,10809,78,,,2,99,,10795,78,,,2,99,,10797,78,,,2,98,,10799,78,,,2,99,,10798,78,,,2,100,,10800,78,,,2,98,,10796,78,,,2
7402,'SEM',603,,10825,78,,,2,49,,10830,78,,,2,60,,10813,78,,,2,42,,10824,78,,,2,100,,10814,78,,,2,99,,10812,78,,,2,99,,10816,78,,,2,101,,10826,78,,,2,97,,10829,78,,,2,100,,10815,78,,,2,101,,10828,78,,,2,102,,10827,78,,,2,100,,10817,78,,,2,97,,10818,78,,,2,100,,10821,78,,,2,97,,10823,78,,,2,99,,10819,78,,,2,102,,10820,78,,,2,98,,10822,78,,,2
