4503,'DIM',637,,8779,3,,,1,100,,8789,3,,,1,101,,8787,3,,,1,98,,8793,3,,,1,101,,8788,3,,,1,98,,8791,3,,,1,105,,8781,3,,,1,100,,8785,3,,,1,98,,8778,3,,,1,102,,8776,3,,,1,92,,8790,3,,,1,102,,8792,3,,,1,104,,8777,3,,,1,102,,8786,3,,,1,102,,8780,3,,,1,99,,8783,3,,,1,99,,8784,3,,,1,102,,8782,3,,,1
4503,'SAM',637,,8807,3,,,1,100,,8803,3,,,1,101,,8806,3,,,1,98,,8805,3,,,1,101,,8795,3,,,1,97,,8804,3,,,1,106,,8808,3,,,1,99,,8799,3,,,1,101,,8810,3,,,1,101,,8809,3,,,1,91,,8811,3,,,1,105,,8794,3,,,1,101,,8801,3,,,1,102,,8796,3,,,1,102,,8800,3,,,1,99,,8798,3,,,1,99,,8802,3,,,1,102,,8797,3,,,1
4503,'SEM',624,,8817,3,,,1,18,,8815,3,,,1,74,,8812,3,,,1,26,,8832,3,,,1,67,,8816,3,,,1,39,,8814,3,,,1,65,,8833,3,,,1,110,,8831,3,,,1,100,,8820,3,,,1,95,,8818,3,,,1,100,,8834,3,,,1,101,,8813,3,,,1,105,,8835,3,,,1,26,,8822,3,,,1,88,,8825,3,,,1,19,,8819,3,,,1,58,,8826,3,,,1,32,,8828,3,,,1,80,,8824,3,,,1,100,,8823,3,,,1,100,,8827,3,,,1,100,,8830,3,,,1,100,,8821,3,,,1,95,,8829,3,,,1
5001,'DIM',528,,9169,13,,,1,100,,9177,13,,,1,100,,9165,13,,,1,98,,9182,13,,,1,101,,9174,13,,,1,73,,9184,13,,,1,37,,9176,13,,,1,63,,9189,13,,,1,38,,9187,13,,,1,62,,9188,13,,,1,35,,9190,13,,,1,69,,9175,13,,,1,32,,9178,13,,,1,76,,9191,13,,,1,29,,9180,13,,,1,73,,9179,13,,,1,30,,9185,13,,,1,63,,9183,13,,,1,34,,9181,13,,,1,81,,9186,13,,,1,18,,9167,13,,,1,100,,9170,13,,,1,99,,9173,13,,,1,100,,9166,13,,,1,99,,9171,13,,,1,98,,9168,13,,,1,100,,9172,13,,,1
5001,'SAM',528,,9199,13,,,1,100,,9202,13,,,1,100,,9193,13,,,1,98,,9214,13,,,1,101,,9212,13,,,1,79,,9217,13,,,1,30,,9210,13,,,1,64,,9194,13,,,1,38,,9218,13,,,1,62,,9216,13,,,1,35,,9195,13,,,1,69,,9206,13,,,1,32,,9208,13,,,1,76,,9211,13,,,1,29,,9207,13,,,1,73,,9209,13,,,1,30,,9197,13,,,1,63,,9198,13,,,1,34,,9192,13,,,1,79,,9213,13,,,1,21,,9215,13,,,1,99,,9203,13,,,1,99,,9205,13,,,1,100,,9204,13,,,1,99,,9200,13,,,1,98,,9196,13,,,1,100,,9201,13,,,1
5001,'SEM',518,,9241,13,,,1,106,,9246,13,,,1,35,,9242,13,,,1,63,,9220,13,,,1,36,,9219,13,,,1,64,,9222,13,,,1,31,,9249,13,,,1,67,,9250,13,,,1,33,,9245,13,,,1,67,,9221,13,,,1,33,,9225,13,,,1,68,,9244,13,,,1,32,,9231,13,,,1,72,,9247,13,,,1,30,,9226,13,,,1,72,,9243,13,,,1,28,,9248,13,,,1,70,,9224,13,,,1,82,,9223,13,,,1,26,,9235,13,,,1,76,,9227,13,,,1,30,,9228,13,,,1,69,,9234,13,,,1,29,,9229,13,,,1,75,,9233,13,,,1,29,,9236,13,,,1,75,,9237,13,,,1,104,,9232,13,,,1,104,,9230,13,,,1,104,,9239,13,,,1,105,,9238,13,,,1,106,,9240,13,,,1,89,,9251,3,,,1
6001,'DIM',805,,9768,37,,,1,103,,9776,37,,,1,102,,9774,37,,,1,103,,9775,37,,,1,101,,9777,37,,,1,102,,9780,37,,,1,102,,9778,37,,,1,100,,9781,37,,,1,100,,9779,37,,,1,102,,9782,37,,,1,93,,9783,37,,,1,99,,9770,37,,,1,98,,9772,37,,,1,97,,9771,37,,,1,99,,9773,37,,,1,99,,9767,37,,,1,100,,9769,37,,,1
6001,'SAM',703,,9790,37,,,1,102,,9795,37,,,1,103,,9786,37,,,1,102,,9798,37,,,1,102,,9800,37,,,1,102,,9796,37,,,1,102,,9799,37,,,1,102,,9797,37,,,1,100,,9785,37,,,1,100,,9801,37,,,1,102,,9784,37,,,1,93,,9788,37,,,1,100,,9793,37,,,1,97,,9789,37,,,1,97,,9791,37,,,1,99,,9794,37,,,1,99,,9787,37,,,1,100,,9792,37,,,1
6001,'SEM',547,,9816,37,,,1,101,,9802,37,,,1,87,,9820,37,,,1,77,,9814,37,,,1,36,,9818,37,,,1,101,,9804,37,,,1,100,,9821,37,,,1,101,,9819,37,,,1,104,,9805,37,,,1,100,,9803,37,,,1,101,,9815,37,,,1,102,,9817,37,,,1,99,,9806,37,,,1,102,,9810,37,,,1,98,,9808,37,,,1,90,,9813,37,,,1,98,,9811,37,,,1,98,,9807,37,,,1,99,,9809,37,,,1,94,,9812,37,,,1
34503,'SEM',442,,11610,22,,,1,101,,11611,22,,,1
