2202,'DIM',728,,7078,38,,,2,100,,7077,38,,,2,100,,7076,38,,,2,100,,6315,38,,,2,101,,7079,38,,,2,100,,7081,38,,,2,96,,7080,38,,,2,106,,7075,38,,,2,98,,7069,38,,,2,114,,7082,38,,,2,88,,7071,38,,,2,100,,7072,38,,,2,98,,7074,38,,,2,101,,7073,38,,,2,100,,7068,38,,,2,100,,7070,38,,,2
2202,'SAM',630,,7099,22,,,2,98,,7093,38,,,2,100,,7090,38,,,2,100,,7089,38,,,2,98,,7095,38,,,2,103,,7094,38,,,2,100,,7092,38,,,2,96,,7098,38,,,2,104,,7091,38,,,2,100,,7097,38,,,2,112,,7096,38,,,2,90,,7084,38,,,2,100,,7086,38,,,2,98,,7083,38,,,2,101,,7085,38,,,2,100,,7088,38,,,2,100,,7087,38,,,2
2202,'SEM',606,,6230,38,,,2,18,,7111,38,,,2,105,,7118,38,,,2,71,,7108,38,,,2,30,,7100,38,,,2,98,,7102,38,,,2,31,,7101,38,,,2,69,,7119,38,,,2,101,,7106,38,,,2,100,,7117,38,,,2,100,,7120,38,,,2,102,,7105,38,,,2,100,,7107,38,,,2,102,,7103,38,,,2,24,,7104,38,,,2,75,,7110,38,,,2,99,,7109,38,,,2,100,,7116,38,,,2,101,,7115,38,,,2,97,,7113,38,,,2,107,,7112,38,,,2,96,,7114,38,,,2
5802,'DIM',606,,9712,15,,,2,100,,9719,15,,,2,51,,9716,15,,,2,100,,9720,15,,,2,100,,9723,15,,,2,99,,9715,15,,,2,101,,9725,15,,,2,100,,9722,15,,,2,101,,9718,15,,,2,99,,9721,15,,,2,101,,9717,15,,,2,99,,9711,15,,,2,101,,9724,15,,,2,101,,9708,15,,,2,100,,9714,15,,,2,99,,9710,15,,,2,99,,9709,15,,,2,99,,9713,15,,,2
5802,'SAM',606,,9743,15,,,2,100,,9735,15,,,2,51,,9734,15,,,2,100,,9739,15,,,2,100,,9737,15,,,2,99,,9740,15,,,2,101,,9742,15,,,2,100,,9726,15,,,2,98,,9733,15,,,2,101,,9738,15,,,2,101,,9736,15,,,2,101,,9741,15,,,2,100,,9728,15,,,2,101,,9731,15,,,2,100,,9727,15,,,2,99,,9732,15,,,2,99,,9729,15,,,2,99,,9730,15,,,2
5802,'SEM',525,,9762,15,,,2,34,,9755,15,,,2,62,,9754,15,,,2,79,,9763,15,,,2,35,,9765,15,,,2,69,,9747,15,,,2,33,,9746,15,,,2,83,,9750,15,,,2,99,,9766,15,,,2,100,,9744,15,,,2,100,,9751,15,,,2,100,,9764,15,,,2,101,,9745,15,,,2,25,,9748,15,,,2,69,,9752,15,,,2,103,,9758,15,,,2,33,,9749,15,,,2,93,,9753,15,,,2,96,,9760,15,,,2,100,,9759,15,,,2,100,,9761,15,,,2,98,,9757,15,,,2,99,,9756,15,,,2
22202,'DIM',1442,,4994,27,,,2
22202,'SAM',1442,,11491,27,,,2,898,,11489,27,,,2,100,,11490,27,,,2
22202,'SEM',542,,11498,27,,,2,159,,11493,27,,,2,41,,11494,27,,,2,767,,11497,27,,,2,35,,11492,27,,,2,703,,11495,27,,,2,65,,11496,27,,,2
32202,'SAM',2555,,11601,21,,,2
32202,'SEM',2424,,11602,21,,,2,84,,11603,21,,,2
