6303,'DIM',812,,10005,65,,,1,101,,10007,65,,,1,102,,9998,65,,,1,99,,10006,65,,,1,103,,10010,65,,,1,96,,10008,65,,,1,103,,10011,65,,,1,103,,10009,65,,,1,100,,10012,65,,,1,100,,10013,65,,,1,100,,9999,65,,,1,97,,9995,65,,,1,98,,9996,65,,,1,99,,10001,65,,,1,100,,9997,65,,,1,100,,10002,65,,,1,98,,10000,65,,,1,100,,10003,65,,,1,97,,10004,65,,,1
6303,'SAM',711,,10027,65,,,1,101,,10031,65,,,1,101,,10028,65,,,1,102,,10026,65,,,1,99,,10030,65,,,1,103,,10029,65,,,1,96,,10033,65,,,1,103,,10032,65,,,1,103,,10014,65,,,1,102,,10015,65,,,1,98,,10016,65,,,1,100,,10018,65,,,1,97,,10017,65,,,1,98,,10022,65,,,1,99,,10019,65,,,1,100,,10020,65,,,1,100,,10023,65,,,1,98,,10021,65,,,1,100,,10024,65,,,1,97,,10025,65,,,1
6303,'SEM',634,,10049,65,,,1,21,,10059,65,,,1,56,,10060,65,,,1,37,,10066,65,,,1,54,,10064,65,,,1,33,,10038,65,,,1,23,,10040,65,,,1,73,,10041,65,,,1,73,,10034,65,,,1,25,,10037,65,,,1,73,,10063,65,,,1,28,,10051,65,,,1,72,,10067,65,,,1,26,,10061,65,,,1,78,,10035,65,,,1,27,,10036,65,,,1,71,,10065,65,,,1,30,,10062,65,,,1,74,,10068,65,,,1,32,,10043,65,,,1,65,,10042,65,,,1,34,,10047,65,,,1,19,,10045,65,,,1,65,,10039,65,,,1,32,,10048,65,,,1,80,,10046,65,,,1,96,,10044,65,,,1,81,,10052,65,,,1,93,,10055,65,,,1,54,,10050,65,,,1,88,,10053,65,,,1,103,,10054,65,,,1,99,,10058,65,,,1,104,,10056,65,,,1,93,,10057,65,,,1
6503,'DIM',742,,10150,59,,,2,101,,10152,59,,,2,101,,10154,59,,,2,100,,10156,59,,,2,103,,10153,59,,,2,98,,10151,59,,,2,108,,10139,59,,,2,100,,10155,59,,,2,96,,10157,59,,,2,98,,10142,59,,,2,102,,10144,59,,,2,97,,10143,59,,,2,98,,10146,59,,,2,100,,10148,59,,,2,99,,10140,59,,,2,100,,10141,59,,,2,99,,10147,59,,,2,99,,10149,59,,,2,99,,10145,59,,,2
6503,'SAM',742,,10170,59,,,2,101,,10173,59,,,2,101,,10172,59,,,2,100,,10174,59,,,2,102,,10175,59,,,2,98,,10177,59,,,2,109,,10176,59,,,2,99,,10171,59,,,2,97,,10158,59,,,2,98,,10160,59,,,2,102,,10163,59,,,2,99,,10166,59,,,2,96,,3589,59,,,2,100,,10168,59,,,2,99,,10162,59,,,2,100,,10159,59,,,2,99,,10161,59,,,2,99,,10164,59,,,2,99,,10165,59,,,2,84,,10167,59,,,2,35,,10169,59,,,2
6503,'SEM',532,,10213,47,,,2,97,,10187,59,,,2,28,,10179,59,,,2,68,,10206,59,,,2,24,,10180,59,,,2,64,,10182,59,,,2,38,,10195,59,,,2,66,,10212,59,,,2,37,,10183,59,,,2,65,,10184,59,,,2,30,,10203,59,,,2,70,,10185,59,,,2,30,,10210,59,,,2,71,,10207,59,,,2,30,,10208,59,,,2,71,,10209,59,,,2,30,,10186,59,,,2,70,,10189,59,,,2,31,,10181,59,,,2,70,,10193,59,,,2,34,,10194,59,,,2,72,,10178,59,,,2,25,,10188,59,,,2,65,,10200,59,,,2,14,,10211,59,,,2,15,,10201,59,,,2,54,,10202,59,,,2,14,,10196,59,,,2,13,,10204,59,,,2,17,,10199,59,,,2,73,,10191,59,,,2,102,,10190,59,,,2,99,,10192,59,,,2,100,,10197,59,,,2,100,,10198,59,,,2,97,,10205,59,,,2
7304,'DIM',527,,10665,32,,,1,30,,10654,32,,,1,102,,10658,32,,,1,99,,10661,32,,,1,100,,10657,32,,,1,100,,10659,32,,,1,100,,10662,32,,,1,100,,10666,32,,,1,142,,10660,32,,,1,101,,10663,32,,,1,101,,10656,32,,,1,100,,10664,32,,,1,100,,10667,32,,,1,100,,10650,32,,,1,99,,10647,32,,,1,58,,10653,32,,,1,100,,10649,32,,,1,99,,10648,32,,,1,101,,10651,32,,,1,141,,10652,32,,,1,59,,10655,32,,,1
7304,'SAM',527,,10686,32,,,1,30,,10676,32,,,1,102,,10681,32,,,1,99,,10678,32,,,1,100,,10677,32,,,1,100,,10682,32,,,1,100,,10684,32,,,1,101,,10680,32,,,1,141,,10671,32,,,1,101,,10683,32,,,1,101,,10679,32,,,1,100,,10685,32,,,1,100,,10687,32,,,1,100,,10670,32,,,1,98,,10668,32,,,1,59,,10669,32,,,1,100,,10673,32,,,1,99,,10672,32,,,1,101,,4131,32,,,1,141,,10674,32,,,1,59,,4133,32,,,1,100,,10675,32,,,1,100,,4134,32,,,1
7304,'SEM',448,,10719,32,,,1,81,,10716,32,,,1,80,,10722,32,,,1,18,,10725,32,,,1,31,,10721,32,,,1,54,,10718,32,,,1,13,,10694,32,,,1,28,,10696,32,,,1,54,,10717,32,,,1,15,,10723,32,,,1,25,,10712,32,,,1,71,,10690,32,,,1,40,,10689,32,,,1,69,,10705,32,,,1,30,,10720,32,,,1,70,,10691,32,,,1,30,,10695,32,,,1,76,,10704,32,,,1,25,,10697,32,,,1,70,,10724,32,,,1,30,,10692,32,,,1,70,,10693,32,,,1,72,,10701,32,,,1,31,,10688,32,,,1,72,,10698,32,,,1,39,,10708,32,,,1,62,,10706,32,,,1,29,,10700,32,,,1,69,,10707,32,,,1,37,,10702,32,,,1,20,,10713,32,,,1,70,,10699,32,,,1,30,,10709,32,,,1,70,,10711,32,,,1,73,,10703,32,,,1,98,,10715,32,,,1,100,,10710,32,,,1,104,,10714,32,,,1
15103,'DIM',700,,11208,46,,,2,20,,11212,46,,,2,30,,11194,46,,,2,69,,11207,46,,,2,35,,11216,46,,,2,71,,11209,46,,,2,29,,11213,46,,,2,71,,11219,46,,,2,75,,11218,46,,,2,31,,11221,46,,,2,71,,11214,46,,,2,33,,11211,46,,,2,74,,11220,46,,,2,32,,11224,46,,,2,71,,11210,46,,,2,34,,11215,46,,,2,73,,11222,46,,,2,32,,11225,46,,,2,71,,11190,46,,,2,37,,11196,46,,,2,70,,11217,46,,,2,72,,11223,46,,,2,28,,11201,46,,,2,75,,11202,46,,,2,30,,11205,46,,,2,69,,11191,46,,,2,29,,11193,46,,,2,68,,11197,46,,,2,28,,11195,46,,,2,29,,11199,46,,,2,70,,11192,46,,,2,30,,11203,46,,,2,70,,11198,46,,,2,93,,11200,46,,,2,98,,11204,46,,,2,35,,11206,46,,,2
15103,'SAM',700,,11248,46,,,2,20,,11250,46,,,2,30,,11246,46,,,2,69,,11247,46,,,2,35,,11254,46,,,2,71,,11249,46,,,2,29,,11251,46,,,2,71,,11258,46,,,2,75,,11256,46,,,2,31,,11259,46,,,2,71,,11252,46,,,2,33,,11244,46,,,2,74,,11235,46,,,2,32,,11257,46,,,2,71,,11255,46,,,2,34,,11253,46,,,2,73,,11245,46,,,2,32,,11236,46,,,2,71,,11260,46,,,2,37,,11228,46,,,2,70,,11226,46,,,2,72,,11261,46,,,2,28,,11232,46,,,2,75,,11233,46,,,2,30,,11234,46,,,2,69,,11241,46,,,2,29,,11227,46,,,2,68,,11243,46,,,2,28,,11229,46,,,2,29,,11230,46,,,2,70,,11242,46,,,2,30,,11239,46,,,2,72,,11237,46,,,2,91,,11231,46,,,2,98,,11240,46,,,2,35,,11238,46,,,2,91,,4730,46,,,2
15103,'SEM',630,,11263,46,,,2,18,,11282,46,,,2,61,,11303,46,,,2,34,,11305,46,,,2,62,,11309,46,,,2,28,,11272,46,,,2,71,,11306,46,,,2,32,,11267,46,,,2,20,,11297,46,,,2,60,,11311,46,,,2,21,,11310,46,,,2,20,,11273,46,,,2,60,,11301,46,,,2,20,,11307,46,,,2,20,,11268,46,,,2,60,,11298,46,,,2,20,,11308,46,,,2,22,,11278,46,,,2,56,,11304,46,,,2,25,,11302,46,,,2,60,,11275,46,,,2,20,,11262,46,,,2,20,,11270,46,,,2,60,,11274,46,,,2,20,,11264,46,,,2,22,,11281,46,,,2,59,,11284,46,,,2,17,,11287,46,,,2,15,,11285,46,,,2,14,,11266,46,,,2,56,,11276,46,,,2,13,,11271,46,,,2,15,,11290,46,,,2,15,,11265,46,,,2,13,,11269,46,,,2,56,,11292,46,,,2,14,,11279,46,,,2,15,,11286,46,,,2,14,,11288,46,,,2,53,,11293,46,,,2,22,,11277,46,,,2,73,,11291,46,,,2,29,,11280,46,,,2,67,,11295,46,,,2,31,,11283,46,,,2,102,,11294,46,,,2,95,,11289,46,,,2,102,,11299,46,,,2,108,,11296,46,,,2,114,,11300,46,,,2
