1703,'DIM',627,,6801,28,,,1,89,,6794,28,,,1,100,,100,28,,,1,102,,6796,28,,,1,97,,6797,28,,,1,101,,6793,28,,,1,100,,6799,28,,,1,99,,6795,28,,,1,102,,6798,28,,,1,100,,6800,28,,,1,102,,6783,28,,,1,98,,6787,28,,,1,99,,6786,28,,,1,101,,6785,28,,,1,98,,6788,28,,,1,99,,6791,28,,,1,100,,6784,28,,,1,100,,6789,28,,,1,102,,6790,28,,,1,119,,6792,28,,,1
1703,'SAM',549,,6813,28,,,1,78,,6819,28,,,1,89,,121,28,,,1,100,,6810,28,,,1,102,,6812,28,,,1,97,,6814,28,,,1,100,,6818,28,,,1,101,,6816,28,,,1,100,,6811,28,,,1,101,,6817,28,,,1,100,,6815,28,,,1,102,,6820,28,,,1,99,,6821,28,,,1,99,,6802,28,,,1,100,,6807,28,,,1,98,,6804,28,,,1,99,,6803,28,,,1,100,,6805,28,,,1,100,,6808,28,,,1,102,,6809,28,,,1,119,,6806,28,,,1
1703,'SEM',609,,6839,28,,,1,103,,6841,28,,,1,106,,6840,28,,,1,96,,6825,28,,,1,101,,6838,28,,,1,100,,6837,28,,,1,100,,6843,28,,,1,101,,6826,28,,,1,100,,6823,28,,,1,98,,6842,28,,,1,35,,6845,28,,,1,60,,6844,28,,,1,36,,6822,28,,,1,63,,6833,28,,,1,38,,6824,28,,,1,79,,6827,28,,,1,30,,6830,28,,,1,68,,6835,28,,,1,99,,6836,28,,,1,100,,6828,28,,,1,100,,6829,28,,,1,99,,6831,28,,,1,99,,6832,28,,,1,103,,6834,28,,,1
3103,'DIM',646,,7731,30,,,1,100,,7730,30,,,1,100,,1058,30,,,1,99,,7735,30,,,1,99,,7734,30,,,1,100,,7732,30,,,1,102,,7721,30,,,1,101,,7733,30,,,1,99,,7720,30,,,1,102,,7719,30,,,1,99,,7724,30,,,1,98,,7726,30,,,1,103,,7725,30,,,1,96,,7727,30,,,1,101,,7723,30,,,1,100,,7722,30,,,1,100,,7728,30,,,1,100,,7729,30,,,1
3103,'SAM',646,,7748,30,,,1,100,,7747,30,,,1,100,,1075,30,,,1,99,,7752,30,,,1,99,,7753,30,,,1,100,,7749,30,,,1,100,,7745,30,,,1,102,,7750,30,,,1,100,,7746,30,,,1,102,,7751,30,,,1,100,,7740,30,,,1,98,,7742,30,,,1,100,,7738,30,,,1,99,,7743,30,,,1,100,,7736,30,,,1,100,,7737,30,,,1,100,,7739,30,,,1,101,,7741,30,,,1,95,,7744,30,,,1
3103,'SEM',642,,7775,30,,,1,100,,7773,30,,,1,100,,7774,30,,,1,101,,7754,30,,,1,101,,7755,30,,,1,100,,7757,30,,,1,100,,7776,30,,,1,100,,7756,30,,,1,101,,7761,30,,,1,98,,7762,30,,,1,11,,7763,30,,,1,77,,7758,30,,,1,69,,7767,30,,,1,40,,7764,30,,,1,69,,7760,30,,,1,36,,7772,30,,,1,69,,7759,30,,,1,36,,7771,30,,,1,100,,7765,30,,,1,101,,7768,30,,,1,100,,7769,30,,,1,96,,7766,30,,,1,154,,7770,30,,,1
3903,'DIM',849,,1407,41,,,1,100,,8065,51,,,1,70,,8070,51,,,1,31,,8071,51,,,1,70,,8068,51,,,1,34,,8069,51,,,1,66,,8072,51,,,1,29,,8062,51,,,1,71,,8066,51,,,1,30,,8063,51,,,1,70,,8049,51,,,1,30,,8052,51,,,1,72,,8055,51,,,1,30,,8067,51,,,1,71,,8056,51,,,1,30,,8057,51,,,1,65,,8058,51,,,1,18,,8064,51,,,1,10,,8059,51,,,1,64,,8053,51,,,1,25,,8060,51,,,1,99,,8050,51,,,1,100,,8061,51,,,1,98,,8051,51,,,1,104,,8054,51,,,1
3903,'SAM',849,,8097,41,,,1,100,,8092,51,,,1,70,,8096,51,,,1,31,,8073,51,,,1,70,,8087,51,,,1,34,,8090,51,,,1,66,,8089,51,,,1,30,,8074,51,,,1,70,,8088,51,,,1,30,,8091,51,,,1,70,,8075,51,,,1,30,,8094,51,,,1,72,,8078,51,,,1,30,,8079,51,,,1,71,,8081,51,,,1,30,,8095,51,,,1,65,,8082,51,,,1,18,,8093,51,,,1,11,,8080,51,,,1,63,,8077,51,,,1,29,,8076,51,,,1,97,,8084,51,,,1,98,,8083,51,,,1,98,,8086,51,,,1,104,,8085,51,,,1
3903,'SEM',741,,8120,51,,,1,100,,8102,51,,,1,104,,8100,51,,,1,73,,8104,51,,,1,29,,8121,51,,,1,71,,8122,51,,,1,29,,8115,51,,,1,71,,8119,51,,,1,27,,8123,51,,,1,78,,8099,51,,,1,33,,8106,51,,,1,67,,8108,51,,,1,32,,8109,51,,,1,75,,8098,51,,,1,78,,8116,51,,,1,23,,8110,51,,,1,28,,8101,51,,,1,65,,8103,51,,,1,33,,8111,51,,,1,79,,8112,51,,,1,79,,8105,51,,,1,98,,8107,51,,,1,95,,8113,51,,,1,103,,8117,51,,,1,96,,8114,51,,,1,48,,8118,51,,,1
7303,'DIM',701,,10582,28,,,1,100,,10579,28,,,1,101,,10580,28,,,1,98,,10583,28,,,1,100,,10586,28,,,1,100,,10581,28,,,1,100,,10584,28,,,1,102,,10578,28,,,1,99,,10585,28,,,1,102,,10587,28,,,1,99,,10572,28,,,1,99,,10569,28,,,1,101,,10575,28,,,1,98,,10571,28,,,1,100,,10570,28,,,1,100,,10573,28,,,1,59,,10574,28,,,1,142,,10577,28,,,1,105,,10576,28,,,1
7303,'SAM',607,,10601,28,,,1,94,,10598,28,,,1,100,,10597,28,,,1,101,,10602,28,,,1,98,,10604,28,,,1,101,,10600,28,,,1,99,,10591,28,,,1,100,,10603,28,,,1,102,,10599,28,,,1,99,,10605,28,,,1,102,,10606,28,,,1,101,,10590,28,,,1,98,,10588,28,,,1,99,,10589,28,,,1,99,,10593,28,,,1,100,,10592,28,,,1,100,,4040,28,,,1,59,,10594,28,,,1,142,,4041,28,,,1,105,,10595,28,,,1,100,,4042,28,,,1,100,,10596,28,,,1
7303,'SEM',554,,10643,28,,,1,66,,10640,28,,,1,80,,10639,28,,,1,10,,10644,28,,,1,39,,10633,28,,,1,56,,10609,28,,,1,43,,10641,28,,,1,52,,10608,28,,,1,30,,10626,28,,,1,71,,10642,28,,,1,29,,10610,28,,,1,71,,10615,28,,,1,29,,10625,28,,,1,72,,10616,28,,,1,29,,10645,28,,,1,70,,10611,28,,,1,30,,10614,28,,,1,70,,10620,28,,,1,30,,10607,28,,,1,70,,10617,28,,,1,35,,10646,28,,,1,65,,10627,28,,,1,15,,10619,28,,,1,21,,10612,28,,,1,16,,10613,28,,,1,63,,10623,28,,,1,16,,10621,28,,,1,70,,10634,28,,,1,15,,10622,28,,,1,16,,10618,28,,,1,72,,10628,28,,,1,30,,10631,28,,,1,72,,10624,28,,,1,99,,10636,28,,,1,100,,10629,28,,,1,99,,10635,28,,,1,99,,10630,28,,,1,41,,10632,28,,,1,95,,10637,28,,,1,161,,10638,28,,,1
7401,'DIM',731,,10736,28,,,2,100,,10737,28,,,2,102,,10740,28,,,2,97,,10739,28,,,2,101,,10741,28,,,2,100,,10738,28,,,2,101,,10735,28,,,2,99,,10734,28,,,2,102,,10742,28,,,2,99,,10728,28,,,2,102,,10729,28,,,2,99,,10731,28,,,2,98,,10732,28,,,2,99,,10733,28,,,2,101,,10727,28,,,2,99,,10726,28,,,2,100,,10730,28,,,2
7401,'SAM',731,,10751,28,,,2,100,,10753,28,,,2,102,,10752,28,,,2,98,,10755,28,,,2,100,,10757,28,,,2,100,,10759,28,,,2,102,,10754,28,,,2,98,,10758,28,,,2,101,,10756,28,,,2,100,,10743,28,,,2,101,,10746,28,,,2,101,,10748,28,,,2,98,,10747,28,,,2,98,,10749,28,,,2,101,,10744,28,,,2,99,,10750,28,,,2,100,,10745,28,,,2
7401,'SEM',634,,10776,28,,,2,96,,10760,28,,,2,101,,10775,28,,,2,103,,10764,28,,,2,101,,10765,28,,,2,101,,10779,28,,,2,99,,10763,28,,,2,101,,10778,28,,,2,100,,10777,28,,,2,93,,10762,28,,,2,95,,10766,28,,,2,101,,10761,28,,,2,30,,10768,28,,,2,83,,10774,28,,,2,99,,10767,28,,,2,101,,10770,28,,,2,100,,10771,28,,,2,99,,10769,28,,,2,99,,10772,28,,,2,95,,10773,28,,,2
