4201,'DIM',520,,8340,28,,,2,104,,8364,28,,,2,30,,8381,28,,,2,70,,1716,28,,,2,31,,8365,28,,,2,71,,8370,28,,,2,30,,8374,28,,,2,71,,8377,28,,,2,31,,8369,28,,,2,66,,8372,28,,,2,76,,8371,28,,,2,20,,8357,28,,,2,23,,8362,28,,,2,58,,8361,28,,,2,22,,8363,28,,,2,18,,8367,28,,,2,60,,8366,28,,,2,19,,8384,28,,,2,22,,8378,28,,,2,61,,8373,28,,,2,20,,1723,28,,,2,21,,8380,28,,,2,60,,8344,28,,,2,20,,8346,28,,,2,20,,8347,28,,,2,61,,8379,28,,,2,19,,8368,28,,,2,21,,8375,28,,,2,60,,8345,28,,,2,15,,8383,28,,,2,15,,8382,28,,,2,14,,8356,28,,,2,52,,8376,28,,,2,18,,8342,28,,,2,32,,8341,28,,,2,70,,8352,28,,,2,29,,8339,28,,,2,70,,8348,28,,,2,29,,8359,28,,,2,70,,8343,28,,,2,31,,8350,28,,,2,70,,8354,28,,,2,30,,8355,28,,,2,70,,8349,28,,,2,34,,8353,28,,,2,68,,8351,28,,,2,34,,8358,28,,,2,75,,8360,28,,,2
4201,'SAM',520,,8385,28,,,2,104,,8413,28,,,2,30,,8388,28,,,2,70,,8420,28,,,2,31,,8416,28,,,2,71,,8415,28,,,2,30,,8419,28,,,2,71,,8426,28,,,2,31,,8431,28,,,2,65,,8424,28,,,2,77,,8410,28,,,2,20,,8422,28,,,2,22,,8414,28,,,2,59,,8405,28,,,2,21,,8412,28,,,2,19,,8386,28,,,2,60,,8418,28,,,2,19,,8417,28,,,2,22,,8411,28,,,2,61,,8421,28,,,2,20,,8387,28,,,2,20,,8423,28,,,2,60,,8427,28,,,2,21,,8391,28,,,2,20,,8429,28,,,2,61,,8432,28,,,2,20,,8433,28,,,2,19,,8397,28,,,2,61,,8430,28,,,2,14,,8399,28,,,2,16,,8425,28,,,2,14,,8401,28,,,2,54,,8428,28,,,2,16,,8404,28,,,2,36,,8389,28,,,2,66,,8392,28,,,2,29,,8408,28,,,2,70,,8394,28,,,2,29,,8396,28,,,2,73,,8390,28,,,2,27,,8393,28,,,2,70,,8395,28,,,2,31,,8398,28,,,2,70,,8400,28,,,2,34,,8402,28,,,2,68,,8409,28,,,2,34,,8403,28,,,2,75,,8407,28,,,2,70,,8406,28,,,2
4201,'SEM',625,,8483,28,,,2,30,,8436,28,,,2,57,,8478,28,,,2,21,,8481,28,,,2,23,,8484,28,,,2,62,,8482,28,,,2,19,,8437,28,,,2,19,,8477,28,,,2,62,,8434,28,,,2,19,,8440,28,,,2,19,,8467,28,,,2,63,,8479,28,,,2,18,,8480,28,,,2,63,,8442,28,,,2,17,,8464,28,,,2,23,,8444,28,,,2,60,,8445,28,,,2,19,,8446,28,,,2,22,,8439,28,,,2,15,,8448,28,,,2,63,,8449,28,,,2,19,,8450,28,,,2,21,,8438,28,,,2,61,,8454,28,,,2,20,,8485,28,,,2,19,,8458,28,,,2,61,,8459,28,,,2,20,,8460,28,,,2,15,,8462,28,,,2,53,,8435,28,,,2,13,,8441,28,,,2,11,,8453,28,,,2,13,,8465,28,,,2,14,,8468,28,,,2,55,,8456,28,,,2,14,,8452,28,,,2,14,,8451,28,,,2,14,,8472,28,,,2,55,,8474,28,,,2,15,,8443,28,,,2,14,,8476,28,,,2,63,,8469,28,,,2,13,,8473,28,,,2,21,,8447,28,,,2,67,,8475,28,,,2,31,,8455,28,,,2,67,,8457,28,,,2,33,,8461,28,,,2,67,,8463,28,,,2,31,,8487,14,,,2,75,,8466,28,,,2,23,,8486,14,,,2,70,,8471,28,,,2,44,,8470,28,,,2
4803,'DIM',704,,9047,8,,,1,103,,9051,8,,,1,102,,9055,8,,,1,99,,9038,8,,,1,102,,9048,8,,,1,101,,9049,8,,,1,95,,9054,8,,,1,105,,9050,8,,,1,99,,9052,8,,,1,100,,9039,8,,,1,100,,9053,8,,,1,100,,9041,8,,,1,95,,9045,8,,,1,100,,9044,8,,,1,100,,9043,8,,,1,99,,2438,8,,,1,100,,9040,8,,,1,35,,9042,8,,,1,161,,9046,8,,,1
4803,'SAM',604,,2450,8,,,1,100,,9067,8,,,1,102,,9070,8,,,1,103,,9074,8,,,1,99,,9065,8,,,1,101,,9073,8,,,1,101,,9068,8,,,1,94,,9071,8,,,1,106,,9069,8,,,1,100,,9066,8,,,1,100,,9072,8,,,1,100,,9059,8,,,1,100,,9061,8,,,1,95,,9057,8,,,1,100,,9056,8,,,1,98,,9058,8,,,1,101,,9063,8,,,1,100,,9064,8,,,1,35,,9060,8,,,1,161,,9062,8,,,1
4803,'SEM',559,,9096,8,,,1,60,,9098,8,,,1,37,,9087,8,,,1,73,,9099,8,,,1,71,,9102,8,,,1,24,,9083,8,,,1,80,,9082,8,,,1,30,,9077,8,,,1,95,,9084,8,,,1,100,,9079,8,,,1,100,,9078,8,,,1,100,,9100,8,,,1,80,,9075,8,,,1,101,,9080,8,,,1,35,,9097,8,,,1,64,,9076,8,,,1,30,,9101,8,,,1,70,,9088,8,,,1,30,,9081,8,,,1,70,,9089,8,,,1,95,,9094,8,,,1,100,,9085,8,,,1,100,,9086,8,,,1,99,,9090,8,,,1,100,,9092,8,,,1,99,,9091,8,,,1,51,,9093,8,,,1,73,,9095,8,,,1
5801,'DIM',524,,9661,8,,,2,100,,9643,8,,,2,90,,9652,8,,,2,99,,9655,8,,,2,99,,9658,8,,,2,100,,9651,8,,,2,102,,9660,8,,,2,98,,9657,8,,,2,103,,9654,8,,,2,99,,9656,8,,,2,102,,9653,8,,,2,99,,9646,8,,,2,101,,9659,8,,,2,99,,9642,8,,,2,99,,9650,8,,,2,99,,9645,8,,,2,101,,9644,8,,,2,100,,9648,8,,,2,99,,9647,8,,,2,110,,9649,8,,,2
5801,'SAM',524,,9681,8,,,2,100,,9673,8,,,2,90,,9672,8,,,2,99,,9677,8,,,2,100,,9675,8,,,2,99,,9678,8,,,2,102,,9680,8,,,2,98,,9662,8,,,2,101,,9671,8,,,2,101,,9676,8,,,2,101,,9674,8,,,2,101,,9679,8,,,2,100,,9665,8,,,2,100,,9669,8,,,2,98,,9663,8,,,2,99,,9670,8,,,2,101,,9666,8,,,2,100,,9668,8,,,2,99,,9664,8,,,2,110,,9667,8,,,2
5801,'SEM',514,,9695,8,,,2,28,,9692,8,,,2,82,,9705,8,,,2,82,,9693,8,,,2,46,,9699,8,,,2,85,,9686,8,,,2,99,,9706,8,,,2,100,,9682,8,,,2,100,,9687,8,,,2,100,,9704,8,,,2,100,,9683,8,,,2,86,,9694,8,,,2,31,,9684,8,,,2,72,,9707,8,,,2,28,,9689,8,,,2,75,,9691,8,,,2,28,,9690,8,,,2,68,,9685,8,,,2,29,,9703,8,,,2,70,,9688,8,,,2,30,,9701,8,,,2,100,,9702,8,,,2,100,,9697,8,,,2,99,,9696,8,,,2,100,,9698,8,,,2,100,,9700,8,,,2
7002,'DIM',658,,10489,8,,,1,142,,10496,8,,,1,100,,3943,8,,,1,100,,10492,8,,,1,28,,10493,8,,,1,73,,10495,8,,,1,29,,10485,8,,,1,25,,10494,8,,,1,75,,10491,8,,,1,25,,10500,8,,,1,79,,10498,8,,,1,67,,10501,8,,,1,36,,10483,8,,,1,65,,10497,8,,,1,31,,10503,8,,,1,23,,10499,8,,,1,78,,10502,8,,,1,68,,10487,8,,,1,36,,10505,8,,,1,74,,3946,8,,,1,97,,10504,8,,,1,95,,10482,8,,,1,55,,10484,8,,,1,141,,10488,8,,,1,59,,10486,8,,,1,143,,10490,8,,,1
7002,'SAM',657,,10532,8,,,1,143,,10512,8,,,1,100,,10520,8,,,1,100,,10519,8,,,1,25,,10528,8,,,1,76,,10533,8,,,1,29,,10530,8,,,1,24,,10524,8,,,1,75,,10523,8,,,1,26,,10522,8,,,1,79,,10525,8,,,1,75,,10521,8,,,1,27,,10531,8,,,1,65,,10529,8,,,1,28,,10527,8,,,1,26,,10526,8,,,1,79,,10515,8,,,1,69,,10511,8,,,1,36,,10513,8,,,1,74,,10508,8,,,1,96,,10517,8,,,1,95,,10509,8,,,1,96,,10510,8,,,1,100,,10516,8,,,1,59,,10514,8,,,1,143,,10518,8,,,1
7002,'SEM',532,,10541,8,,,1,96,,10561,8,,,1,26,,10562,8,,,1,73,,10540,8,,,1,76,,10543,8,,,1,27,,10545,8,,,1,70,,10560,8,,,1,30,,10538,8,,,1,70,,10567,8,,,1,30,,10546,8,,,1,27,,10568,8,,,1,73,,10563,8,,,1,26,,10565,8,,,1,74,,10564,8,,,1,29,,10539,8,,,1,70,,10566,8,,,1,24,,10559,8,,,1,76,,10544,8,,,1,71,,10547,8,,,1,30,,10542,8,,,1,70,,10536,8,,,1,33,,10537,8,,,1,68,,10550,8,,,1,33,,10551,8,,,1,66,,10555,8,,,1,33,,10554,8,,,1,91,,10552,8,,,1,83,,10556,8,,,1,94,,10548,8,,,1,112,,10553,8,,,1,106,,10549,8,,,1,99,,10558,8,,,1,105,,10557,8,,,1
