2202,'DIM',727,,7078,34,,,2,100,,7077,34,,,2,100,,7076,34,,,2,100,,6315,34,,,2,101,,7079,34,,,2,100,,7081,34,,,2,96,,7080,34,,,2,106,,7075,34,,,2,98,,7069,34,,,2,114,,7082,34,,,2,88,,7071,34,,,2,100,,7072,34,,,2,98,,7074,34,,,2,101,,7073,34,,,2,100,,7068,34,,,2,100,,7070,34,,,2
2202,'SAM',629,,7099,18,,,2,98,,7093,34,,,2,100,,7090,34,,,2,100,,7089,34,,,2,98,,7095,34,,,2,103,,7094,34,,,2,100,,7092,34,,,2,96,,7098,34,,,2,104,,7091,34,,,2,100,,7097,34,,,2,112,,7096,34,,,2,90,,7084,34,,,2,100,,7086,34,,,2,98,,7083,34,,,2,101,,7085,34,,,2,100,,7088,34,,,2,100,,7087,34,,,2
2202,'SEM',604,,6230,34,,,2,18,,7111,34,,,2,105,,7118,34,,,2,31,,7108,34,,,2,70,,7100,34,,,2,98,,7102,34,,,2,31,,7101,34,,,2,69,,7119,34,,,2,101,,7106,34,,,2,100,,7117,34,,,2,100,,7120,34,,,2,102,,7105,34,,,2,100,,7107,34,,,2,102,,7103,34,,,2,24,,7104,34,,,2,75,,7110,34,,,2,99,,7109,34,,,2,100,,7116,34,,,2,101,,7115,34,,,2,98,,7113,34,,,2,107,,7112,34,,,2,96,,7114,34,,,2
5002,'DIM',605,,9269,11,,,1,100,,2653,11,,,1,100,,9252,11,,,1,96,,9267,11,,,1,107,,9260,11,,,1,25,,9270,11,,,1,77,,9262,11,,,1,24,,9274,11,,,1,79,,9272,11,,,1,22,,9273,11,,,1,75,,9275,11,,,1,29,,9261,11,,,1,73,,9263,11,,,1,36,,9276,11,,,1,69,,9265,11,,,1,34,,9264,11,,,1,70,,9271,11,,,1,26,,9268,11,,,1,71,,9266,11,,,1,99,,9254,11,,,1,99,,9256,11,,,1,99,,9259,11,,,1,99,,9253,11,,,1,98,,9257,11,,,1,98,,9255,11,,,1,100,,9258,11,,,1
5002,'SAM',605,,9284,11,,,1,100,,9287,11,,,1,100,,9278,11,,,1,99,,9299,11,,,1,104,,9298,11,,,1,25,,9297,11,,,1,76,,9295,11,,,1,25,,9279,11,,,1,79,,9302,11,,,1,22,,9301,11,,,1,75,,9280,11,,,1,29,,9291,11,,,1,73,,9293,11,,,1,36,,9296,11,,,1,69,,9292,11,,,1,34,,9294,11,,,1,70,,9282,11,,,1,26,,9283,11,,,1,71,,9277,11,,,1,99,,9300,11,,,1,99,,9288,11,,,1,99,,9290,11,,,1,99,,9289,11,,,1,98,,9285,11,,,1,98,,9281,11,,,1,100,,9286,11,,,1
5002,'SEM',453,,9309,11,,,1,75,,9332,11,,,1,31,,9328,11,,,1,70,,9303,11,,,1,75,,9336,11,,,1,31,,9329,11,,,1,24,,9304,11,,,1,75,,9322,11,,,1,66,,9307,11,,,1,31,,9334,11,,,1,26,,9335,11,,,1,73,,9331,11,,,1,27,,9306,11,,,1,73,,9310,11,,,1,28,,9330,11,,,1,72,,9318,11,,,1,72,,9333,11,,,1,30,,9311,11,,,1,70,,9314,11,,,1,41,,9305,11,,,1,67,,9315,11,,,1,37,,9308,11,,,1,72,,9323,11,,,1,31,,9312,11,,,1,70,,9313,11,,,1,30,,9321,11,,,1,69,,9316,11,,,1,30,,9320,11,,,1,105,,9324,11,,,1,105,,9319,11,,,1,141,,9317,11,,,1,110,,9326,11,,,1,105,,9325,11,,,1,98,,9327,11,,,1
5802,'DIM',605,,9712,11,,,2,100,,9719,11,,,2,51,,9716,11,,,2,100,,9720,11,,,2,100,,9723,11,,,2,99,,9715,11,,,2,101,,9725,11,,,2,100,,9722,11,,,2,101,,9718,11,,,2,99,,9721,11,,,2,101,,9717,11,,,2,99,,9711,11,,,2,101,,9724,11,,,2,101,,9708,11,,,2,100,,9714,11,,,2,99,,9710,11,,,2,99,,9709,11,,,2,98,,9713,11,,,2
5802,'SAM',605,,9743,11,,,2,100,,9735,11,,,2,51,,9734,11,,,2,100,,9739,11,,,2,100,,9737,11,,,2,99,,9740,11,,,2,101,,9742,11,,,2,100,,9726,11,,,2,98,,9733,11,,,2,101,,9738,11,,,2,101,,9736,11,,,2,101,,9741,11,,,2,100,,9728,11,,,2,101,,9731,11,,,2,100,,9727,11,,,2,99,,9732,11,,,2,99,,9729,11,,,2,98,,9730,11,,,2
5802,'SEM',523,,9762,11,,,2,34,,9755,11,,,2,62,,9754,11,,,2,40,,9763,11,,,2,75,,9765,11,,,2,69,,9747,11,,,2,33,,9746,11,,,2,83,,9750,11,,,2,99,,9766,11,,,2,100,,9744,11,,,2,100,,9751,11,,,2,100,,9764,11,,,2,101,,9745,11,,,2,25,,9748,11,,,2,69,,9752,11,,,2,102,,9758,11,,,2,33,,9749,11,,,2,94,,9753,11,,,2,96,,9760,11,,,2,100,,9759,11,,,2,100,,9761,11,,,2,98,,9757,11,,,2,99,,9756,11,,,2
22202,'DIM',1441,,4994,23,,,2
22202,'SAM',1441,,11491,23,,,2,898,,11489,23,,,2,100,,11490,23,,,2
22202,'SEM',541,,11498,23,,,2,159,,11493,23,,,2,41,,11494,23,,,2,767,,11497,23,,,2,35,,11492,23,,,2,703,,11495,23,,,2,65,,11496,23,,,2
32202,'SAM',2554,,11601,17,,,2
32202,'SEM',2422,,11602,17,,,2,84,,11603,17,,,2
