2202,'DIM',729,,7078,40,,,2,100,,7077,40,,,2,100,,7076,40,,,2,100,,6315,40,,,2,101,,7079,40,,,2,100,,7081,40,,,2,96,,7080,40,,,2,106,,7075,40,,,2,98,,7069,40,,,2,114,,7082,40,,,2,88,,7071,40,,,2,100,,7072,40,,,2,98,,7074,40,,,2,101,,7073,40,,,2,100,,7068,40,,,2,100,,7070,40,,,2
2202,'SAM',631,,7099,24,,,2,98,,7093,40,,,2,100,,7090,40,,,2,100,,7089,40,,,2,98,,7095,40,,,2,103,,7094,40,,,2,100,,7092,40,,,2,96,,7098,40,,,2,104,,7091,40,,,2,100,,7097,40,,,2,112,,7096,40,,,2,90,,7084,40,,,2,100,,7086,40,,,2,98,,7083,40,,,2,101,,7085,40,,,2,100,,7088,40,,,2,100,,7087,40,,,2
2202,'SEM',606,,6230,40,,,2,18,,7111,40,,,2,105,,7118,40,,,2,71,,7108,40,,,2,30,,7100,40,,,2,98,,7102,40,,,2,31,,7101,40,,,2,69,,7119,40,,,2,101,,7106,40,,,2,100,,7117,40,,,2,100,,7120,40,,,2,102,,7105,40,,,2,100,,7107,40,,,2,102,,7103,40,,,2,24,,7104,40,,,2,75,,7110,40,,,2,99,,7109,40,,,2,100,,7116,40,,,2,101,,7115,40,,,2,98,,7113,40,,,2,107,,7112,40,,,2,96,,7114,40,,,2
5802,'DIM',607,,9712,17,,,2,100,,9719,17,,,2,51,,9716,17,,,2,100,,9720,17,,,2,100,,9723,17,,,2,99,,9715,17,,,2,101,,9725,17,,,2,100,,9722,17,,,2,101,,9718,17,,,2,99,,9721,17,,,2,101,,9717,17,,,2,99,,9711,17,,,2,101,,9724,17,,,2,141,,9708,17,,,2,100,,9714,17,,,2,59,,9710,17,,,2,99,,9709,17,,,2,98,,9713,17,,,2
5802,'SAM',607,,9743,17,,,2,100,,9735,17,,,2,51,,9734,17,,,2,100,,9739,17,,,2,100,,9737,17,,,2,99,,9740,17,,,2,101,,9742,17,,,2,100,,9726,17,,,2,98,,9733,17,,,2,101,,9738,17,,,2,101,,9736,17,,,2,101,,9741,17,,,2,100,,9728,17,,,2,141,,9731,17,,,2,100,,9727,17,,,2,59,,9732,17,,,2,99,,9729,17,,,2,98,,9730,17,,,2
5802,'SEM',525,,9762,17,,,2,34,,9755,17,,,2,62,,9754,17,,,2,80,,9763,17,,,2,35,,9765,17,,,2,69,,9747,17,,,2,33,,9746,17,,,2,83,,9750,17,,,2,99,,9766,17,,,2,100,,9744,17,,,2,100,,9751,17,,,2,100,,9764,17,,,2,101,,9745,17,,,2,25,,9748,17,,,2,69,,9752,17,,,2,103,,9758,17,,,2,33,,9749,17,,,2,93,,9753,17,,,2,96,,9760,17,,,2,100,,9759,17,,,2,100,,9761,17,,,2,98,,9757,17,,,2,99,,9756,17,,,2
22202,'DIM',1443,,4994,29,,,2
22202,'SAM',1443,,11491,29,,,2,898,,11489,29,,,2,100,,11490,29,,,2
22202,'SEM',543,,11498,29,,,2,159,,11493,29,,,2,41,,11494,29,,,2,767,,11497,29,,,2,35,,11492,29,,,2,703,,11495,29,,,2,65,,11496,29,,,2
32202,'SAM',2556,,11601,23,,,2
32202,'SEM',2424,,11602,23,,,2,84,,11603,23,,,2
