2202,'DIM',727,,7078,35,,,2,100,,7077,35,,,2,100,,7076,35,,,2,100,,6315,35,,,2,101,,7079,35,,,2,100,,7081,35,,,2,96,,7080,35,,,2,106,,7075,35,,,2,98,,7069,35,,,2,114,,7082,35,,,2,88,,7071,35,,,2,100,,7072,35,,,2,98,,7074,35,,,2,101,,7073,35,,,2,100,,7068,35,,,2,100,,7070,35,,,2
2202,'SAM',629,,7099,19,,,2,98,,7093,35,,,2,100,,7090,35,,,2,100,,7089,35,,,2,98,,7095,35,,,2,103,,7094,35,,,2,100,,7092,35,,,2,96,,7098,35,,,2,104,,7091,35,,,2,100,,7097,35,,,2,112,,7096,35,,,2,90,,7084,35,,,2,100,,7086,35,,,2,98,,7083,35,,,2,101,,7085,35,,,2,100,,7088,35,,,2,100,,7087,35,,,2
2202,'SEM',604,,6230,35,,,2,18,,7111,35,,,2,105,,7118,35,,,2,31,,7108,35,,,2,70,,7100,35,,,2,98,,7102,35,,,2,31,,7101,35,,,2,69,,7119,35,,,2,101,,7106,35,,,2,100,,7117,35,,,2,100,,7120,35,,,2,102,,7105,35,,,2,100,,7107,35,,,2,102,,7103,35,,,2,24,,7104,35,,,2,75,,7110,35,,,2,99,,7109,35,,,2,100,,7116,35,,,2,101,,7115,35,,,2,98,,7113,35,,,2,107,,7112,35,,,2,96,,7114,35,,,2
5002,'DIM',606,,9269,12,,,1,100,,2653,12,,,1,100,,9252,12,,,1,96,,9267,12,,,1,107,,9260,12,,,1,25,,9270,12,,,1,77,,9262,12,,,1,24,,9274,12,,,1,79,,9272,12,,,1,22,,9273,12,,,1,75,,9275,12,,,1,29,,9261,12,,,1,72,,9263,12,,,1,36,,9276,12,,,1,69,,9265,12,,,1,34,,9264,12,,,1,70,,9271,12,,,1,26,,9268,12,,,1,71,,9266,12,,,1,100,,9254,12,,,1,99,,9256,12,,,1,99,,9259,12,,,1,99,,9253,12,,,1,98,,9257,12,,,1,98,,9255,12,,,1,100,,9258,12,,,1
5002,'SAM',606,,9284,12,,,1,100,,9287,12,,,1,100,,9278,12,,,1,99,,9299,12,,,1,104,,9298,12,,,1,25,,9297,12,,,1,76,,9295,12,,,1,25,,9279,12,,,1,79,,9302,12,,,1,22,,9301,12,,,1,75,,9280,12,,,1,29,,9291,12,,,1,72,,9293,12,,,1,36,,9296,12,,,1,69,,9292,12,,,1,34,,9294,12,,,1,70,,9282,12,,,1,26,,9283,12,,,1,71,,9277,12,,,1,100,,9300,12,,,1,99,,9288,12,,,1,99,,9290,12,,,1,99,,9289,12,,,1,98,,9285,12,,,1,98,,9281,12,,,1,100,,9286,12,,,1
5002,'SEM',454,,9309,12,,,1,75,,9332,12,,,1,30,,9328,12,,,1,70,,9303,12,,,1,75,,9336,12,,,1,31,,9329,12,,,1,24,,9304,12,,,1,75,,9322,12,,,1,66,,9307,12,,,1,31,,9334,12,,,1,26,,9335,12,,,1,73,,9331,12,,,1,27,,9306,12,,,1,73,,9310,12,,,1,28,,9330,12,,,1,72,,9318,12,,,1,72,,9333,12,,,1,30,,9311,12,,,1,70,,9314,12,,,1,41,,9305,12,,,1,67,,9315,12,,,1,37,,9308,12,,,1,73,,9323,12,,,1,30,,9312,12,,,1,70,,9313,12,,,1,30,,9321,12,,,1,70,,9316,12,,,1,30,,9320,12,,,1,105,,9324,12,,,1,145,,9319,12,,,1,101,,9317,12,,,1,110,,9326,12,,,1,105,,9325,12,,,1,98,,9327,12,,,1
5802,'DIM',605,,9712,12,,,2,100,,9719,12,,,2,51,,9716,12,,,2,100,,9720,12,,,2,100,,9723,12,,,2,99,,9715,12,,,2,101,,9725,12,,,2,100,,9722,12,,,2,101,,9718,12,,,2,99,,9721,12,,,2,101,,9717,12,,,2,99,,9711,12,,,2,101,,9724,12,,,2,101,,9708,12,,,2,100,,9714,12,,,2,99,,9710,12,,,2,99,,9709,12,,,2,99,,9713,12,,,2
5802,'SAM',605,,9743,12,,,2,100,,9735,12,,,2,51,,9734,12,,,2,100,,9739,12,,,2,100,,9737,12,,,2,99,,9740,12,,,2,101,,9742,12,,,2,100,,9726,12,,,2,98,,9733,12,,,2,101,,9738,12,,,2,101,,9736,12,,,2,101,,9741,12,,,2,100,,9728,12,,,2,101,,9731,12,,,2,100,,9727,12,,,2,99,,9732,12,,,2,99,,9729,12,,,2,99,,9730,12,,,2
5802,'SEM',524,,9762,12,,,2,34,,9755,12,,,2,62,,9754,12,,,2,39,,9763,12,,,2,75,,9765,12,,,2,69,,9747,12,,,2,33,,9746,12,,,2,83,,9750,12,,,2,99,,9766,12,,,2,100,,9744,12,,,2,100,,9751,12,,,2,100,,9764,12,,,2,101,,9745,12,,,2,25,,9748,12,,,2,69,,9752,12,,,2,102,,9758,12,,,2,33,,9749,12,,,2,94,,9753,12,,,2,96,,9760,12,,,2,100,,9759,12,,,2,100,,9761,12,,,2,98,,9757,12,,,2,99,,9756,12,,,2
22202,'DIM',1441,,4994,24,,,2
22202,'SAM',1441,,11491,24,,,2,898,,11489,24,,,2,100,,11490,24,,,2
22202,'SEM',541,,11498,24,,,2,159,,11493,24,,,2,41,,11494,24,,,2,767,,11497,24,,,2,35,,11492,24,,,2,703,,11495,24,,,2,65,,11496,24,,,2
32202,'SAM',2554,,11601,18,,,2
32202,'SEM',2423,,11602,18,,,2,84,,11603,18,,,2
