1703,'DIM',621,,6801,17,,,1,89,,6794,17,,,1,99,,100,17,,,1,101,,6796,17,,,1,97,,6797,17,,,1,101,,6793,17,,,1,100,,6799,17,,,1,99,,6795,17,,,1,102,,6798,17,,,1,100,,6800,17,,,1,102,,6783,17,,,1,98,,6787,17,,,1,99,,6786,17,,,1,101,,6785,17,,,1,99,,6788,17,,,1,99,,6791,17,,,1,101,,6784,17,,,1,100,,6789,17,,,1,102,,6790,17,,,1,120,,6792,17,,,1
1703,'SAM',543,,6813,17,,,1,78,,6819,17,,,1,89,,121,17,,,1,99,,6810,17,,,1,101,,6812,17,,,1,97,,6814,17,,,1,100,,6818,17,,,1,101,,6816,17,,,1,100,,6811,17,,,1,101,,6817,17,,,1,100,,6815,17,,,1,102,,6820,17,,,1,99,,6821,17,,,1,99,,6802,17,,,1,100,,6807,17,,,1,99,,6804,17,,,1,99,,6803,17,,,1,101,,6805,17,,,1,100,,6808,17,,,1,102,,6809,17,,,1,120,,6806,17,,,1
1703,'SEM',603,,6839,17,,,1,102,,6841,17,,,1,105,,6840,17,,,1,96,,6825,17,,,1,101,,6838,17,,,1,100,,6837,17,,,1,100,,6843,17,,,1,101,,6826,17,,,1,100,,6823,17,,,1,98,,6842,17,,,1,35,,6845,17,,,1,60,,6844,17,,,1,36,,6822,17,,,1,63,,6833,17,,,1,38,,6824,17,,,1,79,,6827,17,,,1,30,,6830,17,,,1,68,,6835,17,,,1,99,,6836,17,,,1,100,,6828,17,,,1,100,,6829,17,,,1,100,,6831,17,,,1,100,,6832,17,,,1,104,,6834,17,,,1
2703,'DIM',904,,7609,17,,,2,100,,7612,17,,,2,98,,7614,17,,,2,102,,7608,17,,,2,55,,7616,17,,,2,146,,7611,17,,,2,101,,7613,17,,,2,100,,7610,17,,,2,100,,7615,17,,,2,100,,7602,17,,,2,100,,7604,17,,,2,98,,7603,17,,,2,100,,7607,17,,,2,100,,7601,17,,,2,102,,7600,17,,,2,100,,7605,17,,,2,100,,7606,17,,,2
2703,'SAM',704,,7626,17,,,2,100,,7627,17,,,2,100,,7625,17,,,2,100,,7635,17,,,2,100,,7629,17,,,2,100,,7632,17,,,2,54,,7628,17,,,2,147,,7630,17,,,2,102,,7631,17,,,2,99,,7624,17,,,2,94,,7633,17,,,2,106,,7634,17,,,2,100,,7619,17,,,2,98,,7622,17,,,2,100,,7617,17,,,2,100,,7618,17,,,2,102,,7620,17,,,2,100,,7621,17,,,2,100,,7623,17,,,2
2703,'SEM',810,,7653,17,,,2,90,,7638,17,,,2,100,,7644,17,,,2,100,,7637,17,,,2,59,,7655,17,,,2,91,,7652,17,,,2,103,,7656,17,,,2,100,,7641,17,,,2,81,,7639,17,,,2,82,,7654,17,,,2,15,,7636,17,,,2,70,,7643,17,,,2,39,,7640,17,,,2,65,,7651,17,,,2,96,,7647,17,,,2,47,,7650,17,,,2,103,,7646,17,,,2,102,,7642,17,,,2,99,,7645,17,,,2,100,,7648,17,,,2,100,,7649,17,,,2
3103,'DIM',640,,7731,19,,,1,99,,7730,19,,,1,99,,1058,19,,,1,99,,7735,19,,,1,99,,7734,19,,,1,100,,7732,19,,,1,102,,7721,19,,,1,101,,7733,19,,,1,99,,7720,19,,,1,102,,7719,19,,,1,99,,7724,19,,,1,98,,7726,19,,,1,103,,7725,19,,,1,97,,7727,19,,,1,101,,7723,19,,,1,100,,7722,19,,,1,100,,7728,19,,,1,101,,7729,19,,,1
3103,'SAM',640,,7748,19,,,1,99,,7747,19,,,1,99,,1075,19,,,1,99,,7752,19,,,1,99,,7753,19,,,1,100,,7749,19,,,1,100,,7745,19,,,1,102,,7750,19,,,1,100,,7746,19,,,1,102,,7751,19,,,1,100,,7740,19,,,1,98,,7742,19,,,1,100,,7738,19,,,1,100,,7743,19,,,1,100,,7736,19,,,1,100,,7737,19,,,1,100,,7739,19,,,1,102,,7741,19,,,1,95,,7744,19,,,1
3103,'SEM',635,,7775,19,,,1,99,,7773,19,,,1,100,,7774,19,,,1,101,,7754,19,,,1,101,,7755,19,,,1,100,,7757,19,,,1,100,,7776,19,,,1,100,,7756,19,,,1,101,,7761,19,,,1,98,,7762,19,,,1,11,,7763,19,,,1,76,,7758,19,,,1,30,,7767,19,,,1,80,,7764,19,,,1,69,,7760,19,,,1,36,,7772,19,,,1,69,,7759,19,,,1,36,,7771,19,,,1,100,,7765,19,,,1,101,,7768,19,,,1,100,,7769,19,,,1,98,,7766,19,,,1,114,,7770,19,,,1
3903,'DIM',836,,1407,16,,,1,100,,8065,26,,,1,70,,8070,26,,,1,31,,8071,26,,,1,70,,8068,26,,,1,34,,8069,26,,,1,66,,8072,26,,,1,29,,8062,26,,,1,71,,8066,26,,,1,30,,8063,26,,,1,70,,8049,26,,,1,30,,8052,26,,,1,72,,8055,26,,,1,30,,8067,26,,,1,71,,8056,26,,,1,31,,8057,26,,,1,65,,8058,26,,,1,18,,8064,26,,,1,10,,8059,26,,,1,24,,8053,26,,,1,65,,8060,26,,,1,99,,8050,26,,,1,100,,8061,26,,,1,98,,8051,26,,,1,104,,8054,26,,,1
3903,'SAM',836,,8097,16,,,1,100,,8092,26,,,1,70,,8096,26,,,1,31,,8073,26,,,1,70,,8087,26,,,1,34,,8090,26,,,1,66,,8089,26,,,1,30,,8074,26,,,1,70,,8088,26,,,1,30,,8091,26,,,1,70,,8075,26,,,1,30,,8094,26,,,1,72,,8078,26,,,1,30,,8079,26,,,1,71,,8081,26,,,1,31,,8095,26,,,1,65,,8082,26,,,1,18,,8093,26,,,1,11,,8080,26,,,1,23,,8077,26,,,1,69,,8076,26,,,1,97,,8084,26,,,1,98,,8083,26,,,1,98,,8086,26,,,1,104,,8085,26,,,1
3903,'SEM',728,,8120,26,,,1,100,,8102,26,,,1,104,,8100,26,,,1,73,,8104,26,,,1,29,,8121,26,,,1,71,,8122,26,,,1,29,,8115,26,,,1,71,,8119,26,,,1,27,,8123,26,,,1,77,,8099,26,,,1,33,,8106,26,,,1,67,,8108,26,,,1,31,,8109,26,,,1,75,,8098,26,,,1,38,,8116,26,,,1,63,,8110,26,,,1,28,,8101,26,,,1,65,,8103,26,,,1,33,,8111,26,,,1,80,,8112,26,,,1,79,,8105,26,,,1,58,,8107,26,,,1,96,,8113,26,,,1,103,,8117,26,,,1,97,,8114,26,,,1,88,,8118,26,,,1
4303,'DIM',639,,8647,17,,,1,101,,8649,17,,,1,100,,8653,17,,,1,100,,8651,17,,,1,106,,8652,17,,,1,101,,8650,17,,,1,100,,8656,17,,,1,100,,8654,17,,,1,103,,8655,17,,,1,97,,8637,17,,,1,99,,8638,17,,,1,104,,8640,17,,,1,91,,8643,17,,,1,99,,8642,17,,,1,100,,8639,17,,,1,100,,8641,17,,,1,100,,8648,17,,,1,100,,8644,17,,,1,99,,8646,17,,,1,100,,8645,17,,,1
4303,'SAM',639,,8668,17,,,1,101,,8658,17,,,1,100,,8673,17,,,1,100,,8659,17,,,1,106,,8660,17,,,1,101,,8671,17,,,1,100,,8669,17,,,1,100,,8674,17,,,1,102,,8670,17,,,1,101,,8672,17,,,1,98,,8657,17,,,1,98,,8675,17,,,1,95,,8664,17,,,1,99,,8661,17,,,1,100,,2041,17,,,1,100,,8662,17,,,1,100,,8663,17,,,1,100,,8667,17,,,1,99,,8665,17,,,1,100,,8666,17,,,1
4303,'SEM',640,,8697,17,,,1,100,,8698,17,,,1,81,,8679,17,,,1,104,,8699,17,,,1,31,,8678,17,,,1,69,,8695,17,,,1,30,,8685,17,,,1,71,,8681,17,,,1,30,,8701,17,,,1,70,,8700,17,,,1,30,,8696,17,,,1,72,,8682,17,,,1,28,,8683,17,,,1,70,,8687,17,,,1,30,,8702,17,,,1,70,,8677,17,,,1,25,,8684,17,,,1,70,,8680,17,,,1,19,,8703,17,,,1,76,,8686,17,,,1,31,,8676,17,,,1,71,,8692,17,,,1,101,,8693,17,,,1,101,,8694,17,,,1,101,,8688,17,,,1,101,,8689,17,,,1,109,,8690,17,,,1,106,,8691,17,,,1
7303,'DIM',655,,10582,17,,,1,99,,10579,17,,,1,100,,10580,17,,,1,98,,10583,17,,,1,100,,10586,17,,,1,100,,10581,17,,,1,100,,10584,17,,,1,102,,10578,17,,,1,99,,10585,17,,,1,102,,10587,17,,,1,99,,10572,17,,,1,99,,10569,17,,,1,101,,10575,17,,,1,99,,10571,17,,,1,100,,10570,17,,,1,100,,10573,17,,,1,100,,10574,17,,,1,102,,10577,17,,,1,145,,10576,17,,,1
7303,'SAM',601,,10601,17,,,1,54,,10598,17,,,1,99,,10597,17,,,1,100,,10602,17,,,1,98,,10604,17,,,1,101,,10600,17,,,1,99,,10591,17,,,1,100,,10603,17,,,1,102,,10599,17,,,1,99,,10605,17,,,1,102,,10606,17,,,1,101,,10590,17,,,1,98,,10588,17,,,1,99,,10589,17,,,1,100,,10593,17,,,1,100,,10592,17,,,1,100,,4040,17,,,1,100,,10594,17,,,1,102,,4041,17,,,1,145,,10595,17,,,1,100,,4042,17,,,1,100,,10596,17,,,1
7303,'SEM',548,,10643,17,,,1,66,,10640,17,,,1,38,,10639,17,,,1,50,,10644,17,,,1,39,,10633,17,,,1,16,,10609,17,,,1,83,,10641,17,,,1,12,,10608,17,,,1,70,,10626,17,,,1,31,,10642,17,,,1,69,,10610,17,,,1,31,,10615,17,,,1,69,,10625,17,,,1,32,,10616,17,,,1,69,,10645,17,,,1,30,,10611,17,,,1,70,,10614,17,,,1,30,,10620,17,,,1,70,,10607,17,,,1,30,,10617,17,,,1,75,,10646,17,,,1,24,,10627,17,,,1,55,,10619,17,,,1,21,,10612,17,,,1,16,,10613,17,,,1,63,,10623,17,,,1,17,,10621,17,,,1,30,,10634,17,,,1,55,,10622,17,,,1,16,,10618,17,,,1,32,,10628,17,,,1,70,,10631,17,,,1,32,,10624,17,,,1,99,,10636,17,,,1,100,,10629,17,,,1,100,,10635,17,,,1,100,,10630,17,,,1,81,,10632,17,,,1,95,,10637,17,,,1,121,,10638,17,,,1
7401,'DIM',725,,10736,17,,,2,99,,10737,17,,,2,101,,10740,17,,,2,97,,10739,17,,,2,101,,10741,17,,,2,100,,10738,17,,,2,101,,10735,17,,,2,99,,10734,17,,,2,102,,10742,17,,,2,99,,10728,17,,,2,102,,10729,17,,,2,99,,10731,17,,,2,99,,10732,17,,,2,99,,10733,17,,,2,101,,10727,17,,,2,99,,10726,17,,,2,101,,10730,17,,,2
7401,'SAM',725,,10751,17,,,2,99,,10753,17,,,2,101,,10752,17,,,2,98,,10755,17,,,2,100,,10757,17,,,2,100,,10759,17,,,2,102,,10754,17,,,2,98,,10758,17,,,2,101,,10756,17,,,2,100,,10743,17,,,2,101,,10746,17,,,2,101,,10748,17,,,2,99,,10747,17,,,2,98,,10749,17,,,2,101,,10744,17,,,2,99,,10750,17,,,2,101,,10745,17,,,2
7401,'SEM',627,,10776,17,,,2,95,,10760,17,,,2,101,,10775,17,,,2,103,,10764,17,,,2,101,,10765,17,,,2,101,,10779,17,,,2,99,,10763,17,,,2,101,,10778,17,,,2,100,,10777,17,,,2,93,,10762,17,,,2,94,,10766,17,,,2,101,,10761,17,,,2,30,,10768,17,,,2,84,,10774,17,,,2,99,,10767,17,,,2,101,,10770,17,,,2,100,,10771,17,,,2,100,,10769,17,,,2,100,,10772,17,,,2,95,,10773,17,,,2
