3904,'DIM',848,,8142,61,4,,1,152,,8136,61,4,,1,42,,8143,61,4,,1,70,,8146,61,4,,1,34,,8137,61,4,,1,67,,8135,61,4,,1,33,,8145,61,4,,1,69,,8140,61,4,,1,35,,8129,61,4,,1,67,,8144,61,4,,1,30,,8138,61,4,,1,71,,8139,61,4,,1,32,,8128,61,4,,1,70,,8141,61,4,,1,31,,8124,61,4,,1,71,,8125,61,4,,1,27,,8130,61,4,,1,68,,8131,61,4,,1,29,,8132,61,4,,1,83,,8133,61,4,,1,97,,8126,61,4,,1,100,,8134,61,4,,1,99,,8127,61,4,,1
3904,'SAM',848,,8162,61,4,,1,152,,8155,61,4,,1,42,,8166,61,4,,1,70,,8156,61,4,,1,31,,8147,61,4,,1,70,,8153,61,4,,1,36,,8159,61,4,,1,66,,8157,61,4,,1,35,,8163,61,4,,1,67,,8154,61,4,,1,30,,8160,61,4,,1,71,,8161,61,4,,1,31,,8167,61,4,,1,71,,8158,61,4,,1,32,,8164,61,4,,1,64,,8165,61,4,,1,33,,8168,61,4,,1,68,,8169,61,4,,1,29,,8148,61,4,,1,86,,8149,61,4,,1,96,,8151,61,4,,1,98,,8150,61,4,,1,99,,8152,61,4,,1
3904,'SEM',642,,8193,61,4,,1,67,,8186,61,4,,1,15,,8192,61,4,,1,11,,8174,61,4,,1,71,,8189,61,4,,1,31,,8170,61,4,,1,71,,8187,61,4,,1,30,,8194,61,4,,1,75,,8172,61,4,,1,28,,8173,61,4,,1,73,,8184,61,4,,1,30,,8188,61,4,,1,71,,8190,61,4,,1,28,,8181,61,4,,1,72,,8185,61,4,,1,27,,8191,61,4,,1,78,,8171,61,4,,1,34,,8176,61,4,,1,70,,8178,61,4,,1,32,,8179,61,4,,1,101,,8195,61,4,,1,149,,8182,61,4,,1,97,,8183,61,4,,1,104,,8175,61,4,,1,100,,8177,61,4,,1,93,,8180,61,4,,1
4001,'DIM',834,,8199,29,4,,1,102,,8208,29,4,,1,102,,8210,29,4,,1,100,,8211,29,4,,1,99,,8209,29,4,,1,101,,8212,29,4,,1,100,,8207,29,4,,1,100,,8206,29,4,,1,100,,8196,29,4,,1,103,,8202,29,4,,1,97,,8205,29,4,,1,98,,8203,29,4,,1,99,,8198,29,4,,1,99,,8197,29,4,,1,99,,8200,29,4,,1,100,,8201,29,4,,1,93,,8204,29,4,,1
4001,'SAM',731,,8219,29,4,,1,103,,8221,29,4,,1,102,,8228,29,4,,1,102,,8225,29,4,,1,96,,8226,29,4,,1,104,,8224,29,4,,1,100,,8229,29,4,,1,100,,8227,29,4,,1,99,,8220,29,4,,1,101,,8230,29,4,,1,103,,8213,29,4,,1,97,,8222,29,4,,1,98,,8214,29,4,,1,99,,8216,29,4,,1,99,,8223,29,4,,1,99,,8215,29,4,,1,100,,8217,29,4,,1,93,,8218,29,4,,1
4001,'SEM',504,,8236,29,4,,1,25,,8258,29,4,,1,75,,8241,29,4,,1,33,,8260,29,4,,1,71,,8234,29,4,,1,25,,8264,29,4,,1,21,,8267,29,4,,1,63,,8265,29,4,,1,18,,8251,29,4,,1,69,,8240,29,4,,1,23,,8233,29,4,,1,76,,8235,29,4,,1,30,,8242,29,4,,1,70,,8261,29,4,,1,31,,8243,29,4,,1,71,,8263,29,4,,1,30,,8259,29,4,,1,70,,8238,29,4,,1,30,,8262,29,4,,1,75,,8232,29,4,,1,37,,8239,29,4,,1,60,,8237,29,4,,1,30,,8231,29,4,,1,71,,8247,29,4,,1,33,,8266,29,4,,1,72,,8248,29,4,,1,28,,8244,29,4,,1,74,,8252,29,4,,1,31,,8245,29,4,,1,70,,8253,29,4,,1,28,,8250,29,4,,1,69,,8254,29,4,,1,99,,8249,29,4,,1,97,,8246,29,4,,1,104,,8255,29,4,,1,88,,8256,29,4,,1,100,,8257,29,4,,1
4504,'DIM',636,,8845,53,4,,1,100,,8838,53,4,,1,100,,8846,53,4,,1,101,,8848,53,4,,1,100,,8852,53,4,,1,97,,8853,53,4,,1,103,,8849,53,4,,1,98,,8844,53,4,,1,108,,8842,53,4,,1,98,,8836,53,4,,1,100,,8851,53,4,,1,96,,8847,53,4,,1,100,,8850,53,4,,1,102,,8837,53,4,,1,100,,8843,53,4,,1,101,,8839,53,4,,1,100,,8840,53,4,,1,99,,8841,53,4,,1
4504,'SAM',636,,2249,53,4,,1,100,,8867,53,4,,1,100,,8864,53,4,,1,101,,8868,53,4,,1,100,,8866,53,4,,1,101,,8855,53,4,,1,98,,8865,53,4,,1,102,,8854,53,4,,1,104,,8860,53,4,,1,101,,8869,53,4,,1,98,,8857,53,4,,1,96,,8870,53,4,,1,100,,8858,53,4,,1,102,,8862,53,4,,1,100,,8856,53,4,,1,101,,8861,53,4,,1,100,,8859,53,4,,1,99,,8863,53,4,,1
4504,'SEM',554,,8890,53,4,,1,55,,8891,53,4,,1,43,,8896,53,4,,1,85,,8876,53,4,,1,19,,8874,53,4,,1,58,,8872,53,4,,1,17,,8889,53,4,,1,90,,8875,53,4,,1,106,,8893,53,4,,1,112,,8888,53,4,,1,96,,8878,53,4,,1,94,,8877,53,4,,1,100,,8894,53,4,,1,83,,8873,53,4,,1,25,,8871,53,4,,1,72,,8892,53,4,,1,30,,8895,53,4,,1,78,,8880,53,4,,1,34,,8883,53,4,,1,81,,8884,53,4,,1,102,,8882,53,4,,1,104,,8881,53,4,,1,102,,8885,53,4,,1,90,,8887,53,4,,1,99,,8879,53,4,,1,95,,8886,53,4,,1
5001,'DIM',525,,9169,10,4,,1,100,,9177,10,4,,1,100,,9165,10,4,,1,97,,9182,10,4,,1,101,,9174,10,4,,1,33,,9184,10,4,,1,77,,9176,10,4,,1,23,,9189,10,4,,1,78,,9187,10,4,,1,22,,9188,10,4,,1,75,,9190,10,4,,1,69,,9175,10,4,,1,32,,9178,10,4,,1,76,,9191,10,4,,1,29,,9180,10,4,,1,73,,9179,10,4,,1,30,,9185,10,4,,1,63,,9183,10,4,,1,34,,9181,10,4,,1,81,,9186,10,4,,1,18,,9167,10,4,,1,100,,9170,10,4,,1,99,,9173,10,4,,1,100,,9166,10,4,,1,99,,9171,10,4,,1,98,,9168,10,4,,1,100,,9172,10,4,,1
5001,'SAM',525,,9199,10,4,,1,100,,9202,10,4,,1,100,,9193,10,4,,1,97,,9214,10,4,,1,101,,9212,10,4,,1,79,,9217,10,4,,1,30,,9210,10,4,,1,24,,9194,10,4,,1,78,,9218,10,4,,1,22,,9216,10,4,,1,75,,9195,10,4,,1,69,,9206,10,4,,1,32,,9208,10,4,,1,76,,9211,10,4,,1,29,,9207,10,4,,1,73,,9209,10,4,,1,30,,9197,10,4,,1,63,,9198,10,4,,1,34,,9192,10,4,,1,79,,9213,10,4,,1,21,,9215,10,4,,1,99,,9203,10,4,,1,99,,9205,10,4,,1,100,,9204,10,4,,1,99,,9200,10,4,,1,98,,9196,10,4,,1,100,,9201,10,4,,1
5001,'SEM',515,,9241,10,4,,1,105,,9246,10,4,,1,35,,9242,10,4,,1,63,,9220,10,4,,1,36,,9219,10,4,,1,64,,9222,10,4,,1,31,,9249,10,4,,1,67,,9250,10,4,,1,33,,9245,10,4,,1,67,,9221,10,4,,1,33,,9225,10,4,,1,68,,9244,10,4,,1,32,,9231,10,4,,1,71,,9247,10,4,,1,30,,9226,10,4,,1,72,,9243,10,4,,1,28,,9248,10,4,,1,70,,9224,10,4,,1,82,,9223,10,4,,1,26,,9235,10,4,,1,76,,9227,10,4,,1,30,,9228,10,4,,1,69,,9234,10,4,,1,29,,9229,10,4,,1,75,,9233,10,4,,1,30,,9236,10,4,,1,75,,9237,10,4,,1,104,,9232,10,4,,1,104,,9230,10,4,,1,104,,9239,10,4,,1,105,,9238,10,4,,1,106,,9240,10,4,,1
5601,'DIM',713,,9496,62,4,,2,100,,9498,62,4,,2,100,,9495,62,4,,2,30,,9501,62,4,,2,71,,9494,62,4,,2,29,,9493,62,4,,2,71,,9500,62,4,,2,30,,9499,62,4,,2,70,,9490,62,4,,2,32,,9503,62,4,,2,70,,9497,62,4,,2,31,,9491,62,4,,2,71,,9504,62,4,,2,30,,9492,62,4,,2,70,,9481,62,4,,2,30,,9482,62,4,,2,70,,9484,62,4,,2,30,,9488,62,4,,2,74,,9502,62,4,,2,33,,9485,62,4,,2,68,,9486,62,4,,2,91,,9505,62,4,,2,100,,9487,62,4,,2,100,,9483,62,4,,2,100,,9489,62,4,,2
5601,'SAM',713,,9524,62,4,,2,100,,9520,62,4,,2,100,,9519,62,4,,2,32,,9522,62,4,,2,68,,9527,62,4,,2,26,,9523,62,4,,2,76,,9529,62,4,,2,29,,9521,62,4,,2,70,,9525,62,4,,2,32,,9530,62,4,,2,70,,9506,62,4,,2,31,,9528,62,4,,2,71,,9512,62,4,,2,30,,9509,62,4,,2,70,,9526,62,4,,2,30,,9510,62,4,,2,71,,9513,62,4,,2,29,,9514,62,4,,2,74,,9507,62,4,,2,32,,9516,62,4,,2,69,,9518,62,4,,2,91,,9515,62,4,,2,100,,9517,62,4,,2,100,,9511,62,4,,2,100,,9508,62,4,,2
5601,'SEM',510,,9560,62,4,,2,100,,9551,62,4,,2,32,,9557,62,4,,2,68,,9536,62,4,,2,28,,9533,62,4,,2,79,,9548,62,4,,2,30,,9532,62,4,,2,72,,9537,62,4,,2,30,,9554,62,4,,2,75,,9555,62,4,,2,20,,9558,62,4,,2,75,,9552,62,4,,2,30,,9561,62,4,,2,70,,9549,62,4,,2,32,,9538,62,4,,2,70,,9547,62,4,,2,31,,9550,62,4,,2,71,,9559,62,4,,2,29,,9553,62,4,,2,72,,9531,62,4,,2,30,,9534,62,4,,2,71,,9535,62,4,,2,75,,9556,62,4,,2,34,,9542,62,4,,2,24,,9541,62,4,,2,68,,9539,62,4,,2,28,,9545,62,4,,2,98,,9543,62,4,,2,104,,9546,62,4,,2,85,,9540,62,4,,2,91,,9544,62,4,,2
6104,'DIM',657,,9950,59,4,,2,100,,9951,59,4,,2,143,,9948,59,4,,2,103,,9952,59,4,,2,101,,9954,59,4,,2,102,,9953,59,4,,2,102,,9949,59,4,,2,103,,9947,59,4,,2,102,,9937,59,4,,2,103,,9940,59,4,,2,94,,9942,59,4,,2,102,,9944,59,4,,2,96,,9946,59,4,,2,97,,9945,59,4,,2,98,,9941,59,4,,2,98,,9938,59,4,,2,58,,9939,59,4,,2,99,,9943,59,4,,2
6104,'SAM',657,,9963,59,4,,2,100,,9962,59,4,,2,143,,9965,59,4,,2,104,,9967,59,4,,2,100,,9970,59,4,,2,102,,9964,59,4,,2,99,,9968,59,4,,2,106,,9971,59,4,,2,102,,9969,59,4,,2,103,,9972,59,4,,2,94,,9966,59,4,,2,101,,9958,59,4,,2,100,,9955,59,4,,2,94,,9959,59,4,,2,98,,9957,59,4,,2,98,,9960,59,4,,2,58,,9956,59,4,,2,99,,9961,59,4,,2
6104,'SEM',524,,9976,59,4,,2,101,,9987,59,4,,2,75,,9973,59,4,,2,22,,9990,59,4,,2,36,,9985,59,4,,2,69,,9994,59,4,,2,102,,9974,59,4,,2,100,,9975,59,4,,2,102,,9992,59,4,,2,104,,9986,59,4,,2,100,,9989,59,4,,2,102,,9988,59,4,,2,100,,9991,59,4,,2,111,,9993,59,4,,2,66,,9980,59,4,,2,97,,9983,59,4,,2,96,,9981,59,4,,2,100,,9977,59,4,,2,98,,9984,59,4,,2,39,,9978,59,4,,2,89,,9979,59,4,,2,101,,9982,59,4,,2
6504,'DIM',725,,10223,67,4,,2,102,,10221,67,4,,2,101,,10224,67,4,,2,102,,10226,67,4,,2,102,,10228,67,4,,2,102,,10225,67,4,,2,99,,10222,67,4,,2,102,,10230,67,4,,2,106,,10227,67,4,,2,95,,10229,67,4,,2,97,,10216,67,4,,2,101,,10218,67,4,,2,97,,10217,67,4,,2,98,,10219,67,4,,2,100,,10220,67,4,,2,96,,10214,67,4,,2,100,,10215,67,4,,2
6504,'SAM',725,,10240,67,4,,2,102,,10239,67,4,,2,101,,10243,67,4,,2,102,,10242,67,4,,2,102,,10244,67,4,,2,101,,10246,67,4,,2,99,,10247,67,4,,2,103,,10245,67,4,,2,105,,10241,67,4,,2,96,,10231,67,4,,2,97,,10233,67,4,,2,101,,10236,67,4,,2,99,,10237,67,4,,2,96,,3667,67,4,,2,100,,10238,67,4,,2,96,,10235,67,4,,2,100,,10232,67,4,,2,99,,10234,67,4,,2
6504,'SEM',543,,10271,67,4,,2,87,,10281,67,4,,2,26,,10250,67,4,,2,60,,10259,67,4,,2,16,,10266,67,4,,2,12,,10279,67,4,,2,10,,10249,67,4,,2,50,,10280,67,4,,2,10,,10276,67,4,,2,23,,10251,67,4,,2,70,,10253,67,4,,2,32,,10268,67,4,,2,70,,10284,67,4,,2,33,,10254,67,4,,2,71,,10255,67,4,,2,27,,10273,67,4,,2,75,,10256,67,4,,2,27,,10283,67,4,,2,80,,10277,67,4,,2,20,,10278,67,4,,2,70,,10282,67,4,,2,30,,10258,67,4,,2,70,,10261,67,4,,2,38,,10252,67,4,,2,67,,10265,67,4,,2,40,,10267,67,4,,2,73,,10248,67,4,,2,20,,10260,67,4,,2,64,,10257,67,4,,2,36,,10272,67,4,,2,71,,10274,67,4,,2,86,,10263,67,4,,2,99,,10262,67,4,,2,97,,10264,67,4,,2,99,,10269,67,4,,2,99,,10270,67,4,,2,58,,10275,67,4,,2
7002,'DIM',619,,10507,67,4,,1,40,,10506,67,4,,1,90,,10489,90,4,,1,104,,10496,90,4,,1,101,,3943,90,4,,1,102,,10492,90,4,,1,68,,10493,90,4,,1,34,,10495,90,4,,1,69,,10485,90,4,,1,25,,10494,90,4,,1,75,,10491,90,4,,1,25,,10500,90,4,,1,79,,10498,90,4,,1,28,,10501,90,4,,1,76,,10483,90,4,,1,65,,10497,90,4,,1,31,,10503,90,4,,1,23,,10499,90,4,,1,78,,10502,90,4,,1,27,,10487,90,4,,1,75,,10505,90,4,,1,73,,3946,90,4,,1,97,,10504,90,4,,1,54,,10482,90,4,,1,95,,10484,90,4,,1,97,,10488,90,4,,1,99,,10486,90,4,,1,103,,10490,90,4,,1
7002,'SAM',619,,10534,67,4,,1,40,,10535,67,4,,1,89,,10532,90,4,,1,105,,10512,90,4,,1,101,,10520,90,4,,1,102,,10519,90,4,,1,65,,10528,90,4,,1,37,,10533,90,4,,1,69,,10530,90,4,,1,24,,10524,90,4,,1,75,,10523,90,4,,1,26,,10522,90,4,,1,79,,10525,90,4,,1,76,,10521,90,4,,1,27,,10531,90,4,,1,25,,10529,90,4,,1,68,,10527,90,4,,1,26,,10526,90,4,,1,79,,10515,90,4,,1,68,,10511,90,4,,1,35,,10513,90,4,,1,73,,10508,90,4,,1,96,,10517,90,4,,1,54,,10509,90,4,,1,96,,10510,90,4,,1,96,,10516,90,4,,1,99,,10514,90,4,,1,103,,10518,90,4,,1
7002,'SEM',627,,10541,90,4,,1,100,,10561,90,4,,1,26,,10562,90,4,,1,73,,10540,90,4,,1,77,,10543,90,4,,1,27,,10545,90,4,,1,29,,10560,90,4,,1,70,,10538,90,4,,1,30,,10567,90,4,,1,71,,10546,90,4,,1,28,,10568,90,4,,1,73,,10563,90,4,,1,26,,10565,90,4,,1,74,,10564,90,4,,1,70,,10539,90,4,,1,30,,10566,90,4,,1,25,,10559,90,4,,1,77,,10544,90,4,,1,73,,10547,90,4,,1,31,,10542,90,4,,1,70,,10536,90,4,,1,33,,10537,90,4,,1,65,,10550,90,4,,1,31,,10551,90,4,,1,64,,10555,90,4,,1,30,,10554,90,4,,1,90,,10552,90,4,,1,81,,10556,90,4,,1,52,,10548,90,4,,1,150,,10553,90,4,,1,106,,10549,90,4,,1,96,,10558,90,4,,1,105,,10557,90,4,,1
7601,'DIM',511,,10861,42,4,,2,100,,10834,87,4,,2,25,,10848,87,4,,2,104,,10849,87,4,,2,101,,10841,87,4,,2,101,,10853,87,4,,2,68,,10858,87,4,,2,30,,10855,87,4,,2,71,,10851,87,4,,2,30,,10852,87,4,,2,70,,10832,87,4,,2,31,,10856,87,4,,2,72,,10854,87,4,,2,29,,10839,87,4,,2,73,,10859,87,4,,2,31,,10860,87,4,,2,69,,10831,87,4,,2,33,,10842,87,4,,2,67,,10850,87,4,,2,30,,10835,87,4,,2,70,,10837,87,4,,2,29,,10833,87,4,,2,68,,10840,87,4,,2,29,,10857,87,4,,2,105,,10845,87,4,,2,97,,10846,87,4,,2,97,,10838,87,4,,2,98,,10847,87,4,,2,100,,10836,87,4,,2,100,,10843,87,4,,2,99,,10844,87,4,,2
7601,'SAM',511,,10892,42,4,,2,100,,10866,87,4,,2,25,,10875,87,4,,2,104,,10878,87,4,,2,101,,10877,87,4,,2,101,,10881,87,4,,2,68,,10885,87,4,,2,30,,10882,87,4,,2,71,,10888,87,4,,2,30,,10876,87,4,,2,70,,10884,87,4,,2,32,,10883,87,4,,2,71,,10890,87,4,,2,29,,10863,87,4,,2,73,,10879,87,4,,2,31,,10862,87,4,,2,69,,10880,87,4,,2,33,,10887,87,4,,2,67,,10891,87,4,,2,30,,10864,87,4,,2,70,,10886,87,4,,2,29,,10868,87,4,,2,68,,10889,87,4,,2,31,,10865,87,4,,2,103,,10871,87,4,,2,97,,10873,87,4,,2,97,,10869,87,4,,2,98,,10867,87,4,,2,100,,10872,87,4,,2,100,,10870,87,4,,2,99,,10874,87,4,,2
7601,'SEM',531,,10893,87,4,,2,92,,10914,87,4,,2,27,,10921,87,4,,2,65,,10929,87,4,,2,24,,10899,87,4,,2,12,,10924,87,4,,2,55,,10901,87,4,,2,17,,10922,87,4,,2,24,,10926,87,4,,2,60,,10896,87,4,,2,25,,10900,87,4,,2,22,,10894,87,4,,2,70,,10923,87,4,,2,30,,10897,87,4,,2,69,,10919,87,4,,2,31,,10895,87,4,,2,70,,10925,87,4,,2,31,,10904,87,4,,2,70,,10920,87,4,,2,32,,10903,87,4,,2,72,,10906,87,4,,2,71,,10928,87,4,,2,33,,10907,87,4,,2,70,,10898,87,4,,2,38,,10927,87,4,,2,66,,10902,87,4,,2,25,,10905,87,4,,2,24,,10911,87,4,,2,67,,10915,87,4,,2,29,,10917,87,4,,2,72,,10913,87,4,,2,23,,10909,87,4,,2,69,,10918,87,4,,2,99,,10916,87,4,,2,100,,10908,87,4,,2,99,,10910,87,4,,2,103,,10912,87,4,,2
34504,'SEM',2520,,11613,23,,,1,118,,11612,23,,,1
90301,'DIM',856,,11665,58,4,,2,145,,11663,58,4,,2,101,,11666,58,4,,2,57,,11664,58,4,,2,99,,11670,58,4,,2,142,,11669,58,4,,2,101,,11671,58,4,,2,104,,11667,58,4,,2,96,,11668,58,4,,2,104,,5232,58,4,,2
90301,'SAM',658,,5244,58,4,,2,142,,11676,58,4,,2,56,,11678,58,4,,2,145,,11677,58,4,,2,100,,11680,58,4,,2,56,,11679,58,4,,2,101,,11681,58,4,,2,142,,11675,58,4,,2,100,,11682,58,4,,2,105,,11672,58,4,,2,96,,11674,58,4,,2,100,,11673,58,4,,2
90301,'SEM',543,,11691,58,4,,2,80,,11694,58,4,,2,23,,11699,58,4,,2,12,,11701,58,4,,2,52,,11698,58,4,,2,10,,11700,58,4,,2,10,,11683,58,4,,2,16,,11686,58,4,,2,61,,11693,58,4,,2,25,,11695,58,4,,2,70,,11702,58,4,,2,103,,11685,58,4,,2,100,,11690,58,4,,2,99,,11684,58,4,,2,100,,11697,58,4,,2,101,,11696,58,4,,2,100,,11688,58,4,,2,42,,11703,58,4,,2,107,,11689,58,4,,2,105,,11687,58,4,,2,92,,11692,58,4,,2
