1704,'DIM',454,,6858,6,,,1,89,,6859,6,,,1,100,,6863,6,,,1,102,,6857,6,,,1,99,,165,6,,,1,100,,6861,6,,,1,101,,6862,6,,,1,100,,6864,6,,,1,101,,6865,6,,,1,101,,6860,6,,,1,102,,6846,6,,,1,99,,6847,6,,,1,100,,6850,6,,,1,101,,6852,6,,,1,99,,6851,6,,,1,98,,6849,6,,,1,100,,6853,6,,,1,101,,6856,6,,,1,99,,6848,6,,,1,100,,6854,6,,,1,96,,6855,6,,,1
1704,'SAM',454,,6878,6,,,1,89,,6879,6,,,1,100,,6885,6,,,1,102,,6882,6,,,1,99,,6877,6,,,1,100,,6881,6,,,1,101,,6886,6,,,1,100,,6884,6,,,1,101,,6883,6,,,1,101,,6880,6,,,1,101,,6867,6,,,1,100,,6868,6,,,1,101,,6870,6,,,1,100,,6872,6,,,1,99,,6866,6,,,1,98,,6874,6,,,1,100,,6871,6,,,1,101,,6869,6,,,1,99,,6873,6,,,1,100,,6875,6,,,1,96,,6876,6,,,1
1704,'SEM',505,,6901,6,,,1,52,,6906,6,,,1,62,,6909,6,,,1,22,,6888,6,,,1,66,,6892,6,,,1,35,,6893,6,,,1,61,,6887,6,,,1,98,,6890,6,,,1,44,,6891,6,,,1,100,,6894,6,,,1,100,,6905,6,,,1,100,,6907,6,,,1,100,,6896,6,,,1,102,,6908,6,,,1,100,,6889,6,,,1,105,,6897,6,,,1,96,,6895,6,,,1,98,,6898,6,,,1,101,,6903,6,,,1,101,,6904,6,,,1,100,,6899,6,,,1,100,,6900,6,,,1,100,,6902,6,,,1
3904,'DIM',814,,8142,6,,,1,112,,8136,6,,,1,82,,8143,6,,,1,30,,8146,6,,,1,73,,8137,6,,,1,27,,8135,6,,,1,73,,8145,6,,,1,29,,8140,6,,,1,74,,8129,6,,,1,27,,8144,6,,,1,70,,8138,6,,,1,31,,8139,6,,,1,72,,8128,6,,,1,30,,8141,6,,,1,71,,8124,6,,,1,31,,8125,6,,,1,68,,8130,6,,,1,28,,8131,6,,,1,70,,8132,6,,,1,43,,8133,6,,,1,98,,8126,6,,,1,100,,8134,6,,,1,100,,8127,6,,,1
3904,'SAM',814,,8162,6,,,1,112,,8155,6,,,1,82,,8166,6,,,1,30,,8156,6,,,1,70,,8147,6,,,1,30,,8153,6,,,1,76,,8159,6,,,1,26,,8157,6,,,1,74,,8163,6,,,1,27,,8154,6,,,1,70,,8160,6,,,1,31,,8161,6,,,1,71,,8167,6,,,1,31,,8158,6,,,1,72,,8164,6,,,1,24,,8165,6,,,1,74,,8168,6,,,1,28,,8169,6,,,1,70,,8148,6,,,1,46,,8149,6,,,1,97,,8151,6,,,1,98,,8150,6,,,1,100,,8152,6,,,1
3904,'SEM',609,,8193,6,,,1,27,,8186,6,,,1,14,,8192,6,,,1,51,,8174,6,,,1,29,,8189,6,,,1,71,,8170,6,,,1,31,,8187,6,,,1,70,,8194,6,,,1,35,,8172,6,,,1,67,,8173,6,,,1,33,,8184,6,,,1,69,,8188,6,,,1,31,,8190,6,,,1,68,,8181,6,,,1,32,,8185,6,,,1,67,,8191,6,,,1,38,,8171,6,,,1,74,,8176,6,,,1,30,,8178,6,,,1,71,,8179,6,,,1,101,,8195,6,,,1,112,,8182,6,,,1,99,,8183,6,,,1,105,,8175,6,,,1,100,,8177,6,,,1,94,,8180,6,,,1
4504,'DIM',611,,8845,6,,,1,100,,8838,6,,,1,99,,8846,6,,,1,101,,8848,6,,,1,99,,8852,6,,,1,97,,8853,6,,,1,102,,8849,6,,,1,98,,8844,6,,,1,108,,8842,6,,,1,98,,8836,6,,,1,100,,8851,6,,,1,96,,8847,6,,,1,101,,8850,6,,,1,103,,8837,6,,,1,101,,8843,6,,,1,101,,8839,6,,,1,100,,8840,6,,,1,100,,8841,6,,,1
4504,'SAM',611,,2249,6,,,1,100,,8867,6,,,1,99,,8864,6,,,1,101,,8868,6,,,1,99,,8866,6,,,1,101,,8855,6,,,1,97,,8865,6,,,1,102,,8854,6,,,1,104,,8860,6,,,1,101,,8869,6,,,1,98,,8857,6,,,1,96,,8870,6,,,1,101,,8858,6,,,1,103,,8862,6,,,1,101,,8856,6,,,1,101,,8861,6,,,1,100,,8859,6,,,1,100,,8863,6,,,1
4504,'SEM',528,,8890,6,,,1,15,,8891,6,,,1,80,,8896,6,,,1,84,,8876,6,,,1,18,,8874,6,,,1,18,,8872,6,,,1,57,,8889,6,,,1,51,,8875,6,,,1,106,,8893,6,,,1,151,,8888,6,,,1,96,,8878,6,,,1,54,,8877,6,,,1,100,,8894,6,,,1,82,,8873,6,,,1,65,,8871,6,,,1,31,,8892,6,,,1,70,,8895,6,,,1,38,,8880,6,,,1,77,,8883,6,,,1,81,,8884,6,,,1,104,,8882,6,,,1,105,,8881,6,,,1,102,,8885,6,,,1,90,,8887,6,,,1,101,,8879,6,,,1,55,,8886,6,,,1
7402,'DIM',627,,10786,45,,,2,101,,10789,45,,,2,101,,6451,45,,,2,100,,10790,45,,,2,100,,10788,45,,,2,100,,10787,45,,,2,101,,10793,45,,,2,100,,10792,45,,,2,103,,10794,45,,,2,99,,10791,45,,,2,99,,10781,45,,,2,103,,10780,45,,,2,98,,10782,45,,,2,99,,10783,45,,,2,100,,6443,45,,,2,100,,10784,45,,,2,99,,10785,45,,,2
7402,'SAM',627,,10802,45,,,2,101,,10806,45,,,2,101,,10804,45,,,2,100,,10801,45,,,2,100,,10805,45,,,2,100,,10807,45,,,2,101,,10810,45,,,2,101,,10803,45,,,2,100,,10808,45,,,2,101,,10811,45,,,2,100,,10809,45,,,2,101,,10795,45,,,2,99,,10797,45,,,2,99,,10799,45,,,2,100,,10798,45,,,2,100,,10800,45,,,2,99,,10796,45,,,2
7402,'SEM',546,,10825,45,,,2,88,,10830,45,,,2,19,,10813,45,,,2,80,,10824,45,,,2,100,,10814,45,,,2,99,,10812,45,,,2,99,,10816,45,,,2,101,,10826,45,,,2,97,,10829,45,,,2,100,,10815,45,,,2,101,,10828,45,,,2,101,,10827,45,,,2,100,,10817,45,,,2,99,,10818,45,,,2,100,,10821,45,,,2,99,,10823,45,,,2,99,,10819,45,,,2,103,,10820,45,,,2,99,,10822,45,,,2
