3904,'DIM',853,,8142,65,,,1,153,,8136,65,,,1,42,,8143,65,,,1,70,,8146,65,,,1,34,,8137,65,,,1,67,,8135,65,,,1,33,,8145,65,,,1,69,,8140,65,,,1,35,,8129,65,,,1,67,,8144,65,,,1,30,,8138,65,,,1,71,,8139,65,,,1,32,,8128,65,,,1,69,,8141,65,,,1,31,,8124,65,,,1,71,,8125,65,,,1,27,,8130,65,,,1,68,,8131,65,,,1,29,,8132,65,,,1,83,,8133,65,,,1,97,,8126,65,,,1,100,,8134,65,,,1,99,,8127,65,,,1
3904,'SAM',853,,8162,65,,,1,153,,8155,65,,,1,42,,8166,65,,,1,70,,8156,65,,,1,31,,8147,65,,,1,70,,8153,65,,,1,36,,8159,65,,,1,66,,8157,65,,,1,35,,8163,65,,,1,67,,8154,65,,,1,30,,8160,65,,,1,71,,8161,65,,,1,31,,8167,65,,,1,70,,8158,65,,,1,32,,8164,65,,,1,64,,8165,65,,,1,33,,8168,65,,,1,68,,8169,65,,,1,29,,8148,65,,,1,86,,8149,65,,,1,96,,8151,65,,,1,98,,8150,65,,,1,99,,8152,65,,,1
3904,'SEM',647,,8193,65,,,1,67,,8186,65,,,1,15,,8192,65,,,1,11,,8174,65,,,1,72,,8189,65,,,1,31,,8170,65,,,1,71,,8187,65,,,1,30,,8194,65,,,1,75,,8172,65,,,1,28,,8173,65,,,1,73,,8184,65,,,1,30,,8188,65,,,1,71,,8190,65,,,1,28,,8181,65,,,1,72,,8185,65,,,1,27,,8191,65,,,1,78,,8171,65,,,1,74,,8176,65,,,1,30,,8178,65,,,1,72,,8179,65,,,1,101,,8195,65,,,1,109,,8182,65,,,1,97,,8183,65,,,1,103,,8175,65,,,1,100,,8177,65,,,1,93,,8180,65,,,1
4202,'DIM',520,,8490,95,,,2,82,,8531,95,,,2,26,,8501,95,,,2,31,,8489,95,,,2,71,,8513,95,,,2,70,,8511,95,,,2,33,,8532,95,,,2,72,,8516,95,,,2,33,,8512,95,,,2,72,,8520,95,,,2,31,,8524,95,,,2,63,,8530,95,,,2,22,,8526,95,,,2,22,,8517,95,,,2,62,,8522,95,,,2,19,,8518,95,,,2,20,,8521,95,,,2,58,,8506,95,,,2,23,,8509,95,,,2,20,,8508,95,,,2,62,,8510,95,,,2,19,,8515,95,,,2,20,,8514,95,,,2,58,,8534,95,,,2,22,,8527,95,,,2,21,,8523,95,,,2,61,,8519,95,,,2,21,,8529,95,,,2,19,,8494,95,,,2,60,,8495,95,,,2,21,,8496,95,,,2,23,,8528,95,,,2,75,,8525,95,,,2,73,,8533,95,,,2,29,,8505,95,,,2,70,,8492,95,,,2,32,,8491,95,,,2,70,,8500,95,,,2,27,,8488,95,,,2,67,,8497,95,,,2,28,,8507,95,,,2,28,,8493,95,,,2,69,,8499,95,,,2,30,,8503,95,,,2,67,,8504,95,,,2,29,,8498,95,,,2,76,,8502,95,,,2
4202,'SAM',520,,8537,95,,,2,82,,8539,95,,,2,26,,8557,95,,,2,31,,8535,95,,,2,71,,8565,95,,,2,70,,8563,95,,,2,33,,8540,95,,,2,72,,8571,95,,,2,33,,8567,95,,,2,72,,8566,95,,,2,31,,8570,95,,,2,63,,8582,95,,,2,22,,8576,95,,,2,22,,8580,95,,,2,61,,8575,95,,,2,20,,8578,95,,,2,20,,8560,95,,,2,58,,8573,95,,,2,22,,8564,95,,,2,21,,8556,95,,,2,61,,8562,95,,,2,20,,8536,95,,,2,20,,8569,95,,,2,58,,8568,95,,,2,22,,8561,95,,,2,21,,8572,95,,,2,61,,8538,95,,,2,20,,8574,95,,,2,19,,8577,95,,,2,61,,8543,95,,,2,21,,8579,95,,,2,23,,8581,95,,,2,74,,8549,95,,,2,73,,8551,95,,,2,30,,8553,95,,,2,70,,8555,95,,,2,35,,8541,95,,,2,67,,8544,95,,,2,27,,8558,95,,,2,67,,8546,95,,,2,28,,8548,95,,,2,31,,8542,95,,,2,65,,8545,95,,,2,30,,8547,95,,,2,68,,8550,95,,,2,29,,8552,95,,,2,76,,8554,95,,,2,30,,8559,95,,,2
4202,'SEM',521,,8625,95,,,2,98,,8627,95,,,2,34,,8631,95,,,2,57,,8634,95,,,2,17,,8583,95,,,2,10,,8585,95,,,2,11,,8588,95,,,2,9,,8591,95,,,2,50,,8633,95,,,2,12,,8630,95,,,2,21,,8586,95,,,2,18,,8601,95,,,2,61,,8587,95,,,2,22,,8635,95,,,2,62,,8632,95,,,2,19,,8589,95,,,2,21,,8626,95,,,2,60,,8584,95,,,2,19,,8629,95,,,2,21,,8593,95,,,2,60,,8618,95,,,2,21,,8628,95,,,2,24,,8595,95,,,2,57,,8615,95,,,2,24,,8597,95,,,2,20,,8599,95,,,2,61,,8600,95,,,2,23,,8592,95,,,2,17,,8602,95,,,2,61,,8603,95,,,2,20,,8604,95,,,2,21,,8590,95,,,2,61,,8606,95,,,2,20,,8636,95,,,2,20,,8609,95,,,2,60,,8610,95,,,2,20,,8611,95,,,2,21,,8613,95,,,2,57,,8594,95,,,2,21,,8616,95,,,2,20,,8596,95,,,2,62,,8605,95,,,2,24,,8598,95,,,2,19,,8622,95,,,2,70,,8624,95,,,2,85,,8621,95,,,2,36,,8623,95,,,2,67,,8607,95,,,2,29,,8608,95,,,2,68,,8612,95,,,2,26,,8614,95,,,2,75,,8620,95,,,2,26,,8617,95,,,2,71,,8619,95,,,2
5002,'DIM',629,,9269,48,,,1,100,,2653,48,,,1,103,,9252,48,,,1,97,,9267,48,,,1,108,,9260,48,,,1,65,,9270,48,,,1,37,,9262,48,,,1,64,,9274,48,,,1,39,,9272,48,,,1,62,,9273,48,,,1,36,,9275,48,,,1,69,,9261,48,,,1,33,,9263,48,,,1,76,,9276,48,,,1,29,,9265,48,,,1,74,,9264,48,,,1,30,,9271,48,,,1,66,,9268,48,,,1,30,,9266,48,,,1,99,,9254,48,,,1,98,,9256,48,,,1,99,,9259,48,,,1,99,,9253,48,,,1,97,,9257,48,,,1,98,,9255,48,,,1,98,,9258,48,,,1
5002,'SAM',629,,9284,48,,,1,100,,9287,48,,,1,103,,9278,48,,,1,100,,9299,48,,,1,105,,9298,48,,,1,65,,9297,48,,,1,36,,9295,48,,,1,65,,9279,48,,,1,39,,9302,48,,,1,62,,9301,48,,,1,36,,9280,48,,,1,69,,9291,48,,,1,33,,9293,48,,,1,76,,9296,48,,,1,29,,9292,48,,,1,74,,9294,48,,,1,30,,9282,48,,,1,66,,9283,48,,,1,30,,9277,48,,,1,99,,9300,48,,,1,98,,9288,48,,,1,99,,9290,48,,,1,99,,9289,48,,,1,97,,9285,48,,,1,98,,9281,48,,,1,98,,9286,48,,,1
5002,'SEM',518,,9309,48,,,1,37,,9332,48,,,1,71,,9328,48,,,1,30,,9303,48,,,1,78,,9336,48,,,1,72,,9329,48,,,1,24,,9304,48,,,1,75,,9322,48,,,1,26,,9307,48,,,1,71,,9334,48,,,1,26,,9335,48,,,1,73,,9331,48,,,1,28,,9306,48,,,1,73,,9310,48,,,1,28,,9330,48,,,1,72,,9318,48,,,1,32,,9333,48,,,1,70,,9311,48,,,1,30,,9314,48,,,1,82,,9305,48,,,1,27,,9315,48,,,1,78,,9308,48,,,1,33,,9323,48,,,1,70,,9312,48,,,1,27,,9313,48,,,1,69,,9321,48,,,1,29,,9316,48,,,1,69,,9320,48,,,1,103,,9324,48,,,1,104,,9319,48,,,1,100,,9317,48,,,1,110,,9326,48,,,1,103,,9325,48,,,1,97,,9327,48,,,1
6002,'DIM',707,,9823,27,,,1,101,,9832,27,,,1,100,,9830,27,,,1,100,,9831,27,,,1,100,,9833,27,,,1,100,,9836,27,,,1,101,,9834,27,,,1,100,,9837,27,,,1,100,,9835,27,,,1,99,,9838,27,,,1,99,,9839,27,,,1,100,,9825,27,,,1,100,,9827,27,,,1,101,,9826,27,,,1,101,,9828,27,,,1,100,,9822,27,,,1,100,,9824,27,,,1,98,,9829,27,,,1
6002,'SAM',707,,9851,27,,,1,101,,9842,27,,,1,100,,9854,27,,,1,100,,9856,27,,,1,100,,9852,27,,,1,100,,9855,27,,,1,101,,9853,27,,,1,100,,9841,27,,,1,100,,9857,27,,,1,99,,9840,27,,,1,99,,9844,27,,,1,102,,9849,27,,,1,98,,9845,27,,,1,101,,9846,27,,,1,101,,9850,27,,,1,100,,9843,27,,,1,100,,9847,27,,,1,98,,9848,27,,,1
6002,'SEM',639,,9875,27,,,1,101,,9873,27,,,1,101,,9859,27,,,1,100,,9876,27,,,1,100,,9874,27,,,1,102,,9864,27,,,1,100,,9858,27,,,1,99,,9860,27,,,1,101,,9872,27,,,1,99,,9861,27,,,1,101,,9866,27,,,1,106,,9863,27,,,1,92,,9869,27,,,1,99,,9867,27,,,1,99,,9862,27,,,1,100,,9865,27,,,1,99,,9868,27,,,1,89,,9871,27,,,1,100,,9870,27,,,1
6103,'DIM',738,,9889,4,,,2,101,,9891,4,,,2,97,,9893,4,,,2,102,,9892,4,,,2,101,,9890,4,,,2,102,,9888,4,,,2,98,,9877,4,,,2,104,,9880,4,,,2,95,,9882,4,,,2,104,,9884,4,,,2,101,,9894,4,,,2,95,,9885,4,,,2,100,,9881,4,,,2,99,,9878,4,,,2,101,,9879,4,,,2,100,,9883,4,,,2,100,,9887,4,,,2,100,,9886,4,,,2
6103,'SAM',738,,9905,4,,,2,101,,9907,4,,,2,97,,9910,4,,,2,102,,9904,4,,,2,98,,9908,4,,,2,105,,9911,4,,,2,99,,9909,4,,,2,103,,9912,4,,,2,95,,9906,4,,,2,103,,9898,4,,,2,102,,9895,4,,,2,95,,9899,4,,,2,100,,9897,4,,,2,99,,9900,4,,,2,101,,9896,4,,,2,100,,9901,4,,,2,100,,9902,4,,,2,100,,9903,4,,,2
6103,'SEM',601,,9932,4,,,2,100,,9936,4,,,2,101,,9914,4,,,2,57,,9915,4,,,2,100,,9934,4,,,2,141,,9929,4,,,2,100,,9931,4,,,2,102,,9930,4,,,2,100,,9933,4,,,2,110,,9935,4,,,2,25,,9922,4,,,2,64,,9913,4,,,2,31,,9926,4,,,2,74,,9916,4,,,2,26,,9923,4,,,2,73,,9917,4,,,2,28,,9918,4,,,2,73,,9920,4,,,2,31,,9928,4,,,2,80,,9919,4,,,2,95,,9921,4,,,2,100,,9925,4,,,2,100,,9924,4,,,2,107,,9927,4,,,2
6303,'DIM',748,,10005,27,,,1,100,,10007,27,,,1,102,,9998,27,,,1,97,,10006,27,,,1,103,,10010,27,,,1,96,,10008,27,,,1,103,,10011,27,,,1,103,,10009,27,,,1,100,,10012,27,,,1,100,,10013,27,,,1,100,,9999,27,,,1,98,,9995,27,,,1,99,,9996,27,,,1,99,,10001,27,,,1,100,,9997,27,,,1,100,,10002,27,,,1,99,,10000,27,,,1,100,,10003,27,,,1,98,,10004,27,,,1
6303,'SAM',647,,10027,27,,,1,101,,10031,27,,,1,100,,10028,27,,,1,102,,10026,27,,,1,97,,10030,27,,,1,103,,10029,27,,,1,96,,10033,27,,,1,103,,10032,27,,,1,103,,10014,27,,,1,102,,10015,27,,,1,98,,10016,27,,,1,100,,10018,27,,,1,98,,10017,27,,,1,99,,10022,27,,,1,99,,10019,27,,,1,100,,10020,27,,,1,100,,10023,27,,,1,99,,10021,27,,,1,100,,10024,27,,,1,98,,10025,27,,,1
6303,'SEM',607,,10049,27,,,1,20,,10059,27,,,1,16,,10060,27,,,1,76,,10066,27,,,1,14,,10064,27,,,1,74,,10038,27,,,1,23,,10040,27,,,1,74,,10041,27,,,1,33,,10034,27,,,1,65,,10037,27,,,1,33,,10063,27,,,1,67,,10051,27,,,1,31,,10067,27,,,1,26,,10061,27,,,1,78,,10035,27,,,1,67,,10036,27,,,1,30,,10065,27,,,1,70,,10062,27,,,1,32,,10068,27,,,1,72,,10043,27,,,1,26,,10042,27,,,1,74,,10047,27,,,1,19,,10045,27,,,1,25,,10039,27,,,1,73,,10048,27,,,1,81,,10046,27,,,1,97,,10044,27,,,1,41,,10052,27,,,1,93,,10055,27,,,1,95,,10050,27,,,1,88,,10053,27,,,1,105,,10054,27,,,1,99,,10058,27,,,1,104,,10056,27,,,1,94,,10057,27,,,1
6503,'DIM',713,,10150,4,,,2,101,,10152,4,,,2,100,,10154,4,,,2,100,,10156,4,,,2,103,,10153,4,,,2,97,,10151,4,,,2,106,,10139,4,,,2,100,,10155,4,,,2,96,,10157,4,,,2,98,,10142,4,,,2,102,,10144,4,,,2,98,,10143,4,,,2,100,,10146,4,,,2,100,,10148,4,,,2,100,,10140,4,,,2,100,,10141,4,,,2,100,,10147,4,,,2,99,,10149,4,,,2,100,,10145,4,,,2
6503,'SAM',713,,10170,4,,,2,101,,10173,4,,,2,100,,10172,4,,,2,100,,10174,4,,,2,102,,10175,4,,,2,97,,10177,4,,,2,107,,10176,4,,,2,99,,10171,4,,,2,97,,10158,4,,,2,98,,10160,4,,,2,102,,10163,4,,,2,100,,10166,4,,,2,98,,3589,4,,,2,100,,10168,4,,,2,100,,10162,4,,,2,100,,10159,4,,,2,100,,10161,4,,,2,99,,10164,4,,,2,100,,10165,4,,,2,45,,10167,4,,,2,75,,10169,4,,,2
6503,'SEM',559,,10187,4,,,2,66,,10179,4,,,2,27,,10206,4,,,2,64,,10180,4,,,2,24,,10182,4,,,2,78,,10195,4,,,2,26,,10212,4,,,2,78,,10183,4,,,2,25,,10184,4,,,2,70,,10203,4,,,2,30,,10185,4,,,2,70,,10210,4,,,2,30,,10207,4,,,2,70,,10208,4,,,2,30,,10209,4,,,2,70,,10186,4,,,2,30,,10189,4,,,2,70,,10181,4,,,2,30,,10193,4,,,2,74,,10194,4,,,2,30,,10178,4,,,2,65,,10188,4,,,2,25,,10200,4,,,2,15,,10211,4,,,2,55,,10201,4,,,2,15,,10202,4,,,2,15,,10196,4,,,2,13,,10204,4,,,2,57,,10199,4,,,2,33,,10191,4,,,2,104,,10190,4,,,2,99,,10192,4,,,2,100,,10197,4,,,2,100,,10198,4,,,2,99,,10205,4,,,2
7001,'DIM',654,,10411,4,,,1,100,,10401,4,,,1,99,,10409,4,,,1,99,,10412,4,,,1,68,,10415,4,,,1,31,,10410,4,,,1,70,,10417,4,,,1,27,,10416,4,,,1,70,,10413,4,,,1,35,,10414,4,,,1,69,,10418,4,,,1,27,,10394,4,,,1,73,,10419,4,,,1,25,,10397,4,,,1,75,,10398,4,,,1,27,,10399,4,,,1,74,,10396,4,,,1,33,,10402,4,,,1,74,,10405,4,,,1,70,,10400,4,,,1,54,,10406,4,,,1,100,,10403,4,,,1,100,,10395,4,,,1,100,,10407,4,,,1,100,,10408,4,,,1,100,,10404,4,,,1
7001,'SAM',654,,10436,4,,,1,100,,10441,4,,,1,99,,10443,4,,,1,99,,10444,4,,,1,67,,10442,4,,,1,32,,10420,4,,,1,69,,10445,4,,,1,28,,10440,4,,,1,70,,10421,4,,,1,34,,10437,4,,,1,68,,10422,4,,,1,33,,10438,4,,,1,69,,10424,4,,,1,25,,10439,4,,,1,73,,10427,4,,,1,29,,10429,4,,,1,74,,10426,4,,,1,34,,10428,4,,,1,73,,10432,4,,,1,70,,10430,4,,,1,54,,10434,4,,,1,100,,10423,4,,,1,100,,10425,4,,,1,99,,10435,4,,,1,101,,10433,4,,,1,100,,10431,4,,,1
7001,'SEM',509,,10472,4,,,1,30,,10450,4,,,1,66,,10473,4,,,1,18,,10474,4,,,1,17,,10469,4,,,1,67,,10480,4,,,1,24,,10461,4,,,1,24,,10447,4,,,1,69,,10479,4,,,1,30,,10476,4,,,1,71,,10477,4,,,1,29,,10458,4,,,1,71,,10481,4,,,1,28,,10449,4,,,1,72,,10454,4,,,1,27,,10478,4,,,1,70,,10448,4,,,1,29,,10446,4,,,1,72,,10475,4,,,1,30,,10453,4,,,1,77,,10456,4,,,1,24,,10452,4,,,1,50,,10459,4,,,1,47,,10451,4,,,1,77,,10463,4,,,1,28,,10466,4,,,1,76,,10467,4,,,1,27,,10455,4,,,1,81,,10464,4,,,1,85,,10460,4,,,1,34,,10457,4,,,1,149,,10465,4,,,1,100,,10462,4,,,1,100,,10470,4,,,1,101,,10468,4,,,1,129,,10471,4,,,1
7602,'DIM',607,,5136,4,,,2,96,,10940,4,,,2,100,,10950,4,,,2,100,,10952,4,,,2,30,,10948,4,,,2,70,,10949,4,,,2,30,,10930,4,,,2,70,,10953,4,,,2,30,,10951,4,,,2,69,,10939,4,,,2,32,,10954,4,,,2,72,,10955,4,,,2,27,,10931,4,,,2,74,,10941,4,,,2,33,,10933,4,,,2,64,,10934,4,,,2,30,,10936,4,,,2,70,,10932,4,,,2,30,,4405,4,,,2,70,,4422,4,,,2,30,,10937,4,,,2,74,,10945,4,,,2,94,,10946,4,,,2,100,,10938,4,,,2,101,,10947,4,,,2,101,,10935,4,,,2,100,,10942,4,,,2,100,,10944,4,,,2,100,,10943,4,,,2
7602,'SAM',607,,10973,4,,,2,96,,10972,4,,,2,100,,10976,4,,,2,100,,10978,4,,,2,30,,10983,4,,,2,70,,10971,4,,,2,30,,10980,4,,,2,70,,10979,4,,,2,30,,10984,4,,,2,69,,10957,4,,,2,30,,10974,4,,,2,74,,10956,4,,,2,27,,10975,4,,,2,74,,10982,4,,,2,33,,10958,4,,,2,64,,10959,4,,,2,30,,10981,4,,,2,70,,10962,4,,,2,30,,4456,4,,,2,70,,10960,4,,,2,30,,10977,4,,,2,75,,10965,4,,,2,93,,10967,4,,,2,100,,10963,4,,,2,101,,10961,4,,,2,101,,10966,4,,,2,100,,10964,4,,,2,100,,10969,4,,,2,100,,10968,4,,,2,101,,10970,4,,,2
7602,'SEM',549,,10985,4,,,2,62,,11014,4,,,2,16,,4470,4,,,2,11,,11012,4,,,2,64,,11016,4,,,2,18,,11018,4,,,2,22,,10992,4,,,2,61,,10986,4,,,2,35,,11013,4,,,2,68,,11017,4,,,2,31,,11010,4,,,2,72,,10987,4,,,2,30,,11015,4,,,2,70,,10991,4,,,2,29,,11011,4,,,2,71,,10990,4,,,2,30,,10995,4,,,2,71,,11020,4,,,2,28,,10996,4,,,2,70,,10988,4,,,2,35,,11019,4,,,2,65,,10989,4,,,2,24,,10993,4,,,2,26,,11000,4,,,2,65,,11001,4,,,2,25,,11004,4,,,2,65,,11006,4,,,2,25,,11002,4,,,2,20,,10998,4,,,2,74,,10994,4,,,2,70,,11005,4,,,2,31,,11008,4,,,2,100,,10997,4,,,2,100,,10999,4,,,2,100,,11007,4,,,2,103,,11003,4,,,2,109,,11009,4,,,2
90302,'DIM',829,,11706,2,,,2,99,,11708,2,,,2,96,,11707,2,,,2,97,,11713,2,,,2,102,,11712,2,,,2,99,,11714,2,,,2,104,,11709,2,,,2,97,,11710,2,,,2,103,,11704,2,,,2,99,,11711,2,,,2,102,,11705,2,,,2
90302,'SAM',829,,11721,2,,,2,98,,11724,2,,,2,95,,11723,2,,,2,100,,11722,2,,,2,101,,11720,2,,,2,98,,11725,2,,,2,105,,11715,2,,,2,97,,11717,2,,,2,99,,11716,2,,,2,103,,11718,2,,,2,102,,11719,2,,,2
90302,'SEM',724,,11730,2,,,2,102,,11727,2,,,2,101,,11736,2,,,2,99,,11726,2,,,2,100,,11744,2,,,2,97,,11743,2,,,2,100,,11733,2,,,2,80,,11745,2,,,2,105,,11734,2,,,2,16,,11732,2,,,2,20,,11731,2,,,2,68,,11728,2,,,2,30,,11729,2,,,2,69,,11735,2,,,2,35,,11739,2,,,2,70,,11738,2,,,2,40,,11740,2,,,2,148,,11742,2,,,2,100,,11737,2,,,2,99,,11741,2,,,2
