1704,'DIM',505,,6858,31,,,1,50,,6859,31,,,1,101,,6863,31,,,1,102,,6857,31,,,1,101,,165,31,,,1,141,,6861,31,,,1,101,,6862,31,,,1,100,,6864,31,,,1,101,,6865,31,,,1,101,,6860,31,,,1,102,,6846,31,,,1,99,,6847,31,,,1,100,,6850,31,,,1,100,,6852,31,,,1,98,,6851,31,,,1,98,,6849,31,,,1,100,,6853,31,,,1,59,,6856,31,,,1,99,,6848,31,,,1,99,,6854,31,,,1,96,,6855,31,,,1
1704,'SAM',505,,6878,31,,,1,50,,6879,31,,,1,101,,6885,31,,,1,102,,6882,31,,,1,101,,6877,31,,,1,141,,6881,31,,,1,101,,6886,31,,,1,100,,6884,31,,,1,101,,6883,31,,,1,101,,6880,31,,,1,101,,6867,31,,,1,100,,6868,31,,,1,101,,6870,31,,,1,99,,6872,31,,,1,98,,6866,31,,,1,98,,6874,31,,,1,100,,6871,31,,,1,59,,6869,31,,,1,99,,6873,31,,,1,99,,6875,31,,,1,96,,6876,31,,,1
1704,'SEM',517,,6901,31,,,1,93,,6906,31,,,1,22,,6909,31,,,1,22,,6888,31,,,1,67,,6892,31,,,1,36,,6893,31,,,1,61,,6887,31,,,1,98,,6890,31,,,1,85,,6891,31,,,1,100,,6894,31,,,1,100,,6905,31,,,1,100,,6907,31,,,1,100,,6896,31,,,1,102,,6908,31,,,1,101,,6889,31,,,1,105,,6897,31,,,1,95,,6895,31,,,1,97,,6898,31,,,1,100,,6903,31,,,1,100,,6904,31,,,1,100,,6899,31,,,1,100,,6900,31,,,1,99,,6902,31,,,1
3104,'DIM',625,,7789,41,,,1,103,,7790,41,,,1,100,,7788,41,,,1,102,,7794,41,,,1,101,,7795,41,,,1,100,,7793,41,,,1,100,,7791,41,,,1,103,,7779,41,,,1,101,,7792,41,,,1,100,,7778,41,,,1,101,,7777,41,,,1,99,,7782,41,,,1,97,,7784,41,,,1,102,,7783,41,,,1,96,,7785,41,,,1,100,,7781,41,,,1,99,,7780,41,,,1,98,,7786,41,,,1,102,,7787,41,,,1
3104,'SAM',525,,1137,41,,,1,100,,7805,41,,,1,103,,7808,41,,,1,100,,7807,41,,,1,102,,7810,41,,,1,101,,7813,41,,,1,100,,7814,41,,,1,100,,7809,41,,,1,102,,7804,41,,,1,101,,7811,41,,,1,101,,7806,41,,,1,101,,7812,41,,,1,100,,7800,41,,,1,97,,7802,41,,,1,99,,7798,41,,,1,99,,7803,41,,,1,99,,7796,41,,,1,99,,7797,41,,,1,98,,7799,41,,,1,102,,7801,41,,,1
3104,'SEM',449,,7823,41,,,1,77,,7824,41,,,1,91,,7835,41,,,1,21,,7837,41,,,1,64,,7817,41,,,1,34,,7836,41,,,1,68,,7833,41,,,1,29,,7831,41,,,1,75,,7832,41,,,1,22,,7834,41,,,1,100,,7815,41,,,1,102,,7816,41,,,1,100,,7819,41,,,1,101,,7838,41,,,1,100,,7818,41,,,1,102,,7821,41,,,1,100,,7822,41,,,1,96,,7820,41,,,1,103,,7825,41,,,1,96,,7830,41,,,1,105,,7829,41,,,1,99,,7826,41,,,1,102,,7827,41,,,1,100,,7828,41,,,1
7304,'DIM',540,,10665,59,,,1,70,,10654,59,,,1,102,,10658,59,,,1,101,,10661,59,,,1,102,,10657,59,,,1,101,,10659,59,,,1,100,,10662,59,,,1,100,,10666,59,,,1,102,,10660,59,,,1,101,,10663,59,,,1,101,,10656,59,,,1,100,,10664,59,,,1,100,,10667,59,,,1,99,,10650,59,,,1,99,,10647,59,,,1,97,,10653,59,,,1,100,,10649,59,,,1,99,,10648,59,,,1,98,,10651,59,,,1,101,,10652,59,,,1,99,,10655,59,,,1
7304,'SAM',540,,10686,59,,,1,70,,10676,59,,,1,102,,10681,59,,,1,101,,10678,59,,,1,102,,10677,59,,,1,101,,10682,59,,,1,100,,10684,59,,,1,101,,10680,59,,,1,101,,10671,59,,,1,101,,10683,59,,,1,101,,10679,59,,,1,100,,10685,59,,,1,100,,10687,59,,,1,99,,10670,59,,,1,98,,10668,59,,,1,98,,10669,59,,,1,100,,10673,59,,,1,99,,10672,59,,,1,98,,4131,59,,,1,101,,10674,59,,,1,99,,4133,59,,,1,100,,10675,59,,,1,99,,4134,59,,,1
7304,'SEM',502,,10719,59,,,1,41,,10716,59,,,1,82,,10722,59,,,1,18,,10725,59,,,1,71,,10721,59,,,1,15,,10718,59,,,1,14,,10694,59,,,1,68,,10696,59,,,1,14,,10717,59,,,1,15,,10723,59,,,1,65,,10712,59,,,1,31,,10690,59,,,1,80,,10689,59,,,1,29,,10705,59,,,1,70,,10720,59,,,1,30,,10691,59,,,1,71,,10695,59,,,1,36,,10704,59,,,1,66,,10697,59,,,1,30,,10724,59,,,1,70,,10692,59,,,1,30,,10693,59,,,1,72,,10701,59,,,1,31,,10688,59,,,1,72,,10698,59,,,1,79,,10708,59,,,1,22,,10706,59,,,1,28,,10700,59,,,1,69,,10707,59,,,1,36,,10702,59,,,1,60,,10713,59,,,1,29,,10699,59,,,1,70,,10709,59,,,1,30,,10711,59,,,1,73,,10703,59,,,1,97,,10715,59,,,1,99,,10710,59,,,1,103,,10714,59,,,1
7402,'DIM',641,,10786,72,,,2,101,,10789,72,,,2,101,,6451,72,,,2,101,,10790,72,,,2,102,,10788,72,,,2,100,,10787,72,,,2,101,,10793,72,,,2,100,,10792,72,,,2,103,,10794,72,,,2,99,,10791,72,,,2,99,,10781,72,,,2,101,,10780,72,,,2,98,,10782,72,,,2,98,,10783,72,,,2,100,,6443,72,,,2,100,,10784,72,,,2,98,,10785,72,,,2
7402,'SAM',641,,10802,72,,,2,101,,10806,72,,,2,101,,10804,72,,,2,101,,10801,72,,,2,102,,10805,72,,,2,100,,10807,72,,,2,101,,10810,72,,,2,101,,10803,72,,,2,100,,10808,72,,,2,101,,10811,72,,,2,100,,10809,72,,,2,99,,10795,72,,,2,99,,10797,72,,,2,98,,10799,72,,,2,100,,10798,72,,,2,100,,10800,72,,,2,98,,10796,72,,,2
7402,'SEM',559,,10825,72,,,2,89,,10830,72,,,2,60,,10813,72,,,2,42,,10824,72,,,2,100,,10814,72,,,2,99,,10812,72,,,2,99,,10816,72,,,2,101,,10826,72,,,2,97,,10829,72,,,2,100,,10815,72,,,2,101,,10828,72,,,2,102,,10827,72,,,2,100,,10817,72,,,2,97,,10818,72,,,2,100,,10821,72,,,2,97,,10823,72,,,2,99,,10819,72,,,2,103,,10820,72,,,2,98,,10822,72,,,2
