2602,'DIM',628,,777,10,,,2,23,,7474,10,,,2,67,,7468,10,,,2,30,,7470,10,,,2,70,,794,10,,,2,32,,7481,10,,,2,69,,7475,10,,,2,30,,7469,10,,,2,66,,7478,10,,,2,24,,7471,10,,,2,20,,7482,10,,,2,60,,7464,10,,,2,19,,7484,10,,,2,20,,7477,10,,,2,59,,7486,10,,,2,21,,7446,10,,,2,19,,7479,10,,,2,62,,7467,10,,,2,19,,7472,10,,,2,21,,7473,10,,,2,62,,7447,10,,,2,18,,7448,10,,,2,20,,7465,10,,,2,60,,7466,10,,,2,19,,7445,10,,,2,21,,7480,10,,,2,60,,7483,10,,,2,20,,7476,10,,,2,62,,7456,10,,,2,42,,7461,10,,,2,70,,7457,10,,,2,30,,780,10,,,2,70,,7485,10,,,2,30,,7487,10,,,2,70,,7453,10,,,2,29,,7449,10,,,2,70,,7460,10,,,2,30,,7450,10,,,2,71,,7451,10,,,2,29,,7459,10,,,2,69,,7455,10,,,2,28,,7452,10,,,2,71,,7454,10,,,2,30,,7458,10,,,2,85,,7462,10,,,2,78,,7463,10,,,2
2602,'SAM',628,,832,10,,,2,23,,7521,10,,,2,67,,7518,10,,,2,30,,7523,10,,,2,70,,7519,10,,,2,31,,7526,10,,,2,70,,7524,10,,,2,30,,7532,10,,,2,65,,7517,10,,,2,25,,7528,10,,,2,20,,7514,10,,,2,60,,7533,10,,,2,19,,7530,10,,,2,20,,7492,10,,,2,59,,7527,10,,,2,21,,7522,10,,,2,20,,7513,10,,,2,61,,7515,10,,,2,21,,7516,10,,,2,19,,7489,10,,,2,62,,7491,10,,,2,18,,7493,10,,,2,20,,7525,10,,,2,62,,7531,10,,,2,16,,7520,10,,,2,21,,7494,10,,,2,61,,7529,10,,,2,20,,7498,10,,,2,62,,7503,10,,,2,42,,7506,10,,,2,70,,7509,10,,,2,30,,7512,10,,,2,71,,7507,10,,,2,29,,7490,10,,,2,70,,7497,10,,,2,29,,7496,10,,,2,70,,7504,10,,,2,30,,7499,10,,,2,70,,7500,10,,,2,30,,7510,10,,,2,69,,7495,10,,,2,28,,7501,10,,,2,71,,7502,10,,,2,30,,7511,10,,,2,85,,7508,10,,,2,78,,7505,10,,,2
2602,'SEM',511,,7577,10,,,2,22,,7592,10,,,2,74,,7563,10,,,2,20,,7535,10,,,2,17,,7564,10,,,2,15,,7579,10,,,2,50,,7581,10,,,2,20,,7589,10,,,2,14,,7594,10,,,2,14,,7543,10,,,2,58,,7585,10,,,2,14,,7537,10,,,2,9,,7545,10,,,2,19,,7597,10,,,2,55,,7539,10,,,2,20,,7580,10,,,2,20,,7536,10,,,2,61,,7593,10,,,2,21,,7588,10,,,2,19,,7541,10,,,2,60,,7590,10,,,2,19,,7544,10,,,2,18,,7596,10,,,2,64,,7582,10,,,2,22,,7584,10,,,2,15,,7591,10,,,2,65,,7586,10,,,2,19,,7598,10,,,2,14,,7538,10,,,2,52,,7583,10,,,2,27,,7540,10,,,2,22,,7587,10,,,2,57,,7595,10,,,2,23,,7542,10,,,2,21,,7554,10,,,2,57,,7556,10,,,2,12,,7562,10,,,2,12,,7547,10,,,2,13,,7565,10,,,2,10,,7567,10,,,2,51,,7551,10,,,2,10,,7569,10,,,2,10,,7553,10,,,2,7,,7546,10,,,2,14,,7575,10,,,2,12,,7576,10,,,2,54,,7548,10,,,2,15,,7561,10,,,2,20,,7568,10,,,2,61,,7549,10,,,2,19,,7550,10,,,2,24,,7566,10,,,2,60,,7573,10,,,2,16,,7578,10,,,2,30,,7557,10,,,2,70,,7552,10,,,2,74,,7559,10,,,2,26,,7555,10,,,2,29,,7558,10,,,2,66,,7571,10,,,2,25,,7560,10,,,2,80,,7570,10,,,2,29,,7572,10,,,2,80,,7574,10,,,2
3602,'SEM',1518,,7943,10,,,2,23,,7944,10,,,2,72,,7937,10,,,2,24,,7942,10,,,2,73,,7938,10,,,2,31,,7939,10,,,2,65,,7940,10,,,2,29,,7941,10,,,2
4603,'DIM',642,,8907,10,,,1,105,,8908,10,,,1,105,,8900,10,,,1,101,,8912,10,,,1,97,,8909,10,,,1,103,,8914,10,,,1,100,,8915,10,,,1,101,,8906,10,,,1,101,,8910,10,,,1,99,,8897,10,,,1,100,,8913,10,,,1,100,,8911,10,,,1,99,,8899,10,,,1,100,,8916,10,,,1,100,,8903,10,,,1,100,,8898,10,,,1,100,,8901,10,,,1,99,,8902,10,,,1,99,,8904,10,,,1,150,,8905,10,,,1
4603,'SAM',642,,8929,10,,,1,105,,8930,10,,,1,105,,8934,10,,,1,101,,8933,10,,,1,97,,8932,10,,,1,103,,8928,10,,,1,99,,8935,10,,,1,97,,8917,10,,,1,106,,8918,10,,,1,145,,8931,10,,,1,54,,8936,10,,,1,100,,8920,10,,,1,99,,8921,10,,,1,100,,8925,10,,,1,100,,8922,10,,,1,100,,8926,10,,,1,100,,8919,10,,,1,99,,8924,10,,,1,99,,8927,10,,,1,151,,8923,10,,,1
4603,'SEM',653,,8960,10,,,1,97,,8963,10,,,1,73,,8957,10,,,1,33,,8956,10,,,1,67,,8941,10,,,1,30,,8961,10,,,1,70,,8938,10,,,1,30,,8958,10,,,1,70,,8959,10,,,1,30,,8937,10,,,1,70,,8967,10,,,1,28,,8942,10,,,1,72,,8964,10,,,1,30,,8966,10,,,1,70,,8945,10,,,1,35,,8962,10,,,1,65,,8965,10,,,1,31,,8944,10,,,1,71,,8939,10,,,1,24,,8943,10,,,1,70,,8940,10,,,1,35,,8951,10,,,1,64,,8948,10,,,1,35,,8955,10,,,1,60,,8952,10,,,1,35,,8950,10,,,1,100,,8947,10,,,1,101,,8946,10,,,1,103,,8954,10,,,1,100,,8949,10,,,1,150,,8953,10,,,1
6001,'DIM',742,,9768,6,,,1,101,,9776,6,,,1,100,,9774,6,,,1,103,,9775,6,,,1,100,,9777,6,,,1,101,,9780,6,,,1,102,,9778,6,,,1,101,,9781,6,,,1,100,,9779,6,,,1,102,,9782,6,,,1,94,,9783,6,,,1,101,,9770,6,,,1,99,,9772,6,,,1,99,,9771,6,,,1,99,,9773,6,,,1,99,,9767,6,,,1,100,,9769,6,,,1
6001,'SAM',642,,9790,6,,,1,100,,9795,6,,,1,101,,9786,6,,,1,100,,9798,6,,,1,102,,9800,6,,,1,101,,9796,6,,,1,101,,9799,6,,,1,102,,9797,6,,,1,101,,9785,6,,,1,100,,9801,6,,,1,102,,9784,6,,,1,94,,9788,6,,,1,102,,9793,6,,,1,98,,9789,6,,,1,99,,9791,6,,,1,99,,9794,6,,,1,99,,9787,6,,,1,100,,9792,6,,,1
6001,'SEM',526,,9816,6,,,1,101,,9802,6,,,1,85,,9820,6,,,1,36,,9814,6,,,1,74,,9818,6,,,1,100,,9804,6,,,1,100,,9821,6,,,1,100,,9819,6,,,1,103,,9805,6,,,1,100,,9803,6,,,1,100,,9815,6,,,1,101,,9817,6,,,1,100,,9806,6,,,1,103,,9810,6,,,1,100,,9808,6,,,1,91,,9813,6,,,1,99,,9811,6,,,1,100,,9807,6,,,1,100,,9809,6,,,1,94,,9812,6,,,1
6602,'DIM',710,,10356,15,,,1,104,,10351,15,,,1,101,,10354,15,,,1,101,,10359,15,,,1,100,,10358,15,,,1,101,,10352,15,,,1,100,,10350,15,,,1,133,,10353,15,,,1,99,,10355,15,,,1,70,,10357,15,,,1,31,,10345,15,,,1,70,,10346,15,,,1,30,,10344,15,,,1,69,,10348,15,,,1,100,,10349,15,,,1,100,,10347,15,,,1,99,,10342,15,,,1,98,,10343,15,,,1
6602,'SAM',710,,10371,15,,,1,104,,10369,15,,,1,101,,10363,15,,,1,101,,10360,15,,,1,100,,10375,15,,,1,101,,10376,15,,,1,100,,10374,15,,,1,133,,10377,15,,,1,99,,10365,15,,,1,70,,10361,15,,,1,31,,10367,15,,,1,71,,10368,15,,,1,29,,10366,15,,,1,74,,10370,15,,,1,96,,10362,15,,,1,99,,10364,15,,,1,99,,10373,15,,,1,98,,10372,15,,,1
6602,'SEM',651,,10379,15,,,1,103,,10393,15,,,1,104,,10391,15,,,1,145,,10390,15,,,1,101,,10380,15,,,1,101,,10378,15,,,1,99,,10392,15,,,1,102,,10381,15,,,1,28,,5375,15,,,1,91,,10386,15,,,1,102,,10387,15,,,1,101,,10389,15,,,1,96,,10382,15,,,1,103,,10383,15,,,1,99,,10384,15,,,1,97,,10388,15,,,1,79,,10385,15,,,1
