1704,'DIM',503,,6858,26,,,1,50,,6859,26,,,1,101,,6863,26,,,1,102,,6857,26,,,1,101,,165,26,,,1,100,,6861,26,,,1,101,,6862,26,,,1,100,,6864,26,,,1,101,,6865,26,,,1,141,,6860,26,,,1,102,,6846,26,,,1,99,,6847,26,,,1,100,,6850,26,,,1,101,,6852,26,,,1,98,,6851,26,,,1,58,,6849,26,,,1,100,,6853,26,,,1,99,,6856,26,,,1,99,,6848,26,,,1,99,,6854,26,,,1,96,,6855,26,,,1
1704,'SAM',503,,6878,26,,,1,50,,6879,26,,,1,101,,6885,26,,,1,102,,6882,26,,,1,101,,6877,26,,,1,100,,6881,26,,,1,101,,6886,26,,,1,100,,6884,26,,,1,101,,6883,26,,,1,141,,6880,26,,,1,101,,6867,26,,,1,100,,6868,26,,,1,101,,6870,26,,,1,100,,6872,26,,,1,98,,6866,26,,,1,58,,6874,26,,,1,100,,6871,26,,,1,99,,6869,26,,,1,99,,6873,26,,,1,99,,6875,26,,,1,96,,6876,26,,,1
1704,'SEM',515,,6901,26,,,1,93,,6906,26,,,1,22,,6909,26,,,1,22,,6888,26,,,1,67,,6892,26,,,1,35,,6893,26,,,1,61,,6887,26,,,1,98,,6890,26,,,1,45,,6891,26,,,1,100,,6894,26,,,1,100,,6905,26,,,1,100,,6907,26,,,1,100,,6896,26,,,1,142,,6908,26,,,1,101,,6889,26,,,1,105,,6897,26,,,1,95,,6895,26,,,1,57,,6898,26,,,1,101,,6903,26,,,1,100,,6904,26,,,1,100,,6899,26,,,1,100,,6900,26,,,1,99,,6902,26,,,1
3104,'DIM',623,,7789,36,,,1,103,,7790,36,,,1,100,,7788,36,,,1,101,,7794,36,,,1,101,,7795,36,,,1,100,,7793,36,,,1,100,,7791,36,,,1,103,,7779,36,,,1,101,,7792,36,,,1,100,,7778,36,,,1,101,,7777,36,,,1,99,,7782,36,,,1,98,,7784,36,,,1,102,,7783,36,,,1,96,,7785,36,,,1,100,,7781,36,,,1,99,,7780,36,,,1,98,,7786,36,,,1,102,,7787,36,,,1
3104,'SAM',523,,1137,36,,,1,100,,7805,36,,,1,103,,7808,36,,,1,100,,7807,36,,,1,101,,7810,36,,,1,101,,7813,36,,,1,100,,7814,36,,,1,100,,7809,36,,,1,102,,7804,36,,,1,101,,7811,36,,,1,101,,7806,36,,,1,101,,7812,36,,,1,100,,7800,36,,,1,98,,7802,36,,,1,99,,7798,36,,,1,99,,7803,36,,,1,99,,7796,36,,,1,99,,7797,36,,,1,98,,7799,36,,,1,102,,7801,36,,,1
3104,'SEM',447,,7823,36,,,1,77,,7824,36,,,1,91,,7835,36,,,1,21,,7837,36,,,1,23,,7817,36,,,1,74,,7836,36,,,1,68,,7833,36,,,1,29,,7831,36,,,1,75,,7832,36,,,1,22,,7834,36,,,1,100,,7815,36,,,1,102,,7816,36,,,1,100,,7819,36,,,1,101,,7838,36,,,1,100,,7818,36,,,1,102,,7821,36,,,1,100,,7822,36,,,1,96,,7820,36,,,1,103,,7825,36,,,1,97,,7830,36,,,1,105,,7829,36,,,1,99,,7826,36,,,1,102,,7827,36,,,1,100,,7828,36,,,1
7304,'DIM',538,,10665,54,,,1,70,,10654,54,,,1,102,,10658,54,,,1,101,,10661,54,,,1,101,,10657,54,,,1,101,,10659,54,,,1,100,,10662,54,,,1,100,,10666,54,,,1,102,,10660,54,,,1,101,,10663,54,,,1,101,,10656,54,,,1,100,,10664,54,,,1,100,,10667,54,,,1,100,,10650,54,,,1,99,,10647,54,,,1,97,,10653,54,,,1,100,,10649,54,,,1,99,,10648,54,,,1,98,,10651,54,,,1,101,,10652,54,,,1,99,,10655,54,,,1
7304,'SAM',538,,10686,54,,,1,70,,10676,54,,,1,102,,10681,54,,,1,101,,10678,54,,,1,101,,10677,54,,,1,101,,10682,54,,,1,100,,10684,54,,,1,101,,10680,54,,,1,101,,10671,54,,,1,101,,10683,54,,,1,101,,10679,54,,,1,100,,10685,54,,,1,100,,10687,54,,,1,100,,10670,54,,,1,98,,10668,54,,,1,98,,10669,54,,,1,100,,10673,54,,,1,99,,10672,54,,,1,98,,4131,54,,,1,101,,10674,54,,,1,99,,4133,54,,,1,100,,10675,54,,,1,99,,4134,54,,,1
7304,'SEM',500,,10719,54,,,1,41,,10716,54,,,1,82,,10722,54,,,1,18,,10725,54,,,1,71,,10721,54,,,1,14,,10718,54,,,1,14,,10694,54,,,1,68,,10696,54,,,1,14,,10717,54,,,1,15,,10723,54,,,1,65,,10712,54,,,1,31,,10690,54,,,1,80,,10689,54,,,1,29,,10705,54,,,1,70,,10720,54,,,1,30,,10691,54,,,1,71,,10695,54,,,1,36,,10704,54,,,1,66,,10697,54,,,1,30,,10724,54,,,1,70,,10692,54,,,1,30,,10693,54,,,1,72,,10701,54,,,1,31,,10688,54,,,1,72,,10698,54,,,1,39,,10708,54,,,1,62,,10706,54,,,1,28,,10700,54,,,1,69,,10707,54,,,1,36,,10702,54,,,1,60,,10713,54,,,1,30,,10699,54,,,1,70,,10709,54,,,1,30,,10711,54,,,1,73,,10703,54,,,1,97,,10715,54,,,1,99,,10710,54,,,1,103,,10714,54,,,1
7402,'DIM',639,,10786,67,,,2,101,,10789,67,,,2,101,,6451,67,,,2,101,,10790,67,,,2,101,,10788,67,,,2,100,,10787,67,,,2,101,,10793,67,,,2,100,,10792,67,,,2,103,,10794,67,,,2,99,,10791,67,,,2,99,,10781,67,,,2,102,,10780,67,,,2,98,,10782,67,,,2,98,,10783,67,,,2,100,,6443,67,,,2,100,,10784,67,,,2,98,,10785,67,,,2
7402,'SAM',639,,10802,67,,,2,101,,10806,67,,,2,101,,10804,67,,,2,101,,10801,67,,,2,101,,10805,67,,,2,100,,10807,67,,,2,101,,10810,67,,,2,101,,10803,67,,,2,100,,10808,67,,,2,101,,10811,67,,,2,100,,10809,67,,,2,100,,10795,67,,,2,99,,10797,67,,,2,98,,10799,67,,,2,100,,10798,67,,,2,100,,10800,67,,,2,98,,10796,67,,,2
7402,'SEM',557,,10825,67,,,2,89,,10830,67,,,2,60,,10813,67,,,2,41,,10824,67,,,2,100,,10814,67,,,2,99,,10812,67,,,2,99,,10816,67,,,2,101,,10826,67,,,2,97,,10829,67,,,2,100,,10815,67,,,2,101,,10828,67,,,2,101,,10827,67,,,2,100,,10817,67,,,2,98,,10818,67,,,2,100,,10821,67,,,2,98,,10823,67,,,2,99,,10819,67,,,2,103,,10820,67,,,2,98,,10822,67,,,2
