2602,'DIM',629,,777,12,,,2,23,,7474,12,,,2,67,,7468,12,,,2,30,,7470,12,,,2,70,,794,12,,,2,32,,7481,12,,,2,69,,7475,12,,,2,30,,7469,12,,,2,66,,7478,12,,,2,24,,7471,12,,,2,60,,7482,12,,,2,20,,7464,12,,,2,19,,7484,12,,,2,20,,7477,12,,,2,59,,7486,12,,,2,21,,7446,12,,,2,19,,7479,12,,,2,62,,7467,12,,,2,19,,7472,12,,,2,61,,7473,12,,,2,22,,7447,12,,,2,18,,7448,12,,,2,60,,7465,12,,,2,20,,7466,12,,,2,19,,7445,12,,,2,61,,7480,12,,,2,20,,7483,12,,,2,20,,7476,12,,,2,62,,7456,12,,,2,42,,7461,12,,,2,70,,7457,12,,,2,30,,780,12,,,2,70,,7485,12,,,2,30,,7487,12,,,2,70,,7453,12,,,2,29,,7449,12,,,2,70,,7460,12,,,2,30,,7450,12,,,2,71,,7451,12,,,2,29,,7459,12,,,2,69,,7455,12,,,2,28,,7452,12,,,2,71,,7454,12,,,2,30,,7458,12,,,2,85,,7462,12,,,2,78,,7463,12,,,2
2602,'SAM',629,,832,12,,,2,23,,7521,12,,,2,67,,7518,12,,,2,30,,7523,12,,,2,70,,7519,12,,,2,31,,7526,12,,,2,70,,7524,12,,,2,30,,7532,12,,,2,65,,7517,12,,,2,25,,7528,12,,,2,60,,7514,12,,,2,20,,7533,12,,,2,19,,7530,12,,,2,20,,7492,12,,,2,59,,7527,12,,,2,21,,7522,12,,,2,20,,7513,12,,,2,61,,7515,12,,,2,21,,7516,12,,,2,59,,7489,12,,,2,22,,7491,12,,,2,18,,7493,12,,,2,60,,7525,12,,,2,22,,7531,12,,,2,16,,7520,12,,,2,21,,7494,12,,,2,61,,7529,12,,,2,20,,7498,12,,,2,62,,7503,12,,,2,42,,7506,12,,,2,70,,7509,12,,,2,30,,7512,12,,,2,71,,7507,12,,,2,29,,7490,12,,,2,70,,7497,12,,,2,29,,7496,12,,,2,70,,7504,12,,,2,30,,7499,12,,,2,70,,7500,12,,,2,30,,7510,12,,,2,69,,7495,12,,,2,28,,7501,12,,,2,71,,7502,12,,,2,30,,7511,12,,,2,85,,7508,12,,,2,78,,7505,12,,,2
2602,'SEM',512,,7577,12,,,2,22,,7592,12,,,2,74,,7563,12,,,2,20,,7535,12,,,2,17,,7564,12,,,2,55,,7579,12,,,2,10,,7581,12,,,2,20,,7589,12,,,2,14,,7594,12,,,2,14,,7543,12,,,2,58,,7585,12,,,2,14,,7537,12,,,2,9,,7545,12,,,2,19,,7597,12,,,2,55,,7539,12,,,2,20,,7580,12,,,2,20,,7536,12,,,2,61,,7593,12,,,2,21,,7588,12,,,2,19,,7541,12,,,2,60,,7590,12,,,2,19,,7544,12,,,2,18,,7596,12,,,2,64,,7582,12,,,2,22,,7584,12,,,2,15,,7591,12,,,2,65,,7586,12,,,2,19,,7598,12,,,2,14,,7538,12,,,2,52,,7583,12,,,2,27,,7540,12,,,2,22,,7587,12,,,2,57,,7595,12,,,2,23,,7542,12,,,2,21,,7554,12,,,2,57,,7556,12,,,2,12,,7562,12,,,2,12,,7547,12,,,2,13,,7565,12,,,2,10,,7567,12,,,2,51,,7551,12,,,2,10,,7569,12,,,2,10,,7553,12,,,2,7,,7546,12,,,2,14,,7575,12,,,2,52,,7576,12,,,2,14,,7548,12,,,2,15,,7561,12,,,2,20,,7568,12,,,2,61,,7549,12,,,2,19,,7550,12,,,2,24,,7566,12,,,2,60,,7573,12,,,2,16,,7578,12,,,2,30,,7557,12,,,2,70,,7552,12,,,2,74,,7559,12,,,2,26,,7555,12,,,2,29,,7558,12,,,2,66,,7571,12,,,2,25,,7560,12,,,2,80,,7570,12,,,2,29,,7572,12,,,2,80,,7574,12,,,2
3602,'SEM',1519,,7943,12,,,2,23,,7944,12,,,2,72,,7937,12,,,2,24,,7942,12,,,2,73,,7938,12,,,2,31,,7939,12,,,2,65,,7940,12,,,2,29,,7941,12,,,2
4603,'DIM',643,,8907,12,,,1,105,,8908,12,,,1,105,,8900,12,,,1,101,,8912,12,,,1,97,,8909,12,,,1,103,,8914,12,,,1,100,,8915,12,,,1,101,,8906,12,,,1,101,,8910,12,,,1,99,,8897,12,,,1,100,,8913,12,,,1,100,,8911,12,,,1,99,,8899,12,,,1,100,,8916,12,,,1,100,,8903,12,,,1,100,,8898,12,,,1,100,,8901,12,,,1,99,,8902,12,,,1,99,,8904,12,,,1,150,,8905,12,,,1
4603,'SAM',643,,8929,12,,,1,105,,8930,12,,,1,105,,8934,12,,,1,101,,8933,12,,,1,97,,8932,12,,,1,103,,8928,12,,,1,99,,8935,12,,,1,97,,8917,12,,,1,106,,8918,12,,,1,145,,8931,12,,,1,54,,8936,12,,,1,100,,8920,12,,,1,99,,8921,12,,,1,100,,8925,12,,,1,100,,8922,12,,,1,100,,8926,12,,,1,100,,8919,12,,,1,99,,8924,12,,,1,99,,8927,12,,,1,151,,8923,12,,,1
4603,'SEM',654,,8960,12,,,1,97,,8963,12,,,1,73,,8957,12,,,1,33,,8956,12,,,1,67,,8941,12,,,1,30,,8961,12,,,1,70,,8938,12,,,1,30,,8958,12,,,1,70,,8959,12,,,1,30,,8937,12,,,1,70,,8967,12,,,1,28,,8942,12,,,1,72,,8964,12,,,1,30,,8966,12,,,1,70,,8945,12,,,1,35,,8962,12,,,1,65,,8965,12,,,1,31,,8944,12,,,1,71,,8939,12,,,1,24,,8943,12,,,1,70,,8940,12,,,1,35,,8951,12,,,1,64,,8948,12,,,1,35,,8955,12,,,1,60,,8952,12,,,1,35,,8950,12,,,1,100,,8947,12,,,1,101,,8946,12,,,1,103,,8954,12,,,1,100,,8949,12,,,1,150,,8953,12,,,1
6001,'DIM',744,,9768,8,,,1,101,,9776,8,,,1,100,,9774,8,,,1,103,,9775,8,,,1,100,,9777,8,,,1,101,,9780,8,,,1,101,,9778,8,,,1,101,,9781,8,,,1,101,,9779,8,,,1,102,,9782,8,,,1,93,,9783,8,,,1,101,,9770,8,,,1,99,,9772,8,,,1,99,,9771,8,,,1,99,,9773,8,,,1,99,,9767,8,,,1,100,,9769,8,,,1
6001,'SAM',643,,9790,8,,,1,101,,9795,8,,,1,101,,9786,8,,,1,100,,9798,8,,,1,102,,9800,8,,,1,101,,9796,8,,,1,101,,9799,8,,,1,101,,9797,8,,,1,101,,9785,8,,,1,101,,9801,8,,,1,102,,9784,8,,,1,93,,9788,8,,,1,102,,9793,8,,,1,98,,9789,8,,,1,99,,9791,8,,,1,99,,9794,8,,,1,99,,9787,8,,,1,100,,9792,8,,,1
6001,'SEM',527,,9816,8,,,1,101,,9802,8,,,1,85,,9820,8,,,1,36,,9814,8,,,1,75,,9818,8,,,1,100,,9804,8,,,1,100,,9821,8,,,1,100,,9819,8,,,1,103,,9805,8,,,1,100,,9803,8,,,1,100,,9815,8,,,1,101,,9817,8,,,1,99,,9806,8,,,1,104,,9810,8,,,1,100,,9808,8,,,1,90,,9813,8,,,1,99,,9811,8,,,1,100,,9807,8,,,1,100,,9809,8,,,1,94,,9812,8,,,1
6602,'DIM',711,,10356,17,,,1,104,,10351,17,,,1,101,,10354,17,,,1,101,,10359,17,,,1,100,,10358,17,,,1,101,,10352,17,,,1,100,,10350,17,,,1,133,,10353,17,,,1,99,,10355,17,,,1,70,,10357,17,,,1,31,,10345,17,,,1,70,,10346,17,,,1,30,,10344,17,,,1,69,,10348,17,,,1,100,,10349,17,,,1,100,,10347,17,,,1,99,,10342,17,,,1,98,,10343,17,,,1
6602,'SAM',711,,10371,17,,,1,104,,10369,17,,,1,101,,10363,17,,,1,101,,10360,17,,,1,100,,10375,17,,,1,101,,10376,17,,,1,100,,10374,17,,,1,133,,10377,17,,,1,99,,10365,17,,,1,70,,10361,17,,,1,31,,10367,17,,,1,71,,10368,17,,,1,29,,10366,17,,,1,74,,10370,17,,,1,96,,10362,17,,,1,99,,10364,17,,,1,99,,10373,17,,,1,98,,10372,17,,,1
6602,'SEM',652,,10379,17,,,1,103,,10393,17,,,1,104,,10391,17,,,1,145,,10390,17,,,1,101,,10380,17,,,1,101,,10378,17,,,1,99,,10392,17,,,1,102,,10381,17,,,1,28,,5375,17,,,1,91,,10386,17,,,1,103,,10387,17,,,1,101,,10389,17,,,1,95,,10382,17,,,1,103,,10383,17,,,1,99,,10384,17,,,1,97,,10388,17,,,1,79,,10385,17,,,1
