2202,'DIM',723,,7078,27,,,2,100,,7077,27,,,2,100,,7076,27,,,2,100,,6315,27,,,2,101,,7079,27,,,2,100,,7081,27,,,2,96,,7080,27,,,2,106,,7075,27,,,2,98,,7069,27,,,2,114,,7082,27,,,2,88,,7071,27,,,2,100,,7072,27,,,2,98,,7074,27,,,2,101,,7073,27,,,2,100,,7068,27,,,2,100,,7070,27,,,2
2202,'SAM',625,,7099,11,,,2,98,,7093,27,,,2,100,,7090,27,,,2,100,,7089,27,,,2,98,,7095,27,,,2,103,,7094,27,,,2,100,,7092,27,,,2,96,,7098,27,,,2,104,,7091,27,,,2,100,,7097,27,,,2,112,,7096,27,,,2,90,,7084,27,,,2,100,,7086,27,,,2,98,,7083,27,,,2,101,,7085,27,,,2,100,,7088,27,,,2,100,,7087,27,,,2
2202,'SEM',600,,6230,27,,,2,18,,7111,27,,,2,105,,7118,27,,,2,31,,7108,27,,,2,70,,7100,27,,,2,98,,7102,27,,,2,31,,7101,27,,,2,69,,7119,27,,,2,101,,7106,27,,,2,100,,7117,27,,,2,100,,7120,27,,,2,102,,7105,27,,,2,100,,7107,27,,,2,102,,7103,27,,,2,24,,7104,27,,,2,75,,7110,27,,,2,99,,7109,27,,,2,100,,7116,27,,,2,101,,7115,27,,,2,98,,7113,27,,,2,107,,7112,27,,,2,96,,7114,27,,,2
5002,'DIM',602,,9269,4,,,1,100,,2653,4,,,1,100,,9252,4,,,1,56,,9267,4,,,1,146,,9260,4,,,1,25,,9270,4,,,1,77,,9262,4,,,1,24,,9274,4,,,1,79,,9272,4,,,1,22,,9273,4,,,1,75,,9275,4,,,1,29,,9261,4,,,1,72,,9263,4,,,1,36,,9276,4,,,1,69,,9265,4,,,1,34,,9264,4,,,1,70,,9271,4,,,1,26,,9268,4,,,1,71,,9266,4,,,1,100,,9254,4,,,1,99,,9256,4,,,1,99,,9259,4,,,1,99,,9253,4,,,1,98,,9257,4,,,1,98,,9255,4,,,1,100,,9258,4,,,1
5002,'SAM',602,,9284,4,,,1,100,,9287,4,,,1,100,,9278,4,,,1,99,,9299,4,,,1,103,,9298,4,,,1,25,,9297,4,,,1,76,,9295,4,,,1,25,,9279,4,,,1,79,,9302,4,,,1,22,,9301,4,,,1,75,,9280,4,,,1,29,,9291,4,,,1,72,,9293,4,,,1,36,,9296,4,,,1,69,,9292,4,,,1,34,,9294,4,,,1,70,,9282,4,,,1,26,,9283,4,,,1,71,,9277,4,,,1,100,,9300,4,,,1,99,,9288,4,,,1,99,,9290,4,,,1,99,,9289,4,,,1,98,,9285,4,,,1,98,,9281,4,,,1,100,,9286,4,,,1
5002,'SEM',450,,9309,4,,,1,75,,9332,4,,,1,30,,9328,4,,,1,70,,9303,4,,,1,75,,9336,4,,,1,31,,9329,4,,,1,24,,9304,4,,,1,75,,9322,4,,,1,26,,9307,4,,,1,71,,9334,4,,,1,26,,9335,4,,,1,73,,9331,4,,,1,27,,9306,4,,,1,73,,9310,4,,,1,28,,9330,4,,,1,72,,9318,4,,,1,32,,9333,4,,,1,70,,9311,4,,,1,30,,9314,4,,,1,80,,9305,4,,,1,67,,9315,4,,,1,37,,9308,4,,,1,72,,9323,4,,,1,31,,9312,4,,,1,70,,9313,4,,,1,30,,9321,4,,,1,70,,9316,4,,,1,30,,9320,4,,,1,105,,9324,4,,,1,105,,9319,4,,,1,101,,9317,4,,,1,150,,9326,4,,,1,105,,9325,4,,,1,98,,9327,4,,,1
5802,'DIM',601,,9712,4,,,2,100,,9719,4,,,2,50,,9716,4,,,2,100,,9720,4,,,2,100,,9723,4,,,2,99,,9715,4,,,2,101,,9725,4,,,2,100,,9722,4,,,2,101,,9718,4,,,2,99,,9721,4,,,2,101,,9717,4,,,2,99,,9711,4,,,2,101,,9724,4,,,2,101,,9708,4,,,2,100,,9714,4,,,2,99,,9710,4,,,2,99,,9709,4,,,2,99,,9713,4,,,2
5802,'SAM',601,,9743,4,,,2,100,,9735,4,,,2,50,,9734,4,,,2,100,,9739,4,,,2,100,,9737,4,,,2,99,,9740,4,,,2,101,,9742,4,,,2,100,,9726,4,,,2,98,,9733,4,,,2,101,,9738,4,,,2,101,,9736,4,,,2,101,,9741,4,,,2,100,,9728,4,,,2,101,,9731,4,,,2,100,,9727,4,,,2,99,,9732,4,,,2,99,,9729,4,,,2,99,,9730,4,,,2
5802,'SEM',520,,9762,4,,,2,34,,9755,4,,,2,62,,9754,4,,,2,39,,9763,4,,,2,74,,9765,4,,,2,30,,9747,4,,,2,73,,9746,4,,,2,83,,9750,4,,,2,99,,9766,4,,,2,100,,9744,4,,,2,100,,9751,4,,,2,100,,9764,4,,,2,100,,9745,4,,,2,25,,9748,4,,,2,69,,9752,4,,,2,102,,9758,4,,,2,33,,9749,4,,,2,94,,9753,4,,,2,96,,9760,4,,,2,100,,9759,4,,,2,100,,9761,4,,,2,98,,9757,4,,,2,100,,9756,4,,,2
32202,'SAM',2550,,11601,10,,,2
32202,'SEM',2419,,11602,10,,,2,84,,11603,10,,,2
