1704,'DIM',458,,6858,17,,,1,90,,6859,17,,,1,100,,6863,17,,,1,102,,6857,17,,,1,99,,165,17,,,1,100,,6861,17,,,1,101,,6862,17,,,1,100,,6864,17,,,1,101,,6865,17,,,1,101,,6860,17,,,1,102,,6846,17,,,1,99,,6847,17,,,1,100,,6850,17,,,1,101,,6852,17,,,1,99,,6851,17,,,1,98,,6849,17,,,1,100,,6853,17,,,1,101,,6856,17,,,1,99,,6848,17,,,1,99,,6854,17,,,1,96,,6855,17,,,1
1704,'SAM',458,,6878,17,,,1,90,,6879,17,,,1,100,,6885,17,,,1,102,,6882,17,,,1,99,,6877,17,,,1,100,,6881,17,,,1,101,,6886,17,,,1,100,,6884,17,,,1,101,,6883,17,,,1,101,,6880,17,,,1,101,,6867,17,,,1,100,,6868,17,,,1,101,,6870,17,,,1,100,,6872,17,,,1,99,,6866,17,,,1,98,,6874,17,,,1,100,,6871,17,,,1,101,,6869,17,,,1,99,,6873,17,,,1,99,,6875,17,,,1,96,,6876,17,,,1
1704,'SEM',510,,6901,17,,,1,92,,6906,17,,,1,22,,6909,17,,,1,22,,6888,17,,,1,66,,6892,17,,,1,35,,6893,17,,,1,61,,6887,17,,,1,98,,6890,17,,,1,44,,6891,17,,,1,100,,6894,17,,,1,100,,6905,17,,,1,100,,6907,17,,,1,100,,6896,17,,,1,102,,6908,17,,,1,101,,6889,17,,,1,105,,6897,17,,,1,95,,6895,17,,,1,98,,6898,17,,,1,101,,6903,17,,,1,101,,6904,17,,,1,100,,6899,17,,,1,100,,6900,17,,,1,100,,6902,17,,,1
3104,'DIM',618,,7789,27,,,1,102,,7790,27,,,1,100,,7788,27,,,1,100,,7794,27,,,1,100,,7795,27,,,1,100,,7793,27,,,1,100,,7791,27,,,1,103,,7779,27,,,1,101,,7792,27,,,1,100,,7778,27,,,1,101,,7777,27,,,1,99,,7782,27,,,1,98,,7784,27,,,1,103,,7783,27,,,1,96,,7785,27,,,1,101,,7781,27,,,1,100,,7780,27,,,1,98,,7786,27,,,1,102,,7787,27,,,1
3104,'SAM',519,,1137,27,,,1,99,,7805,27,,,1,102,,7808,27,,,1,100,,7807,27,,,1,100,,7810,27,,,1,100,,7813,27,,,1,100,,7814,27,,,1,100,,7809,27,,,1,102,,7804,27,,,1,101,,7811,27,,,1,101,,7806,27,,,1,101,,7812,27,,,1,100,,7800,27,,,1,98,,7802,27,,,1,100,,7798,27,,,1,99,,7803,27,,,1,100,,7796,27,,,1,100,,7797,27,,,1,98,,7799,27,,,1,102,,7801,27,,,1
3104,'SEM',442,,7823,27,,,1,77,,7824,27,,,1,90,,7835,27,,,1,21,,7837,27,,,1,23,,7817,27,,,1,73,,7836,27,,,1,28,,7833,27,,,1,69,,7831,27,,,1,35,,7832,27,,,1,61,,7834,27,,,1,100,,7815,27,,,1,102,,7816,27,,,1,100,,7819,27,,,1,101,,7838,27,,,1,100,,7818,27,,,1,102,,7821,27,,,1,100,,7822,27,,,1,96,,7820,27,,,1,104,,7825,27,,,1,97,,7830,27,,,1,105,,7829,27,,,1,100,,7826,27,,,1,102,,7827,27,,,1,100,,7828,27,,,1
3904,'DIM',819,,8142,17,,,1,112,,8136,17,,,1,82,,8143,17,,,1,30,,8146,17,,,1,73,,8137,17,,,1,27,,8135,17,,,1,73,,8145,17,,,1,29,,8140,17,,,1,74,,8129,17,,,1,27,,8144,17,,,1,70,,8138,17,,,1,31,,8139,17,,,1,72,,8128,17,,,1,30,,8141,17,,,1,71,,8124,17,,,1,31,,8125,17,,,1,68,,8130,17,,,1,28,,8131,17,,,1,70,,8132,17,,,1,83,,8133,17,,,1,58,,8126,17,,,1,100,,8134,17,,,1,100,,8127,17,,,1
3904,'SAM',819,,8162,17,,,1,112,,8155,17,,,1,82,,8166,17,,,1,30,,8156,17,,,1,70,,8147,17,,,1,30,,8153,17,,,1,76,,8159,17,,,1,26,,8157,17,,,1,74,,8163,17,,,1,27,,8154,17,,,1,70,,8160,17,,,1,31,,8161,17,,,1,71,,8167,17,,,1,31,,8158,17,,,1,72,,8164,17,,,1,24,,8165,17,,,1,74,,8168,17,,,1,28,,8169,17,,,1,70,,8148,17,,,1,86,,8149,17,,,1,97,,8151,17,,,1,58,,8150,17,,,1,100,,8152,17,,,1
3904,'SEM',614,,8193,17,,,1,27,,8186,17,,,1,14,,8192,17,,,1,51,,8174,17,,,1,29,,8189,17,,,1,71,,8170,17,,,1,31,,8187,17,,,1,70,,8194,17,,,1,35,,8172,17,,,1,67,,8173,17,,,1,33,,8184,17,,,1,69,,8188,17,,,1,31,,8190,17,,,1,68,,8181,17,,,1,32,,8185,17,,,1,67,,8191,17,,,1,38,,8171,17,,,1,74,,8176,17,,,1,30,,8178,17,,,1,71,,8179,17,,,1,102,,8195,17,,,1,111,,8182,17,,,1,99,,8183,17,,,1,105,,8175,17,,,1,100,,8177,17,,,1,94,,8180,17,,,1
4504,'DIM',616,,8845,17,,,1,100,,8838,17,,,1,99,,8846,17,,,1,101,,8848,17,,,1,99,,8852,17,,,1,97,,8853,17,,,1,102,,8849,17,,,1,98,,8844,17,,,1,108,,8842,17,,,1,98,,8836,17,,,1,100,,8851,17,,,1,96,,8847,17,,,1,101,,8850,17,,,1,103,,8837,17,,,1,101,,8843,17,,,1,101,,8839,17,,,1,100,,8840,17,,,1,100,,8841,17,,,1
4504,'SAM',616,,2249,17,,,1,100,,8867,17,,,1,99,,8864,17,,,1,101,,8868,17,,,1,99,,8866,17,,,1,101,,8855,17,,,1,97,,8865,17,,,1,102,,8854,17,,,1,104,,8860,17,,,1,101,,8869,17,,,1,98,,8857,17,,,1,96,,8870,17,,,1,101,,8858,17,,,1,103,,8862,17,,,1,101,,8856,17,,,1,101,,8861,17,,,1,100,,8859,17,,,1,100,,8863,17,,,1
4504,'SEM',533,,8890,17,,,1,15,,8891,17,,,1,80,,8896,17,,,1,84,,8876,17,,,1,18,,8874,17,,,1,18,,8872,17,,,1,57,,8889,17,,,1,51,,8875,17,,,1,146,,8893,17,,,1,111,,8888,17,,,1,96,,8878,17,,,1,94,,8877,17,,,1,100,,8894,17,,,1,42,,8873,17,,,1,65,,8871,17,,,1,31,,8892,17,,,1,70,,8895,17,,,1,38,,8880,17,,,1,77,,8883,17,,,1,81,,8884,17,,,1,104,,8882,17,,,1,105,,8881,17,,,1,102,,8885,17,,,1,90,,8887,17,,,1,100,,8879,17,,,1,95,,8886,17,,,1
7304,'DIM',533,,10665,45,,,1,70,,10654,45,,,1,102,,10658,45,,,1,100,,10661,45,,,1,101,,10657,45,,,1,100,,10659,45,,,1,100,,10662,45,,,1,100,,10666,45,,,1,102,,10660,45,,,1,101,,10663,45,,,1,101,,10656,45,,,1,100,,10664,45,,,1,100,,10667,45,,,1,100,,10650,45,,,1,99,,10647,45,,,1,98,,10653,45,,,1,100,,10649,45,,,1,99,,10648,45,,,1,99,,10651,45,,,1,101,,10652,45,,,1,99,,10655,45,,,1
7304,'SAM',533,,10686,45,,,1,70,,10676,45,,,1,102,,10681,45,,,1,100,,10678,45,,,1,101,,10677,45,,,1,100,,10682,45,,,1,100,,10684,45,,,1,101,,10680,45,,,1,101,,10671,45,,,1,101,,10683,45,,,1,101,,10679,45,,,1,100,,10685,45,,,1,100,,10687,45,,,1,100,,10670,45,,,1,98,,10668,45,,,1,99,,10669,45,,,1,100,,10673,45,,,1,99,,10672,45,,,1,99,,4131,45,,,1,101,,10674,45,,,1,99,,4133,45,,,1,100,,10675,45,,,1,100,,4134,45,,,1
7304,'SEM',455,,10719,45,,,1,81,,10716,45,,,1,81,,10722,45,,,1,18,,10725,45,,,1,71,,10721,45,,,1,14,,10718,45,,,1,13,,10694,45,,,1,68,,10696,45,,,1,14,,10717,45,,,1,15,,10723,45,,,1,25,,10712,45,,,1,71,,10690,45,,,1,80,,10689,45,,,1,29,,10705,45,,,1,70,,10720,45,,,1,30,,10691,45,,,1,70,,10695,45,,,1,36,,10704,45,,,1,66,,10697,45,,,1,30,,10724,45,,,1,70,,10692,45,,,1,30,,10693,45,,,1,72,,10701,45,,,1,31,,10688,45,,,1,72,,10698,45,,,1,39,,10708,45,,,1,62,,10706,45,,,1,28,,10700,45,,,1,69,,10707,45,,,1,37,,10702,45,,,1,60,,10713,45,,,1,30,,10699,45,,,1,70,,10709,45,,,1,30,,10711,45,,,1,73,,10703,45,,,1,98,,10715,45,,,1,99,,10710,45,,,1,104,,10714,45,,,1
