2602,'DIM',628,,777,11,,,2,23,,7474,11,,,2,67,,7468,11,,,2,30,,7470,11,,,2,70,,794,11,,,2,32,,7481,11,,,2,69,,7475,11,,,2,30,,7469,11,,,2,66,,7478,11,,,2,24,,7471,11,,,2,20,,7482,11,,,2,60,,7464,11,,,2,19,,7484,11,,,2,20,,7477,11,,,2,59,,7486,11,,,2,21,,7446,11,,,2,19,,7479,11,,,2,62,,7467,11,,,2,19,,7472,11,,,2,21,,7473,11,,,2,62,,7447,11,,,2,18,,7448,11,,,2,20,,7465,11,,,2,60,,7466,11,,,2,19,,7445,11,,,2,21,,7480,11,,,2,60,,7483,11,,,2,20,,7476,11,,,2,62,,7456,11,,,2,42,,7461,11,,,2,70,,7457,11,,,2,30,,780,11,,,2,70,,7485,11,,,2,30,,7487,11,,,2,70,,7453,11,,,2,29,,7449,11,,,2,70,,7460,11,,,2,30,,7450,11,,,2,71,,7451,11,,,2,29,,7459,11,,,2,69,,7455,11,,,2,28,,7452,11,,,2,71,,7454,11,,,2,30,,7458,11,,,2,85,,7462,11,,,2,78,,7463,11,,,2
2602,'SAM',628,,832,11,,,2,23,,7521,11,,,2,67,,7518,11,,,2,30,,7523,11,,,2,70,,7519,11,,,2,31,,7526,11,,,2,70,,7524,11,,,2,30,,7532,11,,,2,65,,7517,11,,,2,25,,7528,11,,,2,20,,7514,11,,,2,60,,7533,11,,,2,19,,7530,11,,,2,20,,7492,11,,,2,59,,7527,11,,,2,21,,7522,11,,,2,20,,7513,11,,,2,61,,7515,11,,,2,21,,7516,11,,,2,19,,7489,11,,,2,62,,7491,11,,,2,18,,7493,11,,,2,20,,7525,11,,,2,62,,7531,11,,,2,16,,7520,11,,,2,21,,7494,11,,,2,61,,7529,11,,,2,20,,7498,11,,,2,62,,7503,11,,,2,42,,7506,11,,,2,70,,7509,11,,,2,30,,7512,11,,,2,71,,7507,11,,,2,29,,7490,11,,,2,70,,7497,11,,,2,29,,7496,11,,,2,70,,7504,11,,,2,30,,7499,11,,,2,70,,7500,11,,,2,30,,7510,11,,,2,69,,7495,11,,,2,28,,7501,11,,,2,71,,7502,11,,,2,30,,7511,11,,,2,85,,7508,11,,,2,78,,7505,11,,,2
2602,'SEM',511,,7577,11,,,2,22,,7592,11,,,2,74,,7563,11,,,2,20,,7535,11,,,2,17,,7564,11,,,2,15,,7579,11,,,2,50,,7581,11,,,2,20,,7589,11,,,2,14,,7594,11,,,2,14,,7543,11,,,2,58,,7585,11,,,2,14,,7537,11,,,2,9,,7545,11,,,2,19,,7597,11,,,2,55,,7539,11,,,2,20,,7580,11,,,2,20,,7536,11,,,2,61,,7593,11,,,2,21,,7588,11,,,2,19,,7541,11,,,2,60,,7590,11,,,2,19,,7544,11,,,2,18,,7596,11,,,2,64,,7582,11,,,2,22,,7584,11,,,2,15,,7591,11,,,2,65,,7586,11,,,2,19,,7598,11,,,2,14,,7538,11,,,2,52,,7583,11,,,2,27,,7540,11,,,2,22,,7587,11,,,2,57,,7595,11,,,2,23,,7542,11,,,2,21,,7554,11,,,2,57,,7556,11,,,2,12,,7562,11,,,2,12,,7547,11,,,2,13,,7565,11,,,2,10,,7567,11,,,2,51,,7551,11,,,2,10,,7569,11,,,2,10,,7553,11,,,2,7,,7546,11,,,2,14,,7575,11,,,2,12,,7576,11,,,2,54,,7548,11,,,2,15,,7561,11,,,2,20,,7568,11,,,2,61,,7549,11,,,2,19,,7550,11,,,2,24,,7566,11,,,2,60,,7573,11,,,2,16,,7578,11,,,2,30,,7557,11,,,2,70,,7552,11,,,2,74,,7559,11,,,2,26,,7555,11,,,2,29,,7558,11,,,2,66,,7571,11,,,2,25,,7560,11,,,2,80,,7570,11,,,2,29,,7572,11,,,2,80,,7574,11,,,2
3602,'SEM',1518,,7943,11,,,2,23,,7944,11,,,2,72,,7937,11,,,2,24,,7942,11,,,2,73,,7938,11,,,2,31,,7939,11,,,2,65,,7940,11,,,2,29,,7941,11,,,2
4603,'DIM',642,,8907,11,,,1,105,,8908,11,,,1,105,,8900,11,,,1,101,,8912,11,,,1,97,,8909,11,,,1,103,,8914,11,,,1,100,,8915,11,,,1,101,,8906,11,,,1,101,,8910,11,,,1,99,,8897,11,,,1,100,,8913,11,,,1,100,,8911,11,,,1,99,,8899,11,,,1,100,,8916,11,,,1,100,,8903,11,,,1,100,,8898,11,,,1,100,,8901,11,,,1,99,,8902,11,,,1,99,,8904,11,,,1,150,,8905,11,,,1
4603,'SAM',642,,8929,11,,,1,105,,8930,11,,,1,105,,8934,11,,,1,101,,8933,11,,,1,97,,8932,11,,,1,103,,8928,11,,,1,99,,8935,11,,,1,97,,8917,11,,,1,106,,8918,11,,,1,145,,8931,11,,,1,54,,8936,11,,,1,100,,8920,11,,,1,99,,8921,11,,,1,100,,8925,11,,,1,100,,8922,11,,,1,100,,8926,11,,,1,100,,8919,11,,,1,99,,8924,11,,,1,99,,8927,11,,,1,151,,8923,11,,,1
4603,'SEM',653,,8960,11,,,1,97,,8963,11,,,1,73,,8957,11,,,1,33,,8956,11,,,1,67,,8941,11,,,1,30,,8961,11,,,1,70,,8938,11,,,1,30,,8958,11,,,1,70,,8959,11,,,1,31,,8937,11,,,1,70,,8967,11,,,1,28,,8942,11,,,1,72,,8964,11,,,1,30,,8966,11,,,1,70,,8945,11,,,1,35,,8962,11,,,1,65,,8965,11,,,1,31,,8944,11,,,1,71,,8939,11,,,1,24,,8943,11,,,1,70,,8940,11,,,1,35,,8951,11,,,1,64,,8948,11,,,1,35,,8955,11,,,1,59,,8952,11,,,1,35,,8950,11,,,1,100,,8947,11,,,1,101,,8946,11,,,1,103,,8954,11,,,1,100,,8949,11,,,1,150,,8953,11,,,1
6001,'DIM',743,,9768,7,,,1,101,,9776,7,,,1,100,,9774,7,,,1,103,,9775,7,,,1,100,,9777,7,,,1,101,,9780,7,,,1,101,,9778,7,,,1,101,,9781,7,,,1,101,,9779,7,,,1,102,,9782,7,,,1,93,,9783,7,,,1,101,,9770,7,,,1,99,,9772,7,,,1,99,,9771,7,,,1,99,,9773,7,,,1,99,,9767,7,,,1,100,,9769,7,,,1
6001,'SAM',642,,9790,7,,,1,101,,9795,7,,,1,101,,9786,7,,,1,100,,9798,7,,,1,102,,9800,7,,,1,101,,9796,7,,,1,101,,9799,7,,,1,101,,9797,7,,,1,101,,9785,7,,,1,101,,9801,7,,,1,102,,9784,7,,,1,93,,9788,7,,,1,102,,9793,7,,,1,98,,9789,7,,,1,99,,9791,7,,,1,99,,9794,7,,,1,99,,9787,7,,,1,100,,9792,7,,,1
6001,'SEM',527,,9816,7,,,1,100,,9802,7,,,1,85,,9820,7,,,1,36,,9814,7,,,1,75,,9818,7,,,1,100,,9804,7,,,1,100,,9821,7,,,1,100,,9819,7,,,1,103,,9805,7,,,1,100,,9803,7,,,1,100,,9815,7,,,1,101,,9817,7,,,1,99,,9806,7,,,1,104,,9810,7,,,1,100,,9808,7,,,1,90,,9813,7,,,1,99,,9811,7,,,1,100,,9807,7,,,1,100,,9809,7,,,1,95,,9812,7,,,1
6602,'DIM',710,,10356,16,,,1,104,,10351,16,,,1,101,,10354,16,,,1,101,,10359,16,,,1,100,,10358,16,,,1,101,,10352,16,,,1,100,,10350,16,,,1,133,,10353,16,,,1,99,,10355,16,,,1,70,,10357,16,,,1,31,,10345,16,,,1,70,,10346,16,,,1,30,,10344,16,,,1,69,,10348,16,,,1,100,,10349,16,,,1,100,,10347,16,,,1,99,,10342,16,,,1,98,,10343,16,,,1
6602,'SAM',710,,10371,16,,,1,104,,10369,16,,,1,101,,10363,16,,,1,101,,10360,16,,,1,100,,10375,16,,,1,101,,10376,16,,,1,100,,10374,16,,,1,133,,10377,16,,,1,99,,10365,16,,,1,70,,10361,16,,,1,31,,10367,16,,,1,71,,10368,16,,,1,29,,10366,16,,,1,74,,10370,16,,,1,96,,10362,16,,,1,99,,10364,16,,,1,99,,10373,16,,,1,98,,10372,16,,,1
6602,'SEM',651,,10379,16,,,1,103,,10393,16,,,1,104,,10391,16,,,1,145,,10390,16,,,1,101,,10380,16,,,1,101,,10378,16,,,1,99,,10392,16,,,1,102,,10381,16,,,1,28,,5375,16,,,1,91,,10386,16,,,1,103,,10387,16,,,1,101,,10389,16,,,1,95,,10382,16,,,1,103,,10383,16,,,1,99,,10384,16,,,1,97,,10388,16,,,1,79,,10385,16,,,1
