201,'SAM',2557,,6701,16,,,1,81,,6703,16,,,1,84,,6702,16,,,1
201,'SEM',2518,,6704,16,,,1,24,,6705,16,,,1,81,,6706,16,,,1,81,,6707,16,,,1
1704,'DIM',514,,6858,49,,,1,90,,6859,49,,,1,101,,6863,49,,,1,103,,6857,49,,,1,102,,165,49,,,1,101,,6861,49,,,1,102,,6862,49,,,1,100,,6864,49,,,1,101,,6865,49,,,1,101,,6860,49,,,1,102,,6846,49,,,1,99,,6847,49,,,1,100,,6850,49,,,1,100,,6852,49,,,1,98,,6851,49,,,1,98,,6849,49,,,1,100,,6853,49,,,1,98,,6856,49,,,1,98,,6848,49,,,1,98,,6854,49,,,1,96,,6855,49,,,1
1704,'SAM',514,,6878,49,,,1,90,,6879,49,,,1,101,,6885,49,,,1,103,,6882,49,,,1,102,,6877,49,,,1,101,,6881,49,,,1,102,,6886,49,,,1,100,,6884,49,,,1,101,,6883,49,,,1,101,,6880,49,,,1,101,,6867,49,,,1,100,,6868,49,,,1,101,,6870,49,,,1,99,,6872,49,,,1,98,,6866,49,,,1,98,,6874,49,,,1,100,,6871,49,,,1,98,,6869,49,,,1,98,,6873,49,,,1,98,,6875,49,,,1,96,,6876,49,,,1
1704,'SEM',527,,6901,49,,,1,94,,6906,49,,,1,23,,6909,49,,,1,62,,6888,49,,,1,27,,6892,49,,,1,76,,6893,49,,,1,21,,6887,49,,,1,98,,6890,49,,,1,85,,6891,49,,,1,100,,6894,49,,,1,100,,6905,49,,,1,100,,6907,49,,,1,100,,6896,49,,,1,102,,6908,49,,,1,101,,6889,49,,,1,105,,6897,49,,,1,95,,6895,49,,,1,97,,6898,49,,,1,100,,6903,49,,,1,100,,6904,49,,,1,99,,6899,49,,,1,99,,6900,49,,,1,98,,6902,49,,,1
2704,'DIM',802,,7675,54,,,2,101,,7676,54,,,2,100,,7671,54,,,2,99,,7673,54,,,2,99,,7674,54,,,2,103,,7670,54,,,2,55,,7677,54,,,2,147,,7672,54,,,2,100,,7663,54,,,2,100,,7667,54,,,2,100,,7668,54,,,2,98,,7664,54,,,2,100,,7666,54,,,2,98,,7665,54,,,2,100,,7669,54,,,2,100,,7662,54,,,2
2704,'SAM',701,,7690,54,,,2,101,,7686,54,,,2,101,,7687,54,,,2,100,,7685,54,,,2,99,,7694,54,,,2,101,,7689,54,,,2,101,,7692,54,,,2,54,,7688,54,,,2,148,,7691,54,,,2,100,,7681,54,,,2,100,,7682,54,,,2,53,,7684,54,,,2,145,,7693,54,,,2,100,,7680,54,,,2,98,,7683,54,,,2,100,,7678,54,,,2,100,,7679,54,,,2
2704,'SEM',625,,7716,54,,,2,28,,7696,54,,,2,68,,7713,54,,,2,29,,7699,54,,,2,67,,7700,54,,,2,28,,7718,54,,,2,66,,7715,54,,,2,89,,7714,54,,,2,100,,7703,54,,,2,108,,7695,54,,,2,95,,7717,54,,,2,48,,7698,54,,,2,106,,7697,54,,,2,147,,7708,54,,,2,37,,7709,54,,,2,80,,7704,54,,,2,13,,7701,54,,,2,70,,7702,54,,,2,31,,7706,54,,,2,75,,7711,54,,,2,100,,7707,54,,,2,45,,7710,54,,,2,94,,7705,54,,,2,104,,7712,54,,,2
3104,'DIM',634,,7789,59,,,1,104,,7790,59,,,1,101,,7788,59,,,1,102,,7794,59,,,1,102,,7795,59,,,1,100,,7793,59,,,1,100,,7791,59,,,1,103,,7779,59,,,1,101,,7792,59,,,1,100,,7778,59,,,1,101,,7777,59,,,1,99,,7782,59,,,1,97,,7784,59,,,1,102,,7783,59,,,1,96,,7785,59,,,1,99,,7781,59,,,1,99,,7780,59,,,1,97,,7786,59,,,1,101,,7787,59,,,1
3104,'SAM',534,,1137,59,,,1,100,,7805,59,,,1,104,,7808,59,,,1,101,,7807,59,,,1,102,,7810,59,,,1,102,,7813,59,,,1,100,,7814,59,,,1,100,,7809,59,,,1,102,,7804,59,,,1,101,,7811,59,,,1,101,,7806,59,,,1,101,,7812,59,,,1,100,,7800,59,,,1,97,,7802,59,,,1,99,,7798,59,,,1,99,,7803,59,,,1,98,,7796,59,,,1,99,,7797,59,,,1,97,,7799,59,,,1,101,,7801,59,,,1
3104,'SEM',459,,7823,59,,,1,77,,7824,59,,,1,92,,7835,59,,,1,22,,7837,59,,,1,64,,7817,59,,,1,34,,7836,59,,,1,68,,7833,59,,,1,29,,7831,59,,,1,75,,7832,59,,,1,22,,7834,59,,,1,100,,7815,59,,,1,102,,7816,59,,,1,100,,7819,59,,,1,101,,7838,59,,,1,100,,7818,59,,,1,102,,7821,59,,,1,100,,7822,59,,,1,96,,7820,59,,,1,103,,7825,59,,,1,96,,7830,59,,,1,105,,7829,59,,,1,98,,7826,59,,,1,101,,7827,59,,,1,100,,7828,59,,,1
4304,'DIM',510,,8722,34,,,1,103,,8716,34,,,1,100,,8712,34,,,1,102,,8714,34,,,1,102,,8719,34,,,1,101,,8717,34,,,1,106,,8718,34,,,1,100,,8715,34,,,1,100,,8723,34,,,1,100,,8720,34,,,1,104,,8721,34,,,1,99,,8704,34,,,1,99,,8705,34,,,1,101,,8707,34,,,1,93,,8710,34,,,1,98,,8709,34,,,1,99,,8706,34,,,1,99,,8708,34,,,1,100,,8713,34,,,1,100,,8711,34,,,1
4304,'SAM',510,,8740,34,,,1,103,,8737,34,,,1,100,,8734,34,,,1,102,,8725,34,,,1,102,,8741,34,,,1,101,,8726,34,,,1,106,,8727,34,,,1,100,,8738,34,,,1,100,,8735,34,,,1,100,,8742,34,,,1,103,,8736,34,,,1,101,,8739,34,,,1,98,,8724,34,,,1,97,,8743,34,,,1,97,,8731,34,,,1,98,,8728,34,,,1,99,,2109,34,,,1,99,,8729,34,,,1,100,,8730,34,,,1,100,,8733,34,,,1,98,,8732,34,,,1
4304,'SEM',527,,8765,34,,,1,76,,8771,34,,,1,35,,8744,34,,,1,66,,8746,34,,,1,21,,8769,34,,,1,31,,8745,34,,,1,73,,8770,34,,,1,73,,8749,34,,,1,35,,8766,34,,,1,68,,8772,34,,,1,31,,8748,34,,,1,70,,8767,34,,,1,30,,8755,34,,,1,70,,8751,34,,,1,30,,8774,34,,,1,70,,8773,34,,,1,30,,8768,34,,,1,72,,8752,34,,,1,29,,8753,34,,,1,70,,8757,34,,,1,36,,8775,34,,,1,66,,8747,34,,,1,26,,8754,34,,,1,70,,8750,34,,,1,96,,8756,34,,,1,56,,8761,34,,,1,100,,8763,34,,,1,101,,8764,34,,,1,99,,8758,34,,,1,101,,8759,34,,,1,150,,8760,34,,,1,20,,8762,34,,,1
4804,'DIM',611,,9112,64,,,1,110,,9116,64,,,1,103,,9113,64,,,1,109,,9117,64,,,1,107,,9120,64,,,1,101,,9103,64,,,1,103,,9114,64,,,1,100,,9115,64,,,1,97,,9119,64,,,1,105,,9105,64,,,1,101,,9118,64,,,1,101,,9104,64,,,1,97,,9110,64,,,1,95,,9106,64,,,1,94,,9111,64,,,1,97,,9108,64,,,1,100,,9107,64,,,1,95,,9109,64,,,1
4804,'SAM',611,,9131,64,,,1,110,,2518,64,,,1,103,,9133,64,,,1,108,,9135,64,,,1,108,,9139,64,,,1,101,,9132,64,,,1,102,,9138,64,,,1,100,,9134,64,,,1,97,,9136,64,,,1,106,,9137,64,,,1,101,,9124,64,,,1,101,,9127,64,,,1,97,,9125,64,,,1,95,,9128,64,,,1,94,,9122,64,,,1,97,,9121,64,,,1,98,,9123,64,,,1,97,,9129,64,,,1,97,,9130,64,,,1,33,,9126,64,,,1
4804,'SEM',542,,9142,64,,,1,82,,9160,64,,,1,32,,9140,64,,,1,73,,9143,64,,,1,27,,9147,64,,,1,79,,9162,64,,,1,70,,9161,64,,,1,30,,9164,64,,,1,70,,9150,64,,,1,31,,9149,64,,,1,71,,9144,64,,,1,101,,9151,64,,,1,100,,9163,64,,,1,100,,9148,64,,,1,102,,9145,64,,,1,39,,9141,64,,,1,107,,9146,64,,,1,95,,9157,64,,,1,67,,9159,64,,,1,102,,9154,64,,,1,114,,9158,64,,,1,99,,9152,64,,,1,98,,9153,64,,,1,96,,9155,64,,,1,97,,9156,64,,,1
5802,'DIM',628,,9712,62,,,2,101,,9719,62,,,2,93,,9716,62,,,2,100,,9720,62,,,2,100,,9723,62,,,2,99,,9715,62,,,2,101,,9725,62,,,2,100,,9722,62,,,2,102,,9718,62,,,2,99,,9721,62,,,2,101,,9717,62,,,2,99,,9711,62,,,2,101,,9724,62,,,2,100,,9708,62,,,2,99,,9714,62,,,2,98,,9710,62,,,2,98,,9709,62,,,2,98,,9713,62,,,2
5802,'SAM',628,,9743,62,,,2,101,,9735,62,,,2,93,,9734,62,,,2,100,,9739,62,,,2,100,,9737,62,,,2,99,,9740,62,,,2,101,,9742,62,,,2,100,,9726,62,,,2,99,,9733,62,,,2,101,,9738,62,,,2,101,,9736,62,,,2,101,,9741,62,,,2,100,,9728,62,,,2,100,,9731,62,,,2,99,,9727,62,,,2,98,,9732,62,,,2,98,,9729,62,,,2,98,,9730,62,,,2
5802,'SEM',548,,9762,62,,,2,76,,9755,62,,,2,22,,9754,62,,,2,80,,9763,62,,,2,75,,9765,62,,,2,29,,9747,62,,,2,73,,9746,62,,,2,43,,9750,62,,,2,100,,9766,62,,,2,100,,9744,62,,,2,100,,9751,62,,,2,100,,9764,62,,,2,100,,9745,62,,,2,65,,9748,62,,,2,30,,9752,62,,,2,104,,9758,62,,,2,71,,9749,62,,,2,93,,9753,62,,,2,96,,9760,62,,,2,98,,9759,62,,,2,99,,9761,62,,,2,57,,9757,62,,,2,99,,9756,62,,,2
6001,'DIM',816,,9768,58,,,1,104,,9776,58,,,1,102,,9774,58,,,1,104,,9775,58,,,1,102,,9777,58,,,1,102,,9780,58,,,1,102,,9778,58,,,1,100,,9781,58,,,1,100,,9779,58,,,1,102,,9782,58,,,1,91,,9783,58,,,1,99,,9770,58,,,1,98,,9772,58,,,1,97,,9771,58,,,1,99,,9773,58,,,1,99,,9767,58,,,1,100,,9769,58,,,1
6001,'SAM',712,,9790,58,,,1,104,,9795,58,,,1,104,,9786,58,,,1,102,,9798,58,,,1,103,,9800,58,,,1,103,,9796,58,,,1,102,,9799,58,,,1,102,,9797,58,,,1,100,,9785,58,,,1,100,,9801,58,,,1,102,,9784,58,,,1,91,,9788,58,,,1,100,,9793,58,,,1,97,,9789,58,,,1,97,,9791,58,,,1,99,,9794,58,,,1,99,,9787,58,,,1,100,,9792,58,,,1
6001,'SEM',558,,9816,58,,,1,143,,9802,58,,,1,47,,9820,58,,,1,78,,9814,58,,,1,77,,9818,58,,,1,101,,9804,58,,,1,101,,9821,58,,,1,101,,9819,58,,,1,104,,9805,58,,,1,100,,9803,58,,,1,101,,9815,58,,,1,102,,9817,58,,,1,99,,9806,58,,,1,102,,9810,58,,,1,96,,9808,58,,,1,49,,9813,58,,,1,98,,9811,58,,,1,98,,9807,58,,,1,98,,9809,58,,,1,94,,9812,58,,,1
7001,'DIM',744,,10411,82,,,1,101,,10401,82,,,1,99,,10409,82,,,1,100,,10412,82,,,1,69,,10415,82,,,1,31,,10410,82,,,1,70,,10417,82,,,1,28,,10416,82,,,1,70,,10413,82,,,1,35,,10414,82,,,1,69,,10418,82,,,1,27,,10394,82,,,1,74,,10419,82,,,1,25,,10397,82,,,1,75,,10398,82,,,1,27,,10399,82,,,1,73,,10396,82,,,1,33,,10402,82,,,1,73,,10405,82,,,1,30,,10400,82,,,1,94,,10406,82,,,1,98,,10403,82,,,1,100,,10395,82,,,1,99,,10407,82,,,1,100,,10408,82,,,1,99,,10404,82,,,1
7001,'SAM',744,,10436,82,,,1,101,,10441,82,,,1,99,,10443,82,,,1,100,,10444,82,,,1,68,,10442,82,,,1,32,,10420,82,,,1,69,,10445,82,,,1,29,,10440,82,,,1,70,,10421,82,,,1,34,,10437,82,,,1,68,,10422,82,,,1,33,,10438,82,,,1,70,,10424,82,,,1,25,,10439,82,,,1,73,,10427,82,,,1,29,,10429,82,,,1,73,,10426,82,,,1,34,,10428,82,,,1,72,,10432,82,,,1,30,,10430,82,,,1,94,,10434,82,,,1,98,,10423,82,,,1,100,,10425,82,,,1,98,,10435,82,,,1,101,,10433,82,,,1,99,,10431,82,,,1
7001,'SEM',555,,10472,82,,,1,73,,10450,82,,,1,29,,10473,82,,,1,58,,10474,82,,,1,19,,10469,82,,,1,68,,10480,82,,,1,24,,10461,82,,,1,24,,10447,82,,,1,69,,10479,82,,,1,30,,10476,82,,,1,71,,10477,82,,,1,29,,10458,82,,,1,71,,10481,82,,,1,29,,10449,82,,,1,72,,10454,82,,,1,28,,10478,82,,,1,70,,10448,82,,,1,30,,10446,82,,,1,72,,10475,82,,,1,30,,10453,82,,,1,79,,10456,82,,,1,24,,10452,82,,,1,51,,10459,82,,,1,50,,10451,82,,,1,77,,10463,82,,,1,27,,10466,82,,,1,73,,10467,82,,,1,24,,10455,82,,,1,78,,10464,82,,,1,84,,10460,82,,,1,33,,10457,82,,,1,108,,10465,82,,,1,99,,10462,82,,,1,99,,10470,82,,,1,99,,10468,82,,,1,167,,10471,82,,,1
7304,'DIM',549,,10665,77,,,1,70,,10654,77,,,1,103,,10658,77,,,1,101,,10661,77,,,1,103,,10657,77,,,1,102,,10659,77,,,1,100,,10662,77,,,1,100,,10666,77,,,1,102,,10660,77,,,1,101,,10663,77,,,1,101,,10656,77,,,1,100,,10664,77,,,1,100,,10667,77,,,1,99,,10650,77,,,1,99,,10647,77,,,1,97,,10653,77,,,1,99,,10649,77,,,1,99,,10648,77,,,1,97,,10651,77,,,1,100,,10652,77,,,1,99,,10655,77,,,1
7304,'SAM',549,,10686,77,,,1,70,,10676,77,,,1,103,,10681,77,,,1,101,,10678,77,,,1,103,,10677,77,,,1,102,,10682,77,,,1,100,,10684,77,,,1,101,,10680,77,,,1,101,,10671,77,,,1,101,,10683,77,,,1,101,,10679,77,,,1,100,,10685,77,,,1,100,,10687,77,,,1,99,,10670,77,,,1,98,,10668,77,,,1,98,,10669,77,,,1,99,,10673,77,,,1,99,,10672,77,,,1,97,,4131,77,,,1,100,,10674,77,,,1,99,,4133,77,,,1,100,,10675,77,,,1,99,,4134,77,,,1
7304,'SEM',512,,10719,77,,,1,42,,10716,77,,,1,82,,10722,77,,,1,18,,10725,77,,,1,72,,10721,77,,,1,15,,10718,77,,,1,14,,10694,77,,,1,68,,10696,77,,,1,14,,10717,77,,,1,15,,10723,77,,,1,65,,10712,77,,,1,31,,10690,77,,,1,80,,10689,77,,,1,29,,10705,77,,,1,70,,10720,77,,,1,30,,10691,77,,,1,71,,10695,77,,,1,76,,10704,77,,,1,26,,10697,77,,,1,70,,10724,77,,,1,30,,10692,77,,,1,70,,10693,77,,,1,33,,10701,77,,,1,71,,10688,77,,,1,32,,10698,77,,,1,79,,10708,77,,,1,22,,10706,77,,,1,67,,10700,77,,,1,29,,10707,77,,,1,76,,10702,77,,,1,20,,10713,77,,,1,29,,10699,77,,,1,70,,10709,77,,,1,29,,10711,77,,,1,73,,10703,77,,,1,96,,10715,77,,,1,99,,10710,77,,,1,102,,10714,77,,,1
7402,'DIM',650,,10786,90,,,2,103,,10789,90,,,2,101,,6451,90,,,2,102,,10790,90,,,2,102,,10788,90,,,2,100,,10787,90,,,2,101,,10793,90,,,2,100,,10792,90,,,2,143,,10794,90,,,2,99,,10791,90,,,2,99,,10781,90,,,2,101,,10780,90,,,2,58,,10782,90,,,2,98,,10783,90,,,2,99,,6443,90,,,2,100,,10784,90,,,2,97,,10785,90,,,2
7402,'SAM',650,,10802,90,,,2,103,,10806,90,,,2,101,,10804,90,,,2,102,,10801,90,,,2,102,,10805,90,,,2,100,,10807,90,,,2,101,,10810,90,,,2,141,,10803,90,,,2,100,,10808,90,,,2,101,,10811,90,,,2,100,,10809,90,,,2,99,,10795,90,,,2,59,,10797,90,,,2,98,,10799,90,,,2,99,,10798,90,,,2,100,,10800,90,,,2,97,,10796,90,,,2
7402,'SEM',610,,10825,90,,,2,90,,10830,90,,,2,20,,10813,90,,,2,82,,10824,90,,,2,100,,10814,90,,,2,99,,10812,90,,,2,99,,10816,90,,,2,101,,10826,90,,,2,57,,10829,90,,,2,100,,10815,90,,,2,101,,10828,90,,,2,142,,10827,90,,,2,100,,10817,90,,,2,57,,10818,90,,,2,100,,10821,90,,,2,97,,10823,90,,,2,99,,10819,90,,,2,102,,10820,90,,,2,97,,10822,90,,,2
34504,'SEM',2529,,11613,39,,,1,118,,11612,39,,,1
