4202,'DIM',511,,8490,77,,,2,41,,8531,77,,,2,66,,8501,77,,,2,30,,8489,77,,,2,71,,8513,77,,,2,29,,8511,77,,,2,73,,8532,77,,,2,32,,8516,77,,,2,71,,8512,77,,,2,31,,8520,77,,,2,71,,8524,77,,,2,23,,8530,77,,,2,62,,8526,77,,,2,21,,8517,77,,,2,22,,8522,77,,,2,59,,8518,77,,,2,20,,8521,77,,,2,18,,8506,77,,,2,63,,8509,77,,,2,20,,8508,77,,,2,22,,8510,77,,,2,59,,8515,77,,,2,20,,8514,77,,,2,18,,8534,77,,,2,62,,8527,77,,,2,21,,8523,77,,,2,21,,8519,77,,,2,61,,8529,77,,,2,19,,8494,77,,,2,20,,8495,77,,,2,61,,8496,77,,,2,23,,8528,77,,,2,76,,8525,77,,,2,35,,8533,77,,,2,69,,8505,77,,,2,30,,8492,77,,,2,72,,8491,77,,,2,30,,8500,77,,,2,69,,8488,77,,,2,27,,8497,77,,,2,68,,8507,77,,,2,28,,8493,77,,,2,71,,8499,77,,,2,30,,8503,77,,,2,67,,8504,77,,,2,30,,8498,77,,,2,76,,8502,77,,,2
4202,'SAM',511,,8537,77,,,2,41,,8539,77,,,2,66,,8557,77,,,2,30,,8535,77,,,2,71,,8565,77,,,2,29,,8563,77,,,2,73,,8540,77,,,2,32,,8571,77,,,2,71,,8567,77,,,2,31,,8566,77,,,2,71,,8570,77,,,2,23,,8582,77,,,2,62,,8576,77,,,2,21,,8580,77,,,2,21,,8575,77,,,2,60,,8578,77,,,2,20,,8560,77,,,2,18,,8573,77,,,2,62,,8564,77,,,2,21,,8556,77,,,2,21,,8562,77,,,2,60,,8536,77,,,2,20,,8569,77,,,2,18,,8568,77,,,2,62,,8561,77,,,2,21,,8572,77,,,2,21,,8538,77,,,2,60,,8574,77,,,2,19,,8577,77,,,2,21,,8543,77,,,2,61,,8579,77,,,2,23,,8581,77,,,2,75,,8549,77,,,2,35,,8551,77,,,2,70,,8553,77,,,2,30,,8555,77,,,2,75,,8541,77,,,2,27,,8544,77,,,2,69,,8558,77,,,2,27,,8546,77,,,2,68,,8548,77,,,2,31,,8542,77,,,2,67,,8545,77,,,2,30,,8547,77,,,2,68,,8550,77,,,2,30,,8552,77,,,2,76,,8554,77,,,2,30,,8559,77,,,2
4202,'SEM',511,,8625,77,,,2,97,,8627,77,,,2,32,,8631,77,,,2,16,,8634,77,,,2,56,,8583,77,,,2,10,,8585,77,,,2,11,,8588,77,,,2,9,,8591,77,,,2,10,,8633,77,,,2,52,,8630,77,,,2,21,,8586,77,,,2,18,,8601,77,,,2,61,,8587,77,,,2,22,,8635,77,,,2,22,,8632,77,,,2,59,,8589,77,,,2,21,,8626,77,,,2,20,,8584,77,,,2,59,,8629,77,,,2,21,,8593,77,,,2,20,,8618,77,,,2,61,,8628,77,,,2,24,,8595,77,,,2,17,,8615,77,,,2,64,,8597,77,,,2,20,,8599,77,,,2,20,,8600,77,,,2,63,,8592,77,,,2,17,,8602,77,,,2,21,,8603,77,,,2,60,,8604,77,,,2,21,,8590,77,,,2,21,,8606,77,,,2,60,,8636,77,,,2,20,,8609,77,,,2,20,,8610,77,,,2,60,,8611,77,,,2,21,,8613,77,,,2,17,,8594,77,,,2,63,,8616,77,,,2,20,,8596,77,,,2,63,,8605,77,,,2,24,,8598,77,,,2,19,,8622,77,,,2,70,,8624,77,,,2,45,,8621,77,,,2,76,,8623,77,,,2,68,,8607,77,,,2,29,,8608,77,,,2,69,,8612,77,,,2,26,,8614,77,,,2,76,,8620,77,,,2,27,,8617,77,,,2,71,,8619,77,,,2
4804,'DIM',608,,9112,59,,,1,110,,9116,59,,,1,103,,9113,59,,,1,109,,9117,59,,,1,107,,9120,59,,,1,101,,9103,59,,,1,103,,9114,59,,,1,100,,9115,59,,,1,97,,9119,59,,,1,105,,9105,59,,,1,101,,9118,59,,,1,101,,9104,59,,,1,97,,9110,59,,,1,95,,9106,59,,,1,94,,9111,59,,,1,97,,9108,59,,,1,100,,9107,59,,,1,95,,9109,59,,,1
4804,'SAM',608,,9131,59,,,1,110,,2518,59,,,1,103,,9133,59,,,1,108,,9135,59,,,1,108,,9139,59,,,1,101,,9132,59,,,1,102,,9138,59,,,1,100,,9134,59,,,1,97,,9136,59,,,1,106,,9137,59,,,1,101,,9124,59,,,1,101,,9127,59,,,1,97,,9125,59,,,1,95,,9128,59,,,1,94,,9122,59,,,1,97,,9121,59,,,1,98,,9123,59,,,1,97,,9129,59,,,1,97,,9130,59,,,1,33,,9126,59,,,1
4804,'SEM',539,,9142,59,,,1,81,,9160,59,,,1,32,,9140,59,,,1,73,,9143,59,,,1,27,,9147,59,,,1,79,,9162,59,,,1,70,,9161,59,,,1,30,,9164,59,,,1,70,,9150,59,,,1,31,,9149,59,,,1,71,,9144,59,,,1,101,,9151,59,,,1,100,,9163,59,,,1,100,,9148,59,,,1,102,,9145,59,,,1,39,,9141,59,,,1,107,,9146,59,,,1,96,,9157,59,,,1,67,,9159,59,,,1,102,,9154,59,,,1,114,,9158,59,,,1,99,,9152,59,,,1,98,,9153,59,,,1,96,,9155,59,,,1,97,,9156,59,,,1
5802,'DIM',625,,9712,57,,,2,101,,9719,57,,,2,93,,9716,57,,,2,100,,9720,57,,,2,100,,9723,57,,,2,99,,9715,57,,,2,101,,9725,57,,,2,100,,9722,57,,,2,102,,9718,57,,,2,99,,9721,57,,,2,101,,9717,57,,,2,99,,9711,57,,,2,101,,9724,57,,,2,100,,9708,57,,,2,99,,9714,57,,,2,98,,9710,57,,,2,98,,9709,57,,,2,98,,9713,57,,,2
5802,'SAM',625,,9743,57,,,2,101,,9735,57,,,2,93,,9734,57,,,2,100,,9739,57,,,2,100,,9737,57,,,2,99,,9740,57,,,2,101,,9742,57,,,2,100,,9726,57,,,2,99,,9733,57,,,2,101,,9738,57,,,2,101,,9736,57,,,2,101,,9741,57,,,2,100,,9728,57,,,2,100,,9731,57,,,2,99,,9727,57,,,2,98,,9732,57,,,2,98,,9729,57,,,2,98,,9730,57,,,2
5802,'SEM',545,,9762,57,,,2,75,,9755,57,,,2,22,,9754,57,,,2,80,,9763,57,,,2,35,,9765,57,,,2,69,,9747,57,,,2,33,,9746,57,,,2,83,,9750,57,,,2,100,,9766,57,,,2,100,,9744,57,,,2,100,,9751,57,,,2,100,,9764,57,,,2,100,,9745,57,,,2,65,,9748,57,,,2,30,,9752,57,,,2,104,,9758,57,,,2,71,,9749,57,,,2,93,,9753,57,,,2,96,,9760,57,,,2,58,,9759,57,,,2,100,,9761,57,,,2,97,,9757,57,,,2,99,,9756,57,,,2
7001,'DIM',741,,10411,77,,,1,101,,10401,77,,,1,99,,10409,77,,,1,100,,10412,77,,,1,69,,10415,77,,,1,31,,10410,77,,,1,70,,10417,77,,,1,28,,10416,77,,,1,70,,10413,77,,,1,35,,10414,77,,,1,69,,10418,77,,,1,27,,10394,77,,,1,74,,10419,77,,,1,25,,10397,77,,,1,75,,10398,77,,,1,27,,10399,77,,,1,73,,10396,77,,,1,33,,10402,77,,,1,73,,10405,77,,,1,30,,10400,77,,,1,94,,10406,77,,,1,98,,10403,77,,,1,100,,10395,77,,,1,99,,10407,77,,,1,100,,10408,77,,,1,99,,10404,77,,,1
7001,'SAM',741,,10436,77,,,1,101,,10441,77,,,1,99,,10443,77,,,1,100,,10444,77,,,1,68,,10442,77,,,1,32,,10420,77,,,1,69,,10445,77,,,1,29,,10440,77,,,1,70,,10421,77,,,1,34,,10437,77,,,1,68,,10422,77,,,1,33,,10438,77,,,1,70,,10424,77,,,1,25,,10439,77,,,1,73,,10427,77,,,1,29,,10429,77,,,1,73,,10426,77,,,1,34,,10428,77,,,1,72,,10432,77,,,1,30,,10430,77,,,1,94,,10434,77,,,1,98,,10423,77,,,1,100,,10425,77,,,1,98,,10435,77,,,1,101,,10433,77,,,1,99,,10431,77,,,1
7001,'SEM',552,,10472,77,,,1,73,,10450,77,,,1,29,,10473,77,,,1,58,,10474,77,,,1,19,,10469,77,,,1,28,,10480,77,,,1,64,,10461,77,,,1,24,,10447,77,,,1,69,,10479,77,,,1,30,,10476,77,,,1,71,,10477,77,,,1,29,,10458,77,,,1,71,,10481,77,,,1,29,,10449,77,,,1,72,,10454,77,,,1,28,,10478,77,,,1,70,,10448,77,,,1,30,,10446,77,,,1,72,,10475,77,,,1,30,,10453,77,,,1,79,,10456,77,,,1,24,,10452,77,,,1,51,,10459,77,,,1,49,,10451,77,,,1,77,,10463,77,,,1,27,,10466,77,,,1,73,,10467,77,,,1,25,,10455,77,,,1,78,,10464,77,,,1,84,,10460,77,,,1,33,,10457,77,,,1,108,,10465,77,,,1,99,,10462,77,,,1,99,,10470,77,,,1,99,,10468,77,,,1,167,,10471,77,,,1
