2201,'DIM',645,,7023,43,,,2,101,,7027,43,,,2,104,,7026,43,,,2,99,,7025,43,,,2,101,,7022,43,,,2,99,,7024,43,,,2,101,,7029,43,,,2,102,,7031,43,,,2,96,,7028,43,,,2,105,,7030,43,,,2,99,,7016,43,,,2,100,,7018,43,,,2,97,,7017,43,,,2,102,,7020,43,,,2,100,,7019,43,,,2,100,,7021,43,,,2
2201,'SAM',645,,7040,43,,,2,101,,7042,43,,,2,104,,7039,43,,,2,99,,7041,43,,,2,102,,7044,43,,,2,99,,7048,43,,,2,101,,7047,43,,,2,101,,7043,43,,,2,96,,7045,43,,,2,102,,7046,43,,,2,102,,7033,43,,,2,101,,7036,43,,,2,96,,7034,43,,,2,102,,7032,43,,,2,100,,7038,43,,,2,100,,7037,43,,,2,100,,7035,43,,,2
2201,'SEM',640,,7064,43,,,2,100,,7052,43,,,2,94,,7050,43,,,2,80,,7049,43,,,2,34,,7066,43,,,2,101,,7051,43,,,2,100,,7065,43,,,2,100,,7067,43,,,2,100,,7054,43,,,2,96,,7055,43,,,2,105,,7053,43,,,2,100,,7059,43,,,2,100,,7057,43,,,2,99,,7056,43,,,2,98,,7058,43,,,2,104,,7062,43,,,2,100,,7060,43,,,2,95,,7061,43,,,2,98,,7063,43,,,2
5001,'DIM',546,,9169,50,,,1,100,,9177,50,,,1,101,,9165,50,,,1,98,,9182,50,,,1,101,,9174,50,,,1,73,,9184,50,,,1,37,,9176,50,,,1,64,,9189,50,,,1,39,,9187,50,,,1,62,,9188,50,,,1,35,,9190,50,,,1,69,,9175,50,,,1,32,,9178,50,,,1,76,,9191,50,,,1,69,,9180,50,,,1,34,,9179,50,,,1,70,,9185,50,,,1,23,,9183,50,,,1,74,,9181,50,,,1,41,,9186,50,,,1,58,,9167,50,,,1,99,,9170,50,,,1,58,,9173,50,,,1,100,,9166,50,,,1,99,,9171,50,,,1,98,,9168,50,,,1,100,,9172,50,,,1
5001,'SAM',546,,9199,50,,,1,100,,9202,50,,,1,101,,9193,50,,,1,98,,9214,50,,,1,101,,9212,50,,,1,79,,9217,50,,,1,30,,9210,50,,,1,65,,9194,50,,,1,39,,9218,50,,,1,62,,9216,50,,,1,35,,9195,50,,,1,69,,9206,50,,,1,32,,9208,50,,,1,76,,9211,50,,,1,69,,9207,50,,,1,34,,9209,50,,,1,70,,9197,50,,,1,23,,9198,50,,,1,74,,9192,50,,,1,39,,9213,50,,,1,61,,9215,50,,,1,98,,9203,50,,,1,58,,9205,50,,,1,100,,9204,50,,,1,99,,9200,50,,,1,98,,9196,50,,,1,100,,9201,50,,,1
5001,'SEM',538,,9241,50,,,1,107,,9246,50,,,1,76,,9242,50,,,1,24,,9220,50,,,1,77,,9219,50,,,1,24,,9222,50,,,1,71,,9249,50,,,1,26,,9250,50,,,1,73,,9245,50,,,1,27,,9221,50,,,1,73,,9225,50,,,1,28,,9244,50,,,1,72,,9231,50,,,1,32,,9247,50,,,1,70,,9226,50,,,1,32,,9243,50,,,1,68,,9248,50,,,1,30,,9224,50,,,1,84,,9223,50,,,1,27,,9235,50,,,1,76,,9227,50,,,1,70,,9228,50,,,1,29,,9234,50,,,1,66,,9229,50,,,1,35,,9233,50,,,1,69,,9236,50,,,1,35,,9237,50,,,1,104,,9232,50,,,1,103,,9230,50,,,1,103,,9239,50,,,1,105,,9238,50,,,1,146,,9240,50,,,1,49,,9251,40,,,1
5801,'DIM',547,,9661,58,,,2,101,,9643,58,,,2,91,,9652,58,,,2,101,,9655,58,,,2,99,,9658,58,,,2,100,,9651,58,,,2,102,,9660,58,,,2,98,,9657,58,,,2,103,,9654,58,,,2,99,,9656,58,,,2,102,,9653,58,,,2,99,,9646,58,,,2,101,,9659,58,,,2,99,,9642,58,,,2,99,,9650,58,,,2,99,,9645,58,,,2,100,,9644,58,,,2,100,,9648,58,,,2,98,,9647,58,,,2,110,,9649,58,,,2
5801,'SAM',547,,9681,58,,,2,101,,9673,58,,,2,91,,9672,58,,,2,101,,9677,58,,,2,100,,9675,58,,,2,99,,9678,58,,,2,102,,9680,58,,,2,98,,9662,58,,,2,101,,9671,58,,,2,101,,9676,58,,,2,101,,9674,58,,,2,101,,9679,58,,,2,100,,9665,58,,,2,100,,9669,58,,,2,98,,9663,58,,,2,99,,9670,58,,,2,100,,9666,58,,,2,100,,9668,58,,,2,98,,9664,58,,,2,110,,9667,58,,,2
5801,'SEM',538,,9695,58,,,2,68,,9692,58,,,2,42,,9705,58,,,2,85,,9693,58,,,2,86,,9699,58,,,2,85,,9686,58,,,2,99,,9706,58,,,2,100,,9682,58,,,2,100,,9687,58,,,2,100,,9704,58,,,2,100,,9683,58,,,2,47,,9694,58,,,2,71,,9684,58,,,2,32,,9707,58,,,2,69,,9689,58,,,2,35,,9691,58,,,2,69,,9690,58,,,2,27,,9685,58,,,2,69,,9703,58,,,2,29,,9688,58,,,2,70,,9701,58,,,2,100,,9702,58,,,2,99,,9697,58,,,2,99,,9696,58,,,2,99,,9698,58,,,2,98,,9700,58,,,2
22201,'DIM',1417,,11475,43,,,2,815,,11473,43,,,2,83,,11474,43,,,2
22201,'SAM',1417,,11480,43,,,2,815,,11476,43,,,2,83,,11477,43,,,2,100,,11479,43,,,2,112,,11478,43,,,2
22201,'SEM',720,,11481,43,,,2,10,,11482,43,,,2,683,,11483,43,,,2,100,,11484,43,,,2,106,,11488,43,,,2,100,,11486,43,,,2,90,,11485,43,,,2,625,,11487,43,,,2
32201,'DIM',525,,11591,44,,,2,802,,11593,43,,,2,802,,11592,43,,,2
32201,'SAM',525,,11594,44,,,2,802,,11595,43,,,2
32201,'SEM',527,,11596,44,,,2,19,,11597,44,,,2,67,,11598,44,,,2,715,,11599,43,,,2,801,,11600,43,,,2
