1703,'DIM',632,,6801,40,,,1,89,,6794,40,,,1,101,,100,40,,,1,102,,6796,40,,,1,97,,6797,40,,,1,102,,6793,40,,,1,100,,6799,40,,,1,99,,6795,40,,,1,102,,6798,40,,,1,100,,6800,40,,,1,102,,6783,40,,,1,98,,6787,40,,,1,98,,6786,40,,,1,101,,6785,40,,,1,98,,6788,40,,,1,99,,6791,40,,,1,100,,6784,40,,,1,100,,6789,40,,,1,102,,6790,40,,,1,117,,6792,40,,,1
1703,'SAM',554,,6813,40,,,1,78,,6819,40,,,1,89,,121,40,,,1,101,,6810,40,,,1,102,,6812,40,,,1,97,,6814,40,,,1,101,,6818,40,,,1,101,,6816,40,,,1,100,,6811,40,,,1,101,,6817,40,,,1,100,,6815,40,,,1,102,,6820,40,,,1,99,,6821,40,,,1,98,,6802,40,,,1,100,,6807,40,,,1,98,,6804,40,,,1,99,,6803,40,,,1,100,,6805,40,,,1,100,,6808,40,,,1,102,,6809,40,,,1,117,,6806,40,,,1
1703,'SEM',614,,6839,40,,,1,104,,6841,40,,,1,106,,6840,40,,,1,96,,6825,40,,,1,101,,6838,40,,,1,101,,6837,40,,,1,100,,6843,40,,,1,101,,6826,40,,,1,100,,6823,40,,,1,99,,6842,40,,,1,35,,6845,40,,,1,60,,6844,40,,,1,36,,6822,40,,,1,63,,6833,40,,,1,37,,6824,40,,,1,79,,6827,40,,,1,70,,6830,40,,,1,27,,6835,40,,,1,99,,6836,40,,,1,100,,6828,40,,,1,100,,6829,40,,,1,99,,6831,40,,,1,99,,6832,40,,,1,102,,6834,40,,,1
3103,'DIM',651,,7731,42,,,1,101,,7730,42,,,1,100,,1058,42,,,1,100,,7735,42,,,1,100,,7734,42,,,1,100,,7732,42,,,1,102,,7721,42,,,1,101,,7733,42,,,1,100,,7720,42,,,1,101,,7719,42,,,1,99,,7724,42,,,1,98,,7726,42,,,1,103,,7725,42,,,1,96,,7727,42,,,1,101,,7723,42,,,1,100,,7722,42,,,1,98,,7728,42,,,1,100,,7729,42,,,1
3103,'SAM',651,,7748,42,,,1,101,,7747,42,,,1,100,,1075,42,,,1,100,,7752,42,,,1,100,,7753,42,,,1,100,,7749,42,,,1,100,,7745,42,,,1,102,,7750,42,,,1,101,,7746,42,,,1,101,,7751,42,,,1,100,,7740,42,,,1,98,,7742,42,,,1,100,,7738,42,,,1,99,,7743,42,,,1,100,,7736,42,,,1,100,,7737,42,,,1,98,,7739,42,,,1,101,,7741,42,,,1,95,,7744,42,,,1
3103,'SEM',648,,7775,42,,,1,100,,7773,42,,,1,101,,7774,42,,,1,101,,7754,42,,,1,101,,7755,42,,,1,100,,7757,42,,,1,101,,7776,42,,,1,100,,7756,42,,,1,102,,7761,42,,,1,98,,7762,42,,,1,51,,7763,42,,,1,37,,7758,42,,,1,69,,7767,42,,,1,40,,7764,42,,,1,68,,7760,42,,,1,36,,7772,42,,,1,69,,7759,42,,,1,36,,7771,42,,,1,100,,7765,42,,,1,101,,7768,42,,,1,99,,7769,42,,,1,96,,7766,42,,,1,153,,7770,42,,,1
3903,'DIM',855,,1407,53,,,1,100,,8065,63,,,1,70,,8070,63,,,1,31,,8071,63,,,1,70,,8068,63,,,1,74,,8069,63,,,1,26,,8072,63,,,1,29,,8062,63,,,1,71,,8066,63,,,1,30,,8063,63,,,1,71,,8049,63,,,1,30,,8052,63,,,1,72,,8055,63,,,1,30,,8067,63,,,1,71,,8056,63,,,1,70,,8057,63,,,1,25,,8058,63,,,1,18,,8064,63,,,1,10,,8059,63,,,1,64,,8053,63,,,1,25,,8060,63,,,1,98,,8050,63,,,1,100,,8061,63,,,1,98,,8051,63,,,1,104,,8054,63,,,1
3903,'SAM',855,,8097,53,,,1,100,,8092,63,,,1,70,,8096,63,,,1,31,,8073,63,,,1,70,,8087,63,,,1,74,,8090,63,,,1,26,,8089,63,,,1,30,,8074,63,,,1,70,,8088,63,,,1,30,,8091,63,,,1,71,,8075,63,,,1,30,,8094,63,,,1,72,,8078,63,,,1,30,,8079,63,,,1,71,,8081,63,,,1,70,,8095,63,,,1,25,,8082,63,,,1,18,,8093,63,,,1,11,,8080,63,,,1,63,,8077,63,,,1,29,,8076,63,,,1,96,,8084,63,,,1,98,,8083,63,,,1,98,,8086,63,,,1,104,,8085,63,,,1
3903,'SEM',747,,8120,63,,,1,101,,8102,63,,,1,104,,8100,63,,,1,72,,8104,63,,,1,29,,8121,63,,,1,71,,8122,63,,,1,29,,8115,63,,,1,71,,8119,63,,,1,28,,8123,63,,,1,78,,8099,63,,,1,73,,8106,63,,,1,27,,8108,63,,,1,72,,8109,63,,,1,35,,8098,63,,,1,78,,8116,63,,,1,23,,8110,63,,,1,68,,8101,63,,,1,25,,8103,63,,,1,73,,8111,63,,,1,39,,8112,63,,,1,79,,8105,63,,,1,98,,8107,63,,,1,95,,8113,63,,,1,103,,8117,63,,,1,95,,8114,63,,,1,87,,8118,63,,,1
4503,'DIM',659,,8779,41,,,1,100,,8789,41,,,1,141,,8787,41,,,1,59,,8793,41,,,1,141,,8788,41,,,1,58,,8791,41,,,1,145,,8781,41,,,1,101,,8785,41,,,1,98,,8778,41,,,1,102,,8776,41,,,1,52,,8790,41,,,1,102,,8792,41,,,1,143,,8777,41,,,1,102,,8786,41,,,1,101,,8780,41,,,1,99,,8783,41,,,1,99,,8784,41,,,1,101,,8782,41,,,1
4503,'SAM',659,,8807,41,,,1,100,,8803,41,,,1,141,,8806,41,,,1,59,,8805,41,,,1,141,,8795,41,,,1,57,,8804,41,,,1,146,,8808,41,,,1,100,,8799,41,,,1,101,,8810,41,,,1,101,,8809,41,,,1,51,,8811,41,,,1,145,,8794,41,,,1,100,,8801,41,,,1,102,,8796,41,,,1,101,,8800,41,,,1,99,,8798,41,,,1,99,,8802,41,,,1,101,,8797,41,,,1
4503,'SEM',650,,8817,41,,,1,58,,8815,41,,,1,34,,8812,41,,,1,68,,8832,41,,,1,25,,8816,41,,,1,79,,8814,41,,,1,25,,8833,41,,,1,110,,8831,41,,,1,100,,8820,41,,,1,95,,8818,41,,,1,100,,8834,41,,,1,103,,8813,41,,,1,106,,8835,41,,,1,68,,8822,41,,,1,87,,8825,41,,,1,18,,8819,41,,,1,17,,8826,41,,,1,71,,8828,41,,,1,39,,8824,41,,,1,98,,8823,41,,,1,100,,8827,41,,,1,100,,8830,41,,,1,99,,8821,41,,,1,95,,8829,41,,,1
