1703,'DIM',620,,6801,16,,,1,89,,6794,16,,,1,100,,100,16,,,1,101,,6796,16,,,1,97,,6797,16,,,1,101,,6793,16,,,1,100,,6799,16,,,1,99,,6795,16,,,1,102,,6798,16,,,1,100,,6800,16,,,1,102,,6783,16,,,1,98,,6787,16,,,1,99,,6786,16,,,1,101,,6785,16,,,1,98,,6788,16,,,1,99,,6791,16,,,1,101,,6784,16,,,1,100,,6789,16,,,1,102,,6790,16,,,1,120,,6792,16,,,1
1703,'SAM',542,,6813,16,,,1,78,,6819,16,,,1,89,,121,16,,,1,100,,6810,16,,,1,101,,6812,16,,,1,97,,6814,16,,,1,100,,6818,16,,,1,101,,6816,16,,,1,100,,6811,16,,,1,101,,6817,16,,,1,100,,6815,16,,,1,102,,6820,16,,,1,99,,6821,16,,,1,99,,6802,16,,,1,100,,6807,16,,,1,98,,6804,16,,,1,99,,6803,16,,,1,101,,6805,16,,,1,100,,6808,16,,,1,102,,6809,16,,,1,120,,6806,16,,,1
1703,'SEM',602,,6839,16,,,1,103,,6841,16,,,1,105,,6840,16,,,1,96,,6825,16,,,1,100,,6838,16,,,1,100,,6837,16,,,1,100,,6843,16,,,1,101,,6826,16,,,1,100,,6823,16,,,1,98,,6842,16,,,1,35,,6845,16,,,1,60,,6844,16,,,1,36,,6822,16,,,1,23,,6833,16,,,1,78,,6824,16,,,1,80,,6827,16,,,1,30,,6830,16,,,1,68,,6835,16,,,1,99,,6836,16,,,1,100,,6828,16,,,1,100,,6829,16,,,1,100,,6831,16,,,1,99,,6832,16,,,1,104,,6834,16,,,1
2703,'DIM',904,,7609,16,,,2,100,,7612,16,,,2,98,,7614,16,,,2,102,,7608,16,,,2,55,,7616,16,,,2,146,,7611,16,,,2,101,,7613,16,,,2,100,,7610,16,,,2,100,,7615,16,,,2,100,,7602,16,,,2,100,,7604,16,,,2,98,,7603,16,,,2,100,,7607,16,,,2,100,,7601,16,,,2,102,,7600,16,,,2,100,,7605,16,,,2,100,,7606,16,,,2
2703,'SAM',704,,7626,16,,,2,100,,7627,16,,,2,100,,7625,16,,,2,100,,7635,16,,,2,100,,7629,16,,,2,100,,7632,16,,,2,54,,7628,16,,,2,147,,7630,16,,,2,102,,7631,16,,,2,99,,7624,16,,,2,94,,7633,16,,,2,106,,7634,16,,,2,100,,7619,16,,,2,98,,7622,16,,,2,100,,7617,16,,,2,100,,7618,16,,,2,102,,7620,16,,,2,100,,7621,16,,,2,100,,7623,16,,,2
2703,'SEM',810,,7653,16,,,2,90,,7638,16,,,2,100,,7644,16,,,2,100,,7637,16,,,2,59,,7655,16,,,2,91,,7652,16,,,2,103,,7656,16,,,2,100,,7641,16,,,2,81,,7639,16,,,2,82,,7654,16,,,2,15,,7636,16,,,2,70,,7643,16,,,2,39,,7640,16,,,2,65,,7651,16,,,2,96,,7647,16,,,2,47,,7650,16,,,2,103,,7646,16,,,2,102,,7642,16,,,2,99,,7645,16,,,2,100,,7648,16,,,2,100,,7649,16,,,2
3103,'DIM',639,,7731,18,,,1,100,,7730,18,,,1,99,,1058,18,,,1,99,,7735,18,,,1,99,,7734,18,,,1,100,,7732,18,,,1,102,,7721,18,,,1,101,,7733,18,,,1,99,,7720,18,,,1,102,,7719,18,,,1,99,,7724,18,,,1,98,,7726,18,,,1,103,,7725,18,,,1,96,,7727,18,,,1,101,,7723,18,,,1,100,,7722,18,,,1,100,,7728,18,,,1,101,,7729,18,,,1
3103,'SAM',639,,7748,18,,,1,100,,7747,18,,,1,99,,1075,18,,,1,99,,7752,18,,,1,99,,7753,18,,,1,100,,7749,18,,,1,100,,7745,18,,,1,102,,7750,18,,,1,100,,7746,18,,,1,102,,7751,18,,,1,100,,7740,18,,,1,98,,7742,18,,,1,100,,7738,18,,,1,99,,7743,18,,,1,100,,7736,18,,,1,100,,7737,18,,,1,100,,7739,18,,,1,102,,7741,18,,,1,95,,7744,18,,,1
3103,'SEM',635,,7775,18,,,1,99,,7773,18,,,1,100,,7774,18,,,1,100,,7754,18,,,1,101,,7755,18,,,1,100,,7757,18,,,1,100,,7776,18,,,1,100,,7756,18,,,1,101,,7761,18,,,1,98,,7762,18,,,1,11,,7763,18,,,1,76,,7758,18,,,1,30,,7767,18,,,1,80,,7764,18,,,1,70,,7760,18,,,1,36,,7772,18,,,1,69,,7759,18,,,1,36,,7771,18,,,1,100,,7765,18,,,1,101,,7768,18,,,1,100,,7769,18,,,1,97,,7766,18,,,1,114,,7770,18,,,1
3903,'DIM',835,,1407,15,,,1,100,,8065,25,,,1,70,,8070,25,,,1,31,,8071,25,,,1,70,,8068,25,,,1,34,,8069,25,,,1,66,,8072,25,,,1,29,,8062,25,,,1,71,,8066,25,,,1,30,,8063,25,,,1,70,,8049,25,,,1,30,,8052,25,,,1,72,,8055,25,,,1,30,,8067,25,,,1,71,,8056,25,,,1,31,,8057,25,,,1,65,,8058,25,,,1,18,,8064,25,,,1,10,,8059,25,,,1,24,,8053,25,,,1,65,,8060,25,,,1,99,,8050,25,,,1,100,,8061,25,,,1,98,,8051,25,,,1,104,,8054,25,,,1
3903,'SAM',835,,8097,15,,,1,100,,8092,25,,,1,70,,8096,25,,,1,31,,8073,25,,,1,70,,8087,25,,,1,34,,8090,25,,,1,66,,8089,25,,,1,30,,8074,25,,,1,70,,8088,25,,,1,30,,8091,25,,,1,70,,8075,25,,,1,30,,8094,25,,,1,72,,8078,25,,,1,30,,8079,25,,,1,71,,8081,25,,,1,31,,8095,25,,,1,65,,8082,25,,,1,18,,8093,25,,,1,11,,8080,25,,,1,23,,8077,25,,,1,69,,8076,25,,,1,97,,8084,25,,,1,98,,8083,25,,,1,98,,8086,25,,,1,104,,8085,25,,,1
3903,'SEM',727,,8120,25,,,1,100,,8102,25,,,1,104,,8100,25,,,1,73,,8104,25,,,1,29,,8121,25,,,1,71,,8122,25,,,1,29,,8115,25,,,1,71,,8119,25,,,1,27,,8123,25,,,1,77,,8099,25,,,1,33,,8106,25,,,1,67,,8108,25,,,1,31,,8109,25,,,1,75,,8098,25,,,1,38,,8116,25,,,1,63,,8110,25,,,1,28,,8101,25,,,1,65,,8103,25,,,1,33,,8111,25,,,1,80,,8112,25,,,1,79,,8105,25,,,1,58,,8107,25,,,1,96,,8113,25,,,1,103,,8117,25,,,1,97,,8114,25,,,1,88,,8118,25,,,1
4303,'DIM',638,,8647,16,,,1,101,,8649,16,,,1,100,,8653,16,,,1,100,,8651,16,,,1,106,,8652,16,,,1,101,,8650,16,,,1,100,,8656,16,,,1,100,,8654,16,,,1,103,,8655,16,,,1,97,,8637,16,,,1,99,,8638,16,,,1,104,,8640,16,,,1,91,,8643,16,,,1,99,,8642,16,,,1,100,,8639,16,,,1,100,,8641,16,,,1,100,,8648,16,,,1,100,,8644,16,,,1,99,,8646,16,,,1,100,,8645,16,,,1
4303,'SAM',638,,8668,16,,,1,101,,8658,16,,,1,100,,8673,16,,,1,100,,8659,16,,,1,106,,8660,16,,,1,101,,8671,16,,,1,100,,8669,16,,,1,100,,8674,16,,,1,102,,8670,16,,,1,101,,8672,16,,,1,98,,8657,16,,,1,98,,8675,16,,,1,95,,8664,16,,,1,99,,8661,16,,,1,100,,2041,16,,,1,100,,8662,16,,,1,100,,8663,16,,,1,100,,8667,16,,,1,99,,8665,16,,,1,100,,8666,16,,,1
4303,'SEM',639,,8697,16,,,1,100,,8698,16,,,1,81,,8679,16,,,1,104,,8699,16,,,1,31,,8678,16,,,1,69,,8695,16,,,1,30,,8685,16,,,1,71,,8681,16,,,1,30,,8701,16,,,1,70,,8700,16,,,1,30,,8696,16,,,1,72,,8682,16,,,1,28,,8683,16,,,1,70,,8687,16,,,1,30,,8702,16,,,1,70,,8677,16,,,1,25,,8684,16,,,1,70,,8680,16,,,1,19,,8703,16,,,1,76,,8686,16,,,1,31,,8676,16,,,1,71,,8692,16,,,1,101,,8693,16,,,1,101,,8694,16,,,1,101,,8688,16,,,1,101,,8689,16,,,1,109,,8690,16,,,1,106,,8691,16,,,1
7303,'DIM',654,,10582,16,,,1,100,,10579,16,,,1,100,,10580,16,,,1,98,,10583,16,,,1,100,,10586,16,,,1,100,,10581,16,,,1,100,,10584,16,,,1,102,,10578,16,,,1,99,,10585,16,,,1,102,,10587,16,,,1,99,,10572,16,,,1,99,,10569,16,,,1,101,,10575,16,,,1,98,,10571,16,,,1,100,,10570,16,,,1,100,,10573,16,,,1,100,,10574,16,,,1,102,,10577,16,,,1,105,,10576,16,,,1
7303,'SAM',600,,10601,16,,,1,54,,10598,16,,,1,100,,10597,16,,,1,100,,10602,16,,,1,98,,10604,16,,,1,101,,10600,16,,,1,99,,10591,16,,,1,100,,10603,16,,,1,102,,10599,16,,,1,99,,10605,16,,,1,102,,10606,16,,,1,101,,10590,16,,,1,98,,10588,16,,,1,99,,10589,16,,,1,99,,10593,16,,,1,100,,10592,16,,,1,100,,4040,16,,,1,100,,10594,16,,,1,102,,4041,16,,,1,105,,10595,16,,,1,100,,4042,16,,,1,100,,10596,16,,,1
7303,'SEM',547,,10643,16,,,1,66,,10640,16,,,1,39,,10639,16,,,1,50,,10644,16,,,1,39,,10633,16,,,1,16,,10609,16,,,1,83,,10641,16,,,1,12,,10608,16,,,1,70,,10626,16,,,1,31,,10642,16,,,1,69,,10610,16,,,1,31,,10615,16,,,1,69,,10625,16,,,1,31,,10616,16,,,1,69,,10645,16,,,1,30,,10611,16,,,1,70,,10614,16,,,1,30,,10620,16,,,1,70,,10607,16,,,1,30,,10617,16,,,1,75,,10646,16,,,1,24,,10627,16,,,1,55,,10619,16,,,1,21,,10612,16,,,1,16,,10613,16,,,1,63,,10623,16,,,1,17,,10621,16,,,1,30,,10634,16,,,1,55,,10622,16,,,1,16,,10618,16,,,1,33,,10628,16,,,1,70,,10631,16,,,1,32,,10624,16,,,1,99,,10636,16,,,1,100,,10629,16,,,1,99,,10635,16,,,1,100,,10630,16,,,1,81,,10632,16,,,1,95,,10637,16,,,1,121,,10638,16,,,1
7401,'DIM',724,,10736,16,,,2,99,,10737,16,,,2,102,,10740,16,,,2,97,,10739,16,,,2,101,,10741,16,,,2,100,,10738,16,,,2,101,,10735,16,,,2,99,,10734,16,,,2,102,,10742,16,,,2,99,,10728,16,,,2,102,,10729,16,,,2,99,,10731,16,,,2,98,,10732,16,,,2,99,,10733,16,,,2,101,,10727,16,,,2,99,,10726,16,,,2,101,,10730,16,,,2
7401,'SAM',724,,10751,16,,,2,99,,10753,16,,,2,102,,10752,16,,,2,98,,10755,16,,,2,100,,10757,16,,,2,100,,10759,16,,,2,102,,10754,16,,,2,98,,10758,16,,,2,101,,10756,16,,,2,100,,10743,16,,,2,101,,10746,16,,,2,101,,10748,16,,,2,98,,10747,16,,,2,98,,10749,16,,,2,101,,10744,16,,,2,99,,10750,16,,,2,101,,10745,16,,,2
7401,'SEM',627,,10776,16,,,2,95,,10760,16,,,2,101,,10775,16,,,2,103,,10764,16,,,2,101,,10765,16,,,2,101,,10779,16,,,2,99,,10763,16,,,2,101,,10778,16,,,2,100,,10777,16,,,2,93,,10762,16,,,2,93,,10766,16,,,2,101,,10761,16,,,2,30,,10768,16,,,2,85,,10774,16,,,2,99,,10767,16,,,2,101,,10770,16,,,2,100,,10771,16,,,2,99,,10769,16,,,2,100,,10772,16,,,2,95,,10773,16,,,2
