1704,'DIM',510,,6858,41,,,1,90,,6859,41,,,1,101,,6863,41,,,1,103,,6857,41,,,1,101,,165,41,,,1,101,,6861,41,,,1,101,,6862,41,,,1,100,,6864,41,,,1,101,,6865,41,,,1,101,,6860,41,,,1,102,,6846,41,,,1,99,,6847,41,,,1,100,,6850,41,,,1,100,,6852,41,,,1,98,,6851,41,,,1,98,,6849,41,,,1,100,,6853,41,,,1,98,,6856,41,,,1,99,,6848,41,,,1,99,,6854,41,,,1,56,,6855,41,,,1
1704,'SAM',510,,6878,41,,,1,90,,6879,41,,,1,101,,6885,41,,,1,103,,6882,41,,,1,101,,6877,41,,,1,101,,6881,41,,,1,101,,6886,41,,,1,100,,6884,41,,,1,101,,6883,41,,,1,101,,6880,41,,,1,101,,6867,41,,,1,100,,6868,41,,,1,101,,6870,41,,,1,99,,6872,41,,,1,98,,6866,41,,,1,98,,6874,41,,,1,100,,6871,41,,,1,98,,6869,41,,,1,99,,6873,41,,,1,99,,6875,41,,,1,56,,6876,41,,,1
1704,'SEM',522,,6901,41,,,1,94,,6906,41,,,1,22,,6909,41,,,1,62,,6888,41,,,1,27,,6892,41,,,1,76,,6893,41,,,1,21,,6887,41,,,1,98,,6890,41,,,1,85,,6891,41,,,1,100,,6894,41,,,1,100,,6905,41,,,1,100,,6907,41,,,1,100,,6896,41,,,1,102,,6908,41,,,1,101,,6889,41,,,1,105,,6897,41,,,1,95,,6895,41,,,1,97,,6898,41,,,1,100,,6903,41,,,1,100,,6904,41,,,1,99,,6899,41,,,1,100,,6900,41,,,1,99,,6902,41,,,1
2704,'DIM',757,,7675,46,,,2,101,,7676,46,,,2,100,,7671,46,,,2,99,,7673,46,,,2,98,,7674,46,,,2,103,,7670,46,,,2,95,,7677,46,,,2,147,,7672,46,,,2,100,,7663,46,,,2,100,,7667,46,,,2,100,,7668,46,,,2,59,,7664,46,,,2,100,,7666,46,,,2,98,,7665,46,,,2,100,,7669,46,,,2,100,,7662,46,,,2
2704,'SAM',656,,7690,46,,,2,101,,7686,46,,,2,101,,7687,46,,,2,100,,7685,46,,,2,99,,7694,46,,,2,100,,7689,46,,,2,101,,7692,46,,,2,94,,7688,46,,,2,148,,7691,46,,,2,100,,7681,46,,,2,100,,7682,46,,,2,53,,7684,46,,,2,106,,7693,46,,,2,100,,7680,46,,,2,98,,7683,46,,,2,100,,7678,46,,,2,100,,7679,46,,,2
2704,'SEM',620,,7716,46,,,2,28,,7696,46,,,2,68,,7713,46,,,2,28,,7699,46,,,2,67,,7700,46,,,2,28,,7718,46,,,2,66,,7715,46,,,2,49,,7714,46,,,2,100,,7703,46,,,2,148,,7695,46,,,2,55,,7717,46,,,2,88,,7698,46,,,2,106,,7697,46,,,2,107,,7708,46,,,2,77,,7709,46,,,2,80,,7704,46,,,2,13,,7701,46,,,2,30,,7702,46,,,2,71,,7706,46,,,2,75,,7711,46,,,2,100,,7707,46,,,2,45,,7710,46,,,2,95,,7705,46,,,2,104,,7712,46,,,2
3104,'DIM',630,,7789,51,,,1,104,,7790,51,,,1,100,,7788,51,,,1,102,,7794,51,,,1,101,,7795,51,,,1,100,,7793,51,,,1,100,,7791,51,,,1,103,,7779,51,,,1,101,,7792,51,,,1,100,,7778,51,,,1,101,,7777,51,,,1,99,,7782,51,,,1,97,,7784,51,,,1,102,,7783,51,,,1,96,,7785,51,,,1,99,,7781,51,,,1,99,,7780,51,,,1,98,,7786,51,,,1,102,,7787,51,,,1
3104,'SAM',530,,1137,51,,,1,100,,7805,51,,,1,104,,7808,51,,,1,100,,7807,51,,,1,102,,7810,51,,,1,101,,7813,51,,,1,100,,7814,51,,,1,100,,7809,51,,,1,102,,7804,51,,,1,101,,7811,51,,,1,101,,7806,51,,,1,101,,7812,51,,,1,100,,7800,51,,,1,97,,7802,51,,,1,99,,7798,51,,,1,99,,7803,51,,,1,98,,7796,51,,,1,99,,7797,51,,,1,98,,7799,51,,,1,102,,7801,51,,,1
3104,'SEM',454,,7823,51,,,1,77,,7824,51,,,1,92,,7835,51,,,1,21,,7837,51,,,1,64,,7817,51,,,1,34,,7836,51,,,1,68,,7833,51,,,1,29,,7831,51,,,1,75,,7832,51,,,1,22,,7834,51,,,1,100,,7815,51,,,1,102,,7816,51,,,1,100,,7819,51,,,1,101,,7838,51,,,1,100,,7818,51,,,1,102,,7821,51,,,1,100,,7822,51,,,1,96,,7820,51,,,1,103,,7825,51,,,1,96,,7830,51,,,1,105,,7829,51,,,1,99,,7826,51,,,1,101,,7827,51,,,1,100,,7828,51,,,1
4304,'DIM',506,,8722,26,,,1,103,,8716,26,,,1,100,,8712,26,,,1,102,,8714,26,,,1,102,,8719,26,,,1,100,,8717,26,,,1,106,,8718,26,,,1,100,,8715,26,,,1,100,,8723,26,,,1,100,,8720,26,,,1,104,,8721,26,,,1,99,,8704,26,,,1,99,,8705,26,,,1,101,,8707,26,,,1,94,,8710,26,,,1,98,,8709,26,,,1,99,,8706,26,,,1,99,,8708,26,,,1,100,,8713,26,,,1,100,,8711,26,,,1
4304,'SAM',506,,8740,26,,,1,103,,8737,26,,,1,100,,8734,26,,,1,102,,8725,26,,,1,102,,8741,26,,,1,100,,8726,26,,,1,106,,8727,26,,,1,100,,8738,26,,,1,100,,8735,26,,,1,100,,8742,26,,,1,103,,8736,26,,,1,101,,8739,26,,,1,98,,8724,26,,,1,97,,8743,26,,,1,98,,8731,26,,,1,98,,8728,26,,,1,99,,2109,26,,,1,99,,8729,26,,,1,100,,8730,26,,,1,100,,8733,26,,,1,98,,8732,26,,,1
4304,'SEM',523,,8765,26,,,1,35,,8771,26,,,1,75,,8744,26,,,1,25,,8746,26,,,1,61,,8769,26,,,1,31,,8745,26,,,1,73,,8770,26,,,1,33,,8749,26,,,1,75,,8766,26,,,1,28,,8772,26,,,1,71,,8748,26,,,1,70,,8767,26,,,1,30,,8755,26,,,1,70,,8751,26,,,1,30,,8774,26,,,1,70,,8773,26,,,1,30,,8768,26,,,1,72,,8752,26,,,1,29,,8753,26,,,1,70,,8757,26,,,1,36,,8775,26,,,1,66,,8747,26,,,1,26,,8754,26,,,1,30,,8750,26,,,1,96,,8756,26,,,1,97,,8761,26,,,1,100,,8763,26,,,1,101,,8764,26,,,1,99,,8758,26,,,1,101,,8759,26,,,1,150,,8760,26,,,1,20,,8762,26,,,1
6001,'DIM',812,,9768,50,,,1,103,,9776,50,,,1,102,,9774,50,,,1,104,,9775,50,,,1,101,,9777,50,,,1,102,,9780,50,,,1,102,,9778,50,,,1,100,,9781,50,,,1,100,,9779,50,,,1,102,,9782,50,,,1,92,,9783,50,,,1,99,,9770,50,,,1,98,,9772,50,,,1,97,,9771,50,,,1,99,,9773,50,,,1,99,,9767,50,,,1,100,,9769,50,,,1
6001,'SAM',709,,9790,50,,,1,103,,9795,50,,,1,103,,9786,50,,,1,102,,9798,50,,,1,103,,9800,50,,,1,102,,9796,50,,,1,102,,9799,50,,,1,102,,9797,50,,,1,100,,9785,50,,,1,100,,9801,50,,,1,102,,9784,50,,,1,92,,9788,50,,,1,100,,9793,50,,,1,97,,9789,50,,,1,97,,9791,50,,,1,99,,9794,50,,,1,99,,9787,50,,,1,100,,9792,50,,,1
6001,'SEM',554,,9816,50,,,1,101,,9802,50,,,1,87,,9820,50,,,1,78,,9814,50,,,1,37,,9818,50,,,1,101,,9804,50,,,1,101,,9821,50,,,1,141,,9819,50,,,1,104,,9805,50,,,1,100,,9803,50,,,1,101,,9815,50,,,1,102,,9817,50,,,1,99,,9806,50,,,1,102,,9810,50,,,1,96,,9808,50,,,1,49,,9813,50,,,1,98,,9811,50,,,1,98,,9807,50,,,1,99,,9809,50,,,1,94,,9812,50,,,1
7304,'DIM',545,,10665,69,,,1,70,,10654,69,,,1,103,,10658,69,,,1,101,,10661,69,,,1,102,,10657,69,,,1,101,,10659,69,,,1,100,,10662,69,,,1,100,,10666,69,,,1,102,,10660,69,,,1,101,,10663,69,,,1,101,,10656,69,,,1,100,,10664,69,,,1,100,,10667,69,,,1,99,,10650,69,,,1,99,,10647,69,,,1,97,,10653,69,,,1,99,,10649,69,,,1,99,,10648,69,,,1,98,,10651,69,,,1,101,,10652,69,,,1,99,,10655,69,,,1
7304,'SAM',545,,10686,69,,,1,70,,10676,69,,,1,103,,10681,69,,,1,101,,10678,69,,,1,102,,10677,69,,,1,101,,10682,69,,,1,100,,10684,69,,,1,101,,10680,69,,,1,101,,10671,69,,,1,101,,10683,69,,,1,101,,10679,69,,,1,100,,10685,69,,,1,100,,10687,69,,,1,99,,10670,69,,,1,98,,10668,69,,,1,98,,10669,69,,,1,99,,10673,69,,,1,99,,10672,69,,,1,98,,4131,69,,,1,101,,10674,69,,,1,99,,4133,69,,,1,100,,10675,69,,,1,99,,4134,69,,,1
7304,'SEM',507,,10719,69,,,1,42,,10716,69,,,1,82,,10722,69,,,1,18,,10725,69,,,1,71,,10721,69,,,1,15,,10718,69,,,1,14,,10694,69,,,1,68,,10696,69,,,1,14,,10717,69,,,1,15,,10723,69,,,1,65,,10712,69,,,1,31,,10690,69,,,1,80,,10689,69,,,1,29,,10705,69,,,1,70,,10720,69,,,1,30,,10691,69,,,1,71,,10695,69,,,1,36,,10704,69,,,1,66,,10697,69,,,1,30,,10724,69,,,1,70,,10692,69,,,1,30,,10693,69,,,1,73,,10701,69,,,1,31,,10688,69,,,1,72,,10698,69,,,1,79,,10708,69,,,1,22,,10706,69,,,1,27,,10700,69,,,1,69,,10707,69,,,1,76,,10702,69,,,1,20,,10713,69,,,1,29,,10699,69,,,1,70,,10709,69,,,1,30,,10711,69,,,1,73,,10703,69,,,1,96,,10715,69,,,1,99,,10710,69,,,1,103,,10714,69,,,1
7402,'DIM',646,,10786,82,,,2,102,,10789,82,,,2,101,,6451,82,,,2,101,,10790,82,,,2,102,,10788,82,,,2,100,,10787,82,,,2,101,,10793,82,,,2,100,,10792,82,,,2,103,,10794,82,,,2,99,,10791,82,,,2,99,,10781,82,,,2,101,,10780,82,,,2,98,,10782,82,,,2,98,,10783,82,,,2,99,,6443,82,,,2,100,,10784,82,,,2,98,,10785,82,,,2
7402,'SAM',646,,10802,82,,,2,102,,10806,82,,,2,101,,10804,82,,,2,101,,10801,82,,,2,102,,10805,82,,,2,100,,10807,82,,,2,101,,10810,82,,,2,101,,10803,82,,,2,100,,10808,82,,,2,101,,10811,82,,,2,100,,10809,82,,,2,99,,10795,82,,,2,99,,10797,82,,,2,98,,10799,82,,,2,99,,10798,82,,,2,100,,10800,82,,,2,98,,10796,82,,,2
7402,'SEM',605,,10825,82,,,2,49,,10830,82,,,2,60,,10813,82,,,2,42,,10824,82,,,2,100,,10814,82,,,2,99,,10812,82,,,2,99,,10816,82,,,2,101,,10826,82,,,2,97,,10829,82,,,2,100,,10815,82,,,2,101,,10828,82,,,2,102,,10827,82,,,2,100,,10817,82,,,2,97,,10818,82,,,2,100,,10821,82,,,2,97,,10823,82,,,2,99,,10819,82,,,2,102,,10820,82,,,2,98,,10822,82,,,2
