1703,'DIM',625,,6801,25,,,1,89,,6794,25,,,1,100,,100,25,,,1,101,,6796,25,,,1,97,,6797,25,,,1,101,,6793,25,,,1,100,,6799,25,,,1,99,,6795,25,,,1,102,,6798,25,,,1,100,,6800,25,,,1,102,,6783,25,,,1,98,,6787,25,,,1,99,,6786,25,,,1,101,,6785,25,,,1,98,,6788,25,,,1,99,,6791,25,,,1,101,,6784,25,,,1,100,,6789,25,,,1,102,,6790,25,,,1,119,,6792,25,,,1
1703,'SAM',547,,6813,25,,,1,78,,6819,25,,,1,89,,121,25,,,1,100,,6810,25,,,1,101,,6812,25,,,1,97,,6814,25,,,1,100,,6818,25,,,1,101,,6816,25,,,1,100,,6811,25,,,1,101,,6817,25,,,1,100,,6815,25,,,1,102,,6820,25,,,1,99,,6821,25,,,1,99,,6802,25,,,1,100,,6807,25,,,1,98,,6804,25,,,1,99,,6803,25,,,1,101,,6805,25,,,1,100,,6808,25,,,1,102,,6809,25,,,1,119,,6806,25,,,1
1703,'SEM',607,,6839,25,,,1,103,,6841,25,,,1,105,,6840,25,,,1,96,,6825,25,,,1,101,,6838,25,,,1,100,,6837,25,,,1,100,,6843,25,,,1,101,,6826,25,,,1,100,,6823,25,,,1,98,,6842,25,,,1,35,,6845,25,,,1,60,,6844,25,,,1,36,,6822,25,,,1,63,,6833,25,,,1,38,,6824,25,,,1,79,,6827,25,,,1,30,,6830,25,,,1,68,,6835,25,,,1,99,,6836,25,,,1,100,,6828,25,,,1,100,,6829,25,,,1,100,,6831,25,,,1,99,,6832,25,,,1,103,,6834,25,,,1
3103,'DIM',644,,7731,27,,,1,100,,7730,27,,,1,99,,1058,27,,,1,99,,7735,27,,,1,99,,7734,27,,,1,100,,7732,27,,,1,102,,7721,27,,,1,101,,7733,27,,,1,99,,7720,27,,,1,102,,7719,27,,,1,99,,7724,27,,,1,98,,7726,27,,,1,103,,7725,27,,,1,96,,7727,27,,,1,101,,7723,27,,,1,100,,7722,27,,,1,100,,7728,27,,,1,101,,7729,27,,,1
3103,'SAM',644,,7748,27,,,1,100,,7747,27,,,1,99,,1075,27,,,1,99,,7752,27,,,1,99,,7753,27,,,1,100,,7749,27,,,1,100,,7745,27,,,1,102,,7750,27,,,1,100,,7746,27,,,1,102,,7751,27,,,1,100,,7740,27,,,1,98,,7742,27,,,1,100,,7738,27,,,1,99,,7743,27,,,1,100,,7736,27,,,1,100,,7737,27,,,1,100,,7739,27,,,1,102,,7741,27,,,1,95,,7744,27,,,1
3103,'SEM',640,,7775,27,,,1,99,,7773,27,,,1,100,,7774,27,,,1,101,,7754,27,,,1,101,,7755,27,,,1,100,,7757,27,,,1,100,,7776,27,,,1,100,,7756,27,,,1,101,,7761,27,,,1,98,,7762,27,,,1,11,,7763,27,,,1,77,,7758,27,,,1,29,,7767,27,,,1,80,,7764,27,,,1,69,,7760,27,,,1,36,,7772,27,,,1,69,,7759,27,,,1,36,,7771,27,,,1,100,,7765,27,,,1,101,,7768,27,,,1,100,,7769,27,,,1,97,,7766,27,,,1,114,,7770,27,,,1
7303,'DIM',659,,10582,25,,,1,100,,10579,25,,,1,100,,10580,25,,,1,98,,10583,25,,,1,100,,10586,25,,,1,100,,10581,25,,,1,100,,10584,25,,,1,102,,10578,25,,,1,99,,10585,25,,,1,142,,10587,25,,,1,59,,10572,25,,,1,99,,10569,25,,,1,101,,10575,25,,,1,98,,10571,25,,,1,100,,10570,25,,,1,100,,10573,25,,,1,100,,10574,25,,,1,102,,10577,25,,,1,145,,10576,25,,,1
7303,'SAM',605,,10601,25,,,1,54,,10598,25,,,1,100,,10597,25,,,1,100,,10602,25,,,1,98,,10604,25,,,1,101,,10600,25,,,1,99,,10591,25,,,1,100,,10603,25,,,1,102,,10599,25,,,1,99,,10605,25,,,1,142,,10606,25,,,1,101,,10590,25,,,1,58,,10588,25,,,1,99,,10589,25,,,1,99,,10593,25,,,1,100,,10592,25,,,1,100,,4040,25,,,1,100,,10594,25,,,1,102,,4041,25,,,1,145,,10595,25,,,1,100,,4042,25,,,1,100,,10596,25,,,1
7303,'SEM',552,,10643,25,,,1,66,,10640,25,,,1,39,,10639,25,,,1,50,,10644,25,,,1,39,,10633,25,,,1,56,,10609,25,,,1,43,,10641,25,,,1,12,,10608,25,,,1,70,,10626,25,,,1,31,,10642,25,,,1,69,,10610,25,,,1,31,,10615,25,,,1,69,,10625,25,,,1,32,,10616,25,,,1,69,,10645,25,,,1,30,,10611,25,,,1,70,,10614,25,,,1,30,,10620,25,,,1,70,,10607,25,,,1,30,,10617,25,,,1,75,,10646,25,,,1,25,,10627,25,,,1,55,,10619,25,,,1,22,,10612,25,,,1,16,,10613,25,,,1,63,,10623,25,,,1,16,,10621,25,,,1,29,,10634,25,,,1,55,,10622,25,,,1,16,,10618,25,,,1,72,,10628,25,,,1,30,,10631,25,,,1,72,,10624,25,,,1,99,,10636,25,,,1,100,,10629,25,,,1,99,,10635,25,,,1,100,,10630,25,,,1,41,,10632,25,,,1,95,,10637,25,,,1,121,,10638,25,,,1
7401,'DIM',729,,10736,25,,,2,99,,10737,25,,,2,102,,10740,25,,,2,97,,10739,25,,,2,101,,10741,25,,,2,100,,10738,25,,,2,101,,10735,25,,,2,99,,10734,25,,,2,102,,10742,25,,,2,99,,10728,25,,,2,102,,10729,25,,,2,99,,10731,25,,,2,98,,10732,25,,,2,99,,10733,25,,,2,101,,10727,25,,,2,99,,10726,25,,,2,101,,10730,25,,,2
7401,'SAM',729,,10751,25,,,2,99,,10753,25,,,2,102,,10752,25,,,2,98,,10755,25,,,2,100,,10757,25,,,2,100,,10759,25,,,2,102,,10754,25,,,2,98,,10758,25,,,2,101,,10756,25,,,2,100,,10743,25,,,2,101,,10746,25,,,2,101,,10748,25,,,2,98,,10747,25,,,2,98,,10749,25,,,2,101,,10744,25,,,2,99,,10750,25,,,2,101,,10745,25,,,2
7401,'SEM',632,,10776,25,,,2,95,,10760,25,,,2,101,,10775,25,,,2,103,,10764,25,,,2,101,,10765,25,,,2,101,,10779,25,,,2,99,,10763,25,,,2,101,,10778,25,,,2,100,,10777,25,,,2,93,,10762,25,,,2,95,,10766,25,,,2,101,,10761,25,,,2,30,,10768,25,,,2,83,,10774,25,,,2,99,,10767,25,,,2,101,,10770,25,,,2,100,,10771,25,,,2,99,,10769,25,,,2,100,,10772,25,,,2,95,,10773,25,,,2
