4503,'DIM',637,,8779,2,,,1,100,,8789,2,,,1,101,,8787,2,,,1,98,,8793,2,,,1,101,,8788,2,,,1,98,,8791,2,,,1,105,,8781,2,,,1,100,,8785,2,,,1,98,,8778,2,,,1,102,,8776,2,,,1,92,,8790,2,,,1,102,,8792,2,,,1,104,,8777,2,,,1,102,,8786,2,,,1,102,,8780,2,,,1,99,,8783,2,,,1,99,,8784,2,,,1,101,,8782,2,,,1
4503,'SAM',637,,8807,2,,,1,100,,8803,2,,,1,101,,8806,2,,,1,98,,8805,2,,,1,101,,8795,2,,,1,97,,8804,2,,,1,106,,8808,2,,,1,99,,8799,2,,,1,101,,8810,2,,,1,101,,8809,2,,,1,91,,8811,2,,,1,105,,8794,2,,,1,101,,8801,2,,,1,102,,8796,2,,,1,102,,8800,2,,,1,99,,8798,2,,,1,99,,8802,2,,,1,101,,8797,2,,,1
4503,'SEM',624,,8817,2,,,1,18,,8815,2,,,1,74,,8812,2,,,1,26,,8832,2,,,1,67,,8816,2,,,1,39,,8814,2,,,1,65,,8833,2,,,1,110,,8831,2,,,1,100,,8820,2,,,1,95,,8818,2,,,1,100,,8834,2,,,1,101,,8813,2,,,1,105,,8835,2,,,1,25,,8822,2,,,1,88,,8825,2,,,1,19,,8819,2,,,1,58,,8826,2,,,1,33,,8828,2,,,1,80,,8824,2,,,1,100,,8823,2,,,1,100,,8827,2,,,1,100,,8830,2,,,1,100,,8821,2,,,1,95,,8829,2,,,1
5001,'DIM',528,,9169,12,,,1,100,,9177,12,,,1,100,,9165,12,,,1,97,,9182,12,,,1,101,,9174,12,,,1,33,,9184,12,,,1,77,,9176,12,,,1,23,,9189,12,,,1,78,,9187,12,,,1,22,,9188,12,,,1,75,,9190,12,,,1,69,,9175,12,,,1,32,,9178,12,,,1,76,,9191,12,,,1,29,,9180,12,,,1,73,,9179,12,,,1,30,,9185,12,,,1,63,,9183,12,,,1,34,,9181,12,,,1,81,,9186,12,,,1,18,,9167,12,,,1,100,,9170,12,,,1,99,,9173,12,,,1,100,,9166,12,,,1,99,,9171,12,,,1,98,,9168,12,,,1,100,,9172,12,,,1
5001,'SAM',528,,9199,12,,,1,100,,9202,12,,,1,100,,9193,12,,,1,97,,9214,12,,,1,101,,9212,12,,,1,79,,9217,12,,,1,30,,9210,12,,,1,24,,9194,12,,,1,78,,9218,12,,,1,22,,9216,12,,,1,75,,9195,12,,,1,69,,9206,12,,,1,32,,9208,12,,,1,76,,9211,12,,,1,29,,9207,12,,,1,73,,9209,12,,,1,30,,9197,12,,,1,63,,9198,12,,,1,34,,9192,12,,,1,79,,9213,12,,,1,21,,9215,12,,,1,99,,9203,12,,,1,99,,9205,12,,,1,100,,9204,12,,,1,99,,9200,12,,,1,98,,9196,12,,,1,100,,9201,12,,,1
5001,'SEM',518,,9241,12,,,1,105,,9246,12,,,1,35,,9242,12,,,1,63,,9220,12,,,1,36,,9219,12,,,1,64,,9222,12,,,1,31,,9249,12,,,1,67,,9250,12,,,1,33,,9245,12,,,1,67,,9221,12,,,1,33,,9225,12,,,1,68,,9244,12,,,1,32,,9231,12,,,1,72,,9247,12,,,1,30,,9226,12,,,1,72,,9243,12,,,1,28,,9248,12,,,1,70,,9224,12,,,1,82,,9223,12,,,1,26,,9235,12,,,1,76,,9227,12,,,1,30,,9228,12,,,1,69,,9234,12,,,1,29,,9229,12,,,1,75,,9233,12,,,1,29,,9236,12,,,1,75,,9237,12,,,1,104,,9232,12,,,1,104,,9230,12,,,1,104,,9239,12,,,1,105,,9238,12,,,1,106,,9240,12,,,1,89,,9251,2,,,1
6001,'DIM',805,,9768,36,,,1,103,,9776,36,,,1,101,,9774,36,,,1,103,,9775,36,,,1,101,,9777,36,,,1,102,,9780,36,,,1,102,,9778,36,,,1,100,,9781,36,,,1,100,,9779,36,,,1,102,,9782,36,,,1,93,,9783,36,,,1,99,,9770,36,,,1,98,,9772,36,,,1,98,,9771,36,,,1,99,,9773,36,,,1,99,,9767,36,,,1,100,,9769,36,,,1
6001,'SAM',702,,9790,36,,,1,103,,9795,36,,,1,103,,9786,36,,,1,101,,9798,36,,,1,102,,9800,36,,,1,102,,9796,36,,,1,102,,9799,36,,,1,102,,9797,36,,,1,100,,9785,36,,,1,100,,9801,36,,,1,102,,9784,36,,,1,93,,9788,36,,,1,100,,9793,36,,,1,97,,9789,36,,,1,98,,9791,36,,,1,99,,9794,36,,,1,99,,9787,36,,,1,100,,9792,36,,,1
6001,'SEM',547,,9816,36,,,1,101,,9802,36,,,1,86,,9820,36,,,1,77,,9814,36,,,1,36,,9818,36,,,1,101,,9804,36,,,1,101,,9821,36,,,1,101,,9819,36,,,1,104,,9805,36,,,1,100,,9803,36,,,1,100,,9815,36,,,1,102,,9817,36,,,1,99,,9806,36,,,1,103,,9810,36,,,1,97,,9808,36,,,1,90,,9813,36,,,1,98,,9811,36,,,1,99,,9807,36,,,1,99,,9809,36,,,1,94,,9812,36,,,1
34503,'SEM',442,,11610,21,,,1,101,,11611,21,,,1
