3104,'DIM',641,,7789,63,4,,1,104,,7790,63,4,,1,102,,7788,63,4,,1,102,,7794,63,4,,1,102,,7795,63,4,,1,100,,7793,63,4,,1,101,,7791,63,4,,1,103,,7779,63,4,,1,101,,7792,63,4,,1,100,,7778,63,4,,1,100,,7777,63,4,,1,99,,7782,63,4,,1,97,,7784,63,4,,1,101,,7783,63,4,,1,96,,7785,63,4,,1,99,,7781,63,4,,1,99,,7780,63,4,,1,97,,7786,63,4,,1,101,,7787,63,4,,1
3104,'SAM',541,,1137,63,4,,1,100,,7805,63,4,,1,104,,7808,63,4,,1,102,,7807,63,4,,1,102,,7810,63,4,,1,102,,7813,63,4,,1,100,,7814,63,4,,1,101,,7809,63,4,,1,102,,7804,63,4,,1,101,,7811,63,4,,1,101,,7806,63,4,,1,100,,7812,63,4,,1,100,,7800,63,4,,1,97,,7802,63,4,,1,98,,7798,63,4,,1,99,,7803,63,4,,1,98,,7796,63,4,,1,99,,7797,63,4,,1,97,,7799,63,4,,1,101,,7801,63,4,,1
3104,'SEM',506,,7823,63,4,,1,38,,7824,63,4,,1,93,,7835,63,4,,1,22,,7837,63,4,,1,64,,7817,63,4,,1,34,,7836,63,4,,1,68,,7833,63,4,,1,29,,7831,63,4,,1,75,,7832,63,4,,1,22,,7834,63,4,,1,100,,7815,63,4,,1,102,,7816,63,4,,1,100,,7819,63,4,,1,101,,7838,63,4,,1,100,,7818,63,4,,1,102,,7821,63,4,,1,100,,7822,63,4,,1,96,,7820,63,4,,1,103,,7825,63,4,,1,96,,7830,63,4,,1,104,,7829,63,4,,1,98,,7826,63,4,,1,101,,7827,63,4,,1,100,,7828,63,4,,1
5202,'DIM',702,,9405,109,4,,2,112,,9400,109,4,,2,101,,9401,109,4,,2,100,,9402,109,4,,2,98,,9407,109,4,,2,102,,9406,109,4,,2,99,,9403,109,4,,2,101,,9399,109,4,,2,102,,9404,109,4,,2,96,,9398,109,4,,2,105,,9408,109,4,,2,100,,9396,109,4,,2,98,,9409,109,4,,2,100,,9393,109,4,,2,98,,9394,109,4,,2,100,,9395,109,4,,2,99,,9397,109,4,,2
5202,'SAM',702,,9421,109,4,,2,112,,9417,109,4,,2,101,,9420,109,4,,2,100,,9416,109,4,,2,99,,9418,109,4,,2,101,,9426,109,4,,2,99,,9424,109,4,,2,102,,9425,109,4,,2,102,,9422,109,4,,2,100,,9419,109,4,,2,97,,9423,109,4,,2,103,,9413,109,4,,2,99,,9414,109,4,,2,99,,9415,109,4,,2,98,,9410,109,4,,2,100,,9411,109,4,,2,99,,9412,109,4,,2
5202,'SEM',627,,9437,109,4,,2,93,,9445,109,4,,2,25,,9428,109,4,,2,71,,9441,109,4,,2,103,,9438,109,4,,2,100,,9439,109,4,,2,100,,9440,109,4,,2,97,,9427,109,4,,2,103,,9442,109,4,,2,101,,9444,109,4,,2,102,,9443,109,4,,2,102,,9429,109,4,,2,99,,9430,109,4,,2,97,,9431,109,4,,2,98,,9436,109,4,,2,100,,9435,109,4,,2,101,,9432,109,4,,2,100,,9433,109,4,,2,95,,9434,109,4,,2
25202,'SEM',556,,11503,61,4,,2,99,,11505,61,4,,2,182,,11504,61,4,,2
33504,'DIM',1117,,11607,5,4,,2
33504,'SAM',1117,,11608,5,4,,2
33504,'SEM',1117,,11609,5,4,,2
