2202,'DIM',723,,7078,28,,,2,100,,7077,28,,,2,100,,7076,28,,,2,100,,6315,28,,,2,101,,7079,28,,,2,100,,7081,28,,,2,96,,7080,28,,,2,106,,7075,28,,,2,98,,7069,28,,,2,114,,7082,28,,,2,88,,7071,28,,,2,100,,7072,28,,,2,98,,7074,28,,,2,101,,7073,28,,,2,100,,7068,28,,,2,100,,7070,28,,,2
2202,'SAM',625,,7099,12,,,2,98,,7093,28,,,2,100,,7090,28,,,2,100,,7089,28,,,2,98,,7095,28,,,2,103,,7094,28,,,2,100,,7092,28,,,2,96,,7098,28,,,2,104,,7091,28,,,2,100,,7097,28,,,2,112,,7096,28,,,2,90,,7084,28,,,2,100,,7086,28,,,2,98,,7083,28,,,2,101,,7085,28,,,2,100,,7088,28,,,2,100,,7087,28,,,2
2202,'SEM',600,,6230,28,,,2,18,,7111,28,,,2,105,,7118,28,,,2,31,,7108,28,,,2,70,,7100,28,,,2,98,,7102,28,,,2,31,,7101,28,,,2,69,,7119,28,,,2,101,,7106,28,,,2,100,,7117,28,,,2,100,,7120,28,,,2,102,,7105,28,,,2,100,,7107,28,,,2,102,,7103,28,,,2,24,,7104,28,,,2,75,,7110,28,,,2,99,,7109,28,,,2,100,,7116,28,,,2,101,,7115,28,,,2,98,,7113,28,,,2,107,,7112,28,,,2,96,,7114,28,,,2
5002,'DIM',602,,9269,5,,,1,100,,2653,5,,,1,100,,9252,5,,,1,56,,9267,5,,,1,147,,9260,5,,,1,25,,9270,5,,,1,77,,9262,5,,,1,24,,9274,5,,,1,79,,9272,5,,,1,22,,9273,5,,,1,75,,9275,5,,,1,29,,9261,5,,,1,72,,9263,5,,,1,36,,9276,5,,,1,69,,9265,5,,,1,34,,9264,5,,,1,70,,9271,5,,,1,26,,9268,5,,,1,71,,9266,5,,,1,100,,9254,5,,,1,99,,9256,5,,,1,99,,9259,5,,,1,99,,9253,5,,,1,98,,9257,5,,,1,98,,9255,5,,,1,100,,9258,5,,,1
5002,'SAM',602,,9284,5,,,1,100,,9287,5,,,1,100,,9278,5,,,1,99,,9299,5,,,1,104,,9298,5,,,1,25,,9297,5,,,1,76,,9295,5,,,1,25,,9279,5,,,1,79,,9302,5,,,1,22,,9301,5,,,1,75,,9280,5,,,1,29,,9291,5,,,1,72,,9293,5,,,1,36,,9296,5,,,1,69,,9292,5,,,1,34,,9294,5,,,1,70,,9282,5,,,1,26,,9283,5,,,1,71,,9277,5,,,1,100,,9300,5,,,1,99,,9288,5,,,1,99,,9290,5,,,1,99,,9289,5,,,1,98,,9285,5,,,1,98,,9281,5,,,1,100,,9286,5,,,1
5002,'SEM',450,,9309,5,,,1,75,,9332,5,,,1,30,,9328,5,,,1,70,,9303,5,,,1,75,,9336,5,,,1,31,,9329,5,,,1,24,,9304,5,,,1,75,,9322,5,,,1,26,,9307,5,,,1,71,,9334,5,,,1,26,,9335,5,,,1,73,,9331,5,,,1,27,,9306,5,,,1,73,,9310,5,,,1,28,,9330,5,,,1,72,,9318,5,,,1,32,,9333,5,,,1,70,,9311,5,,,1,30,,9314,5,,,1,81,,9305,5,,,1,67,,9315,5,,,1,37,,9308,5,,,1,72,,9323,5,,,1,31,,9312,5,,,1,70,,9313,5,,,1,30,,9321,5,,,1,70,,9316,5,,,1,30,,9320,5,,,1,105,,9324,5,,,1,105,,9319,5,,,1,101,,9317,5,,,1,150,,9326,5,,,1,105,,9325,5,,,1,98,,9327,5,,,1
5802,'DIM',601,,9712,5,,,2,100,,9719,5,,,2,51,,9716,5,,,2,100,,9720,5,,,2,100,,9723,5,,,2,99,,9715,5,,,2,101,,9725,5,,,2,100,,9722,5,,,2,101,,9718,5,,,2,99,,9721,5,,,2,101,,9717,5,,,2,99,,9711,5,,,2,101,,9724,5,,,2,101,,9708,5,,,2,100,,9714,5,,,2,99,,9710,5,,,2,99,,9709,5,,,2,99,,9713,5,,,2
5802,'SAM',601,,9743,5,,,2,100,,9735,5,,,2,51,,9734,5,,,2,100,,9739,5,,,2,100,,9737,5,,,2,99,,9740,5,,,2,101,,9742,5,,,2,100,,9726,5,,,2,98,,9733,5,,,2,101,,9738,5,,,2,101,,9736,5,,,2,101,,9741,5,,,2,100,,9728,5,,,2,101,,9731,5,,,2,100,,9727,5,,,2,99,,9732,5,,,2,99,,9729,5,,,2,99,,9730,5,,,2
5802,'SEM',520,,9762,5,,,2,34,,9755,5,,,2,62,,9754,5,,,2,39,,9763,5,,,2,75,,9765,5,,,2,29,,9747,5,,,2,73,,9746,5,,,2,83,,9750,5,,,2,99,,9766,5,,,2,100,,9744,5,,,2,100,,9751,5,,,2,100,,9764,5,,,2,101,,9745,5,,,2,25,,9748,5,,,2,69,,9752,5,,,2,101,,9758,5,,,2,33,,9749,5,,,2,95,,9753,5,,,2,96,,9760,5,,,2,100,,9759,5,,,2,100,,9761,5,,,2,98,,9757,5,,,2,99,,9756,5,,,2
22202,'DIM',1437,,4994,17,,,2
22202,'SAM',1437,,11491,17,,,2,898,,11489,17,,,2,100,,11490,17,,,2
22202,'SEM',537,,11498,17,,,2,119,,11493,17,,,2,81,,11494,17,,,2,767,,11497,17,,,2,35,,11492,17,,,2,703,,11495,17,,,2,65,,11496,17,,,2
32202,'SAM',2550,,11601,11,,,2
32202,'SEM',2419,,11602,11,,,2,84,,11603,11,,,2
