202,'SAM',2618,,6708,6,,,1,41,,6709,6,,,1
202,'SEM',518,,6714,6,,,1,30,,6715,6,,,1,55,,6710,6,,,1,1999,,6711,6,,,1,41,,6712,6,,,1,81,,6713,6,,,1
1703,'DIM',613,,6801,4,,,1,89,,6794,4,,,1,99,,100,4,,,1,100,,6796,4,,,1,57,,6797,4,,,1,101,,6793,4,,,1,100,,6799,4,,,1,99,,6795,4,,,1,101,,6798,4,,,1,100,,6800,4,,,1,142,,6783,4,,,1,99,,6787,4,,,1,59,,6786,4,,,1,141,,6785,4,,,1,59,,6788,4,,,1,100,,6791,4,,,1,141,,6784,4,,,1,100,,6789,4,,,1,102,,6790,4,,,1,120,,6792,4,,,1
1703,'SAM',536,,6813,4,,,1,77,,6819,4,,,1,89,,121,4,,,1,99,,6810,4,,,1,100,,6812,4,,,1,57,,6814,4,,,1,100,,6818,4,,,1,101,,6816,4,,,1,100,,6811,4,,,1,100,,6817,4,,,1,100,,6815,4,,,1,142,,6820,4,,,1,100,,6821,4,,,1,99,,6802,4,,,1,100,,6807,4,,,1,59,,6804,4,,,1,100,,6803,4,,,1,141,,6805,4,,,1,100,,6808,4,,,1,102,,6809,4,,,1,120,,6806,4,,,1
1703,'SEM',555,,6839,4,,,1,102,,6841,4,,,1,145,,6840,4,,,1,55,,6825,4,,,1,100,,6838,4,,,1,100,,6837,4,,,1,100,,6843,4,,,1,100,,6826,4,,,1,100,,6823,4,,,1,98,,6842,4,,,1,75,,6845,4,,,1,20,,6844,4,,,1,76,,6822,4,,,1,23,,6833,4,,,1,78,,6824,4,,,1,80,,6827,4,,,1,30,,6830,4,,,1,69,,6835,4,,,1,99,,6836,4,,,1,100,,6828,4,,,1,101,,6829,4,,,1,100,,6831,4,,,1,100,,6832,4,,,1,104,,6834,4,,,1
2201,'DIM',627,,7023,4,,,2,101,,7027,4,,,2,104,,7026,4,,,2,98,,7025,4,,,2,101,,7022,4,,,2,99,,7024,4,,,2,101,,7029,4,,,2,101,,7031,4,,,2,96,,7028,4,,,2,105,,7030,4,,,2,100,,7016,4,,,2,100,,7018,4,,,2,97,,7017,4,,,2,102,,7020,4,,,2,100,,7019,4,,,2,100,,7021,4,,,2
2201,'SAM',627,,7040,4,,,2,101,,7042,4,,,2,104,,7039,4,,,2,98,,7041,4,,,2,102,,7044,4,,,2,99,,7048,4,,,2,101,,7047,4,,,2,100,,7043,4,,,2,96,,7045,4,,,2,102,,7046,4,,,2,103,,7033,4,,,2,101,,7036,4,,,2,96,,7034,4,,,2,102,,7032,4,,,2,100,,7038,4,,,2,100,,7037,4,,,2,100,,7035,4,,,2
2201,'SEM',621,,7064,4,,,2,99,,7052,4,,,2,95,,7050,4,,,2,40,,7049,4,,,2,74,,7066,4,,,2,101,,7051,4,,,2,100,,7065,4,,,2,100,,7067,4,,,2,100,,7054,4,,,2,96,,7055,4,,,2,103,,7053,4,,,2,100,,7059,4,,,2,100,,7057,4,,,2,100,,7056,4,,,2,99,,7058,4,,,2,104,,7062,4,,,2,100,,7060,4,,,2,95,,7061,4,,,2,99,,7063,4,,,2
2703,'DIM',855,,7609,4,,,2,100,,7612,4,,,2,98,,7614,4,,,2,102,,7608,4,,,2,95,,7616,4,,,2,106,,7611,4,,,2,101,,7613,4,,,2,100,,7610,4,,,2,100,,7615,4,,,2,100,,7602,4,,,2,100,,7604,4,,,2,98,,7603,4,,,2,100,,7607,4,,,2,100,,7601,4,,,2,102,,7600,4,,,2,100,,7605,4,,,2,100,,7606,4,,,2
2703,'SAM',655,,7626,4,,,2,100,,7627,4,,,2,100,,7625,4,,,2,100,,7635,4,,,2,100,,7629,4,,,2,100,,7632,4,,,2,94,,7628,4,,,2,107,,7630,4,,,2,102,,7631,4,,,2,99,,7624,4,,,2,94,,7633,4,,,2,106,,7634,4,,,2,100,,7619,4,,,2,98,,7622,4,,,2,100,,7617,4,,,2,100,,7618,4,,,2,102,,7620,4,,,2,100,,7621,4,,,2,100,,7623,4,,,2
2703,'SEM',802,,7653,4,,,2,50,,7638,4,,,2,100,,7644,4,,,2,100,,7637,4,,,2,99,,7655,4,,,2,90,,7652,4,,,2,103,,7656,4,,,2,100,,7641,4,,,2,81,,7639,4,,,2,81,,7654,4,,,2,15,,7636,4,,,2,30,,7643,4,,,2,80,,7640,4,,,2,25,,7651,4,,,2,96,,7647,4,,,2,87,,7650,4,,,2,103,,7646,4,,,2,102,,7642,4,,,2,100,,7645,4,,,2,100,,7648,4,,,2,100,,7649,4,,,2
3103,'DIM',632,,7731,6,,,1,99,,7730,6,,,1,98,,1058,6,,,1,99,,7735,6,,,1,99,,7734,6,,,1,100,,7732,6,,,1,102,,7721,6,,,1,100,,7733,6,,,1,99,,7720,6,,,1,102,,7719,6,,,1,99,,7724,6,,,1,99,,7726,6,,,1,103,,7725,6,,,1,97,,7727,6,,,1,101,,7723,6,,,1,101,,7722,6,,,1,100,,7728,6,,,1,101,,7729,6,,,1
3103,'SAM',632,,7748,6,,,1,99,,7747,6,,,1,98,,1075,6,,,1,99,,7752,6,,,1,99,,7753,6,,,1,100,,7749,6,,,1,100,,7745,6,,,1,101,,7750,6,,,1,100,,7746,6,,,1,102,,7751,6,,,1,100,,7740,6,,,1,99,,7742,6,,,1,100,,7738,6,,,1,100,,7743,6,,,1,100,,7736,6,,,1,101,,7737,6,,,1,100,,7739,6,,,1,102,,7741,6,,,1,95,,7744,6,,,1
3103,'SEM',627,,7775,6,,,1,99,,7773,6,,,1,100,,7774,6,,,1,99,,7754,6,,,1,101,,7755,6,,,1,100,,7757,6,,,1,100,,7776,6,,,1,100,,7756,6,,,1,100,,7761,6,,,1,98,,7762,6,,,1,11,,7763,6,,,1,76,,7758,6,,,1,30,,7767,6,,,1,80,,7764,6,,,1,30,,7760,6,,,1,76,,7772,6,,,1,30,,7759,6,,,1,76,,7771,6,,,1,100,,7765,6,,,1,101,,7768,6,,,1,101,,7769,6,,,1,98,,7766,6,,,1,114,,7770,6,,,1
4303,'DIM',632,,8647,4,,,1,100,,8649,4,,,1,100,,8653,4,,,1,100,,8651,4,,,1,105,,8652,4,,,1,101,,8650,4,,,1,100,,8656,4,,,1,99,,8654,4,,,1,103,,8655,4,,,1,97,,8637,4,,,1,100,,8638,4,,,1,104,,8640,4,,,1,92,,8643,4,,,1,99,,8642,4,,,1,100,,8639,4,,,1,100,,8641,4,,,1,100,,8648,4,,,1,100,,8644,4,,,1,100,,8646,4,,,1,100,,8645,4,,,1
4303,'SAM',632,,8668,4,,,1,100,,8658,4,,,1,100,,8673,4,,,1,100,,8659,4,,,1,105,,8660,4,,,1,101,,8671,4,,,1,100,,8669,4,,,1,99,,8674,4,,,1,102,,8670,4,,,1,101,,8672,4,,,1,99,,8657,4,,,1,98,,8675,4,,,1,96,,8664,4,,,1,99,,8661,4,,,1,100,,2041,4,,,1,100,,8662,4,,,1,100,,8663,4,,,1,100,,8667,4,,,1,100,,8665,4,,,1,100,,8666,4,,,1
4303,'SEM',632,,8697,4,,,1,100,,8698,4,,,1,81,,8679,4,,,1,104,,8699,4,,,1,31,,8678,4,,,1,69,,8695,4,,,1,30,,8685,4,,,1,70,,8681,4,,,1,30,,8701,4,,,1,70,,8700,4,,,1,30,,8696,4,,,1,72,,8682,4,,,1,28,,8683,4,,,1,70,,8687,4,,,1,30,,8702,4,,,1,70,,8677,4,,,1,25,,8684,4,,,1,70,,8680,4,,,1,19,,8703,4,,,1,76,,8686,4,,,1,31,,8676,4,,,1,71,,8692,4,,,1,102,,8693,4,,,1,101,,8694,4,,,1,101,,8688,4,,,1,101,,8689,4,,,1,110,,8690,4,,,1,106,,8691,4,,,1
4803,'DIM',702,,9047,4,,,1,103,,9051,4,,,1,102,,9055,4,,,1,99,,9038,4,,,1,102,,9048,4,,,1,100,,9049,4,,,1,95,,9054,4,,,1,105,,9050,4,,,1,99,,9052,4,,,1,101,,9039,4,,,1,100,,9053,4,,,1,100,,9041,4,,,1,95,,9045,4,,,1,100,,9044,4,,,1,100,,9043,4,,,1,99,,2438,4,,,1,100,,9040,4,,,1,35,,9042,4,,,1,121,,9046,4,,,1
4803,'SAM',602,,2450,4,,,1,100,,9067,4,,,1,102,,9070,4,,,1,103,,9074,4,,,1,99,,9065,4,,,1,101,,9073,4,,,1,100,,9068,4,,,1,94,,9071,4,,,1,106,,9069,4,,,1,100,,9066,4,,,1,101,,9072,4,,,1,100,,9059,4,,,1,100,,9061,4,,,1,95,,9057,4,,,1,100,,9056,4,,,1,98,,9058,4,,,1,101,,9063,4,,,1,100,,9064,4,,,1,35,,9060,4,,,1,121,,9062,4,,,1
4803,'SEM',557,,9096,4,,,1,60,,9098,4,,,1,37,,9087,4,,,1,73,,9099,4,,,1,31,,9102,4,,,1,64,,9083,4,,,1,80,,9082,4,,,1,30,,9077,4,,,1,95,,9084,4,,,1,100,,9079,4,,,1,100,,9078,4,,,1,100,,9100,4,,,1,80,,9075,4,,,1,100,,9080,4,,,1,35,,9097,4,,,1,65,,9076,4,,,1,30,,9101,4,,,1,70,,9088,4,,,1,30,,9081,4,,,1,70,,9089,4,,,1,95,,9094,4,,,1,100,,9085,4,,,1,100,,9086,4,,,1,99,,9090,4,,,1,100,,9092,4,,,1,99,,9091,4,,,1,51,,9093,4,,,1,73,,9095,4,,,1
5801,'DIM',522,,9661,4,,,2,100,,9643,4,,,2,90,,9652,4,,,2,99,,9655,4,,,2,99,,9658,4,,,2,100,,9651,4,,,2,102,,9660,4,,,2,98,,9657,4,,,2,102,,9654,4,,,2,99,,9656,4,,,2,102,,9653,4,,,2,99,,9646,4,,,2,101,,9659,4,,,2,100,,9642,4,,,2,99,,9650,4,,,2,99,,9645,4,,,2,101,,9644,4,,,2,100,,9648,4,,,2,99,,9647,4,,,2,110,,9649,4,,,2
5801,'SAM',522,,9681,4,,,2,100,,9673,4,,,2,90,,9672,4,,,2,99,,9677,4,,,2,100,,9675,4,,,2,99,,9678,4,,,2,102,,9680,4,,,2,98,,9662,4,,,2,100,,9671,4,,,2,101,,9676,4,,,2,101,,9674,4,,,2,101,,9679,4,,,2,100,,9665,4,,,2,101,,9669,4,,,2,98,,9663,4,,,2,99,,9670,4,,,2,101,,9666,4,,,2,100,,9668,4,,,2,99,,9664,4,,,2,110,,9667,4,,,2
5801,'SEM',512,,9695,4,,,2,28,,9692,4,,,2,82,,9705,4,,,2,82,,9693,4,,,2,46,,9699,4,,,2,85,,9686,4,,,2,99,,9706,4,,,2,100,,9682,4,,,2,100,,9687,4,,,2,100,,9704,4,,,2,100,,9683,4,,,2,86,,9694,4,,,2,31,,9684,4,,,2,72,,9707,4,,,2,28,,9689,4,,,2,75,,9691,4,,,2,28,,9690,4,,,2,68,,9685,4,,,2,29,,9703,4,,,2,70,,9688,4,,,2,30,,9701,4,,,2,100,,9702,4,,,2,100,,9697,4,,,2,99,,9696,4,,,2,100,,9698,4,,,2,100,,9700,4,,,2
6002,'DIM',652,,9823,4,,,1,100,,9832,4,,,1,99,,9830,4,,,1,99,,9831,4,,,1,100,,9833,4,,,1,100,,9836,4,,,1,100,,9834,4,,,1,100,,9837,4,,,1,100,,9835,4,,,1,100,,9838,4,,,1,99,,9839,4,,,1,101,,9825,4,,,1,101,,9827,4,,,1,101,,9826,4,,,1,101,,9828,4,,,1,100,,9822,4,,,1,100,,9824,4,,,1,99,,9829,4,,,1
6002,'SAM',652,,9851,4,,,1,100,,9842,4,,,1,99,,9854,4,,,1,99,,9856,4,,,1,100,,9852,4,,,1,100,,9855,4,,,1,100,,9853,4,,,1,100,,9841,4,,,1,100,,9857,4,,,1,100,,9840,4,,,1,99,,9844,4,,,1,103,,9849,4,,,1,99,,9845,4,,,1,101,,9846,4,,,1,101,,9850,4,,,1,100,,9843,4,,,1,100,,9847,4,,,1,99,,9848,4,,,1
6002,'SEM',623,,9875,4,,,1,100,,9873,4,,,1,100,,9859,4,,,1,99,,9876,4,,,1,100,,9874,4,,,1,101,,9864,4,,,1,100,,9858,4,,,1,99,,9860,4,,,1,101,,9872,4,,,1,98,,9861,4,,,1,100,,9866,4,,,1,108,,9863,4,,,1,94,,9869,4,,,1,101,,9867,4,,,1,99,,9862,4,,,1,100,,9865,4,,,1,99,,9868,4,,,1,90,,9871,4,,,1,100,,9870,4,,,1
7002,'DIM',656,,10489,4,,,1,102,,10496,4,,,1,100,,3943,4,,,1,100,,10492,4,,,1,68,,10493,4,,,1,33,,10495,4,,,1,69,,10485,4,,,1,24,,10494,4,,,1,75,,10491,4,,,1,25,,10500,4,,,1,79,,10498,4,,,1,27,,10501,4,,,1,76,,10483,4,,,1,25,,10497,4,,,1,71,,10503,4,,,1,23,,10499,4,,,1,78,,10502,4,,,1,28,,10487,4,,,1,76,,10505,4,,,1,75,,3946,4,,,1,97,,10504,4,,,1,95,,10482,4,,,1,55,,10484,4,,,1,101,,10488,4,,,1,99,,10486,4,,,1,143,,10490,4,,,1
7002,'SAM',655,,10532,4,,,1,103,,10512,4,,,1,100,,10520,4,,,1,100,,10519,4,,,1,65,,10528,4,,,1,36,,10533,4,,,1,69,,10530,4,,,1,23,,10524,4,,,1,75,,10523,4,,,1,26,,10522,4,,,1,79,,10525,4,,,1,75,,10521,4,,,1,27,,10531,4,,,1,25,,10529,4,,,1,68,,10527,4,,,1,26,,10526,4,,,1,79,,10515,4,,,1,69,,10511,4,,,1,36,,10513,4,,,1,75,,10508,4,,,1,96,,10517,4,,,1,95,,10509,4,,,1,56,,10510,4,,,1,100,,10516,4,,,1,99,,10514,4,,,1,143,,10518,4,,,1
7002,'SEM',530,,10541,4,,,1,96,,10561,4,,,1,26,,10562,4,,,1,73,,10540,4,,,1,76,,10543,4,,,1,27,,10545,4,,,1,30,,10560,4,,,1,70,,10538,4,,,1,30,,10567,4,,,1,70,,10546,4,,,1,27,,10568,4,,,1,73,,10563,4,,,1,26,,10565,4,,,1,74,,10564,4,,,1,29,,10539,4,,,1,70,,10566,4,,,1,24,,10559,4,,,1,76,,10544,4,,,1,31,,10547,4,,,1,70,,10542,4,,,1,30,,10536,4,,,1,73,,10537,4,,,1,28,,10550,4,,,1,73,,10551,4,,,1,26,,10555,4,,,1,73,,10554,4,,,1,91,,10552,4,,,1,83,,10556,4,,,1,54,,10548,4,,,1,152,,10553,4,,,1,106,,10549,4,,,1,99,,10558,4,,,1,105,,10557,4,,,1
7303,'DIM',647,,10582,4,,,1,99,,10579,4,,,1,99,,10580,4,,,1,98,,10583,4,,,1,100,,10586,4,,,1,100,,10581,4,,,1,100,,10584,4,,,1,101,,10578,4,,,1,99,,10585,4,,,1,102,,10587,4,,,1,99,,10572,4,,,1,100,,10569,4,,,1,101,,10575,4,,,1,99,,10571,4,,,1,100,,10570,4,,,1,101,,10573,4,,,1,100,,10574,4,,,1,102,,10577,4,,,1,105,,10576,4,,,1
7303,'SAM',554,,10601,4,,,1,93,,10598,4,,,1,99,,10597,4,,,1,99,,10602,4,,,1,98,,10604,4,,,1,101,,10600,4,,,1,99,,10591,4,,,1,100,,10603,4,,,1,101,,10599,4,,,1,99,,10605,4,,,1,102,,10606,4,,,1,101,,10590,4,,,1,99,,10588,4,,,1,99,,10589,4,,,1,100,,10593,4,,,1,100,,10592,4,,,1,101,,4040,4,,,1,100,,10594,4,,,1,102,,4041,4,,,1,105,,10595,4,,,1,100,,4042,4,,,1,100,,10596,4,,,1
7303,'SEM',540,,10643,4,,,1,66,,10640,4,,,1,38,,10639,4,,,1,10,,10644,4,,,1,78,,10633,4,,,1,15,,10609,4,,,1,83,,10641,4,,,1,12,,10608,4,,,1,70,,10626,4,,,1,31,,10642,4,,,1,69,,10610,4,,,1,31,,10615,4,,,1,69,,10625,4,,,1,31,,10616,4,,,1,69,,10645,4,,,1,30,,10611,4,,,1,70,,10614,4,,,1,30,,10620,4,,,1,70,,10607,4,,,1,30,,10617,4,,,1,75,,10646,4,,,1,24,,10627,4,,,1,15,,10619,4,,,1,61,,10612,4,,,1,16,,10613,4,,,1,23,,10623,4,,,1,57,,10621,4,,,1,30,,10634,4,,,1,16,,10622,4,,,1,56,,10618,4,,,1,33,,10628,4,,,1,70,,10631,4,,,1,32,,10624,4,,,1,100,,10636,4,,,1,100,,10629,4,,,1,100,,10635,4,,,1,100,,10630,4,,,1,81,,10632,4,,,1,95,,10637,4,,,1,121,,10638,4,,,1
7401,'DIM',717,,10736,4,,,2,98,,10737,4,,,2,101,,10740,4,,,2,97,,10739,4,,,2,101,,10741,4,,,2,100,,10738,4,,,2,100,,10735,4,,,2,99,,10734,4,,,2,102,,10742,4,,,2,99,,10728,4,,,2,102,,10729,4,,,2,99,,10731,4,,,2,100,,10732,4,,,2,99,,10733,4,,,2,101,,10727,4,,,2,100,,10726,4,,,2,101,,10730,4,,,2
7401,'SAM',717,,10751,4,,,2,98,,10753,4,,,2,101,,10752,4,,,2,98,,10755,4,,,2,100,,10757,4,,,2,100,,10759,4,,,2,101,,10754,4,,,2,98,,10758,4,,,2,101,,10756,4,,,2,100,,10743,4,,,2,101,,10746,4,,,2,101,,10748,4,,,2,100,,10747,4,,,2,98,,10749,4,,,2,101,,10744,4,,,2,100,,10750,4,,,2,101,,10745,4,,,2
7401,'SEM',619,,10776,4,,,2,95,,10760,4,,,2,100,,10775,4,,,2,103,,10764,4,,,2,101,,10765,4,,,2,101,,10779,4,,,2,98,,10763,4,,,2,101,,10778,4,,,2,100,,10777,4,,,2,93,,10762,4,,,2,93,,10766,4,,,2,101,,10761,4,,,2,30,,10768,4,,,2,85,,10774,4,,,2,101,,10767,4,,,2,101,,10770,4,,,2,100,,10771,4,,,2,100,,10769,4,,,2,100,,10772,4,,,2,95,,10773,4,,,2
22201,'DIM',1359,,11475,4,,,2,854,,11473,4,,,2,43,,11474,4,,,2
22201,'SAM',1359,,11480,4,,,2,854,,11476,4,,,2,43,,11477,4,,,2,100,,11479,4,,,2,152,,11478,4,,,2
22201,'SEM',700,,11481,4,,,2,10,,11482,4,,,2,643,,11483,4,,,2,100,,11484,4,,,2,105,,11488,4,,,2,100,,11486,4,,,2,90,,11485,4,,,2,667,,11487,4,,,2
32201,'DIM',507,,11591,5,,,2,799,,11593,4,,,2,802,,11592,4,,,2
32201,'SAM',507,,11594,5,,,2,799,,11595,4,,,2
32201,'SEM',508,,11596,5,,,2,19,,11597,5,,,2,27,,11598,5,,,2,755,,11599,4,,,2,799,,11600,4,,,2
34503,'SEM',433,,11610,6,,,1,100,,11611,6,,,1
