4504,'DIM',635,,8845,50,,,1,100,,8838,50,,,1,100,,8846,50,,,1,101,,8848,50,,,1,99,,8852,50,,,1,97,,8853,50,,,1,103,,8849,50,,,1,98,,8844,50,,,1,108,,8842,50,,,1,98,,8836,50,,,1,100,,8851,50,,,1,96,,8847,50,,,1,100,,8850,50,,,1,102,,8837,50,,,1,101,,8843,50,,,1,101,,8839,50,,,1,100,,8840,50,,,1,99,,8841,50,,,1
4504,'SAM',635,,2249,50,,,1,100,,8867,50,,,1,100,,8864,50,,,1,101,,8868,50,,,1,99,,8866,50,,,1,101,,8855,50,,,1,98,,8865,50,,,1,102,,8854,50,,,1,104,,8860,50,,,1,101,,8869,50,,,1,98,,8857,50,,,1,96,,8870,50,,,1,100,,8858,50,,,1,102,,8862,50,,,1,101,,8856,50,,,1,101,,8861,50,,,1,100,,8859,50,,,1,99,,8863,50,,,1
4504,'SEM',552,,8890,50,,,1,55,,8891,50,,,1,44,,8896,50,,,1,84,,8876,50,,,1,19,,8874,50,,,1,58,,8872,50,,,1,17,,8889,50,,,1,90,,8875,50,,,1,106,,8893,50,,,1,112,,8888,50,,,1,96,,8878,50,,,1,94,,8877,50,,,1,100,,8894,50,,,1,83,,8873,50,,,1,25,,8871,50,,,1,72,,8892,50,,,1,30,,8895,50,,,1,78,,8880,50,,,1,34,,8883,50,,,1,81,,8884,50,,,1,102,,8882,50,,,1,104,,8881,50,,,1,102,,8885,50,,,1,90,,8887,50,,,1,100,,8879,50,,,1,95,,8886,50,,,1
5002,'DIM',622,,9269,41,,,1,100,,2653,41,,,1,102,,9252,41,,,1,97,,9267,41,,,1,107,,9260,41,,,1,25,,9270,41,,,1,77,,9262,41,,,1,24,,9274,41,,,1,79,,9272,41,,,1,22,,9273,41,,,1,75,,9275,41,,,1,29,,9261,41,,,1,73,,9263,41,,,1,76,,9276,41,,,1,29,,9265,41,,,1,74,,9264,41,,,1,30,,9271,41,,,1,66,,9268,41,,,1,31,,9266,41,,,1,99,,9254,41,,,1,99,,9256,41,,,1,99,,9259,41,,,1,99,,9253,41,,,1,97,,9257,41,,,1,98,,9255,41,,,1,98,,9258,41,,,1
5002,'SAM',622,,9284,41,,,1,100,,9287,41,,,1,102,,9278,41,,,1,100,,9299,41,,,1,104,,9298,41,,,1,25,,9297,41,,,1,76,,9295,41,,,1,25,,9279,41,,,1,79,,9302,41,,,1,22,,9301,41,,,1,75,,9280,41,,,1,29,,9291,41,,,1,73,,9293,41,,,1,76,,9296,41,,,1,29,,9292,41,,,1,74,,9294,41,,,1,30,,9282,41,,,1,66,,9283,41,,,1,31,,9277,41,,,1,99,,9300,41,,,1,99,,9288,41,,,1,99,,9290,41,,,1,99,,9289,41,,,1,97,,9285,41,,,1,98,,9281,41,,,1,98,,9286,41,,,1
5002,'SEM',511,,9309,41,,,1,36,,9332,41,,,1,71,,9328,41,,,1,30,,9303,41,,,1,77,,9336,41,,,1,32,,9329,41,,,1,63,,9304,41,,,1,35,,9322,41,,,1,66,,9307,41,,,1,31,,9334,41,,,1,66,,9335,41,,,1,33,,9331,41,,,1,68,,9306,41,,,1,33,,9310,41,,,1,68,,9330,41,,,1,32,,9318,41,,,1,72,,9333,41,,,1,30,,9311,41,,,1,70,,9314,41,,,1,82,,9305,41,,,1,26,,9315,41,,,1,78,,9308,41,,,1,33,,9323,41,,,1,70,,9312,41,,,1,28,,9313,41,,,1,69,,9321,41,,,1,29,,9316,41,,,1,70,,9320,41,,,1,104,,9324,41,,,1,104,,9319,41,,,1,101,,9317,41,,,1,110,,9326,41,,,1,103,,9325,41,,,1,97,,9327,41,,,1
6002,'DIM',704,,9823,23,,,1,101,,9832,23,,,1,99,,9830,23,,,1,100,,9831,23,,,1,100,,9833,23,,,1,100,,9836,23,,,1,101,,9834,23,,,1,100,,9837,23,,,1,100,,9835,23,,,1,99,,9838,23,,,1,99,,9839,23,,,1,100,,9825,23,,,1,101,,9827,23,,,1,101,,9826,23,,,1,101,,9828,23,,,1,100,,9822,23,,,1,100,,9824,23,,,1,98,,9829,23,,,1
6002,'SAM',704,,9851,23,,,1,101,,9842,23,,,1,99,,9854,23,,,1,100,,9856,23,,,1,100,,9852,23,,,1,100,,9855,23,,,1,101,,9853,23,,,1,100,,9841,23,,,1,100,,9857,23,,,1,99,,9840,23,,,1,99,,9844,23,,,1,102,,9849,23,,,1,99,,9845,23,,,1,101,,9846,23,,,1,101,,9850,23,,,1,100,,9843,23,,,1,100,,9847,23,,,1,98,,9848,23,,,1
6002,'SEM',636,,9875,23,,,1,100,,9873,23,,,1,101,,9859,23,,,1,100,,9876,23,,,1,100,,9874,23,,,1,102,,9864,23,,,1,100,,9858,23,,,1,99,,9860,23,,,1,101,,9872,23,,,1,99,,9861,23,,,1,101,,9866,23,,,1,106,,9863,23,,,1,92,,9869,23,,,1,100,,9867,23,,,1,99,,9862,23,,,1,100,,9865,23,,,1,99,,9868,23,,,1,89,,9871,23,,,1,100,,9870,23,,,1
34504,'SEM',2518,,11613,20,,,1,118,,11612,20,,,1
