20301,'DIM',1820,,11432,1,,,2,100,,11430,1,,,2,100,,11427,1,,,2,100,,11428,1,,,2,100,,11429,1,,,2,100,,11431,1,,,2
20301,'SAM',1820,,11436,1,,,2,100,,11433,1,,,2,100,,11434,1,,,2,100,,11435,1,,,2,100,,11437,1,,,2,100,,11438,1,,,2
20301,'SEM',1528,,11443,1,,,2,112,,11440,1,,,2,99,,11439,1,,,2,103,,11444,1,,,2,70,,11442,1,,,2,44,,11447,1,,,2,100,,11449,1,,,2,100,,11441,1,,,2,100,,11445,1,,,2,144,,11446,1,,,2,112,,11448,1,,,2
20302,'DIM',606,,11455,48,4,,2,100,,11456,48,4,,2,99,,11457,48,4,,2,1202,,11453,48,4,,2,100,,11450,48,4,,2,100,,11451,48,4,,2,100,,11452,48,4,,2,100,,11454,48,4,,2
20302,'SAM',606,,11463,48,4,,2,100,,11464,48,4,,2,99,,11465,48,4,,2,1202,,11458,48,4,,2,100,,11459,48,4,,2,100,,11460,48,4,,2,100,,11461,48,4,,2,100,,11462,48,4,,2
20302,'SEM',526,,11471,48,4,,2,87,,11472,48,4,,2,35,,11466,48,4,,2,81,,11468,48,4,,2,116,,11467,48,4,,2,1498,,11469,48,4,,2,103,,11470,48,4,,2
90301,'DIM',812,,11665,1,,,2,105,,11663,1,,,2,100,,11666,1,,,2,97,,11664,1,,,2,97,,11670,1,,,2,102,,11669,1,,,2,101,,11671,1,,,2,105,,11667,1,,,2,96,,11668,1,,,2,104,,5232,1,,,2
90301,'SAM',618,,5244,1,,,2,99,,11676,1,,,2,95,,11678,1,,,2,105,,11677,1,,,2,99,,11680,1,,,2,96,,11679,1,,,2,99,,11681,1,,,2,102,,11675,1,,,2,100,,11682,1,,,2,106,,11672,1,,,2,96,,11674,1,,,2,100,,11673,1,,,2
90301,'SEM',501,,11691,1,,,2,40,,11694,1,,,2,60,,11699,1,,,2,12,,11701,1,,,2,11,,11698,1,,,2,10,,11700,1,,,2,10,,11683,1,,,2,15,,11686,1,,,2,60,,11693,1,,,2,26,,11695,1,,,2,70,,11702,1,,,2,103,,11685,1,,,2,100,,11690,1,,,2,99,,11684,1,,,2,100,,11697,1,,,2,100,,11696,1,,,2,100,,11688,1,,,2,40,,11703,1,,,2,147,,11689,1,,,2,107,,11687,1,,,2,93,,11692,1,,,2
90302,'DIM',910,,11706,58,4,,2,100,,11708,58,4,,2,97,,11707,58,4,,2,97,,11713,58,4,,2,102,,11712,58,4,,2,101,,11714,58,4,,2,104,,11709,58,4,,2,97,,11710,58,4,,2,104,,11704,58,4,,2,100,,11711,58,4,,2,100,,11705,58,4,,2
90302,'SAM',910,,11721,58,4,,2,99,,11724,58,4,,2,96,,11723,58,4,,2,100,,11722,58,4,,2,101,,11720,58,4,,2,100,,11725,58,4,,2,105,,11715,58,4,,2,97,,11717,58,4,,2,100,,11716,58,4,,2,104,,11718,58,4,,2,100,,11719,58,4,,2
90302,'SEM',807,,11730,58,4,,2,102,,11727,58,4,,2,101,,11736,58,4,,2,99,,11726,58,4,,2,101,,11744,58,4,,2,99,,11743,58,4,,2,101,,11733,58,4,,2,40,,11745,58,4,,2,106,,11734,58,4,,2,56,,11732,58,4,,2,21,,11731,58,4,,2,69,,11728,58,4,,2,30,,11729,58,4,,2,70,,11735,58,4,,2,33,,11739,58,4,,2,69,,11738,58,4,,2,39,,11740,58,4,,2,106,,11742,58,4,,2,100,,11737,58,4,,2,97,,11741,58,4,,2
