1704,'DIM',457,,6858,15,,,1,90,,6859,15,,,1,100,,6863,15,,,1,102,,6857,15,,,1,99,,165,15,,,1,100,,6861,15,,,1,101,,6862,15,,,1,100,,6864,15,,,1,101,,6865,15,,,1,101,,6860,15,,,1,102,,6846,15,,,1,99,,6847,15,,,1,100,,6850,15,,,1,101,,6852,15,,,1,99,,6851,15,,,1,98,,6849,15,,,1,100,,6853,15,,,1,101,,6856,15,,,1,99,,6848,15,,,1,99,,6854,15,,,1,96,,6855,15,,,1
1704,'SAM',457,,6878,15,,,1,90,,6879,15,,,1,100,,6885,15,,,1,102,,6882,15,,,1,99,,6877,15,,,1,100,,6881,15,,,1,101,,6886,15,,,1,100,,6884,15,,,1,101,,6883,15,,,1,101,,6880,15,,,1,101,,6867,15,,,1,100,,6868,15,,,1,101,,6870,15,,,1,100,,6872,15,,,1,99,,6866,15,,,1,98,,6874,15,,,1,100,,6871,15,,,1,101,,6869,15,,,1,99,,6873,15,,,1,99,,6875,15,,,1,96,,6876,15,,,1
1704,'SEM',509,,6901,15,,,1,92,,6906,15,,,1,22,,6909,15,,,1,22,,6888,15,,,1,66,,6892,15,,,1,35,,6893,15,,,1,61,,6887,15,,,1,98,,6890,15,,,1,44,,6891,15,,,1,100,,6894,15,,,1,100,,6905,15,,,1,100,,6907,15,,,1,100,,6896,15,,,1,102,,6908,15,,,1,100,,6889,15,,,1,105,,6897,15,,,1,96,,6895,15,,,1,98,,6898,15,,,1,101,,6903,15,,,1,101,,6904,15,,,1,100,,6899,15,,,1,100,,6900,15,,,1,100,,6902,15,,,1
3104,'DIM',617,,7789,25,,,1,102,,7790,25,,,1,100,,7788,25,,,1,100,,7794,25,,,1,100,,7795,25,,,1,100,,7793,25,,,1,100,,7791,25,,,1,103,,7779,25,,,1,101,,7792,25,,,1,100,,7778,25,,,1,101,,7777,25,,,1,99,,7782,25,,,1,98,,7784,25,,,1,103,,7783,25,,,1,96,,7785,25,,,1,101,,7781,25,,,1,100,,7780,25,,,1,98,,7786,25,,,1,102,,7787,25,,,1
3104,'SAM',518,,1137,25,,,1,99,,7805,25,,,1,102,,7808,25,,,1,100,,7807,25,,,1,100,,7810,25,,,1,100,,7813,25,,,1,100,,7814,25,,,1,100,,7809,25,,,1,102,,7804,25,,,1,101,,7811,25,,,1,101,,7806,25,,,1,101,,7812,25,,,1,100,,7800,25,,,1,98,,7802,25,,,1,100,,7798,25,,,1,99,,7803,25,,,1,100,,7796,25,,,1,100,,7797,25,,,1,98,,7799,25,,,1,102,,7801,25,,,1
3104,'SEM',441,,7823,25,,,1,77,,7824,25,,,1,90,,7835,25,,,1,21,,7837,25,,,1,23,,7817,25,,,1,73,,7836,25,,,1,28,,7833,25,,,1,69,,7831,25,,,1,35,,7832,25,,,1,61,,7834,25,,,1,100,,7815,25,,,1,101,,7816,25,,,1,100,,7819,25,,,1,101,,7838,25,,,1,100,,7818,25,,,1,102,,7821,25,,,1,100,,7822,25,,,1,96,,7820,25,,,1,105,,7825,25,,,1,97,,7830,25,,,1,105,,7829,25,,,1,100,,7826,25,,,1,102,,7827,25,,,1,100,,7828,25,,,1
3904,'DIM',818,,8142,15,,,1,112,,8136,15,,,1,82,,8143,15,,,1,30,,8146,15,,,1,73,,8137,15,,,1,27,,8135,15,,,1,73,,8145,15,,,1,29,,8140,15,,,1,74,,8129,15,,,1,27,,8144,15,,,1,70,,8138,15,,,1,31,,8139,15,,,1,72,,8128,15,,,1,30,,8141,15,,,1,71,,8124,15,,,1,31,,8125,15,,,1,68,,8130,15,,,1,28,,8131,15,,,1,70,,8132,15,,,1,43,,8133,15,,,1,98,,8126,15,,,1,100,,8134,15,,,1,100,,8127,15,,,1
3904,'SAM',818,,8162,15,,,1,112,,8155,15,,,1,82,,8166,15,,,1,30,,8156,15,,,1,70,,8147,15,,,1,30,,8153,15,,,1,76,,8159,15,,,1,26,,8157,15,,,1,74,,8163,15,,,1,27,,8154,15,,,1,70,,8160,15,,,1,31,,8161,15,,,1,71,,8167,15,,,1,31,,8158,15,,,1,72,,8164,15,,,1,24,,8165,15,,,1,74,,8168,15,,,1,28,,8169,15,,,1,70,,8148,15,,,1,86,,8149,15,,,1,57,,8151,15,,,1,98,,8150,15,,,1,100,,8152,15,,,1
3904,'SEM',613,,8193,15,,,1,27,,8186,15,,,1,14,,8192,15,,,1,51,,8174,15,,,1,29,,8189,15,,,1,71,,8170,15,,,1,31,,8187,15,,,1,70,,8194,15,,,1,35,,8172,15,,,1,67,,8173,15,,,1,33,,8184,15,,,1,69,,8188,15,,,1,31,,8190,15,,,1,68,,8181,15,,,1,32,,8185,15,,,1,67,,8191,15,,,1,38,,8171,15,,,1,74,,8176,15,,,1,30,,8178,15,,,1,71,,8179,15,,,1,101,,8195,15,,,1,112,,8182,15,,,1,99,,8183,15,,,1,105,,8175,15,,,1,100,,8177,15,,,1,94,,8180,15,,,1
4504,'DIM',615,,8845,15,,,1,100,,8838,15,,,1,99,,8846,15,,,1,101,,8848,15,,,1,99,,8852,15,,,1,97,,8853,15,,,1,102,,8849,15,,,1,98,,8844,15,,,1,108,,8842,15,,,1,98,,8836,15,,,1,100,,8851,15,,,1,96,,8847,15,,,1,101,,8850,15,,,1,103,,8837,15,,,1,101,,8843,15,,,1,101,,8839,15,,,1,100,,8840,15,,,1,100,,8841,15,,,1
4504,'SAM',615,,2249,15,,,1,100,,8867,15,,,1,99,,8864,15,,,1,101,,8868,15,,,1,99,,8866,15,,,1,101,,8855,15,,,1,97,,8865,15,,,1,102,,8854,15,,,1,104,,8860,15,,,1,101,,8869,15,,,1,98,,8857,15,,,1,96,,8870,15,,,1,101,,8858,15,,,1,103,,8862,15,,,1,101,,8856,15,,,1,101,,8861,15,,,1,100,,8859,15,,,1,100,,8863,15,,,1
4504,'SEM',532,,8890,15,,,1,15,,8891,15,,,1,80,,8896,15,,,1,84,,8876,15,,,1,18,,8874,15,,,1,18,,8872,15,,,1,57,,8889,15,,,1,51,,8875,15,,,1,146,,8893,15,,,1,111,,8888,15,,,1,96,,8878,15,,,1,94,,8877,15,,,1,100,,8894,15,,,1,42,,8873,15,,,1,65,,8871,15,,,1,31,,8892,15,,,1,70,,8895,15,,,1,38,,8880,15,,,1,77,,8883,15,,,1,81,,8884,15,,,1,104,,8882,15,,,1,105,,8881,15,,,1,102,,8885,15,,,1,90,,8887,15,,,1,100,,8879,15,,,1,95,,8886,15,,,1
