1703,'DIM',628,,6801,31,,,1,89,,6794,31,,,1,101,,100,31,,,1,101,,6796,31,,,1,97,,6797,31,,,1,102,,6793,31,,,1,100,,6799,31,,,1,99,,6795,31,,,1,102,,6798,31,,,1,100,,6800,31,,,1,102,,6783,31,,,1,98,,6787,31,,,1,98,,6786,31,,,1,101,,6785,31,,,1,98,,6788,31,,,1,99,,6791,31,,,1,101,,6784,31,,,1,100,,6789,31,,,1,102,,6790,31,,,1,118,,6792,31,,,1
1703,'SAM',550,,6813,31,,,1,78,,6819,31,,,1,89,,121,31,,,1,101,,6810,31,,,1,101,,6812,31,,,1,97,,6814,31,,,1,101,,6818,31,,,1,101,,6816,31,,,1,100,,6811,31,,,1,101,,6817,31,,,1,100,,6815,31,,,1,102,,6820,31,,,1,99,,6821,31,,,1,98,,6802,31,,,1,100,,6807,31,,,1,98,,6804,31,,,1,99,,6803,31,,,1,101,,6805,31,,,1,100,,6808,31,,,1,102,,6809,31,,,1,118,,6806,31,,,1
1703,'SEM',610,,6839,31,,,1,104,,6841,31,,,1,105,,6840,31,,,1,96,,6825,31,,,1,101,,6838,31,,,1,101,,6837,31,,,1,100,,6843,31,,,1,101,,6826,31,,,1,100,,6823,31,,,1,98,,6842,31,,,1,35,,6845,31,,,1,60,,6844,31,,,1,36,,6822,31,,,1,63,,6833,31,,,1,38,,6824,31,,,1,79,,6827,31,,,1,30,,6830,31,,,1,67,,6835,31,,,1,99,,6836,31,,,1,100,,6828,31,,,1,100,,6829,31,,,1,100,,6831,31,,,1,99,,6832,31,,,1,102,,6834,31,,,1
3103,'DIM',647,,7731,33,,,1,101,,7730,33,,,1,99,,1058,33,,,1,100,,7735,33,,,1,99,,7734,33,,,1,100,,7732,33,,,1,102,,7721,33,,,1,101,,7733,33,,,1,99,,7720,33,,,1,102,,7719,33,,,1,99,,7724,33,,,1,98,,7726,33,,,1,103,,7725,33,,,1,96,,7727,33,,,1,101,,7723,33,,,1,100,,7722,33,,,1,99,,7728,33,,,1,101,,7729,33,,,1
3103,'SAM',647,,7748,33,,,1,101,,7747,33,,,1,99,,1075,33,,,1,100,,7752,33,,,1,99,,7753,33,,,1,100,,7749,33,,,1,100,,7745,33,,,1,102,,7750,33,,,1,100,,7746,33,,,1,102,,7751,33,,,1,100,,7740,33,,,1,98,,7742,33,,,1,100,,7738,33,,,1,99,,7743,33,,,1,100,,7736,33,,,1,100,,7737,33,,,1,99,,7739,33,,,1,102,,7741,33,,,1,95,,7744,33,,,1
3103,'SEM',644,,7775,33,,,1,99,,7773,33,,,1,101,,7774,33,,,1,101,,7754,33,,,1,101,,7755,33,,,1,100,,7757,33,,,1,100,,7776,33,,,1,100,,7756,33,,,1,101,,7761,33,,,1,98,,7762,33,,,1,11,,7763,33,,,1,77,,7758,33,,,1,69,,7767,33,,,1,40,,7764,33,,,1,69,,7760,33,,,1,36,,7772,33,,,1,69,,7759,33,,,1,36,,7771,33,,,1,100,,7765,33,,,1,101,,7768,33,,,1,99,,7769,33,,,1,97,,7766,33,,,1,154,,7770,33,,,1
3903,'DIM',851,,1407,44,,,1,100,,8065,54,,,1,70,,8070,54,,,1,31,,8071,54,,,1,70,,8068,54,,,1,34,,8069,54,,,1,66,,8072,54,,,1,29,,8062,54,,,1,71,,8066,54,,,1,30,,8063,54,,,1,70,,8049,54,,,1,30,,8052,54,,,1,72,,8055,54,,,1,30,,8067,54,,,1,71,,8056,54,,,1,30,,8057,54,,,1,65,,8058,54,,,1,18,,8064,54,,,1,10,,8059,54,,,1,64,,8053,54,,,1,25,,8060,54,,,1,99,,8050,54,,,1,100,,8061,54,,,1,98,,8051,54,,,1,104,,8054,54,,,1
3903,'SAM',851,,8097,44,,,1,100,,8092,54,,,1,70,,8096,54,,,1,31,,8073,54,,,1,70,,8087,54,,,1,34,,8090,54,,,1,66,,8089,54,,,1,30,,8074,54,,,1,70,,8088,54,,,1,30,,8091,54,,,1,70,,8075,54,,,1,30,,8094,54,,,1,72,,8078,54,,,1,30,,8079,54,,,1,71,,8081,54,,,1,30,,8095,54,,,1,65,,8082,54,,,1,18,,8093,54,,,1,11,,8080,54,,,1,63,,8077,54,,,1,29,,8076,54,,,1,97,,8084,54,,,1,98,,8083,54,,,1,98,,8086,54,,,1,104,,8085,54,,,1
3903,'SEM',743,,8120,54,,,1,100,,8102,54,,,1,104,,8100,54,,,1,73,,8104,54,,,1,29,,8121,54,,,1,71,,8122,54,,,1,29,,8115,54,,,1,71,,8119,54,,,1,27,,8123,54,,,1,78,,8099,54,,,1,33,,8106,54,,,1,67,,8108,54,,,1,32,,8109,54,,,1,75,,8098,54,,,1,78,,8116,54,,,1,23,,8110,54,,,1,68,,8101,54,,,1,25,,8103,54,,,1,33,,8111,54,,,1,79,,8112,54,,,1,79,,8105,54,,,1,98,,8107,54,,,1,95,,8113,54,,,1,103,,8117,54,,,1,96,,8114,54,,,1,47,,8118,54,,,1
7303,'DIM',703,,10582,31,,,1,100,,10579,31,,,1,101,,10580,31,,,1,98,,10583,31,,,1,100,,10586,31,,,1,100,,10581,31,,,1,100,,10584,31,,,1,102,,10578,31,,,1,99,,10585,31,,,1,102,,10587,31,,,1,99,,10572,31,,,1,99,,10569,31,,,1,101,,10575,31,,,1,97,,10571,31,,,1,100,,10570,31,,,1,100,,10573,31,,,1,100,,10574,31,,,1,102,,10577,31,,,1,105,,10576,31,,,1
7303,'SAM',609,,10601,31,,,1,94,,10598,31,,,1,100,,10597,31,,,1,101,,10602,31,,,1,98,,10604,31,,,1,101,,10600,31,,,1,99,,10591,31,,,1,100,,10603,31,,,1,102,,10599,31,,,1,99,,10605,31,,,1,102,,10606,31,,,1,101,,10590,31,,,1,98,,10588,31,,,1,99,,10589,31,,,1,98,,10593,31,,,1,100,,10592,31,,,1,100,,4040,31,,,1,100,,10594,31,,,1,102,,4041,31,,,1,105,,10595,31,,,1,100,,4042,31,,,1,100,,10596,31,,,1
7303,'SEM',556,,10643,31,,,1,66,,10640,31,,,1,79,,10639,31,,,1,10,,10644,31,,,1,39,,10633,31,,,1,56,,10609,31,,,1,43,,10641,31,,,1,52,,10608,31,,,1,31,,10626,31,,,1,71,,10642,31,,,1,29,,10610,31,,,1,71,,10615,31,,,1,29,,10625,31,,,1,72,,10616,31,,,1,29,,10645,31,,,1,70,,10611,31,,,1,30,,10614,31,,,1,70,,10620,31,,,1,30,,10607,31,,,1,70,,10617,31,,,1,35,,10646,31,,,1,65,,10627,31,,,1,15,,10619,31,,,1,22,,10612,31,,,1,16,,10613,31,,,1,63,,10623,31,,,1,16,,10621,31,,,1,69,,10634,31,,,1,15,,10622,31,,,1,16,,10618,31,,,1,72,,10628,31,,,1,30,,10631,31,,,1,72,,10624,31,,,1,99,,10636,31,,,1,100,,10629,31,,,1,98,,10635,31,,,1,100,,10630,31,,,1,41,,10632,31,,,1,95,,10637,31,,,1,161,,10638,31,,,1
7401,'DIM',733,,10736,31,,,2,100,,10737,31,,,2,102,,10740,31,,,2,97,,10739,31,,,2,101,,10741,31,,,2,100,,10738,31,,,2,101,,10735,31,,,2,99,,10734,31,,,2,102,,10742,31,,,2,99,,10728,31,,,2,102,,10729,31,,,2,99,,10731,31,,,2,98,,10732,31,,,2,99,,10733,31,,,2,101,,10727,31,,,2,99,,10726,31,,,2,100,,10730,31,,,2
7401,'SAM',733,,10751,31,,,2,100,,10753,31,,,2,102,,10752,31,,,2,98,,10755,31,,,2,100,,10757,31,,,2,100,,10759,31,,,2,102,,10754,31,,,2,98,,10758,31,,,2,101,,10756,31,,,2,100,,10743,31,,,2,101,,10746,31,,,2,101,,10748,31,,,2,98,,10747,31,,,2,98,,10749,31,,,2,101,,10744,31,,,2,99,,10750,31,,,2,100,,10745,31,,,2
7401,'SEM',636,,10776,31,,,2,96,,10760,31,,,2,101,,10775,31,,,2,103,,10764,31,,,2,101,,10765,31,,,2,101,,10779,31,,,2,99,,10763,31,,,2,101,,10778,31,,,2,100,,10777,31,,,2,93,,10762,31,,,2,95,,10766,31,,,2,101,,10761,31,,,2,30,,10768,31,,,2,83,,10774,31,,,2,99,,10767,31,,,2,101,,10770,31,,,2,100,,10771,31,,,2,99,,10769,31,,,2,99,,10772,31,,,2,95,,10773,31,,,2
