1202,'DIM',925,,6750,10,4,,2,100,,6749,10,4,,2,102,,6747,10,4,,2,98,,6748,10,4,,2,104,,6746,10,4,,2,97,,6744,10,4,,2,101,,6752,10,4,,2,99,,6751,10,4,,2,105,,6745,10,4,,2
1202,'SAM',925,,6757,10,4,,2,100,,6755,10,4,,2,102,,6760,10,4,,2,101,,6759,10,4,,2,101,,6758,10,4,,2,96,,6756,10,4,,2,101,,6761,10,4,,2,105,,6753,10,4,,2,100,,6754,10,4,,2
1202,'SEM',815,,6769,10,4,,2,102,,6771,10,4,,2,100,,6766,10,4,,2,100,,6764,10,4,,2,101,,6770,10,4,,2,99,,6767,10,4,,2,106,,6763,10,4,,2,104,,6765,10,4,,2,98,,6768,10,4,,2,101,,6762,10,4,,2
1704,'DIM',516,,6858,52,4,,1,90,,6859,52,4,,1,101,,6863,52,4,,1,103,,6857,52,4,,1,102,,165,52,4,,1,101,,6861,52,4,,1,102,,6862,52,4,,1,100,,6864,52,4,,1,101,,6865,52,4,,1,101,,6860,52,4,,1,102,,6846,52,4,,1,99,,6847,52,4,,1,100,,6850,52,4,,1,100,,6852,52,4,,1,98,,6851,52,4,,1,98,,6849,52,4,,1,100,,6853,52,4,,1,98,,6856,52,4,,1,98,,6848,52,4,,1,98,,6854,52,4,,1,96,,6855,52,4,,1
1704,'SAM',516,,6878,52,4,,1,90,,6879,52,4,,1,101,,6885,52,4,,1,103,,6882,52,4,,1,102,,6877,52,4,,1,101,,6881,52,4,,1,102,,6886,52,4,,1,100,,6884,52,4,,1,101,,6883,52,4,,1,101,,6880,52,4,,1,101,,6867,52,4,,1,100,,6868,52,4,,1,101,,6870,52,4,,1,99,,6872,52,4,,1,98,,6866,52,4,,1,98,,6874,52,4,,1,100,,6871,52,4,,1,98,,6869,52,4,,1,98,,6873,52,4,,1,98,,6875,52,4,,1,96,,6876,52,4,,1
1704,'SEM',529,,6901,52,4,,1,94,,6906,52,4,,1,23,,6909,52,4,,1,62,,6888,52,4,,1,27,,6892,52,4,,1,76,,6893,52,4,,1,21,,6887,52,4,,1,98,,6890,52,4,,1,85,,6891,52,4,,1,100,,6894,52,4,,1,100,,6905,52,4,,1,100,,6907,52,4,,1,100,,6896,52,4,,1,103,,6908,52,4,,1,101,,6889,52,4,,1,105,,6897,52,4,,1,94,,6895,52,4,,1,97,,6898,52,4,,1,100,,6903,52,4,,1,100,,6904,52,4,,1,99,,6899,52,4,,1,99,,6900,52,4,,1,98,,6902,52,4,,1
2001,'DIM',726,,6918,55,4,,1,101,,6910,55,4,,1,102,,6921,55,4,,1,100,,6922,55,4,,1,100,,6919,55,4,,1,100,,6920,55,4,,1,104,,6923,55,4,,1,99,,6924,55,4,,1,95,,6926,55,4,,1,104,,6925,55,4,,1,100,,6912,55,4,,1,100,,6913,55,4,,1,98,,6917,55,4,,1,99,,6911,55,4,,1,99,,6914,55,4,,1,99,,6916,55,4,,1,100,,6915,55,4,,1
2001,'SAM',624,,6934,55,4,,1,102,,6938,55,4,,1,101,,6944,55,4,,1,102,,6936,55,4,,1,100,,6935,55,4,,1,100,,6940,55,4,,1,100,,6937,55,4,,1,104,,6941,55,4,,1,99,,6939,55,4,,1,95,,6927,55,4,,1,106,,6942,55,4,,1,103,,6943,55,4,,1,93,,6928,55,4,,1,100,,6932,55,4,,1,99,,6929,55,4,,1,99,,6931,55,4,,1,99,,6930,55,4,,1,100,,6933,55,4,,1
2001,'SEM',610,,6961,55,4,,1,103,,6960,55,4,,1,39,,6958,55,4,,1,86,,6947,55,4,,1,90,,6948,55,4,,1,100,,6949,55,4,,1,100,,6963,55,4,,1,98,,6959,55,4,,1,102,,6962,55,4,,1,101,,6951,55,4,,1,100,,6945,55,4,,1,108,,6946,55,4,,1,89,,6950,55,4,,1,104,,6952,55,4,,1,89,,6956,55,4,,1,100,,6955,55,4,,1,99,,6957,55,4,,1,99,,6953,55,4,,1,102,,6954,55,4,,1
2202,'DIM',745,,7078,74,4,,2,101,,7077,74,4,,2,100,,7076,74,4,,2,100,,6315,74,4,,2,101,,7079,74,4,,2,100,,7081,74,4,,2,96,,7080,74,4,,2,105,,7075,74,4,,2,98,,7069,74,4,,2,154,,7082,74,4,,2,48,,7071,74,4,,2,100,,7072,74,4,,2,98,,7074,74,4,,2,101,,7073,74,4,,2,100,,7068,74,4,,2,100,,7070,74,4,,2
2202,'SAM',647,,7099,58,4,,2,98,,7093,74,4,,2,101,,7090,74,4,,2,100,,7089,74,4,,2,98,,7095,74,4,,2,103,,7094,74,4,,2,100,,7092,74,4,,2,96,,7098,74,4,,2,103,,7091,74,4,,2,100,,7097,74,4,,2,112,,7096,74,4,,2,90,,7084,74,4,,2,100,,7086,74,4,,2,98,,7083,74,4,,2,101,,7085,74,4,,2,100,,7088,74,4,,2,100,,7087,74,4,,2
2202,'SEM',624,,6230,74,4,,2,18,,7111,74,4,,2,106,,7118,74,4,,2,71,,7108,74,4,,2,31,,7100,74,4,,2,97,,7102,74,4,,2,71,,7101,74,4,,2,29,,7119,74,4,,2,100,,7106,74,4,,2,100,,7117,74,4,,2,100,,7120,74,4,,2,103,,7105,74,4,,2,101,,7107,74,4,,2,102,,7103,74,4,,2,64,,7104,74,4,,2,34,,7110,74,4,,2,98,,7109,74,4,,2,100,,7116,74,4,,2,101,,7115,74,4,,2,97,,7113,74,4,,2,107,,7112,74,4,,2,96,,7114,74,4,,2
2401,'DIM',706,,7135,49,4,,1,99,,7137,49,4,,1,107,,7139,49,4,,1,100,,7128,49,4,,1,100,,7138,49,4,,1,31,,7143,49,4,,1,69,,7145,49,4,,1,31,,7123,49,4,,1,71,,7144,49,4,,1,32,,7136,49,4,,1,69,,7122,49,4,,1,30,,7142,49,4,,1,74,,7140,49,4,,1,29,,7125,49,4,,1,67,,7146,49,4,,1,29,,7141,49,4,,1,69,,7126,49,4,,1,31,,7129,49,4,,1,70,,7124,49,4,,1,100,,7130,49,4,,1,99,,7121,49,4,,1,100,,7133,49,4,,1,98,,7131,49,4,,1,98,,7127,49,4,,1,92,,7134,49,4,,1,99,,7132,49,4,,1
2401,'SAM',636,,7160,49,4,,1,70,,7170,49,4,,1,99,,7161,49,4,,1,107,,7164,49,4,,1,100,,7163,49,4,,1,100,,7169,49,4,,1,31,,7166,49,4,,1,68,,7172,49,4,,1,32,,7158,49,4,,1,71,,7168,49,4,,1,30,,7162,49,4,,1,71,,7171,49,4,,1,30,,7147,49,4,,1,74,,7165,49,4,,1,29,,7167,49,4,,1,67,,7159,49,4,,1,29,,7149,49,4,,1,76,,7173,49,4,,1,24,,7148,49,4,,1,70,,7151,49,4,,1,100,,7154,49,4,,1,99,,7156,49,4,,1,100,,7152,49,4,,1,98,,7150,49,4,,1,98,,7155,49,4,,1,92,,7153,49,4,,1,99,,7157,49,4,,1
2401,'SEM',515,,7178,49,4,,1,41,,7198,49,4,,1,81,,7199,49,4,,1,20,,7175,49,4,,1,61,,7192,49,4,,1,21,,7179,49,4,,1,20,,7180,49,4,,1,61,,7207,49,4,,1,26,,7201,49,4,,1,66,,7203,49,4,,1,30,,7208,49,4,,1,70,,7174,49,4,,1,30,,7204,49,4,,1,70,,7206,49,4,,1,30,,7197,49,4,,1,70,,7177,49,4,,1,31,,7202,49,4,,1,70,,7176,49,4,,1,30,,7200,49,4,,1,70,,7205,49,4,,1,31,,7185,49,4,,1,71,,7182,49,4,,1,43,,7181,49,4,,1,60,,7183,49,4,,1,31,,7187,49,4,,1,75,,7184,49,4,,1,27,,7188,49,4,,1,64,,7191,49,4,,1,38,,7194,49,4,,1,98,,7186,49,4,,1,84,,7195,49,4,,1,100,,7196,49,4,,1,99,,7189,49,4,,1,99,,7190,49,4,,1,97,,7193,49,4,,1
2704,'DIM',804,,7675,57,4,,2,101,,7676,57,4,,2,100,,7671,57,4,,2,99,,7673,57,4,,2,99,,7674,57,4,,2,103,,7670,57,4,,2,95,,7677,57,4,,2,107,,7672,57,4,,2,100,,7663,57,4,,2,100,,7667,57,4,,2,100,,7668,57,4,,2,98,,7664,57,4,,2,100,,7666,57,4,,2,98,,7665,57,4,,2,100,,7669,57,4,,2,100,,7662,57,4,,2
2704,'SAM',703,,7690,57,4,,2,101,,7686,57,4,,2,101,,7687,57,4,,2,100,,7685,57,4,,2,99,,7694,57,4,,2,101,,7689,57,4,,2,101,,7692,57,4,,2,94,,7688,57,4,,2,108,,7691,57,4,,2,100,,7681,57,4,,2,100,,7682,57,4,,2,93,,7684,57,4,,2,105,,7693,57,4,,2,100,,7680,57,4,,2,98,,7683,57,4,,2,100,,7678,57,4,,2,100,,7679,57,4,,2
2704,'SEM',627,,7716,57,4,,2,28,,7696,57,4,,2,68,,7713,57,4,,2,29,,7699,57,4,,2,68,,7700,57,4,,2,28,,7718,57,4,,2,66,,7715,57,4,,2,88,,7714,57,4,,2,100,,7703,57,4,,2,108,,7695,57,4,,2,95,,7717,57,4,,2,48,,7698,57,4,,2,106,,7697,57,4,,2,147,,7708,57,4,,2,37,,7709,57,4,,2,80,,7704,57,4,,2,13,,7701,57,4,,2,70,,7702,57,4,,2,31,,7706,57,4,,2,75,,7711,57,4,,2,100,,7707,57,4,,2,45,,7710,57,4,,2,94,,7705,57,4,,2,104,,7712,57,4,,2
3304,'DIM',758,,7891,50,4,,1,171,,7892,50,4,,1,130,,7886,50,4,,1,170,,7890,50,4,,1,177,,7894,50,4,,1,124,,7893,50,4,,1,128,,7884,50,4,,1,172,,7888,50,4,,1,129,,7887,50,4,,1,170,,7889,50,4,,1,129,,7885,50,4,,1
3304,'SAM',758,,7902,50,4,,1,171,,7904,50,4,,1,130,,7903,50,4,,1,170,,7905,50,4,,1,176,,7896,50,4,,1,125,,7895,50,4,,1,170,,7900,50,4,,1,130,,7899,50,4,,1,129,,7897,50,4,,1,170,,7901,50,4,,1,129,,7898,50,4,,1
3304,'SEM',518,,7910,50,4,,1,90,,7921,50,4,,1,36,,7922,50,4,,1,94,,7928,50,4,,1,78,,7913,50,4,,1,20,,7927,50,4,,1,71,,7923,50,4,,1,104,,7907,50,4,,1,100,,7924,50,4,,1,100,,7908,50,4,,1,100,,7925,50,4,,1,96,,7926,50,4,,1,111,,7906,50,4,,1,111,,7912,50,4,,1,76,,7911,50,4,,1,49,,7914,50,4,,1,72,,7909,50,4,,1,24,,7920,50,4,,1,70,,7919,50,4,,1,96,,7918,50,4,,1,94,,7915,50,4,,1,110,,7917,50,4,,1,38,,7916,50,4,,1
3704,'DIM',719,,8004,49,4,,2,35,,8005,49,4,,2,101,,8003,49,4,,2,100,,8002,49,4,,2,101,,8008,49,4,,2,101,,8007,49,4,,2,100,,7997,49,4,,2,99,,7998,49,4,,2,145,,8009,49,4,,2,56,,7999,49,4,,2,99,,8006,49,4,,2,99,,8000,49,4,,2,89,,8001,49,4,,2
3704,'SAM',719,,1344,49,4,,2,35,,8017,49,4,,2,101,,8015,49,4,,2,100,,8018,49,4,,2,101,,8020,49,4,,2,101,,8019,49,4,,2,100,,8021,49,4,,2,100,,8016,49,4,,2,99,,8014,49,4,,2,102,,8010,49,4,,2,98,,8011,49,4,,2,99,,8012,49,4,,2,89,,8013,49,4,,2
3704,'SEM',606,,8041,49,4,,2,40,,8040,49,4,,2,101,,8043,49,4,,2,80,,8022,49,4,,2,75,,8024,49,4,,2,34,,8042,49,4,,2,70,,8047,49,4,,2,97,,8046,49,4,,2,100,,8045,49,4,,2,101,,8026,49,4,,2,100,,8029,49,4,,2,106,,8048,49,4,,2,44,,8044,49,4,,2,62,,8023,49,4,,2,12,,8030,49,4,,2,16,,8032,49,4,,2,60,,8025,49,4,,2,10,,8027,49,4,,2,15,,8035,49,4,,2,16,,8038,49,4,,2,97,,8037,49,4,,2,94,,8039,49,4,,2,101,,8028,49,4,,2,100,,8036,49,4,,2,98,,8031,49,4,,2,100,,8033,49,4,,2,95,,8034,49,4,,2
4304,'DIM',512,,8722,37,4,,1,103,,8716,37,4,,1,100,,8712,37,4,,1,102,,8714,37,4,,1,102,,8719,37,4,,1,101,,8717,37,4,,1,106,,8718,37,4,,1,100,,8715,37,4,,1,100,,8723,37,4,,1,100,,8720,37,4,,1,104,,8721,37,4,,1,99,,8704,37,4,,1,99,,8705,37,4,,1,101,,8707,37,4,,1,93,,8710,37,4,,1,98,,8709,37,4,,1,99,,8706,37,4,,1,99,,8708,37,4,,1,100,,8713,37,4,,1,100,,8711,37,4,,1
4304,'SAM',512,,8740,37,4,,1,103,,8737,37,4,,1,100,,8734,37,4,,1,102,,8725,37,4,,1,102,,8741,37,4,,1,101,,8726,37,4,,1,106,,8727,37,4,,1,100,,8738,37,4,,1,100,,8735,37,4,,1,100,,8742,37,4,,1,103,,8736,37,4,,1,101,,8739,37,4,,1,98,,8724,37,4,,1,97,,8743,37,4,,1,97,,8731,37,4,,1,98,,8728,37,4,,1,99,,2109,37,4,,1,99,,8729,37,4,,1,100,,8730,37,4,,1,100,,8733,37,4,,1,98,,8732,37,4,,1
4304,'SEM',529,,8765,37,4,,1,76,,8771,37,4,,1,35,,8744,37,4,,1,66,,8746,37,4,,1,21,,8769,37,4,,1,31,,8745,37,4,,1,73,,8770,37,4,,1,73,,8749,37,4,,1,35,,8766,37,4,,1,68,,8772,37,4,,1,31,,8748,37,4,,1,70,,8767,37,4,,1,30,,8755,37,4,,1,70,,8751,37,4,,1,30,,8774,37,4,,1,70,,8773,37,4,,1,30,,8768,37,4,,1,72,,8752,37,4,,1,29,,8753,37,4,,1,70,,8757,37,4,,1,36,,8775,37,4,,1,66,,8747,37,4,,1,26,,8754,37,4,,1,70,,8750,37,4,,1,96,,8756,37,4,,1,56,,8761,37,4,,1,100,,8763,37,4,,1,141,,8764,37,4,,1,59,,8758,37,4,,1,141,,8759,37,4,,1,110,,8760,37,4,,1,20,,8762,37,4,,1
4804,'DIM',613,,9112,67,4,,1,110,,9116,67,4,,1,104,,9113,67,4,,1,109,,9117,67,4,,1,107,,9120,67,4,,1,101,,9103,67,4,,1,103,,9114,67,4,,1,100,,9115,67,4,,1,97,,9119,67,4,,1,105,,9105,67,4,,1,101,,9118,67,4,,1,101,,9104,67,4,,1,97,,9110,67,4,,1,95,,9106,67,4,,1,94,,9111,67,4,,1,97,,9108,67,4,,1,100,,9107,67,4,,1,94,,9109,67,4,,1
4804,'SAM',613,,9131,67,4,,1,110,,2518,67,4,,1,104,,9133,67,4,,1,108,,9135,67,4,,1,108,,9139,67,4,,1,101,,9132,67,4,,1,102,,9138,67,4,,1,100,,9134,67,4,,1,97,,9136,67,4,,1,106,,9137,67,4,,1,101,,9124,67,4,,1,101,,9127,67,4,,1,97,,9125,67,4,,1,95,,9128,67,4,,1,94,,9122,67,4,,1,97,,9121,67,4,,1,98,,9123,67,4,,1,96,,9129,67,4,,1,97,,9130,67,4,,1,33,,9126,67,4,,1
4804,'SEM',545,,9142,67,4,,1,82,,9160,67,4,,1,32,,9140,67,4,,1,73,,9143,67,4,,1,27,,9147,67,4,,1,79,,9162,67,4,,1,70,,9161,67,4,,1,30,,9164,67,4,,1,70,,9150,67,4,,1,31,,9149,67,4,,1,71,,9144,67,4,,1,101,,9151,67,4,,1,100,,9163,67,4,,1,100,,9148,67,4,,1,102,,9145,67,4,,1,39,,9141,67,4,,1,107,,9146,67,4,,1,95,,9157,67,4,,1,67,,9159,67,4,,1,102,,9154,67,4,,1,114,,9158,67,4,,1,99,,9152,67,4,,1,97,,9153,67,4,,1,96,,9155,67,4,,1,97,,9156,67,4,,1
5802,'DIM',630,,9712,65,4,,2,101,,9719,65,4,,2,93,,9716,65,4,,2,101,,9720,65,4,,2,100,,9723,65,4,,2,99,,9715,65,4,,2,101,,9725,65,4,,2,100,,9722,65,4,,2,102,,9718,65,4,,2,99,,9721,65,4,,2,101,,9717,65,4,,2,99,,9711,65,4,,2,101,,9724,65,4,,2,100,,9708,65,4,,2,99,,9714,65,4,,2,98,,9710,65,4,,2,98,,9709,65,4,,2,97,,9713,65,4,,2
5802,'SAM',630,,9743,65,4,,2,101,,9735,65,4,,2,93,,9734,65,4,,2,101,,9739,65,4,,2,100,,9737,65,4,,2,99,,9740,65,4,,2,101,,9742,65,4,,2,100,,9726,65,4,,2,99,,9733,65,4,,2,101,,9738,65,4,,2,101,,9736,65,4,,2,101,,9741,65,4,,2,100,,9728,65,4,,2,100,,9731,65,4,,2,99,,9727,65,4,,2,98,,9732,65,4,,2,98,,9729,65,4,,2,97,,9730,65,4,,2
5802,'SEM',551,,9762,65,4,,2,76,,9755,65,4,,2,23,,9754,65,4,,2,80,,9763,65,4,,2,75,,9765,65,4,,2,29,,9747,65,4,,2,73,,9746,65,4,,2,43,,9750,65,4,,2,100,,9766,65,4,,2,100,,9744,65,4,,2,100,,9751,65,4,,2,100,,9764,65,4,,2,100,,9745,65,4,,2,65,,9748,65,4,,2,30,,9752,65,4,,2,103,,9758,65,4,,2,71,,9749,65,4,,2,93,,9753,65,4,,2,96,,9760,65,4,,2,98,,9759,65,4,,2,99,,9761,65,4,,2,97,,9757,65,4,,2,99,,9756,65,4,,2
6001,'DIM',818,,9768,61,4,,1,104,,9776,61,4,,1,102,,9774,61,4,,1,104,,9775,61,4,,1,102,,9777,61,4,,1,102,,9780,61,4,,1,102,,9778,61,4,,1,100,,9781,61,4,,1,100,,9779,61,4,,1,102,,9782,61,4,,1,91,,9783,61,4,,1,99,,9770,61,4,,1,98,,9772,61,4,,1,97,,9771,61,4,,1,99,,9773,61,4,,1,99,,9767,61,4,,1,100,,9769,61,4,,1
6001,'SAM',714,,9790,61,4,,1,104,,9795,61,4,,1,104,,9786,61,4,,1,102,,9798,61,4,,1,103,,9800,61,4,,1,103,,9796,61,4,,1,102,,9799,61,4,,1,102,,9797,61,4,,1,100,,9785,61,4,,1,100,,9801,61,4,,1,102,,9784,61,4,,1,91,,9788,61,4,,1,100,,9793,61,4,,1,97,,9789,61,4,,1,97,,9791,61,4,,1,99,,9794,61,4,,1,99,,9787,61,4,,1,100,,9792,61,4,,1
6001,'SEM',600,,9816,61,4,,1,103,,9802,61,4,,1,47,,9820,61,4,,1,78,,9814,61,4,,1,77,,9818,61,4,,1,101,,9804,61,4,,1,101,,9821,61,4,,1,101,,9819,61,4,,1,104,,9805,61,4,,1,100,,9803,61,4,,1,102,,9815,61,4,,1,102,,9817,61,4,,1,99,,9806,61,4,,1,102,,9810,61,4,,1,95,,9808,61,4,,1,89,,9813,61,4,,1,58,,9811,61,4,,1,98,,9807,61,4,,1,98,,9809,61,4,,1,94,,9812,61,4,,1
6304,'DIM',804,,10080,75,4,,1,104,,10076,75,4,,1,101,,10078,75,4,,1,103,,10072,75,4,,1,99,,10077,75,4,,1,104,,10082,75,4,,1,97,,10079,75,4,,1,102,,10083,75,4,,1,103,,10081,75,4,,1,100,,10084,75,4,,1,99,,10085,75,4,,1,98,,10073,75,4,,1,98,,10069,75,4,,1,98,,10070,75,4,,1,99,,10074,75,4,,1,97,,10071,75,4,,1,98,,10075,75,4,,1
6304,'SAM',704,,10099,75,4,,1,100,,10097,75,4,,1,104,,10102,75,4,,1,101,,10098,75,4,,1,103,,10096,75,4,,1,99,,10101,75,4,,1,104,,10100,75,4,,1,97,,10104,75,4,,1,102,,10103,75,4,,1,103,,10086,75,4,,1,102,,10087,75,4,,1,97,,10088,75,4,,1,98,,10090,75,4,,1,98,,10089,75,4,,1,98,,10094,75,4,,1,99,,10091,75,4,,1,97,,10092,75,4,,1,98,,10095,75,4,,1,97,,10093,75,4,,1
6304,'SEM',519,,10132,75,4,,1,113,,10128,75,4,,1,71,,10137,75,4,,1,32,,10120,75,4,,1,16,,10131,75,4,,1,67,,10134,75,4,,1,26,,10136,75,4,,1,59,,10135,75,4,,1,30,,10109,75,4,,1,70,,10110,75,4,,1,31,,10111,75,4,,1,70,,10105,75,4,,1,25,,10108,75,4,,1,72,,10133,75,4,,1,33,,10123,75,4,,1,70,,10116,75,4,,1,26,,10129,75,4,,1,78,,10106,75,4,,1,27,,10107,75,4,,1,73,,10117,75,4,,1,31,,10130,75,4,,1,79,,10138,75,4,,1,30,,10113,75,4,,1,64,,10112,75,4,,1,34,,10118,75,4,,1,54,,10115,75,4,,1,28,,10124,75,4,,1,28,,10119,75,4,,1,77,,10122,75,4,,1,96,,10114,75,4,,1,80,,10125,75,4,,1,50,,10127,75,4,,1,92,,10121,75,4,,1,99,,10126,75,4,,1
7001,'DIM',746,,10411,85,4,,1,102,,10401,85,4,,1,99,,10409,85,4,,1,100,,10412,85,4,,1,69,,10415,85,4,,1,31,,10410,85,4,,1,70,,10417,85,4,,1,28,,10416,85,4,,1,70,,10413,85,4,,1,35,,10414,85,4,,1,69,,10418,85,4,,1,27,,10394,85,4,,1,74,,10419,85,4,,1,25,,10397,85,4,,1,75,,10398,85,4,,1,27,,10399,85,4,,1,73,,10396,85,4,,1,33,,10402,85,4,,1,73,,10405,85,4,,1,29,,10400,85,4,,1,94,,10406,85,4,,1,98,,10403,85,4,,1,100,,10395,85,4,,1,99,,10407,85,4,,1,100,,10408,85,4,,1,99,,10404,85,4,,1
7001,'SAM',746,,10436,85,4,,1,102,,10441,85,4,,1,99,,10443,85,4,,1,100,,10444,85,4,,1,68,,10442,85,4,,1,32,,10420,85,4,,1,69,,10445,85,4,,1,29,,10440,85,4,,1,70,,10421,85,4,,1,34,,10437,85,4,,1,68,,10422,85,4,,1,33,,10438,85,4,,1,70,,10424,85,4,,1,25,,10439,85,4,,1,73,,10427,85,4,,1,29,,10429,85,4,,1,73,,10426,85,4,,1,34,,10428,85,4,,1,72,,10432,85,4,,1,29,,10430,85,4,,1,94,,10434,85,4,,1,98,,10423,85,4,,1,100,,10425,85,4,,1,98,,10435,85,4,,1,101,,10433,85,4,,1,99,,10431,85,4,,1
7001,'SEM',558,,10472,85,4,,1,73,,10450,85,4,,1,69,,10473,85,4,,1,18,,10474,85,4,,1,19,,10469,85,4,,1,68,,10480,85,4,,1,24,,10461,85,4,,1,24,,10447,85,4,,1,69,,10479,85,4,,1,30,,10476,85,4,,1,71,,10477,85,4,,1,29,,10458,85,4,,1,71,,10481,85,4,,1,29,,10449,85,4,,1,72,,10454,85,4,,1,28,,10478,85,4,,1,70,,10448,85,4,,1,30,,10446,85,4,,1,72,,10475,85,4,,1,30,,10453,85,4,,1,79,,10456,85,4,,1,24,,10452,85,4,,1,51,,10459,85,4,,1,50,,10451,85,4,,1,77,,10463,85,4,,1,67,,10466,85,4,,1,33,,10467,85,4,,1,24,,10455,85,4,,1,78,,10464,85,4,,1,84,,10460,85,4,,1,33,,10457,85,4,,1,148,,10465,85,4,,1,98,,10462,85,4,,1,59,,10470,85,4,,1,99,,10468,85,4,,1,167,,10471,85,4,,1
7304,'DIM',551,,10665,80,4,,1,70,,10654,80,4,,1,103,,10658,80,4,,1,101,,10661,80,4,,1,103,,10657,80,4,,1,102,,10659,80,4,,1,100,,10662,80,4,,1,100,,10666,80,4,,1,102,,10660,80,4,,1,101,,10663,80,4,,1,101,,10656,80,4,,1,100,,10664,80,4,,1,100,,10667,80,4,,1,99,,10650,80,4,,1,99,,10647,80,4,,1,97,,10653,80,4,,1,99,,10649,80,4,,1,99,,10648,80,4,,1,97,,10651,80,4,,1,100,,10652,80,4,,1,99,,10655,80,4,,1
7304,'SAM',551,,10686,80,4,,1,70,,10676,80,4,,1,103,,10681,80,4,,1,101,,10678,80,4,,1,103,,10677,80,4,,1,102,,10682,80,4,,1,100,,10684,80,4,,1,101,,10680,80,4,,1,101,,10671,80,4,,1,101,,10683,80,4,,1,101,,10679,80,4,,1,100,,10685,80,4,,1,100,,10687,80,4,,1,99,,10670,80,4,,1,98,,10668,80,4,,1,98,,10669,80,4,,1,99,,10673,80,4,,1,99,,10672,80,4,,1,97,,4131,80,4,,1,100,,10674,80,4,,1,99,,4133,80,4,,1,100,,10675,80,4,,1,99,,4134,80,4,,1
7304,'SEM',514,,10719,80,4,,1,42,,10716,80,4,,1,82,,10722,80,4,,1,18,,10725,80,4,,1,73,,10721,80,4,,1,15,,10718,80,4,,1,14,,10694,80,4,,1,68,,10696,80,4,,1,14,,10717,80,4,,1,15,,10723,80,4,,1,65,,10712,80,4,,1,31,,10690,80,4,,1,80,,10689,80,4,,1,69,,10705,80,4,,1,30,,10720,80,4,,1,70,,10691,80,4,,1,31,,10695,80,4,,1,76,,10704,80,4,,1,26,,10697,80,4,,1,70,,10724,80,4,,1,30,,10692,80,4,,1,70,,10693,80,4,,1,33,,10701,80,4,,1,71,,10688,80,4,,1,32,,10698,80,4,,1,78,,10708,80,4,,1,22,,10706,80,4,,1,67,,10700,80,4,,1,29,,10707,80,4,,1,76,,10702,80,4,,1,20,,10713,80,4,,1,69,,10699,80,4,,1,30,,10709,80,4,,1,29,,10711,80,4,,1,73,,10703,80,4,,1,96,,10715,80,4,,1,99,,10710,80,4,,1,102,,10714,80,4,,1
7402,'DIM',652,,10786,93,4,,2,103,,10789,93,4,,2,101,,6451,93,4,,2,102,,10790,93,4,,2,142,,10788,93,4,,2,100,,10787,93,4,,2,101,,10793,93,4,,2,100,,10792,93,4,,2,103,,10794,93,4,,2,99,,10791,93,4,,2,99,,10781,93,4,,2,101,,10780,93,4,,2,98,,10782,93,4,,2,58,,10783,93,4,,2,99,,6443,93,4,,2,100,,10784,93,4,,2,97,,10785,93,4,,2
7402,'SAM',652,,10802,93,4,,2,103,,10806,93,4,,2,101,,10804,93,4,,2,102,,10801,93,4,,2,142,,10805,93,4,,2,100,,10807,93,4,,2,101,,10810,93,4,,2,101,,10803,93,4,,2,100,,10808,93,4,,2,101,,10811,93,4,,2,100,,10809,93,4,,2,99,,10795,93,4,,2,99,,10797,93,4,,2,58,,10799,93,4,,2,99,,10798,93,4,,2,100,,10800,93,4,,2,97,,10796,93,4,,2
7402,'SEM',612,,10825,93,4,,2,90,,10830,93,4,,2,20,,10813,93,4,,2,82,,10824,93,4,,2,100,,10814,93,4,,2,99,,10812,93,4,,2,99,,10816,93,4,,2,101,,10826,93,4,,2,97,,10829,93,4,,2,100,,10815,93,4,,2,102,,10828,93,4,,2,102,,10827,93,4,,2,100,,10817,93,4,,2,96,,10818,93,4,,2,100,,10821,93,4,,2,57,,10823,93,4,,2,99,,10819,93,4,,2,102,,10820,93,4,,2,97,,10822,93,4,,2
22202,'DIM',1458,,4994,63,4,,2
22202,'SAM',1458,,11491,63,4,,2,898,,11489,63,4,,2,100,,11490,63,4,,2
22202,'SEM',600,,11498,63,4,,2,120,,11493,63,4,,2,81,,11494,63,4,,2,728,,11497,63,4,,2,75,,11492,63,4,,2,701,,11495,63,4,,2,25,,11496,63,4,,2
90104,'SEM',646,,11662,18,4,,2,70,,11661,18,4,,2,30,,11660,18,4,,2,83,,11659,18,4,,2
