2202,'DIM',730,,7078,43,,,2,100,,7077,43,,,2,100,,7076,43,,,2,100,,6315,43,,,2,101,,7079,43,,,2,100,,7081,43,,,2,96,,7080,43,,,2,106,,7075,43,,,2,98,,7069,43,,,2,114,,7082,43,,,2,88,,7071,43,,,2,100,,7072,43,,,2,98,,7074,43,,,2,101,,7073,43,,,2,100,,7068,43,,,2,100,,7070,43,,,2
2202,'SAM',632,,7099,27,,,2,98,,7093,43,,,2,100,,7090,43,,,2,100,,7089,43,,,2,98,,7095,43,,,2,103,,7094,43,,,2,100,,7092,43,,,2,96,,7098,43,,,2,104,,7091,43,,,2,100,,7097,43,,,2,112,,7096,43,,,2,90,,7084,43,,,2,100,,7086,43,,,2,98,,7083,43,,,2,101,,7085,43,,,2,100,,7088,43,,,2,100,,7087,43,,,2
2202,'SEM',608,,6230,43,,,2,18,,7111,43,,,2,105,,7118,43,,,2,71,,7108,43,,,2,30,,7100,43,,,2,98,,7102,43,,,2,71,,7101,43,,,2,29,,7119,43,,,2,101,,7106,43,,,2,100,,7117,43,,,2,100,,7120,43,,,2,102,,7105,43,,,2,100,,7107,43,,,2,102,,7103,43,,,2,24,,7104,43,,,2,75,,7110,43,,,2,99,,7109,43,,,2,100,,7116,43,,,2,101,,7115,43,,,2,97,,7113,43,,,2,107,,7112,43,,,2,96,,7114,43,,,2
4202,'DIM',501,,8490,56,,,2,41,,8531,56,,,2,65,,8501,56,,,2,30,,8489,56,,,2,70,,8513,56,,,2,29,,8511,56,,,2,70,,8532,56,,,2,32,,8516,56,,,2,71,,8512,56,,,2,31,,8520,56,,,2,71,,8524,56,,,2,23,,8530,56,,,2,22,,8526,56,,,2,61,,8517,56,,,2,22,,8522,56,,,2,19,,8518,56,,,2,60,,8521,56,,,2,18,,8506,56,,,2,23,,8509,56,,,2,60,,8508,56,,,2,22,,8510,56,,,2,59,,8515,56,,,2,20,,8514,56,,,2,18,,8534,56,,,2,62,,8527,56,,,2,21,,8523,56,,,2,21,,8519,56,,,2,61,,8529,56,,,2,20,,8494,56,,,2,20,,8495,56,,,2,61,,8496,56,,,2,23,,8528,56,,,2,76,,8525,56,,,2,35,,8533,56,,,2,69,,8505,56,,,2,30,,8492,56,,,2,72,,8491,56,,,2,30,,8500,56,,,2,70,,8488,56,,,2,28,,8497,56,,,2,68,,8507,56,,,2,28,,8493,56,,,2,71,,8499,56,,,2,30,,8503,56,,,2,68,,8504,56,,,2,30,,8498,56,,,2,77,,8502,56,,,2
4202,'SAM',501,,8537,56,,,2,41,,8539,56,,,2,65,,8557,56,,,2,30,,8535,56,,,2,70,,8565,56,,,2,29,,8563,56,,,2,70,,8540,56,,,2,32,,8571,56,,,2,71,,8567,56,,,2,31,,8566,56,,,2,71,,8570,56,,,2,23,,8582,56,,,2,22,,8576,56,,,2,61,,8580,56,,,2,21,,8575,56,,,2,20,,8578,56,,,2,60,,8560,56,,,2,18,,8573,56,,,2,22,,8564,56,,,2,61,,8556,56,,,2,21,,8562,56,,,2,60,,8536,56,,,2,20,,8569,56,,,2,18,,8568,56,,,2,62,,8561,56,,,2,21,,8572,56,,,2,21,,8538,56,,,2,60,,8574,56,,,2,20,,8577,56,,,2,21,,8543,56,,,2,61,,8579,56,,,2,23,,8581,56,,,2,75,,8549,56,,,2,35,,8551,56,,,2,70,,8553,56,,,2,30,,8555,56,,,2,75,,8541,56,,,2,27,,8544,56,,,2,70,,8558,56,,,2,28,,8546,56,,,2,68,,8548,56,,,2,31,,8542,56,,,2,67,,8545,56,,,2,30,,8547,56,,,2,69,,8550,56,,,2,30,,8552,56,,,2,77,,8554,56,,,2,30,,8559,56,,,2
4202,'SEM',459,,8625,56,,,2,97,,8627,56,,,2,72,,8631,56,,,2,16,,8634,56,,,2,15,,8583,56,,,2,50,,8585,56,,,2,11,,8588,56,,,2,9,,8591,56,,,2,10,,8633,56,,,2,12,,8630,56,,,2,60,,8586,56,,,2,18,,8601,56,,,2,21,,8587,56,,,2,62,,8635,56,,,2,22,,8632,56,,,2,19,,8589,56,,,2,61,,8626,56,,,2,20,,8584,56,,,2,19,,8629,56,,,2,61,,8593,56,,,2,20,,8618,56,,,2,21,,8628,56,,,2,64,,8595,56,,,2,16,,8615,56,,,2,24,,8597,56,,,2,60,,8599,56,,,2,20,,8600,56,,,2,63,,8592,56,,,2,16,,8602,56,,,2,21,,8603,56,,,2,20,,8604,56,,,2,61,,8590,56,,,2,21,,8606,56,,,2,60,,8636,56,,,2,20,,8609,56,,,2,20,,8610,56,,,2,60,,8611,56,,,2,22,,8613,56,,,2,18,,8594,56,,,2,64,,8616,56,,,2,20,,8596,56,,,2,23,,8605,56,,,2,64,,8598,56,,,2,19,,8622,56,,,2,70,,8624,56,,,2,45,,8621,56,,,2,76,,8623,56,,,2,29,,8607,56,,,2,69,,8608,56,,,2,30,,8612,56,,,2,66,,8614,56,,,2,37,,8620,56,,,2,67,,8617,56,,,2,32,,8619,56,,,2
5202,'DIM',643,,9405,100,,,2,111,,9400,100,,,2,100,,9401,100,,,2,100,,9402,100,,,2,98,,9407,100,,,2,102,,9406,100,,,2,99,,9403,100,,,2,101,,9399,100,,,2,102,,9404,100,,,2,96,,9398,100,,,2,105,,9408,100,,,2,100,,9396,100,,,2,99,,9409,100,,,2,100,,9393,100,,,2,98,,9394,100,,,2,100,,9395,100,,,2,99,,9397,100,,,2
5202,'SAM',643,,9421,100,,,2,111,,9417,100,,,2,100,,9420,100,,,2,100,,9416,100,,,2,99,,9418,100,,,2,101,,9426,100,,,2,99,,9424,100,,,2,102,,9425,100,,,2,102,,9422,100,,,2,100,,9419,100,,,2,97,,9423,100,,,2,103,,9413,100,,,2,100,,9414,100,,,2,99,,9415,100,,,2,98,,9410,100,,,2,100,,9411,100,,,2,99,,9412,100,,,2
5202,'SEM',606,,9437,100,,,2,52,,9445,100,,,2,65,,9428,100,,,2,31,,9441,100,,,2,103,,9438,100,,,2,100,,9439,100,,,2,100,,9440,100,,,2,97,,9427,100,,,2,103,,9442,100,,,2,100,,9444,100,,,2,102,,9443,100,,,2,141,,9429,100,,,2,59,,9430,100,,,2,99,,9431,100,,,2,99,,9436,100,,,2,100,,9435,100,,,2,101,,9432,100,,,2,100,,9433,100,,,2,96,,9434,100,,,2
5802,'DIM',609,,9712,20,,,2,100,,9719,20,,,2,91,,9716,20,,,2,100,,9720,20,,,2,100,,9723,20,,,2,59,,9715,20,,,2,141,,9725,20,,,2,100,,9722,20,,,2,101,,9718,20,,,2,99,,9721,20,,,2,101,,9717,20,,,2,99,,9711,20,,,2,101,,9724,20,,,2,101,,9708,20,,,2,100,,9714,20,,,2,99,,9710,20,,,2,99,,9709,20,,,2,58,,9713,20,,,2
5802,'SAM',609,,9743,20,,,2,100,,9735,20,,,2,91,,9734,20,,,2,100,,9739,20,,,2,100,,9737,20,,,2,59,,9740,20,,,2,141,,9742,20,,,2,100,,9726,20,,,2,58,,9733,20,,,2,101,,9738,20,,,2,141,,9736,20,,,2,101,,9741,20,,,2,100,,9728,20,,,2,101,,9731,20,,,2,100,,9727,20,,,2,99,,9732,20,,,2,99,,9729,20,,,2,58,,9730,20,,,2
5802,'SEM',527,,9762,20,,,2,74,,9755,20,,,2,22,,9754,20,,,2,80,,9763,20,,,2,35,,9765,20,,,2,69,,9747,20,,,2,33,,9746,20,,,2,83,,9750,20,,,2,99,,9766,20,,,2,100,,9744,20,,,2,100,,9751,20,,,2,100,,9764,20,,,2,101,,9745,20,,,2,25,,9748,20,,,2,69,,9752,20,,,2,103,,9758,20,,,2,33,,9749,20,,,2,93,,9753,20,,,2,96,,9760,20,,,2,100,,9759,20,,,2,100,,9761,20,,,2,98,,9757,20,,,2,99,,9756,20,,,2
22202,'DIM',1444,,4994,32,,,2
22202,'SAM',1444,,11491,32,,,2,898,,11489,32,,,2,100,,11490,32,,,2
22202,'SEM',544,,11498,32,,,2,159,,11493,32,,,2,41,,11494,32,,,2,767,,11497,32,,,2,35,,11492,32,,,2,703,,11495,32,,,2,65,,11496,32,,,2
25202,'SEM',536,,11503,52,,,2,99,,11505,52,,,2,181,,11504,52,,,2
32202,'SAM',2557,,11601,26,,,2
32202,'SEM',2425,,11602,26,,,2,84,,11603,26,,,2
