1703,'DIM',620,,6801,14,,,1,89,,6794,14,,,1,99,,100,14,,,1,101,,6796,14,,,1,97,,6797,14,,,1,101,,6793,14,,,1,100,,6799,14,,,1,99,,6795,14,,,1,102,,6798,14,,,1,100,,6800,14,,,1,102,,6783,14,,,1,98,,6787,14,,,1,99,,6786,14,,,1,101,,6785,14,,,1,99,,6788,14,,,1,99,,6791,14,,,1,101,,6784,14,,,1,100,,6789,14,,,1,102,,6790,14,,,1,119,,6792,14,,,1
1703,'SAM',542,,6813,14,,,1,78,,6819,14,,,1,89,,121,14,,,1,99,,6810,14,,,1,101,,6812,14,,,1,97,,6814,14,,,1,100,,6818,14,,,1,101,,6816,14,,,1,100,,6811,14,,,1,101,,6817,14,,,1,100,,6815,14,,,1,102,,6820,14,,,1,99,,6821,14,,,1,99,,6802,14,,,1,100,,6807,14,,,1,99,,6804,14,,,1,99,,6803,14,,,1,101,,6805,14,,,1,100,,6808,14,,,1,102,,6809,14,,,1,119,,6806,14,,,1
1703,'SEM',602,,6839,14,,,1,102,,6841,14,,,1,105,,6840,14,,,1,96,,6825,14,,,1,100,,6838,14,,,1,100,,6837,14,,,1,100,,6843,14,,,1,101,,6826,14,,,1,100,,6823,14,,,1,98,,6842,14,,,1,35,,6845,14,,,1,20,,6844,14,,,1,76,,6822,14,,,1,23,,6833,14,,,1,78,,6824,14,,,1,80,,6827,14,,,1,30,,6830,14,,,1,68,,6835,14,,,1,99,,6836,14,,,1,100,,6828,14,,,1,100,,6829,14,,,1,100,,6831,14,,,1,100,,6832,14,,,1,103,,6834,14,,,1
2703,'DIM',903,,7609,14,,,2,100,,7612,14,,,2,98,,7614,14,,,2,102,,7608,14,,,2,55,,7616,14,,,2,146,,7611,14,,,2,101,,7613,14,,,2,100,,7610,14,,,2,100,,7615,14,,,2,100,,7602,14,,,2,100,,7604,14,,,2,98,,7603,14,,,2,100,,7607,14,,,2,100,,7601,14,,,2,102,,7600,14,,,2,100,,7605,14,,,2,100,,7606,14,,,2
2703,'SAM',703,,7626,14,,,2,100,,7627,14,,,2,100,,7625,14,,,2,100,,7635,14,,,2,100,,7629,14,,,2,100,,7632,14,,,2,54,,7628,14,,,2,147,,7630,14,,,2,102,,7631,14,,,2,99,,7624,14,,,2,54,,7633,14,,,2,146,,7634,14,,,2,100,,7619,14,,,2,98,,7622,14,,,2,100,,7617,14,,,2,100,,7618,14,,,2,102,,7620,14,,,2,100,,7621,14,,,2,100,,7623,14,,,2
2703,'SEM',809,,7653,14,,,2,50,,7638,14,,,2,100,,7644,14,,,2,100,,7637,14,,,2,99,,7655,14,,,2,91,,7652,14,,,2,103,,7656,14,,,2,100,,7641,14,,,2,81,,7639,14,,,2,82,,7654,14,,,2,15,,7636,14,,,2,70,,7643,14,,,2,39,,7640,14,,,2,65,,7651,14,,,2,96,,7647,14,,,2,47,,7650,14,,,2,103,,7646,14,,,2,102,,7642,14,,,2,99,,7645,14,,,2,100,,7648,14,,,2,100,,7649,14,,,2
3103,'DIM',639,,7731,16,,,1,99,,7730,16,,,1,99,,1058,16,,,1,99,,7735,16,,,1,99,,7734,16,,,1,100,,7732,16,,,1,102,,7721,16,,,1,101,,7733,16,,,1,99,,7720,16,,,1,102,,7719,16,,,1,99,,7724,16,,,1,98,,7726,16,,,1,103,,7725,16,,,1,97,,7727,16,,,1,101,,7723,16,,,1,100,,7722,16,,,1,100,,7728,16,,,1,101,,7729,16,,,1
3103,'SAM',639,,7748,16,,,1,99,,7747,16,,,1,99,,1075,16,,,1,99,,7752,16,,,1,99,,7753,16,,,1,100,,7749,16,,,1,100,,7745,16,,,1,102,,7750,16,,,1,100,,7746,16,,,1,102,,7751,16,,,1,100,,7740,16,,,1,98,,7742,16,,,1,100,,7738,16,,,1,100,,7743,16,,,1,100,,7736,16,,,1,100,,7737,16,,,1,100,,7739,16,,,1,102,,7741,16,,,1,95,,7744,16,,,1
3103,'SEM',634,,7775,16,,,1,99,,7773,16,,,1,100,,7774,16,,,1,100,,7754,16,,,1,101,,7755,16,,,1,100,,7757,16,,,1,100,,7776,16,,,1,100,,7756,16,,,1,101,,7761,16,,,1,98,,7762,16,,,1,11,,7763,16,,,1,76,,7758,16,,,1,30,,7767,16,,,1,80,,7764,16,,,1,70,,7760,16,,,1,36,,7772,16,,,1,69,,7759,16,,,1,36,,7771,16,,,1,100,,7765,16,,,1,101,,7768,16,,,1,100,,7769,16,,,1,98,,7766,16,,,1,114,,7770,16,,,1
3903,'DIM',834,,1407,13,,,1,100,,8065,23,,,1,70,,8070,23,,,1,31,,8071,23,,,1,70,,8068,23,,,1,34,,8069,23,,,1,66,,8072,23,,,1,29,,8062,23,,,1,71,,8066,23,,,1,30,,8063,23,,,1,70,,8049,23,,,1,30,,8052,23,,,1,72,,8055,23,,,1,30,,8067,23,,,1,71,,8056,23,,,1,31,,8057,23,,,1,65,,8058,23,,,1,18,,8064,23,,,1,10,,8059,23,,,1,24,,8053,23,,,1,65,,8060,23,,,1,99,,8050,23,,,1,100,,8061,23,,,1,98,,8051,23,,,1,104,,8054,23,,,1
3903,'SAM',834,,8097,13,,,1,100,,8092,23,,,1,70,,8096,23,,,1,31,,8073,23,,,1,70,,8087,23,,,1,34,,8090,23,,,1,66,,8089,23,,,1,30,,8074,23,,,1,70,,8088,23,,,1,30,,8091,23,,,1,70,,8075,23,,,1,30,,8094,23,,,1,72,,8078,23,,,1,30,,8079,23,,,1,71,,8081,23,,,1,31,,8095,23,,,1,65,,8082,23,,,1,18,,8093,23,,,1,11,,8080,23,,,1,23,,8077,23,,,1,69,,8076,23,,,1,97,,8084,23,,,1,98,,8083,23,,,1,98,,8086,23,,,1,104,,8085,23,,,1
3903,'SEM',726,,8120,23,,,1,100,,8102,23,,,1,104,,8100,23,,,1,73,,8104,23,,,1,29,,8121,23,,,1,71,,8122,23,,,1,29,,8115,23,,,1,71,,8119,23,,,1,27,,8123,23,,,1,77,,8099,23,,,1,33,,8106,23,,,1,67,,8108,23,,,1,31,,8109,23,,,1,75,,8098,23,,,1,38,,8116,23,,,1,63,,8110,23,,,1,28,,8101,23,,,1,65,,8103,23,,,1,33,,8111,23,,,1,80,,8112,23,,,1,39,,8105,23,,,1,98,,8107,23,,,1,96,,8113,23,,,1,103,,8117,23,,,1,97,,8114,23,,,1,88,,8118,23,,,1
4303,'DIM',637,,8647,14,,,1,101,,8649,14,,,1,100,,8653,14,,,1,100,,8651,14,,,1,106,,8652,14,,,1,101,,8650,14,,,1,100,,8656,14,,,1,100,,8654,14,,,1,103,,8655,14,,,1,97,,8637,14,,,1,99,,8638,14,,,1,104,,8640,14,,,1,91,,8643,14,,,1,99,,8642,14,,,1,100,,8639,14,,,1,100,,8641,14,,,1,100,,8648,14,,,1,100,,8644,14,,,1,99,,8646,14,,,1,100,,8645,14,,,1
4303,'SAM',637,,8668,14,,,1,101,,8658,14,,,1,100,,8673,14,,,1,100,,8659,14,,,1,106,,8660,14,,,1,101,,8671,14,,,1,100,,8669,14,,,1,100,,8674,14,,,1,102,,8670,14,,,1,101,,8672,14,,,1,98,,8657,14,,,1,98,,8675,14,,,1,95,,8664,14,,,1,99,,8661,14,,,1,100,,2041,14,,,1,100,,8662,14,,,1,100,,8663,14,,,1,100,,8667,14,,,1,99,,8665,14,,,1,100,,8666,14,,,1
4303,'SEM',639,,8697,14,,,1,100,,8698,14,,,1,81,,8679,14,,,1,104,,8699,14,,,1,31,,8678,14,,,1,69,,8695,14,,,1,30,,8685,14,,,1,71,,8681,14,,,1,30,,8701,14,,,1,70,,8700,14,,,1,30,,8696,14,,,1,72,,8682,14,,,1,28,,8683,14,,,1,70,,8687,14,,,1,30,,8702,14,,,1,70,,8677,14,,,1,25,,8684,14,,,1,70,,8680,14,,,1,19,,8703,14,,,1,76,,8686,14,,,1,31,,8676,14,,,1,71,,8692,14,,,1,101,,8693,14,,,1,101,,8694,14,,,1,100,,8688,14,,,1,101,,8689,14,,,1,109,,8690,14,,,1,106,,8691,14,,,1
7303,'DIM',654,,10582,14,,,1,99,,10579,14,,,1,100,,10580,14,,,1,98,,10583,14,,,1,100,,10586,14,,,1,100,,10581,14,,,1,100,,10584,14,,,1,102,,10578,14,,,1,99,,10585,14,,,1,102,,10587,14,,,1,99,,10572,14,,,1,99,,10569,14,,,1,101,,10575,14,,,1,99,,10571,14,,,1,100,,10570,14,,,1,100,,10573,14,,,1,100,,10574,14,,,1,102,,10577,14,,,1,105,,10576,14,,,1
7303,'SAM',600,,10601,14,,,1,54,,10598,14,,,1,99,,10597,14,,,1,100,,10602,14,,,1,98,,10604,14,,,1,101,,10600,14,,,1,99,,10591,14,,,1,100,,10603,14,,,1,102,,10599,14,,,1,99,,10605,14,,,1,102,,10606,14,,,1,101,,10590,14,,,1,98,,10588,14,,,1,99,,10589,14,,,1,100,,10593,14,,,1,100,,10592,14,,,1,100,,4040,14,,,1,100,,10594,14,,,1,102,,4041,14,,,1,105,,10595,14,,,1,100,,4042,14,,,1,100,,10596,14,,,1
7303,'SEM',547,,10643,14,,,1,66,,10640,14,,,1,38,,10639,14,,,1,50,,10644,14,,,1,39,,10633,14,,,1,16,,10609,14,,,1,83,,10641,14,,,1,12,,10608,14,,,1,70,,10626,14,,,1,31,,10642,14,,,1,69,,10610,14,,,1,31,,10615,14,,,1,69,,10625,14,,,1,31,,10616,14,,,1,69,,10645,14,,,1,30,,10611,14,,,1,70,,10614,14,,,1,30,,10620,14,,,1,70,,10607,14,,,1,30,,10617,14,,,1,75,,10646,14,,,1,24,,10627,14,,,1,55,,10619,14,,,1,21,,10612,14,,,1,16,,10613,14,,,1,63,,10623,14,,,1,17,,10621,14,,,1,30,,10634,14,,,1,55,,10622,14,,,1,16,,10618,14,,,1,33,,10628,14,,,1,70,,10631,14,,,1,32,,10624,14,,,1,99,,10636,14,,,1,100,,10629,14,,,1,100,,10635,14,,,1,100,,10630,14,,,1,81,,10632,14,,,1,95,,10637,14,,,1,121,,10638,14,,,1
7401,'DIM',724,,10736,14,,,2,99,,10737,14,,,2,101,,10740,14,,,2,97,,10739,14,,,2,101,,10741,14,,,2,100,,10738,14,,,2,101,,10735,14,,,2,99,,10734,14,,,2,102,,10742,14,,,2,99,,10728,14,,,2,102,,10729,14,,,2,99,,10731,14,,,2,99,,10732,14,,,2,99,,10733,14,,,2,101,,10727,14,,,2,99,,10726,14,,,2,101,,10730,14,,,2
7401,'SAM',724,,10751,14,,,2,99,,10753,14,,,2,101,,10752,14,,,2,98,,10755,14,,,2,100,,10757,14,,,2,100,,10759,14,,,2,102,,10754,14,,,2,98,,10758,14,,,2,101,,10756,14,,,2,100,,10743,14,,,2,101,,10746,14,,,2,101,,10748,14,,,2,99,,10747,14,,,2,98,,10749,14,,,2,101,,10744,14,,,2,99,,10750,14,,,2,101,,10745,14,,,2
7401,'SEM',626,,10776,14,,,2,95,,10760,14,,,2,101,,10775,14,,,2,103,,10764,14,,,2,101,,10765,14,,,2,101,,10779,14,,,2,99,,10763,14,,,2,101,,10778,14,,,2,100,,10777,14,,,2,93,,10762,14,,,2,93,,10766,14,,,2,101,,10761,14,,,2,30,,10768,14,,,2,85,,10774,14,,,2,99,,10767,14,,,2,101,,10770,14,,,2,100,,10771,14,,,2,100,,10769,14,,,2,100,,10772,14,,,2,95,,10773,14,,,2
