6303,'DIM',813,,10005,66,,,1,101,,10007,66,,,1,102,,9998,66,,,1,98,,10006,66,,,1,103,,10010,66,,,1,96,,10008,66,,,1,103,,10011,66,,,1,103,,10009,66,,,1,100,,10012,66,,,1,100,,10013,66,,,1,100,,9999,66,,,1,97,,9995,66,,,1,98,,9996,66,,,1,99,,10001,66,,,1,100,,9997,66,,,1,100,,10002,66,,,1,99,,10000,66,,,1,100,,10003,66,,,1,97,,10004,66,,,1
6303,'SAM',712,,10027,66,,,1,101,,10031,66,,,1,101,,10028,66,,,1,102,,10026,66,,,1,98,,10030,66,,,1,103,,10029,66,,,1,96,,10033,66,,,1,103,,10032,66,,,1,103,,10014,66,,,1,102,,10015,66,,,1,98,,10016,66,,,1,100,,10018,66,,,1,97,,10017,66,,,1,98,,10022,66,,,1,99,,10019,66,,,1,100,,10020,66,,,1,100,,10023,66,,,1,99,,10021,66,,,1,100,,10024,66,,,1,97,,10025,66,,,1
6303,'SEM',634,,10049,66,,,1,21,,10059,66,,,1,56,,10060,66,,,1,37,,10066,66,,,1,54,,10064,66,,,1,33,,10038,66,,,1,23,,10040,66,,,1,73,,10041,66,,,1,73,,10034,66,,,1,25,,10037,66,,,1,73,,10063,66,,,1,28,,10051,66,,,1,72,,10067,66,,,1,26,,10061,66,,,1,78,,10035,66,,,1,27,,10036,66,,,1,71,,10065,66,,,1,30,,10062,66,,,1,74,,10068,66,,,1,32,,10043,66,,,1,65,,10042,66,,,1,34,,10047,66,,,1,19,,10045,66,,,1,65,,10039,66,,,1,32,,10048,66,,,1,80,,10046,66,,,1,96,,10044,66,,,1,81,,10052,66,,,1,93,,10055,66,,,1,54,,10050,66,,,1,88,,10053,66,,,1,103,,10054,66,,,1,99,,10058,66,,,1,104,,10056,66,,,1,93,,10057,66,,,1
6503,'DIM',742,,10150,60,,,2,101,,10152,60,,,2,101,,10154,60,,,2,100,,10156,60,,,2,103,,10153,60,,,2,98,,10151,60,,,2,108,,10139,60,,,2,100,,10155,60,,,2,96,,10157,60,,,2,98,,10142,60,,,2,102,,10144,60,,,2,97,,10143,60,,,2,99,,10146,60,,,2,100,,10148,60,,,2,99,,10140,60,,,2,100,,10141,60,,,2,99,,10147,60,,,2,99,,10149,60,,,2,99,,10145,60,,,2
6503,'SAM',742,,10170,60,,,2,101,,10173,60,,,2,101,,10172,60,,,2,100,,10174,60,,,2,102,,10175,60,,,2,98,,10177,60,,,2,109,,10176,60,,,2,99,,10171,60,,,2,97,,10158,60,,,2,98,,10160,60,,,2,102,,10163,60,,,2,99,,10166,60,,,2,97,,3589,60,,,2,100,,10168,60,,,2,99,,10162,60,,,2,100,,10159,60,,,2,99,,10161,60,,,2,99,,10164,60,,,2,99,,10165,60,,,2,84,,10167,60,,,2,75,,10169,60,,,2
6503,'SEM',532,,10213,48,,,2,97,,10187,60,,,2,28,,10179,60,,,2,68,,10206,60,,,2,24,,10180,60,,,2,64,,10182,60,,,2,38,,10195,60,,,2,66,,10212,60,,,2,37,,10183,60,,,2,65,,10184,60,,,2,30,,10203,60,,,2,70,,10185,60,,,2,30,,10210,60,,,2,71,,10207,60,,,2,30,,10208,60,,,2,71,,10209,60,,,2,30,,10186,60,,,2,70,,10189,60,,,2,31,,10181,60,,,2,70,,10193,60,,,2,34,,10194,60,,,2,72,,10178,60,,,2,25,,10188,60,,,2,65,,10200,60,,,2,14,,10211,60,,,2,15,,10201,60,,,2,54,,10202,60,,,2,14,,10196,60,,,2,13,,10204,60,,,2,17,,10199,60,,,2,73,,10191,60,,,2,102,,10190,60,,,2,99,,10192,60,,,2,100,,10197,60,,,2,100,,10198,60,,,2,97,,10205,60,,,2
7304,'DIM',527,,10665,33,,,1,30,,10654,33,,,1,102,,10658,33,,,1,100,,10661,33,,,1,100,,10657,33,,,1,100,,10659,33,,,1,100,,10662,33,,,1,100,,10666,33,,,1,142,,10660,33,,,1,101,,10663,33,,,1,101,,10656,33,,,1,100,,10664,33,,,1,100,,10667,33,,,1,100,,10650,33,,,1,99,,10647,33,,,1,98,,10653,33,,,1,100,,10649,33,,,1,59,,10648,33,,,1,100,,10651,33,,,1,141,,10652,33,,,1,59,,10655,33,,,1
7304,'SAM',527,,10686,33,,,1,30,,10676,33,,,1,102,,10681,33,,,1,100,,10678,33,,,1,100,,10677,33,,,1,100,,10682,33,,,1,100,,10684,33,,,1,141,,10680,33,,,1,101,,10671,33,,,1,101,,10683,33,,,1,101,,10679,33,,,1,100,,10685,33,,,1,100,,10687,33,,,1,100,,10670,33,,,1,98,,10668,33,,,1,99,,10669,33,,,1,100,,10673,33,,,1,59,,10672,33,,,1,100,,4131,33,,,1,141,,10674,33,,,1,59,,4133,33,,,1,100,,10675,33,,,1,100,,4134,33,,,1
7304,'SEM',449,,10719,33,,,1,80,,10716,33,,,1,80,,10722,33,,,1,18,,10725,33,,,1,31,,10721,33,,,1,54,,10718,33,,,1,13,,10694,33,,,1,28,,10696,33,,,1,54,,10717,33,,,1,15,,10723,33,,,1,25,,10712,33,,,1,71,,10690,33,,,1,40,,10689,33,,,1,69,,10705,33,,,1,31,,10720,33,,,1,70,,10691,33,,,1,30,,10695,33,,,1,76,,10704,33,,,1,25,,10697,33,,,1,70,,10724,33,,,1,30,,10692,33,,,1,70,,10693,33,,,1,71,,10701,33,,,1,31,,10688,33,,,1,72,,10698,33,,,1,39,,10708,33,,,1,62,,10706,33,,,1,29,,10700,33,,,1,69,,10707,33,,,1,37,,10702,33,,,1,61,,10713,33,,,1,30,,10699,33,,,1,70,,10709,33,,,1,30,,10711,33,,,1,73,,10703,33,,,1,98,,10715,33,,,1,100,,10710,33,,,1,104,,10714,33,,,1
15103,'DIM',700,,11208,47,,,2,20,,11212,47,,,2,30,,11194,47,,,2,69,,11207,47,,,2,35,,11216,47,,,2,71,,11209,47,,,2,29,,11213,47,,,2,71,,11219,47,,,2,75,,11218,47,,,2,31,,11221,47,,,2,71,,11214,47,,,2,33,,11211,47,,,2,74,,11220,47,,,2,32,,11224,47,,,2,71,,11210,47,,,2,34,,11215,47,,,2,73,,11222,47,,,2,32,,11225,47,,,2,71,,11190,47,,,2,37,,11196,47,,,2,70,,11217,47,,,2,72,,11223,47,,,2,28,,11201,47,,,2,75,,11202,47,,,2,30,,11205,47,,,2,69,,11191,47,,,2,29,,11193,47,,,2,68,,11197,47,,,2,28,,11195,47,,,2,29,,11199,47,,,2,70,,11192,47,,,2,30,,11203,47,,,2,70,,11198,47,,,2,93,,11200,47,,,2,98,,11204,47,,,2,35,,11206,47,,,2
15103,'SAM',700,,11248,47,,,2,20,,11250,47,,,2,30,,11246,47,,,2,69,,11247,47,,,2,35,,11254,47,,,2,71,,11249,47,,,2,29,,11251,47,,,2,71,,11258,47,,,2,75,,11256,47,,,2,31,,11259,47,,,2,71,,11252,47,,,2,33,,11244,47,,,2,74,,11235,47,,,2,32,,11257,47,,,2,71,,11255,47,,,2,34,,11253,47,,,2,73,,11245,47,,,2,32,,11236,47,,,2,71,,11260,47,,,2,37,,11228,47,,,2,70,,11226,47,,,2,72,,11261,47,,,2,28,,11232,47,,,2,75,,11233,47,,,2,30,,11234,47,,,2,69,,11241,47,,,2,29,,11227,47,,,2,68,,11243,47,,,2,28,,11229,47,,,2,29,,11230,47,,,2,70,,11242,47,,,2,30,,11239,47,,,2,72,,11237,47,,,2,91,,11231,47,,,2,98,,11240,47,,,2,35,,11238,47,,,2,91,,4730,47,,,2
15103,'SEM',630,,11263,47,,,2,18,,11282,47,,,2,61,,11303,47,,,2,34,,11305,47,,,2,62,,11309,47,,,2,28,,11272,47,,,2,71,,11306,47,,,2,32,,11267,47,,,2,20,,11297,47,,,2,60,,11311,47,,,2,21,,11310,47,,,2,20,,11273,47,,,2,60,,11301,47,,,2,20,,11307,47,,,2,20,,11268,47,,,2,61,,11298,47,,,2,20,,11308,47,,,2,62,,11278,47,,,2,16,,11304,47,,,2,25,,11302,47,,,2,60,,11275,47,,,2,20,,11262,47,,,2,20,,11270,47,,,2,60,,11274,47,,,2,20,,11264,47,,,2,22,,11281,47,,,2,59,,11284,47,,,2,17,,11287,47,,,2,15,,11285,47,,,2,14,,11266,47,,,2,56,,11276,47,,,2,13,,11271,47,,,2,15,,11290,47,,,2,15,,11265,47,,,2,53,,11269,47,,,2,16,,11292,47,,,2,14,,11279,47,,,2,15,,11286,47,,,2,14,,11288,47,,,2,53,,11293,47,,,2,22,,11277,47,,,2,73,,11291,47,,,2,29,,11280,47,,,2,67,,11295,47,,,2,31,,11283,47,,,2,101,,11294,47,,,2,95,,11289,47,,,2,102,,11299,47,,,2,108,,11296,47,,,2,114,,11300,47,,,2
