4504,'DIM',635,,8845,51,,,1,100,,8838,51,,,1,100,,8846,51,,,1,101,,8848,51,,,1,100,,8852,51,,,1,97,,8853,51,,,1,103,,8849,51,,,1,98,,8844,51,,,1,108,,8842,51,,,1,98,,8836,51,,,1,100,,8851,51,,,1,96,,8847,51,,,1,100,,8850,51,,,1,102,,8837,51,,,1,100,,8843,51,,,1,101,,8839,51,,,1,100,,8840,51,,,1,99,,8841,51,,,1
4504,'SAM',635,,2249,51,,,1,100,,8867,51,,,1,100,,8864,51,,,1,101,,8868,51,,,1,100,,8866,51,,,1,101,,8855,51,,,1,98,,8865,51,,,1,102,,8854,51,,,1,104,,8860,51,,,1,101,,8869,51,,,1,98,,8857,51,,,1,96,,8870,51,,,1,100,,8858,51,,,1,102,,8862,51,,,1,100,,8856,51,,,1,101,,8861,51,,,1,100,,8859,51,,,1,99,,8863,51,,,1
4504,'SEM',553,,8890,51,,,1,55,,8891,51,,,1,43,,8896,51,,,1,85,,8876,51,,,1,19,,8874,51,,,1,58,,8872,51,,,1,17,,8889,51,,,1,90,,8875,51,,,1,106,,8893,51,,,1,112,,8888,51,,,1,96,,8878,51,,,1,94,,8877,51,,,1,100,,8894,51,,,1,83,,8873,51,,,1,25,,8871,51,,,1,72,,8892,51,,,1,30,,8895,51,,,1,78,,8880,51,,,1,34,,8883,51,,,1,81,,8884,51,,,1,102,,8882,51,,,1,104,,8881,51,,,1,102,,8885,51,,,1,90,,8887,51,,,1,99,,8879,51,,,1,95,,8886,51,,,1
5002,'DIM',623,,9269,42,,,1,100,,2653,42,,,1,102,,9252,42,,,1,97,,9267,42,,,1,107,,9260,42,,,1,25,,9270,42,,,1,77,,9262,42,,,1,24,,9274,42,,,1,79,,9272,42,,,1,22,,9273,42,,,1,75,,9275,42,,,1,69,,9261,42,,,1,33,,9263,42,,,1,76,,9276,42,,,1,29,,9265,42,,,1,74,,9264,42,,,1,30,,9271,42,,,1,66,,9268,42,,,1,31,,9266,42,,,1,99,,9254,42,,,1,99,,9256,42,,,1,99,,9259,42,,,1,99,,9253,42,,,1,97,,9257,42,,,1,98,,9255,42,,,1,98,,9258,42,,,1
5002,'SAM',623,,9284,42,,,1,100,,9287,42,,,1,102,,9278,42,,,1,100,,9299,42,,,1,104,,9298,42,,,1,25,,9297,42,,,1,76,,9295,42,,,1,25,,9279,42,,,1,79,,9302,42,,,1,22,,9301,42,,,1,75,,9280,42,,,1,69,,9291,42,,,1,33,,9293,42,,,1,76,,9296,42,,,1,29,,9292,42,,,1,74,,9294,42,,,1,30,,9282,42,,,1,66,,9283,42,,,1,31,,9277,42,,,1,99,,9300,42,,,1,99,,9288,42,,,1,99,,9290,42,,,1,99,,9289,42,,,1,97,,9285,42,,,1,98,,9281,42,,,1,98,,9286,42,,,1
5002,'SEM',512,,9309,42,,,1,36,,9332,42,,,1,71,,9328,42,,,1,30,,9303,42,,,1,77,,9336,42,,,1,32,,9329,42,,,1,63,,9304,42,,,1,35,,9322,42,,,1,66,,9307,42,,,1,31,,9334,42,,,1,66,,9335,42,,,1,33,,9331,42,,,1,68,,9306,42,,,1,33,,9310,42,,,1,68,,9330,42,,,1,32,,9318,42,,,1,72,,9333,42,,,1,30,,9311,42,,,1,70,,9314,42,,,1,82,,9305,42,,,1,26,,9315,42,,,1,78,,9308,42,,,1,33,,9323,42,,,1,70,,9312,42,,,1,28,,9313,42,,,1,69,,9321,42,,,1,29,,9316,42,,,1,70,,9320,42,,,1,104,,9324,42,,,1,104,,9319,42,,,1,101,,9317,42,,,1,110,,9326,42,,,1,103,,9325,42,,,1,97,,9327,42,,,1
6002,'DIM',705,,9823,24,,,1,101,,9832,24,,,1,99,,9830,24,,,1,100,,9831,24,,,1,100,,9833,24,,,1,100,,9836,24,,,1,101,,9834,24,,,1,100,,9837,24,,,1,100,,9835,24,,,1,99,,9838,24,,,1,99,,9839,24,,,1,100,,9825,24,,,1,101,,9827,24,,,1,101,,9826,24,,,1,101,,9828,24,,,1,100,,9822,24,,,1,100,,9824,24,,,1,98,,9829,24,,,1
6002,'SAM',705,,9851,24,,,1,101,,9842,24,,,1,99,,9854,24,,,1,100,,9856,24,,,1,100,,9852,24,,,1,100,,9855,24,,,1,101,,9853,24,,,1,100,,9841,24,,,1,100,,9857,24,,,1,99,,9840,24,,,1,99,,9844,24,,,1,102,,9849,24,,,1,99,,9845,24,,,1,101,,9846,24,,,1,101,,9850,24,,,1,100,,9843,24,,,1,100,,9847,24,,,1,98,,9848,24,,,1
6002,'SEM',637,,9875,24,,,1,100,,9873,24,,,1,101,,9859,24,,,1,100,,9876,24,,,1,100,,9874,24,,,1,102,,9864,24,,,1,100,,9858,24,,,1,99,,9860,24,,,1,101,,9872,24,,,1,99,,9861,24,,,1,101,,9866,24,,,1,106,,9863,24,,,1,92,,9869,24,,,1,100,,9867,24,,,1,99,,9862,24,,,1,100,,9865,24,,,1,99,,9868,24,,,1,89,,9871,24,,,1,100,,9870,24,,,1
34504,'SEM',2519,,11613,21,,,1,118,,11612,21,,,1
