2201,'DIM',643,,7023,40,,,2,101,,7027,40,,,2,104,,7026,40,,,2,99,,7025,40,,,2,101,,7022,40,,,2,99,,7024,40,,,2,101,,7029,40,,,2,102,,7031,40,,,2,96,,7028,40,,,2,105,,7030,40,,,2,99,,7016,40,,,2,100,,7018,40,,,2,97,,7017,40,,,2,102,,7020,40,,,2,100,,7019,40,,,2,100,,7021,40,,,2
2201,'SAM',643,,7040,40,,,2,101,,7042,40,,,2,104,,7039,40,,,2,99,,7041,40,,,2,102,,7044,40,,,2,99,,7048,40,,,2,101,,7047,40,,,2,101,,7043,40,,,2,96,,7045,40,,,2,102,,7046,40,,,2,102,,7033,40,,,2,101,,7036,40,,,2,96,,7034,40,,,2,102,,7032,40,,,2,100,,7038,40,,,2,100,,7037,40,,,2,100,,7035,40,,,2
2201,'SEM',638,,7064,40,,,2,100,,7052,40,,,2,94,,7050,40,,,2,80,,7049,40,,,2,34,,7066,40,,,2,101,,7051,40,,,2,100,,7065,40,,,2,100,,7067,40,,,2,100,,7054,40,,,2,96,,7055,40,,,2,105,,7053,40,,,2,100,,7059,40,,,2,100,,7057,40,,,2,99,,7056,40,,,2,98,,7058,40,,,2,104,,7062,40,,,2,100,,7060,40,,,2,95,,7061,40,,,2,98,,7063,40,,,2
5001,'DIM',545,,9169,47,,,1,100,,9177,47,,,1,101,,9165,47,,,1,98,,9182,47,,,1,101,,9174,47,,,1,73,,9184,47,,,1,37,,9176,47,,,1,64,,9189,47,,,1,39,,9187,47,,,1,62,,9188,47,,,1,35,,9190,47,,,1,69,,9175,47,,,1,32,,9178,47,,,1,76,,9191,47,,,1,69,,9180,47,,,1,34,,9179,47,,,1,70,,9185,47,,,1,23,,9183,47,,,1,74,,9181,47,,,1,41,,9186,47,,,1,58,,9167,47,,,1,99,,9170,47,,,1,58,,9173,47,,,1,100,,9166,47,,,1,99,,9171,47,,,1,98,,9168,47,,,1,100,,9172,47,,,1
5001,'SAM',545,,9199,47,,,1,100,,9202,47,,,1,101,,9193,47,,,1,98,,9214,47,,,1,101,,9212,47,,,1,79,,9217,47,,,1,30,,9210,47,,,1,65,,9194,47,,,1,39,,9218,47,,,1,62,,9216,47,,,1,35,,9195,47,,,1,69,,9206,47,,,1,32,,9208,47,,,1,76,,9211,47,,,1,69,,9207,47,,,1,34,,9209,47,,,1,70,,9197,47,,,1,23,,9198,47,,,1,74,,9192,47,,,1,39,,9213,47,,,1,61,,9215,47,,,1,98,,9203,47,,,1,58,,9205,47,,,1,100,,9204,47,,,1,99,,9200,47,,,1,98,,9196,47,,,1,100,,9201,47,,,1
5001,'SEM',537,,9241,47,,,1,107,,9246,47,,,1,76,,9242,47,,,1,24,,9220,47,,,1,77,,9219,47,,,1,24,,9222,47,,,1,71,,9249,47,,,1,26,,9250,47,,,1,73,,9245,47,,,1,27,,9221,47,,,1,73,,9225,47,,,1,28,,9244,47,,,1,72,,9231,47,,,1,32,,9247,47,,,1,70,,9226,47,,,1,32,,9243,47,,,1,68,,9248,47,,,1,30,,9224,47,,,1,84,,9223,47,,,1,27,,9235,47,,,1,76,,9227,47,,,1,70,,9228,47,,,1,29,,9234,47,,,1,26,,9229,47,,,1,75,,9233,47,,,1,69,,9236,47,,,1,35,,9237,47,,,1,104,,9232,47,,,1,103,,9230,47,,,1,103,,9239,47,,,1,105,,9238,47,,,1,106,,9240,47,,,1,89,,9251,37,,,1
5801,'DIM',546,,9661,55,,,2,101,,9643,55,,,2,91,,9652,55,,,2,101,,9655,55,,,2,99,,9658,55,,,2,100,,9651,55,,,2,102,,9660,55,,,2,98,,9657,55,,,2,103,,9654,55,,,2,99,,9656,55,,,2,102,,9653,55,,,2,99,,9646,55,,,2,101,,9659,55,,,2,99,,9642,55,,,2,99,,9650,55,,,2,99,,9645,55,,,2,100,,9644,55,,,2,100,,9648,55,,,2,98,,9647,55,,,2,110,,9649,55,,,2
5801,'SAM',546,,9681,55,,,2,101,,9673,55,,,2,91,,9672,55,,,2,101,,9677,55,,,2,100,,9675,55,,,2,99,,9678,55,,,2,102,,9680,55,,,2,98,,9662,55,,,2,101,,9671,55,,,2,101,,9676,55,,,2,101,,9674,55,,,2,101,,9679,55,,,2,100,,9665,55,,,2,100,,9669,55,,,2,98,,9663,55,,,2,99,,9670,55,,,2,100,,9666,55,,,2,100,,9668,55,,,2,98,,9664,55,,,2,110,,9667,55,,,2
5801,'SEM',537,,9695,55,,,2,68,,9692,55,,,2,42,,9705,55,,,2,85,,9693,55,,,2,86,,9699,55,,,2,85,,9686,55,,,2,99,,9706,55,,,2,100,,9682,55,,,2,100,,9687,55,,,2,100,,9704,55,,,2,100,,9683,55,,,2,47,,9694,55,,,2,71,,9684,55,,,2,32,,9707,55,,,2,69,,9689,55,,,2,35,,9691,55,,,2,69,,9690,55,,,2,27,,9685,55,,,2,69,,9703,55,,,2,29,,9688,55,,,2,70,,9701,55,,,2,100,,9702,55,,,2,99,,9697,55,,,2,99,,9696,55,,,2,99,,9698,55,,,2,98,,9700,55,,,2
22201,'DIM',1415,,11475,40,,,2,815,,11473,40,,,2,83,,11474,40,,,2
22201,'SAM',1415,,11480,40,,,2,815,,11476,40,,,2,83,,11477,40,,,2,100,,11479,40,,,2,112,,11478,40,,,2
22201,'SEM',718,,11481,40,,,2,10,,11482,40,,,2,683,,11483,40,,,2,100,,11484,40,,,2,106,,11488,40,,,2,100,,11486,40,,,2,90,,11485,40,,,2,625,,11487,40,,,2
32201,'DIM',524,,11591,41,,,2,802,,11593,40,,,2,802,,11592,40,,,2
32201,'SAM',524,,11594,41,,,2,802,,11595,40,,,2
32201,'SEM',526,,11596,41,,,2,19,,11597,41,,,2,67,,11598,41,,,2,715,,11599,40,,,2,801,,11600,40,,,2
