4503,'DIM',640,,8779,7,,,1,100,,8789,7,,,1,101,,8787,7,,,1,98,,8793,7,,,1,101,,8788,7,,,1,98,,8791,7,,,1,105,,8781,7,,,1,100,,8785,7,,,1,98,,8778,7,,,1,102,,8776,7,,,1,92,,8790,7,,,1,102,,8792,7,,,1,104,,8777,7,,,1,102,,8786,7,,,1,102,,8780,7,,,1,99,,8783,7,,,1,99,,8784,7,,,1,101,,8782,7,,,1
4503,'SAM',640,,8807,7,,,1,100,,8803,7,,,1,101,,8806,7,,,1,98,,8805,7,,,1,101,,8795,7,,,1,97,,8804,7,,,1,106,,8808,7,,,1,99,,8799,7,,,1,101,,8810,7,,,1,101,,8809,7,,,1,91,,8811,7,,,1,105,,8794,7,,,1,101,,8801,7,,,1,102,,8796,7,,,1,102,,8800,7,,,1,99,,8798,7,,,1,99,,8802,7,,,1,101,,8797,7,,,1
4503,'SEM',627,,8817,7,,,1,18,,8815,7,,,1,74,,8812,7,,,1,26,,8832,7,,,1,67,,8816,7,,,1,39,,8814,7,,,1,65,,8833,7,,,1,110,,8831,7,,,1,100,,8820,7,,,1,95,,8818,7,,,1,100,,8834,7,,,1,101,,8813,7,,,1,105,,8835,7,,,1,26,,8822,7,,,1,88,,8825,7,,,1,59,,8819,7,,,1,18,,8826,7,,,1,32,,8828,7,,,1,80,,8824,7,,,1,100,,8823,7,,,1,100,,8827,7,,,1,100,,8830,7,,,1,100,,8821,7,,,1,95,,8829,7,,,1
5001,'DIM',530,,9169,17,,,1,100,,9177,17,,,1,100,,9165,17,,,1,98,,9182,17,,,1,101,,9174,17,,,1,73,,9184,17,,,1,37,,9176,17,,,1,63,,9189,17,,,1,38,,9187,17,,,1,62,,9188,17,,,1,35,,9190,17,,,1,69,,9175,17,,,1,32,,9178,17,,,1,76,,9191,17,,,1,29,,9180,17,,,1,73,,9179,17,,,1,30,,9185,17,,,1,63,,9183,17,,,1,34,,9181,17,,,1,81,,9186,17,,,1,18,,9167,17,,,1,100,,9170,17,,,1,99,,9173,17,,,1,100,,9166,17,,,1,99,,9171,17,,,1,98,,9168,17,,,1,100,,9172,17,,,1
5001,'SAM',530,,9199,17,,,1,100,,9202,17,,,1,100,,9193,17,,,1,98,,9214,17,,,1,101,,9212,17,,,1,79,,9217,17,,,1,30,,9210,17,,,1,64,,9194,17,,,1,38,,9218,17,,,1,62,,9216,17,,,1,35,,9195,17,,,1,69,,9206,17,,,1,32,,9208,17,,,1,76,,9211,17,,,1,29,,9207,17,,,1,73,,9209,17,,,1,30,,9197,17,,,1,63,,9198,17,,,1,34,,9192,17,,,1,79,,9213,17,,,1,21,,9215,17,,,1,99,,9203,17,,,1,99,,9205,17,,,1,100,,9204,17,,,1,99,,9200,17,,,1,98,,9196,17,,,1,100,,9201,17,,,1
5001,'SEM',520,,9241,17,,,1,106,,9246,17,,,1,75,,9242,17,,,1,23,,9220,17,,,1,76,,9219,17,,,1,24,,9222,17,,,1,31,,9249,17,,,1,67,,9250,17,,,1,33,,9245,17,,,1,67,,9221,17,,,1,33,,9225,17,,,1,68,,9244,17,,,1,32,,9231,17,,,1,72,,9247,17,,,1,30,,9226,17,,,1,72,,9243,17,,,1,28,,9248,17,,,1,70,,9224,17,,,1,83,,9223,17,,,1,26,,9235,17,,,1,76,,9227,17,,,1,30,,9228,17,,,1,69,,9234,17,,,1,28,,9229,17,,,1,75,,9233,17,,,1,29,,9236,17,,,1,75,,9237,17,,,1,104,,9232,17,,,1,104,,9230,17,,,1,104,,9239,17,,,1,105,,9238,17,,,1,106,,9240,17,,,1,89,,9251,7,,,1
6001,'DIM',807,,9768,41,,,1,103,,9776,41,,,1,102,,9774,41,,,1,104,,9775,41,,,1,101,,9777,41,,,1,102,,9780,41,,,1,102,,9778,41,,,1,100,,9781,41,,,1,100,,9779,41,,,1,102,,9782,41,,,1,92,,9783,41,,,1,99,,9770,41,,,1,98,,9772,41,,,1,97,,9771,41,,,1,99,,9773,41,,,1,99,,9767,41,,,1,100,,9769,41,,,1
6001,'SAM',704,,9790,41,,,1,103,,9795,41,,,1,103,,9786,41,,,1,102,,9798,41,,,1,103,,9800,41,,,1,102,,9796,41,,,1,102,,9799,41,,,1,102,,9797,41,,,1,100,,9785,41,,,1,100,,9801,41,,,1,102,,9784,41,,,1,92,,9788,41,,,1,100,,9793,41,,,1,97,,9789,41,,,1,97,,9791,41,,,1,99,,9794,41,,,1,99,,9787,41,,,1,100,,9792,41,,,1
6001,'SEM',549,,9816,41,,,1,101,,9802,41,,,1,87,,9820,41,,,1,77,,9814,41,,,1,37,,9818,41,,,1,101,,9804,41,,,1,101,,9821,41,,,1,101,,9819,41,,,1,104,,9805,41,,,1,100,,9803,41,,,1,101,,9815,41,,,1,142,,9817,41,,,1,99,,9806,41,,,1,102,,9810,41,,,1,56,,9808,41,,,1,90,,9813,41,,,1,98,,9811,41,,,1,98,,9807,41,,,1,99,,9809,41,,,1,94,,9812,41,,,1
34503,'SEM',445,,11610,26,,,1,101,,11611,26,,,1
