1703,'DIM',624,,6801,23,,,1,89,,6794,23,,,1,100,,100,23,,,1,101,,6796,23,,,1,97,,6797,23,,,1,101,,6793,23,,,1,100,,6799,23,,,1,99,,6795,23,,,1,102,,6798,23,,,1,100,,6800,23,,,1,102,,6783,23,,,1,98,,6787,23,,,1,99,,6786,23,,,1,101,,6785,23,,,1,98,,6788,23,,,1,99,,6791,23,,,1,101,,6784,23,,,1,100,,6789,23,,,1,102,,6790,23,,,1,119,,6792,23,,,1
1703,'SAM',546,,6813,23,,,1,78,,6819,23,,,1,89,,121,23,,,1,100,,6810,23,,,1,101,,6812,23,,,1,97,,6814,23,,,1,100,,6818,23,,,1,101,,6816,23,,,1,100,,6811,23,,,1,101,,6817,23,,,1,100,,6815,23,,,1,102,,6820,23,,,1,99,,6821,23,,,1,99,,6802,23,,,1,100,,6807,23,,,1,98,,6804,23,,,1,99,,6803,23,,,1,101,,6805,23,,,1,100,,6808,23,,,1,102,,6809,23,,,1,119,,6806,23,,,1
1703,'SEM',606,,6839,23,,,1,103,,6841,23,,,1,105,,6840,23,,,1,96,,6825,23,,,1,101,,6838,23,,,1,100,,6837,23,,,1,100,,6843,23,,,1,101,,6826,23,,,1,100,,6823,23,,,1,98,,6842,23,,,1,35,,6845,23,,,1,60,,6844,23,,,1,36,,6822,23,,,1,63,,6833,23,,,1,38,,6824,23,,,1,79,,6827,23,,,1,30,,6830,23,,,1,68,,6835,23,,,1,99,,6836,23,,,1,100,,6828,23,,,1,100,,6829,23,,,1,100,,6831,23,,,1,99,,6832,23,,,1,103,,6834,23,,,1
3103,'DIM',643,,7731,25,,,1,100,,7730,25,,,1,99,,1058,25,,,1,99,,7735,25,,,1,99,,7734,25,,,1,100,,7732,25,,,1,102,,7721,25,,,1,101,,7733,25,,,1,99,,7720,25,,,1,102,,7719,25,,,1,99,,7724,25,,,1,98,,7726,25,,,1,103,,7725,25,,,1,96,,7727,25,,,1,101,,7723,25,,,1,100,,7722,25,,,1,100,,7728,25,,,1,101,,7729,25,,,1
3103,'SAM',643,,7748,25,,,1,100,,7747,25,,,1,99,,1075,25,,,1,99,,7752,25,,,1,99,,7753,25,,,1,100,,7749,25,,,1,100,,7745,25,,,1,102,,7750,25,,,1,100,,7746,25,,,1,102,,7751,25,,,1,100,,7740,25,,,1,98,,7742,25,,,1,100,,7738,25,,,1,99,,7743,25,,,1,100,,7736,25,,,1,100,,7737,25,,,1,100,,7739,25,,,1,102,,7741,25,,,1,95,,7744,25,,,1
3103,'SEM',639,,7775,25,,,1,99,,7773,25,,,1,100,,7774,25,,,1,101,,7754,25,,,1,101,,7755,25,,,1,100,,7757,25,,,1,100,,7776,25,,,1,100,,7756,25,,,1,101,,7761,25,,,1,98,,7762,25,,,1,11,,7763,25,,,1,77,,7758,25,,,1,29,,7767,25,,,1,80,,7764,25,,,1,69,,7760,25,,,1,36,,7772,25,,,1,69,,7759,25,,,1,36,,7771,25,,,1,100,,7765,25,,,1,101,,7768,25,,,1,100,,7769,25,,,1,97,,7766,25,,,1,114,,7770,25,,,1
7303,'DIM',658,,10582,23,,,1,100,,10579,23,,,1,100,,10580,23,,,1,98,,10583,23,,,1,100,,10586,23,,,1,100,,10581,23,,,1,100,,10584,23,,,1,102,,10578,23,,,1,99,,10585,23,,,1,102,,10587,23,,,1,99,,10572,23,,,1,99,,10569,23,,,1,101,,10575,23,,,1,98,,10571,23,,,1,100,,10570,23,,,1,100,,10573,23,,,1,100,,10574,23,,,1,102,,10577,23,,,1,145,,10576,23,,,1
7303,'SAM',604,,10601,23,,,1,54,,10598,23,,,1,100,,10597,23,,,1,100,,10602,23,,,1,98,,10604,23,,,1,101,,10600,23,,,1,99,,10591,23,,,1,100,,10603,23,,,1,102,,10599,23,,,1,99,,10605,23,,,1,102,,10606,23,,,1,141,,10590,23,,,1,58,,10588,23,,,1,99,,10589,23,,,1,99,,10593,23,,,1,100,,10592,23,,,1,100,,4040,23,,,1,100,,10594,23,,,1,102,,4041,23,,,1,145,,10595,23,,,1,100,,4042,23,,,1,100,,10596,23,,,1
7303,'SEM',551,,10643,23,,,1,66,,10640,23,,,1,39,,10639,23,,,1,50,,10644,23,,,1,39,,10633,23,,,1,56,,10609,23,,,1,43,,10641,23,,,1,12,,10608,23,,,1,70,,10626,23,,,1,31,,10642,23,,,1,69,,10610,23,,,1,31,,10615,23,,,1,69,,10625,23,,,1,32,,10616,23,,,1,69,,10645,23,,,1,30,,10611,23,,,1,70,,10614,23,,,1,30,,10620,23,,,1,70,,10607,23,,,1,30,,10617,23,,,1,75,,10646,23,,,1,25,,10627,23,,,1,55,,10619,23,,,1,21,,10612,23,,,1,16,,10613,23,,,1,63,,10623,23,,,1,16,,10621,23,,,1,30,,10634,23,,,1,55,,10622,23,,,1,16,,10618,23,,,1,72,,10628,23,,,1,30,,10631,23,,,1,72,,10624,23,,,1,99,,10636,23,,,1,100,,10629,23,,,1,99,,10635,23,,,1,100,,10630,23,,,1,41,,10632,23,,,1,95,,10637,23,,,1,121,,10638,23,,,1
7401,'DIM',728,,10736,23,,,2,99,,10737,23,,,2,102,,10740,23,,,2,97,,10739,23,,,2,101,,10741,23,,,2,100,,10738,23,,,2,101,,10735,23,,,2,99,,10734,23,,,2,102,,10742,23,,,2,99,,10728,23,,,2,102,,10729,23,,,2,99,,10731,23,,,2,98,,10732,23,,,2,99,,10733,23,,,2,101,,10727,23,,,2,99,,10726,23,,,2,101,,10730,23,,,2
7401,'SAM',728,,10751,23,,,2,99,,10753,23,,,2,102,,10752,23,,,2,98,,10755,23,,,2,100,,10757,23,,,2,100,,10759,23,,,2,102,,10754,23,,,2,98,,10758,23,,,2,101,,10756,23,,,2,100,,10743,23,,,2,101,,10746,23,,,2,101,,10748,23,,,2,98,,10747,23,,,2,98,,10749,23,,,2,101,,10744,23,,,2,99,,10750,23,,,2,101,,10745,23,,,2
7401,'SEM',631,,10776,23,,,2,95,,10760,23,,,2,101,,10775,23,,,2,103,,10764,23,,,2,101,,10765,23,,,2,101,,10779,23,,,2,99,,10763,23,,,2,101,,10778,23,,,2,100,,10777,23,,,2,93,,10762,23,,,2,94,,10766,23,,,2,101,,10761,23,,,2,30,,10768,23,,,2,84,,10774,23,,,2,99,,10767,23,,,2,101,,10770,23,,,2,100,,10771,23,,,2,99,,10769,23,,,2,100,,10772,23,,,2,95,,10773,23,,,2
