5504,'SEM',643,,9476,67,4,,2,61,,9480,37,4,,2,9,,9463,67,4,,2,11,,9464,67,4,,2,93,,9479,67,4,,2,30,,9474,67,4,,2,95,,9473,67,4,,2,97,,9465,67,4,,2,100,,9475,67,4,,2,94,,9472,67,4,,2,103,,9466,67,4,,2,105,,9477,67,4,,2,103,,9478,67,4,,2,98,,9467,67,4,,2,97,,9468,67,4,,2,100,,9470,67,4,,2,101,,9469,67,4,,2,92,,9471,67,4,,2
14401,'DIM',616,,11029,39,4,,2,25,,11032,39,4,,2,99,,11030,39,4,,2,95,,11033,39,4,,2,101,,11040,39,4,,2,71,,11044,39,4,,2,28,,11043,39,4,,2,72,,11046,39,4,,2,36,,11038,39,4,,2,67,,11045,39,4,,2,33,,11031,39,4,,2,75,,11036,39,4,,2,29,,11039,39,4,,2,75,,11034,39,4,,2,35,,11035,39,4,,2,68,,11021,39,4,,2,34,,11037,39,4,,2,81,,11041,39,4,,2,62,,11022,39,4,,2,39,,11023,39,4,,2,96,,11042,39,4,,2,81,,11025,39,4,,2,97,,11027,39,4,,2,100,,11026,39,4,,2,98,,11028,39,4,,2,100,,11024,39,4,,2
14401,'SAM',616,,11062,39,4,,2,25,,11067,39,4,,2,99,,11065,39,4,,2,95,,11068,39,4,,2,101,,11072,39,4,,2,71,,11073,39,4,,2,28,,11074,39,4,,2,72,,11047,39,4,,2,35,,11055,39,4,,2,68,,11051,39,4,,2,33,,11063,39,4,,2,75,,11071,39,4,,2,29,,11069,39,4,,2,75,,11066,39,4,,2,35,,11064,39,4,,2,68,,11050,39,4,,2,34,,11070,39,4,,2,81,,11052,39,4,,2,62,,11053,39,4,,2,38,,11054,39,4,,2,100,,11058,39,4,,2,78,,11059,39,4,,2,97,,11048,39,4,,2,100,,11049,39,4,,2,98,,11061,39,4,,2,100,,11056,39,4,,2,100,,11060,39,4,,2,101,,11057,39,4,,2
14401,'SEM',552,,11098,39,4,,2,80,,11102,39,4,,2,12,,11105,39,4,,2,58,,11078,39,4,,2,20,,11099,39,4,,2,19,,11103,39,4,,2,13,,11101,39,4,,2,60,,11079,39,4,,2,20,,11104,39,4,,2,19,,11106,39,4,,2,75,,11084,39,4,,2,25,,11077,39,4,,2,75,,11082,39,4,,2,28,,11096,39,4,,2,67,,11085,39,4,,2,30,,11100,39,4,,2,66,,11097,39,4,,2,34,,11075,39,4,,2,75,,11083,39,4,,2,25,,11076,39,4,,2,73,,11088,39,4,,2,26,,11090,39,4,,2,71,,11081,39,4,,2,102,,11080,39,4,,2,107,,11092,39,4,,2,96,,11093,39,4,,2,102,,11086,39,4,,2,88,,11087,39,4,,2,100,,11089,39,4,,2,99,,11091,39,4,,2,101,,11095,39,4,,2,100,,11094,39,4,,2
15104,'DIM',631,,11317,53,4,,2,98,,11337,53,4,,2,25,,11330,53,4,,2,66,,11334,53,4,,2,32,,11318,53,4,,2,74,,11329,53,4,,2,29,,11338,53,4,,2,73,,11331,53,4,,2,72,,11335,53,4,,2,33,,11340,53,4,,2,71,,11339,53,4,,2,32,,11342,53,4,,2,73,,11336,53,4,,2,34,,11333,53,4,,2,72,,11341,53,4,,2,32,,11312,53,4,,2,74,,11332,53,4,,2,33,,11320,53,4,,2,72,,11343,53,4,,2,31,,11344,53,4,,2,75,,11313,53,4,,2,70,,11325,53,4,,2,31,,11327,53,4,,2,69,,11315,53,4,,2,30,,11322,53,4,,2,70,,11323,53,4,,2,30,,11326,53,4,,2,27,,11314,53,4,,2,69,,11316,53,4,,2,31,,11319,53,4,,2,97,,11321,53,4,,2,98,,11324,53,4,,2,73,,11328,53,4,,2
15104,'SAM',631,,11361,53,4,,2,98,,11369,53,4,,2,25,,11364,53,4,,2,66,,11366,53,4,,2,32,,11362,53,4,,2,74,,11363,53,4,,2,30,,11370,53,4,,2,72,,11365,53,4,,2,72,,11367,53,4,,2,33,,11373,53,4,,2,71,,11372,53,4,,2,32,,11374,53,4,,2,73,,11368,53,4,,2,34,,11360,53,4,,2,72,,11354,53,4,,2,32,,11375,53,4,,2,74,,11371,53,4,,2,33,,11345,53,4,,2,72,,11377,53,4,,2,31,,11349,53,4,,2,75,,11376,53,4,,2,70,,11352,53,4,,2,31,,11346,53,4,,2,69,,11347,53,4,,2,30,,11358,53,4,,2,70,,11351,53,4,,2,30,,11353,53,4,,2,27,,11357,53,4,,2,69,,11348,53,4,,2,31,,11359,53,4,,2,97,,11350,53,4,,2,98,,11356,53,4,,2,73,,11355,53,4,,2
15104,'SEM',505,,11413,53,4,,2,30,,11395,53,4,,2,21,,11411,53,4,,2,65,,11414,53,4,,2,21,,11416,53,4,,2,12,,11420,53,4,,2,55,,11424,40,4,,2,12,,11379,53,4,,2,12,,11426,40,4,,2,13,,11396,53,4,,2,11,,11412,53,4,,2,54,,11423,40,4,,2,13,,11387,53,4,,2,10,,11415,53,4,,2,15,,11425,40,4,,2,55,,11421,53,4,,2,19,,11386,53,4,,2,21,,11409,53,4,,2,60,,11417,53,4,,2,21,,11382,53,4,,2,20,,11407,53,4,,2,60,,11419,53,4,,2,20,,11422,53,4,,2,21,,11380,53,4,,2,60,,11410,53,4,,2,20,,11388,53,4,,2,20,,11390,53,4,,2,61,,11418,53,4,,2,21,,11384,53,4,,2,25,,11392,53,4,,2,56,,11393,53,4,,2,24,,11383,53,4,,2,20,,11398,53,4,,2,61,,11378,53,4,,2,20,,11385,53,4,,2,24,,11399,53,4,,2,60,,11381,53,4,,2,23,,11394,53,4,,2,61,,11397,53,4,,2,31,,11400,53,4,,2,25,,11389,53,4,,2,77,,11401,53,4,,2,84,,11391,53,4,,2,103,,11406,53,4,,2,104,,11402,53,4,,2,94,,11404,53,4,,2,100,,11403,53,4,,2,94,,11405,53,4,,2,118,,11408,53,4,,2
25504,'DIM',642,,11549,67,4,,2,100,,11552,67,4,,2,103,,11554,67,4,,2,100,,11553,67,4,,2,102,,11555,67,4,,2,100,,11550,67,4,,2,100,,11556,67,4,,2,102,,11551,67,4,,2,100,,11557,67,4,,2,102,,11543,67,4,,2,100,,11558,67,4,,2,100,,11544,67,4,,2,100,,11559,67,4,,2,99,,11547,67,4,,2,98,,11560,67,4,,2,96,,11548,67,4,,2,98,,11546,67,4,,2,98,,11545,67,4,,2
25504,'SAM',642,,11569,67,4,,2,100,,11574,67,4,,2,103,,11565,67,4,,2,100,,11575,67,4,,2,102,,11566,67,4,,2,100,,11570,67,4,,2,100,,11572,67,4,,2,102,,11571,67,4,,2,100,,11573,67,4,,2,102,,11561,67,4,,2,100,,11576,67,4,,2,100,,11562,67,4,,2,100,,11577,67,4,,2,99,,11568,67,4,,2,98,,11563,67,4,,2,96,,5119,67,4,,2,98,,11564,67,4,,2,98,,11567,67,4,,2
25504,'SEM',517,,11578,67,4,,2,33,,11583,67,4,,2,1572,,11582,67,4,,2,97,,11580,67,4,,2,94,,11579,67,4,,2,93,,11581,67,4,,2
71304,'SEM',607,,11637,19,4,,2,29,,11644,19,4,,2,77,,11647,19,4,,2,27,,11641,19,4,,2,69,,11645,19,4,,2,30,,11638,19,4,,2,99,,11648,19,4,,2,95,,11634,19,4,,2,100,,11642,19,4,,2,100,,11635,19,4,,2,100,,11643,19,4,,2,100,,11646,19,4,,2,101,,11636,19,4,,2,89,,11652,19,4,,2,104,,6178,19,4,,2,98,,11649,19,4,,2,100,,6179,19,4,,2,99,,11650,19,4,,2,100,,11653,19,4,,2,100,,11639,19,4,,2,100,,11640,19,4,,2,109,,11651,19,4,,2
