1703,'DIM',617,,6801,10,,,1,89,,6794,10,,,1,99,,100,10,,,1,101,,6796,10,,,1,97,,6797,10,,,1,101,,6793,10,,,1,100,,6799,10,,,1,99,,6795,10,,,1,101,,6798,10,,,1,100,,6800,10,,,1,102,,6783,10,,,1,99,,6787,10,,,1,99,,6786,10,,,1,101,,6785,10,,,1,99,,6788,10,,,1,99,,6791,10,,,1,101,,6784,10,,,1,100,,6789,10,,,1,102,,6790,10,,,1,120,,6792,10,,,1
1703,'SAM',539,,6813,10,,,1,78,,6819,10,,,1,89,,121,10,,,1,99,,6810,10,,,1,101,,6812,10,,,1,97,,6814,10,,,1,100,,6818,10,,,1,101,,6816,10,,,1,100,,6811,10,,,1,100,,6817,10,,,1,100,,6815,10,,,1,102,,6820,10,,,1,100,,6821,10,,,1,99,,6802,10,,,1,100,,6807,10,,,1,99,,6804,10,,,1,99,,6803,10,,,1,101,,6805,10,,,1,100,,6808,10,,,1,102,,6809,10,,,1,120,,6806,10,,,1
1703,'SEM',559,,6839,10,,,1,142,,6841,10,,,1,105,,6840,10,,,1,96,,6825,10,,,1,100,,6838,10,,,1,100,,6837,10,,,1,100,,6843,10,,,1,100,,6826,10,,,1,100,,6823,10,,,1,98,,6842,10,,,1,35,,6845,10,,,1,20,,6844,10,,,1,76,,6822,10,,,1,23,,6833,10,,,1,78,,6824,10,,,1,80,,6827,10,,,1,30,,6830,10,,,1,69,,6835,10,,,1,99,,6836,10,,,1,100,,6828,10,,,1,100,,6829,10,,,1,100,,6831,10,,,1,100,,6832,10,,,1,104,,6834,10,,,1
2703,'DIM',900,,7609,10,,,2,100,,7612,10,,,2,58,,7614,10,,,2,142,,7608,10,,,2,55,,7616,10,,,2,146,,7611,10,,,2,101,,7613,10,,,2,100,,7610,10,,,2,100,,7615,10,,,2,100,,7602,10,,,2,100,,7604,10,,,2,98,,7603,10,,,2,100,,7607,10,,,2,100,,7601,10,,,2,102,,7600,10,,,2,100,,7605,10,,,2,100,,7606,10,,,2
2703,'SAM',700,,7626,10,,,2,100,,7627,10,,,2,100,,7625,10,,,2,100,,7635,10,,,2,100,,7629,10,,,2,100,,7632,10,,,2,54,,7628,10,,,2,147,,7630,10,,,2,102,,7631,10,,,2,99,,7624,10,,,2,54,,7633,10,,,2,146,,7634,10,,,2,100,,7619,10,,,2,98,,7622,10,,,2,100,,7617,10,,,2,100,,7618,10,,,2,102,,7620,10,,,2,100,,7621,10,,,2,100,,7623,10,,,2
2703,'SEM',806,,7653,10,,,2,50,,7638,10,,,2,100,,7644,10,,,2,100,,7637,10,,,2,99,,7655,10,,,2,90,,7652,10,,,2,103,,7656,10,,,2,100,,7641,10,,,2,81,,7639,10,,,2,82,,7654,10,,,2,15,,7636,10,,,2,30,,7643,10,,,2,79,,7640,10,,,2,65,,7651,10,,,2,56,,7647,10,,,2,87,,7650,10,,,2,103,,7646,10,,,2,102,,7642,10,,,2,100,,7645,10,,,2,100,,7648,10,,,2,100,,7649,10,,,2
3103,'DIM',636,,7731,12,,,1,99,,7730,12,,,1,99,,1058,12,,,1,99,,7735,12,,,1,99,,7734,12,,,1,100,,7732,12,,,1,102,,7721,12,,,1,100,,7733,12,,,1,99,,7720,12,,,1,102,,7719,12,,,1,99,,7724,12,,,1,99,,7726,12,,,1,103,,7725,12,,,1,97,,7727,12,,,1,101,,7723,12,,,1,100,,7722,12,,,1,100,,7728,12,,,1,101,,7729,12,,,1
3103,'SAM',636,,7748,12,,,1,99,,7747,12,,,1,99,,1075,12,,,1,99,,7752,12,,,1,99,,7753,12,,,1,100,,7749,12,,,1,100,,7745,12,,,1,101,,7750,12,,,1,100,,7746,12,,,1,102,,7751,12,,,1,100,,7740,12,,,1,99,,7742,12,,,1,100,,7738,12,,,1,100,,7743,12,,,1,100,,7736,12,,,1,100,,7737,12,,,1,100,,7739,12,,,1,102,,7741,12,,,1,95,,7744,12,,,1
3103,'SEM',631,,7775,12,,,1,99,,7773,12,,,1,100,,7774,12,,,1,100,,7754,12,,,1,101,,7755,12,,,1,100,,7757,12,,,1,100,,7776,12,,,1,100,,7756,12,,,1,100,,7761,12,,,1,98,,7762,12,,,1,11,,7763,12,,,1,76,,7758,12,,,1,30,,7767,12,,,1,80,,7764,12,,,1,30,,7760,12,,,1,76,,7772,12,,,1,70,,7759,12,,,1,36,,7771,12,,,1,100,,7765,12,,,1,101,,7768,12,,,1,100,,7769,12,,,1,98,,7766,12,,,1,114,,7770,12,,,1
4303,'DIM',635,,8647,10,,,1,101,,8649,10,,,1,100,,8653,10,,,1,100,,8651,10,,,1,106,,8652,10,,,1,101,,8650,10,,,1,100,,8656,10,,,1,99,,8654,10,,,1,103,,8655,10,,,1,97,,8637,10,,,1,99,,8638,10,,,1,104,,8640,10,,,1,92,,8643,10,,,1,99,,8642,10,,,1,100,,8639,10,,,1,100,,8641,10,,,1,100,,8648,10,,,1,100,,8644,10,,,1,99,,8646,10,,,1,100,,8645,10,,,1
4303,'SAM',635,,8668,10,,,1,101,,8658,10,,,1,100,,8673,10,,,1,100,,8659,10,,,1,106,,8660,10,,,1,101,,8671,10,,,1,100,,8669,10,,,1,99,,8674,10,,,1,102,,8670,10,,,1,101,,8672,10,,,1,98,,8657,10,,,1,98,,8675,10,,,1,96,,8664,10,,,1,99,,8661,10,,,1,100,,2041,10,,,1,100,,8662,10,,,1,100,,8663,10,,,1,100,,8667,10,,,1,99,,8665,10,,,1,100,,8666,10,,,1
4303,'SEM',636,,8697,10,,,1,100,,8698,10,,,1,81,,8679,10,,,1,104,,8699,10,,,1,31,,8678,10,,,1,69,,8695,10,,,1,30,,8685,10,,,1,70,,8681,10,,,1,30,,8701,10,,,1,70,,8700,10,,,1,30,,8696,10,,,1,72,,8682,10,,,1,28,,8683,10,,,1,70,,8687,10,,,1,30,,8702,10,,,1,70,,8677,10,,,1,25,,8684,10,,,1,70,,8680,10,,,1,19,,8703,10,,,1,76,,8686,10,,,1,31,,8676,10,,,1,71,,8692,10,,,1,102,,8693,10,,,1,101,,8694,10,,,1,101,,8688,10,,,1,101,,8689,10,,,1,109,,8690,10,,,1,106,,8691,10,,,1
6002,'DIM',656,,9823,10,,,1,100,,9832,10,,,1,99,,9830,10,,,1,100,,9831,10,,,1,100,,9833,10,,,1,100,,9836,10,,,1,101,,9834,10,,,1,100,,9837,10,,,1,100,,9835,10,,,1,99,,9838,10,,,1,99,,9839,10,,,1,100,,9825,10,,,1,101,,9827,10,,,1,101,,9826,10,,,1,101,,9828,10,,,1,100,,9822,10,,,1,100,,9824,10,,,1,99,,9829,10,,,1
6002,'SAM',656,,9851,10,,,1,100,,9842,10,,,1,99,,9854,10,,,1,100,,9856,10,,,1,100,,9852,10,,,1,100,,9855,10,,,1,101,,9853,10,,,1,100,,9841,10,,,1,100,,9857,10,,,1,99,,9840,10,,,1,99,,9844,10,,,1,102,,9849,10,,,1,99,,9845,10,,,1,101,,9846,10,,,1,101,,9850,10,,,1,100,,9843,10,,,1,100,,9847,10,,,1,99,,9848,10,,,1
6002,'SEM',627,,9875,10,,,1,100,,9873,10,,,1,101,,9859,10,,,1,99,,9876,10,,,1,100,,9874,10,,,1,101,,9864,10,,,1,100,,9858,10,,,1,99,,9860,10,,,1,101,,9872,10,,,1,98,,9861,10,,,1,101,,9866,10,,,1,107,,9863,10,,,1,94,,9869,10,,,1,100,,9867,10,,,1,99,,9862,10,,,1,100,,9865,10,,,1,99,,9868,10,,,1,90,,9871,10,,,1,100,,9870,10,,,1
7303,'DIM',651,,10582,10,,,1,99,,10579,10,,,1,100,,10580,10,,,1,98,,10583,10,,,1,100,,10586,10,,,1,100,,10581,10,,,1,100,,10584,10,,,1,101,,10578,10,,,1,99,,10585,10,,,1,102,,10587,10,,,1,99,,10572,10,,,1,100,,10569,10,,,1,101,,10575,10,,,1,99,,10571,10,,,1,100,,10570,10,,,1,100,,10573,10,,,1,100,,10574,10,,,1,102,,10577,10,,,1,105,,10576,10,,,1
7303,'SAM',557,,10601,10,,,1,94,,10598,10,,,1,99,,10597,10,,,1,100,,10602,10,,,1,98,,10604,10,,,1,101,,10600,10,,,1,99,,10591,10,,,1,100,,10603,10,,,1,101,,10599,10,,,1,99,,10605,10,,,1,102,,10606,10,,,1,101,,10590,10,,,1,99,,10588,10,,,1,99,,10589,10,,,1,100,,10593,10,,,1,100,,10592,10,,,1,100,,4040,10,,,1,100,,10594,10,,,1,102,,4041,10,,,1,105,,10595,10,,,1,100,,4042,10,,,1,100,,10596,10,,,1
7303,'SEM',544,,10643,10,,,1,66,,10640,10,,,1,38,,10639,10,,,1,10,,10644,10,,,1,78,,10633,10,,,1,16,,10609,10,,,1,83,,10641,10,,,1,12,,10608,10,,,1,70,,10626,10,,,1,31,,10642,10,,,1,69,,10610,10,,,1,31,,10615,10,,,1,69,,10625,10,,,1,31,,10616,10,,,1,69,,10645,10,,,1,30,,10611,10,,,1,70,,10614,10,,,1,30,,10620,10,,,1,70,,10607,10,,,1,30,,10617,10,,,1,75,,10646,10,,,1,24,,10627,10,,,1,55,,10619,10,,,1,21,,10612,10,,,1,16,,10613,10,,,1,63,,10623,10,,,1,17,,10621,10,,,1,30,,10634,10,,,1,55,,10622,10,,,1,16,,10618,10,,,1,33,,10628,10,,,1,70,,10631,10,,,1,32,,10624,10,,,1,100,,10636,10,,,1,100,,10629,10,,,1,100,,10635,10,,,1,100,,10630,10,,,1,81,,10632,10,,,1,95,,10637,10,,,1,121,,10638,10,,,1
7401,'DIM',721,,10736,10,,,2,99,,10737,10,,,2,101,,10740,10,,,2,97,,10739,10,,,2,101,,10741,10,,,2,100,,10738,10,,,2,100,,10735,10,,,2,99,,10734,10,,,2,102,,10742,10,,,2,99,,10728,10,,,2,102,,10729,10,,,2,99,,10731,10,,,2,100,,10732,10,,,2,99,,10733,10,,,2,101,,10727,10,,,2,99,,10726,10,,,2,101,,10730,10,,,2
7401,'SAM',721,,10751,10,,,2,99,,10753,10,,,2,101,,10752,10,,,2,98,,10755,10,,,2,100,,10757,10,,,2,100,,10759,10,,,2,101,,10754,10,,,2,98,,10758,10,,,2,101,,10756,10,,,2,100,,10743,10,,,2,101,,10746,10,,,2,101,,10748,10,,,2,100,,10747,10,,,2,98,,10749,10,,,2,101,,10744,10,,,2,99,,10750,10,,,2,101,,10745,10,,,2
7401,'SEM',623,,10776,10,,,2,95,,10760,10,,,2,100,,10775,10,,,2,103,,10764,10,,,2,101,,10765,10,,,2,101,,10779,10,,,2,99,,10763,10,,,2,101,,10778,10,,,2,100,,10777,10,,,2,93,,10762,10,,,2,93,,10766,10,,,2,101,,10761,10,,,2,30,,10768,10,,,2,85,,10774,10,,,2,100,,10767,10,,,2,101,,10770,10,,,2,100,,10771,10,,,2,100,,10769,10,,,2,100,,10772,10,,,2,95,,10773,10,,,2
