2202,'DIM',726,,7078,33,,,2,100,,7077,33,,,2,100,,7076,33,,,2,100,,6315,33,,,2,101,,7079,33,,,2,100,,7081,33,,,2,96,,7080,33,,,2,106,,7075,33,,,2,98,,7069,33,,,2,114,,7082,33,,,2,88,,7071,33,,,2,100,,7072,33,,,2,98,,7074,33,,,2,101,,7073,33,,,2,100,,7068,33,,,2,100,,7070,33,,,2
2202,'SAM',628,,7099,17,,,2,98,,7093,33,,,2,100,,7090,33,,,2,100,,7089,33,,,2,98,,7095,33,,,2,103,,7094,33,,,2,100,,7092,33,,,2,96,,7098,33,,,2,104,,7091,33,,,2,100,,7097,33,,,2,112,,7096,33,,,2,90,,7084,33,,,2,100,,7086,33,,,2,98,,7083,33,,,2,101,,7085,33,,,2,100,,7088,33,,,2,100,,7087,33,,,2
2202,'SEM',603,,6230,33,,,2,18,,7111,33,,,2,105,,7118,33,,,2,31,,7108,33,,,2,70,,7100,33,,,2,98,,7102,33,,,2,31,,7101,33,,,2,69,,7119,33,,,2,101,,7106,33,,,2,100,,7117,33,,,2,100,,7120,33,,,2,102,,7105,33,,,2,100,,7107,33,,,2,102,,7103,33,,,2,24,,7104,33,,,2,75,,7110,33,,,2,99,,7109,33,,,2,100,,7116,33,,,2,101,,7115,33,,,2,98,,7113,33,,,2,107,,7112,33,,,2,96,,7114,33,,,2
5002,'DIM',605,,9269,10,,,1,100,,2653,10,,,1,100,,9252,10,,,1,96,,9267,10,,,1,107,,9260,10,,,1,25,,9270,10,,,1,77,,9262,10,,,1,24,,9274,10,,,1,79,,9272,10,,,1,22,,9273,10,,,1,75,,9275,10,,,1,29,,9261,10,,,1,72,,9263,10,,,1,36,,9276,10,,,1,69,,9265,10,,,1,34,,9264,10,,,1,70,,9271,10,,,1,26,,9268,10,,,1,71,,9266,10,,,1,100,,9254,10,,,1,99,,9256,10,,,1,99,,9259,10,,,1,99,,9253,10,,,1,98,,9257,10,,,1,98,,9255,10,,,1,100,,9258,10,,,1
5002,'SAM',605,,9284,10,,,1,100,,9287,10,,,1,100,,9278,10,,,1,99,,9299,10,,,1,104,,9298,10,,,1,25,,9297,10,,,1,76,,9295,10,,,1,25,,9279,10,,,1,79,,9302,10,,,1,22,,9301,10,,,1,75,,9280,10,,,1,29,,9291,10,,,1,72,,9293,10,,,1,36,,9296,10,,,1,69,,9292,10,,,1,34,,9294,10,,,1,70,,9282,10,,,1,26,,9283,10,,,1,71,,9277,10,,,1,100,,9300,10,,,1,99,,9288,10,,,1,99,,9290,10,,,1,99,,9289,10,,,1,98,,9285,10,,,1,98,,9281,10,,,1,100,,9286,10,,,1
5002,'SEM',453,,9309,10,,,1,75,,9332,10,,,1,30,,9328,10,,,1,70,,9303,10,,,1,75,,9336,10,,,1,31,,9329,10,,,1,24,,9304,10,,,1,75,,9322,10,,,1,26,,9307,10,,,1,71,,9334,10,,,1,26,,9335,10,,,1,73,,9331,10,,,1,27,,9306,10,,,1,73,,9310,10,,,1,28,,9330,10,,,1,72,,9318,10,,,1,72,,9333,10,,,1,30,,9311,10,,,1,70,,9314,10,,,1,41,,9305,10,,,1,67,,9315,10,,,1,37,,9308,10,,,1,72,,9323,10,,,1,31,,9312,10,,,1,70,,9313,10,,,1,30,,9321,10,,,1,70,,9316,10,,,1,30,,9320,10,,,1,105,,9324,10,,,1,105,,9319,10,,,1,141,,9317,10,,,1,110,,9326,10,,,1,105,,9325,10,,,1,98,,9327,10,,,1
5802,'DIM',604,,9712,10,,,2,100,,9719,10,,,2,51,,9716,10,,,2,100,,9720,10,,,2,100,,9723,10,,,2,99,,9715,10,,,2,101,,9725,10,,,2,100,,9722,10,,,2,101,,9718,10,,,2,99,,9721,10,,,2,101,,9717,10,,,2,99,,9711,10,,,2,101,,9724,10,,,2,101,,9708,10,,,2,100,,9714,10,,,2,99,,9710,10,,,2,99,,9709,10,,,2,99,,9713,10,,,2
5802,'SAM',604,,9743,10,,,2,100,,9735,10,,,2,51,,9734,10,,,2,100,,9739,10,,,2,100,,9737,10,,,2,99,,9740,10,,,2,101,,9742,10,,,2,100,,9726,10,,,2,98,,9733,10,,,2,101,,9738,10,,,2,101,,9736,10,,,2,101,,9741,10,,,2,100,,9728,10,,,2,101,,9731,10,,,2,100,,9727,10,,,2,99,,9732,10,,,2,99,,9729,10,,,2,99,,9730,10,,,2
5802,'SEM',523,,9762,10,,,2,34,,9755,10,,,2,62,,9754,10,,,2,39,,9763,10,,,2,75,,9765,10,,,2,69,,9747,10,,,2,33,,9746,10,,,2,83,,9750,10,,,2,99,,9766,10,,,2,100,,9744,10,,,2,100,,9751,10,,,2,100,,9764,10,,,2,101,,9745,10,,,2,25,,9748,10,,,2,69,,9752,10,,,2,102,,9758,10,,,2,33,,9749,10,,,2,94,,9753,10,,,2,96,,9760,10,,,2,100,,9759,10,,,2,100,,9761,10,,,2,98,,9757,10,,,2,99,,9756,10,,,2
22202,'DIM',1440,,4994,22,,,2
22202,'SAM',1440,,11491,22,,,2,898,,11489,22,,,2,100,,11490,22,,,2
22202,'SEM',540,,11498,22,,,2,119,,11493,22,,,2,81,,11494,22,,,2,767,,11497,22,,,2,35,,11492,22,,,2,703,,11495,22,,,2,65,,11496,22,,,2
32202,'SAM',2553,,11601,16,,,2
32202,'SEM',2422,,11602,16,,,2,84,,11603,16,,,2
