2202,'DIM',723,,7078,29,,,2,100,,7077,29,,,2,100,,7076,29,,,2,100,,6315,29,,,2,101,,7079,29,,,2,100,,7081,29,,,2,96,,7080,29,,,2,106,,7075,29,,,2,98,,7069,29,,,2,114,,7082,29,,,2,88,,7071,29,,,2,100,,7072,29,,,2,98,,7074,29,,,2,101,,7073,29,,,2,100,,7068,29,,,2,100,,7070,29,,,2
2202,'SAM',625,,7099,13,,,2,98,,7093,29,,,2,100,,7090,29,,,2,100,,7089,29,,,2,98,,7095,29,,,2,103,,7094,29,,,2,100,,7092,29,,,2,96,,7098,29,,,2,104,,7091,29,,,2,100,,7097,29,,,2,112,,7096,29,,,2,90,,7084,29,,,2,100,,7086,29,,,2,98,,7083,29,,,2,101,,7085,29,,,2,100,,7088,29,,,2,100,,7087,29,,,2
2202,'SEM',600,,6230,29,,,2,18,,7111,29,,,2,105,,7118,29,,,2,31,,7108,29,,,2,70,,7100,29,,,2,98,,7102,29,,,2,31,,7101,29,,,2,69,,7119,29,,,2,101,,7106,29,,,2,100,,7117,29,,,2,100,,7120,29,,,2,102,,7105,29,,,2,100,,7107,29,,,2,102,,7103,29,,,2,24,,7104,29,,,2,75,,7110,29,,,2,99,,7109,29,,,2,100,,7116,29,,,2,101,,7115,29,,,2,98,,7113,29,,,2,107,,7112,29,,,2,96,,7114,29,,,2
5002,'DIM',602,,9269,6,,,1,100,,2653,6,,,1,100,,9252,6,,,1,56,,9267,6,,,1,147,,9260,6,,,1,25,,9270,6,,,1,77,,9262,6,,,1,24,,9274,6,,,1,79,,9272,6,,,1,22,,9273,6,,,1,75,,9275,6,,,1,29,,9261,6,,,1,72,,9263,6,,,1,36,,9276,6,,,1,69,,9265,6,,,1,34,,9264,6,,,1,70,,9271,6,,,1,26,,9268,6,,,1,71,,9266,6,,,1,100,,9254,6,,,1,99,,9256,6,,,1,99,,9259,6,,,1,99,,9253,6,,,1,98,,9257,6,,,1,98,,9255,6,,,1,100,,9258,6,,,1
5002,'SAM',602,,9284,6,,,1,100,,9287,6,,,1,100,,9278,6,,,1,99,,9299,6,,,1,104,,9298,6,,,1,25,,9297,6,,,1,76,,9295,6,,,1,25,,9279,6,,,1,79,,9302,6,,,1,22,,9301,6,,,1,75,,9280,6,,,1,29,,9291,6,,,1,72,,9293,6,,,1,36,,9296,6,,,1,69,,9292,6,,,1,34,,9294,6,,,1,70,,9282,6,,,1,26,,9283,6,,,1,71,,9277,6,,,1,100,,9300,6,,,1,99,,9288,6,,,1,99,,9290,6,,,1,99,,9289,6,,,1,98,,9285,6,,,1,98,,9281,6,,,1,100,,9286,6,,,1
5002,'SEM',450,,9309,6,,,1,75,,9332,6,,,1,30,,9328,6,,,1,70,,9303,6,,,1,75,,9336,6,,,1,31,,9329,6,,,1,24,,9304,6,,,1,75,,9322,6,,,1,26,,9307,6,,,1,71,,9334,6,,,1,26,,9335,6,,,1,73,,9331,6,,,1,27,,9306,6,,,1,73,,9310,6,,,1,28,,9330,6,,,1,72,,9318,6,,,1,32,,9333,6,,,1,70,,9311,6,,,1,30,,9314,6,,,1,81,,9305,6,,,1,67,,9315,6,,,1,37,,9308,6,,,1,72,,9323,6,,,1,31,,9312,6,,,1,70,,9313,6,,,1,30,,9321,6,,,1,70,,9316,6,,,1,30,,9320,6,,,1,105,,9324,6,,,1,105,,9319,6,,,1,101,,9317,6,,,1,150,,9326,6,,,1,105,,9325,6,,,1,98,,9327,6,,,1
5802,'DIM',601,,9712,6,,,2,100,,9719,6,,,2,51,,9716,6,,,2,100,,9720,6,,,2,100,,9723,6,,,2,99,,9715,6,,,2,101,,9725,6,,,2,100,,9722,6,,,2,101,,9718,6,,,2,99,,9721,6,,,2,101,,9717,6,,,2,99,,9711,6,,,2,101,,9724,6,,,2,101,,9708,6,,,2,100,,9714,6,,,2,99,,9710,6,,,2,99,,9709,6,,,2,99,,9713,6,,,2
5802,'SAM',601,,9743,6,,,2,100,,9735,6,,,2,51,,9734,6,,,2,100,,9739,6,,,2,100,,9737,6,,,2,99,,9740,6,,,2,101,,9742,6,,,2,100,,9726,6,,,2,98,,9733,6,,,2,101,,9738,6,,,2,101,,9736,6,,,2,101,,9741,6,,,2,100,,9728,6,,,2,101,,9731,6,,,2,100,,9727,6,,,2,99,,9732,6,,,2,99,,9729,6,,,2,99,,9730,6,,,2
5802,'SEM',520,,9762,6,,,2,34,,9755,6,,,2,62,,9754,6,,,2,39,,9763,6,,,2,75,,9765,6,,,2,29,,9747,6,,,2,73,,9746,6,,,2,83,,9750,6,,,2,99,,9766,6,,,2,100,,9744,6,,,2,100,,9751,6,,,2,100,,9764,6,,,2,101,,9745,6,,,2,25,,9748,6,,,2,69,,9752,6,,,2,101,,9758,6,,,2,33,,9749,6,,,2,95,,9753,6,,,2,96,,9760,6,,,2,100,,9759,6,,,2,100,,9761,6,,,2,98,,9757,6,,,2,99,,9756,6,,,2
22202,'DIM',1437,,4994,18,,,2
22202,'SAM',1437,,11491,18,,,2,898,,11489,18,,,2,100,,11490,18,,,2
22202,'SEM',537,,11498,18,,,2,119,,11493,18,,,2,81,,11494,18,,,2,767,,11497,18,,,2,35,,11492,18,,,2,703,,11495,18,,,2,65,,11496,18,,,2
32202,'SAM',2550,,11601,12,,,2
32202,'SEM',2419,,11602,12,,,2,84,,11603,12,,,2
