3904,'DIM',856,,8142,68,,,1,153,,8136,68,,,1,42,,8143,68,,,1,70,,8146,68,,,1,34,,8137,68,,,1,67,,8135,68,,,1,33,,8145,68,,,1,69,,8140,68,,,1,35,,8129,68,,,1,67,,8144,68,,,1,30,,8138,68,,,1,71,,8139,68,,,1,32,,8128,68,,,1,69,,8141,68,,,1,31,,8124,68,,,1,71,,8125,68,,,1,27,,8130,68,,,1,68,,8131,68,,,1,29,,8132,68,,,1,83,,8133,68,,,1,97,,8126,68,,,1,100,,8134,68,,,1,99,,8127,68,,,1
3904,'SAM',856,,8162,68,,,1,153,,8155,68,,,1,42,,8166,68,,,1,70,,8156,68,,,1,31,,8147,68,,,1,70,,8153,68,,,1,36,,8159,68,,,1,66,,8157,68,,,1,35,,8163,68,,,1,67,,8154,68,,,1,30,,8160,68,,,1,71,,8161,68,,,1,31,,8167,68,,,1,70,,8158,68,,,1,72,,8164,68,,,1,24,,8165,68,,,1,33,,8168,68,,,1,68,,8169,68,,,1,29,,8148,68,,,1,86,,8149,68,,,1,96,,8151,68,,,1,98,,8150,68,,,1,99,,8152,68,,,1
3904,'SEM',650,,8193,68,,,1,67,,8186,68,,,1,15,,8192,68,,,1,11,,8174,68,,,1,72,,8189,68,,,1,31,,8170,68,,,1,71,,8187,68,,,1,30,,8194,68,,,1,75,,8172,68,,,1,28,,8173,68,,,1,73,,8184,68,,,1,30,,8188,68,,,1,72,,8190,68,,,1,28,,8181,68,,,1,72,,8185,68,,,1,27,,8191,68,,,1,78,,8171,68,,,1,74,,8176,68,,,1,30,,8178,68,,,1,72,,8179,68,,,1,101,,8195,68,,,1,108,,8182,68,,,1,97,,8183,68,,,1,103,,8175,68,,,1,100,,8177,68,,,1,93,,8180,68,,,1
5002,'DIM',631,,9269,51,,,1,101,,2653,51,,,1,103,,9252,51,,,1,97,,9267,51,,,1,108,,9260,51,,,1,65,,9270,51,,,1,37,,9262,51,,,1,64,,9274,51,,,1,39,,9272,51,,,1,62,,9273,51,,,1,36,,9275,51,,,1,69,,9261,51,,,1,33,,9263,51,,,1,76,,9276,51,,,1,29,,9265,51,,,1,74,,9264,51,,,1,30,,9271,51,,,1,66,,9268,51,,,1,30,,9266,51,,,1,99,,9254,51,,,1,98,,9256,51,,,1,99,,9259,51,,,1,99,,9253,51,,,1,97,,9257,51,,,1,97,,9255,51,,,1,98,,9258,51,,,1
5002,'SAM',631,,9284,51,,,1,101,,9287,51,,,1,103,,9278,51,,,1,100,,9299,51,,,1,105,,9298,51,,,1,65,,9297,51,,,1,36,,9295,51,,,1,65,,9279,51,,,1,39,,9302,51,,,1,62,,9301,51,,,1,36,,9280,51,,,1,69,,9291,51,,,1,33,,9293,51,,,1,76,,9296,51,,,1,29,,9292,51,,,1,74,,9294,51,,,1,30,,9282,51,,,1,66,,9283,51,,,1,30,,9277,51,,,1,99,,9300,51,,,1,98,,9288,51,,,1,99,,9290,51,,,1,99,,9289,51,,,1,97,,9285,51,,,1,97,,9281,51,,,1,98,,9286,51,,,1
5002,'SEM',520,,9309,51,,,1,37,,9332,51,,,1,72,,9328,51,,,1,30,,9303,51,,,1,78,,9336,51,,,1,72,,9329,51,,,1,24,,9304,51,,,1,75,,9322,51,,,1,26,,9307,51,,,1,71,,9334,51,,,1,26,,9335,51,,,1,73,,9331,51,,,1,28,,9306,51,,,1,73,,9310,51,,,1,28,,9330,51,,,1,72,,9318,51,,,1,32,,9333,51,,,1,70,,9311,51,,,1,30,,9314,51,,,1,82,,9305,51,,,1,27,,9315,51,,,1,79,,9308,51,,,1,33,,9323,51,,,1,70,,9312,51,,,1,27,,9313,51,,,1,69,,9321,51,,,1,28,,9316,51,,,1,69,,9320,51,,,1,103,,9324,51,,,1,104,,9319,51,,,1,100,,9317,51,,,1,110,,9326,51,,,1,103,,9325,51,,,1,97,,9327,51,,,1
6002,'DIM',710,,9823,30,,,1,101,,9832,30,,,1,100,,9830,30,,,1,100,,9831,30,,,1,100,,9833,30,,,1,101,,9836,30,,,1,101,,9834,30,,,1,100,,9837,30,,,1,100,,9835,30,,,1,99,,9838,30,,,1,99,,9839,30,,,1,100,,9825,30,,,1,100,,9827,30,,,1,100,,9826,30,,,1,101,,9828,30,,,1,100,,9822,30,,,1,100,,9824,30,,,1,98,,9829,30,,,1
6002,'SAM',710,,9851,30,,,1,101,,9842,30,,,1,100,,9854,30,,,1,100,,9856,30,,,1,100,,9852,30,,,1,101,,9855,30,,,1,101,,9853,30,,,1,100,,9841,30,,,1,100,,9857,30,,,1,99,,9840,30,,,1,99,,9844,30,,,1,102,,9849,30,,,1,98,,9845,30,,,1,100,,9846,30,,,1,101,,9850,30,,,1,100,,9843,30,,,1,100,,9847,30,,,1,98,,9848,30,,,1
6002,'SEM',642,,9875,30,,,1,102,,9873,30,,,1,101,,9859,30,,,1,100,,9876,30,,,1,100,,9874,30,,,1,102,,9864,30,,,1,100,,9858,30,,,1,99,,9860,30,,,1,101,,9872,30,,,1,99,,9861,30,,,1,102,,9866,30,,,1,105,,9863,30,,,1,92,,9869,30,,,1,99,,9867,30,,,1,99,,9862,30,,,1,100,,9865,30,,,1,98,,9868,30,,,1,89,,9871,30,,,1,100,,9870,30,,,1
6303,'DIM',751,,10005,30,,,1,100,,10007,30,,,1,102,,9998,30,,,1,98,,10006,30,,,1,103,,10010,30,,,1,96,,10008,30,,,1,103,,10011,30,,,1,103,,10009,30,,,1,100,,10012,30,,,1,100,,10013,30,,,1,100,,9999,30,,,1,97,,9995,30,,,1,99,,9996,30,,,1,99,,10001,30,,,1,100,,9997,30,,,1,100,,10002,30,,,1,99,,10000,30,,,1,100,,10003,30,,,1,98,,10004,30,,,1
6303,'SAM',650,,10027,30,,,1,101,,10031,30,,,1,100,,10028,30,,,1,102,,10026,30,,,1,98,,10030,30,,,1,103,,10029,30,,,1,96,,10033,30,,,1,103,,10032,30,,,1,103,,10014,30,,,1,102,,10015,30,,,1,98,,10016,30,,,1,100,,10018,30,,,1,97,,10017,30,,,1,99,,10022,30,,,1,99,,10019,30,,,1,100,,10020,30,,,1,100,,10023,30,,,1,99,,10021,30,,,1,100,,10024,30,,,1,98,,10025,30,,,1
6303,'SEM',610,,10049,30,,,1,20,,10059,30,,,1,16,,10060,30,,,1,76,,10066,30,,,1,14,,10064,30,,,1,74,,10038,30,,,1,23,,10040,30,,,1,74,,10041,30,,,1,33,,10034,30,,,1,65,,10037,30,,,1,33,,10063,30,,,1,67,,10051,30,,,1,32,,10067,30,,,1,66,,10061,30,,,1,38,,10035,30,,,1,67,,10036,30,,,1,30,,10065,30,,,1,70,,10062,30,,,1,32,,10068,30,,,1,72,,10043,30,,,1,26,,10042,30,,,1,74,,10047,30,,,1,19,,10045,30,,,1,25,,10039,30,,,1,73,,10048,30,,,1,81,,10046,30,,,1,96,,10044,30,,,1,41,,10052,30,,,1,93,,10055,30,,,1,95,,10050,30,,,1,88,,10053,30,,,1,105,,10054,30,,,1,99,,10058,30,,,1,104,,10056,30,,,1,94,,10057,30,,,1
6503,'DIM',715,,10150,7,,,2,101,,10152,7,,,2,100,,10154,7,,,2,100,,10156,7,,,2,103,,10153,7,,,2,97,,10151,7,,,2,107,,10139,7,,,2,100,,10155,7,,,2,96,,10157,7,,,2,98,,10142,7,,,2,102,,10144,7,,,2,98,,10143,7,,,2,99,,10146,7,,,2,100,,10148,7,,,2,100,,10140,7,,,2,100,,10141,7,,,2,100,,10147,7,,,2,99,,10149,7,,,2,100,,10145,7,,,2
6503,'SAM',715,,10170,7,,,2,101,,10173,7,,,2,100,,10172,7,,,2,100,,10174,7,,,2,102,,10175,7,,,2,97,,10177,7,,,2,108,,10176,7,,,2,99,,10171,7,,,2,97,,10158,7,,,2,98,,10160,7,,,2,102,,10163,7,,,2,100,,10166,7,,,2,97,,3589,7,,,2,100,,10168,7,,,2,100,,10162,7,,,2,100,,10159,7,,,2,100,,10161,7,,,2,99,,10164,7,,,2,100,,10165,7,,,2,85,,10167,7,,,2,35,,10169,7,,,2
6503,'SEM',601,,10187,7,,,2,27,,10179,7,,,2,27,,10206,7,,,2,64,,10180,7,,,2,24,,10182,7,,,2,78,,10195,7,,,2,26,,10212,7,,,2,78,,10183,7,,,2,25,,10184,7,,,2,70,,10203,7,,,2,30,,10185,7,,,2,70,,10210,7,,,2,30,,10207,7,,,2,70,,10208,7,,,2,30,,10209,7,,,2,70,,10186,7,,,2,30,,10189,7,,,2,70,,10181,7,,,2,30,,10193,7,,,2,74,,10194,7,,,2,30,,10178,7,,,2,65,,10188,7,,,2,25,,10200,7,,,2,15,,10211,7,,,2,55,,10201,7,,,2,15,,10202,7,,,2,15,,10196,7,,,2,13,,10204,7,,,2,57,,10199,7,,,2,33,,10191,7,,,2,103,,10190,7,,,2,99,,10192,7,,,2,100,,10197,7,,,2,100,,10198,7,,,2,99,,10205,7,,,2
7602,'DIM',609,,5136,7,,,2,96,,10940,7,,,2,100,,10950,7,,,2,100,,10952,7,,,2,30,,10948,7,,,2,70,,10949,7,,,2,30,,10930,7,,,2,70,,10953,7,,,2,30,,10951,7,,,2,70,,10939,7,,,2,32,,10954,7,,,2,72,,10955,7,,,2,27,,10931,7,,,2,74,,10941,7,,,2,33,,10933,7,,,2,64,,10934,7,,,2,30,,10936,7,,,2,70,,10932,7,,,2,30,,4405,7,,,2,70,,4422,7,,,2,30,,10937,7,,,2,74,,10945,7,,,2,94,,10946,7,,,2,100,,10938,7,,,2,101,,10947,7,,,2,101,,10935,7,,,2,99,,10942,7,,,2,100,,10944,7,,,2,100,,10943,7,,,2
7602,'SAM',609,,10973,7,,,2,96,,10972,7,,,2,100,,10976,7,,,2,100,,10978,7,,,2,30,,10983,7,,,2,70,,10971,7,,,2,30,,10980,7,,,2,70,,10979,7,,,2,30,,10984,7,,,2,70,,10957,7,,,2,30,,10974,7,,,2,74,,10956,7,,,2,27,,10975,7,,,2,74,,10982,7,,,2,33,,10958,7,,,2,64,,10959,7,,,2,30,,10981,7,,,2,70,,10962,7,,,2,30,,4456,7,,,2,70,,10960,7,,,2,30,,10977,7,,,2,75,,10965,7,,,2,93,,10967,7,,,2,100,,10963,7,,,2,101,,10961,7,,,2,101,,10966,7,,,2,99,,10964,7,,,2,100,,10969,7,,,2,100,,10968,7,,,2,101,,10970,7,,,2
7602,'SEM',552,,10985,7,,,2,62,,11014,7,,,2,16,,4470,7,,,2,11,,11012,7,,,2,64,,11016,7,,,2,18,,11018,7,,,2,22,,10992,7,,,2,61,,10986,7,,,2,35,,11013,7,,,2,68,,11017,7,,,2,31,,11010,7,,,2,72,,10987,7,,,2,30,,11015,7,,,2,70,,10991,7,,,2,29,,11011,7,,,2,71,,10990,7,,,2,30,,10995,7,,,2,71,,11020,7,,,2,28,,10996,7,,,2,70,,10988,7,,,2,35,,11019,7,,,2,65,,10989,7,,,2,24,,10993,7,,,2,66,,11000,7,,,2,25,,11001,7,,,2,25,,11004,7,,,2,65,,11006,7,,,2,25,,11002,7,,,2,60,,10998,7,,,2,34,,10994,7,,,2,70,,11005,7,,,2,31,,11008,7,,,2,100,,10997,7,,,2,100,,10999,7,,,2,99,,11007,7,,,2,103,,11003,7,,,2,109,,11009,7,,,2
