3602,'SEM',1509,,7943,1,,,2,23,,7944,1,,,2,71,,7937,1,,,2,24,,7942,1,,,2,73,,7938,1,,,2,31,,7939,1,,,2,26,,7940,1,,,2,69,,7941,1,,,2
3904,'DIM',849,,8142,62,,,1,152,,8136,62,,,1,42,,8143,62,,,1,70,,8146,62,,,1,34,,8137,62,,,1,67,,8135,62,,,1,33,,8145,62,,,1,69,,8140,62,,,1,35,,8129,62,,,1,67,,8144,62,,,1,30,,8138,62,,,1,71,,8139,62,,,1,32,,8128,62,,,1,70,,8141,62,,,1,31,,8124,62,,,1,71,,8125,62,,,1,27,,8130,62,,,1,68,,8131,62,,,1,29,,8132,62,,,1,83,,8133,62,,,1,97,,8126,62,,,1,100,,8134,62,,,1,99,,8127,62,,,1
3904,'SAM',849,,8162,62,,,1,152,,8155,62,,,1,42,,8166,62,,,1,70,,8156,62,,,1,31,,8147,62,,,1,70,,8153,62,,,1,36,,8159,62,,,1,66,,8157,62,,,1,35,,8163,62,,,1,67,,8154,62,,,1,30,,8160,62,,,1,71,,8161,62,,,1,31,,8167,62,,,1,71,,8158,62,,,1,32,,8164,62,,,1,64,,8165,62,,,1,33,,8168,62,,,1,68,,8169,62,,,1,29,,8148,62,,,1,86,,8149,62,,,1,96,,8151,62,,,1,98,,8150,62,,,1,99,,8152,62,,,1
3904,'SEM',643,,8193,62,,,1,67,,8186,62,,,1,15,,8192,62,,,1,11,,8174,62,,,1,71,,8189,62,,,1,31,,8170,62,,,1,71,,8187,62,,,1,30,,8194,62,,,1,75,,8172,62,,,1,28,,8173,62,,,1,73,,8184,62,,,1,30,,8188,62,,,1,71,,8190,62,,,1,28,,8181,62,,,1,72,,8185,62,,,1,27,,8191,62,,,1,78,,8171,62,,,1,34,,8176,62,,,1,70,,8178,62,,,1,32,,8179,62,,,1,101,,8195,62,,,1,149,,8182,62,,,1,97,,8183,62,,,1,104,,8175,62,,,1,100,,8177,62,,,1,93,,8180,62,,,1
5002,'DIM',626,,9269,45,,,1,100,,2653,45,,,1,102,,9252,45,,,1,97,,9267,45,,,1,107,,9260,45,,,1,25,,9270,45,,,1,77,,9262,45,,,1,24,,9274,45,,,1,79,,9272,45,,,1,22,,9273,45,,,1,76,,9275,45,,,1,69,,9261,45,,,1,33,,9263,45,,,1,76,,9276,45,,,1,29,,9265,45,,,1,74,,9264,45,,,1,30,,9271,45,,,1,66,,9268,45,,,1,31,,9266,45,,,1,99,,9254,45,,,1,98,,9256,45,,,1,99,,9259,45,,,1,99,,9253,45,,,1,97,,9257,45,,,1,98,,9255,45,,,1,98,,9258,45,,,1
5002,'SAM',626,,9284,45,,,1,100,,9287,45,,,1,102,,9278,45,,,1,100,,9299,45,,,1,104,,9298,45,,,1,25,,9297,45,,,1,76,,9295,45,,,1,25,,9279,45,,,1,79,,9302,45,,,1,22,,9301,45,,,1,76,,9280,45,,,1,69,,9291,45,,,1,33,,9293,45,,,1,76,,9296,45,,,1,29,,9292,45,,,1,74,,9294,45,,,1,30,,9282,45,,,1,66,,9283,45,,,1,31,,9277,45,,,1,99,,9300,45,,,1,98,,9288,45,,,1,99,,9290,45,,,1,99,,9289,45,,,1,97,,9285,45,,,1,98,,9281,45,,,1,98,,9286,45,,,1
5002,'SEM',515,,9309,45,,,1,36,,9332,45,,,1,71,,9328,45,,,1,30,,9303,45,,,1,77,,9336,45,,,1,72,,9329,45,,,1,24,,9304,45,,,1,75,,9322,45,,,1,26,,9307,45,,,1,31,,9334,45,,,1,66,,9335,45,,,1,33,,9331,45,,,1,68,,9306,45,,,1,33,,9310,45,,,1,68,,9330,45,,,1,32,,9318,45,,,1,72,,9333,45,,,1,30,,9311,45,,,1,70,,9314,45,,,1,82,,9305,45,,,1,27,,9315,45,,,1,78,,9308,45,,,1,33,,9323,45,,,1,70,,9312,45,,,1,27,,9313,45,,,1,69,,9321,45,,,1,29,,9316,45,,,1,70,,9320,45,,,1,103,,9324,45,,,1,104,,9319,45,,,1,101,,9317,45,,,1,110,,9326,45,,,1,103,,9325,45,,,1,97,,9327,45,,,1
7001,'DIM',650,,10411,1,,,1,100,,10401,1,,,1,98,,10409,1,,,1,99,,10412,1,,,1,68,,10415,1,,,1,31,,10410,1,,,1,70,,10417,1,,,1,27,,10416,1,,,1,70,,10413,1,,,1,35,,10414,1,,,1,69,,10418,1,,,1,27,,10394,1,,,1,73,,10419,1,,,1,25,,10397,1,,,1,75,,10398,1,,,1,27,,10399,1,,,1,74,,10396,1,,,1,33,,10402,1,,,1,74,,10405,1,,,1,30,,10400,1,,,1,95,,10406,1,,,1,100,,10403,1,,,1,100,,10395,1,,,1,100,,10407,1,,,1,100,,10408,1,,,1,100,,10404,1,,,1
7001,'SAM',650,,10436,1,,,1,100,,10441,1,,,1,98,,10443,1,,,1,99,,10444,1,,,1,67,,10442,1,,,1,32,,10420,1,,,1,69,,10445,1,,,1,28,,10440,1,,,1,70,,10421,1,,,1,34,,10437,1,,,1,68,,10422,1,,,1,33,,10438,1,,,1,69,,10424,1,,,1,25,,10439,1,,,1,73,,10427,1,,,1,29,,10429,1,,,1,74,,10426,1,,,1,34,,10428,1,,,1,73,,10432,1,,,1,30,,10430,1,,,1,95,,10434,1,,,1,100,,10423,1,,,1,100,,10425,1,,,1,99,,10435,1,,,1,101,,10433,1,,,1,100,,10431,1,,,1
7001,'SEM',506,,10472,1,,,1,30,,10450,1,,,1,65,,10473,1,,,1,18,,10474,1,,,1,17,,10469,1,,,1,67,,10480,1,,,1,24,,10461,1,,,1,24,,10447,1,,,1,69,,10479,1,,,1,30,,10476,1,,,1,71,,10477,1,,,1,29,,10458,1,,,1,71,,10481,1,,,1,28,,10449,1,,,1,72,,10454,1,,,1,27,,10478,1,,,1,70,,10448,1,,,1,29,,10446,1,,,1,72,,10475,1,,,1,30,,10453,1,,,1,77,,10456,1,,,1,24,,10452,1,,,1,50,,10459,1,,,1,46,,10451,1,,,1,77,,10463,1,,,1,28,,10466,1,,,1,77,,10467,1,,,1,27,,10455,1,,,1,81,,10464,1,,,1,85,,10460,1,,,1,34,,10457,1,,,1,149,,10465,1,,,1,100,,10462,1,,,1,100,,10470,1,,,1,102,,10468,1,,,1,129,,10471,1,,,1
