1703,'DIM',625,,6801,24,,,1,89,,6794,24,,,1,100,,100,24,,,1,101,,6796,24,,,1,97,,6797,24,,,1,101,,6793,24,,,1,100,,6799,24,,,1,99,,6795,24,,,1,102,,6798,24,,,1,100,,6800,24,,,1,102,,6783,24,,,1,98,,6787,24,,,1,99,,6786,24,,,1,101,,6785,24,,,1,98,,6788,24,,,1,99,,6791,24,,,1,101,,6784,24,,,1,100,,6789,24,,,1,102,,6790,24,,,1,119,,6792,24,,,1
1703,'SAM',547,,6813,24,,,1,78,,6819,24,,,1,89,,121,24,,,1,100,,6810,24,,,1,101,,6812,24,,,1,97,,6814,24,,,1,100,,6818,24,,,1,101,,6816,24,,,1,100,,6811,24,,,1,101,,6817,24,,,1,100,,6815,24,,,1,102,,6820,24,,,1,99,,6821,24,,,1,99,,6802,24,,,1,100,,6807,24,,,1,98,,6804,24,,,1,99,,6803,24,,,1,101,,6805,24,,,1,100,,6808,24,,,1,102,,6809,24,,,1,119,,6806,24,,,1
1703,'SEM',607,,6839,24,,,1,103,,6841,24,,,1,105,,6840,24,,,1,96,,6825,24,,,1,101,,6838,24,,,1,100,,6837,24,,,1,100,,6843,24,,,1,101,,6826,24,,,1,100,,6823,24,,,1,98,,6842,24,,,1,35,,6845,24,,,1,60,,6844,24,,,1,36,,6822,24,,,1,63,,6833,24,,,1,38,,6824,24,,,1,79,,6827,24,,,1,30,,6830,24,,,1,68,,6835,24,,,1,99,,6836,24,,,1,100,,6828,24,,,1,100,,6829,24,,,1,100,,6831,24,,,1,99,,6832,24,,,1,103,,6834,24,,,1
3103,'DIM',644,,7731,26,,,1,100,,7730,26,,,1,99,,1058,26,,,1,99,,7735,26,,,1,99,,7734,26,,,1,100,,7732,26,,,1,102,,7721,26,,,1,101,,7733,26,,,1,99,,7720,26,,,1,102,,7719,26,,,1,99,,7724,26,,,1,98,,7726,26,,,1,103,,7725,26,,,1,96,,7727,26,,,1,101,,7723,26,,,1,100,,7722,26,,,1,100,,7728,26,,,1,101,,7729,26,,,1
3103,'SAM',644,,7748,26,,,1,100,,7747,26,,,1,99,,1075,26,,,1,99,,7752,26,,,1,99,,7753,26,,,1,100,,7749,26,,,1,100,,7745,26,,,1,102,,7750,26,,,1,100,,7746,26,,,1,102,,7751,26,,,1,100,,7740,26,,,1,98,,7742,26,,,1,100,,7738,26,,,1,99,,7743,26,,,1,100,,7736,26,,,1,100,,7737,26,,,1,100,,7739,26,,,1,102,,7741,26,,,1,95,,7744,26,,,1
3103,'SEM',640,,7775,26,,,1,99,,7773,26,,,1,100,,7774,26,,,1,101,,7754,26,,,1,101,,7755,26,,,1,100,,7757,26,,,1,100,,7776,26,,,1,100,,7756,26,,,1,101,,7761,26,,,1,98,,7762,26,,,1,11,,7763,26,,,1,77,,7758,26,,,1,29,,7767,26,,,1,80,,7764,26,,,1,69,,7760,26,,,1,36,,7772,26,,,1,69,,7759,26,,,1,36,,7771,26,,,1,100,,7765,26,,,1,101,,7768,26,,,1,100,,7769,26,,,1,97,,7766,26,,,1,114,,7770,26,,,1
7303,'DIM',659,,10582,24,,,1,100,,10579,24,,,1,100,,10580,24,,,1,98,,10583,24,,,1,100,,10586,24,,,1,100,,10581,24,,,1,100,,10584,24,,,1,102,,10578,24,,,1,99,,10585,24,,,1,142,,10587,24,,,1,59,,10572,24,,,1,99,,10569,24,,,1,101,,10575,24,,,1,98,,10571,24,,,1,100,,10570,24,,,1,100,,10573,24,,,1,100,,10574,24,,,1,102,,10577,24,,,1,145,,10576,24,,,1
7303,'SAM',605,,10601,24,,,1,54,,10598,24,,,1,100,,10597,24,,,1,100,,10602,24,,,1,98,,10604,24,,,1,101,,10600,24,,,1,99,,10591,24,,,1,100,,10603,24,,,1,102,,10599,24,,,1,99,,10605,24,,,1,142,,10606,24,,,1,101,,10590,24,,,1,58,,10588,24,,,1,99,,10589,24,,,1,99,,10593,24,,,1,100,,10592,24,,,1,100,,4040,24,,,1,100,,10594,24,,,1,102,,4041,24,,,1,145,,10595,24,,,1,100,,4042,24,,,1,100,,10596,24,,,1
7303,'SEM',552,,10643,24,,,1,66,,10640,24,,,1,39,,10639,24,,,1,50,,10644,24,,,1,39,,10633,24,,,1,56,,10609,24,,,1,43,,10641,24,,,1,12,,10608,24,,,1,70,,10626,24,,,1,31,,10642,24,,,1,69,,10610,24,,,1,31,,10615,24,,,1,69,,10625,24,,,1,32,,10616,24,,,1,69,,10645,24,,,1,30,,10611,24,,,1,70,,10614,24,,,1,30,,10620,24,,,1,70,,10607,24,,,1,30,,10617,24,,,1,75,,10646,24,,,1,25,,10627,24,,,1,55,,10619,24,,,1,21,,10612,24,,,1,16,,10613,24,,,1,63,,10623,24,,,1,16,,10621,24,,,1,30,,10634,24,,,1,55,,10622,24,,,1,16,,10618,24,,,1,72,,10628,24,,,1,30,,10631,24,,,1,72,,10624,24,,,1,99,,10636,24,,,1,100,,10629,24,,,1,99,,10635,24,,,1,100,,10630,24,,,1,41,,10632,24,,,1,95,,10637,24,,,1,121,,10638,24,,,1
7401,'DIM',729,,10736,24,,,2,99,,10737,24,,,2,102,,10740,24,,,2,97,,10739,24,,,2,101,,10741,24,,,2,100,,10738,24,,,2,101,,10735,24,,,2,99,,10734,24,,,2,102,,10742,24,,,2,99,,10728,24,,,2,102,,10729,24,,,2,99,,10731,24,,,2,98,,10732,24,,,2,99,,10733,24,,,2,101,,10727,24,,,2,99,,10726,24,,,2,101,,10730,24,,,2
7401,'SAM',729,,10751,24,,,2,99,,10753,24,,,2,102,,10752,24,,,2,98,,10755,24,,,2,100,,10757,24,,,2,100,,10759,24,,,2,102,,10754,24,,,2,98,,10758,24,,,2,101,,10756,24,,,2,100,,10743,24,,,2,101,,10746,24,,,2,101,,10748,24,,,2,98,,10747,24,,,2,98,,10749,24,,,2,101,,10744,24,,,2,99,,10750,24,,,2,101,,10745,24,,,2
7401,'SEM',632,,10776,24,,,2,95,,10760,24,,,2,101,,10775,24,,,2,103,,10764,24,,,2,101,,10765,24,,,2,101,,10779,24,,,2,99,,10763,24,,,2,101,,10778,24,,,2,100,,10777,24,,,2,93,,10762,24,,,2,94,,10766,24,,,2,101,,10761,24,,,2,30,,10768,24,,,2,84,,10774,24,,,2,99,,10767,24,,,2,101,,10770,24,,,2,100,,10771,24,,,2,99,,10769,24,,,2,100,,10772,24,,,2,95,,10773,24,,,2
