1703,'DIM',627,,6801,29,,,1,89,,6794,29,,,1,101,,100,29,,,1,101,,6796,29,,,1,97,,6797,29,,,1,101,,6793,29,,,1,100,,6799,29,,,1,99,,6795,29,,,1,102,,6798,29,,,1,100,,6800,29,,,1,102,,6783,29,,,1,98,,6787,29,,,1,99,,6786,29,,,1,101,,6785,29,,,1,98,,6788,29,,,1,99,,6791,29,,,1,101,,6784,29,,,1,100,,6789,29,,,1,102,,6790,29,,,1,118,,6792,29,,,1
1703,'SAM',549,,6813,29,,,1,78,,6819,29,,,1,89,,121,29,,,1,101,,6810,29,,,1,101,,6812,29,,,1,97,,6814,29,,,1,100,,6818,29,,,1,101,,6816,29,,,1,100,,6811,29,,,1,101,,6817,29,,,1,100,,6815,29,,,1,102,,6820,29,,,1,99,,6821,29,,,1,99,,6802,29,,,1,100,,6807,29,,,1,98,,6804,29,,,1,99,,6803,29,,,1,101,,6805,29,,,1,100,,6808,29,,,1,102,,6809,29,,,1,118,,6806,29,,,1
1703,'SEM',609,,6839,29,,,1,104,,6841,29,,,1,105,,6840,29,,,1,96,,6825,29,,,1,101,,6838,29,,,1,100,,6837,29,,,1,100,,6843,29,,,1,101,,6826,29,,,1,100,,6823,29,,,1,99,,6842,29,,,1,35,,6845,29,,,1,60,,6844,29,,,1,36,,6822,29,,,1,63,,6833,29,,,1,37,,6824,29,,,1,79,,6827,29,,,1,30,,6830,29,,,1,68,,6835,29,,,1,99,,6836,29,,,1,100,,6828,29,,,1,100,,6829,29,,,1,100,,6831,29,,,1,99,,6832,29,,,1,102,,6834,29,,,1
3103,'DIM',646,,7731,31,,,1,101,,7730,31,,,1,99,,1058,31,,,1,99,,7735,31,,,1,100,,7734,31,,,1,100,,7732,31,,,1,102,,7721,31,,,1,101,,7733,31,,,1,99,,7720,31,,,1,101,,7719,31,,,1,99,,7724,31,,,1,98,,7726,31,,,1,103,,7725,31,,,1,96,,7727,31,,,1,101,,7723,31,,,1,100,,7722,31,,,1,100,,7728,31,,,1,101,,7729,31,,,1
3103,'SAM',646,,7748,31,,,1,101,,7747,31,,,1,99,,1075,31,,,1,99,,7752,31,,,1,100,,7753,31,,,1,100,,7749,31,,,1,100,,7745,31,,,1,102,,7750,31,,,1,100,,7746,31,,,1,101,,7751,31,,,1,100,,7740,31,,,1,98,,7742,31,,,1,100,,7738,31,,,1,99,,7743,31,,,1,100,,7736,31,,,1,100,,7737,31,,,1,100,,7739,31,,,1,102,,7741,31,,,1,95,,7744,31,,,1
3103,'SEM',643,,7775,31,,,1,99,,7773,31,,,1,100,,7774,31,,,1,101,,7754,31,,,1,101,,7755,31,,,1,100,,7757,31,,,1,100,,7776,31,,,1,100,,7756,31,,,1,102,,7761,31,,,1,98,,7762,31,,,1,11,,7763,31,,,1,77,,7758,31,,,1,69,,7767,31,,,1,40,,7764,31,,,1,68,,7760,31,,,1,36,,7772,31,,,1,69,,7759,31,,,1,36,,7771,31,,,1,100,,7765,31,,,1,101,,7768,31,,,1,100,,7769,31,,,1,97,,7766,31,,,1,154,,7770,31,,,1
3903,'DIM',850,,1407,42,,,1,100,,8065,52,,,1,70,,8070,52,,,1,31,,8071,52,,,1,70,,8068,52,,,1,34,,8069,52,,,1,66,,8072,52,,,1,29,,8062,52,,,1,71,,8066,52,,,1,30,,8063,52,,,1,70,,8049,52,,,1,30,,8052,52,,,1,72,,8055,52,,,1,30,,8067,52,,,1,71,,8056,52,,,1,30,,8057,52,,,1,65,,8058,52,,,1,18,,8064,52,,,1,10,,8059,52,,,1,64,,8053,52,,,1,25,,8060,52,,,1,99,,8050,52,,,1,100,,8061,52,,,1,98,,8051,52,,,1,104,,8054,52,,,1
3903,'SAM',850,,8097,42,,,1,100,,8092,52,,,1,70,,8096,52,,,1,31,,8073,52,,,1,70,,8087,52,,,1,34,,8090,52,,,1,66,,8089,52,,,1,30,,8074,52,,,1,70,,8088,52,,,1,30,,8091,52,,,1,70,,8075,52,,,1,30,,8094,52,,,1,72,,8078,52,,,1,30,,8079,52,,,1,71,,8081,52,,,1,30,,8095,52,,,1,65,,8082,52,,,1,18,,8093,52,,,1,11,,8080,52,,,1,63,,8077,52,,,1,29,,8076,52,,,1,97,,8084,52,,,1,98,,8083,52,,,1,98,,8086,52,,,1,104,,8085,52,,,1
3903,'SEM',742,,8120,52,,,1,100,,8102,52,,,1,104,,8100,52,,,1,73,,8104,52,,,1,29,,8121,52,,,1,71,,8122,52,,,1,29,,8115,52,,,1,71,,8119,52,,,1,27,,8123,52,,,1,78,,8099,52,,,1,33,,8106,52,,,1,67,,8108,52,,,1,32,,8109,52,,,1,75,,8098,52,,,1,78,,8116,52,,,1,23,,8110,52,,,1,68,,8101,52,,,1,25,,8103,52,,,1,33,,8111,52,,,1,79,,8112,52,,,1,79,,8105,52,,,1,98,,8107,52,,,1,95,,8113,52,,,1,103,,8117,52,,,1,96,,8114,52,,,1,48,,8118,52,,,1
7303,'DIM',701,,10582,29,,,1,100,,10579,29,,,1,101,,10580,29,,,1,98,,10583,29,,,1,100,,10586,29,,,1,100,,10581,29,,,1,101,,10584,29,,,1,102,,10578,29,,,1,99,,10585,29,,,1,102,,10587,29,,,1,99,,10572,29,,,1,99,,10569,29,,,1,100,,10575,29,,,1,98,,10571,29,,,1,100,,10570,29,,,1,100,,10573,29,,,1,59,,10574,29,,,1,142,,10577,29,,,1,105,,10576,29,,,1
7303,'SAM',607,,10601,29,,,1,94,,10598,29,,,1,100,,10597,29,,,1,101,,10602,29,,,1,98,,10604,29,,,1,101,,10600,29,,,1,99,,10591,29,,,1,101,,10603,29,,,1,102,,10599,29,,,1,99,,10605,29,,,1,102,,10606,29,,,1,101,,10590,29,,,1,98,,10588,29,,,1,98,,10589,29,,,1,99,,10593,29,,,1,100,,10592,29,,,1,100,,4040,29,,,1,59,,10594,29,,,1,142,,4041,29,,,1,105,,10595,29,,,1,100,,4042,29,,,1,100,,10596,29,,,1
7303,'SEM',555,,10643,29,,,1,66,,10640,29,,,1,79,,10639,29,,,1,10,,10644,29,,,1,39,,10633,29,,,1,56,,10609,29,,,1,43,,10641,29,,,1,52,,10608,29,,,1,30,,10626,29,,,1,71,,10642,29,,,1,29,,10610,29,,,1,71,,10615,29,,,1,29,,10625,29,,,1,72,,10616,29,,,1,30,,10645,29,,,1,70,,10611,29,,,1,30,,10614,29,,,1,70,,10620,29,,,1,30,,10607,29,,,1,70,,10617,29,,,1,35,,10646,29,,,1,65,,10627,29,,,1,15,,10619,29,,,1,21,,10612,29,,,1,16,,10613,29,,,1,63,,10623,29,,,1,16,,10621,29,,,1,70,,10634,29,,,1,14,,10622,29,,,1,16,,10618,29,,,1,72,,10628,29,,,1,30,,10631,29,,,1,72,,10624,29,,,1,99,,10636,29,,,1,100,,10629,29,,,1,99,,10635,29,,,1,99,,10630,29,,,1,41,,10632,29,,,1,95,,10637,29,,,1,161,,10638,29,,,1
7401,'DIM',732,,10736,29,,,2,99,,10737,29,,,2,102,,10740,29,,,2,98,,10739,29,,,2,101,,10741,29,,,2,100,,10738,29,,,2,101,,10735,29,,,2,99,,10734,29,,,2,102,,10742,29,,,2,98,,10728,29,,,2,102,,10729,29,,,2,99,,10731,29,,,2,98,,10732,29,,,2,99,,10733,29,,,2,101,,10727,29,,,2,99,,10726,29,,,2,101,,10730,29,,,2
7401,'SAM',732,,10751,29,,,2,99,,10753,29,,,2,102,,10752,29,,,2,99,,10755,29,,,2,100,,10757,29,,,2,100,,10759,29,,,2,102,,10754,29,,,2,98,,10758,29,,,2,101,,10756,29,,,2,99,,10743,29,,,2,101,,10746,29,,,2,101,,10748,29,,,2,98,,10747,29,,,2,98,,10749,29,,,2,101,,10744,29,,,2,99,,10750,29,,,2,101,,10745,29,,,2
7401,'SEM',635,,10776,29,,,2,95,,10760,29,,,2,101,,10775,29,,,2,103,,10764,29,,,2,101,,10765,29,,,2,101,,10779,29,,,2,100,,10763,29,,,2,101,,10778,29,,,2,100,,10777,29,,,2,93,,10762,29,,,2,94,,10766,29,,,2,101,,10761,29,,,2,30,,10768,29,,,2,83,,10774,29,,,2,99,,10767,29,,,2,101,,10770,29,,,2,100,,10771,29,,,2,99,,10769,29,,,2,100,,10772,29,,,2,95,,10773,29,,,2
