5504,'SEM',619,,9476,31,,,2,20,,9480,1,,,2,9,,9463,31,,,2,11,,9464,31,,,2,93,,9479,31,,,2,70,,9474,31,,,2,95,,9473,31,,,2,96,,9465,31,,,2,99,,9475,31,,,2,94,,9472,31,,,2,102,,9466,31,,,2,104,,9477,31,,,2,103,,9478,31,,,2,97,,9467,31,,,2,98,,9468,31,,,2,101,,9470,31,,,2,102,,9469,31,,,2,93,,9471,31,,,2
6104,'DIM',638,,9950,33,,,2,100,,9951,33,,,2,101,,9948,33,,,2,102,,9952,33,,,2,101,,9954,33,,,2,101,,9953,33,,,2,102,,9949,33,,,2,102,,9947,33,,,2,102,,9937,33,,,2,103,,9940,33,,,2,94,,9942,33,,,2,103,,9944,33,,,2,96,,9946,33,,,2,98,,9945,33,,,2,98,,9941,33,,,2,98,,9938,33,,,2,100,,9939,33,,,2,100,,9943,33,,,2
6104,'SAM',638,,9963,33,,,2,100,,9962,33,,,2,101,,9965,33,,,2,103,,9967,33,,,2,100,,9970,33,,,2,101,,9964,33,,,2,99,,9968,33,,,2,105,,9971,33,,,2,102,,9969,33,,,2,103,,9972,33,,,2,94,,9966,33,,,2,102,,9958,33,,,2,100,,9955,33,,,2,95,,9959,33,,,2,98,,9957,33,,,2,98,,9960,33,,,2,100,,9956,33,,,2,100,,9961,33,,,2
6104,'SEM',504,,9976,33,,,2,100,,9987,33,,,2,35,,9973,33,,,2,62,,9990,33,,,2,34,,9985,33,,,2,69,,9994,33,,,2,102,,9974,33,,,2,100,,9975,33,,,2,100,,9992,33,,,2,104,,9986,33,,,2,100,,9989,33,,,2,101,,9988,33,,,2,100,,9991,33,,,2,110,,9993,33,,,2,26,,9980,33,,,2,98,,9983,33,,,2,98,,9981,33,,,2,100,,9977,33,,,2,99,,9984,33,,,2,79,,9978,33,,,2,92,,9979,33,,,2,101,,9982,33,,,2
15104,'DIM',613,,11317,27,,,2,95,,11337,27,,,2,25,,11330,27,,,2,26,,11334,27,,,2,72,,11318,27,,,2,73,,11329,27,,,2,29,,11338,27,,,2,72,,11331,27,,,2,32,,11335,27,,,2,73,,11340,27,,,2,31,,11339,27,,,2,71,,11342,27,,,2,33,,11336,27,,,2,74,,11333,27,,,2,32,,11341,27,,,2,72,,11312,27,,,2,33,,11332,27,,,2,73,,11320,27,,,2,72,,11343,27,,,2,31,,11344,27,,,2,77,,11313,27,,,2,31,,11325,27,,,2,71,,11327,27,,,2,29,,11315,27,,,2,73,,11322,27,,,2,30,,11323,27,,,2,70,,11326,27,,,2,27,,11314,27,,,2,69,,11316,27,,,2,31,,11319,27,,,2,98,,11321,27,,,2,99,,11324,27,,,2,74,,11328,27,,,2
15104,'SAM',613,,11361,27,,,2,95,,11369,27,,,2,25,,11364,27,,,2,26,,11366,27,,,2,72,,11362,27,,,2,73,,11363,27,,,2,30,,11370,27,,,2,71,,11365,27,,,2,32,,11367,27,,,2,73,,11373,27,,,2,31,,11372,27,,,2,71,,11374,27,,,2,33,,11368,27,,,2,74,,11360,27,,,2,32,,11354,27,,,2,72,,11375,27,,,2,33,,11371,27,,,2,73,,11345,27,,,2,72,,11377,27,,,2,31,,11349,27,,,2,77,,11376,27,,,2,31,,11352,27,,,2,71,,11346,27,,,2,29,,11347,27,,,2,73,,11358,27,,,2,30,,11351,27,,,2,70,,11353,27,,,2,27,,11357,27,,,2,69,,11348,27,,,2,31,,11359,27,,,2,98,,11350,27,,,2,99,,11356,27,,,2,74,,11355,27,,,2
15104,'SEM',448,,11413,27,,,2,70,,11395,27,,,2,20,,11411,27,,,2,65,,11414,27,,,2,20,,11416,27,,,2,11,,11420,27,,,2,15,,11424,14,,,2,52,,11379,27,,,2,12,,11426,14,,,2,12,,11396,27,,,2,11,,11412,27,,,2,13,,11423,14,,,2,53,,11387,27,,,2,10,,11415,27,,,2,15,,11425,14,,,2,16,,11421,27,,,2,59,,11386,27,,,2,20,,11409,27,,,2,20,,11417,27,,,2,61,,11382,27,,,2,20,,11407,27,,,2,19,,11419,27,,,2,60,,11422,27,,,2,21,,11380,27,,,2,20,,11410,27,,,2,60,,11388,27,,,2,20,,11390,27,,,2,20,,11418,27,,,2,61,,11384,27,,,2,25,,11392,27,,,2,16,,11393,27,,,2,64,,11383,27,,,2,20,,11398,27,,,2,20,,11378,27,,,2,60,,11385,27,,,2,22,,11399,27,,,2,20,,11381,27,,,2,63,,11394,27,,,2,21,,11397,27,,,2,72,,11400,27,,,2,25,,11389,27,,,2,78,,11401,27,,,2,45,,11391,27,,,2,145,,11406,27,,,2,105,,11402,27,,,2,95,,11404,27,,,2,100,,11403,27,,,2,57,,11405,27,,,2,159,,11408,27,,,2
25504,'DIM',619,,11549,31,,,2,100,,11552,31,,,2,101,,11554,31,,,2,100,,11553,31,,,2,102,,11555,31,,,2,99,,11550,31,,,2,100,,11556,31,,,2,102,,11551,31,,,2,100,,11557,31,,,2,102,,11543,31,,,2,100,,11558,31,,,2,100,,11544,31,,,2,101,,11559,31,,,2,99,,11547,31,,,2,98,,11560,31,,,2,98,,11548,31,,,2,98,,11546,31,,,2,100,,11545,31,,,2
25504,'SAM',619,,11569,31,,,2,100,,11574,31,,,2,101,,11565,31,,,2,100,,11575,31,,,2,102,,11566,31,,,2,99,,11570,31,,,2,100,,11572,31,,,2,102,,11571,31,,,2,100,,11573,31,,,2,102,,11561,31,,,2,100,,11576,31,,,2,100,,11562,31,,,2,101,,11577,31,,,2,99,,11568,31,,,2,98,,11563,31,,,2,98,,5119,31,,,2,98,,11564,31,,,2,100,,11567,31,,,2
25504,'SEM',456,,11578,31,,,2,72,,11583,31,,,2,1528,,11582,31,,,2,99,,11580,31,,,2,95,,11579,31,,,2,94,,11581,31,,,2
