2201,'DIM',643,,7023,39,,,2,101,,7027,39,,,2,104,,7026,39,,,2,99,,7025,39,,,2,101,,7022,39,,,2,99,,7024,39,,,2,101,,7029,39,,,2,102,,7031,39,,,2,96,,7028,39,,,2,105,,7030,39,,,2,99,,7016,39,,,2,100,,7018,39,,,2,97,,7017,39,,,2,102,,7020,39,,,2,100,,7019,39,,,2,100,,7021,39,,,2
2201,'SAM',643,,7040,39,,,2,101,,7042,39,,,2,104,,7039,39,,,2,99,,7041,39,,,2,102,,7044,39,,,2,99,,7048,39,,,2,101,,7047,39,,,2,101,,7043,39,,,2,96,,7045,39,,,2,102,,7046,39,,,2,102,,7033,39,,,2,101,,7036,39,,,2,96,,7034,39,,,2,102,,7032,39,,,2,100,,7038,39,,,2,100,,7037,39,,,2,100,,7035,39,,,2
2201,'SEM',638,,7064,39,,,2,100,,7052,39,,,2,94,,7050,39,,,2,80,,7049,39,,,2,34,,7066,39,,,2,101,,7051,39,,,2,100,,7065,39,,,2,100,,7067,39,,,2,100,,7054,39,,,2,96,,7055,39,,,2,105,,7053,39,,,2,100,,7059,39,,,2,100,,7057,39,,,2,99,,7056,39,,,2,98,,7058,39,,,2,104,,7062,39,,,2,100,,7060,39,,,2,95,,7061,39,,,2,98,,7063,39,,,2
5001,'DIM',545,,9169,46,,,1,100,,9177,46,,,1,101,,9165,46,,,1,98,,9182,46,,,1,101,,9174,46,,,1,73,,9184,46,,,1,37,,9176,46,,,1,64,,9189,46,,,1,39,,9187,46,,,1,62,,9188,46,,,1,35,,9190,46,,,1,69,,9175,46,,,1,32,,9178,46,,,1,76,,9191,46,,,1,69,,9180,46,,,1,34,,9179,46,,,1,70,,9185,46,,,1,23,,9183,46,,,1,74,,9181,46,,,1,41,,9186,46,,,1,58,,9167,46,,,1,99,,9170,46,,,1,58,,9173,46,,,1,100,,9166,46,,,1,99,,9171,46,,,1,98,,9168,46,,,1,100,,9172,46,,,1
5001,'SAM',545,,9199,46,,,1,100,,9202,46,,,1,101,,9193,46,,,1,98,,9214,46,,,1,101,,9212,46,,,1,79,,9217,46,,,1,30,,9210,46,,,1,65,,9194,46,,,1,39,,9218,46,,,1,62,,9216,46,,,1,35,,9195,46,,,1,69,,9206,46,,,1,32,,9208,46,,,1,76,,9211,46,,,1,69,,9207,46,,,1,34,,9209,46,,,1,70,,9197,46,,,1,23,,9198,46,,,1,74,,9192,46,,,1,39,,9213,46,,,1,61,,9215,46,,,1,98,,9203,46,,,1,58,,9205,46,,,1,100,,9204,46,,,1,99,,9200,46,,,1,98,,9196,46,,,1,100,,9201,46,,,1
5001,'SEM',536,,9241,46,,,1,107,,9246,46,,,1,76,,9242,46,,,1,24,,9220,46,,,1,77,,9219,46,,,1,24,,9222,46,,,1,71,,9249,46,,,1,26,,9250,46,,,1,73,,9245,46,,,1,27,,9221,46,,,1,73,,9225,46,,,1,28,,9244,46,,,1,72,,9231,46,,,1,32,,9247,46,,,1,70,,9226,46,,,1,32,,9243,46,,,1,68,,9248,46,,,1,30,,9224,46,,,1,84,,9223,46,,,1,27,,9235,46,,,1,76,,9227,46,,,1,70,,9228,46,,,1,29,,9234,46,,,1,26,,9229,46,,,1,75,,9233,46,,,1,69,,9236,46,,,1,35,,9237,46,,,1,104,,9232,46,,,1,103,,9230,46,,,1,103,,9239,46,,,1,105,,9238,46,,,1,106,,9240,46,,,1,89,,9251,36,,,1
5801,'DIM',546,,9661,54,,,2,101,,9643,54,,,2,91,,9652,54,,,2,100,,9655,54,,,2,99,,9658,54,,,2,100,,9651,54,,,2,102,,9660,54,,,2,98,,9657,54,,,2,103,,9654,54,,,2,99,,9656,54,,,2,102,,9653,54,,,2,99,,9646,54,,,2,101,,9659,54,,,2,99,,9642,54,,,2,99,,9650,54,,,2,99,,9645,54,,,2,100,,9644,54,,,2,100,,9648,54,,,2,99,,9647,54,,,2,110,,9649,54,,,2
5801,'SAM',546,,9681,54,,,2,101,,9673,54,,,2,91,,9672,54,,,2,100,,9677,54,,,2,100,,9675,54,,,2,99,,9678,54,,,2,102,,9680,54,,,2,98,,9662,54,,,2,101,,9671,54,,,2,101,,9676,54,,,2,101,,9674,54,,,2,101,,9679,54,,,2,100,,9665,54,,,2,100,,9669,54,,,2,98,,9663,54,,,2,99,,9670,54,,,2,100,,9666,54,,,2,100,,9668,54,,,2,99,,9664,54,,,2,110,,9667,54,,,2
5801,'SEM',537,,9695,54,,,2,68,,9692,54,,,2,42,,9705,54,,,2,84,,9693,54,,,2,86,,9699,54,,,2,85,,9686,54,,,2,99,,9706,54,,,2,100,,9682,54,,,2,100,,9687,54,,,2,100,,9704,54,,,2,100,,9683,54,,,2,47,,9694,54,,,2,71,,9684,54,,,2,32,,9707,54,,,2,69,,9689,54,,,2,35,,9691,54,,,2,69,,9690,54,,,2,27,,9685,54,,,2,69,,9703,54,,,2,29,,9688,54,,,2,70,,9701,54,,,2,100,,9702,54,,,2,99,,9697,54,,,2,99,,9696,54,,,2,100,,9698,54,,,2,98,,9700,54,,,2
22201,'DIM',1415,,11475,39,,,2,815,,11473,39,,,2,83,,11474,39,,,2
22201,'SAM',1415,,11480,39,,,2,815,,11476,39,,,2,83,,11477,39,,,2,100,,11479,39,,,2,112,,11478,39,,,2
22201,'SEM',718,,11481,39,,,2,10,,11482,39,,,2,683,,11483,39,,,2,100,,11484,39,,,2,106,,11488,39,,,2,100,,11486,39,,,2,90,,11485,39,,,2,625,,11487,39,,,2
32201,'DIM',524,,11591,40,,,2,801,,11593,39,,,2,802,,11592,39,,,2
32201,'SAM',524,,11594,40,,,2,801,,11595,39,,,2
32201,'SEM',525,,11596,40,,,2,19,,11597,40,,,2,67,,11598,40,,,2,715,,11599,39,,,2,801,,11600,39,,,2
