1704,'DIM',453,,6858,3,,,1,89,,6859,3,,,1,100,,6863,3,,,1,102,,6857,3,,,1,99,,165,3,,,1,100,,6861,3,,,1,101,,6862,3,,,1,100,,6864,3,,,1,101,,6865,3,,,1,101,,6860,3,,,1,102,,6846,3,,,1,99,,6847,3,,,1,100,,6850,3,,,1,101,,6852,3,,,1,99,,6851,3,,,1,98,,6849,3,,,1,100,,6853,3,,,1,101,,6856,3,,,1,99,,6848,3,,,1,100,,6854,3,,,1,96,,6855,3,,,1
1704,'SAM',453,,6878,3,,,1,89,,6879,3,,,1,100,,6885,3,,,1,102,,6882,3,,,1,99,,6877,3,,,1,100,,6881,3,,,1,101,,6886,3,,,1,100,,6884,3,,,1,101,,6883,3,,,1,101,,6880,3,,,1,101,,6867,3,,,1,100,,6868,3,,,1,101,,6870,3,,,1,100,,6872,3,,,1,99,,6866,3,,,1,98,,6874,3,,,1,100,,6871,3,,,1,101,,6869,3,,,1,99,,6873,3,,,1,100,,6875,3,,,1,96,,6876,3,,,1
1704,'SEM',504,,6901,3,,,1,52,,6906,3,,,1,62,,6909,3,,,1,22,,6888,3,,,1,66,,6892,3,,,1,35,,6893,3,,,1,61,,6887,3,,,1,98,,6890,3,,,1,44,,6891,3,,,1,100,,6894,3,,,1,100,,6905,3,,,1,100,,6907,3,,,1,100,,6896,3,,,1,102,,6908,3,,,1,100,,6889,3,,,1,105,,6897,3,,,1,96,,6895,3,,,1,98,,6898,3,,,1,101,,6903,3,,,1,101,,6904,3,,,1,100,,6899,3,,,1,100,,6900,3,,,1,100,,6902,3,,,1
3904,'DIM',813,,8142,3,,,1,112,,8136,3,,,1,82,,8143,3,,,1,30,,8146,3,,,1,73,,8137,3,,,1,27,,8135,3,,,1,73,,8145,3,,,1,29,,8140,3,,,1,74,,8129,3,,,1,27,,8144,3,,,1,70,,8138,3,,,1,31,,8139,3,,,1,72,,8128,3,,,1,30,,8141,3,,,1,71,,8124,3,,,1,31,,8125,3,,,1,68,,8130,3,,,1,28,,8131,3,,,1,70,,8132,3,,,1,43,,8133,3,,,1,98,,8126,3,,,1,100,,8134,3,,,1,100,,8127,3,,,1
3904,'SAM',813,,8162,3,,,1,112,,8155,3,,,1,82,,8166,3,,,1,30,,8156,3,,,1,70,,8147,3,,,1,30,,8153,3,,,1,76,,8159,3,,,1,26,,8157,3,,,1,74,,8163,3,,,1,27,,8154,3,,,1,70,,8160,3,,,1,31,,8161,3,,,1,71,,8167,3,,,1,31,,8158,3,,,1,72,,8164,3,,,1,24,,8165,3,,,1,74,,8168,3,,,1,28,,8169,3,,,1,70,,8148,3,,,1,46,,8149,3,,,1,97,,8151,3,,,1,98,,8150,3,,,1,100,,8152,3,,,1
3904,'SEM',608,,8193,3,,,1,27,,8186,3,,,1,14,,8192,3,,,1,51,,8174,3,,,1,29,,8189,3,,,1,71,,8170,3,,,1,31,,8187,3,,,1,70,,8194,3,,,1,35,,8172,3,,,1,67,,8173,3,,,1,33,,8184,3,,,1,69,,8188,3,,,1,31,,8190,3,,,1,68,,8181,3,,,1,32,,8185,3,,,1,67,,8191,3,,,1,38,,8171,3,,,1,74,,8176,3,,,1,30,,8178,3,,,1,71,,8179,3,,,1,101,,8195,3,,,1,112,,8182,3,,,1,99,,8183,3,,,1,105,,8175,3,,,1,100,,8177,3,,,1,94,,8180,3,,,1
4504,'DIM',610,,8845,3,,,1,100,,8838,3,,,1,99,,8846,3,,,1,101,,8848,3,,,1,99,,8852,3,,,1,97,,8853,3,,,1,102,,8849,3,,,1,98,,8844,3,,,1,108,,8842,3,,,1,98,,8836,3,,,1,100,,8851,3,,,1,96,,8847,3,,,1,101,,8850,3,,,1,103,,8837,3,,,1,101,,8843,3,,,1,101,,8839,3,,,1,100,,8840,3,,,1,100,,8841,3,,,1
4504,'SAM',610,,2249,3,,,1,100,,8867,3,,,1,99,,8864,3,,,1,101,,8868,3,,,1,99,,8866,3,,,1,101,,8855,3,,,1,97,,8865,3,,,1,102,,8854,3,,,1,104,,8860,3,,,1,101,,8869,3,,,1,98,,8857,3,,,1,96,,8870,3,,,1,101,,8858,3,,,1,103,,8862,3,,,1,101,,8856,3,,,1,101,,8861,3,,,1,100,,8859,3,,,1,100,,8863,3,,,1
4504,'SEM',527,,8890,3,,,1,15,,8891,3,,,1,80,,8896,3,,,1,84,,8876,3,,,1,18,,8874,3,,,1,18,,8872,3,,,1,17,,8889,3,,,1,91,,8875,3,,,1,106,,8893,3,,,1,151,,8888,3,,,1,96,,8878,3,,,1,54,,8877,3,,,1,100,,8894,3,,,1,82,,8873,3,,,1,65,,8871,3,,,1,31,,8892,3,,,1,70,,8895,3,,,1,38,,8880,3,,,1,77,,8883,3,,,1,81,,8884,3,,,1,104,,8882,3,,,1,105,,8881,3,,,1,102,,8885,3,,,1,90,,8887,3,,,1,101,,8879,3,,,1,55,,8886,3,,,1
7402,'DIM',626,,10786,42,,,2,101,,10789,42,,,2,101,,6451,42,,,2,100,,10790,42,,,2,100,,10788,42,,,2,100,,10787,42,,,2,101,,10793,42,,,2,100,,10792,42,,,2,103,,10794,42,,,2,99,,10791,42,,,2,99,,10781,42,,,2,103,,10780,42,,,2,98,,10782,42,,,2,99,,10783,42,,,2,100,,6443,42,,,2,100,,10784,42,,,2,99,,10785,42,,,2
7402,'SAM',626,,10802,42,,,2,101,,10806,42,,,2,101,,10804,42,,,2,100,,10801,42,,,2,100,,10805,42,,,2,100,,10807,42,,,2,101,,10810,42,,,2,101,,10803,42,,,2,100,,10808,42,,,2,101,,10811,42,,,2,100,,10809,42,,,2,101,,10795,42,,,2,99,,10797,42,,,2,99,,10799,42,,,2,100,,10798,42,,,2,100,,10800,42,,,2,99,,10796,42,,,2
7402,'SEM',545,,10825,42,,,2,88,,10830,42,,,2,19,,10813,42,,,2,80,,10824,42,,,2,100,,10814,42,,,2,99,,10812,42,,,2,99,,10816,42,,,2,101,,10826,42,,,2,97,,10829,42,,,2,100,,10815,42,,,2,101,,10828,42,,,2,101,,10827,42,,,2,100,,10817,42,,,2,99,,10818,42,,,2,100,,10821,42,,,2,99,,10823,42,,,2,99,,10819,42,,,2,103,,10820,42,,,2,99,,10822,42,,,2
