3704,'DIM',658,,8004,10,,,2,75,,8005,10,,,2,100,,8003,10,,,2,100,,8002,10,,,2,100,,8008,10,,,2,100,,8007,10,,,2,100,,7997,10,,,2,100,,7998,10,,,2,105,,8009,10,,,2,96,,7999,10,,,2,99,,8006,10,,,2,100,,8000,10,,,2,90,,8001,10,,,2
3704,'SAM',658,,1344,10,,,2,75,,8017,10,,,2,100,,8015,10,,,2,100,,8018,10,,,2,100,,8020,10,,,2,100,,8019,10,,,2,100,,8021,10,,,2,101,,8016,10,,,2,99,,8014,10,,,2,102,,8010,10,,,2,98,,8011,10,,,2,100,,8012,10,,,2,90,,8013,10,,,2
3704,'SEM',543,,8041,10,,,2,80,,8040,10,,,2,100,,8043,10,,,2,80,,8022,10,,,2,34,,8024,10,,,2,74,,8042,10,,,2,30,,8047,10,,,2,97,,8046,10,,,2,100,,8045,10,,,2,100,,8026,10,,,2,100,,8029,10,,,2,104,,8048,10,,,2,82,,8044,10,,,2,20,,8023,10,,,2,12,,8030,10,,,2,55,,8032,10,,,2,20,,8025,10,,,2,12,,8027,10,,,2,15,,8035,10,,,2,58,,8038,10,,,2,100,,8037,10,,,2,95,,8039,10,,,2,102,,8028,10,,,2,100,,8036,10,,,2,100,,8031,10,,,2,100,,8033,10,,,2,96,,8034,10,,,2
6304,'DIM',740,,10080,34,,,1,100,,10076,34,,,1,101,,10078,34,,,1,101,,10072,34,,,1,98,,10077,34,,,1,104,,10082,34,,,1,96,,10079,34,,,1,102,,10083,34,,,1,103,,10081,34,,,1,100,,10084,34,,,1,100,,10085,34,,,1,100,,10073,34,,,1,99,,10069,34,,,1,99,,10070,34,,,1,99,,10074,34,,,1,98,,10071,34,,,1,99,,10075,34,,,1
6304,'SAM',640,,10099,34,,,1,100,,10097,34,,,1,100,,10102,34,,,1,101,,10098,34,,,1,101,,10096,34,,,1,98,,10101,34,,,1,104,,10100,34,,,1,96,,10104,34,,,1,102,,10103,34,,,1,103,,10086,34,,,1,102,,10087,34,,,1,98,,10088,34,,,1,100,,10090,34,,,1,99,,10089,34,,,1,99,,10094,34,,,1,99,,10091,34,,,1,98,,10092,34,,,1,99,,10095,34,,,1,98,,10093,34,,,1
6304,'SEM',454,,10132,34,,,1,151,,10128,34,,,1,30,,10137,34,,,1,71,,10120,34,,,1,15,,10131,34,,,1,27,,10134,34,,,1,66,,10136,34,,,1,19,,10135,34,,,1,70,,10109,34,,,1,29,,10110,34,,,1,71,,10111,34,,,1,30,,10105,34,,,1,25,,10108,34,,,1,70,,10133,34,,,1,31,,10123,34,,,1,70,,10116,34,,,1,26,,10129,34,,,1,78,,10106,34,,,1,67,,10107,34,,,1,31,,10117,34,,,1,71,,10130,34,,,1,38,,10138,34,,,1,70,,10113,34,,,1,24,,10112,34,,,1,75,,10118,34,,,1,16,,10115,34,,,1,29,,10124,34,,,1,70,,10119,34,,,1,77,,10122,34,,,1,58,,10114,34,,,1,80,,10125,34,,,1,91,,10127,34,,,1,94,,10121,34,,,1,99,,10126,34,,,1
6504,'DIM',717,,10223,53,,,2,101,,10221,53,,,2,101,,10224,53,,,2,101,,10226,53,,,2,102,,10228,53,,,2,102,,10225,53,,,2,98,,10222,53,,,2,102,,10230,53,,,2,106,,10227,53,,,2,96,,10229,53,,,2,97,,10216,53,,,2,102,,10218,53,,,2,97,,10217,53,,,2,99,,10219,53,,,2,100,,10220,53,,,2,96,,10214,53,,,2,100,,10215,53,,,2
6504,'SAM',717,,10240,53,,,2,101,,10239,53,,,2,101,,10243,53,,,2,101,,10242,53,,,2,102,,10244,53,,,2,101,,10246,53,,,2,98,,10247,53,,,2,103,,10245,53,,,2,105,,10241,53,,,2,97,,10231,53,,,2,97,,10233,53,,,2,102,,10236,53,,,2,99,,10237,53,,,2,97,,3667,53,,,2,100,,10238,53,,,2,96,,10235,53,,,2,100,,10232,53,,,2,100,,10234,53,,,2
6504,'SEM',534,,10271,53,,,2,86,,10281,53,,,2,26,,10250,53,,,2,60,,10259,53,,,2,15,,10266,53,,,2,12,,10279,53,,,2,10,,10249,53,,,2,10,,10280,53,,,2,50,,10276,53,,,2,23,,10251,53,,,2,30,,10253,53,,,2,72,,10268,53,,,2,29,,10284,53,,,2,73,,10254,53,,,2,70,,10255,53,,,2,27,,10273,53,,,2,74,,10256,53,,,2,27,,10283,53,,,2,80,,10277,53,,,2,20,,10278,53,,,2,30,,10282,53,,,2,70,,10258,53,,,2,30,,10261,53,,,2,78,,10252,53,,,2,66,,10265,53,,,2,40,,10267,53,,,2,75,,10248,53,,,2,20,,10260,53,,,2,65,,10257,53,,,2,36,,10272,53,,,2,72,,10274,53,,,2,46,,10263,53,,,2,100,,10262,53,,,2,99,,10264,53,,,2,99,,10269,53,,,2,99,,10270,53,,,2,99,,10275,53,,,2
7002,'DIM',559,,10507,37,,,1,80,,10506,37,,,1,90,,10489,60,,,1,102,,10496,60,,,1,100,,3943,60,,,1,102,,10492,60,,,1,68,,10493,60,,,1,33,,10495,60,,,1,69,,10485,60,,,1,25,,10494,60,,,1,75,,10491,60,,,1,25,,10500,60,,,1,79,,10498,60,,,1,27,,10501,60,,,1,76,,10483,60,,,1,25,,10497,60,,,1,71,,10503,60,,,1,23,,10499,60,,,1,78,,10502,60,,,1,27,,10487,60,,,1,76,,10505,60,,,1,34,,3946,60,,,1,97,,10504,60,,,1,94,,10482,60,,,1,95,,10484,60,,,1,99,,10488,60,,,1,99,,10486,60,,,1,103,,10490,60,,,1
7002,'SAM',559,,10534,37,,,1,80,,10535,37,,,1,89,,10532,60,,,1,103,,10512,60,,,1,100,,10520,60,,,1,102,,10519,60,,,1,25,,10528,60,,,1,76,,10533,60,,,1,69,,10530,60,,,1,24,,10524,60,,,1,75,,10523,60,,,1,26,,10522,60,,,1,79,,10525,60,,,1,35,,10521,60,,,1,67,,10531,60,,,1,25,,10529,60,,,1,68,,10527,60,,,1,26,,10526,60,,,1,79,,10515,60,,,1,28,,10511,60,,,1,76,,10513,60,,,1,34,,10508,60,,,1,96,,10517,60,,,1,94,,10509,60,,,1,96,,10510,60,,,1,98,,10516,60,,,1,99,,10514,60,,,1,103,,10518,60,,,1
7002,'SEM',604,,10541,60,,,1,98,,10561,60,,,1,26,,10562,60,,,1,73,,10540,60,,,1,36,,10543,60,,,1,67,,10545,60,,,1,29,,10560,60,,,1,70,,10538,60,,,1,30,,10567,60,,,1,71,,10546,60,,,1,27,,10568,60,,,1,73,,10563,60,,,1,26,,10565,60,,,1,74,,10564,60,,,1,30,,10539,60,,,1,70,,10566,60,,,1,24,,10559,60,,,1,76,,10544,60,,,1,32,,10547,60,,,1,70,,10542,60,,,1,30,,10536,60,,,1,73,,10537,60,,,1,27,,10550,60,,,1,71,,10551,60,,,1,26,,10555,60,,,1,73,,10554,60,,,1,50,,10552,60,,,1,82,,10556,60,,,1,93,,10548,60,,,1,112,,10553,60,,,1,106,,10549,60,,,1,99,,10558,60,,,1,105,,10557,60,,,1
7601,'DIM',503,,10861,28,,,2,100,,10834,73,,,2,25,,10848,73,,,2,104,,10849,73,,,2,100,,10841,73,,,2,101,,10853,73,,,2,68,,10858,73,,,2,30,,10855,73,,,2,70,,10851,73,,,2,30,,10852,73,,,2,70,,10832,73,,,2,31,,10856,73,,,2,71,,10854,73,,,2,29,,10839,73,,,2,73,,10859,73,,,2,31,,10860,73,,,2,69,,10831,73,,,2,33,,10842,73,,,2,67,,10850,73,,,2,30,,10835,73,,,2,70,,10837,73,,,2,30,,10833,73,,,2,70,,10840,73,,,2,29,,10857,73,,,2,105,,10845,73,,,2,97,,10846,73,,,2,97,,10838,73,,,2,98,,10847,73,,,2,100,,10836,73,,,2,100,,10843,73,,,2,99,,10844,73,,,2
7601,'SAM',503,,10892,28,,,2,100,,10866,73,,,2,25,,10875,73,,,2,104,,10878,73,,,2,100,,10877,73,,,2,101,,10881,73,,,2,68,,10885,73,,,2,30,,10882,73,,,2,70,,10888,73,,,2,30,,10876,73,,,2,70,,10884,73,,,2,32,,10883,73,,,2,70,,10890,73,,,2,29,,10863,73,,,2,73,,10879,73,,,2,31,,10862,73,,,2,69,,10880,73,,,2,33,,10887,73,,,2,67,,10891,73,,,2,30,,10864,73,,,2,70,,10886,73,,,2,30,,10868,73,,,2,70,,10889,73,,,2,31,,10865,73,,,2,103,,10871,73,,,2,97,,10873,73,,,2,97,,10869,73,,,2,98,,10867,73,,,2,100,,10872,73,,,2,100,,10870,73,,,2,99,,10874,73,,,2
7601,'SEM',522,,10893,73,,,2,92,,10914,73,,,2,27,,10921,73,,,2,65,,10929,73,,,2,24,,10899,73,,,2,12,,10924,73,,,2,14,,10901,73,,,2,55,,10922,73,,,2,24,,10926,73,,,2,20,,10896,73,,,2,65,,10900,73,,,2,22,,10894,73,,,2,70,,10923,73,,,2,30,,10897,73,,,2,69,,10919,73,,,2,31,,10895,73,,,2,70,,10925,73,,,2,30,,10904,73,,,2,70,,10920,73,,,2,32,,10903,73,,,2,72,,10906,73,,,2,31,,10928,73,,,2,72,,10907,73,,,2,30,,10898,73,,,2,78,,10927,73,,,2,27,,10902,73,,,2,65,,10905,73,,,2,24,,10911,73,,,2,69,,10915,73,,,2,30,,10917,73,,,2,73,,10913,73,,,2,23,,10909,73,,,2,69,,10918,73,,,2,100,,10916,73,,,2,100,,10908,73,,,2,99,,10910,73,,,2,103,,10912,73,,,2
