201,1,'E',2
202,1,'W',2
1201,1,'E',12
1202,1,'W',12
1601,1,'E',16
1602,1,'W',16
1703,1,'N',17
1704,1,'S',17
2001,1,'E',20
2002,1,'W',20
2201,1,'E',22
2202,1,'W',22
2401,1,'E',24
2402,1,'W',24
2601,1,'E',26
2602,1,'W',26
2703,1,'N',27
2704,1,'S',27
3103,1,'N',31
3104,1,'S',31
3303,1,'N',33
3304,1,'S',33
3601,1,'E',36
3602,1,'W',36
3703,1,'N',37
3704,1,'S',37
3903,1,'N',39
3904,1,'S',39
4001,1,'E',40
4002,1,'W',40
4201,1,'E',42
4202,1,'W',42
4303,1,'N',43
4304,1,'S',43
4503,1,'N',45
4504,1,'S',45
4603,1,'N',46
4604,1,'S',46
4801,1,'E',48
4802,1,'W',48
5001,1,'E',50
5002,1,'W',50
5201,1,'E',52
5202,1,'W',52
5503,1,'N',55
5504,1,'S',55
5601,1,'E',56
5602,1,'W',56
5801,1,'E',58
5802,1,'W',58
6001,1,'E',60
6002,1,'W',60
6103,1,'N',61
6104,1,'S',61
6303,1,'N',63
6304,1,'S',63
6503,1,'N',65
6504,1,'S',65
6601,1,'E',66
6602,1,'W',66
7001,1,'E',70
7002,1,'W',70
7303,1,'N',73
7304,1,'S',73
7401,1,'E',74
7402,1,'W',74
7601,1,'E',76
7602,1,'W',76
14401,1,'E',144
14402,1,'W',144
15103,1,'N',151
15104,1,'S',151
22201,1,'E',222
22202,1,'W',222
25201,1,'E',252
25202,1,'W',252
31303,1,'N',313
31304,1,'S',313
32201,1,'E',322
32202,1,'W',322
34503,1,'N',345
34504,1,'S',345
71303,1,'N',713
71304,1,'S',713
73003,1,'N',730
73004,1,'S',730
74401,1,'E',744
74402,1,'W',744
90103,1,'N',901
90104,1,'S',901
90203,1,'N',902
90204,1,'S',902
90303,1,'N',903
90304,1,'S',903
92503,1,'N',925
92504,1,'S',925
