2202,'DIM',725,,7078,31,,,2,100,,7077,31,,,2,100,,7076,31,,,2,100,,6315,31,,,2,101,,7079,31,,,2,100,,7081,31,,,2,96,,7080,31,,,2,106,,7075,31,,,2,98,,7069,31,,,2,114,,7082,31,,,2,88,,7071,31,,,2,100,,7072,31,,,2,98,,7074,31,,,2,101,,7073,31,,,2,100,,7068,31,,,2,100,,7070,31,,,2
2202,'SAM',627,,7099,15,,,2,98,,7093,31,,,2,100,,7090,31,,,2,100,,7089,31,,,2,98,,7095,31,,,2,103,,7094,31,,,2,100,,7092,31,,,2,96,,7098,31,,,2,104,,7091,31,,,2,100,,7097,31,,,2,112,,7096,31,,,2,90,,7084,31,,,2,100,,7086,31,,,2,98,,7083,31,,,2,101,,7085,31,,,2,100,,7088,31,,,2,100,,7087,31,,,2
2202,'SEM',602,,6230,31,,,2,18,,7111,31,,,2,105,,7118,31,,,2,31,,7108,31,,,2,70,,7100,31,,,2,98,,7102,31,,,2,31,,7101,31,,,2,69,,7119,31,,,2,101,,7106,31,,,2,100,,7117,31,,,2,100,,7120,31,,,2,102,,7105,31,,,2,100,,7107,31,,,2,102,,7103,31,,,2,24,,7104,31,,,2,75,,7110,31,,,2,99,,7109,31,,,2,100,,7116,31,,,2,101,,7115,31,,,2,98,,7113,31,,,2,107,,7112,31,,,2,96,,7114,31,,,2
5002,'DIM',604,,9269,8,,,1,100,,2653,8,,,1,100,,9252,8,,,1,96,,9267,8,,,1,107,,9260,8,,,1,25,,9270,8,,,1,77,,9262,8,,,1,24,,9274,8,,,1,79,,9272,8,,,1,22,,9273,8,,,1,75,,9275,8,,,1,29,,9261,8,,,1,72,,9263,8,,,1,36,,9276,8,,,1,69,,9265,8,,,1,34,,9264,8,,,1,70,,9271,8,,,1,26,,9268,8,,,1,71,,9266,8,,,1,100,,9254,8,,,1,99,,9256,8,,,1,99,,9259,8,,,1,99,,9253,8,,,1,98,,9257,8,,,1,98,,9255,8,,,1,100,,9258,8,,,1
5002,'SAM',604,,9284,8,,,1,100,,9287,8,,,1,100,,9278,8,,,1,99,,9299,8,,,1,104,,9298,8,,,1,25,,9297,8,,,1,76,,9295,8,,,1,25,,9279,8,,,1,79,,9302,8,,,1,22,,9301,8,,,1,75,,9280,8,,,1,29,,9291,8,,,1,72,,9293,8,,,1,36,,9296,8,,,1,69,,9292,8,,,1,34,,9294,8,,,1,70,,9282,8,,,1,26,,9283,8,,,1,71,,9277,8,,,1,100,,9300,8,,,1,99,,9288,8,,,1,99,,9290,8,,,1,99,,9289,8,,,1,98,,9285,8,,,1,98,,9281,8,,,1,100,,9286,8,,,1
5002,'SEM',452,,9309,8,,,1,75,,9332,8,,,1,30,,9328,8,,,1,70,,9303,8,,,1,75,,9336,8,,,1,31,,9329,8,,,1,24,,9304,8,,,1,75,,9322,8,,,1,26,,9307,8,,,1,71,,9334,8,,,1,26,,9335,8,,,1,73,,9331,8,,,1,27,,9306,8,,,1,73,,9310,8,,,1,28,,9330,8,,,1,72,,9318,8,,,1,72,,9333,8,,,1,30,,9311,8,,,1,70,,9314,8,,,1,41,,9305,8,,,1,67,,9315,8,,,1,37,,9308,8,,,1,72,,9323,8,,,1,31,,9312,8,,,1,70,,9313,8,,,1,30,,9321,8,,,1,70,,9316,8,,,1,30,,9320,8,,,1,105,,9324,8,,,1,105,,9319,8,,,1,101,,9317,8,,,1,150,,9326,8,,,1,105,,9325,8,,,1,98,,9327,8,,,1
5802,'DIM',603,,9712,8,,,2,100,,9719,8,,,2,51,,9716,8,,,2,100,,9720,8,,,2,100,,9723,8,,,2,99,,9715,8,,,2,101,,9725,8,,,2,100,,9722,8,,,2,101,,9718,8,,,2,99,,9721,8,,,2,101,,9717,8,,,2,99,,9711,8,,,2,101,,9724,8,,,2,101,,9708,8,,,2,100,,9714,8,,,2,99,,9710,8,,,2,99,,9709,8,,,2,99,,9713,8,,,2
5802,'SAM',603,,9743,8,,,2,100,,9735,8,,,2,51,,9734,8,,,2,100,,9739,8,,,2,100,,9737,8,,,2,99,,9740,8,,,2,101,,9742,8,,,2,100,,9726,8,,,2,98,,9733,8,,,2,101,,9738,8,,,2,101,,9736,8,,,2,101,,9741,8,,,2,100,,9728,8,,,2,101,,9731,8,,,2,100,,9727,8,,,2,99,,9732,8,,,2,99,,9729,8,,,2,99,,9730,8,,,2
5802,'SEM',522,,9762,8,,,2,34,,9755,8,,,2,62,,9754,8,,,2,39,,9763,8,,,2,75,,9765,8,,,2,69,,9747,8,,,2,33,,9746,8,,,2,83,,9750,8,,,2,99,,9766,8,,,2,100,,9744,8,,,2,100,,9751,8,,,2,100,,9764,8,,,2,101,,9745,8,,,2,25,,9748,8,,,2,69,,9752,8,,,2,102,,9758,8,,,2,33,,9749,8,,,2,94,,9753,8,,,2,96,,9760,8,,,2,100,,9759,8,,,2,100,,9761,8,,,2,98,,9757,8,,,2,99,,9756,8,,,2
22202,'DIM',1439,,4994,20,,,2
22202,'SAM',1439,,11491,20,,,2,898,,11489,20,,,2,100,,11490,20,,,2
22202,'SEM',539,,11498,20,,,2,119,,11493,20,,,2,81,,11494,20,,,2,767,,11497,20,,,2,35,,11492,20,,,2,703,,11495,20,,,2,65,,11496,20,,,2
32202,'SAM',2552,,11601,14,,,2
32202,'SEM',2421,,11602,14,,,2,84,,11603,14,,,2
