1704,'DIM',504,,6858,28,,,1,50,,6859,28,,,1,101,,6863,28,,,1,102,,6857,28,,,1,101,,165,28,,,1,100,,6861,28,,,1,101,,6862,28,,,1,100,,6864,28,,,1,141,,6865,28,,,1,101,,6860,28,,,1,102,,6846,28,,,1,99,,6847,28,,,1,100,,6850,28,,,1,101,,6852,28,,,1,98,,6851,28,,,1,58,,6849,28,,,1,100,,6853,28,,,1,99,,6856,28,,,1,99,,6848,28,,,1,99,,6854,28,,,1,96,,6855,28,,,1
1704,'SAM',504,,6878,28,,,1,50,,6879,28,,,1,101,,6885,28,,,1,102,,6882,28,,,1,101,,6877,28,,,1,100,,6881,28,,,1,101,,6886,28,,,1,100,,6884,28,,,1,141,,6883,28,,,1,101,,6880,28,,,1,101,,6867,28,,,1,100,,6868,28,,,1,101,,6870,28,,,1,100,,6872,28,,,1,98,,6866,28,,,1,58,,6874,28,,,1,100,,6871,28,,,1,99,,6869,28,,,1,99,,6873,28,,,1,99,,6875,28,,,1,96,,6876,28,,,1
1704,'SEM',516,,6901,28,,,1,93,,6906,28,,,1,22,,6909,28,,,1,22,,6888,28,,,1,67,,6892,28,,,1,35,,6893,28,,,1,61,,6887,28,,,1,98,,6890,28,,,1,45,,6891,28,,,1,100,,6894,28,,,1,100,,6905,28,,,1,100,,6907,28,,,1,100,,6896,28,,,1,142,,6908,28,,,1,101,,6889,28,,,1,105,,6897,28,,,1,95,,6895,28,,,1,57,,6898,28,,,1,141,,6903,28,,,1,100,,6904,28,,,1,100,,6899,28,,,1,100,,6900,28,,,1,59,,6902,28,,,1
3104,'DIM',624,,7789,38,,,1,103,,7790,38,,,1,100,,7788,38,,,1,101,,7794,38,,,1,101,,7795,38,,,1,100,,7793,38,,,1,100,,7791,38,,,1,103,,7779,38,,,1,101,,7792,38,,,1,100,,7778,38,,,1,101,,7777,38,,,1,99,,7782,38,,,1,98,,7784,38,,,1,102,,7783,38,,,1,96,,7785,38,,,1,100,,7781,38,,,1,99,,7780,38,,,1,98,,7786,38,,,1,102,,7787,38,,,1
3104,'SAM',524,,1137,38,,,1,100,,7805,38,,,1,103,,7808,38,,,1,100,,7807,38,,,1,101,,7810,38,,,1,101,,7813,38,,,1,100,,7814,38,,,1,100,,7809,38,,,1,102,,7804,38,,,1,101,,7811,38,,,1,101,,7806,38,,,1,101,,7812,38,,,1,100,,7800,38,,,1,98,,7802,38,,,1,99,,7798,38,,,1,99,,7803,38,,,1,99,,7796,38,,,1,99,,7797,38,,,1,98,,7799,38,,,1,102,,7801,38,,,1
3104,'SEM',448,,7823,38,,,1,77,,7824,38,,,1,91,,7835,38,,,1,21,,7837,38,,,1,63,,7817,38,,,1,34,,7836,38,,,1,68,,7833,38,,,1,29,,7831,38,,,1,75,,7832,38,,,1,22,,7834,38,,,1,100,,7815,38,,,1,102,,7816,38,,,1,100,,7819,38,,,1,101,,7838,38,,,1,100,,7818,38,,,1,102,,7821,38,,,1,100,,7822,38,,,1,96,,7820,38,,,1,103,,7825,38,,,1,97,,7830,38,,,1,105,,7829,38,,,1,99,,7826,38,,,1,102,,7827,38,,,1,100,,7828,38,,,1
7304,'DIM',539,,10665,56,,,1,70,,10654,56,,,1,102,,10658,56,,,1,101,,10661,56,,,1,101,,10657,56,,,1,101,,10659,56,,,1,100,,10662,56,,,1,100,,10666,56,,,1,102,,10660,56,,,1,101,,10663,56,,,1,101,,10656,56,,,1,100,,10664,56,,,1,100,,10667,56,,,1,100,,10650,56,,,1,99,,10647,56,,,1,97,,10653,56,,,1,100,,10649,56,,,1,99,,10648,56,,,1,98,,10651,56,,,1,101,,10652,56,,,1,99,,10655,56,,,1
7304,'SAM',539,,10686,56,,,1,70,,10676,56,,,1,102,,10681,56,,,1,101,,10678,56,,,1,101,,10677,56,,,1,101,,10682,56,,,1,100,,10684,56,,,1,101,,10680,56,,,1,101,,10671,56,,,1,101,,10683,56,,,1,101,,10679,56,,,1,100,,10685,56,,,1,100,,10687,56,,,1,100,,10670,56,,,1,98,,10668,56,,,1,98,,10669,56,,,1,100,,10673,56,,,1,99,,10672,56,,,1,98,,4131,56,,,1,101,,10674,56,,,1,99,,4133,56,,,1,100,,10675,56,,,1,99,,4134,56,,,1
7304,'SEM',501,,10719,56,,,1,41,,10716,56,,,1,82,,10722,56,,,1,18,,10725,56,,,1,71,,10721,56,,,1,14,,10718,56,,,1,14,,10694,56,,,1,68,,10696,56,,,1,14,,10717,56,,,1,15,,10723,56,,,1,65,,10712,56,,,1,31,,10690,56,,,1,80,,10689,56,,,1,29,,10705,56,,,1,70,,10720,56,,,1,30,,10691,56,,,1,71,,10695,56,,,1,36,,10704,56,,,1,66,,10697,56,,,1,30,,10724,56,,,1,70,,10692,56,,,1,30,,10693,56,,,1,72,,10701,56,,,1,31,,10688,56,,,1,72,,10698,56,,,1,79,,10708,56,,,1,22,,10706,56,,,1,28,,10700,56,,,1,69,,10707,56,,,1,36,,10702,56,,,1,60,,10713,56,,,1,30,,10699,56,,,1,70,,10709,56,,,1,30,,10711,56,,,1,73,,10703,56,,,1,97,,10715,56,,,1,99,,10710,56,,,1,103,,10714,56,,,1
7402,'DIM',640,,10786,69,,,2,101,,10789,69,,,2,101,,6451,69,,,2,101,,10790,69,,,2,101,,10788,69,,,2,100,,10787,69,,,2,101,,10793,69,,,2,100,,10792,69,,,2,103,,10794,69,,,2,99,,10791,69,,,2,99,,10781,69,,,2,102,,10780,69,,,2,98,,10782,69,,,2,98,,10783,69,,,2,100,,6443,69,,,2,100,,10784,69,,,2,98,,10785,69,,,2
7402,'SAM',640,,10802,69,,,2,101,,10806,69,,,2,101,,10804,69,,,2,101,,10801,69,,,2,101,,10805,69,,,2,100,,10807,69,,,2,101,,10810,69,,,2,101,,10803,69,,,2,100,,10808,69,,,2,101,,10811,69,,,2,100,,10809,69,,,2,100,,10795,69,,,2,99,,10797,69,,,2,98,,10799,69,,,2,100,,10798,69,,,2,100,,10800,69,,,2,98,,10796,69,,,2
7402,'SEM',558,,10825,69,,,2,89,,10830,69,,,2,60,,10813,69,,,2,41,,10824,69,,,2,100,,10814,69,,,2,99,,10812,69,,,2,99,,10816,69,,,2,101,,10826,69,,,2,97,,10829,69,,,2,100,,10815,69,,,2,101,,10828,69,,,2,102,,10827,69,,,2,100,,10817,69,,,2,97,,10818,69,,,2,100,,10821,69,,,2,98,,10823,69,,,2,99,,10819,69,,,2,103,,10820,69,,,2,98,,10822,69,,,2
