2201,'DIM',641,,7023,34,,,2,101,,7027,34,,,2,104,,7026,34,,,2,99,,7025,34,,,2,101,,7022,34,,,2,99,,7024,34,,,2,101,,7029,34,,,2,102,,7031,34,,,2,96,,7028,34,,,2,105,,7030,34,,,2,99,,7016,34,,,2,100,,7018,34,,,2,97,,7017,34,,,2,102,,7020,34,,,2,100,,7019,34,,,2,100,,7021,34,,,2
2201,'SAM',641,,7040,34,,,2,101,,7042,34,,,2,104,,7039,34,,,2,99,,7041,34,,,2,102,,7044,34,,,2,99,,7048,34,,,2,101,,7047,34,,,2,101,,7043,34,,,2,96,,7045,34,,,2,102,,7046,34,,,2,102,,7033,34,,,2,101,,7036,34,,,2,96,,7034,34,,,2,102,,7032,34,,,2,100,,7038,34,,,2,100,,7037,34,,,2,100,,7035,34,,,2
2201,'SEM',636,,7064,34,,,2,99,,7052,34,,,2,95,,7050,34,,,2,80,,7049,34,,,2,34,,7066,34,,,2,101,,7051,34,,,2,100,,7065,34,,,2,100,,7067,34,,,2,100,,7054,34,,,2,96,,7055,34,,,2,105,,7053,34,,,2,100,,7059,34,,,2,100,,7057,34,,,2,99,,7056,34,,,2,98,,7058,34,,,2,104,,7062,34,,,2,100,,7060,34,,,2,95,,7061,34,,,2,98,,7063,34,,,2
5801,'DIM',543,,9661,49,,,2,101,,9643,49,,,2,91,,9652,49,,,2,100,,9655,49,,,2,99,,9658,49,,,2,100,,9651,49,,,2,102,,9660,49,,,2,98,,9657,49,,,2,103,,9654,49,,,2,99,,9656,49,,,2,102,,9653,49,,,2,99,,9646,49,,,2,101,,9659,49,,,2,99,,9642,49,,,2,99,,9650,49,,,2,99,,9645,49,,,2,100,,9644,49,,,2,100,,9648,49,,,2,99,,9647,49,,,2,110,,9649,49,,,2
5801,'SAM',543,,9681,49,,,2,101,,9673,49,,,2,91,,9672,49,,,2,100,,9677,49,,,2,100,,9675,49,,,2,99,,9678,49,,,2,102,,9680,49,,,2,98,,9662,49,,,2,101,,9671,49,,,2,101,,9676,49,,,2,101,,9674,49,,,2,101,,9679,49,,,2,100,,9665,49,,,2,100,,9669,49,,,2,98,,9663,49,,,2,99,,9670,49,,,2,100,,9666,49,,,2,100,,9668,49,,,2,99,,9664,49,,,2,110,,9667,49,,,2
5801,'SEM',534,,9695,49,,,2,68,,9692,49,,,2,42,,9705,49,,,2,84,,9693,49,,,2,86,,9699,49,,,2,45,,9686,49,,,2,99,,9706,49,,,2,100,,9682,49,,,2,100,,9687,49,,,2,100,,9704,49,,,2,100,,9683,49,,,2,87,,9694,49,,,2,71,,9684,49,,,2,32,,9707,49,,,2,69,,9689,49,,,2,35,,9691,49,,,2,69,,9690,49,,,2,27,,9685,49,,,2,69,,9703,49,,,2,29,,9688,49,,,2,70,,9701,49,,,2,100,,9702,49,,,2,99,,9697,49,,,2,99,,9696,49,,,2,100,,9698,49,,,2,98,,9700,49,,,2
22201,'DIM',1413,,11475,34,,,2,815,,11473,34,,,2,83,,11474,34,,,2
22201,'SAM',1413,,11480,34,,,2,815,,11476,34,,,2,83,,11477,34,,,2,100,,11479,34,,,2,112,,11478,34,,,2
22201,'SEM',715,,11481,34,,,2,10,,11482,34,,,2,684,,11483,34,,,2,100,,11484,34,,,2,106,,11488,34,,,2,100,,11486,34,,,2,90,,11485,34,,,2,625,,11487,34,,,2
32201,'DIM',521,,11591,35,,,2,802,,11593,34,,,2,802,,11592,34,,,2
32201,'SAM',521,,11594,35,,,2,802,,11595,34,,,2
32201,'SEM',523,,11596,35,,,2,19,,11597,35,,,2,67,,11598,35,,,2,715,,11599,34,,,2,800,,11600,34,,,2
