201,'SAM',2551,,6701,3,,,1,81,,6703,3,,,1,84,,6702,3,,,1
201,'SEM',2512,,6704,3,,,1,24,,6705,3,,,1,81,,6706,3,,,1,41,,6707,3,,,1
3304,'DIM',731,,7891,3,,,1,171,,7892,3,,,1,130,,7886,3,,,1,170,,7890,3,,,1,136,,7894,3,,,1,164,,7893,3,,,1,128,,7884,3,,,1,172,,7888,3,,,1,130,,7887,3,,,1,170,,7889,3,,,1,130,,7885,3,,,1
3304,'SAM',731,,7902,3,,,1,171,,7904,3,,,1,130,,7903,3,,,1,170,,7905,3,,,1,135,,7896,3,,,1,165,,7895,3,,,1,130,,7900,3,,,1,170,,7899,3,,,1,130,,7897,3,,,1,170,,7901,3,,,1,130,,7898,3,,,1
3304,'SEM',450,,7910,3,,,1,90,,7921,3,,,1,75,,7922,3,,,1,93,,7928,3,,,1,38,,7913,3,,,1,61,,7927,3,,,1,31,,7923,3,,,1,104,,7907,3,,,1,100,,7924,3,,,1,100,,7908,3,,,1,100,,7925,3,,,1,96,,7926,3,,,1,109,,7906,3,,,1,111,,7912,3,,,1,75,,7911,3,,,1,90,,7914,3,,,1,32,,7909,3,,,1,66,,7920,3,,,1,30,,7919,3,,,1,96,,7918,3,,,1,94,,7915,3,,,1,111,,7917,3,,,1,78,,7916,3,,,1
4201,'DIM',515,,8340,17,,,2,103,,8364,17,,,2,30,,8381,17,,,2,70,,1716,17,,,2,31,,8365,17,,,2,71,,8370,17,,,2,29,,8374,17,,,2,71,,8377,17,,,2,31,,8369,17,,,2,66,,8372,17,,,2,35,,8371,17,,,2,60,,8357,17,,,2,23,,8362,17,,,2,18,,8361,17,,,2,62,,8363,17,,,2,18,,8367,17,,,2,20,,8366,17,,,2,59,,8384,17,,,2,22,,8378,17,,,2,21,,8373,17,,,2,60,,1723,17,,,2,21,,8380,17,,,2,20,,8344,17,,,2,60,,8346,17,,,2,20,,8347,17,,,2,21,,8379,17,,,2,58,,8368,17,,,2,21,,8375,17,,,2,20,,8345,17,,,2,55,,8383,17,,,2,15,,8382,17,,,2,14,,8356,17,,,2,13,,8376,17,,,2,58,,8342,17,,,2,32,,8341,17,,,2,70,,8352,17,,,2,30,,8339,17,,,2,70,,8348,17,,,2,29,,8359,17,,,2,70,,8343,17,,,2,31,,8350,17,,,2,70,,8354,17,,,2,30,,8355,17,,,2,70,,8349,17,,,2,35,,8353,17,,,2,68,,8351,17,,,2,34,,8358,17,,,2,75,,8360,17,,,2
4201,'SAM',515,,8385,17,,,2,103,,8413,17,,,2,30,,8388,17,,,2,70,,8420,17,,,2,31,,8416,17,,,2,71,,8415,17,,,2,29,,8419,17,,,2,71,,8426,17,,,2,31,,8431,17,,,2,65,,8424,17,,,2,36,,8410,17,,,2,60,,8422,17,,,2,22,,8414,17,,,2,19,,8405,17,,,2,61,,8412,17,,,2,19,,8386,17,,,2,20,,8418,17,,,2,59,,8417,17,,,2,22,,8411,17,,,2,21,,8421,17,,,2,60,,8387,17,,,2,20,,8423,17,,,2,20,,8427,17,,,2,61,,8391,17,,,2,20,,8429,17,,,2,21,,8432,17,,,2,59,,8433,17,,,2,19,,8397,17,,,2,21,,8430,17,,,2,54,,8399,17,,,2,16,,8425,17,,,2,14,,8401,17,,,2,15,,8428,17,,,2,56,,8404,17,,,2,36,,8389,17,,,2,66,,8392,17,,,2,30,,8408,17,,,2,70,,8394,17,,,2,29,,8396,17,,,2,73,,8390,17,,,2,27,,8393,17,,,2,70,,8395,17,,,2,31,,8398,17,,,2,70,,8400,17,,,2,35,,8402,17,,,2,68,,8409,17,,,2,34,,8403,17,,,2,75,,8407,17,,,2,30,,8406,17,,,2
4201,'SEM',619,,8483,17,,,2,29,,8436,17,,,2,57,,8478,17,,,2,21,,8481,17,,,2,21,,8484,17,,,2,62,,8482,17,,,2,19,,8437,17,,,2,19,,8477,17,,,2,62,,8434,17,,,2,19,,8440,17,,,2,19,,8467,17,,,2,63,,8479,17,,,2,18,,8480,17,,,2,23,,8442,17,,,2,57,,8464,17,,,2,23,,8444,17,,,2,20,,8445,17,,,2,59,,8446,17,,,2,22,,8439,17,,,2,15,,8448,17,,,2,63,,8449,17,,,2,19,,8450,17,,,2,21,,8438,17,,,2,61,,8454,17,,,2,20,,8485,17,,,2,19,,8458,17,,,2,59,,8459,17,,,2,20,,8460,17,,,2,15,,8462,17,,,2,13,,8435,17,,,2,53,,8441,17,,,2,11,,8453,17,,,2,13,,8465,17,,,2,14,,8468,17,,,2,55,,8456,17,,,2,14,,8452,17,,,2,14,,8451,17,,,2,14,,8472,17,,,2,55,,8474,17,,,2,15,,8443,17,,,2,15,,8476,17,,,2,23,,8469,17,,,2,54,,8473,17,,,2,21,,8447,17,,,2,27,,8475,17,,,2,71,,8455,17,,,2,28,,8457,17,,,2,73,,8461,17,,,2,28,,8463,17,,,2,72,,8487,3,,,2,75,,8466,17,,,2,23,,8486,3,,,2,30,,8471,17,,,2,84,,8470,17,,,2
6304,'DIM',753,,10080,54,,,1,103,,10076,54,,,1,101,,10078,54,,,1,102,,10072,54,,,1,99,,10077,54,,,1,144,,10082,54,,,1,56,,10079,54,,,1,142,,10083,54,,,1,103,,10081,54,,,1,100,,10084,54,,,1,99,,10085,54,,,1,99,,10073,54,,,1,99,,10069,54,,,1,58,,10070,54,,,1,99,,10074,54,,,1,98,,10071,54,,,1,98,,10075,54,,,1
6304,'SAM',653,,10099,54,,,1,100,,10097,54,,,1,103,,10102,54,,,1,101,,10098,54,,,1,102,,10096,54,,,1,99,,10101,54,,,1,144,,10100,54,,,1,56,,10104,54,,,1,142,,10103,54,,,1,103,,10086,54,,,1,102,,10087,54,,,1,97,,10088,54,,,1,99,,10090,54,,,1,99,,10089,54,,,1,58,,10094,54,,,1,99,,10091,54,,,1,98,,10092,54,,,1,98,,10095,54,,,1,98,,10093,54,,,1
6304,'SEM',508,,10132,54,,,1,112,,10128,54,,,1,30,,10137,54,,,1,71,,10120,54,,,1,16,,10131,54,,,1,67,,10134,54,,,1,26,,10136,54,,,1,19,,10135,54,,,1,70,,10109,54,,,1,30,,10110,54,,,1,71,,10111,54,,,1,30,,10105,54,,,1,65,,10108,54,,,1,31,,10133,54,,,1,73,,10123,54,,,1,30,,10116,54,,,1,66,,10129,54,,,1,38,,10106,54,,,1,67,,10107,54,,,1,33,,10117,54,,,1,71,,10130,54,,,1,79,,10138,54,,,1,30,,10113,54,,,1,24,,10112,54,,,1,74,,10118,54,,,1,15,,10115,54,,,1,68,,10124,54,,,1,28,,10119,54,,,1,77,,10122,54,,,1,96,,10114,54,,,1,40,,10125,54,,,1,91,,10127,54,,,1,92,,10121,54,,,1,99,,10126,54,,,1
34504,'SEM',2523,,11613,26,,,1,118,,11612,26,,,1
