3904,'DIM',854,,8142,66,,,1,153,,8136,66,,,1,42,,8143,66,,,1,70,,8146,66,,,1,34,,8137,66,,,1,67,,8135,66,,,1,33,,8145,66,,,1,69,,8140,66,,,1,35,,8129,66,,,1,67,,8144,66,,,1,30,,8138,66,,,1,71,,8139,66,,,1,32,,8128,66,,,1,69,,8141,66,,,1,31,,8124,66,,,1,71,,8125,66,,,1,27,,8130,66,,,1,68,,8131,66,,,1,29,,8132,66,,,1,83,,8133,66,,,1,97,,8126,66,,,1,100,,8134,66,,,1,99,,8127,66,,,1
3904,'SAM',854,,8162,66,,,1,153,,8155,66,,,1,42,,8166,66,,,1,70,,8156,66,,,1,31,,8147,66,,,1,70,,8153,66,,,1,36,,8159,66,,,1,66,,8157,66,,,1,35,,8163,66,,,1,67,,8154,66,,,1,30,,8160,66,,,1,71,,8161,66,,,1,31,,8167,66,,,1,70,,8158,66,,,1,32,,8164,66,,,1,64,,8165,66,,,1,33,,8168,66,,,1,68,,8169,66,,,1,29,,8148,66,,,1,86,,8149,66,,,1,96,,8151,66,,,1,98,,8150,66,,,1,99,,8152,66,,,1
3904,'SEM',648,,8193,66,,,1,67,,8186,66,,,1,15,,8192,66,,,1,11,,8174,66,,,1,72,,8189,66,,,1,31,,8170,66,,,1,71,,8187,66,,,1,30,,8194,66,,,1,75,,8172,66,,,1,28,,8173,66,,,1,73,,8184,66,,,1,30,,8188,66,,,1,71,,8190,66,,,1,28,,8181,66,,,1,72,,8185,66,,,1,27,,8191,66,,,1,78,,8171,66,,,1,74,,8176,66,,,1,30,,8178,66,,,1,72,,8179,66,,,1,101,,8195,66,,,1,109,,8182,66,,,1,97,,8183,66,,,1,103,,8175,66,,,1,100,,8177,66,,,1,93,,8180,66,,,1
4202,'DIM',521,,8490,96,,,2,82,,8531,96,,,2,26,,8501,96,,,2,71,,8489,96,,,2,31,,8513,96,,,2,70,,8511,96,,,2,33,,8532,96,,,2,72,,8516,96,,,2,33,,8512,96,,,2,72,,8520,96,,,2,31,,8524,96,,,2,63,,8530,96,,,2,22,,8526,96,,,2,22,,8517,96,,,2,62,,8522,96,,,2,19,,8518,96,,,2,20,,8521,96,,,2,58,,8506,96,,,2,23,,8509,96,,,2,20,,8508,96,,,2,62,,8510,96,,,2,19,,8515,96,,,2,20,,8514,96,,,2,58,,8534,96,,,2,22,,8527,96,,,2,21,,8523,96,,,2,61,,8519,96,,,2,21,,8529,96,,,2,19,,8494,96,,,2,60,,8495,96,,,2,21,,8496,96,,,2,23,,8528,96,,,2,75,,8525,96,,,2,73,,8533,96,,,2,29,,8505,96,,,2,70,,8492,96,,,2,32,,8491,96,,,2,70,,8500,96,,,2,27,,8488,96,,,2,67,,8497,96,,,2,28,,8507,96,,,2,28,,8493,96,,,2,69,,8499,96,,,2,30,,8503,96,,,2,67,,8504,96,,,2,29,,8498,96,,,2,76,,8502,96,,,2
4202,'SAM',521,,8537,96,,,2,82,,8539,96,,,2,26,,8557,96,,,2,71,,8535,96,,,2,31,,8565,96,,,2,70,,8563,96,,,2,33,,8540,96,,,2,72,,8571,96,,,2,33,,8567,96,,,2,72,,8566,96,,,2,31,,8570,96,,,2,63,,8582,96,,,2,22,,8576,96,,,2,22,,8580,96,,,2,61,,8575,96,,,2,20,,8578,96,,,2,20,,8560,96,,,2,58,,8573,96,,,2,22,,8564,96,,,2,21,,8556,96,,,2,61,,8562,96,,,2,20,,8536,96,,,2,20,,8569,96,,,2,58,,8568,96,,,2,22,,8561,96,,,2,21,,8572,96,,,2,61,,8538,96,,,2,20,,8574,96,,,2,19,,8577,96,,,2,61,,8543,96,,,2,21,,8579,96,,,2,23,,8581,96,,,2,74,,8549,96,,,2,73,,8551,96,,,2,30,,8553,96,,,2,70,,8555,96,,,2,35,,8541,96,,,2,67,,8544,96,,,2,27,,8558,96,,,2,67,,8546,96,,,2,28,,8548,96,,,2,71,,8542,96,,,2,25,,8545,96,,,2,30,,8547,96,,,2,68,,8550,96,,,2,29,,8552,96,,,2,76,,8554,96,,,2,30,,8559,96,,,2
4202,'SEM',522,,8625,96,,,2,98,,8627,96,,,2,34,,8631,96,,,2,57,,8634,96,,,2,17,,8583,96,,,2,10,,8585,96,,,2,11,,8588,96,,,2,9,,8591,96,,,2,50,,8633,96,,,2,12,,8630,96,,,2,21,,8586,96,,,2,18,,8601,96,,,2,61,,8587,96,,,2,22,,8635,96,,,2,62,,8632,96,,,2,19,,8589,96,,,2,21,,8626,96,,,2,60,,8584,96,,,2,19,,8629,96,,,2,21,,8593,96,,,2,60,,8618,96,,,2,21,,8628,96,,,2,24,,8595,96,,,2,57,,8615,96,,,2,24,,8597,96,,,2,20,,8599,96,,,2,61,,8600,96,,,2,23,,8592,96,,,2,17,,8602,96,,,2,61,,8603,96,,,2,20,,8604,96,,,2,21,,8590,96,,,2,61,,8606,96,,,2,20,,8636,96,,,2,20,,8609,96,,,2,60,,8610,96,,,2,20,,8611,96,,,2,21,,8613,96,,,2,57,,8594,96,,,2,21,,8616,96,,,2,20,,8596,96,,,2,62,,8605,96,,,2,24,,8598,96,,,2,19,,8622,96,,,2,70,,8624,96,,,2,85,,8621,96,,,2,36,,8623,96,,,2,67,,8607,96,,,2,29,,8608,96,,,2,68,,8612,96,,,2,26,,8614,96,,,2,75,,8620,96,,,2,26,,8617,96,,,2,71,,8619,96,,,2
5002,'DIM',630,,9269,49,,,1,100,,2653,49,,,1,103,,9252,49,,,1,97,,9267,49,,,1,108,,9260,49,,,1,65,,9270,49,,,1,37,,9262,49,,,1,64,,9274,49,,,1,39,,9272,49,,,1,62,,9273,49,,,1,36,,9275,49,,,1,69,,9261,49,,,1,33,,9263,49,,,1,76,,9276,49,,,1,29,,9265,49,,,1,74,,9264,49,,,1,30,,9271,49,,,1,66,,9268,49,,,1,30,,9266,49,,,1,99,,9254,49,,,1,98,,9256,49,,,1,99,,9259,49,,,1,99,,9253,49,,,1,97,,9257,49,,,1,98,,9255,49,,,1,98,,9258,49,,,1
5002,'SAM',630,,9284,49,,,1,100,,9287,49,,,1,103,,9278,49,,,1,100,,9299,49,,,1,105,,9298,49,,,1,65,,9297,49,,,1,36,,9295,49,,,1,65,,9279,49,,,1,39,,9302,49,,,1,62,,9301,49,,,1,36,,9280,49,,,1,69,,9291,49,,,1,33,,9293,49,,,1,76,,9296,49,,,1,29,,9292,49,,,1,74,,9294,49,,,1,30,,9282,49,,,1,66,,9283,49,,,1,30,,9277,49,,,1,99,,9300,49,,,1,98,,9288,49,,,1,99,,9290,49,,,1,99,,9289,49,,,1,97,,9285,49,,,1,98,,9281,49,,,1,98,,9286,49,,,1
5002,'SEM',518,,9309,49,,,1,38,,9332,49,,,1,71,,9328,49,,,1,30,,9303,49,,,1,78,,9336,49,,,1,72,,9329,49,,,1,24,,9304,49,,,1,75,,9322,49,,,1,26,,9307,49,,,1,71,,9334,49,,,1,26,,9335,49,,,1,73,,9331,49,,,1,28,,9306,49,,,1,73,,9310,49,,,1,28,,9330,49,,,1,72,,9318,49,,,1,32,,9333,49,,,1,70,,9311,49,,,1,30,,9314,49,,,1,82,,9305,49,,,1,27,,9315,49,,,1,78,,9308,49,,,1,33,,9323,49,,,1,70,,9312,49,,,1,27,,9313,49,,,1,69,,9321,49,,,1,29,,9316,49,,,1,69,,9320,49,,,1,103,,9324,49,,,1,104,,9319,49,,,1,100,,9317,49,,,1,110,,9326,49,,,1,103,,9325,49,,,1,97,,9327,49,,,1
6002,'DIM',708,,9823,28,,,1,101,,9832,28,,,1,100,,9830,28,,,1,100,,9831,28,,,1,100,,9833,28,,,1,100,,9836,28,,,1,101,,9834,28,,,1,100,,9837,28,,,1,100,,9835,28,,,1,99,,9838,28,,,1,99,,9839,28,,,1,100,,9825,28,,,1,100,,9827,28,,,1,101,,9826,28,,,1,101,,9828,28,,,1,100,,9822,28,,,1,100,,9824,28,,,1,98,,9829,28,,,1
6002,'SAM',708,,9851,28,,,1,101,,9842,28,,,1,100,,9854,28,,,1,100,,9856,28,,,1,100,,9852,28,,,1,100,,9855,28,,,1,101,,9853,28,,,1,100,,9841,28,,,1,100,,9857,28,,,1,99,,9840,28,,,1,99,,9844,28,,,1,102,,9849,28,,,1,98,,9845,28,,,1,101,,9846,28,,,1,101,,9850,28,,,1,100,,9843,28,,,1,100,,9847,28,,,1,98,,9848,28,,,1
6002,'SEM',640,,9875,28,,,1,101,,9873,28,,,1,101,,9859,28,,,1,100,,9876,28,,,1,100,,9874,28,,,1,102,,9864,28,,,1,100,,9858,28,,,1,99,,9860,28,,,1,101,,9872,28,,,1,99,,9861,28,,,1,101,,9866,28,,,1,106,,9863,28,,,1,92,,9869,28,,,1,99,,9867,28,,,1,99,,9862,28,,,1,100,,9865,28,,,1,99,,9868,28,,,1,89,,9871,28,,,1,100,,9870,28,,,1
6103,'DIM',739,,9889,5,,,2,101,,9891,5,,,2,97,,9893,5,,,2,102,,9892,5,,,2,101,,9890,5,,,2,102,,9888,5,,,2,98,,9877,5,,,2,104,,9880,5,,,2,95,,9882,5,,,2,104,,9884,5,,,2,101,,9894,5,,,2,95,,9885,5,,,2,100,,9881,5,,,2,99,,9878,5,,,2,101,,9879,5,,,2,100,,9883,5,,,2,100,,9887,5,,,2,100,,9886,5,,,2
6103,'SAM',739,,9905,5,,,2,101,,9907,5,,,2,97,,9910,5,,,2,102,,9904,5,,,2,98,,9908,5,,,2,105,,9911,5,,,2,99,,9909,5,,,2,103,,9912,5,,,2,95,,9906,5,,,2,103,,9898,5,,,2,102,,9895,5,,,2,95,,9899,5,,,2,100,,9897,5,,,2,99,,9900,5,,,2,101,,9896,5,,,2,100,,9901,5,,,2,100,,9902,5,,,2,100,,9903,5,,,2
6103,'SEM',602,,9932,5,,,2,100,,9936,5,,,2,101,,9914,5,,,2,97,,9915,5,,,2,100,,9934,5,,,2,101,,9929,5,,,2,100,,9931,5,,,2,102,,9930,5,,,2,100,,9933,5,,,2,110,,9935,5,,,2,25,,9922,5,,,2,64,,9913,5,,,2,31,,9926,5,,,2,74,,9916,5,,,2,26,,9923,5,,,2,73,,9917,5,,,2,28,,9918,5,,,2,73,,9920,5,,,2,31,,9928,5,,,2,80,,9919,5,,,2,95,,9921,5,,,2,100,,9925,5,,,2,100,,9924,5,,,2,107,,9927,5,,,2
6303,'DIM',749,,10005,28,,,1,100,,10007,28,,,1,102,,9998,28,,,1,97,,10006,28,,,1,103,,10010,28,,,1,96,,10008,28,,,1,103,,10011,28,,,1,103,,10009,28,,,1,100,,10012,28,,,1,100,,10013,28,,,1,100,,9999,28,,,1,98,,9995,28,,,1,99,,9996,28,,,1,99,,10001,28,,,1,100,,9997,28,,,1,100,,10002,28,,,1,99,,10000,28,,,1,100,,10003,28,,,1,98,,10004,28,,,1
6303,'SAM',648,,10027,28,,,1,101,,10031,28,,,1,100,,10028,28,,,1,102,,10026,28,,,1,97,,10030,28,,,1,103,,10029,28,,,1,96,,10033,28,,,1,103,,10032,28,,,1,103,,10014,28,,,1,102,,10015,28,,,1,98,,10016,28,,,1,100,,10018,28,,,1,98,,10017,28,,,1,99,,10022,28,,,1,99,,10019,28,,,1,100,,10020,28,,,1,100,,10023,28,,,1,99,,10021,28,,,1,100,,10024,28,,,1,98,,10025,28,,,1
6303,'SEM',608,,10049,28,,,1,20,,10059,28,,,1,16,,10060,28,,,1,76,,10066,28,,,1,14,,10064,28,,,1,74,,10038,28,,,1,23,,10040,28,,,1,74,,10041,28,,,1,33,,10034,28,,,1,65,,10037,28,,,1,33,,10063,28,,,1,67,,10051,28,,,1,31,,10067,28,,,1,66,,10061,28,,,1,38,,10035,28,,,1,67,,10036,28,,,1,30,,10065,28,,,1,70,,10062,28,,,1,32,,10068,28,,,1,72,,10043,28,,,1,26,,10042,28,,,1,74,,10047,28,,,1,19,,10045,28,,,1,25,,10039,28,,,1,73,,10048,28,,,1,81,,10046,28,,,1,97,,10044,28,,,1,41,,10052,28,,,1,93,,10055,28,,,1,95,,10050,28,,,1,88,,10053,28,,,1,105,,10054,28,,,1,99,,10058,28,,,1,104,,10056,28,,,1,94,,10057,28,,,1
6503,'DIM',714,,10150,5,,,2,101,,10152,5,,,2,100,,10154,5,,,2,100,,10156,5,,,2,103,,10153,5,,,2,97,,10151,5,,,2,106,,10139,5,,,2,100,,10155,5,,,2,96,,10157,5,,,2,98,,10142,5,,,2,102,,10144,5,,,2,98,,10143,5,,,2,100,,10146,5,,,2,100,,10148,5,,,2,99,,10140,5,,,2,100,,10141,5,,,2,100,,10147,5,,,2,99,,10149,5,,,2,100,,10145,5,,,2
6503,'SAM',714,,10170,5,,,2,101,,10173,5,,,2,100,,10172,5,,,2,100,,10174,5,,,2,102,,10175,5,,,2,97,,10177,5,,,2,107,,10176,5,,,2,99,,10171,5,,,2,97,,10158,5,,,2,98,,10160,5,,,2,102,,10163,5,,,2,100,,10166,5,,,2,98,,3589,5,,,2,100,,10168,5,,,2,99,,10162,5,,,2,100,,10159,5,,,2,100,,10161,5,,,2,99,,10164,5,,,2,100,,10165,5,,,2,45,,10167,5,,,2,75,,10169,5,,,2
6503,'SEM',600,,10187,5,,,2,26,,10179,5,,,2,27,,10206,5,,,2,64,,10180,5,,,2,24,,10182,5,,,2,78,,10195,5,,,2,26,,10212,5,,,2,78,,10183,5,,,2,25,,10184,5,,,2,70,,10203,5,,,2,30,,10185,5,,,2,70,,10210,5,,,2,30,,10207,5,,,2,70,,10208,5,,,2,30,,10209,5,,,2,70,,10186,5,,,2,30,,10189,5,,,2,70,,10181,5,,,2,30,,10193,5,,,2,74,,10194,5,,,2,30,,10178,5,,,2,65,,10188,5,,,2,25,,10200,5,,,2,15,,10211,5,,,2,55,,10201,5,,,2,15,,10202,5,,,2,15,,10196,5,,,2,13,,10204,5,,,2,57,,10199,5,,,2,33,,10191,5,,,2,104,,10190,5,,,2,99,,10192,5,,,2,100,,10197,5,,,2,100,,10198,5,,,2,99,,10205,5,,,2
7001,'DIM',655,,10411,5,,,1,100,,10401,5,,,1,99,,10409,5,,,1,99,,10412,5,,,1,68,,10415,5,,,1,31,,10410,5,,,1,70,,10417,5,,,1,27,,10416,5,,,1,70,,10413,5,,,1,35,,10414,5,,,1,69,,10418,5,,,1,27,,10394,5,,,1,73,,10419,5,,,1,25,,10397,5,,,1,75,,10398,5,,,1,27,,10399,5,,,1,74,,10396,5,,,1,33,,10402,5,,,1,74,,10405,5,,,1,70,,10400,5,,,1,54,,10406,5,,,1,100,,10403,5,,,1,100,,10395,5,,,1,100,,10407,5,,,1,100,,10408,5,,,1,100,,10404,5,,,1
7001,'SAM',655,,10436,5,,,1,100,,10441,5,,,1,99,,10443,5,,,1,99,,10444,5,,,1,67,,10442,5,,,1,32,,10420,5,,,1,69,,10445,5,,,1,28,,10440,5,,,1,70,,10421,5,,,1,34,,10437,5,,,1,68,,10422,5,,,1,33,,10438,5,,,1,69,,10424,5,,,1,25,,10439,5,,,1,73,,10427,5,,,1,29,,10429,5,,,1,74,,10426,5,,,1,34,,10428,5,,,1,73,,10432,5,,,1,70,,10430,5,,,1,54,,10434,5,,,1,100,,10423,5,,,1,100,,10425,5,,,1,99,,10435,5,,,1,101,,10433,5,,,1,100,,10431,5,,,1
7001,'SEM',510,,10472,5,,,1,30,,10450,5,,,1,66,,10473,5,,,1,18,,10474,5,,,1,17,,10469,5,,,1,67,,10480,5,,,1,24,,10461,5,,,1,24,,10447,5,,,1,69,,10479,5,,,1,30,,10476,5,,,1,71,,10477,5,,,1,29,,10458,5,,,1,71,,10481,5,,,1,28,,10449,5,,,1,72,,10454,5,,,1,27,,10478,5,,,1,70,,10448,5,,,1,29,,10446,5,,,1,72,,10475,5,,,1,30,,10453,5,,,1,77,,10456,5,,,1,24,,10452,5,,,1,50,,10459,5,,,1,47,,10451,5,,,1,77,,10463,5,,,1,28,,10466,5,,,1,76,,10467,5,,,1,67,,10455,5,,,1,41,,10464,5,,,1,85,,10460,5,,,1,74,,10457,5,,,1,109,,10465,5,,,1,100,,10462,5,,,1,100,,10470,5,,,1,101,,10468,5,,,1,129,,10471,5,,,1
7602,'DIM',607,,5136,5,,,2,96,,10940,5,,,2,100,,10950,5,,,2,101,,10952,5,,,2,30,,10948,5,,,2,70,,10949,5,,,2,30,,10930,5,,,2,70,,10953,5,,,2,30,,10951,5,,,2,69,,10939,5,,,2,32,,10954,5,,,2,72,,10955,5,,,2,27,,10931,5,,,2,74,,10941,5,,,2,33,,10933,5,,,2,64,,10934,5,,,2,30,,10936,5,,,2,70,,10932,5,,,2,30,,4405,5,,,2,70,,4422,5,,,2,30,,10937,5,,,2,74,,10945,5,,,2,94,,10946,5,,,2,100,,10938,5,,,2,101,,10947,5,,,2,101,,10935,5,,,2,100,,10942,5,,,2,99,,10944,5,,,2,100,,10943,5,,,2
7602,'SAM',607,,10973,5,,,2,96,,10972,5,,,2,100,,10976,5,,,2,101,,10978,5,,,2,30,,10983,5,,,2,70,,10971,5,,,2,30,,10980,5,,,2,70,,10979,5,,,2,30,,10984,5,,,2,69,,10957,5,,,2,30,,10974,5,,,2,74,,10956,5,,,2,27,,10975,5,,,2,74,,10982,5,,,2,33,,10958,5,,,2,64,,10959,5,,,2,30,,10981,5,,,2,70,,10962,5,,,2,30,,4456,5,,,2,70,,10960,5,,,2,30,,10977,5,,,2,75,,10965,5,,,2,93,,10967,5,,,2,100,,10963,5,,,2,101,,10961,5,,,2,101,,10966,5,,,2,100,,10964,5,,,2,99,,10969,5,,,2,100,,10968,5,,,2,101,,10970,5,,,2
7602,'SEM',550,,10985,5,,,2,62,,11014,5,,,2,16,,4470,5,,,2,11,,11012,5,,,2,64,,11016,5,,,2,18,,11018,5,,,2,22,,10992,5,,,2,61,,10986,5,,,2,35,,11013,5,,,2,68,,11017,5,,,2,31,,11010,5,,,2,72,,10987,5,,,2,30,,11015,5,,,2,70,,10991,5,,,2,29,,11011,5,,,2,71,,10990,5,,,2,30,,10995,5,,,2,71,,11020,5,,,2,28,,10996,5,,,2,70,,10988,5,,,2,35,,11019,5,,,2,65,,10989,5,,,2,24,,10993,5,,,2,26,,11000,5,,,2,65,,11001,5,,,2,25,,11004,5,,,2,65,,11006,5,,,2,25,,11002,5,,,2,20,,10998,5,,,2,74,,10994,5,,,2,70,,11005,5,,,2,31,,11008,5,,,2,100,,10997,5,,,2,100,,10999,5,,,2,100,,11007,5,,,2,103,,11003,5,,,2,109,,11009,5,,,2
90302,'DIM',830,,11706,3,,,2,99,,11708,3,,,2,96,,11707,3,,,2,97,,11713,3,,,2,102,,11712,3,,,2,99,,11714,3,,,2,104,,11709,3,,,2,97,,11710,3,,,2,103,,11704,3,,,2,99,,11711,3,,,2,102,,11705,3,,,2
90302,'SAM',830,,11721,3,,,2,98,,11724,3,,,2,95,,11723,3,,,2,100,,11722,3,,,2,101,,11720,3,,,2,98,,11725,3,,,2,105,,11715,3,,,2,97,,11717,3,,,2,99,,11716,3,,,2,103,,11718,3,,,2,102,,11719,3,,,2
90302,'SEM',725,,11730,3,,,2,102,,11727,3,,,2,101,,11736,3,,,2,99,,11726,3,,,2,100,,11744,3,,,2,97,,11743,3,,,2,100,,11733,3,,,2,80,,11745,3,,,2,105,,11734,3,,,2,16,,11732,3,,,2,20,,11731,3,,,2,68,,11728,3,,,2,30,,11729,3,,,2,69,,11735,3,,,2,35,,11739,3,,,2,70,,11738,3,,,2,40,,11740,3,,,2,148,,11742,3,,,2,100,,11737,3,,,2,99,,11741,3,,,2
