4504,'DIM',633,,8845,47,,,1,100,,8838,47,,,1,100,,8846,47,,,1,101,,8848,47,,,1,99,,8852,47,,,1,97,,8853,47,,,1,102,,8849,47,,,1,98,,8844,47,,,1,108,,8842,47,,,1,98,,8836,47,,,1,100,,8851,47,,,1,96,,8847,47,,,1,101,,8850,47,,,1,102,,8837,47,,,1,101,,8843,47,,,1,101,,8839,47,,,1,100,,8840,47,,,1,99,,8841,47,,,1
4504,'SAM',633,,2249,47,,,1,100,,8867,47,,,1,100,,8864,47,,,1,101,,8868,47,,,1,99,,8866,47,,,1,101,,8855,47,,,1,97,,8865,47,,,1,102,,8854,47,,,1,104,,8860,47,,,1,101,,8869,47,,,1,98,,8857,47,,,1,96,,8870,47,,,1,101,,8858,47,,,1,102,,8862,47,,,1,101,,8856,47,,,1,101,,8861,47,,,1,100,,8859,47,,,1,99,,8863,47,,,1
4504,'SEM',551,,8890,47,,,1,55,,8891,47,,,1,43,,8896,47,,,1,84,,8876,47,,,1,19,,8874,47,,,1,58,,8872,47,,,1,16,,8889,47,,,1,90,,8875,47,,,1,106,,8893,47,,,1,112,,8888,47,,,1,96,,8878,47,,,1,94,,8877,47,,,1,100,,8894,47,,,1,83,,8873,47,,,1,25,,8871,47,,,1,72,,8892,47,,,1,30,,8895,47,,,1,78,,8880,47,,,1,35,,8883,47,,,1,81,,8884,47,,,1,102,,8882,47,,,1,104,,8881,47,,,1,102,,8885,47,,,1,90,,8887,47,,,1,100,,8879,47,,,1,95,,8886,47,,,1
5002,'DIM',621,,9269,38,,,1,100,,2653,38,,,1,102,,9252,38,,,1,96,,9267,38,,,1,107,,9260,38,,,1,25,,9270,38,,,1,77,,9262,38,,,1,24,,9274,38,,,1,79,,9272,38,,,1,22,,9273,38,,,1,75,,9275,38,,,1,29,,9261,38,,,1,73,,9263,38,,,1,76,,9276,38,,,1,29,,9265,38,,,1,74,,9264,38,,,1,30,,9271,38,,,1,66,,9268,38,,,1,31,,9266,38,,,1,99,,9254,38,,,1,99,,9256,38,,,1,99,,9259,38,,,1,99,,9253,38,,,1,97,,9257,38,,,1,98,,9255,38,,,1,99,,9258,38,,,1
5002,'SAM',621,,9284,38,,,1,100,,9287,38,,,1,102,,9278,38,,,1,99,,9299,38,,,1,104,,9298,38,,,1,25,,9297,38,,,1,76,,9295,38,,,1,25,,9279,38,,,1,79,,9302,38,,,1,22,,9301,38,,,1,75,,9280,38,,,1,29,,9291,38,,,1,73,,9293,38,,,1,76,,9296,38,,,1,29,,9292,38,,,1,74,,9294,38,,,1,30,,9282,38,,,1,66,,9283,38,,,1,31,,9277,38,,,1,99,,9300,38,,,1,99,,9288,38,,,1,99,,9290,38,,,1,99,,9289,38,,,1,97,,9285,38,,,1,98,,9281,38,,,1,99,,9286,38,,,1
5002,'SEM',510,,9309,38,,,1,36,,9332,38,,,1,71,,9328,38,,,1,30,,9303,38,,,1,76,,9336,38,,,1,32,,9329,38,,,1,63,,9304,38,,,1,35,,9322,38,,,1,66,,9307,38,,,1,31,,9334,38,,,1,66,,9335,38,,,1,33,,9331,38,,,1,68,,9306,38,,,1,33,,9310,38,,,1,68,,9330,38,,,1,32,,9318,38,,,1,72,,9333,38,,,1,30,,9311,38,,,1,70,,9314,38,,,1,82,,9305,38,,,1,26,,9315,38,,,1,77,,9308,38,,,1,33,,9323,38,,,1,70,,9312,38,,,1,29,,9313,38,,,1,69,,9321,38,,,1,29,,9316,38,,,1,70,,9320,38,,,1,105,,9324,38,,,1,104,,9319,38,,,1,101,,9317,38,,,1,110,,9326,38,,,1,103,,9325,38,,,1,97,,9327,38,,,1
6002,'DIM',703,,9823,20,,,1,100,,9832,20,,,1,99,,9830,20,,,1,100,,9831,20,,,1,100,,9833,20,,,1,100,,9836,20,,,1,101,,9834,20,,,1,100,,9837,20,,,1,100,,9835,20,,,1,99,,9838,20,,,1,99,,9839,20,,,1,100,,9825,20,,,1,101,,9827,20,,,1,101,,9826,20,,,1,101,,9828,20,,,1,100,,9822,20,,,1,100,,9824,20,,,1,99,,9829,20,,,1
6002,'SAM',703,,9851,20,,,1,100,,9842,20,,,1,99,,9854,20,,,1,100,,9856,20,,,1,100,,9852,20,,,1,100,,9855,20,,,1,101,,9853,20,,,1,100,,9841,20,,,1,100,,9857,20,,,1,99,,9840,20,,,1,99,,9844,20,,,1,102,,9849,20,,,1,99,,9845,20,,,1,101,,9846,20,,,1,101,,9850,20,,,1,100,,9843,20,,,1,100,,9847,20,,,1,99,,9848,20,,,1
6002,'SEM',634,,9875,20,,,1,100,,9873,20,,,1,101,,9859,20,,,1,99,,9876,20,,,1,100,,9874,20,,,1,102,,9864,20,,,1,100,,9858,20,,,1,99,,9860,20,,,1,101,,9872,20,,,1,99,,9861,20,,,1,101,,9866,20,,,1,106,,9863,20,,,1,93,,9869,20,,,1,100,,9867,20,,,1,99,,9862,20,,,1,100,,9865,20,,,1,99,,9868,20,,,1,90,,9871,20,,,1,100,,9870,20,,,1
34504,'SEM',2516,,11613,17,,,1,118,,11612,17,,,1
