1703,'DIM',616,,6801,9,,,1,89,,6794,9,,,1,99,,100,9,,,1,101,,6796,9,,,1,97,,6797,9,,,1,101,,6793,9,,,1,100,,6799,9,,,1,99,,6795,9,,,1,102,,6798,9,,,1,100,,6800,9,,,1,102,,6783,9,,,1,98,,6787,9,,,1,99,,6786,9,,,1,101,,6785,9,,,1,99,,6788,9,,,1,99,,6791,9,,,1,101,,6784,9,,,1,100,,6789,9,,,1,102,,6790,9,,,1,120,,6792,9,,,1
1703,'SAM',539,,6813,9,,,1,77,,6819,9,,,1,89,,121,9,,,1,99,,6810,9,,,1,101,,6812,9,,,1,97,,6814,9,,,1,100,,6818,9,,,1,101,,6816,9,,,1,100,,6811,9,,,1,101,,6817,9,,,1,100,,6815,9,,,1,102,,6820,9,,,1,99,,6821,9,,,1,99,,6802,9,,,1,100,,6807,9,,,1,99,,6804,9,,,1,99,,6803,9,,,1,101,,6805,9,,,1,100,,6808,9,,,1,102,,6809,9,,,1,120,,6806,9,,,1
1703,'SEM',558,,6839,9,,,1,142,,6841,9,,,1,105,,6840,9,,,1,96,,6825,9,,,1,100,,6838,9,,,1,100,,6837,9,,,1,100,,6843,9,,,1,101,,6826,9,,,1,100,,6823,9,,,1,98,,6842,9,,,1,35,,6845,9,,,1,20,,6844,9,,,1,76,,6822,9,,,1,23,,6833,9,,,1,78,,6824,9,,,1,80,,6827,9,,,1,30,,6830,9,,,1,68,,6835,9,,,1,99,,6836,9,,,1,100,,6828,9,,,1,100,,6829,9,,,1,100,,6831,9,,,1,100,,6832,9,,,1,104,,6834,9,,,1
2703,'DIM',859,,7609,9,,,2,100,,7612,9,,,2,98,,7614,9,,,2,102,,7608,9,,,2,95,,7616,9,,,2,146,,7611,9,,,2,101,,7613,9,,,2,100,,7610,9,,,2,100,,7615,9,,,2,100,,7602,9,,,2,100,,7604,9,,,2,58,,7603,9,,,2,100,,7607,9,,,2,100,,7601,9,,,2,142,,7600,9,,,2,100,,7605,9,,,2,100,,7606,9,,,2
2703,'SAM',659,,7626,9,,,2,100,,7627,9,,,2,100,,7625,9,,,2,100,,7635,9,,,2,100,,7629,9,,,2,100,,7632,9,,,2,94,,7628,9,,,2,147,,7630,9,,,2,102,,7631,9,,,2,99,,7624,9,,,2,54,,7633,9,,,2,146,,7634,9,,,2,100,,7619,9,,,2,58,,7622,9,,,2,100,,7617,9,,,2,100,,7618,9,,,2,142,,7620,9,,,2,100,,7621,9,,,2,100,,7623,9,,,2
2703,'SEM',805,,7653,9,,,2,50,,7638,9,,,2,100,,7644,9,,,2,100,,7637,9,,,2,99,,7655,9,,,2,91,,7652,9,,,2,103,,7656,9,,,2,100,,7641,9,,,2,81,,7639,9,,,2,82,,7654,9,,,2,15,,7636,9,,,2,30,,7643,9,,,2,79,,7640,9,,,2,65,,7651,9,,,2,56,,7647,9,,,2,87,,7650,9,,,2,103,,7646,9,,,2,102,,7642,9,,,2,99,,7645,9,,,2,100,,7648,9,,,2,100,,7649,9,,,2
3103,'DIM',635,,7731,11,,,1,99,,7730,11,,,1,99,,1058,11,,,1,99,,7735,11,,,1,99,,7734,11,,,1,100,,7732,11,,,1,102,,7721,11,,,1,101,,7733,11,,,1,99,,7720,11,,,1,102,,7719,11,,,1,99,,7724,11,,,1,98,,7726,11,,,1,103,,7725,11,,,1,97,,7727,11,,,1,101,,7723,11,,,1,100,,7722,11,,,1,100,,7728,11,,,1,101,,7729,11,,,1
3103,'SAM',635,,7748,11,,,1,99,,7747,11,,,1,99,,1075,11,,,1,99,,7752,11,,,1,99,,7753,11,,,1,100,,7749,11,,,1,100,,7745,11,,,1,102,,7750,11,,,1,100,,7746,11,,,1,102,,7751,11,,,1,100,,7740,11,,,1,98,,7742,11,,,1,100,,7738,11,,,1,100,,7743,11,,,1,100,,7736,11,,,1,100,,7737,11,,,1,100,,7739,11,,,1,102,,7741,11,,,1,95,,7744,11,,,1
3103,'SEM',630,,7775,11,,,1,99,,7773,11,,,1,100,,7774,11,,,1,100,,7754,11,,,1,101,,7755,11,,,1,100,,7757,11,,,1,100,,7776,11,,,1,100,,7756,11,,,1,101,,7761,11,,,1,98,,7762,11,,,1,11,,7763,11,,,1,76,,7758,11,,,1,30,,7767,11,,,1,80,,7764,11,,,1,30,,7760,11,,,1,76,,7772,11,,,1,69,,7759,11,,,1,36,,7771,11,,,1,100,,7765,11,,,1,101,,7768,11,,,1,100,,7769,11,,,1,98,,7766,11,,,1,114,,7770,11,,,1
4303,'DIM',635,,8647,9,,,1,100,,8649,9,,,1,100,,8653,9,,,1,100,,8651,9,,,1,106,,8652,9,,,1,101,,8650,9,,,1,100,,8656,9,,,1,100,,8654,9,,,1,103,,8655,9,,,1,97,,8637,9,,,1,99,,8638,9,,,1,104,,8640,9,,,1,91,,8643,9,,,1,99,,8642,9,,,1,100,,8639,9,,,1,100,,8641,9,,,1,100,,8648,9,,,1,100,,8644,9,,,1,100,,8646,9,,,1,100,,8645,9,,,1
4303,'SAM',635,,8668,9,,,1,100,,8658,9,,,1,100,,8673,9,,,1,100,,8659,9,,,1,106,,8660,9,,,1,101,,8671,9,,,1,100,,8669,9,,,1,100,,8674,9,,,1,102,,8670,9,,,1,101,,8672,9,,,1,98,,8657,9,,,1,98,,8675,9,,,1,95,,8664,9,,,1,99,,8661,9,,,1,100,,2041,9,,,1,100,,8662,9,,,1,100,,8663,9,,,1,100,,8667,9,,,1,100,,8665,9,,,1,100,,8666,9,,,1
4303,'SEM',635,,8697,9,,,1,100,,8698,9,,,1,81,,8679,9,,,1,104,,8699,9,,,1,31,,8678,9,,,1,69,,8695,9,,,1,30,,8685,9,,,1,71,,8681,9,,,1,30,,8701,9,,,1,70,,8700,9,,,1,30,,8696,9,,,1,72,,8682,9,,,1,28,,8683,9,,,1,70,,8687,9,,,1,30,,8702,9,,,1,70,,8677,9,,,1,25,,8684,9,,,1,70,,8680,9,,,1,19,,8703,9,,,1,76,,8686,9,,,1,31,,8676,9,,,1,71,,8692,9,,,1,101,,8693,9,,,1,101,,8694,9,,,1,101,,8688,9,,,1,101,,8689,9,,,1,110,,8690,9,,,1,106,,8691,9,,,1
6002,'DIM',656,,9823,9,,,1,100,,9832,9,,,1,99,,9830,9,,,1,100,,9831,9,,,1,100,,9833,9,,,1,100,,9836,9,,,1,100,,9834,9,,,1,100,,9837,9,,,1,100,,9835,9,,,1,99,,9838,9,,,1,99,,9839,9,,,1,101,,9825,9,,,1,101,,9827,9,,,1,101,,9826,9,,,1,101,,9828,9,,,1,100,,9822,9,,,1,100,,9824,9,,,1,99,,9829,9,,,1
6002,'SAM',656,,9851,9,,,1,100,,9842,9,,,1,99,,9854,9,,,1,100,,9856,9,,,1,100,,9852,9,,,1,100,,9855,9,,,1,100,,9853,9,,,1,100,,9841,9,,,1,100,,9857,9,,,1,99,,9840,9,,,1,99,,9844,9,,,1,103,,9849,9,,,1,99,,9845,9,,,1,101,,9846,9,,,1,101,,9850,9,,,1,100,,9843,9,,,1,100,,9847,9,,,1,99,,9848,9,,,1
6002,'SEM',627,,9875,9,,,1,100,,9873,9,,,1,100,,9859,9,,,1,99,,9876,9,,,1,100,,9874,9,,,1,101,,9864,9,,,1,100,,9858,9,,,1,99,,9860,9,,,1,101,,9872,9,,,1,98,,9861,9,,,1,101,,9866,9,,,1,107,,9863,9,,,1,94,,9869,9,,,1,101,,9867,9,,,1,99,,9862,9,,,1,100,,9865,9,,,1,99,,9868,9,,,1,90,,9871,9,,,1,100,,9870,9,,,1
7303,'DIM',650,,10582,9,,,1,99,,10579,9,,,1,100,,10580,9,,,1,98,,10583,9,,,1,100,,10586,9,,,1,100,,10581,9,,,1,100,,10584,9,,,1,102,,10578,9,,,1,99,,10585,9,,,1,102,,10587,9,,,1,99,,10572,9,,,1,99,,10569,9,,,1,101,,10575,9,,,1,99,,10571,9,,,1,100,,10570,9,,,1,100,,10573,9,,,1,100,,10574,9,,,1,102,,10577,9,,,1,105,,10576,9,,,1
7303,'SAM',557,,10601,9,,,1,93,,10598,9,,,1,99,,10597,9,,,1,100,,10602,9,,,1,98,,10604,9,,,1,101,,10600,9,,,1,99,,10591,9,,,1,100,,10603,9,,,1,102,,10599,9,,,1,99,,10605,9,,,1,102,,10606,9,,,1,101,,10590,9,,,1,98,,10588,9,,,1,99,,10589,9,,,1,100,,10593,9,,,1,100,,10592,9,,,1,100,,4040,9,,,1,100,,10594,9,,,1,102,,4041,9,,,1,105,,10595,9,,,1,100,,4042,9,,,1,100,,10596,9,,,1
7303,'SEM',543,,10643,9,,,1,66,,10640,9,,,1,38,,10639,9,,,1,10,,10644,9,,,1,79,,10633,9,,,1,16,,10609,9,,,1,83,,10641,9,,,1,12,,10608,9,,,1,70,,10626,9,,,1,31,,10642,9,,,1,69,,10610,9,,,1,31,,10615,9,,,1,69,,10625,9,,,1,31,,10616,9,,,1,69,,10645,9,,,1,30,,10611,9,,,1,70,,10614,9,,,1,30,,10620,9,,,1,70,,10607,9,,,1,30,,10617,9,,,1,75,,10646,9,,,1,24,,10627,9,,,1,55,,10619,9,,,1,21,,10612,9,,,1,16,,10613,9,,,1,63,,10623,9,,,1,17,,10621,9,,,1,30,,10634,9,,,1,55,,10622,9,,,1,16,,10618,9,,,1,33,,10628,9,,,1,70,,10631,9,,,1,32,,10624,9,,,1,99,,10636,9,,,1,100,,10629,9,,,1,100,,10635,9,,,1,100,,10630,9,,,1,81,,10632,9,,,1,95,,10637,9,,,1,121,,10638,9,,,1
7401,'DIM',720,,10736,9,,,2,99,,10737,9,,,2,101,,10740,9,,,2,97,,10739,9,,,2,101,,10741,9,,,2,100,,10738,9,,,2,101,,10735,9,,,2,99,,10734,9,,,2,102,,10742,9,,,2,99,,10728,9,,,2,102,,10729,9,,,2,99,,10731,9,,,2,99,,10732,9,,,2,99,,10733,9,,,2,101,,10727,9,,,2,99,,10726,9,,,2,101,,10730,9,,,2
7401,'SAM',720,,10751,9,,,2,99,,10753,9,,,2,101,,10752,9,,,2,98,,10755,9,,,2,100,,10757,9,,,2,100,,10759,9,,,2,102,,10754,9,,,2,98,,10758,9,,,2,101,,10756,9,,,2,100,,10743,9,,,2,101,,10746,9,,,2,101,,10748,9,,,2,99,,10747,9,,,2,98,,10749,9,,,2,101,,10744,9,,,2,99,,10750,9,,,2,101,,10745,9,,,2
7401,'SEM',622,,10776,9,,,2,95,,10760,9,,,2,101,,10775,9,,,2,103,,10764,9,,,2,101,,10765,9,,,2,101,,10779,9,,,2,99,,10763,9,,,2,101,,10778,9,,,2,100,,10777,9,,,2,93,,10762,9,,,2,93,,10766,9,,,2,101,,10761,9,,,2,30,,10768,9,,,2,85,,10774,9,,,2,99,,10767,9,,,2,101,,10770,9,,,2,100,,10771,9,,,2,100,,10769,9,,,2,100,,10772,9,,,2,95,,10773,9,,,2
