4503,'DIM',638,,8779,4,,,1,100,,8789,4,,,1,101,,8787,4,,,1,98,,8793,4,,,1,101,,8788,4,,,1,98,,8791,4,,,1,105,,8781,4,,,1,100,,8785,4,,,1,98,,8778,4,,,1,102,,8776,4,,,1,92,,8790,4,,,1,102,,8792,4,,,1,104,,8777,4,,,1,102,,8786,4,,,1,102,,8780,4,,,1,99,,8783,4,,,1,99,,8784,4,,,1,101,,8782,4,,,1
4503,'SAM',638,,8807,4,,,1,100,,8803,4,,,1,101,,8806,4,,,1,98,,8805,4,,,1,101,,8795,4,,,1,97,,8804,4,,,1,106,,8808,4,,,1,99,,8799,4,,,1,101,,8810,4,,,1,101,,8809,4,,,1,91,,8811,4,,,1,105,,8794,4,,,1,101,,8801,4,,,1,102,,8796,4,,,1,102,,8800,4,,,1,99,,8798,4,,,1,99,,8802,4,,,1,101,,8797,4,,,1
4503,'SEM',625,,8817,4,,,1,18,,8815,4,,,1,74,,8812,4,,,1,26,,8832,4,,,1,67,,8816,4,,,1,39,,8814,4,,,1,65,,8833,4,,,1,110,,8831,4,,,1,100,,8820,4,,,1,95,,8818,4,,,1,100,,8834,4,,,1,101,,8813,4,,,1,105,,8835,4,,,1,26,,8822,4,,,1,88,,8825,4,,,1,19,,8819,4,,,1,58,,8826,4,,,1,32,,8828,4,,,1,80,,8824,4,,,1,100,,8823,4,,,1,100,,8827,4,,,1,100,,8830,4,,,1,100,,8821,4,,,1,95,,8829,4,,,1
5001,'DIM',528,,9169,14,,,1,100,,9177,14,,,1,100,,9165,14,,,1,98,,9182,14,,,1,101,,9174,14,,,1,73,,9184,14,,,1,37,,9176,14,,,1,64,,9189,14,,,1,38,,9187,14,,,1,62,,9188,14,,,1,35,,9190,14,,,1,69,,9175,14,,,1,32,,9178,14,,,1,76,,9191,14,,,1,29,,9180,14,,,1,73,,9179,14,,,1,30,,9185,14,,,1,63,,9183,14,,,1,34,,9181,14,,,1,81,,9186,14,,,1,18,,9167,14,,,1,100,,9170,14,,,1,99,,9173,14,,,1,100,,9166,14,,,1,99,,9171,14,,,1,98,,9168,14,,,1,100,,9172,14,,,1
5001,'SAM',528,,9199,14,,,1,100,,9202,14,,,1,100,,9193,14,,,1,98,,9214,14,,,1,101,,9212,14,,,1,79,,9217,14,,,1,30,,9210,14,,,1,65,,9194,14,,,1,38,,9218,14,,,1,62,,9216,14,,,1,35,,9195,14,,,1,69,,9206,14,,,1,32,,9208,14,,,1,76,,9211,14,,,1,29,,9207,14,,,1,73,,9209,14,,,1,30,,9197,14,,,1,63,,9198,14,,,1,34,,9192,14,,,1,79,,9213,14,,,1,21,,9215,14,,,1,99,,9203,14,,,1,99,,9205,14,,,1,100,,9204,14,,,1,99,,9200,14,,,1,98,,9196,14,,,1,100,,9201,14,,,1
5001,'SEM',518,,9241,14,,,1,106,,9246,14,,,1,76,,9242,14,,,1,23,,9220,14,,,1,36,,9219,14,,,1,64,,9222,14,,,1,31,,9249,14,,,1,67,,9250,14,,,1,33,,9245,14,,,1,67,,9221,14,,,1,33,,9225,14,,,1,68,,9244,14,,,1,32,,9231,14,,,1,72,,9247,14,,,1,30,,9226,14,,,1,72,,9243,14,,,1,28,,9248,14,,,1,70,,9224,14,,,1,82,,9223,14,,,1,26,,9235,14,,,1,76,,9227,14,,,1,30,,9228,14,,,1,69,,9234,14,,,1,29,,9229,14,,,1,75,,9233,14,,,1,29,,9236,14,,,1,75,,9237,14,,,1,104,,9232,14,,,1,104,,9230,14,,,1,104,,9239,14,,,1,105,,9238,14,,,1,106,,9240,14,,,1,89,,9251,4,,,1
6001,'DIM',806,,9768,38,,,1,103,,9776,38,,,1,101,,9774,38,,,1,104,,9775,38,,,1,101,,9777,38,,,1,102,,9780,38,,,1,102,,9778,38,,,1,100,,9781,38,,,1,100,,9779,38,,,1,102,,9782,38,,,1,92,,9783,38,,,1,99,,9770,38,,,1,98,,9772,38,,,1,98,,9771,38,,,1,99,,9773,38,,,1,99,,9767,38,,,1,100,,9769,38,,,1
6001,'SAM',703,,9790,38,,,1,103,,9795,38,,,1,103,,9786,38,,,1,101,,9798,38,,,1,103,,9800,38,,,1,102,,9796,38,,,1,102,,9799,38,,,1,102,,9797,38,,,1,100,,9785,38,,,1,100,,9801,38,,,1,102,,9784,38,,,1,92,,9788,38,,,1,100,,9793,38,,,1,97,,9789,38,,,1,98,,9791,38,,,1,99,,9794,38,,,1,99,,9787,38,,,1,100,,9792,38,,,1
6001,'SEM',548,,9816,38,,,1,101,,9802,38,,,1,86,,9820,38,,,1,77,,9814,38,,,1,37,,9818,38,,,1,101,,9804,38,,,1,100,,9821,38,,,1,101,,9819,38,,,1,104,,9805,38,,,1,100,,9803,38,,,1,101,,9815,38,,,1,102,,9817,38,,,1,99,,9806,38,,,1,102,,9810,38,,,1,97,,9808,38,,,1,90,,9813,38,,,1,98,,9811,38,,,1,99,,9807,38,,,1,99,,9809,38,,,1,94,,9812,38,,,1
34503,'SEM',443,,11610,23,,,1,101,,11611,23,,,1
