3703,'DIM',642,,7950,40,,,2,75,,7951,40,,,2,101,,7949,40,,,2,100,,7948,40,,,2,100,,7956,40,,,2,100,,7955,40,,,2,101,,7945,40,,,2,100,,7946,40,,,2,105,,7957,40,,,2,96,,7953,40,,,2,99,,7954,40,,,2,100,,7952,40,,,2,90,,7947,40,,,2
3703,'SAM',642,,1290,40,,,2,75,,7963,40,,,2,101,,7960,40,,,2,100,,7964,40,,,2,100,,7967,40,,,2,100,,7965,40,,,2,101,,7968,40,,,2,101,,7961,40,,,2,99,,7959,40,,,2,102,,7962,40,,,2,99,,7958,40,,,2,99,,7966,40,,,2,90,,7969,40,,,2
3703,'SEM',604,,7986,40,,,2,15,,7974,40,,,2,17,,1324,40,,,2,15,,7985,40,,,2,54,,7990,40,,,2,16,,7994,40,,,2,20,,7971,40,,,2,76,,7975,40,,,2,39,,7989,40,,,2,68,,7995,40,,,2,99,,7973,40,,,2,100,,7992,40,,,2,100,,7976,40,,,2,100,,7987,40,,,2,102,,7993,40,,,2,82,,7991,40,,,2,20,,7972,40,,,2,26,,7988,40,,,2,72,,7970,40,,,2,32,,7996,40,,,2,102,,7977,40,,,2,98,,7983,40,,,2,102,,7978,40,,,2,100,,7982,40,,,2,100,,7984,40,,,2,99,,7979,40,,,2,97,,7981,40,,,2,102,,7980,40,,,2
6303,'DIM',759,,10005,38,,,1,141,,10007,38,,,1,102,,9998,38,,,1,98,,10006,38,,,1,103,,10010,38,,,1,56,,10008,38,,,1,143,,10011,38,,,1,103,,10009,38,,,1,100,,10012,38,,,1,100,,10013,38,,,1,100,,9999,38,,,1,97,,9995,38,,,1,98,,9996,38,,,1,59,,10001,38,,,1,100,,9997,38,,,1,100,,10002,38,,,1,99,,10000,38,,,1,100,,10003,38,,,1,97,,10004,38,,,1
6303,'SAM',658,,10027,38,,,1,101,,10031,38,,,1,141,,10028,38,,,1,102,,10026,38,,,1,98,,10030,38,,,1,103,,10029,38,,,1,56,,10033,38,,,1,143,,10032,38,,,1,103,,10014,38,,,1,102,,10015,38,,,1,98,,10016,38,,,1,100,,10018,38,,,1,97,,10017,38,,,1,98,,10022,38,,,1,59,,10019,38,,,1,100,,10020,38,,,1,100,,10023,38,,,1,99,,10021,38,,,1,100,,10024,38,,,1,97,,10025,38,,,1
6303,'SEM',618,,10049,38,,,1,21,,10059,38,,,1,16,,10060,38,,,1,77,,10066,38,,,1,14,,10064,38,,,1,74,,10038,38,,,1,23,,10040,38,,,1,73,,10041,38,,,1,33,,10034,38,,,1,65,,10037,38,,,1,33,,10063,38,,,1,67,,10051,38,,,1,32,,10067,38,,,1,66,,10061,38,,,1,38,,10035,38,,,1,67,,10036,38,,,1,31,,10065,38,,,1,70,,10062,38,,,1,33,,10068,38,,,1,72,,10043,38,,,1,26,,10042,38,,,1,74,,10047,38,,,1,19,,10045,38,,,1,65,,10039,38,,,1,32,,10048,38,,,1,80,,10046,38,,,1,96,,10044,38,,,1,41,,10052,38,,,1,93,,10055,38,,,1,94,,10050,38,,,1,88,,10053,38,,,1,104,,10054,38,,,1,99,,10058,38,,,1,104,,10056,38,,,1,94,,10057,38,,,1
6503,'DIM',719,,10150,14,,,2,101,,10152,14,,,2,100,,10154,14,,,2,100,,10156,14,,,2,103,,10153,14,,,2,97,,10151,14,,,2,107,,10139,14,,,2,100,,10155,14,,,2,96,,10157,14,,,2,98,,10142,14,,,2,102,,10144,14,,,2,98,,10143,14,,,2,99,,10146,14,,,2,100,,10148,14,,,2,99,,10140,14,,,2,100,,10141,14,,,2,100,,10147,14,,,2,99,,10149,14,,,2,100,,10145,14,,,2
6503,'SAM',719,,10170,14,,,2,101,,10173,14,,,2,100,,10172,14,,,2,100,,10174,14,,,2,102,,10175,14,,,2,97,,10177,14,,,2,108,,10176,14,,,2,99,,10171,14,,,2,97,,10158,14,,,2,98,,10160,14,,,2,102,,10163,14,,,2,100,,10166,14,,,2,97,,3589,14,,,2,100,,10168,14,,,2,99,,10162,14,,,2,100,,10159,14,,,2,100,,10161,14,,,2,99,,10164,14,,,2,100,,10165,14,,,2,85,,10167,14,,,2,35,,10169,14,,,2
6503,'SEM',508,,10213,2,,,2,97,,10187,14,,,2,27,,10179,14,,,2,27,,10206,14,,,2,64,,10180,14,,,2,24,,10182,14,,,2,78,,10195,14,,,2,26,,10212,14,,,2,78,,10183,14,,,2,25,,10184,14,,,2,70,,10203,14,,,2,30,,10185,14,,,2,70,,10210,14,,,2,31,,10207,14,,,2,70,,10208,14,,,2,30,,10209,14,,,2,70,,10186,14,,,2,30,,10189,14,,,2,70,,10181,14,,,2,30,,10193,14,,,2,74,,10194,14,,,2,71,,10178,14,,,2,25,,10188,14,,,2,25,,10200,14,,,2,54,,10211,14,,,2,15,,10201,14,,,2,14,,10202,14,,,2,15,,10196,14,,,2,53,,10204,14,,,2,17,,10199,14,,,2,33,,10191,14,,,2,103,,10190,14,,,2,99,,10192,14,,,2,100,,10197,14,,,2,100,,10198,14,,,2,99,,10205,14,,,2
7001,'DIM',713,,10411,30,,,1,101,,10401,30,,,1,99,,10409,30,,,1,100,,10412,30,,,1,28,,10415,30,,,1,71,,10410,30,,,1,30,,10417,30,,,1,68,,10416,30,,,1,30,,10413,30,,,1,75,,10414,30,,,1,29,,10418,30,,,1,67,,10394,30,,,1,34,,10419,30,,,1,65,,10397,30,,,1,35,,10398,30,,,1,67,,10399,30,,,1,33,,10396,30,,,1,73,,10402,30,,,1,33,,10405,30,,,1,70,,10400,30,,,1,94,,10406,30,,,1,99,,10403,30,,,1,100,,10395,30,,,1,99,,10407,30,,,1,100,,10408,30,,,1,100,,10404,30,,,1
7001,'SAM',713,,10436,30,,,1,101,,10441,30,,,1,99,,10443,30,,,1,100,,10444,30,,,1,27,,10442,30,,,1,72,,10420,30,,,1,29,,10445,30,,,1,69,,10440,30,,,1,30,,10421,30,,,1,74,,10437,30,,,1,28,,10422,30,,,1,73,,10438,30,,,1,30,,10424,30,,,1,65,,10439,30,,,1,33,,10427,30,,,1,69,,10429,30,,,1,33,,10426,30,,,1,74,,10428,30,,,1,32,,10432,30,,,1,70,,10430,30,,,1,94,,10434,30,,,1,99,,10423,30,,,1,100,,10425,30,,,1,98,,10435,30,,,1,101,,10433,30,,,1,100,,10431,30,,,1
7001,'SEM',525,,10472,30,,,1,32,,10450,30,,,1,66,,10473,30,,,1,18,,10474,30,,,1,18,,10469,30,,,1,68,,10480,30,,,1,24,,10461,30,,,1,65,,10447,30,,,1,29,,10479,30,,,1,70,,10476,30,,,1,31,,10477,30,,,1,69,,10458,30,,,1,31,,10481,30,,,1,69,,10449,30,,,1,32,,10454,30,,,1,68,,10478,30,,,1,30,,10448,30,,,1,69,,10446,30,,,1,32,,10475,30,,,1,70,,10453,30,,,1,38,,10456,30,,,1,64,,10452,30,,,1,10,,10459,30,,,1,89,,10451,30,,,1,37,,10463,30,,,1,67,,10466,30,,,1,35,,10467,30,,,1,66,,10455,30,,,1,79,,10464,30,,,1,45,,10460,30,,,1,74,,10457,30,,,1,108,,10465,30,,,1,99,,10462,30,,,1,100,,10470,30,,,1,99,,10468,30,,,1,128,,10471,30,,,1
7602,'DIM',612,,5136,14,,,2,96,,10940,14,,,2,100,,10950,14,,,2,101,,10952,14,,,2,30,,10948,14,,,2,70,,10949,14,,,2,30,,10930,14,,,2,70,,10953,14,,,2,30,,10951,14,,,2,70,,10939,14,,,2,32,,10954,14,,,2,72,,10955,14,,,2,27,,10931,14,,,2,74,,10941,14,,,2,33,,10933,14,,,2,64,,10934,14,,,2,30,,10936,14,,,2,70,,10932,14,,,2,30,,4405,14,,,2,70,,4422,14,,,2,30,,10937,14,,,2,74,,10945,14,,,2,94,,10946,14,,,2,100,,10938,14,,,2,101,,10947,14,,,2,101,,10935,14,,,2,99,,10942,14,,,2,99,,10944,14,,,2,100,,10943,14,,,2
7602,'SAM',612,,10973,14,,,2,96,,10972,14,,,2,100,,10976,14,,,2,101,,10978,14,,,2,30,,10983,14,,,2,70,,10971,14,,,2,30,,10980,14,,,2,70,,10979,14,,,2,30,,10984,14,,,2,70,,10957,14,,,2,30,,10974,14,,,2,74,,10956,14,,,2,27,,10975,14,,,2,74,,10982,14,,,2,33,,10958,14,,,2,64,,10959,14,,,2,30,,10981,14,,,2,70,,10962,14,,,2,30,,4456,14,,,2,70,,10960,14,,,2,30,,10977,14,,,2,75,,10965,14,,,2,93,,10967,14,,,2,100,,10963,14,,,2,101,,10961,14,,,2,101,,10966,14,,,2,99,,10964,14,,,2,99,,10969,14,,,2,100,,10968,14,,,2,101,,10970,14,,,2
7602,'SEM',556,,10985,14,,,2,62,,11014,14,,,2,16,,4470,14,,,2,11,,11012,14,,,2,64,,11016,14,,,2,19,,11018,14,,,2,22,,10992,14,,,2,61,,10986,14,,,2,34,,11013,14,,,2,68,,11017,14,,,2,31,,11010,14,,,2,72,,10987,14,,,2,30,,11015,14,,,2,70,,10991,14,,,2,29,,11011,14,,,2,72,,10990,14,,,2,30,,10995,14,,,2,71,,11020,14,,,2,28,,10996,14,,,2,70,,10988,14,,,2,35,,11019,14,,,2,65,,10989,14,,,2,24,,10993,14,,,2,66,,11000,14,,,2,25,,11001,14,,,2,25,,11004,14,,,2,65,,11006,14,,,2,24,,11002,14,,,2,60,,10998,14,,,2,34,,10994,14,,,2,70,,11005,14,,,2,31,,11008,14,,,2,100,,10997,14,,,2,100,,10999,14,,,2,99,,11007,14,,,2,103,,11003,14,,,2,109,,11009,14,,,2
