2401,'DIM',705,,7135,48,,,1,99,,7137,48,,,1,107,,7139,48,,,1,100,,7128,48,,,1,100,,7138,48,,,1,31,,7143,48,,,1,69,,7145,48,,,1,31,,7123,48,,,1,71,,7144,48,,,1,31,,7136,48,,,1,69,,7122,48,,,1,30,,7142,48,,,1,74,,7140,48,,,1,29,,7125,48,,,1,67,,7146,48,,,1,29,,7141,48,,,1,69,,7126,48,,,1,32,,7129,48,,,1,70,,7124,48,,,1,100,,7130,48,,,1,99,,7121,48,,,1,100,,7133,48,,,1,98,,7131,48,,,1,98,,7127,48,,,1,92,,7134,48,,,1,59,,7132,48,,,1
2401,'SAM',635,,7160,48,,,1,70,,7170,48,,,1,99,,7161,48,,,1,107,,7164,48,,,1,100,,7163,48,,,1,100,,7169,48,,,1,31,,7166,48,,,1,68,,7172,48,,,1,32,,7158,48,,,1,71,,7168,48,,,1,29,,7162,48,,,1,71,,7171,48,,,1,30,,7147,48,,,1,74,,7165,48,,,1,29,,7167,48,,,1,67,,7159,48,,,1,29,,7149,48,,,1,76,,7173,48,,,1,25,,7148,48,,,1,70,,7151,48,,,1,100,,7154,48,,,1,99,,7156,48,,,1,100,,7152,48,,,1,98,,7150,48,,,1,98,,7155,48,,,1,92,,7153,48,,,1,59,,7157,48,,,1
2401,'SEM',514,,7178,48,,,1,41,,7198,48,,,1,81,,7199,48,,,1,20,,7175,48,,,1,60,,7192,48,,,1,21,,7179,48,,,1,20,,7180,48,,,1,61,,7207,48,,,1,26,,7201,48,,,1,66,,7203,48,,,1,30,,7208,48,,,1,70,,7174,48,,,1,30,,7204,48,,,1,70,,7206,48,,,1,30,,7197,48,,,1,70,,7177,48,,,1,31,,7202,48,,,1,70,,7176,48,,,1,30,,7200,48,,,1,70,,7205,48,,,1,31,,7185,48,,,1,71,,7182,48,,,1,43,,7181,48,,,1,60,,7183,48,,,1,31,,7187,48,,,1,75,,7184,48,,,1,27,,7188,48,,,1,64,,7191,48,,,1,38,,7194,48,,,1,98,,7186,48,,,1,85,,7195,48,,,1,100,,7196,48,,,1,99,,7189,48,,,1,99,,7190,48,,,1,97,,7193,48,,,1
3304,'DIM',757,,7891,49,,,1,171,,7892,49,,,1,130,,7886,49,,,1,170,,7890,49,,,1,177,,7894,49,,,1,124,,7893,49,,,1,128,,7884,49,,,1,172,,7888,49,,,1,129,,7887,49,,,1,170,,7889,49,,,1,129,,7885,49,,,1
3304,'SAM',757,,7902,49,,,1,171,,7904,49,,,1,130,,7903,49,,,1,170,,7905,49,,,1,176,,7896,49,,,1,125,,7895,49,,,1,130,,7900,49,,,1,170,,7899,49,,,1,129,,7897,49,,,1,170,,7901,49,,,1,129,,7898,49,,,1
3304,'SEM',517,,7910,49,,,1,90,,7921,49,,,1,35,,7922,49,,,1,94,,7928,49,,,1,78,,7913,49,,,1,20,,7927,49,,,1,71,,7923,49,,,1,104,,7907,49,,,1,100,,7924,49,,,1,100,,7908,49,,,1,100,,7925,49,,,1,96,,7926,49,,,1,111,,7906,49,,,1,111,,7912,49,,,1,76,,7911,49,,,1,49,,7914,49,,,1,72,,7909,49,,,1,24,,7920,49,,,1,70,,7919,49,,,1,96,,7918,49,,,1,94,,7915,49,,,1,111,,7917,49,,,1,38,,7916,49,,,1
3704,'DIM',718,,8004,48,,,2,35,,8005,48,,,2,101,,8003,48,,,2,100,,8002,48,,,2,101,,8008,48,,,2,101,,8007,48,,,2,100,,7997,48,,,2,99,,7998,48,,,2,145,,8009,48,,,2,56,,7999,48,,,2,99,,8006,48,,,2,99,,8000,48,,,2,89,,8001,48,,,2
3704,'SAM',718,,1344,48,,,2,35,,8017,48,,,2,101,,8015,48,,,2,100,,8018,48,,,2,101,,8020,48,,,2,101,,8019,48,,,2,100,,8021,48,,,2,100,,8016,48,,,2,99,,8014,48,,,2,102,,8010,48,,,2,98,,8011,48,,,2,99,,8012,48,,,2,89,,8013,48,,,2
3704,'SEM',605,,8041,48,,,2,40,,8040,48,,,2,101,,8043,48,,,2,80,,8022,48,,,2,75,,8024,48,,,2,34,,8042,48,,,2,70,,8047,48,,,2,97,,8046,48,,,2,100,,8045,48,,,2,101,,8026,48,,,2,100,,8029,48,,,2,106,,8048,48,,,2,44,,8044,48,,,2,62,,8023,48,,,2,12,,8030,48,,,2,16,,8032,48,,,2,60,,8025,48,,,2,10,,8027,48,,,2,15,,8035,48,,,2,16,,8038,48,,,2,97,,8037,48,,,2,94,,8039,48,,,2,101,,8028,48,,,2,100,,8036,48,,,2,98,,8031,48,,,2,100,,8033,48,,,2,95,,8034,48,,,2
6304,'DIM',803,,10080,74,,,1,104,,10076,74,,,1,101,,10078,74,,,1,103,,10072,74,,,1,99,,10077,74,,,1,104,,10082,74,,,1,96,,10079,74,,,1,102,,10083,74,,,1,103,,10081,74,,,1,100,,10084,74,,,1,99,,10085,74,,,1,98,,10073,74,,,1,99,,10069,74,,,1,98,,10070,74,,,1,99,,10074,74,,,1,97,,10071,74,,,1,98,,10075,74,,,1
6304,'SAM',703,,10099,74,,,1,100,,10097,74,,,1,104,,10102,74,,,1,101,,10098,74,,,1,103,,10096,74,,,1,99,,10101,74,,,1,104,,10100,74,,,1,96,,10104,74,,,1,102,,10103,74,,,1,103,,10086,74,,,1,102,,10087,74,,,1,97,,10088,74,,,1,98,,10090,74,,,1,99,,10089,74,,,1,98,,10094,74,,,1,99,,10091,74,,,1,97,,10092,74,,,1,98,,10095,74,,,1,97,,10093,74,,,1
6304,'SEM',518,,10132,74,,,1,113,,10128,74,,,1,71,,10137,74,,,1,31,,10120,74,,,1,16,,10131,74,,,1,67,,10134,74,,,1,26,,10136,74,,,1,59,,10135,74,,,1,30,,10109,74,,,1,70,,10110,74,,,1,31,,10111,74,,,1,70,,10105,74,,,1,25,,10108,74,,,1,32,,10133,74,,,1,73,,10123,74,,,1,70,,10116,74,,,1,26,,10129,74,,,1,78,,10106,74,,,1,27,,10107,74,,,1,73,,10117,74,,,1,31,,10130,74,,,1,79,,10138,74,,,1,30,,10113,74,,,1,64,,10112,74,,,1,34,,10118,74,,,1,14,,10115,74,,,1,68,,10124,74,,,1,28,,10119,74,,,1,77,,10122,74,,,1,96,,10114,74,,,1,80,,10125,74,,,1,50,,10127,74,,,1,92,,10121,74,,,1,99,,10126,74,,,1
