1703,'DIM',623,,6801,19,,,1,89,,6794,19,,,1,99,,100,19,,,1,101,,6796,19,,,1,97,,6797,19,,,1,101,,6793,19,,,1,100,,6799,19,,,1,99,,6795,19,,,1,102,,6798,19,,,1,100,,6800,19,,,1,102,,6783,19,,,1,98,,6787,19,,,1,99,,6786,19,,,1,101,,6785,19,,,1,99,,6788,19,,,1,99,,6791,19,,,1,101,,6784,19,,,1,100,,6789,19,,,1,102,,6790,19,,,1,119,,6792,19,,,1
1703,'SAM',545,,6813,19,,,1,78,,6819,19,,,1,89,,121,19,,,1,99,,6810,19,,,1,101,,6812,19,,,1,97,,6814,19,,,1,100,,6818,19,,,1,101,,6816,19,,,1,100,,6811,19,,,1,101,,6817,19,,,1,100,,6815,19,,,1,102,,6820,19,,,1,99,,6821,19,,,1,99,,6802,19,,,1,100,,6807,19,,,1,99,,6804,19,,,1,99,,6803,19,,,1,101,,6805,19,,,1,100,,6808,19,,,1,102,,6809,19,,,1,119,,6806,19,,,1
1703,'SEM',605,,6839,19,,,1,102,,6841,19,,,1,105,,6840,19,,,1,96,,6825,19,,,1,101,,6838,19,,,1,100,,6837,19,,,1,100,,6843,19,,,1,101,,6826,19,,,1,100,,6823,19,,,1,98,,6842,19,,,1,35,,6845,19,,,1,60,,6844,19,,,1,36,,6822,19,,,1,63,,6833,19,,,1,38,,6824,19,,,1,79,,6827,19,,,1,30,,6830,19,,,1,68,,6835,19,,,1,99,,6836,19,,,1,100,,6828,19,,,1,100,,6829,19,,,1,100,,6831,19,,,1,100,,6832,19,,,1,103,,6834,19,,,1
2703,'DIM',906,,7609,19,,,2,100,,7612,19,,,2,98,,7614,19,,,2,102,,7608,19,,,2,95,,7616,19,,,2,106,,7611,19,,,2,101,,7613,19,,,2,100,,7610,19,,,2,100,,7615,19,,,2,100,,7602,19,,,2,100,,7604,19,,,2,98,,7603,19,,,2,100,,7607,19,,,2,100,,7601,19,,,2,102,,7600,19,,,2,100,,7605,19,,,2,100,,7606,19,,,2
2703,'SAM',706,,7626,19,,,2,100,,7627,19,,,2,100,,7625,19,,,2,100,,7635,19,,,2,100,,7629,19,,,2,100,,7632,19,,,2,94,,7628,19,,,2,107,,7630,19,,,2,102,,7631,19,,,2,99,,7624,19,,,2,94,,7633,19,,,2,106,,7634,19,,,2,100,,7619,19,,,2,98,,7622,19,,,2,100,,7617,19,,,2,100,,7618,19,,,2,102,,7620,19,,,2,100,,7621,19,,,2,100,,7623,19,,,2
2703,'SEM',812,,7653,19,,,2,90,,7638,19,,,2,100,,7644,19,,,2,100,,7637,19,,,2,99,,7655,19,,,2,51,,7652,19,,,2,103,,7656,19,,,2,100,,7641,19,,,2,81,,7639,19,,,2,82,,7654,19,,,2,15,,7636,19,,,2,70,,7643,19,,,2,39,,7640,19,,,2,65,,7651,19,,,2,96,,7647,19,,,2,47,,7650,19,,,2,103,,7646,19,,,2,102,,7642,19,,,2,99,,7645,19,,,2,100,,7648,19,,,2,100,,7649,19,,,2
3103,'DIM',642,,7731,21,,,1,99,,7730,21,,,1,99,,1058,21,,,1,99,,7735,21,,,1,99,,7734,21,,,1,100,,7732,21,,,1,102,,7721,21,,,1,101,,7733,21,,,1,99,,7720,21,,,1,102,,7719,21,,,1,99,,7724,21,,,1,98,,7726,21,,,1,103,,7725,21,,,1,97,,7727,21,,,1,101,,7723,21,,,1,100,,7722,21,,,1,100,,7728,21,,,1,101,,7729,21,,,1
3103,'SAM',642,,7748,21,,,1,99,,7747,21,,,1,99,,1075,21,,,1,99,,7752,21,,,1,99,,7753,21,,,1,100,,7749,21,,,1,100,,7745,21,,,1,102,,7750,21,,,1,100,,7746,21,,,1,102,,7751,21,,,1,100,,7740,21,,,1,98,,7742,21,,,1,100,,7738,21,,,1,100,,7743,21,,,1,100,,7736,21,,,1,100,,7737,21,,,1,100,,7739,21,,,1,102,,7741,21,,,1,95,,7744,21,,,1
3103,'SEM',637,,7775,21,,,1,99,,7773,21,,,1,100,,7774,21,,,1,101,,7754,21,,,1,101,,7755,21,,,1,100,,7757,21,,,1,100,,7776,21,,,1,100,,7756,21,,,1,101,,7761,21,,,1,98,,7762,21,,,1,11,,7763,21,,,1,77,,7758,21,,,1,29,,7767,21,,,1,80,,7764,21,,,1,69,,7760,21,,,1,36,,7772,21,,,1,69,,7759,21,,,1,36,,7771,21,,,1,100,,7765,21,,,1,101,,7768,21,,,1,100,,7769,21,,,1,98,,7766,21,,,1,114,,7770,21,,,1
3903,'DIM',838,,1407,18,,,1,100,,8065,28,,,1,70,,8070,28,,,1,31,,8071,28,,,1,70,,8068,28,,,1,34,,8069,28,,,1,66,,8072,28,,,1,29,,8062,28,,,1,71,,8066,28,,,1,30,,8063,28,,,1,70,,8049,28,,,1,30,,8052,28,,,1,72,,8055,28,,,1,30,,8067,28,,,1,71,,8056,28,,,1,31,,8057,28,,,1,65,,8058,28,,,1,18,,8064,28,,,1,10,,8059,28,,,1,64,,8053,28,,,1,25,,8060,28,,,1,99,,8050,28,,,1,100,,8061,28,,,1,98,,8051,28,,,1,104,,8054,28,,,1
3903,'SAM',838,,8097,18,,,1,100,,8092,28,,,1,70,,8096,28,,,1,31,,8073,28,,,1,70,,8087,28,,,1,34,,8090,28,,,1,66,,8089,28,,,1,30,,8074,28,,,1,70,,8088,28,,,1,30,,8091,28,,,1,70,,8075,28,,,1,30,,8094,28,,,1,72,,8078,28,,,1,30,,8079,28,,,1,71,,8081,28,,,1,31,,8095,28,,,1,65,,8082,28,,,1,18,,8093,28,,,1,11,,8080,28,,,1,63,,8077,28,,,1,29,,8076,28,,,1,97,,8084,28,,,1,98,,8083,28,,,1,98,,8086,28,,,1,104,,8085,28,,,1
3903,'SEM',730,,8120,28,,,1,100,,8102,28,,,1,104,,8100,28,,,1,73,,8104,28,,,1,29,,8121,28,,,1,71,,8122,28,,,1,29,,8115,28,,,1,71,,8119,28,,,1,27,,8123,28,,,1,78,,8099,28,,,1,33,,8106,28,,,1,67,,8108,28,,,1,31,,8109,28,,,1,75,,8098,28,,,1,38,,8116,28,,,1,63,,8110,28,,,1,28,,8101,28,,,1,65,,8103,28,,,1,33,,8111,28,,,1,80,,8112,28,,,1,79,,8105,28,,,1,98,,8107,28,,,1,55,,8113,28,,,1,143,,8117,28,,,1,57,,8114,28,,,1,88,,8118,28,,,1
7303,'DIM',657,,10582,19,,,1,99,,10579,19,,,1,100,,10580,19,,,1,98,,10583,19,,,1,100,,10586,19,,,1,100,,10581,19,,,1,100,,10584,19,,,1,102,,10578,19,,,1,99,,10585,19,,,1,102,,10587,19,,,1,99,,10572,19,,,1,99,,10569,19,,,1,101,,10575,19,,,1,99,,10571,19,,,1,100,,10570,19,,,1,100,,10573,19,,,1,100,,10574,19,,,1,102,,10577,19,,,1,145,,10576,19,,,1
7303,'SAM',603,,10601,19,,,1,54,,10598,19,,,1,99,,10597,19,,,1,100,,10602,19,,,1,98,,10604,19,,,1,101,,10600,19,,,1,99,,10591,19,,,1,100,,10603,19,,,1,102,,10599,19,,,1,99,,10605,19,,,1,102,,10606,19,,,1,101,,10590,19,,,1,98,,10588,19,,,1,99,,10589,19,,,1,100,,10593,19,,,1,100,,10592,19,,,1,100,,4040,19,,,1,100,,10594,19,,,1,102,,4041,19,,,1,145,,10595,19,,,1,100,,4042,19,,,1,100,,10596,19,,,1
7303,'SEM',550,,10643,19,,,1,66,,10640,19,,,1,38,,10639,19,,,1,50,,10644,19,,,1,39,,10633,19,,,1,16,,10609,19,,,1,83,,10641,19,,,1,12,,10608,19,,,1,70,,10626,19,,,1,31,,10642,19,,,1,69,,10610,19,,,1,31,,10615,19,,,1,69,,10625,19,,,1,32,,10616,19,,,1,69,,10645,19,,,1,30,,10611,19,,,1,70,,10614,19,,,1,30,,10620,19,,,1,70,,10607,19,,,1,30,,10617,19,,,1,75,,10646,19,,,1,25,,10627,19,,,1,55,,10619,19,,,1,21,,10612,19,,,1,16,,10613,19,,,1,63,,10623,19,,,1,16,,10621,19,,,1,30,,10634,19,,,1,55,,10622,19,,,1,16,,10618,19,,,1,32,,10628,19,,,1,70,,10631,19,,,1,72,,10624,19,,,1,99,,10636,19,,,1,100,,10629,19,,,1,100,,10635,19,,,1,100,,10630,19,,,1,41,,10632,19,,,1,95,,10637,19,,,1,121,,10638,19,,,1
7401,'DIM',727,,10736,19,,,2,99,,10737,19,,,2,101,,10740,19,,,2,97,,10739,19,,,2,101,,10741,19,,,2,100,,10738,19,,,2,101,,10735,19,,,2,99,,10734,19,,,2,102,,10742,19,,,2,99,,10728,19,,,2,102,,10729,19,,,2,99,,10731,19,,,2,99,,10732,19,,,2,99,,10733,19,,,2,101,,10727,19,,,2,99,,10726,19,,,2,101,,10730,19,,,2
7401,'SAM',727,,10751,19,,,2,99,,10753,19,,,2,101,,10752,19,,,2,98,,10755,19,,,2,100,,10757,19,,,2,100,,10759,19,,,2,102,,10754,19,,,2,98,,10758,19,,,2,101,,10756,19,,,2,100,,10743,19,,,2,101,,10746,19,,,2,101,,10748,19,,,2,99,,10747,19,,,2,98,,10749,19,,,2,101,,10744,19,,,2,99,,10750,19,,,2,101,,10745,19,,,2
7401,'SEM',629,,10776,19,,,2,95,,10760,19,,,2,101,,10775,19,,,2,103,,10764,19,,,2,101,,10765,19,,,2,101,,10779,19,,,2,99,,10763,19,,,2,101,,10778,19,,,2,100,,10777,19,,,2,93,,10762,19,,,2,94,,10766,19,,,2,101,,10761,19,,,2,30,,10768,19,,,2,84,,10774,19,,,2,99,,10767,19,,,2,101,,10770,19,,,2,100,,10771,19,,,2,100,,10769,19,,,2,100,,10772,19,,,2,95,,10773,19,,,2
