2202,'DIM',724,,7078,30,,,2,100,,7077,30,,,2,100,,7076,30,,,2,100,,6315,30,,,2,101,,7079,30,,,2,100,,7081,30,,,2,96,,7080,30,,,2,106,,7075,30,,,2,98,,7069,30,,,2,114,,7082,30,,,2,88,,7071,30,,,2,100,,7072,30,,,2,98,,7074,30,,,2,101,,7073,30,,,2,100,,7068,30,,,2,100,,7070,30,,,2
2202,'SAM',626,,7099,14,,,2,98,,7093,30,,,2,100,,7090,30,,,2,100,,7089,30,,,2,98,,7095,30,,,2,103,,7094,30,,,2,100,,7092,30,,,2,96,,7098,30,,,2,104,,7091,30,,,2,100,,7097,30,,,2,112,,7096,30,,,2,90,,7084,30,,,2,100,,7086,30,,,2,98,,7083,30,,,2,101,,7085,30,,,2,100,,7088,30,,,2,100,,7087,30,,,2
2202,'SEM',601,,6230,30,,,2,18,,7111,30,,,2,105,,7118,30,,,2,31,,7108,30,,,2,70,,7100,30,,,2,98,,7102,30,,,2,31,,7101,30,,,2,69,,7119,30,,,2,101,,7106,30,,,2,100,,7117,30,,,2,100,,7120,30,,,2,102,,7105,30,,,2,100,,7107,30,,,2,102,,7103,30,,,2,24,,7104,30,,,2,75,,7110,30,,,2,99,,7109,30,,,2,100,,7116,30,,,2,101,,7115,30,,,2,98,,7113,30,,,2,107,,7112,30,,,2,96,,7114,30,,,2
5002,'DIM',603,,9269,7,,,1,100,,2653,7,,,1,100,,9252,7,,,1,56,,9267,7,,,1,147,,9260,7,,,1,25,,9270,7,,,1,77,,9262,7,,,1,24,,9274,7,,,1,79,,9272,7,,,1,22,,9273,7,,,1,75,,9275,7,,,1,29,,9261,7,,,1,72,,9263,7,,,1,36,,9276,7,,,1,69,,9265,7,,,1,34,,9264,7,,,1,70,,9271,7,,,1,26,,9268,7,,,1,71,,9266,7,,,1,100,,9254,7,,,1,99,,9256,7,,,1,99,,9259,7,,,1,99,,9253,7,,,1,98,,9257,7,,,1,98,,9255,7,,,1,100,,9258,7,,,1
5002,'SAM',603,,9284,7,,,1,100,,9287,7,,,1,100,,9278,7,,,1,99,,9299,7,,,1,104,,9298,7,,,1,25,,9297,7,,,1,76,,9295,7,,,1,25,,9279,7,,,1,79,,9302,7,,,1,22,,9301,7,,,1,75,,9280,7,,,1,29,,9291,7,,,1,72,,9293,7,,,1,36,,9296,7,,,1,69,,9292,7,,,1,34,,9294,7,,,1,70,,9282,7,,,1,26,,9283,7,,,1,71,,9277,7,,,1,100,,9300,7,,,1,99,,9288,7,,,1,99,,9290,7,,,1,99,,9289,7,,,1,98,,9285,7,,,1,98,,9281,7,,,1,100,,9286,7,,,1
5002,'SEM',451,,9309,7,,,1,75,,9332,7,,,1,30,,9328,7,,,1,70,,9303,7,,,1,75,,9336,7,,,1,31,,9329,7,,,1,24,,9304,7,,,1,75,,9322,7,,,1,26,,9307,7,,,1,71,,9334,7,,,1,26,,9335,7,,,1,73,,9331,7,,,1,27,,9306,7,,,1,73,,9310,7,,,1,28,,9330,7,,,1,72,,9318,7,,,1,32,,9333,7,,,1,70,,9311,7,,,1,30,,9314,7,,,1,81,,9305,7,,,1,67,,9315,7,,,1,37,,9308,7,,,1,72,,9323,7,,,1,31,,9312,7,,,1,70,,9313,7,,,1,30,,9321,7,,,1,70,,9316,7,,,1,30,,9320,7,,,1,105,,9324,7,,,1,105,,9319,7,,,1,101,,9317,7,,,1,150,,9326,7,,,1,105,,9325,7,,,1,98,,9327,7,,,1
5802,'DIM',602,,9712,7,,,2,100,,9719,7,,,2,51,,9716,7,,,2,100,,9720,7,,,2,100,,9723,7,,,2,99,,9715,7,,,2,101,,9725,7,,,2,100,,9722,7,,,2,101,,9718,7,,,2,99,,9721,7,,,2,101,,9717,7,,,2,99,,9711,7,,,2,101,,9724,7,,,2,101,,9708,7,,,2,100,,9714,7,,,2,99,,9710,7,,,2,99,,9709,7,,,2,99,,9713,7,,,2
5802,'SAM',602,,9743,7,,,2,100,,9735,7,,,2,51,,9734,7,,,2,100,,9739,7,,,2,100,,9737,7,,,2,99,,9740,7,,,2,101,,9742,7,,,2,100,,9726,7,,,2,98,,9733,7,,,2,101,,9738,7,,,2,101,,9736,7,,,2,101,,9741,7,,,2,100,,9728,7,,,2,101,,9731,7,,,2,100,,9727,7,,,2,99,,9732,7,,,2,99,,9729,7,,,2,99,,9730,7,,,2
5802,'SEM',521,,9762,7,,,2,34,,9755,7,,,2,62,,9754,7,,,2,39,,9763,7,,,2,75,,9765,7,,,2,69,,9747,7,,,2,33,,9746,7,,,2,83,,9750,7,,,2,99,,9766,7,,,2,100,,9744,7,,,2,100,,9751,7,,,2,100,,9764,7,,,2,101,,9745,7,,,2,25,,9748,7,,,2,69,,9752,7,,,2,102,,9758,7,,,2,33,,9749,7,,,2,94,,9753,7,,,2,96,,9760,7,,,2,100,,9759,7,,,2,100,,9761,7,,,2,98,,9757,7,,,2,99,,9756,7,,,2
22202,'DIM',1438,,4994,19,,,2
22202,'SAM',1438,,11491,19,,,2,898,,11489,19,,,2,100,,11490,19,,,2
22202,'SEM',538,,11498,19,,,2,119,,11493,19,,,2,81,,11494,19,,,2,767,,11497,19,,,2,35,,11492,19,,,2,703,,11495,19,,,2,65,,11496,19,,,2
32202,'SAM',2551,,11601,13,,,2
32202,'SEM',2420,,11602,13,,,2,84,,11603,13,,,2
