4202,'DIM',502,,8490,57,,,2,41,,8531,57,,,2,65,,8501,57,,,2,30,,8489,57,,,2,70,,8513,57,,,2,29,,8511,57,,,2,70,,8532,57,,,2,31,,8516,57,,,2,71,,8512,57,,,2,31,,8520,57,,,2,71,,8524,57,,,2,23,,8530,57,,,2,22,,8526,57,,,2,61,,8517,57,,,2,22,,8522,57,,,2,19,,8518,57,,,2,60,,8521,57,,,2,18,,8506,57,,,2,23,,8509,57,,,2,60,,8508,57,,,2,22,,8510,57,,,2,59,,8515,57,,,2,20,,8514,57,,,2,18,,8534,57,,,2,62,,8527,57,,,2,21,,8523,57,,,2,21,,8519,57,,,2,61,,8529,57,,,2,20,,8494,57,,,2,20,,8495,57,,,2,61,,8496,57,,,2,23,,8528,57,,,2,76,,8525,57,,,2,35,,8533,57,,,2,69,,8505,57,,,2,30,,8492,57,,,2,72,,8491,57,,,2,30,,8500,57,,,2,70,,8488,57,,,2,28,,8497,57,,,2,68,,8507,57,,,2,29,,8493,57,,,2,71,,8499,57,,,2,30,,8503,57,,,2,68,,8504,57,,,2,30,,8498,57,,,2,77,,8502,57,,,2
4202,'SAM',502,,8537,57,,,2,41,,8539,57,,,2,65,,8557,57,,,2,30,,8535,57,,,2,70,,8565,57,,,2,29,,8563,57,,,2,70,,8540,57,,,2,31,,8571,57,,,2,71,,8567,57,,,2,31,,8566,57,,,2,71,,8570,57,,,2,23,,8582,57,,,2,22,,8576,57,,,2,61,,8580,57,,,2,21,,8575,57,,,2,20,,8578,57,,,2,60,,8560,57,,,2,18,,8573,57,,,2,22,,8564,57,,,2,61,,8556,57,,,2,21,,8562,57,,,2,60,,8536,57,,,2,20,,8569,57,,,2,18,,8568,57,,,2,62,,8561,57,,,2,21,,8572,57,,,2,21,,8538,57,,,2,60,,8574,57,,,2,20,,8577,57,,,2,21,,8543,57,,,2,61,,8579,57,,,2,23,,8581,57,,,2,75,,8549,57,,,2,35,,8551,57,,,2,70,,8553,57,,,2,30,,8555,57,,,2,75,,8541,57,,,2,27,,8544,57,,,2,70,,8558,57,,,2,28,,8546,57,,,2,68,,8548,57,,,2,32,,8542,57,,,2,67,,8545,57,,,2,30,,8547,57,,,2,69,,8550,57,,,2,30,,8552,57,,,2,77,,8554,57,,,2,30,,8559,57,,,2
4202,'SEM',500,,8625,57,,,2,57,,8627,57,,,2,72,,8631,57,,,2,16,,8634,57,,,2,55,,8583,57,,,2,10,,8585,57,,,2,11,,8588,57,,,2,9,,8591,57,,,2,10,,8633,57,,,2,11,,8630,57,,,2,60,,8586,57,,,2,18,,8601,57,,,2,21,,8587,57,,,2,62,,8635,57,,,2,22,,8632,57,,,2,19,,8589,57,,,2,61,,8626,57,,,2,20,,8584,57,,,2,19,,8629,57,,,2,61,,8593,57,,,2,20,,8618,57,,,2,21,,8628,57,,,2,64,,8595,57,,,2,16,,8615,57,,,2,24,,8597,57,,,2,60,,8599,57,,,2,20,,8600,57,,,2,63,,8592,57,,,2,16,,8602,57,,,2,21,,8603,57,,,2,20,,8604,57,,,2,61,,8590,57,,,2,21,,8606,57,,,2,60,,8636,57,,,2,20,,8609,57,,,2,20,,8610,57,,,2,60,,8611,57,,,2,22,,8613,57,,,2,18,,8594,57,,,2,64,,8616,57,,,2,20,,8596,57,,,2,23,,8605,57,,,2,64,,8598,57,,,2,19,,8622,57,,,2,71,,8624,57,,,2,45,,8621,57,,,2,76,,8623,57,,,2,29,,8607,57,,,2,69,,8608,57,,,2,30,,8612,57,,,2,66,,8614,57,,,2,37,,8620,57,,,2,67,,8617,57,,,2,32,,8619,57,,,2
5202,'DIM',643,,9405,101,,,2,111,,9400,101,,,2,100,,9401,101,,,2,100,,9402,101,,,2,98,,9407,101,,,2,102,,9406,101,,,2,99,,9403,101,,,2,101,,9399,101,,,2,102,,9404,101,,,2,96,,9398,101,,,2,105,,9408,101,,,2,100,,9396,101,,,2,99,,9409,101,,,2,100,,9393,101,,,2,98,,9394,101,,,2,100,,9395,101,,,2,100,,9397,101,,,2
5202,'SAM',643,,9421,101,,,2,111,,9417,101,,,2,100,,9420,101,,,2,100,,9416,101,,,2,99,,9418,101,,,2,101,,9426,101,,,2,99,,9424,101,,,2,102,,9425,101,,,2,102,,9422,101,,,2,100,,9419,101,,,2,97,,9423,101,,,2,103,,9413,101,,,2,100,,9414,101,,,2,99,,9415,101,,,2,98,,9410,101,,,2,100,,9411,101,,,2,100,,9412,101,,,2
5202,'SEM',607,,9437,101,,,2,52,,9445,101,,,2,65,,9428,101,,,2,31,,9441,101,,,2,103,,9438,101,,,2,100,,9439,101,,,2,100,,9440,101,,,2,97,,9427,101,,,2,103,,9442,101,,,2,100,,9444,101,,,2,101,,9443,101,,,2,141,,9429,101,,,2,59,,9430,101,,,2,100,,9431,101,,,2,99,,9436,101,,,2,100,,9435,101,,,2,101,,9432,101,,,2,100,,9433,101,,,2,96,,9434,101,,,2
5802,'DIM',610,,9712,21,,,2,100,,9719,21,,,2,91,,9716,21,,,2,100,,9720,21,,,2,100,,9723,21,,,2,99,,9715,21,,,2,101,,9725,21,,,2,100,,9722,21,,,2,101,,9718,21,,,2,99,,9721,21,,,2,101,,9717,21,,,2,99,,9711,21,,,2,101,,9724,21,,,2,101,,9708,21,,,2,100,,9714,21,,,2,99,,9710,21,,,2,99,,9709,21,,,2,58,,9713,21,,,2
5802,'SAM',610,,9743,21,,,2,100,,9735,21,,,2,91,,9734,21,,,2,100,,9739,21,,,2,100,,9737,21,,,2,99,,9740,21,,,2,101,,9742,21,,,2,100,,9726,21,,,2,58,,9733,21,,,2,141,,9738,21,,,2,101,,9736,21,,,2,101,,9741,21,,,2,100,,9728,21,,,2,101,,9731,21,,,2,100,,9727,21,,,2,99,,9732,21,,,2,99,,9729,21,,,2,58,,9730,21,,,2
5802,'SEM',528,,9762,21,,,2,74,,9755,21,,,2,22,,9754,21,,,2,80,,9763,21,,,2,35,,9765,21,,,2,69,,9747,21,,,2,33,,9746,21,,,2,83,,9750,21,,,2,99,,9766,21,,,2,100,,9744,21,,,2,100,,9751,21,,,2,100,,9764,21,,,2,101,,9745,21,,,2,25,,9748,21,,,2,69,,9752,21,,,2,102,,9758,21,,,2,33,,9749,21,,,2,94,,9753,21,,,2,96,,9760,21,,,2,100,,9759,21,,,2,100,,9761,21,,,2,98,,9757,21,,,2,99,,9756,21,,,2
25202,'SEM',537,,11503,53,,,2,99,,11505,53,,,2,181,,11504,53,,,2
