2201,'DIM',646,,7023,47,,,2,101,,7027,47,,,2,104,,7026,47,,,2,99,,7025,47,,,2,101,,7022,47,,,2,99,,7024,47,,,2,101,,7029,47,,,2,102,,7031,47,,,2,96,,7028,47,,,2,105,,7030,47,,,2,100,,7016,47,,,2,100,,7018,47,,,2,97,,7017,47,,,2,101,,7020,47,,,2,100,,7019,47,,,2,100,,7021,47,,,2
2201,'SAM',646,,7040,47,,,2,101,,7042,47,,,2,104,,7039,47,,,2,99,,7041,47,,,2,102,,7044,47,,,2,99,,7048,47,,,2,101,,7047,47,,,2,101,,7043,47,,,2,96,,7045,47,,,2,102,,7046,47,,,2,103,,7033,47,,,2,101,,7036,47,,,2,96,,7034,47,,,2,101,,7032,47,,,2,100,,7038,47,,,2,100,,7037,47,,,2,100,,7035,47,,,2
2201,'SEM',643,,7064,47,,,2,100,,7052,47,,,2,93,,7050,47,,,2,80,,7049,47,,,2,34,,7066,47,,,2,101,,7051,47,,,2,100,,7065,47,,,2,100,,7067,47,,,2,100,,7054,47,,,2,96,,7055,47,,,2,105,,7053,47,,,2,100,,7059,47,,,2,100,,7057,47,,,2,99,,7056,47,,,2,98,,7058,47,,,2,104,,7062,47,,,2,100,,7060,47,,,2,95,,7061,47,,,2,98,,7063,47,,,2
5001,'DIM',548,,9169,54,,,1,100,,9177,54,,,1,101,,9165,54,,,1,98,,9182,54,,,1,101,,9174,54,,,1,73,,9184,54,,,1,37,,9176,54,,,1,64,,9189,54,,,1,79,,9187,54,,,1,22,,9188,54,,,1,35,,9190,54,,,1,69,,9175,54,,,1,32,,9178,54,,,1,76,,9191,54,,,1,69,,9180,54,,,1,34,,9179,54,,,1,70,,9185,54,,,1,23,,9183,54,,,1,74,,9181,54,,,1,41,,9186,54,,,1,58,,9167,54,,,1,99,,9170,54,,,1,98,,9173,54,,,1,100,,9166,54,,,1,99,,9171,54,,,1,58,,9168,54,,,1,100,,9172,54,,,1
5001,'SAM',548,,9199,54,,,1,100,,9202,54,,,1,101,,9193,54,,,1,98,,9214,54,,,1,101,,9212,54,,,1,79,,9217,54,,,1,30,,9210,54,,,1,65,,9194,54,,,1,79,,9218,54,,,1,22,,9216,54,,,1,35,,9195,54,,,1,69,,9206,54,,,1,32,,9208,54,,,1,76,,9211,54,,,1,69,,9207,54,,,1,34,,9209,54,,,1,70,,9197,54,,,1,23,,9198,54,,,1,74,,9192,54,,,1,39,,9213,54,,,1,61,,9215,54,,,1,98,,9203,54,,,1,98,,9205,54,,,1,100,,9204,54,,,1,99,,9200,54,,,1,58,,9196,54,,,1,100,,9201,54,,,1
5001,'SEM',540,,9241,54,,,1,107,,9246,54,,,1,76,,9242,54,,,1,24,,9220,54,,,1,77,,9219,54,,,1,24,,9222,54,,,1,71,,9249,54,,,1,26,,9250,54,,,1,73,,9245,54,,,1,27,,9221,54,,,1,73,,9225,54,,,1,28,,9244,54,,,1,72,,9231,54,,,1,32,,9247,54,,,1,70,,9226,54,,,1,32,,9243,54,,,1,68,,9248,54,,,1,30,,9224,54,,,1,84,,9223,54,,,1,67,,9235,54,,,1,36,,9227,54,,,1,70,,9228,54,,,1,29,,9234,54,,,1,66,,9229,54,,,1,35,,9233,54,,,1,69,,9236,54,,,1,35,,9237,54,,,1,104,,9232,54,,,1,103,,9230,54,,,1,103,,9239,54,,,1,105,,9238,54,,,1,146,,9240,54,,,1,49,,9251,44,,,1
5801,'DIM',549,,9661,62,,,2,101,,9643,62,,,2,91,,9652,62,,,2,101,,9655,62,,,2,99,,9658,62,,,2,100,,9651,62,,,2,102,,9660,62,,,2,98,,9657,62,,,2,103,,9654,62,,,2,99,,9656,62,,,2,102,,9653,62,,,2,99,,9646,62,,,2,101,,9659,62,,,2,99,,9642,62,,,2,99,,9650,62,,,2,99,,9645,62,,,2,100,,9644,62,,,2,100,,9648,62,,,2,98,,9647,62,,,2,110,,9649,62,,,2
5801,'SAM',549,,9681,62,,,2,101,,9673,62,,,2,91,,9672,62,,,2,101,,9677,62,,,2,100,,9675,62,,,2,99,,9678,62,,,2,102,,9680,62,,,2,98,,9662,62,,,2,101,,9671,62,,,2,101,,9676,62,,,2,101,,9674,62,,,2,101,,9679,62,,,2,100,,9665,62,,,2,100,,9669,62,,,2,98,,9663,62,,,2,99,,9670,62,,,2,100,,9666,62,,,2,100,,9668,62,,,2,98,,9664,62,,,2,110,,9667,62,,,2
5801,'SEM',540,,9695,62,,,2,68,,9692,62,,,2,42,,9705,62,,,2,86,,9693,62,,,2,86,,9699,62,,,2,85,,9686,62,,,2,99,,9706,62,,,2,100,,9682,62,,,2,100,,9687,62,,,2,100,,9704,62,,,2,100,,9683,62,,,2,47,,9694,62,,,2,71,,9684,62,,,2,32,,9707,62,,,2,69,,9689,62,,,2,75,,9691,62,,,2,29,,9690,62,,,2,27,,9685,62,,,2,69,,9703,62,,,2,29,,9688,62,,,2,70,,9701,62,,,2,100,,9702,62,,,2,99,,9697,62,,,2,99,,9696,62,,,2,98,,9698,62,,,2,98,,9700,62,,,2
22201,'DIM',1419,,11475,47,,,2,815,,11473,47,,,2,83,,11474,47,,,2
22201,'SAM',1419,,11480,47,,,2,815,,11476,47,,,2,83,,11477,47,,,2,100,,11479,47,,,2,112,,11478,47,,,2
22201,'SEM',722,,11481,47,,,2,10,,11482,47,,,2,683,,11483,47,,,2,100,,11484,47,,,2,106,,11488,47,,,2,100,,11486,47,,,2,90,,11485,47,,,2,625,,11487,47,,,2
