2402,'DIM',707,,7225,2,,,1,103,,7227,2,,,1,99,,7216,2,,,1,98,,7226,2,,,1,34,,7231,2,,,1,68,,7233,2,,,1,31,,7211,2,,,1,72,,7232,2,,,1,30,,7224,2,,,1,70,,7210,2,,,1,30,,7230,2,,,1,74,,7228,2,,,1,26,,7213,2,,,1,65,,7234,2,,,1,35,,7229,2,,,1,69,,7214,2,,,1,31,,7217,2,,,1,71,,7212,2,,,1,29,,7235,2,,,1,70,,7218,2,,,1,100,,7209,2,,,1,100,,7222,2,,,1,100,,7219,2,,,1,100,,7215,2,,,1,94,,7223,2,,,1,100,,7221,2,,,1,105,,7220,2,,,1
2402,'SAM',611,,7260,2,,,1,96,,7250,2,,,1,103,,7253,2,,,1,99,,7252,2,,,1,98,,7259,2,,,1,34,,7255,2,,,1,68,,7262,2,,,1,31,,7248,2,,,1,72,,7258,2,,,1,29,,7251,2,,,1,71,,7261,2,,,1,30,,7236,2,,,1,74,,7254,2,,,1,26,,7256,2,,,1,65,,7249,2,,,1,35,,7238,2,,,1,76,,7263,2,,,1,24,,7237,2,,,1,71,,7240,2,,,1,29,,7257,2,,,1,70,,7244,2,,,1,100,,7246,2,,,1,100,,7241,2,,,1,100,,7239,2,,,1,100,,7245,2,,,1,94,,7243,2,,,1,100,,7247,2,,,1,105,,7242,2,,,1
2402,'SEM',536,,7291,2,,,1,81,,7284,2,,,1,39,,7267,2,,,1,60,,7299,2,,,1,26,,7293,2,,,1,64,,7295,2,,,1,31,,7300,2,,,1,70,,7264,2,,,1,30,,7296,2,,,1,70,,7298,2,,,1,30,,7290,2,,,1,70,,7266,2,,,1,30,,7294,2,,,1,70,,7265,2,,,1,30,,7292,2,,,1,70,,7297,2,,,1,30,,7274,2,,,1,71,,7269,2,,,1,29,,7268,2,,,1,70,,7270,2,,,1,30,,7279,2,,,1,75,,7271,2,,,1,11,,7276,2,,,1,19,,7277,2,,,1,60,,7283,2,,,1,24,,7273,2,,,1,16,,7272,2,,,1,60,,7282,2,,,1,20,,7278,2,,,1,25,,7275,2,,,1,84,,7287,2,,,1,100,,7289,2,,,1,100,,7280,2,,,1,100,,7281,2,,,1,105,,7285,2,,,1,104,,7286,2,,,1,89,,7288,2,,,1
3303,'DIM',641,,7843,2,,,1,170,,7847,2,,,1,130,,7845,2,,,1,172,,7842,2,,,1,128,,7844,2,,,1,170,,7839,2,,,1,130,,7846,2,,,1,173,,7848,2,,,1,127,,7849,2,,,1,170,,7841,2,,,1,130,,7840,2,,,1
3303,'SAM',641,,7853,2,,,1,170,,7854,2,,,1,130,,7856,2,,,1,172,,7857,2,,,1,128,,7858,2,,,1,170,,7855,2,,,1,130,,7860,2,,,1,176,,7859,2,,,1,124,,7851,2,,,1,170,,7852,2,,,1,130,,7850,2,,,1
3303,'SEM',607,,7872,2,,,1,97,,7873,2,,,1,34,,7862,2,,,1,66,,7880,2,,,1,100,,7879,2,,,1,100,,7874,2,,,1,100,,7877,2,,,1,54,,7865,2,,,1,146,,7876,2,,,1,100,,7861,2,,,1,47,,7878,2,,,1,73,,7881,2,,,1,26,,7875,2,,,1,99,,7863,2,,,1,68,,7864,2,,,1,34,,7870,2,,,1,81,,7866,2,,,1,71,,7868,2,,,1,103,,7867,2,,,1,105,,7871,2,,,1,105,,7869,2,,,1
3703,'DIM',623,,7950,2,,,2,35,,7951,2,,,2,100,,7949,2,,,2,100,,7948,2,,,2,100,,7956,2,,,2,100,,7955,2,,,2,100,,7945,2,,,2,100,,7946,2,,,2,145,,7957,2,,,2,56,,7953,2,,,2,99,,7954,2,,,2,100,,7952,2,,,2,90,,7947,2,,,2
3703,'SAM',623,,1290,2,,,2,35,,7963,2,,,2,100,,7960,2,,,2,100,,7964,2,,,2,100,,7967,2,,,2,100,,7965,2,,,2,100,,7968,2,,,2,101,,7961,2,,,2,99,,7959,2,,,2,142,,7962,2,,,2,59,,7958,2,,,2,99,,7966,2,,,2,90,,7969,2,,,2
3703,'SEM',543,,7986,2,,,2,15,,7974,2,,,2,55,,1324,2,,,2,15,,7985,2,,,2,14,,7990,2,,,2,16,,7994,2,,,2,60,,7971,2,,,2,36,,7975,2,,,2,78,,7989,2,,,2,69,,7995,2,,,2,100,,7973,2,,,2,100,,7992,2,,,2,100,,7976,2,,,2,100,,7987,2,,,2,100,,7993,2,,,2,42,,7991,2,,,2,60,,7972,2,,,2,26,,7988,2,,,2,72,,7970,2,,,2,33,,7996,2,,,2,102,,7977,2,,,2,99,,7983,2,,,2,103,,7978,2,,,2,100,,7982,2,,,2,100,,7984,2,,,2,100,,7979,2,,,2,97,,7981,2,,,2,102,,7980,2,,,2
6303,'DIM',731,,10005,2,,,1,100,,10007,2,,,1,101,,9998,2,,,1,96,,10006,2,,,1,103,,10010,2,,,1,95,,10008,2,,,1,103,,10011,2,,,1,103,,10009,2,,,1,101,,10012,2,,,1,100,,10013,2,,,1,101,,9999,2,,,1,98,,9995,2,,,1,99,,9996,2,,,1,100,,10001,2,,,1,100,,9997,2,,,1,100,,10002,2,,,1,100,,10000,2,,,1,100,,10003,2,,,1,100,,10004,2,,,1
6303,'SAM',631,,10027,2,,,1,100,,10031,2,,,1,100,,10028,2,,,1,101,,10026,2,,,1,96,,10030,2,,,1,103,,10029,2,,,1,95,,10033,2,,,1,103,,10032,2,,,1,103,,10014,2,,,1,103,,10015,2,,,1,98,,10016,2,,,1,101,,10018,2,,,1,98,,10017,2,,,1,99,,10022,2,,,1,100,,10019,2,,,1,100,,10020,2,,,1,100,,10023,2,,,1,100,,10021,2,,,1,100,,10024,2,,,1,100,,10025,2,,,1
6303,'SEM',550,,10049,2,,,1,60,,10059,2,,,1,15,,10060,2,,,1,76,,10066,2,,,1,14,,10064,2,,,1,34,,10038,2,,,1,63,,10040,2,,,1,34,,10041,2,,,1,73,,10034,2,,,1,25,,10037,2,,,1,73,,10063,2,,,1,27,,10051,2,,,1,70,,10067,2,,,1,26,,10061,2,,,1,78,,10035,2,,,1,27,,10036,2,,,1,70,,10065,2,,,1,30,,10062,2,,,1,72,,10068,2,,,1,32,,10043,2,,,1,65,,10042,2,,,1,34,,10047,2,,,1,59,,10045,2,,,1,25,,10039,2,,,1,73,,10048,2,,,1,40,,10046,2,,,1,100,,10044,2,,,1,81,,10052,2,,,1,94,,10055,2,,,1,95,,10050,2,,,1,88,,10053,2,,,1,106,,10054,2,,,1,100,,10058,2,,,1,106,,10056,2,,,1,94,,10057,2,,,1
