1704,'DIM',500,,6858,21,,,1,50,,6859,21,,,1,101,,6863,21,,,1,102,,6857,21,,,1,100,,165,21,,,1,100,,6861,21,,,1,101,,6862,21,,,1,100,,6864,21,,,1,101,,6865,21,,,1,101,,6860,21,,,1,102,,6846,21,,,1,99,,6847,21,,,1,100,,6850,21,,,1,101,,6852,21,,,1,98,,6851,21,,,1,98,,6849,21,,,1,100,,6853,21,,,1,100,,6856,21,,,1,99,,6848,21,,,1,99,,6854,21,,,1,96,,6855,21,,,1
1704,'SAM',500,,6878,21,,,1,50,,6879,21,,,1,101,,6885,21,,,1,102,,6882,21,,,1,100,,6877,21,,,1,100,,6881,21,,,1,101,,6886,21,,,1,100,,6884,21,,,1,101,,6883,21,,,1,101,,6880,21,,,1,101,,6867,21,,,1,100,,6868,21,,,1,101,,6870,21,,,1,100,,6872,21,,,1,98,,6866,21,,,1,98,,6874,21,,,1,100,,6871,21,,,1,100,,6869,21,,,1,99,,6873,21,,,1,99,,6875,21,,,1,96,,6876,21,,,1
1704,'SEM',512,,6901,21,,,1,93,,6906,21,,,1,22,,6909,21,,,1,22,,6888,21,,,1,66,,6892,21,,,1,35,,6893,21,,,1,61,,6887,21,,,1,98,,6890,21,,,1,45,,6891,21,,,1,100,,6894,21,,,1,100,,6905,21,,,1,100,,6907,21,,,1,100,,6896,21,,,1,102,,6908,21,,,1,100,,6889,21,,,1,145,,6897,21,,,1,56,,6895,21,,,1,97,,6898,21,,,1,101,,6903,21,,,1,101,,6904,21,,,1,100,,6899,21,,,1,100,,6900,21,,,1,99,,6902,21,,,1
3104,'DIM',620,,7789,31,,,1,103,,7790,31,,,1,100,,7788,31,,,1,100,,7794,31,,,1,101,,7795,31,,,1,100,,7793,31,,,1,100,,7791,31,,,1,103,,7779,31,,,1,101,,7792,31,,,1,100,,7778,31,,,1,101,,7777,31,,,1,99,,7782,31,,,1,98,,7784,31,,,1,102,,7783,31,,,1,96,,7785,31,,,1,101,,7781,31,,,1,99,,7780,31,,,1,98,,7786,31,,,1,102,,7787,31,,,1
3104,'SAM',521,,1137,31,,,1,99,,7805,31,,,1,103,,7808,31,,,1,100,,7807,31,,,1,100,,7810,31,,,1,101,,7813,31,,,1,100,,7814,31,,,1,100,,7809,31,,,1,102,,7804,31,,,1,101,,7811,31,,,1,101,,7806,31,,,1,101,,7812,31,,,1,100,,7800,31,,,1,98,,7802,31,,,1,99,,7798,31,,,1,99,,7803,31,,,1,100,,7796,31,,,1,99,,7797,31,,,1,98,,7799,31,,,1,102,,7801,31,,,1
3104,'SEM',444,,7823,31,,,1,77,,7824,31,,,1,91,,7835,31,,,1,21,,7837,31,,,1,23,,7817,31,,,1,73,,7836,31,,,1,28,,7833,31,,,1,69,,7831,31,,,1,75,,7832,31,,,1,22,,7834,31,,,1,100,,7815,31,,,1,101,,7816,31,,,1,100,,7819,31,,,1,101,,7838,31,,,1,100,,7818,31,,,1,102,,7821,31,,,1,100,,7822,31,,,1,96,,7820,31,,,1,104,,7825,31,,,1,97,,7830,31,,,1,105,,7829,31,,,1,100,,7826,31,,,1,102,,7827,31,,,1,100,,7828,31,,,1
3904,'DIM',822,,8142,21,,,1,112,,8136,21,,,1,82,,8143,21,,,1,30,,8146,21,,,1,73,,8137,21,,,1,27,,8135,21,,,1,73,,8145,21,,,1,29,,8140,21,,,1,74,,8129,21,,,1,27,,8144,21,,,1,70,,8138,21,,,1,31,,8139,21,,,1,72,,8128,21,,,1,30,,8141,21,,,1,71,,8124,21,,,1,31,,8125,21,,,1,68,,8130,21,,,1,28,,8131,21,,,1,70,,8132,21,,,1,83,,8133,21,,,1,98,,8126,21,,,1,100,,8134,21,,,1,100,,8127,21,,,1
3904,'SAM',822,,8162,21,,,1,112,,8155,21,,,1,82,,8166,21,,,1,30,,8156,21,,,1,70,,8147,21,,,1,30,,8153,21,,,1,76,,8159,21,,,1,26,,8157,21,,,1,74,,8163,21,,,1,27,,8154,21,,,1,70,,8160,21,,,1,31,,8161,21,,,1,71,,8167,21,,,1,31,,8158,21,,,1,72,,8164,21,,,1,24,,8165,21,,,1,74,,8168,21,,,1,28,,8169,21,,,1,70,,8148,21,,,1,86,,8149,21,,,1,97,,8151,21,,,1,98,,8150,21,,,1,100,,8152,21,,,1
3904,'SEM',617,,8193,21,,,1,27,,8186,21,,,1,14,,8192,21,,,1,51,,8174,21,,,1,29,,8189,21,,,1,71,,8170,21,,,1,31,,8187,21,,,1,70,,8194,21,,,1,35,,8172,21,,,1,67,,8173,21,,,1,33,,8184,21,,,1,69,,8188,21,,,1,31,,8190,21,,,1,68,,8181,21,,,1,32,,8185,21,,,1,67,,8191,21,,,1,38,,8171,21,,,1,74,,8176,21,,,1,30,,8178,21,,,1,71,,8179,21,,,1,102,,8195,21,,,1,111,,8182,21,,,1,99,,8183,21,,,1,105,,8175,21,,,1,100,,8177,21,,,1,94,,8180,21,,,1
7304,'DIM',535,,10665,49,,,1,70,,10654,49,,,1,102,,10658,49,,,1,101,,10661,49,,,1,100,,10657,49,,,1,101,,10659,49,,,1,100,,10662,49,,,1,100,,10666,49,,,1,102,,10660,49,,,1,101,,10663,49,,,1,101,,10656,49,,,1,100,,10664,49,,,1,100,,10667,49,,,1,100,,10650,49,,,1,99,,10647,49,,,1,97,,10653,49,,,1,100,,10649,49,,,1,99,,10648,49,,,1,99,,10651,49,,,1,101,,10652,49,,,1,99,,10655,49,,,1
7304,'SAM',535,,10686,49,,,1,70,,10676,49,,,1,102,,10681,49,,,1,101,,10678,49,,,1,100,,10677,49,,,1,101,,10682,49,,,1,100,,10684,49,,,1,101,,10680,49,,,1,101,,10671,49,,,1,101,,10683,49,,,1,101,,10679,49,,,1,100,,10685,49,,,1,100,,10687,49,,,1,100,,10670,49,,,1,98,,10668,49,,,1,98,,10669,49,,,1,100,,10673,49,,,1,99,,10672,49,,,1,99,,4131,49,,,1,101,,10674,49,,,1,99,,4133,49,,,1,100,,10675,49,,,1,100,,4134,49,,,1
7304,'SEM',457,,10719,49,,,1,81,,10716,49,,,1,81,,10722,49,,,1,18,,10725,49,,,1,71,,10721,49,,,1,14,,10718,49,,,1,14,,10694,49,,,1,68,,10696,49,,,1,14,,10717,49,,,1,15,,10723,49,,,1,25,,10712,49,,,1,71,,10690,49,,,1,80,,10689,49,,,1,29,,10705,49,,,1,70,,10720,49,,,1,30,,10691,49,,,1,71,,10695,49,,,1,36,,10704,49,,,1,65,,10697,49,,,1,30,,10724,49,,,1,70,,10692,49,,,1,30,,10693,49,,,1,72,,10701,49,,,1,31,,10688,49,,,1,72,,10698,49,,,1,39,,10708,49,,,1,62,,10706,49,,,1,29,,10700,49,,,1,69,,10707,49,,,1,36,,10702,49,,,1,60,,10713,49,,,1,30,,10699,49,,,1,70,,10709,49,,,1,30,,10711,49,,,1,73,,10703,49,,,1,97,,10715,49,,,1,100,,10710,49,,,1,103,,10714,49,,,1
7402,'DIM',635,,10786,62,,,2,101,,10789,62,,,2,101,,6451,62,,,2,101,,10790,62,,,2,101,,10788,62,,,2,100,,10787,62,,,2,101,,10793,62,,,2,100,,10792,62,,,2,103,,10794,62,,,2,99,,10791,62,,,2,99,,10781,62,,,2,102,,10780,62,,,2,98,,10782,62,,,2,98,,10783,62,,,2,100,,6443,62,,,2,100,,10784,62,,,2,99,,10785,62,,,2
7402,'SAM',635,,10802,62,,,2,101,,10806,62,,,2,101,,10804,62,,,2,101,,10801,62,,,2,101,,10805,62,,,2,100,,10807,62,,,2,101,,10810,62,,,2,101,,10803,62,,,2,100,,10808,62,,,2,101,,10811,62,,,2,100,,10809,62,,,2,100,,10795,62,,,2,99,,10797,62,,,2,98,,10799,62,,,2,100,,10798,62,,,2,100,,10800,62,,,2,99,,10796,62,,,2
7402,'SEM',554,,10825,62,,,2,88,,10830,62,,,2,60,,10813,62,,,2,41,,10824,62,,,2,100,,10814,62,,,2,99,,10812,62,,,2,99,,10816,62,,,2,101,,10826,62,,,2,97,,10829,62,,,2,100,,10815,62,,,2,101,,10828,62,,,2,101,,10827,62,,,2,100,,10817,62,,,2,98,,10818,62,,,2,100,,10821,62,,,2,98,,10823,62,,,2,99,,10819,62,,,2,103,,10820,62,,,2,99,,10822,62,,,2
