1704,'DIM',513,,6858,46,,,1,90,,6859,46,,,1,101,,6863,46,,,1,103,,6857,46,,,1,101,,165,46,,,1,101,,6861,46,,,1,102,,6862,46,,,1,100,,6864,46,,,1,101,,6865,46,,,1,101,,6860,46,,,1,102,,6846,46,,,1,99,,6847,46,,,1,100,,6850,46,,,1,100,,6852,46,,,1,98,,6851,46,,,1,98,,6849,46,,,1,100,,6853,46,,,1,98,,6856,46,,,1,98,,6848,46,,,1,99,,6854,46,,,1,96,,6855,46,,,1
1704,'SAM',513,,6878,46,,,1,90,,6879,46,,,1,101,,6885,46,,,1,103,,6882,46,,,1,101,,6877,46,,,1,101,,6881,46,,,1,102,,6886,46,,,1,100,,6884,46,,,1,101,,6883,46,,,1,101,,6880,46,,,1,101,,6867,46,,,1,100,,6868,46,,,1,101,,6870,46,,,1,99,,6872,46,,,1,98,,6866,46,,,1,98,,6874,46,,,1,100,,6871,46,,,1,98,,6869,46,,,1,98,,6873,46,,,1,99,,6875,46,,,1,96,,6876,46,,,1
1704,'SEM',525,,6901,46,,,1,94,,6906,46,,,1,23,,6909,46,,,1,62,,6888,46,,,1,27,,6892,46,,,1,76,,6893,46,,,1,21,,6887,46,,,1,98,,6890,46,,,1,85,,6891,46,,,1,100,,6894,46,,,1,100,,6905,46,,,1,100,,6907,46,,,1,100,,6896,46,,,1,102,,6908,46,,,1,101,,6889,46,,,1,105,,6897,46,,,1,95,,6895,46,,,1,97,,6898,46,,,1,100,,6903,46,,,1,100,,6904,46,,,1,99,,6899,46,,,1,99,,6900,46,,,1,99,,6902,46,,,1
2704,'DIM',800,,7675,51,,,2,101,,7676,51,,,2,100,,7671,51,,,2,99,,7673,51,,,2,59,,7674,51,,,2,143,,7670,51,,,2,55,,7677,51,,,2,147,,7672,51,,,2,100,,7663,51,,,2,100,,7667,51,,,2,100,,7668,51,,,2,98,,7664,51,,,2,100,,7666,51,,,2,98,,7665,51,,,2,100,,7669,51,,,2,100,,7662,51,,,2
2704,'SAM',659,,7690,51,,,2,141,,7686,51,,,2,101,,7687,51,,,2,100,,7685,51,,,2,99,,7694,51,,,2,101,,7689,51,,,2,101,,7692,51,,,2,54,,7688,51,,,2,148,,7691,51,,,2,100,,7681,51,,,2,100,,7682,51,,,2,53,,7684,51,,,2,145,,7693,51,,,2,100,,7680,51,,,2,98,,7683,51,,,2,100,,7678,51,,,2,100,,7679,51,,,2
2704,'SEM',623,,7716,51,,,2,28,,7696,51,,,2,68,,7713,51,,,2,29,,7699,51,,,2,67,,7700,51,,,2,28,,7718,51,,,2,66,,7715,51,,,2,49,,7714,51,,,2,100,,7703,51,,,2,148,,7695,51,,,2,95,,7717,51,,,2,48,,7698,51,,,2,106,,7697,51,,,2,147,,7708,51,,,2,37,,7709,51,,,2,80,,7704,51,,,2,13,,7701,51,,,2,70,,7702,51,,,2,31,,7706,51,,,2,75,,7711,51,,,2,100,,7707,51,,,2,45,,7710,51,,,2,94,,7705,51,,,2,104,,7712,51,,,2
3104,'DIM',633,,7789,56,,,1,104,,7790,56,,,1,100,,7788,56,,,1,102,,7794,56,,,1,102,,7795,56,,,1,100,,7793,56,,,1,100,,7791,56,,,1,103,,7779,56,,,1,101,,7792,56,,,1,100,,7778,56,,,1,101,,7777,56,,,1,99,,7782,56,,,1,97,,7784,56,,,1,102,,7783,56,,,1,96,,7785,56,,,1,99,,7781,56,,,1,99,,7780,56,,,1,97,,7786,56,,,1,102,,7787,56,,,1
3104,'SAM',533,,1137,56,,,1,100,,7805,56,,,1,104,,7808,56,,,1,100,,7807,56,,,1,102,,7810,56,,,1,102,,7813,56,,,1,100,,7814,56,,,1,100,,7809,56,,,1,102,,7804,56,,,1,101,,7811,56,,,1,101,,7806,56,,,1,101,,7812,56,,,1,100,,7800,56,,,1,97,,7802,56,,,1,99,,7798,56,,,1,99,,7803,56,,,1,98,,7796,56,,,1,99,,7797,56,,,1,97,,7799,56,,,1,102,,7801,56,,,1
3104,'SEM',457,,7823,56,,,1,77,,7824,56,,,1,92,,7835,56,,,1,22,,7837,56,,,1,64,,7817,56,,,1,34,,7836,56,,,1,68,,7833,56,,,1,29,,7831,56,,,1,75,,7832,56,,,1,22,,7834,56,,,1,100,,7815,56,,,1,102,,7816,56,,,1,100,,7819,56,,,1,101,,7838,56,,,1,100,,7818,56,,,1,102,,7821,56,,,1,100,,7822,56,,,1,96,,7820,56,,,1,103,,7825,56,,,1,96,,7830,56,,,1,105,,7829,56,,,1,98,,7826,56,,,1,101,,7827,56,,,1,100,,7828,56,,,1
4304,'DIM',509,,8722,31,,,1,103,,8716,31,,,1,100,,8712,31,,,1,102,,8714,31,,,1,102,,8719,31,,,1,100,,8717,31,,,1,106,,8718,31,,,1,100,,8715,31,,,1,100,,8723,31,,,1,100,,8720,31,,,1,104,,8721,31,,,1,99,,8704,31,,,1,99,,8705,31,,,1,101,,8707,31,,,1,94,,8710,31,,,1,98,,8709,31,,,1,99,,8706,31,,,1,99,,8708,31,,,1,100,,8713,31,,,1,100,,8711,31,,,1
4304,'SAM',509,,8740,31,,,1,103,,8737,31,,,1,100,,8734,31,,,1,102,,8725,31,,,1,102,,8741,31,,,1,100,,8726,31,,,1,106,,8727,31,,,1,100,,8738,31,,,1,100,,8735,31,,,1,100,,8742,31,,,1,103,,8736,31,,,1,101,,8739,31,,,1,98,,8724,31,,,1,97,,8743,31,,,1,98,,8731,31,,,1,98,,8728,31,,,1,99,,2109,31,,,1,99,,8729,31,,,1,100,,8730,31,,,1,100,,8733,31,,,1,98,,8732,31,,,1
4304,'SEM',525,,8765,31,,,1,76,,8771,31,,,1,35,,8744,31,,,1,66,,8746,31,,,1,21,,8769,31,,,1,31,,8745,31,,,1,73,,8770,31,,,1,73,,8749,31,,,1,35,,8766,31,,,1,68,,8772,31,,,1,31,,8748,31,,,1,70,,8767,31,,,1,30,,8755,31,,,1,70,,8751,31,,,1,30,,8774,31,,,1,70,,8773,31,,,1,30,,8768,31,,,1,72,,8752,31,,,1,29,,8753,31,,,1,70,,8757,31,,,1,36,,8775,31,,,1,66,,8747,31,,,1,26,,8754,31,,,1,70,,8750,31,,,1,56,,8756,31,,,1,96,,8761,31,,,1,100,,8763,31,,,1,101,,8764,31,,,1,99,,8758,31,,,1,101,,8759,31,,,1,150,,8760,31,,,1,20,,8762,31,,,1
6001,'DIM',815,,9768,55,,,1,103,,9776,55,,,1,102,,9774,55,,,1,104,,9775,55,,,1,102,,9777,55,,,1,102,,9780,55,,,1,102,,9778,55,,,1,100,,9781,55,,,1,100,,9779,55,,,1,102,,9782,55,,,1,91,,9783,55,,,1,99,,9770,55,,,1,98,,9772,55,,,1,97,,9771,55,,,1,99,,9773,55,,,1,99,,9767,55,,,1,100,,9769,55,,,1
6001,'SAM',711,,9790,55,,,1,104,,9795,55,,,1,103,,9786,55,,,1,102,,9798,55,,,1,103,,9800,55,,,1,103,,9796,55,,,1,102,,9799,55,,,1,102,,9797,55,,,1,100,,9785,55,,,1,100,,9801,55,,,1,102,,9784,55,,,1,91,,9788,55,,,1,100,,9793,55,,,1,97,,9789,55,,,1,97,,9791,55,,,1,99,,9794,55,,,1,99,,9787,55,,,1,100,,9792,55,,,1
6001,'SEM',557,,9816,55,,,1,102,,9802,55,,,1,87,,9820,55,,,1,78,,9814,55,,,1,77,,9818,55,,,1,101,,9804,55,,,1,101,,9821,55,,,1,101,,9819,55,,,1,104,,9805,55,,,1,100,,9803,55,,,1,101,,9815,55,,,1,102,,9817,55,,,1,99,,9806,55,,,1,102,,9810,55,,,1,96,,9808,55,,,1,49,,9813,55,,,1,98,,9811,55,,,1,98,,9807,55,,,1,98,,9809,55,,,1,94,,9812,55,,,1
7304,'DIM',548,,10665,74,,,1,70,,10654,74,,,1,103,,10658,74,,,1,101,,10661,74,,,1,102,,10657,74,,,1,102,,10659,74,,,1,100,,10662,74,,,1,100,,10666,74,,,1,102,,10660,74,,,1,101,,10663,74,,,1,101,,10656,74,,,1,100,,10664,74,,,1,100,,10667,74,,,1,99,,10650,74,,,1,99,,10647,74,,,1,97,,10653,74,,,1,99,,10649,74,,,1,99,,10648,74,,,1,97,,10651,74,,,1,101,,10652,74,,,1,99,,10655,74,,,1
7304,'SAM',548,,10686,74,,,1,70,,10676,74,,,1,103,,10681,74,,,1,101,,10678,74,,,1,102,,10677,74,,,1,102,,10682,74,,,1,100,,10684,74,,,1,101,,10680,74,,,1,101,,10671,74,,,1,101,,10683,74,,,1,101,,10679,74,,,1,100,,10685,74,,,1,100,,10687,74,,,1,99,,10670,74,,,1,98,,10668,74,,,1,98,,10669,74,,,1,99,,10673,74,,,1,99,,10672,74,,,1,97,,4131,74,,,1,101,,10674,74,,,1,99,,4133,74,,,1,100,,10675,74,,,1,99,,4134,74,,,1
7304,'SEM',510,,10719,74,,,1,42,,10716,74,,,1,82,,10722,74,,,1,18,,10725,74,,,1,72,,10721,74,,,1,15,,10718,74,,,1,14,,10694,74,,,1,68,,10696,74,,,1,14,,10717,74,,,1,15,,10723,74,,,1,65,,10712,74,,,1,31,,10690,74,,,1,80,,10689,74,,,1,29,,10705,74,,,1,70,,10720,74,,,1,30,,10691,74,,,1,71,,10695,74,,,1,76,,10704,74,,,1,26,,10697,74,,,1,30,,10724,74,,,1,70,,10692,74,,,1,30,,10693,74,,,1,73,,10701,74,,,1,71,,10688,74,,,1,32,,10698,74,,,1,79,,10708,74,,,1,22,,10706,74,,,1,67,,10700,74,,,1,29,,10707,74,,,1,76,,10702,74,,,1,20,,10713,74,,,1,29,,10699,74,,,1,70,,10709,74,,,1,29,,10711,74,,,1,73,,10703,74,,,1,96,,10715,74,,,1,99,,10710,74,,,1,102,,10714,74,,,1
7402,'DIM',649,,10786,87,,,2,102,,10789,87,,,2,101,,6451,87,,,2,102,,10790,87,,,2,102,,10788,87,,,2,100,,10787,87,,,2,101,,10793,87,,,2,100,,10792,87,,,2,143,,10794,87,,,2,59,,10791,87,,,2,99,,10781,87,,,2,101,,10780,87,,,2,98,,10782,87,,,2,98,,10783,87,,,2,99,,6443,87,,,2,100,,10784,87,,,2,97,,10785,87,,,2
7402,'SAM',649,,10802,87,,,2,102,,10806,87,,,2,101,,10804,87,,,2,102,,10801,87,,,2,102,,10805,87,,,2,100,,10807,87,,,2,101,,10810,87,,,2,101,,10803,87,,,2,100,,10808,87,,,2,101,,10811,87,,,2,100,,10809,87,,,2,99,,10795,87,,,2,99,,10797,87,,,2,98,,10799,87,,,2,99,,10798,87,,,2,100,,10800,87,,,2,97,,10796,87,,,2
7402,'SEM',608,,10825,87,,,2,50,,10830,87,,,2,60,,10813,87,,,2,82,,10824,87,,,2,100,,10814,87,,,2,59,,10812,87,,,2,99,,10816,87,,,2,101,,10826,87,,,2,97,,10829,87,,,2,100,,10815,87,,,2,101,,10828,87,,,2,102,,10827,87,,,2,100,,10817,87,,,2,97,,10818,87,,,2,100,,10821,87,,,2,97,,10823,87,,,2,99,,10819,87,,,2,102,,10820,87,,,2,97,,10822,87,,,2
33504,'DIM',1110,,11607,3,,,2
33504,'SAM',1110,,11608,3,,,2
33504,'SEM',1110,,11609,3,,,2
