2201,'DIM',624,,7023,1,,,2,101,,7027,1,,,2,104,,7026,1,,,2,98,,7025,1,,,2,101,,7022,1,,,2,99,,7024,1,,,2,101,,7029,1,,,2,101,,7031,1,,,2,96,,7028,1,,,2,105,,7030,1,,,2,100,,7016,1,,,2,100,,7018,1,,,2,97,,7017,1,,,2,102,,7020,1,,,2,100,,7019,1,,,2,100,,7021,1,,,2
2201,'SAM',624,,7040,1,,,2,101,,7042,1,,,2,104,,7039,1,,,2,98,,7041,1,,,2,102,,7044,1,,,2,99,,7048,1,,,2,101,,7047,1,,,2,100,,7043,1,,,2,96,,7045,1,,,2,102,,7046,1,,,2,103,,7033,1,,,2,101,,7036,1,,,2,96,,7034,1,,,2,102,,7032,1,,,2,100,,7038,1,,,2,100,,7037,1,,,2,100,,7035,1,,,2
2201,'SEM',618,,7064,1,,,2,99,,7052,1,,,2,95,,7050,1,,,2,40,,7049,1,,,2,74,,7066,1,,,2,101,,7051,1,,,2,100,,7065,1,,,2,100,,7067,1,,,2,100,,7054,1,,,2,96,,7055,1,,,2,103,,7053,1,,,2,100,,7059,1,,,2,100,,7057,1,,,2,100,,7056,1,,,2,99,,7058,1,,,2,104,,7062,1,,,2,100,,7060,1,,,2,95,,7061,1,,,2,99,,7063,1,,,2
4803,'DIM',700,,9047,1,,,1,102,,9051,1,,,1,102,,9055,1,,,1,99,,9038,1,,,1,102,,9048,1,,,1,100,,9049,1,,,1,95,,9054,1,,,1,105,,9050,1,,,1,99,,9052,1,,,1,101,,9039,1,,,1,100,,9053,1,,,1,100,,9041,1,,,1,95,,9045,1,,,1,100,,9044,1,,,1,101,,9043,1,,,1,99,,2438,1,,,1,100,,9040,1,,,1,35,,9042,1,,,1,121,,9046,1,,,1
4803,'SAM',600,,2450,1,,,1,100,,9067,1,,,1,101,,9070,1,,,1,103,,9074,1,,,1,99,,9065,1,,,1,101,,9073,1,,,1,100,,9068,1,,,1,54,,9071,1,,,1,146,,9069,1,,,1,100,,9066,1,,,1,101,,9072,1,,,1,100,,9059,1,,,1,100,,9061,1,,,1,95,,9057,1,,,1,100,,9056,1,,,1,59,,9058,1,,,1,141,,9063,1,,,1,100,,9064,1,,,1,35,,9060,1,,,1,121,,9062,1,,,1
4803,'SEM',555,,9096,1,,,1,60,,9098,1,,,1,37,,9087,1,,,1,73,,9099,1,,,1,30,,9102,1,,,1,64,,9083,1,,,1,40,,9082,1,,,1,70,,9077,1,,,1,95,,9084,1,,,1,100,,9079,1,,,1,100,,9078,1,,,1,100,,9100,1,,,1,80,,9075,1,,,1,100,,9080,1,,,1,35,,9097,1,,,1,65,,9076,1,,,1,30,,9101,1,,,1,70,,9088,1,,,1,30,,9081,1,,,1,70,,9089,1,,,1,55,,9094,1,,,1,100,,9085,1,,,1,100,,9086,1,,,1,100,,9090,1,,,1,100,,9092,1,,,1,99,,9091,1,,,1,91,,9093,1,,,1,73,,9095,1,,,1
22201,'DIM',1356,,11475,1,,,2,854,,11473,1,,,2,43,,11474,1,,,2
22201,'SAM',1356,,11480,1,,,2,854,,11476,1,,,2,43,,11477,1,,,2,100,,11479,1,,,2,152,,11478,1,,,2
22201,'SEM',657,,11481,1,,,2,50,,11482,1,,,2,643,,11483,1,,,2,100,,11484,1,,,2,105,,11488,1,,,2,100,,11486,1,,,2,90,,11485,1,,,2,667,,11487,1,,,2
32201,'DIM',505,,11591,2,,,2,799,,11593,1,,,2,802,,11592,1,,,2
32201,'SAM',505,,11594,2,,,2,799,,11595,1,,,2
32201,'SEM',506,,11596,2,,,2,19,,11597,2,,,2,27,,11598,2,,,2,754,,11599,1,,,2,800,,11600,1,,,2
