'JANV26DIM',15104,63400,4,'',2,11100,4,'',2,6200,4,'',2,2500,4,'',2,7200,4,'',2,3700,4,'',2,7200,4,'',2,3000,4,'',2,7200,4,'',2,3400,4,'',2,7300,4,'',2,3100,4,'',2,7200,4,'',2,7700,4,'',2,3100,4,'',2,7100,4,'',2,3200,4,'',2,6600,4,'',2,4200,4,'',2,7900,4,'',2,2500,4,'',2,7200,4,'',2,1800,4,'',2,6900,4,'',2,3100,4,'',2,7000,4,'',2,2700,4,'',2,6900,4,'',2,3100,4,'',2,7900,4,'',2,9500,4,'',2,9900,4,'',2,3300,4,'',2
'JANV26SAM',15104,63500,4,'',2,11000,4,'',2,6200,4,'',2,2500,4,'',2,7300,4,'',2,3600,4,'',2,7200,4,'',2,3000,4,'',2,7200,4,'',2,3400,4,'',2,7300,4,'',2,3100,4,'',2,7200,4,'',2,7700,4,'',2,3100,4,'',2,7100,4,'',2,3200,4,'',2,6500,4,'',2,4300,4,'',2,7900,4,'',2,2500,4,'',2,7200,4,'',2,1800,4,'',2,6900,4,'',2,3100,4,'',2,7000,4,'',2,2700,4,'',2,6900,4,'',2,3100,4,'',2,7900,4,'',2,9500,4,'',2,9900,4,'',2,3300,4,'',2
'JANV26SEM',15104,50700,4,'',2,3200,4,'',2,1100,4,'',2,7700,4,'',2,1500,4,'',2,1700,4,'',2,5200,4,'',2,1100,4,'',2,900,4,'',2,900,4,'',2,1100,4,'',2,5200,4,'',2,1200,4,'',2,1600,4,'',2,1500,4,'',2,1000,4,'',2,6000,4,'',2,1800,4,'',2,2400,4,'',2,6000,4,'',2,2300,4,'',2,1700,4,'',2,6500,4,'',2,2100,4,'',2,6300,4,'',2,2000,4,'',2,2000,4,'',2,6000,4,'',2,2600,4,'',2,2400,4,'',2,6100,4,'',2,2200,4,'',2,1800,4,'',2,6600,4,'',2,2300,4,'',2,6200,4,'',2,2200,4,'',2,1900,4,'',2,6000,4,'',2,2200,4,'',2,1500,4,'',2,5900,4,'',2,1700,4,'',2,1300,4,'',2,1300,4,'',2,5300,4,'',2,2100,4,'',2,2000,4,'',2,5900,4,'',2,2800,4,'',2,2800,4,'',2,7200,4,'',2,2800,4,'',2,7000,4,'',2,2900,4,'',2,7000,4,'',2,2500,4,'',2,5800,4,'',2,3800,4,'',2,8000,4,'',2
'JANV26SEM',25104,71600,4,'',1,1000,4,'',1,900,4,'',1,1000,4,'',1,1200,4,'',1,5200,4,'',1,1400,4,'',1,1500,4,'',1,6700,4,'',1
'JANV26DIM',25503,80500,,'',2,10000,,'',2,10000,,'',2,10000,,'',2,10000,,'',2,10000,,'',2,10000,,'',2,10000,,'',2,10000,,'',2,10100,,'',2,9900,,'',2,10000,,'',2,10000,,'',2,10000,,'',2,10000,,'',2,9600,,'',2,10000,,'',2
'JANV26DIM',25504,65100,4,'',2,10200,4,'',2,10300,4,'',2,10100,4,'',2,10100,4,'',2,10000,4,'',2,10000,4,'',2,10000,4,'',2,10100,4,'',2,14100,4,'',2,10100,4,'',2,5700,4,'',2,10000,4,'',2,9800,4,'',2,9600,4,'',2,9900,4,'',2,9800,4,'',2,9900,4,'',2
'JANV26SAM',25503,80500,,'',2,9900,,'',2,10100,,'',2,10000,,'',2,10000,,'',2,10000,,'',2,10000,,'',2,10000,,'',2,10000,,'',2,10100,,'',2,9900,,'',2,10000,,'',2,10000,,'',2,10000,,'',2,10000,,'',2,10000,,'',2,10000,,'',2
'JANV26SAM',25504,65100,4,'',2,10200,4,'',2,10300,4,'',2,10100,4,'',2,10100,4,'',2,10000,4,'',2,10000,4,'',2,10000,4,'',2,10100,4,'',2,14100,4,'',2,10100,4,'',2,5700,4,'',2,10000,4,'',2,9800,4,'',2,9600,4,'',2,9900,4,'',2,9800,4,'',2,9900,4,'',2
'JANV26SEM',25503,213200,,'',2,9800,,'',2,12000,,'',2
'JANV26SEM',25504,52200,4,'',2,3300,4,'',2,157100,4,'',2,9700,4,'',2,9700,4,'',2,9400,4,'',2
