2402,'DIM',708,,7225,3,,,1,103,,7227,3,,,1,99,,7216,3,,,1,98,,7226,3,,,1,33,,7231,3,,,1,68,,7233,3,,,1,31,,7211,3,,,1,72,,7232,3,,,1,30,,7224,3,,,1,70,,7210,3,,,1,30,,7230,3,,,1,74,,7228,3,,,1,26,,7213,3,,,1,65,,7234,3,,,1,35,,7229,3,,,1,69,,7214,3,,,1,31,,7217,3,,,1,71,,7212,3,,,1,29,,7235,3,,,1,70,,7218,3,,,1,100,,7209,3,,,1,100,,7222,3,,,1,100,,7219,3,,,1,100,,7215,3,,,1,95,,7223,3,,,1,100,,7221,3,,,1,105,,7220,3,,,1
2402,'SAM',612,,7260,3,,,1,96,,7250,3,,,1,103,,7253,3,,,1,99,,7252,3,,,1,98,,7259,3,,,1,33,,7255,3,,,1,68,,7262,3,,,1,31,,7248,3,,,1,72,,7258,3,,,1,29,,7251,3,,,1,71,,7261,3,,,1,30,,7236,3,,,1,74,,7254,3,,,1,26,,7256,3,,,1,65,,7249,3,,,1,35,,7238,3,,,1,76,,7263,3,,,1,24,,7237,3,,,1,71,,7240,3,,,1,29,,7257,3,,,1,70,,7244,3,,,1,100,,7246,3,,,1,100,,7241,3,,,1,100,,7239,3,,,1,100,,7245,3,,,1,95,,7243,3,,,1,100,,7247,3,,,1,105,,7242,3,,,1
2402,'SEM',537,,7291,3,,,1,81,,7284,3,,,1,39,,7267,3,,,1,60,,7299,3,,,1,26,,7293,3,,,1,64,,7295,3,,,1,30,,7300,3,,,1,70,,7264,3,,,1,30,,7296,3,,,1,70,,7298,3,,,1,30,,7290,3,,,1,70,,7266,3,,,1,30,,7294,3,,,1,70,,7265,3,,,1,30,,7292,3,,,1,70,,7297,3,,,1,30,,7274,3,,,1,71,,7269,3,,,1,29,,7268,3,,,1,70,,7270,3,,,1,30,,7279,3,,,1,75,,7271,3,,,1,11,,7276,3,,,1,19,,7277,3,,,1,60,,7283,3,,,1,24,,7273,3,,,1,16,,7272,3,,,1,60,,7282,3,,,1,20,,7278,3,,,1,25,,7275,3,,,1,85,,7287,3,,,1,100,,7289,3,,,1,100,,7280,3,,,1,100,,7281,3,,,1,105,,7285,3,,,1,103,,7286,3,,,1,89,,7288,3,,,1
3303,'DIM',642,,7843,3,,,1,170,,7847,3,,,1,130,,7845,3,,,1,172,,7842,3,,,1,128,,7844,3,,,1,170,,7839,3,,,1,130,,7846,3,,,1,173,,7848,3,,,1,127,,7849,3,,,1,170,,7841,3,,,1,130,,7840,3,,,1
3303,'SAM',642,,7853,3,,,1,170,,7854,3,,,1,130,,7856,3,,,1,172,,7857,3,,,1,128,,7858,3,,,1,170,,7855,3,,,1,130,,7860,3,,,1,176,,7859,3,,,1,124,,7851,3,,,1,170,,7852,3,,,1,130,,7850,3,,,1
3303,'SEM',608,,7872,3,,,1,97,,7873,3,,,1,34,,7862,3,,,1,66,,7880,3,,,1,100,,7879,3,,,1,100,,7874,3,,,1,100,,7877,3,,,1,54,,7865,3,,,1,146,,7876,3,,,1,100,,7861,3,,,1,47,,7878,3,,,1,73,,7881,3,,,1,26,,7875,3,,,1,99,,7863,3,,,1,68,,7864,3,,,1,34,,7870,3,,,1,81,,7866,3,,,1,71,,7868,3,,,1,103,,7867,3,,,1,105,,7871,3,,,1,105,,7869,3,,,1
3703,'DIM',624,,7950,3,,,2,35,,7951,3,,,2,100,,7949,3,,,2,100,,7948,3,,,2,100,,7956,3,,,2,100,,7955,3,,,2,100,,7945,3,,,2,100,,7946,3,,,2,145,,7957,3,,,2,96,,7953,3,,,2,59,,7954,3,,,2,100,,7952,3,,,2,90,,7947,3,,,2
3703,'SAM',624,,1290,3,,,2,35,,7963,3,,,2,100,,7960,3,,,2,100,,7964,3,,,2,100,,7967,3,,,2,100,,7965,3,,,2,100,,7968,3,,,2,141,,7961,3,,,2,59,,7959,3,,,2,142,,7962,3,,,2,99,,7958,3,,,2,59,,7966,3,,,2,90,,7969,3,,,2
3703,'SEM',544,,7986,3,,,2,15,,7974,3,,,2,55,,1324,3,,,2,15,,7985,3,,,2,14,,7990,3,,,2,16,,7994,3,,,2,60,,7971,3,,,2,36,,7975,3,,,2,78,,7989,3,,,2,69,,7995,3,,,2,100,,7973,3,,,2,100,,7992,3,,,2,100,,7976,3,,,2,100,,7987,3,,,2,100,,7993,3,,,2,42,,7991,3,,,2,60,,7972,3,,,2,26,,7988,3,,,2,72,,7970,3,,,2,33,,7996,3,,,2,102,,7977,3,,,2,99,,7983,3,,,2,103,,7978,3,,,2,100,,7982,3,,,2,100,,7984,3,,,2,100,,7979,3,,,2,97,,7981,3,,,2,102,,7980,3,,,2
6303,'DIM',732,,10005,3,,,1,100,,10007,3,,,1,100,,9998,3,,,1,96,,10006,3,,,1,103,,10010,3,,,1,95,,10008,3,,,1,103,,10011,3,,,1,103,,10009,3,,,1,101,,10012,3,,,1,100,,10013,3,,,1,101,,9999,3,,,1,98,,9995,3,,,1,100,,9996,3,,,1,100,,10001,3,,,1,100,,9997,3,,,1,100,,10002,3,,,1,100,,10000,3,,,1,100,,10003,3,,,1,99,,10004,3,,,1
6303,'SAM',632,,10027,3,,,1,100,,10031,3,,,1,100,,10028,3,,,1,100,,10026,3,,,1,96,,10030,3,,,1,103,,10029,3,,,1,95,,10033,3,,,1,103,,10032,3,,,1,103,,10014,3,,,1,103,,10015,3,,,1,98,,10016,3,,,1,101,,10018,3,,,1,98,,10017,3,,,1,100,,10022,3,,,1,100,,10019,3,,,1,100,,10020,3,,,1,100,,10023,3,,,1,100,,10021,3,,,1,100,,10024,3,,,1,99,,10025,3,,,1
6303,'SEM',551,,10049,3,,,1,60,,10059,3,,,1,15,,10060,3,,,1,76,,10066,3,,,1,14,,10064,3,,,1,33,,10038,3,,,1,63,,10040,3,,,1,34,,10041,3,,,1,73,,10034,3,,,1,26,,10037,3,,,1,73,,10063,3,,,1,27,,10051,3,,,1,70,,10067,3,,,1,26,,10061,3,,,1,77,,10035,3,,,1,27,,10036,3,,,1,70,,10065,3,,,1,30,,10062,3,,,1,72,,10068,3,,,1,32,,10043,3,,,1,65,,10042,3,,,1,34,,10047,3,,,1,59,,10045,3,,,1,25,,10039,3,,,1,73,,10048,3,,,1,40,,10046,3,,,1,100,,10044,3,,,1,81,,10052,3,,,1,94,,10055,3,,,1,95,,10050,3,,,1,88,,10053,3,,,1,107,,10054,3,,,1,100,,10058,3,,,1,105,,10056,3,,,1,94,,10057,3,,,1
