1703,'DIM',629,,6801,32,,,1,89,,6794,32,,,1,100,,100,32,,,1,102,,6796,32,,,1,97,,6797,32,,,1,102,,6793,32,,,1,100,,6799,32,,,1,99,,6795,32,,,1,102,,6798,32,,,1,100,,6800,32,,,1,102,,6783,32,,,1,98,,6787,32,,,1,98,,6786,32,,,1,101,,6785,32,,,1,98,,6788,32,,,1,99,,6791,32,,,1,100,,6784,32,,,1,100,,6789,32,,,1,102,,6790,32,,,1,118,,6792,32,,,1
1703,'SAM',551,,6813,32,,,1,78,,6819,32,,,1,89,,121,32,,,1,100,,6810,32,,,1,102,,6812,32,,,1,97,,6814,32,,,1,101,,6818,32,,,1,101,,6816,32,,,1,100,,6811,32,,,1,101,,6817,32,,,1,100,,6815,32,,,1,102,,6820,32,,,1,99,,6821,32,,,1,98,,6802,32,,,1,100,,6807,32,,,1,98,,6804,32,,,1,99,,6803,32,,,1,100,,6805,32,,,1,100,,6808,32,,,1,102,,6809,32,,,1,118,,6806,32,,,1
1703,'SEM',611,,6839,32,,,1,103,,6841,32,,,1,106,,6840,32,,,1,96,,6825,32,,,1,101,,6838,32,,,1,101,,6837,32,,,1,100,,6843,32,,,1,101,,6826,32,,,1,100,,6823,32,,,1,98,,6842,32,,,1,35,,6845,32,,,1,60,,6844,32,,,1,36,,6822,32,,,1,63,,6833,32,,,1,38,,6824,32,,,1,79,,6827,32,,,1,30,,6830,32,,,1,67,,6835,32,,,1,99,,6836,32,,,1,100,,6828,32,,,1,100,,6829,32,,,1,99,,6831,32,,,1,99,,6832,32,,,1,103,,6834,32,,,1
3103,'DIM',648,,7731,34,,,1,100,,7730,34,,,1,100,,1058,34,,,1,100,,7735,34,,,1,99,,7734,34,,,1,100,,7732,34,,,1,102,,7721,34,,,1,101,,7733,34,,,1,99,,7720,34,,,1,102,,7719,34,,,1,99,,7724,34,,,1,98,,7726,34,,,1,103,,7725,34,,,1,96,,7727,34,,,1,101,,7723,34,,,1,100,,7722,34,,,1,99,,7728,34,,,1,100,,7729,34,,,1
3103,'SAM',648,,7748,34,,,1,100,,7747,34,,,1,100,,1075,34,,,1,100,,7752,34,,,1,99,,7753,34,,,1,100,,7749,34,,,1,100,,7745,34,,,1,102,,7750,34,,,1,100,,7746,34,,,1,102,,7751,34,,,1,100,,7740,34,,,1,98,,7742,34,,,1,100,,7738,34,,,1,99,,7743,34,,,1,100,,7736,34,,,1,100,,7737,34,,,1,99,,7739,34,,,1,101,,7741,34,,,1,95,,7744,34,,,1
3103,'SEM',644,,7775,34,,,1,100,,7773,34,,,1,101,,7774,34,,,1,101,,7754,34,,,1,101,,7755,34,,,1,100,,7757,34,,,1,100,,7776,34,,,1,100,,7756,34,,,1,101,,7761,34,,,1,98,,7762,34,,,1,11,,7763,34,,,1,77,,7758,34,,,1,69,,7767,34,,,1,40,,7764,34,,,1,69,,7760,34,,,1,36,,7772,34,,,1,69,,7759,34,,,1,36,,7771,34,,,1,100,,7765,34,,,1,101,,7768,34,,,1,99,,7769,34,,,1,96,,7766,34,,,1,154,,7770,34,,,1
3903,'DIM',852,,1407,45,,,1,100,,8065,55,,,1,70,,8070,55,,,1,31,,8071,55,,,1,70,,8068,55,,,1,34,,8069,55,,,1,66,,8072,55,,,1,29,,8062,55,,,1,71,,8066,55,,,1,30,,8063,55,,,1,70,,8049,55,,,1,30,,8052,55,,,1,72,,8055,55,,,1,30,,8067,55,,,1,71,,8056,55,,,1,30,,8057,55,,,1,65,,8058,55,,,1,18,,8064,55,,,1,10,,8059,55,,,1,64,,8053,55,,,1,25,,8060,55,,,1,99,,8050,55,,,1,100,,8061,55,,,1,98,,8051,55,,,1,104,,8054,55,,,1
3903,'SAM',852,,8097,45,,,1,100,,8092,55,,,1,70,,8096,55,,,1,31,,8073,55,,,1,70,,8087,55,,,1,34,,8090,55,,,1,66,,8089,55,,,1,30,,8074,55,,,1,70,,8088,55,,,1,30,,8091,55,,,1,70,,8075,55,,,1,30,,8094,55,,,1,72,,8078,55,,,1,30,,8079,55,,,1,71,,8081,55,,,1,30,,8095,55,,,1,65,,8082,55,,,1,18,,8093,55,,,1,11,,8080,55,,,1,63,,8077,55,,,1,29,,8076,55,,,1,97,,8084,55,,,1,98,,8083,55,,,1,98,,8086,55,,,1,104,,8085,55,,,1
3903,'SEM',744,,8120,55,,,1,100,,8102,55,,,1,104,,8100,55,,,1,73,,8104,55,,,1,29,,8121,55,,,1,71,,8122,55,,,1,29,,8115,55,,,1,71,,8119,55,,,1,27,,8123,55,,,1,78,,8099,55,,,1,33,,8106,55,,,1,67,,8108,55,,,1,32,,8109,55,,,1,75,,8098,55,,,1,78,,8116,55,,,1,23,,8110,55,,,1,68,,8101,55,,,1,25,,8103,55,,,1,73,,8111,55,,,1,39,,8112,55,,,1,79,,8105,55,,,1,98,,8107,55,,,1,95,,8113,55,,,1,103,,8117,55,,,1,96,,8114,55,,,1,47,,8118,55,,,1
7303,'DIM',703,,10582,32,,,1,100,,10579,32,,,1,102,,10580,32,,,1,98,,10583,32,,,1,100,,10586,32,,,1,100,,10581,32,,,1,100,,10584,32,,,1,102,,10578,32,,,1,99,,10585,32,,,1,102,,10587,32,,,1,99,,10572,32,,,1,99,,10569,32,,,1,101,,10575,32,,,1,97,,10571,32,,,1,100,,10570,32,,,1,100,,10573,32,,,1,99,,10574,32,,,1,102,,10577,32,,,1,105,,10576,32,,,1
7303,'SAM',609,,10601,32,,,1,94,,10598,32,,,1,100,,10597,32,,,1,102,,10602,32,,,1,98,,10604,32,,,1,101,,10600,32,,,1,99,,10591,32,,,1,100,,10603,32,,,1,102,,10599,32,,,1,99,,10605,32,,,1,102,,10606,32,,,1,101,,10590,32,,,1,98,,10588,32,,,1,99,,10589,32,,,1,98,,10593,32,,,1,100,,10592,32,,,1,100,,4040,32,,,1,99,,10594,32,,,1,102,,4041,32,,,1,105,,10595,32,,,1,100,,4042,32,,,1,100,,10596,32,,,1
7303,'SEM',557,,10643,32,,,1,66,,10640,32,,,1,79,,10639,32,,,1,10,,10644,32,,,1,39,,10633,32,,,1,56,,10609,32,,,1,43,,10641,32,,,1,52,,10608,32,,,1,31,,10626,32,,,1,71,,10642,32,,,1,29,,10610,32,,,1,71,,10615,32,,,1,29,,10625,32,,,1,72,,10616,32,,,1,29,,10645,32,,,1,70,,10611,32,,,1,30,,10614,32,,,1,70,,10620,32,,,1,30,,10607,32,,,1,70,,10617,32,,,1,35,,10646,32,,,1,65,,10627,32,,,1,15,,10619,32,,,1,22,,10612,32,,,1,16,,10613,32,,,1,63,,10623,32,,,1,16,,10621,32,,,1,69,,10634,32,,,1,15,,10622,32,,,1,16,,10618,32,,,1,72,,10628,32,,,1,30,,10631,32,,,1,72,,10624,32,,,1,99,,10636,32,,,1,100,,10629,32,,,1,98,,10635,32,,,1,99,,10630,32,,,1,41,,10632,32,,,1,95,,10637,32,,,1,161,,10638,32,,,1
7401,'DIM',733,,10736,32,,,2,100,,10737,32,,,2,102,,10740,32,,,2,98,,10739,32,,,2,101,,10741,32,,,2,100,,10738,32,,,2,101,,10735,32,,,2,99,,10734,32,,,2,102,,10742,32,,,2,98,,10728,32,,,2,102,,10729,32,,,2,99,,10731,32,,,2,98,,10732,32,,,2,99,,10733,32,,,2,101,,10727,32,,,2,99,,10726,32,,,2,100,,10730,32,,,2
7401,'SAM',733,,10751,32,,,2,100,,10753,32,,,2,102,,10752,32,,,2,99,,10755,32,,,2,100,,10757,32,,,2,100,,10759,32,,,2,102,,10754,32,,,2,98,,10758,32,,,2,101,,10756,32,,,2,99,,10743,32,,,2,101,,10746,32,,,2,101,,10748,32,,,2,98,,10747,32,,,2,98,,10749,32,,,2,101,,10744,32,,,2,99,,10750,32,,,2,100,,10745,32,,,2
7401,'SEM',636,,10776,32,,,2,96,,10760,32,,,2,101,,10775,32,,,2,103,,10764,32,,,2,101,,10765,32,,,2,101,,10779,32,,,2,100,,10763,32,,,2,101,,10778,32,,,2,100,,10777,32,,,2,93,,10762,32,,,2,95,,10766,32,,,2,101,,10761,32,,,2,30,,10768,32,,,2,82,,10774,32,,,2,99,,10767,32,,,2,101,,10770,32,,,2,100,,10771,32,,,2,99,,10769,32,,,2,99,,10772,32,,,2,95,,10773,32,,,2
