1704,'DIM',501,,6858,23,,,1,50,,6859,23,,,1,101,,6863,23,,,1,102,,6857,23,,,1,100,,165,23,,,1,100,,6861,23,,,1,101,,6862,23,,,1,100,,6864,23,,,1,101,,6865,23,,,1,101,,6860,23,,,1,102,,6846,23,,,1,99,,6847,23,,,1,100,,6850,23,,,1,101,,6852,23,,,1,99,,6851,23,,,1,98,,6849,23,,,1,100,,6853,23,,,1,99,,6856,23,,,1,99,,6848,23,,,1,99,,6854,23,,,1,96,,6855,23,,,1
1704,'SAM',501,,6878,23,,,1,50,,6879,23,,,1,101,,6885,23,,,1,102,,6882,23,,,1,100,,6877,23,,,1,100,,6881,23,,,1,101,,6886,23,,,1,100,,6884,23,,,1,101,,6883,23,,,1,101,,6880,23,,,1,101,,6867,23,,,1,100,,6868,23,,,1,101,,6870,23,,,1,100,,6872,23,,,1,99,,6866,23,,,1,98,,6874,23,,,1,100,,6871,23,,,1,99,,6869,23,,,1,99,,6873,23,,,1,99,,6875,23,,,1,96,,6876,23,,,1
1704,'SEM',513,,6901,23,,,1,93,,6906,23,,,1,22,,6909,23,,,1,22,,6888,23,,,1,67,,6892,23,,,1,35,,6893,23,,,1,61,,6887,23,,,1,98,,6890,23,,,1,44,,6891,23,,,1,100,,6894,23,,,1,100,,6905,23,,,1,100,,6907,23,,,1,100,,6896,23,,,1,102,,6908,23,,,1,101,,6889,23,,,1,145,,6897,23,,,1,55,,6895,23,,,1,98,,6898,23,,,1,101,,6903,23,,,1,100,,6904,23,,,1,100,,6899,23,,,1,100,,6900,23,,,1,99,,6902,23,,,1
3104,'DIM',621,,7789,33,,,1,103,,7790,33,,,1,100,,7788,33,,,1,101,,7794,33,,,1,100,,7795,33,,,1,100,,7793,33,,,1,100,,7791,33,,,1,103,,7779,33,,,1,101,,7792,33,,,1,100,,7778,33,,,1,101,,7777,33,,,1,99,,7782,33,,,1,98,,7784,33,,,1,103,,7783,33,,,1,96,,7785,33,,,1,100,,7781,33,,,1,99,,7780,33,,,1,98,,7786,33,,,1,102,,7787,33,,,1
3104,'SAM',522,,1137,33,,,1,99,,7805,33,,,1,103,,7808,33,,,1,100,,7807,33,,,1,101,,7810,33,,,1,100,,7813,33,,,1,100,,7814,33,,,1,100,,7809,33,,,1,102,,7804,33,,,1,101,,7811,33,,,1,101,,7806,33,,,1,101,,7812,33,,,1,100,,7800,33,,,1,98,,7802,33,,,1,100,,7798,33,,,1,99,,7803,33,,,1,99,,7796,33,,,1,99,,7797,33,,,1,98,,7799,33,,,1,102,,7801,33,,,1
3104,'SEM',445,,7823,33,,,1,77,,7824,33,,,1,91,,7835,33,,,1,21,,7837,33,,,1,23,,7817,33,,,1,74,,7836,33,,,1,28,,7833,33,,,1,69,,7831,33,,,1,75,,7832,33,,,1,21,,7834,33,,,1,100,,7815,33,,,1,102,,7816,33,,,1,100,,7819,33,,,1,101,,7838,33,,,1,100,,7818,33,,,1,102,,7821,33,,,1,100,,7822,33,,,1,96,,7820,33,,,1,104,,7825,33,,,1,97,,7830,33,,,1,105,,7829,33,,,1,99,,7826,33,,,1,102,,7827,33,,,1,100,,7828,33,,,1
3904,'DIM',824,,8142,23,,,1,112,,8136,23,,,1,82,,8143,23,,,1,30,,8146,23,,,1,73,,8137,23,,,1,27,,8135,23,,,1,73,,8145,23,,,1,29,,8140,23,,,1,74,,8129,23,,,1,27,,8144,23,,,1,70,,8138,23,,,1,31,,8139,23,,,1,72,,8128,23,,,1,30,,8141,23,,,1,71,,8124,23,,,1,31,,8125,23,,,1,68,,8130,23,,,1,28,,8131,23,,,1,69,,8132,23,,,1,83,,8133,23,,,1,98,,8126,23,,,1,100,,8134,23,,,1,100,,8127,23,,,1
3904,'SAM',824,,8162,23,,,1,112,,8155,23,,,1,82,,8166,23,,,1,30,,8156,23,,,1,70,,8147,23,,,1,30,,8153,23,,,1,76,,8159,23,,,1,26,,8157,23,,,1,74,,8163,23,,,1,27,,8154,23,,,1,70,,8160,23,,,1,31,,8161,23,,,1,71,,8167,23,,,1,31,,8158,23,,,1,72,,8164,23,,,1,24,,8165,23,,,1,74,,8168,23,,,1,28,,8169,23,,,1,69,,8148,23,,,1,86,,8149,23,,,1,97,,8151,23,,,1,98,,8150,23,,,1,100,,8152,23,,,1
3904,'SEM',618,,8193,23,,,1,27,,8186,23,,,1,14,,8192,23,,,1,51,,8174,23,,,1,29,,8189,23,,,1,71,,8170,23,,,1,31,,8187,23,,,1,70,,8194,23,,,1,35,,8172,23,,,1,68,,8173,23,,,1,33,,8184,23,,,1,69,,8188,23,,,1,31,,8190,23,,,1,68,,8181,23,,,1,32,,8185,23,,,1,67,,8191,23,,,1,38,,8171,23,,,1,74,,8176,23,,,1,30,,8178,23,,,1,71,,8179,23,,,1,102,,8195,23,,,1,111,,8182,23,,,1,99,,8183,23,,,1,104,,8175,23,,,1,100,,8177,23,,,1,94,,8180,23,,,1
7304,'DIM',537,,10665,51,,,1,70,,10654,51,,,1,102,,10658,51,,,1,100,,10661,51,,,1,101,,10657,51,,,1,101,,10659,51,,,1,100,,10662,51,,,1,100,,10666,51,,,1,102,,10660,51,,,1,101,,10663,51,,,1,101,,10656,51,,,1,100,,10664,51,,,1,100,,10667,51,,,1,100,,10650,51,,,1,99,,10647,51,,,1,97,,10653,51,,,1,100,,10649,51,,,1,99,,10648,51,,,1,99,,10651,51,,,1,101,,10652,51,,,1,99,,10655,51,,,1
7304,'SAM',537,,10686,51,,,1,70,,10676,51,,,1,102,,10681,51,,,1,100,,10678,51,,,1,101,,10677,51,,,1,101,,10682,51,,,1,100,,10684,51,,,1,101,,10680,51,,,1,101,,10671,51,,,1,101,,10683,51,,,1,101,,10679,51,,,1,100,,10685,51,,,1,100,,10687,51,,,1,100,,10670,51,,,1,98,,10668,51,,,1,98,,10669,51,,,1,100,,10673,51,,,1,99,,10672,51,,,1,99,,4131,51,,,1,101,,10674,51,,,1,99,,4133,51,,,1,100,,10675,51,,,1,99,,4134,51,,,1
7304,'SEM',459,,10719,51,,,1,81,,10716,51,,,1,81,,10722,51,,,1,18,,10725,51,,,1,71,,10721,51,,,1,14,,10718,51,,,1,14,,10694,51,,,1,68,,10696,51,,,1,14,,10717,51,,,1,15,,10723,51,,,1,65,,10712,51,,,1,31,,10690,51,,,1,80,,10689,51,,,1,29,,10705,51,,,1,70,,10720,51,,,1,30,,10691,51,,,1,70,,10695,51,,,1,36,,10704,51,,,1,66,,10697,51,,,1,30,,10724,51,,,1,70,,10692,51,,,1,30,,10693,51,,,1,72,,10701,51,,,1,31,,10688,51,,,1,72,,10698,51,,,1,39,,10708,51,,,1,62,,10706,51,,,1,28,,10700,51,,,1,69,,10707,51,,,1,37,,10702,51,,,1,60,,10713,51,,,1,30,,10699,51,,,1,70,,10709,51,,,1,30,,10711,51,,,1,73,,10703,51,,,1,97,,10715,51,,,1,99,,10710,51,,,1,104,,10714,51,,,1
7402,'DIM',637,,10786,64,,,2,101,,10789,64,,,2,101,,6451,64,,,2,100,,10790,64,,,2,101,,10788,64,,,2,100,,10787,64,,,2,101,,10793,64,,,2,100,,10792,64,,,2,103,,10794,64,,,2,99,,10791,64,,,2,99,,10781,64,,,2,103,,10780,64,,,2,98,,10782,64,,,2,98,,10783,64,,,2,100,,6443,64,,,2,100,,10784,64,,,2,98,,10785,64,,,2
7402,'SAM',637,,10802,64,,,2,101,,10806,64,,,2,101,,10804,64,,,2,100,,10801,64,,,2,101,,10805,64,,,2,100,,10807,64,,,2,101,,10810,64,,,2,101,,10803,64,,,2,100,,10808,64,,,2,101,,10811,64,,,2,100,,10809,64,,,2,101,,10795,64,,,2,99,,10797,64,,,2,98,,10799,64,,,2,100,,10798,64,,,2,100,,10800,64,,,2,98,,10796,64,,,2
7402,'SEM',555,,10825,64,,,2,89,,10830,64,,,2,60,,10813,64,,,2,40,,10824,64,,,2,100,,10814,64,,,2,99,,10812,64,,,2,99,,10816,64,,,2,101,,10826,64,,,2,97,,10829,64,,,2,100,,10815,64,,,2,101,,10828,64,,,2,102,,10827,64,,,2,100,,10817,64,,,2,97,,10818,64,,,2,100,,10821,64,,,2,99,,10823,64,,,2,99,,10819,64,,,2,103,,10820,64,,,2,98,,10822,64,,,2
