202,'SAM',2619,,6708,7,,,1,81,,6709,7,,,1
202,'SEM',518,,6714,7,,,1,30,,6715,7,,,1,55,,6710,7,,,1,1999,,6711,7,,,1,41,,6712,7,,,1,81,,6713,7,,,1
1703,'DIM',614,,6801,5,,,1,89,,6794,5,,,1,99,,100,5,,,1,101,,6796,5,,,1,97,,6797,5,,,1,101,,6793,5,,,1,100,,6799,5,,,1,99,,6795,5,,,1,101,,6798,5,,,1,100,,6800,5,,,1,102,,6783,5,,,1,99,,6787,5,,,1,99,,6786,5,,,1,101,,6785,5,,,1,99,,6788,5,,,1,99,,6791,5,,,1,101,,6784,5,,,1,100,,6789,5,,,1,102,,6790,5,,,1,120,,6792,5,,,1
1703,'SAM',537,,6813,5,,,1,77,,6819,5,,,1,89,,121,5,,,1,99,,6810,5,,,1,101,,6812,5,,,1,97,,6814,5,,,1,100,,6818,5,,,1,101,,6816,5,,,1,100,,6811,5,,,1,100,,6817,5,,,1,100,,6815,5,,,1,102,,6820,5,,,1,100,,6821,5,,,1,99,,6802,5,,,1,100,,6807,5,,,1,99,,6804,5,,,1,99,,6803,5,,,1,101,,6805,5,,,1,100,,6808,5,,,1,102,,6809,5,,,1,120,,6806,5,,,1
1703,'SEM',556,,6839,5,,,1,102,,6841,5,,,1,145,,6840,5,,,1,56,,6825,5,,,1,100,,6838,5,,,1,100,,6837,5,,,1,100,,6843,5,,,1,100,,6826,5,,,1,100,,6823,5,,,1,98,,6842,5,,,1,75,,6845,5,,,1,20,,6844,5,,,1,76,,6822,5,,,1,23,,6833,5,,,1,78,,6824,5,,,1,80,,6827,5,,,1,30,,6830,5,,,1,69,,6835,5,,,1,99,,6836,5,,,1,100,,6828,5,,,1,100,,6829,5,,,1,100,,6831,5,,,1,100,,6832,5,,,1,104,,6834,5,,,1
2703,'DIM',857,,7609,5,,,2,100,,7612,5,,,2,98,,7614,5,,,2,102,,7608,5,,,2,95,,7616,5,,,2,106,,7611,5,,,2,101,,7613,5,,,2,100,,7610,5,,,2,100,,7615,5,,,2,100,,7602,5,,,2,100,,7604,5,,,2,98,,7603,5,,,2,100,,7607,5,,,2,100,,7601,5,,,2,102,,7600,5,,,2,100,,7605,5,,,2,100,,7606,5,,,2
2703,'SAM',657,,7626,5,,,2,100,,7627,5,,,2,100,,7625,5,,,2,100,,7635,5,,,2,100,,7629,5,,,2,100,,7632,5,,,2,94,,7628,5,,,2,107,,7630,5,,,2,142,,7631,5,,,2,59,,7624,5,,,2,94,,7633,5,,,2,106,,7634,5,,,2,100,,7619,5,,,2,98,,7622,5,,,2,100,,7617,5,,,2,100,,7618,5,,,2,102,,7620,5,,,2,100,,7621,5,,,2,100,,7623,5,,,2
2703,'SEM',803,,7653,5,,,2,50,,7638,5,,,2,100,,7644,5,,,2,100,,7637,5,,,2,99,,7655,5,,,2,90,,7652,5,,,2,103,,7656,5,,,2,100,,7641,5,,,2,81,,7639,5,,,2,82,,7654,5,,,2,15,,7636,5,,,2,30,,7643,5,,,2,79,,7640,5,,,2,25,,7651,5,,,2,96,,7647,5,,,2,87,,7650,5,,,2,103,,7646,5,,,2,102,,7642,5,,,2,100,,7645,5,,,2,100,,7648,5,,,2,100,,7649,5,,,2
3103,'DIM',633,,7731,7,,,1,99,,7730,7,,,1,99,,1058,7,,,1,99,,7735,7,,,1,99,,7734,7,,,1,100,,7732,7,,,1,102,,7721,7,,,1,100,,7733,7,,,1,99,,7720,7,,,1,102,,7719,7,,,1,99,,7724,7,,,1,99,,7726,7,,,1,103,,7725,7,,,1,97,,7727,7,,,1,101,,7723,7,,,1,100,,7722,7,,,1,100,,7728,7,,,1,101,,7729,7,,,1
3103,'SAM',633,,7748,7,,,1,99,,7747,7,,,1,99,,1075,7,,,1,99,,7752,7,,,1,99,,7753,7,,,1,100,,7749,7,,,1,100,,7745,7,,,1,101,,7750,7,,,1,100,,7746,7,,,1,102,,7751,7,,,1,100,,7740,7,,,1,99,,7742,7,,,1,100,,7738,7,,,1,100,,7743,7,,,1,100,,7736,7,,,1,100,,7737,7,,,1,100,,7739,7,,,1,102,,7741,7,,,1,95,,7744,7,,,1
3103,'SEM',628,,7775,7,,,1,99,,7773,7,,,1,100,,7774,7,,,1,100,,7754,7,,,1,101,,7755,7,,,1,100,,7757,7,,,1,100,,7776,7,,,1,100,,7756,7,,,1,100,,7761,7,,,1,98,,7762,7,,,1,11,,7763,7,,,1,76,,7758,7,,,1,30,,7767,7,,,1,80,,7764,7,,,1,30,,7760,7,,,1,76,,7772,7,,,1,30,,7759,7,,,1,76,,7771,7,,,1,100,,7765,7,,,1,101,,7768,7,,,1,100,,7769,7,,,1,98,,7766,7,,,1,114,,7770,7,,,1
4303,'DIM',633,,8647,5,,,1,100,,8649,5,,,1,100,,8653,5,,,1,100,,8651,5,,,1,106,,8652,5,,,1,101,,8650,5,,,1,100,,8656,5,,,1,99,,8654,5,,,1,103,,8655,5,,,1,97,,8637,5,,,1,99,,8638,5,,,1,104,,8640,5,,,1,92,,8643,5,,,1,99,,8642,5,,,1,100,,8639,5,,,1,100,,8641,5,,,1,100,,8648,5,,,1,100,,8644,5,,,1,100,,8646,5,,,1,100,,8645,5,,,1
4303,'SAM',633,,8668,5,,,1,100,,8658,5,,,1,100,,8673,5,,,1,100,,8659,5,,,1,106,,8660,5,,,1,101,,8671,5,,,1,100,,8669,5,,,1,99,,8674,5,,,1,102,,8670,5,,,1,101,,8672,5,,,1,98,,8657,5,,,1,98,,8675,5,,,1,96,,8664,5,,,1,99,,8661,5,,,1,100,,2041,5,,,1,100,,8662,5,,,1,100,,8663,5,,,1,100,,8667,5,,,1,100,,8665,5,,,1,100,,8666,5,,,1
4303,'SEM',633,,8697,5,,,1,100,,8698,5,,,1,81,,8679,5,,,1,104,,8699,5,,,1,31,,8678,5,,,1,69,,8695,5,,,1,30,,8685,5,,,1,70,,8681,5,,,1,30,,8701,5,,,1,70,,8700,5,,,1,30,,8696,5,,,1,72,,8682,5,,,1,28,,8683,5,,,1,70,,8687,5,,,1,30,,8702,5,,,1,70,,8677,5,,,1,25,,8684,5,,,1,70,,8680,5,,,1,19,,8703,5,,,1,76,,8686,5,,,1,31,,8676,5,,,1,71,,8692,5,,,1,102,,8693,5,,,1,101,,8694,5,,,1,101,,8688,5,,,1,101,,8689,5,,,1,110,,8690,5,,,1,106,,8691,5,,,1
4803,'DIM',703,,9047,5,,,1,103,,9051,5,,,1,102,,9055,5,,,1,99,,9038,5,,,1,102,,9048,5,,,1,101,,9049,5,,,1,95,,9054,5,,,1,105,,9050,5,,,1,99,,9052,5,,,1,100,,9039,5,,,1,100,,9053,5,,,1,100,,9041,5,,,1,95,,9045,5,,,1,100,,9044,5,,,1,100,,9043,5,,,1,99,,2438,5,,,1,100,,9040,5,,,1,35,,9042,5,,,1,121,,9046,5,,,1
4803,'SAM',603,,2450,5,,,1,100,,9067,5,,,1,102,,9070,5,,,1,103,,9074,5,,,1,99,,9065,5,,,1,101,,9073,5,,,1,101,,9068,5,,,1,94,,9071,5,,,1,106,,9069,5,,,1,100,,9066,5,,,1,100,,9072,5,,,1,100,,9059,5,,,1,100,,9061,5,,,1,95,,9057,5,,,1,100,,9056,5,,,1,98,,9058,5,,,1,101,,9063,5,,,1,100,,9064,5,,,1,35,,9060,5,,,1,121,,9062,5,,,1
4803,'SEM',558,,9096,5,,,1,60,,9098,5,,,1,37,,9087,5,,,1,73,,9099,5,,,1,31,,9102,5,,,1,64,,9083,5,,,1,80,,9082,5,,,1,30,,9077,5,,,1,95,,9084,5,,,1,100,,9079,5,,,1,100,,9078,5,,,1,100,,9100,5,,,1,80,,9075,5,,,1,101,,9080,5,,,1,35,,9097,5,,,1,64,,9076,5,,,1,30,,9101,5,,,1,70,,9088,5,,,1,30,,9081,5,,,1,70,,9089,5,,,1,95,,9094,5,,,1,100,,9085,5,,,1,100,,9086,5,,,1,99,,9090,5,,,1,100,,9092,5,,,1,99,,9091,5,,,1,51,,9093,5,,,1,73,,9095,5,,,1
5801,'DIM',523,,9661,5,,,2,100,,9643,5,,,2,90,,9652,5,,,2,99,,9655,5,,,2,99,,9658,5,,,2,100,,9651,5,,,2,102,,9660,5,,,2,98,,9657,5,,,2,103,,9654,5,,,2,99,,9656,5,,,2,102,,9653,5,,,2,99,,9646,5,,,2,101,,9659,5,,,2,99,,9642,5,,,2,99,,9650,5,,,2,99,,9645,5,,,2,101,,9644,5,,,2,100,,9648,5,,,2,99,,9647,5,,,2,110,,9649,5,,,2
5801,'SAM',523,,9681,5,,,2,100,,9673,5,,,2,90,,9672,5,,,2,99,,9677,5,,,2,100,,9675,5,,,2,99,,9678,5,,,2,102,,9680,5,,,2,98,,9662,5,,,2,101,,9671,5,,,2,101,,9676,5,,,2,101,,9674,5,,,2,101,,9679,5,,,2,100,,9665,5,,,2,100,,9669,5,,,2,98,,9663,5,,,2,99,,9670,5,,,2,101,,9666,5,,,2,100,,9668,5,,,2,99,,9664,5,,,2,110,,9667,5,,,2
5801,'SEM',513,,9695,5,,,2,28,,9692,5,,,2,82,,9705,5,,,2,82,,9693,5,,,2,46,,9699,5,,,2,85,,9686,5,,,2,99,,9706,5,,,2,100,,9682,5,,,2,100,,9687,5,,,2,100,,9704,5,,,2,100,,9683,5,,,2,86,,9694,5,,,2,31,,9684,5,,,2,72,,9707,5,,,2,28,,9689,5,,,2,75,,9691,5,,,2,28,,9690,5,,,2,68,,9685,5,,,2,29,,9703,5,,,2,70,,9688,5,,,2,30,,9701,5,,,2,100,,9702,5,,,2,100,,9697,5,,,2,99,,9696,5,,,2,100,,9698,5,,,2,100,,9700,5,,,2
6002,'DIM',653,,9823,5,,,1,100,,9832,5,,,1,99,,9830,5,,,1,100,,9831,5,,,1,100,,9833,5,,,1,100,,9836,5,,,1,100,,9834,5,,,1,100,,9837,5,,,1,100,,9835,5,,,1,99,,9838,5,,,1,99,,9839,5,,,1,101,,9825,5,,,1,101,,9827,5,,,1,101,,9826,5,,,1,101,,9828,5,,,1,100,,9822,5,,,1,100,,9824,5,,,1,99,,9829,5,,,1
6002,'SAM',653,,9851,5,,,1,100,,9842,5,,,1,99,,9854,5,,,1,100,,9856,5,,,1,100,,9852,5,,,1,100,,9855,5,,,1,100,,9853,5,,,1,100,,9841,5,,,1,100,,9857,5,,,1,99,,9840,5,,,1,99,,9844,5,,,1,103,,9849,5,,,1,99,,9845,5,,,1,101,,9846,5,,,1,101,,9850,5,,,1,100,,9843,5,,,1,100,,9847,5,,,1,99,,9848,5,,,1
6002,'SEM',624,,9875,5,,,1,100,,9873,5,,,1,100,,9859,5,,,1,99,,9876,5,,,1,100,,9874,5,,,1,101,,9864,5,,,1,100,,9858,5,,,1,99,,9860,5,,,1,101,,9872,5,,,1,98,,9861,5,,,1,101,,9866,5,,,1,107,,9863,5,,,1,94,,9869,5,,,1,101,,9867,5,,,1,99,,9862,5,,,1,100,,9865,5,,,1,99,,9868,5,,,1,90,,9871,5,,,1,100,,9870,5,,,1
7002,'DIM',657,,10489,5,,,1,102,,10496,5,,,1,100,,3943,5,,,1,100,,10492,5,,,1,68,,10493,5,,,1,73,,10495,5,,,1,29,,10485,5,,,1,25,,10494,5,,,1,75,,10491,5,,,1,25,,10500,5,,,1,79,,10498,5,,,1,67,,10501,5,,,1,36,,10483,5,,,1,65,,10497,5,,,1,31,,10503,5,,,1,23,,10499,5,,,1,78,,10502,5,,,1,68,,10487,5,,,1,36,,10505,5,,,1,74,,3946,5,,,1,97,,10504,5,,,1,95,,10482,5,,,1,55,,10484,5,,,1,101,,10488,5,,,1,99,,10486,5,,,1,143,,10490,5,,,1
7002,'SAM',656,,10532,5,,,1,103,,10512,5,,,1,100,,10520,5,,,1,100,,10519,5,,,1,65,,10528,5,,,1,76,,10533,5,,,1,29,,10530,5,,,1,24,,10524,5,,,1,75,,10523,5,,,1,26,,10522,5,,,1,79,,10525,5,,,1,75,,10521,5,,,1,27,,10531,5,,,1,65,,10529,5,,,1,28,,10527,5,,,1,26,,10526,5,,,1,79,,10515,5,,,1,69,,10511,5,,,1,36,,10513,5,,,1,74,,10508,5,,,1,96,,10517,5,,,1,95,,10509,5,,,1,56,,10510,5,,,1,100,,10516,5,,,1,99,,10514,5,,,1,143,,10518,5,,,1
7002,'SEM',531,,10541,5,,,1,96,,10561,5,,,1,26,,10562,5,,,1,73,,10540,5,,,1,76,,10543,5,,,1,27,,10545,5,,,1,30,,10560,5,,,1,70,,10538,5,,,1,30,,10567,5,,,1,70,,10546,5,,,1,27,,10568,5,,,1,73,,10563,5,,,1,26,,10565,5,,,1,74,,10564,5,,,1,29,,10539,5,,,1,70,,10566,5,,,1,24,,10559,5,,,1,76,,10544,5,,,1,31,,10547,5,,,1,70,,10542,5,,,1,30,,10536,5,,,1,73,,10537,5,,,1,68,,10550,5,,,1,33,,10551,5,,,1,26,,10555,5,,,1,73,,10554,5,,,1,91,,10552,5,,,1,83,,10556,5,,,1,94,,10548,5,,,1,112,,10553,5,,,1,106,,10549,5,,,1,99,,10558,5,,,1,105,,10557,5,,,1
7303,'DIM',648,,10582,5,,,1,99,,10579,5,,,1,100,,10580,5,,,1,98,,10583,5,,,1,100,,10586,5,,,1,100,,10581,5,,,1,100,,10584,5,,,1,101,,10578,5,,,1,99,,10585,5,,,1,102,,10587,5,,,1,99,,10572,5,,,1,100,,10569,5,,,1,101,,10575,5,,,1,99,,10571,5,,,1,100,,10570,5,,,1,100,,10573,5,,,1,100,,10574,5,,,1,102,,10577,5,,,1,105,,10576,5,,,1
7303,'SAM',555,,10601,5,,,1,93,,10598,5,,,1,99,,10597,5,,,1,100,,10602,5,,,1,98,,10604,5,,,1,101,,10600,5,,,1,99,,10591,5,,,1,100,,10603,5,,,1,101,,10599,5,,,1,99,,10605,5,,,1,102,,10606,5,,,1,101,,10590,5,,,1,99,,10588,5,,,1,99,,10589,5,,,1,100,,10593,5,,,1,100,,10592,5,,,1,100,,4040,5,,,1,100,,10594,5,,,1,102,,4041,5,,,1,105,,10595,5,,,1,100,,4042,5,,,1,100,,10596,5,,,1
7303,'SEM',541,,10643,5,,,1,66,,10640,5,,,1,38,,10639,5,,,1,10,,10644,5,,,1,78,,10633,5,,,1,16,,10609,5,,,1,83,,10641,5,,,1,12,,10608,5,,,1,70,,10626,5,,,1,31,,10642,5,,,1,69,,10610,5,,,1,31,,10615,5,,,1,69,,10625,5,,,1,31,,10616,5,,,1,69,,10645,5,,,1,30,,10611,5,,,1,70,,10614,5,,,1,30,,10620,5,,,1,70,,10607,5,,,1,30,,10617,5,,,1,75,,10646,5,,,1,24,,10627,5,,,1,15,,10619,5,,,1,61,,10612,5,,,1,16,,10613,5,,,1,23,,10623,5,,,1,57,,10621,5,,,1,30,,10634,5,,,1,55,,10622,5,,,1,16,,10618,5,,,1,33,,10628,5,,,1,70,,10631,5,,,1,32,,10624,5,,,1,100,,10636,5,,,1,100,,10629,5,,,1,100,,10635,5,,,1,100,,10630,5,,,1,81,,10632,5,,,1,95,,10637,5,,,1,121,,10638,5,,,1
7401,'DIM',718,,10736,5,,,2,99,,10737,5,,,2,101,,10740,5,,,2,97,,10739,5,,,2,101,,10741,5,,,2,100,,10738,5,,,2,100,,10735,5,,,2,99,,10734,5,,,2,102,,10742,5,,,2,99,,10728,5,,,2,102,,10729,5,,,2,99,,10731,5,,,2,100,,10732,5,,,2,99,,10733,5,,,2,101,,10727,5,,,2,99,,10726,5,,,2,101,,10730,5,,,2
7401,'SAM',718,,10751,5,,,2,99,,10753,5,,,2,101,,10752,5,,,2,98,,10755,5,,,2,100,,10757,5,,,2,100,,10759,5,,,2,101,,10754,5,,,2,98,,10758,5,,,2,101,,10756,5,,,2,100,,10743,5,,,2,101,,10746,5,,,2,101,,10748,5,,,2,100,,10747,5,,,2,98,,10749,5,,,2,101,,10744,5,,,2,99,,10750,5,,,2,101,,10745,5,,,2
7401,'SEM',620,,10776,5,,,2,95,,10760,5,,,2,100,,10775,5,,,2,103,,10764,5,,,2,101,,10765,5,,,2,101,,10779,5,,,2,99,,10763,5,,,2,101,,10778,5,,,2,100,,10777,5,,,2,93,,10762,5,,,2,93,,10766,5,,,2,101,,10761,5,,,2,30,,10768,5,,,2,85,,10774,5,,,2,100,,10767,5,,,2,101,,10770,5,,,2,100,,10771,5,,,2,100,,10769,5,,,2,100,,10772,5,,,2,95,,10773,5,,,2
34503,'SEM',433,,11610,7,,,1,100,,11611,7,,,1
