201,'SAM',2556,,6701,14,,,1,81,,6703,14,,,1,84,,6702,14,,,1
201,'SEM',2517,,6704,14,,,1,24,,6705,14,,,1,81,,6706,14,,,1,81,,6707,14,,,1
1704,'DIM',513,,6858,47,,,1,90,,6859,47,,,1,101,,6863,47,,,1,103,,6857,47,,,1,102,,165,47,,,1,101,,6861,47,,,1,102,,6862,47,,,1,100,,6864,47,,,1,101,,6865,47,,,1,101,,6860,47,,,1,102,,6846,47,,,1,99,,6847,47,,,1,100,,6850,47,,,1,100,,6852,47,,,1,98,,6851,47,,,1,98,,6849,47,,,1,100,,6853,47,,,1,98,,6856,47,,,1,98,,6848,47,,,1,98,,6854,47,,,1,96,,6855,47,,,1
1704,'SAM',513,,6878,47,,,1,90,,6879,47,,,1,101,,6885,47,,,1,103,,6882,47,,,1,102,,6877,47,,,1,101,,6881,47,,,1,102,,6886,47,,,1,100,,6884,47,,,1,101,,6883,47,,,1,101,,6880,47,,,1,101,,6867,47,,,1,100,,6868,47,,,1,101,,6870,47,,,1,99,,6872,47,,,1,98,,6866,47,,,1,98,,6874,47,,,1,100,,6871,47,,,1,98,,6869,47,,,1,98,,6873,47,,,1,98,,6875,47,,,1,96,,6876,47,,,1
1704,'SEM',526,,6901,47,,,1,94,,6906,47,,,1,23,,6909,47,,,1,62,,6888,47,,,1,27,,6892,47,,,1,76,,6893,47,,,1,21,,6887,47,,,1,98,,6890,47,,,1,85,,6891,47,,,1,100,,6894,47,,,1,100,,6905,47,,,1,100,,6907,47,,,1,100,,6896,47,,,1,102,,6908,47,,,1,101,,6889,47,,,1,105,,6897,47,,,1,95,,6895,47,,,1,97,,6898,47,,,1,100,,6903,47,,,1,100,,6904,47,,,1,99,,6899,47,,,1,99,,6900,47,,,1,98,,6902,47,,,1
2704,'DIM',801,,7675,52,,,2,101,,7676,52,,,2,100,,7671,52,,,2,99,,7673,52,,,2,99,,7674,52,,,2,103,,7670,52,,,2,55,,7677,52,,,2,147,,7672,52,,,2,100,,7663,52,,,2,100,,7667,52,,,2,100,,7668,52,,,2,98,,7664,52,,,2,100,,7666,52,,,2,98,,7665,52,,,2,100,,7669,52,,,2,100,,7662,52,,,2
2704,'SAM',700,,7690,52,,,2,101,,7686,52,,,2,101,,7687,52,,,2,100,,7685,52,,,2,99,,7694,52,,,2,101,,7689,52,,,2,101,,7692,52,,,2,54,,7688,52,,,2,148,,7691,52,,,2,100,,7681,52,,,2,100,,7682,52,,,2,53,,7684,52,,,2,145,,7693,52,,,2,100,,7680,52,,,2,98,,7683,52,,,2,100,,7678,52,,,2,100,,7679,52,,,2
2704,'SEM',624,,7716,52,,,2,28,,7696,52,,,2,68,,7713,52,,,2,29,,7699,52,,,2,67,,7700,52,,,2,28,,7718,52,,,2,66,,7715,52,,,2,49,,7714,52,,,2,100,,7703,52,,,2,148,,7695,52,,,2,95,,7717,52,,,2,48,,7698,52,,,2,106,,7697,52,,,2,147,,7708,52,,,2,37,,7709,52,,,2,80,,7704,52,,,2,13,,7701,52,,,2,70,,7702,52,,,2,31,,7706,52,,,2,75,,7711,52,,,2,100,,7707,52,,,2,45,,7710,52,,,2,94,,7705,52,,,2,104,,7712,52,,,2
3104,'DIM',633,,7789,57,,,1,104,,7790,57,,,1,101,,7788,57,,,1,102,,7794,57,,,1,102,,7795,57,,,1,100,,7793,57,,,1,100,,7791,57,,,1,103,,7779,57,,,1,101,,7792,57,,,1,100,,7778,57,,,1,101,,7777,57,,,1,99,,7782,57,,,1,97,,7784,57,,,1,102,,7783,57,,,1,96,,7785,57,,,1,99,,7781,57,,,1,99,,7780,57,,,1,97,,7786,57,,,1,101,,7787,57,,,1
3104,'SAM',533,,1137,57,,,1,100,,7805,57,,,1,104,,7808,57,,,1,101,,7807,57,,,1,102,,7810,57,,,1,102,,7813,57,,,1,100,,7814,57,,,1,100,,7809,57,,,1,102,,7804,57,,,1,101,,7811,57,,,1,101,,7806,57,,,1,101,,7812,57,,,1,100,,7800,57,,,1,97,,7802,57,,,1,99,,7798,57,,,1,99,,7803,57,,,1,98,,7796,57,,,1,99,,7797,57,,,1,97,,7799,57,,,1,101,,7801,57,,,1
3104,'SEM',458,,7823,57,,,1,77,,7824,57,,,1,92,,7835,57,,,1,22,,7837,57,,,1,64,,7817,57,,,1,34,,7836,57,,,1,68,,7833,57,,,1,29,,7831,57,,,1,75,,7832,57,,,1,22,,7834,57,,,1,100,,7815,57,,,1,102,,7816,57,,,1,100,,7819,57,,,1,101,,7838,57,,,1,100,,7818,57,,,1,102,,7821,57,,,1,100,,7822,57,,,1,96,,7820,57,,,1,103,,7825,57,,,1,96,,7830,57,,,1,105,,7829,57,,,1,98,,7826,57,,,1,101,,7827,57,,,1,100,,7828,57,,,1
4304,'DIM',509,,8722,32,,,1,103,,8716,32,,,1,100,,8712,32,,,1,102,,8714,32,,,1,102,,8719,32,,,1,101,,8717,32,,,1,106,,8718,32,,,1,100,,8715,32,,,1,100,,8723,32,,,1,100,,8720,32,,,1,104,,8721,32,,,1,99,,8704,32,,,1,99,,8705,32,,,1,101,,8707,32,,,1,93,,8710,32,,,1,98,,8709,32,,,1,99,,8706,32,,,1,99,,8708,32,,,1,100,,8713,32,,,1,100,,8711,32,,,1
4304,'SAM',509,,8740,32,,,1,103,,8737,32,,,1,100,,8734,32,,,1,102,,8725,32,,,1,102,,8741,32,,,1,101,,8726,32,,,1,106,,8727,32,,,1,100,,8738,32,,,1,100,,8735,32,,,1,100,,8742,32,,,1,103,,8736,32,,,1,101,,8739,32,,,1,98,,8724,32,,,1,97,,8743,32,,,1,97,,8731,32,,,1,98,,8728,32,,,1,99,,2109,32,,,1,99,,8729,32,,,1,100,,8730,32,,,1,100,,8733,32,,,1,98,,8732,32,,,1
4304,'SEM',526,,8765,32,,,1,76,,8771,32,,,1,35,,8744,32,,,1,66,,8746,32,,,1,21,,8769,32,,,1,31,,8745,32,,,1,73,,8770,32,,,1,73,,8749,32,,,1,35,,8766,32,,,1,68,,8772,32,,,1,31,,8748,32,,,1,70,,8767,32,,,1,30,,8755,32,,,1,70,,8751,32,,,1,30,,8774,32,,,1,70,,8773,32,,,1,30,,8768,32,,,1,72,,8752,32,,,1,29,,8753,32,,,1,70,,8757,32,,,1,36,,8775,32,,,1,66,,8747,32,,,1,26,,8754,32,,,1,70,,8750,32,,,1,96,,8756,32,,,1,56,,8761,32,,,1,100,,8763,32,,,1,101,,8764,32,,,1,99,,8758,32,,,1,101,,8759,32,,,1,150,,8760,32,,,1,20,,8762,32,,,1
4804,'DIM',610,,9112,62,,,1,110,,9116,62,,,1,103,,9113,62,,,1,109,,9117,62,,,1,107,,9120,62,,,1,101,,9103,62,,,1,103,,9114,62,,,1,100,,9115,62,,,1,97,,9119,62,,,1,105,,9105,62,,,1,101,,9118,62,,,1,101,,9104,62,,,1,97,,9110,62,,,1,95,,9106,62,,,1,94,,9111,62,,,1,97,,9108,62,,,1,100,,9107,62,,,1,95,,9109,62,,,1
4804,'SAM',610,,9131,62,,,1,110,,2518,62,,,1,103,,9133,62,,,1,108,,9135,62,,,1,108,,9139,62,,,1,101,,9132,62,,,1,102,,9138,62,,,1,100,,9134,62,,,1,97,,9136,62,,,1,106,,9137,62,,,1,101,,9124,62,,,1,101,,9127,62,,,1,97,,9125,62,,,1,95,,9128,62,,,1,94,,9122,62,,,1,97,,9121,62,,,1,98,,9123,62,,,1,97,,9129,62,,,1,97,,9130,62,,,1,33,,9126,62,,,1
4804,'SEM',541,,9142,62,,,1,81,,9160,62,,,1,32,,9140,62,,,1,73,,9143,62,,,1,27,,9147,62,,,1,79,,9162,62,,,1,70,,9161,62,,,1,30,,9164,62,,,1,70,,9150,62,,,1,31,,9149,62,,,1,71,,9144,62,,,1,101,,9151,62,,,1,100,,9163,62,,,1,100,,9148,62,,,1,102,,9145,62,,,1,39,,9141,62,,,1,107,,9146,62,,,1,96,,9157,62,,,1,67,,9159,62,,,1,102,,9154,62,,,1,114,,9158,62,,,1,99,,9152,62,,,1,98,,9153,62,,,1,96,,9155,62,,,1,97,,9156,62,,,1
5802,'DIM',627,,9712,60,,,2,101,,9719,60,,,2,93,,9716,60,,,2,100,,9720,60,,,2,100,,9723,60,,,2,99,,9715,60,,,2,101,,9725,60,,,2,100,,9722,60,,,2,102,,9718,60,,,2,99,,9721,60,,,2,101,,9717,60,,,2,99,,9711,60,,,2,101,,9724,60,,,2,100,,9708,60,,,2,99,,9714,60,,,2,98,,9710,60,,,2,98,,9709,60,,,2,98,,9713,60,,,2
5802,'SAM',627,,9743,60,,,2,101,,9735,60,,,2,93,,9734,60,,,2,100,,9739,60,,,2,100,,9737,60,,,2,99,,9740,60,,,2,101,,9742,60,,,2,100,,9726,60,,,2,99,,9733,60,,,2,101,,9738,60,,,2,101,,9736,60,,,2,101,,9741,60,,,2,100,,9728,60,,,2,100,,9731,60,,,2,99,,9727,60,,,2,98,,9732,60,,,2,98,,9729,60,,,2,98,,9730,60,,,2
5802,'SEM',547,,9762,60,,,2,75,,9755,60,,,2,22,,9754,60,,,2,80,,9763,60,,,2,35,,9765,60,,,2,69,,9747,60,,,2,73,,9746,60,,,2,43,,9750,60,,,2,100,,9766,60,,,2,100,,9744,60,,,2,100,,9751,60,,,2,100,,9764,60,,,2,100,,9745,60,,,2,65,,9748,60,,,2,30,,9752,60,,,2,104,,9758,60,,,2,71,,9749,60,,,2,93,,9753,60,,,2,96,,9760,60,,,2,98,,9759,60,,,2,100,,9761,60,,,2,57,,9757,60,,,2,99,,9756,60,,,2
6001,'DIM',815,,9768,56,,,1,104,,9776,56,,,1,102,,9774,56,,,1,104,,9775,56,,,1,102,,9777,56,,,1,102,,9780,56,,,1,102,,9778,56,,,1,100,,9781,56,,,1,100,,9779,56,,,1,102,,9782,56,,,1,91,,9783,56,,,1,99,,9770,56,,,1,98,,9772,56,,,1,97,,9771,56,,,1,99,,9773,56,,,1,99,,9767,56,,,1,100,,9769,56,,,1
6001,'SAM',711,,9790,56,,,1,104,,9795,56,,,1,104,,9786,56,,,1,102,,9798,56,,,1,103,,9800,56,,,1,103,,9796,56,,,1,102,,9799,56,,,1,102,,9797,56,,,1,100,,9785,56,,,1,100,,9801,56,,,1,102,,9784,56,,,1,91,,9788,56,,,1,100,,9793,56,,,1,97,,9789,56,,,1,97,,9791,56,,,1,99,,9794,56,,,1,99,,9787,56,,,1,100,,9792,56,,,1
6001,'SEM',557,,9816,56,,,1,143,,9802,56,,,1,47,,9820,56,,,1,78,,9814,56,,,1,77,,9818,56,,,1,101,,9804,56,,,1,101,,9821,56,,,1,101,,9819,56,,,1,104,,9805,56,,,1,100,,9803,56,,,1,101,,9815,56,,,1,102,,9817,56,,,1,99,,9806,56,,,1,102,,9810,56,,,1,96,,9808,56,,,1,49,,9813,56,,,1,98,,9811,56,,,1,98,,9807,56,,,1,98,,9809,56,,,1,94,,9812,56,,,1
7001,'DIM',743,,10411,80,,,1,101,,10401,80,,,1,99,,10409,80,,,1,100,,10412,80,,,1,69,,10415,80,,,1,31,,10410,80,,,1,70,,10417,80,,,1,28,,10416,80,,,1,70,,10413,80,,,1,35,,10414,80,,,1,69,,10418,80,,,1,27,,10394,80,,,1,74,,10419,80,,,1,25,,10397,80,,,1,75,,10398,80,,,1,27,,10399,80,,,1,73,,10396,80,,,1,33,,10402,80,,,1,73,,10405,80,,,1,30,,10400,80,,,1,94,,10406,80,,,1,98,,10403,80,,,1,100,,10395,80,,,1,99,,10407,80,,,1,100,,10408,80,,,1,99,,10404,80,,,1
7001,'SAM',743,,10436,80,,,1,101,,10441,80,,,1,99,,10443,80,,,1,100,,10444,80,,,1,68,,10442,80,,,1,32,,10420,80,,,1,69,,10445,80,,,1,29,,10440,80,,,1,70,,10421,80,,,1,34,,10437,80,,,1,68,,10422,80,,,1,33,,10438,80,,,1,70,,10424,80,,,1,25,,10439,80,,,1,73,,10427,80,,,1,29,,10429,80,,,1,73,,10426,80,,,1,34,,10428,80,,,1,72,,10432,80,,,1,30,,10430,80,,,1,94,,10434,80,,,1,98,,10423,80,,,1,100,,10425,80,,,1,98,,10435,80,,,1,101,,10433,80,,,1,99,,10431,80,,,1
7001,'SEM',554,,10472,80,,,1,73,,10450,80,,,1,29,,10473,80,,,1,58,,10474,80,,,1,19,,10469,80,,,1,68,,10480,80,,,1,24,,10461,80,,,1,24,,10447,80,,,1,69,,10479,80,,,1,30,,10476,80,,,1,71,,10477,80,,,1,29,,10458,80,,,1,71,,10481,80,,,1,29,,10449,80,,,1,72,,10454,80,,,1,28,,10478,80,,,1,70,,10448,80,,,1,30,,10446,80,,,1,72,,10475,80,,,1,30,,10453,80,,,1,79,,10456,80,,,1,24,,10452,80,,,1,51,,10459,80,,,1,49,,10451,80,,,1,77,,10463,80,,,1,27,,10466,80,,,1,73,,10467,80,,,1,25,,10455,80,,,1,78,,10464,80,,,1,84,,10460,80,,,1,33,,10457,80,,,1,108,,10465,80,,,1,99,,10462,80,,,1,99,,10470,80,,,1,99,,10468,80,,,1,167,,10471,80,,,1
7304,'DIM',548,,10665,75,,,1,70,,10654,75,,,1,103,,10658,75,,,1,101,,10661,75,,,1,103,,10657,75,,,1,102,,10659,75,,,1,100,,10662,75,,,1,100,,10666,75,,,1,102,,10660,75,,,1,101,,10663,75,,,1,101,,10656,75,,,1,100,,10664,75,,,1,100,,10667,75,,,1,99,,10650,75,,,1,99,,10647,75,,,1,97,,10653,75,,,1,99,,10649,75,,,1,99,,10648,75,,,1,97,,10651,75,,,1,100,,10652,75,,,1,99,,10655,75,,,1
7304,'SAM',548,,10686,75,,,1,70,,10676,75,,,1,103,,10681,75,,,1,101,,10678,75,,,1,103,,10677,75,,,1,102,,10682,75,,,1,100,,10684,75,,,1,101,,10680,75,,,1,101,,10671,75,,,1,101,,10683,75,,,1,101,,10679,75,,,1,100,,10685,75,,,1,100,,10687,75,,,1,99,,10670,75,,,1,98,,10668,75,,,1,98,,10669,75,,,1,99,,10673,75,,,1,99,,10672,75,,,1,97,,4131,75,,,1,100,,10674,75,,,1,99,,4133,75,,,1,100,,10675,75,,,1,99,,4134,75,,,1
7304,'SEM',511,,10719,75,,,1,42,,10716,75,,,1,82,,10722,75,,,1,18,,10725,75,,,1,72,,10721,75,,,1,15,,10718,75,,,1,14,,10694,75,,,1,68,,10696,75,,,1,14,,10717,75,,,1,15,,10723,75,,,1,65,,10712,75,,,1,31,,10690,75,,,1,80,,10689,75,,,1,29,,10705,75,,,1,70,,10720,75,,,1,30,,10691,75,,,1,71,,10695,75,,,1,76,,10704,75,,,1,26,,10697,75,,,1,30,,10724,75,,,1,70,,10692,75,,,1,30,,10693,75,,,1,73,,10701,75,,,1,71,,10688,75,,,1,32,,10698,75,,,1,79,,10708,75,,,1,22,,10706,75,,,1,67,,10700,75,,,1,29,,10707,75,,,1,76,,10702,75,,,1,20,,10713,75,,,1,29,,10699,75,,,1,70,,10709,75,,,1,29,,10711,75,,,1,73,,10703,75,,,1,96,,10715,75,,,1,99,,10710,75,,,1,102,,10714,75,,,1
7402,'DIM',649,,10786,88,,,2,103,,10789,88,,,2,101,,6451,88,,,2,102,,10790,88,,,2,102,,10788,88,,,2,100,,10787,88,,,2,101,,10793,88,,,2,100,,10792,88,,,2,143,,10794,88,,,2,99,,10791,88,,,2,59,,10781,88,,,2,141,,10780,88,,,2,58,,10782,88,,,2,98,,10783,88,,,2,99,,6443,88,,,2,100,,10784,88,,,2,97,,10785,88,,,2
7402,'SAM',649,,10802,88,,,2,103,,10806,88,,,2,101,,10804,88,,,2,102,,10801,88,,,2,102,,10805,88,,,2,100,,10807,88,,,2,101,,10810,88,,,2,101,,10803,88,,,2,100,,10808,88,,,2,141,,10811,88,,,2,100,,10809,88,,,2,59,,10795,88,,,2,99,,10797,88,,,2,98,,10799,88,,,2,99,,10798,88,,,2,100,,10800,88,,,2,97,,10796,88,,,2
7402,'SEM',609,,10825,88,,,2,50,,10830,88,,,2,60,,10813,88,,,2,82,,10824,88,,,2,100,,10814,88,,,2,99,,10812,88,,,2,59,,10816,88,,,2,141,,10826,88,,,2,57,,10829,88,,,2,100,,10815,88,,,2,101,,10828,88,,,2,142,,10827,88,,,2,100,,10817,88,,,2,57,,10818,88,,,2,100,,10821,88,,,2,97,,10823,88,,,2,99,,10819,88,,,2,102,,10820,88,,,2,97,,10822,88,,,2
34504,'SEM',2528,,11613,37,,,1,118,,11612,37,,,1
