2601,'DIM',509,,634,54,,,2,91,,7312,54,,,2,45,,7319,54,,,2,81,,622,54,,,2,25,,7328,54,,,2,65,,7322,54,,,2,31,,7324,54,,,2,70,,639,54,,,2,33,,7335,54,,,2,69,,7329,54,,,2,30,,7323,54,,,2,66,,7332,54,,,2,24,,7325,54,,,2,20,,7336,54,,,2,60,,7318,54,,,2,20,,7338,54,,,2,20,,7331,54,,,2,59,,7340,54,,,2,22,,7302,54,,,2,19,,7333,54,,,2,62,,7321,54,,,2,19,,7326,54,,,2,61,,7327,54,,,2,22,,7303,54,,,2,17,,7304,54,,,2,60,,7305,54,,,2,20,,7320,54,,,2,19,,7301,54,,,2,61,,7334,54,,,2,21,,7337,54,,,2,20,,7330,54,,,2,62,,7314,54,,,2,43,,7317,54,,,2,71,,7315,54,,,2,29,,7308,54,,,2,70,,7339,54,,,2,30,,7341,54,,,2,70,,7310,54,,,2,29,,7306,54,,,2,69,,7316,54,,,2,28,,7307,54,,,2,69,,7309,54,,,2,29,,7311,54,,,2,68,,7313,54,,,2
2601,'SAM',509,,7366,54,,,2,91,,7358,54,,,2,45,,7369,54,,,2,81,,676,54,,,2,25,,7376,54,,,2,65,,7373,54,,,2,31,,7378,54,,,2,70,,7374,54,,,2,32,,7382,54,,,2,70,,7379,54,,,2,30,,7386,54,,,2,65,,7372,54,,,2,25,,7384,54,,,2,62,,7368,54,,,2,18,,7387,54,,,2,21,,7380,54,,,2,19,,7345,54,,,2,59,,7383,54,,,2,22,,7377,54,,,2,60,,7367,54,,,2,21,,7370,54,,,2,21,,7371,54,,,2,59,,7342,54,,,2,22,,7344,54,,,2,17,,7348,54,,,2,60,,7346,54,,,2,20,,7381,54,,,2,18,,7375,54,,,2,21,,7349,54,,,2,62,,7385,54,,,2,20,,7353,54,,,2,62,,7357,54,,,2,43,,7360,54,,,2,71,,7363,54,,,2,29,,7365,54,,,2,70,,7361,54,,,2,30,,7343,54,,,2,70,,7352,54,,,2,29,,7351,54,,,2,69,,7359,54,,,2,28,,7347,54,,,2,69,,7355,54,,,2,29,,7364,54,,,2,68,,7350,54,,,2,30,,7354,54,,,2,70,,7356,54,,,2,30,,679,54,,,2,81,,7362,54,,,2
2601,'SEM',508,,7435,54,,,2,36,,7421,54,,,2,71,,7426,54,,,2,15,,7436,54,,,2,13,,7440,54,,,2,13,,7444,54,,,2,51,,7411,54,,,2,10,,7394,54,,,2,12,,7388,54,,,2,11,,7430,54,,,2,16,,7404,54,,,2,50,,7397,54,,,2,12,,7432,54,,,2,14,,7431,54,,,2,16,,7438,54,,,2,59,,7400,54,,,2,23,,7393,54,,,2,22,,7398,54,,,2,61,,7442,54,,,2,20,,7422,54,,,2,20,,7390,54,,,2,61,,7437,54,,,2,22,,7429,54,,,2,19,,7392,54,,,2,60,,7433,54,,,2,20,,7396,54,,,2,21,,7441,54,,,2,62,,7423,54,,,2,22,,7425,54,,,2,15,,7434,54,,,2,65,,7427,54,,,2,19,,7443,54,,,2,14,,7391,54,,,2,57,,7424,54,,,2,25,,7389,54,,,2,23,,7428,54,,,2,60,,7439,54,,,2,20,,7395,54,,,2,20,,7405,54,,,2,60,,7407,54,,,2,22,,7399,54,,,2,18,,7412,54,,,2,62,,7413,54,,,2,18,,7414,54,,,2,69,,7418,54,,,2,30,,7410,54,,,2,70,,7401,54,,,2,28,,7402,54,,,2,74,,7416,54,,,2,25,,7419,54,,,2,73,,7408,54,,,2,22,,7403,54,,,2,76,,7409,54,,,2,29,,7406,54,,,2,70,,7415,54,,,2,17,,7417,54,,,2,102,,7420,54,,,2
3601,'SEM',637,,7935,31,,,2,63,,7930,31,,,2,11,,7929,31,,,2,23,,7932,31,,,2,15,,7933,31,,,2,63,,7936,31,,,2,14,,7931,31,,,2,79,,7934,31,,,2
4604,'DIM',546,,8969,62,,,1,100,,8975,62,,,1,101,,8977,62,,,1,99,,8978,62,,,1,107,,8972,62,,,1,106,,8982,62,,,1,96,,8979,62,,,1,103,,8984,62,,,1,100,,8985,62,,,1,101,,8976,62,,,1,141,,8980,62,,,1,59,,8968,62,,,1,141,,8983,62,,,1,59,,8981,62,,,1,98,,8971,62,,,1,98,,8986,62,,,1,99,,8974,62,,,1,98,,8970,62,,,1,100,,8973,62,,,1
4604,'SAM',546,,8989,62,,,1,100,,8998,62,,,1,101,,8999,62,,,1,99,,9000,62,,,1,107,,9004,62,,,1,147,,9003,62,,,1,55,,9002,62,,,1,103,,8997,62,,,1,99,,9005,62,,,1,97,,8987,62,,,1,146,,8988,62,,,1,105,,9001,62,,,1,95,,9006,62,,,1,59,,8991,62,,,1,98,,8992,62,,,1,98,,8995,62,,,1,99,,8993,62,,,1,98,,8996,62,,,1,100,,8990,62,,,1,98,,8994,62,,,1
4604,'SEM',506,,2964,62,,,1,46,,9023,62,,,1,70,,9031,62,,,1,27,,9035,62,,,1,59,,9009,62,,,1,26,,9016,62,,,1,67,,9028,62,,,1,30,,9010,62,,,1,72,,9032,62,,,1,28,,9026,62,,,1,70,,9024,62,,,1,29,,9011,62,,,1,70,,9029,62,,,1,30,,9008,62,,,1,70,,9025,62,,,1,30,,9027,62,,,1,74,,9007,62,,,1,27,,9037,62,,,1,28,,9012,62,,,1,72,,9033,62,,,1,70,,9036,62,,,1,34,,9015,62,,,1,79,,9030,62,,,1,30,,9034,62,,,1,63,,9014,62,,,1,101,,9013,62,,,1,95,,9020,62,,,1,56,,9022,62,,,1,94,,9019,62,,,1,100,,9018,62,,,1,98,,9017,62,,,1,100,,9021,62,,,1
6002,'DIM',728,,9823,53,,,1,103,,9832,53,,,1,101,,9830,53,,,1,102,,9831,53,,,1,101,,9833,53,,,1,101,,9836,53,,,1,101,,9834,53,,,1,101,,9837,53,,,1,100,,9835,53,,,1,99,,9838,53,,,1,99,,9839,53,,,1,98,,9825,53,,,1,99,,9827,53,,,1,100,,9826,53,,,1,100,,9828,53,,,1,99,,9822,53,,,1,99,,9824,53,,,1,97,,9829,53,,,1
6002,'SAM',728,,9851,53,,,1,103,,9842,53,,,1,101,,9854,53,,,1,102,,9856,53,,,1,101,,9852,53,,,1,101,,9855,53,,,1,101,,9853,53,,,1,101,,9841,53,,,1,100,,9857,53,,,1,99,,9840,53,,,1,99,,9844,53,,,1,100,,9849,53,,,1,97,,9845,53,,,1,100,,9846,53,,,1,100,,9850,53,,,1,99,,9843,53,,,1,99,,9847,53,,,1,97,,9848,53,,,1
6002,'SEM',701,,9875,53,,,1,105,,9873,53,,,1,102,,9859,53,,,1,100,,9876,53,,,1,100,,9874,53,,,1,104,,9864,53,,,1,101,,9858,53,,,1,99,,9860,53,,,1,101,,9872,53,,,1,99,,9861,53,,,1,103,,9866,53,,,1,103,,9863,53,,,1,91,,9869,53,,,1,99,,9867,53,,,1,98,,9862,53,,,1,100,,9865,53,,,1,96,,9868,53,,,1,49,,9871,53,,,1,98,,9870,53,,,1
6601,'DIM',559,,10294,39,,,1,100,,10296,39,,,1,142,,10302,39,,,1,100,,10292,39,,,1,32,,10293,39,,,1,71,,10300,39,,,1,31,,10303,39,,,1,75,,10291,39,,,1,26,,10298,39,,,1,70,,10297,39,,,1,101,,10304,39,,,1,101,,10301,39,,,1,103,,10299,39,,,1,99,,10295,39,,,1,103,,10287,39,,,1,96,,10289,39,,,1,98,,10286,39,,,1,100,,10288,39,,,1,100,,10290,39,,,1,100,,10285,39,,,1
6601,'SAM',559,,10310,39,,,1,100,,10317,39,,,1,142,,10319,39,,,1,100,,10315,39,,,1,32,,10313,39,,,1,71,,10305,39,,,1,31,,10322,39,,,1,75,,10311,39,,,1,26,,10323,39,,,1,70,,10318,39,,,1,101,,10321,39,,,1,101,,10324,39,,,1,103,,10320,39,,,1,99,,10316,39,,,1,103,,10306,39,,,1,96,,10307,39,,,1,98,,10309,39,,,1,100,,10308,39,,,1,100,,10312,39,,,1,100,,10314,39,,,1
6601,'SEM',639,,10339,39,,,1,104,,10328,39,,,1,101,,10341,39,,,1,103,,10338,39,,,1,100,,10327,39,,,1,106,,10331,39,,,1,102,,10325,39,,,1,100,,10340,39,,,1,103,,10329,39,,,1,71,,10334,39,,,1,88,,10335,39,,,1,106,,10326,39,,,1,93,,10332,39,,,1,99,,10330,39,,,1,98,,10336,39,,,1,98,,10333,39,,,1,99,,10337,39,,,1
