1704,'DIM',504,,6858,27,,,1,50,,6859,27,,,1,101,,6863,27,,,1,102,,6857,27,,,1,100,,165,27,,,1,100,,6861,27,,,1,101,,6862,27,,,1,100,,6864,27,,,1,101,,6865,27,,,1,141,,6860,27,,,1,102,,6846,27,,,1,99,,6847,27,,,1,100,,6850,27,,,1,101,,6852,27,,,1,98,,6851,27,,,1,58,,6849,27,,,1,100,,6853,27,,,1,100,,6856,27,,,1,99,,6848,27,,,1,99,,6854,27,,,1,96,,6855,27,,,1
1704,'SAM',504,,6878,27,,,1,50,,6879,27,,,1,101,,6885,27,,,1,102,,6882,27,,,1,100,,6877,27,,,1,100,,6881,27,,,1,101,,6886,27,,,1,100,,6884,27,,,1,101,,6883,27,,,1,141,,6880,27,,,1,101,,6867,27,,,1,100,,6868,27,,,1,101,,6870,27,,,1,100,,6872,27,,,1,98,,6866,27,,,1,58,,6874,27,,,1,100,,6871,27,,,1,100,,6869,27,,,1,99,,6873,27,,,1,99,,6875,27,,,1,96,,6876,27,,,1
1704,'SEM',516,,6901,27,,,1,93,,6906,27,,,1,22,,6909,27,,,1,22,,6888,27,,,1,66,,6892,27,,,1,35,,6893,27,,,1,61,,6887,27,,,1,98,,6890,27,,,1,45,,6891,27,,,1,100,,6894,27,,,1,100,,6905,27,,,1,100,,6907,27,,,1,100,,6896,27,,,1,142,,6908,27,,,1,101,,6889,27,,,1,105,,6897,27,,,1,95,,6895,27,,,1,57,,6898,27,,,1,101,,6903,27,,,1,141,,6904,27,,,1,100,,6899,27,,,1,100,,6900,27,,,1,59,,6902,27,,,1
3104,'DIM',624,,7789,37,,,1,103,,7790,37,,,1,100,,7788,37,,,1,100,,7794,37,,,1,101,,7795,37,,,1,100,,7793,37,,,1,100,,7791,37,,,1,103,,7779,37,,,1,101,,7792,37,,,1,100,,7778,37,,,1,101,,7777,37,,,1,99,,7782,37,,,1,98,,7784,37,,,1,102,,7783,37,,,1,96,,7785,37,,,1,101,,7781,37,,,1,99,,7780,37,,,1,98,,7786,37,,,1,102,,7787,37,,,1
3104,'SAM',524,,1137,37,,,1,100,,7805,37,,,1,103,,7808,37,,,1,100,,7807,37,,,1,100,,7810,37,,,1,101,,7813,37,,,1,100,,7814,37,,,1,100,,7809,37,,,1,102,,7804,37,,,1,101,,7811,37,,,1,101,,7806,37,,,1,101,,7812,37,,,1,100,,7800,37,,,1,98,,7802,37,,,1,99,,7798,37,,,1,99,,7803,37,,,1,100,,7796,37,,,1,99,,7797,37,,,1,98,,7799,37,,,1,102,,7801,37,,,1
3104,'SEM',448,,7823,37,,,1,77,,7824,37,,,1,91,,7835,37,,,1,21,,7837,37,,,1,63,,7817,37,,,1,33,,7836,37,,,1,68,,7833,37,,,1,29,,7831,37,,,1,75,,7832,37,,,1,22,,7834,37,,,1,100,,7815,37,,,1,102,,7816,37,,,1,100,,7819,37,,,1,101,,7838,37,,,1,100,,7818,37,,,1,102,,7821,37,,,1,100,,7822,37,,,1,96,,7820,37,,,1,103,,7825,37,,,1,97,,7830,37,,,1,105,,7829,37,,,1,100,,7826,37,,,1,102,,7827,37,,,1,100,,7828,37,,,1
7304,'DIM',539,,10665,55,,,1,70,,10654,55,,,1,102,,10658,55,,,1,101,,10661,55,,,1,101,,10657,55,,,1,100,,10659,55,,,1,100,,10662,55,,,1,100,,10666,55,,,1,102,,10660,55,,,1,101,,10663,55,,,1,101,,10656,55,,,1,100,,10664,55,,,1,100,,10667,55,,,1,100,,10650,55,,,1,99,,10647,55,,,1,98,,10653,55,,,1,100,,10649,55,,,1,99,,10648,55,,,1,98,,10651,55,,,1,101,,10652,55,,,1,99,,10655,55,,,1
7304,'SAM',539,,10686,55,,,1,70,,10676,55,,,1,102,,10681,55,,,1,101,,10678,55,,,1,101,,10677,55,,,1,100,,10682,55,,,1,100,,10684,55,,,1,101,,10680,55,,,1,101,,10671,55,,,1,101,,10683,55,,,1,101,,10679,55,,,1,100,,10685,55,,,1,100,,10687,55,,,1,100,,10670,55,,,1,98,,10668,55,,,1,99,,10669,55,,,1,100,,10673,55,,,1,99,,10672,55,,,1,98,,4131,55,,,1,101,,10674,55,,,1,99,,4133,55,,,1,100,,10675,55,,,1,99,,4134,55,,,1
7304,'SEM',501,,10719,55,,,1,41,,10716,55,,,1,82,,10722,55,,,1,18,,10725,55,,,1,71,,10721,55,,,1,14,,10718,55,,,1,13,,10694,55,,,1,68,,10696,55,,,1,14,,10717,55,,,1,15,,10723,55,,,1,65,,10712,55,,,1,31,,10690,55,,,1,80,,10689,55,,,1,29,,10705,55,,,1,70,,10720,55,,,1,30,,10691,55,,,1,71,,10695,55,,,1,36,,10704,55,,,1,66,,10697,55,,,1,30,,10724,55,,,1,70,,10692,55,,,1,30,,10693,55,,,1,72,,10701,55,,,1,31,,10688,55,,,1,72,,10698,55,,,1,39,,10708,55,,,1,62,,10706,55,,,1,28,,10700,55,,,1,69,,10707,55,,,1,36,,10702,55,,,1,60,,10713,55,,,1,30,,10699,55,,,1,70,,10709,55,,,1,30,,10711,55,,,1,73,,10703,55,,,1,98,,10715,55,,,1,99,,10710,55,,,1,103,,10714,55,,,1
7402,'DIM',640,,10786,68,,,2,101,,10789,68,,,2,101,,6451,68,,,2,100,,10790,68,,,2,101,,10788,68,,,2,100,,10787,68,,,2,101,,10793,68,,,2,100,,10792,68,,,2,103,,10794,68,,,2,99,,10791,68,,,2,99,,10781,68,,,2,103,,10780,68,,,2,98,,10782,68,,,2,98,,10783,68,,,2,100,,6443,68,,,2,100,,10784,68,,,2,98,,10785,68,,,2
7402,'SAM',640,,10802,68,,,2,101,,10806,68,,,2,101,,10804,68,,,2,100,,10801,68,,,2,101,,10805,68,,,2,100,,10807,68,,,2,101,,10810,68,,,2,101,,10803,68,,,2,100,,10808,68,,,2,101,,10811,68,,,2,100,,10809,68,,,2,101,,10795,68,,,2,99,,10797,68,,,2,98,,10799,68,,,2,100,,10798,68,,,2,100,,10800,68,,,2,98,,10796,68,,,2
7402,'SEM',558,,10825,68,,,2,89,,10830,68,,,2,60,,10813,68,,,2,40,,10824,68,,,2,100,,10814,68,,,2,99,,10812,68,,,2,99,,10816,68,,,2,101,,10826,68,,,2,97,,10829,68,,,2,100,,10815,68,,,2,101,,10828,68,,,2,102,,10827,68,,,2,100,,10817,68,,,2,97,,10818,68,,,2,100,,10821,68,,,2,99,,10823,68,,,2,99,,10819,68,,,2,103,,10820,68,,,2,98,,10822,68,,,2
