201,'SAM',2556,,6701,15,,,1,81,,6703,15,,,1,84,,6702,15,,,1
201,'SEM',2517,,6704,15,,,1,24,,6705,15,,,1,81,,6706,15,,,1,81,,6707,15,,,1
1704,'DIM',514,,6858,48,,,1,90,,6859,48,,,1,101,,6863,48,,,1,103,,6857,48,,,1,101,,165,48,,,1,101,,6861,48,,,1,102,,6862,48,,,1,100,,6864,48,,,1,101,,6865,48,,,1,101,,6860,48,,,1,102,,6846,48,,,1,99,,6847,48,,,1,100,,6850,48,,,1,100,,6852,48,,,1,98,,6851,48,,,1,98,,6849,48,,,1,100,,6853,48,,,1,98,,6856,48,,,1,98,,6848,48,,,1,99,,6854,48,,,1,96,,6855,48,,,1
1704,'SAM',514,,6878,48,,,1,90,,6879,48,,,1,101,,6885,48,,,1,103,,6882,48,,,1,101,,6877,48,,,1,101,,6881,48,,,1,102,,6886,48,,,1,100,,6884,48,,,1,101,,6883,48,,,1,101,,6880,48,,,1,101,,6867,48,,,1,100,,6868,48,,,1,101,,6870,48,,,1,99,,6872,48,,,1,98,,6866,48,,,1,98,,6874,48,,,1,100,,6871,48,,,1,98,,6869,48,,,1,98,,6873,48,,,1,99,,6875,48,,,1,96,,6876,48,,,1
1704,'SEM',526,,6901,48,,,1,94,,6906,48,,,1,23,,6909,48,,,1,62,,6888,48,,,1,27,,6892,48,,,1,76,,6893,48,,,1,21,,6887,48,,,1,98,,6890,48,,,1,85,,6891,48,,,1,100,,6894,48,,,1,100,,6905,48,,,1,100,,6907,48,,,1,100,,6896,48,,,1,103,,6908,48,,,1,101,,6889,48,,,1,105,,6897,48,,,1,94,,6895,48,,,1,97,,6898,48,,,1,100,,6903,48,,,1,100,,6904,48,,,1,99,,6899,48,,,1,99,,6900,48,,,1,99,,6902,48,,,1
2704,'DIM',801,,7675,53,,,2,101,,7676,53,,,2,100,,7671,53,,,2,99,,7673,53,,,2,99,,7674,53,,,2,103,,7670,53,,,2,55,,7677,53,,,2,147,,7672,53,,,2,100,,7663,53,,,2,100,,7667,53,,,2,100,,7668,53,,,2,98,,7664,53,,,2,100,,7666,53,,,2,98,,7665,53,,,2,100,,7669,53,,,2,100,,7662,53,,,2
2704,'SAM',700,,7690,53,,,2,101,,7686,53,,,2,101,,7687,53,,,2,100,,7685,53,,,2,99,,7694,53,,,2,101,,7689,53,,,2,101,,7692,53,,,2,54,,7688,53,,,2,148,,7691,53,,,2,100,,7681,53,,,2,100,,7682,53,,,2,53,,7684,53,,,2,145,,7693,53,,,2,100,,7680,53,,,2,98,,7683,53,,,2,100,,7678,53,,,2,100,,7679,53,,,2
2704,'SEM',624,,7716,53,,,2,28,,7696,53,,,2,68,,7713,53,,,2,29,,7699,53,,,2,68,,7700,53,,,2,28,,7718,53,,,2,66,,7715,53,,,2,48,,7714,53,,,2,100,,7703,53,,,2,148,,7695,53,,,2,95,,7717,53,,,2,48,,7698,53,,,2,106,,7697,53,,,2,147,,7708,53,,,2,37,,7709,53,,,2,80,,7704,53,,,2,13,,7701,53,,,2,70,,7702,53,,,2,31,,7706,53,,,2,75,,7711,53,,,2,100,,7707,53,,,2,45,,7710,53,,,2,94,,7705,53,,,2,104,,7712,53,,,2
3104,'DIM',634,,7789,58,,,1,104,,7790,58,,,1,100,,7788,58,,,1,102,,7794,58,,,1,102,,7795,58,,,1,100,,7793,58,,,1,100,,7791,58,,,1,103,,7779,58,,,1,101,,7792,58,,,1,100,,7778,58,,,1,101,,7777,58,,,1,99,,7782,58,,,1,97,,7784,58,,,1,102,,7783,58,,,1,96,,7785,58,,,1,99,,7781,58,,,1,99,,7780,58,,,1,97,,7786,58,,,1,102,,7787,58,,,1
3104,'SAM',534,,1137,58,,,1,100,,7805,58,,,1,104,,7808,58,,,1,100,,7807,58,,,1,102,,7810,58,,,1,102,,7813,58,,,1,100,,7814,58,,,1,100,,7809,58,,,1,102,,7804,58,,,1,101,,7811,58,,,1,101,,7806,58,,,1,101,,7812,58,,,1,100,,7800,58,,,1,97,,7802,58,,,1,99,,7798,58,,,1,99,,7803,58,,,1,98,,7796,58,,,1,99,,7797,58,,,1,97,,7799,58,,,1,102,,7801,58,,,1
3104,'SEM',458,,7823,58,,,1,77,,7824,58,,,1,93,,7835,58,,,1,22,,7837,58,,,1,64,,7817,58,,,1,34,,7836,58,,,1,68,,7833,58,,,1,29,,7831,58,,,1,75,,7832,58,,,1,22,,7834,58,,,1,100,,7815,58,,,1,102,,7816,58,,,1,100,,7819,58,,,1,101,,7838,58,,,1,100,,7818,58,,,1,102,,7821,58,,,1,100,,7822,58,,,1,96,,7820,58,,,1,103,,7825,58,,,1,96,,7830,58,,,1,104,,7829,58,,,1,98,,7826,58,,,1,101,,7827,58,,,1,100,,7828,58,,,1
4304,'DIM',510,,8722,33,,,1,103,,8716,33,,,1,100,,8712,33,,,1,102,,8714,33,,,1,102,,8719,33,,,1,100,,8717,33,,,1,106,,8718,33,,,1,100,,8715,33,,,1,100,,8723,33,,,1,100,,8720,33,,,1,104,,8721,33,,,1,99,,8704,33,,,1,99,,8705,33,,,1,101,,8707,33,,,1,94,,8710,33,,,1,98,,8709,33,,,1,99,,8706,33,,,1,99,,8708,33,,,1,100,,8713,33,,,1,100,,8711,33,,,1
4304,'SAM',510,,8740,33,,,1,103,,8737,33,,,1,100,,8734,33,,,1,102,,8725,33,,,1,102,,8741,33,,,1,100,,8726,33,,,1,106,,8727,33,,,1,100,,8738,33,,,1,100,,8735,33,,,1,100,,8742,33,,,1,103,,8736,33,,,1,101,,8739,33,,,1,98,,8724,33,,,1,97,,8743,33,,,1,98,,8731,33,,,1,98,,8728,33,,,1,99,,2109,33,,,1,99,,8729,33,,,1,100,,8730,33,,,1,100,,8733,33,,,1,98,,8732,33,,,1
4304,'SEM',526,,8765,33,,,1,76,,8771,33,,,1,35,,8744,33,,,1,66,,8746,33,,,1,21,,8769,33,,,1,31,,8745,33,,,1,73,,8770,33,,,1,73,,8749,33,,,1,35,,8766,33,,,1,68,,8772,33,,,1,31,,8748,33,,,1,70,,8767,33,,,1,30,,8755,33,,,1,70,,8751,33,,,1,30,,8774,33,,,1,70,,8773,33,,,1,30,,8768,33,,,1,72,,8752,33,,,1,29,,8753,33,,,1,70,,8757,33,,,1,36,,8775,33,,,1,66,,8747,33,,,1,26,,8754,33,,,1,70,,8750,33,,,1,96,,8756,33,,,1,56,,8761,33,,,1,100,,8763,33,,,1,101,,8764,33,,,1,99,,8758,33,,,1,101,,8759,33,,,1,150,,8760,33,,,1,20,,8762,33,,,1
4804,'DIM',610,,9112,63,,,1,110,,9116,63,,,1,104,,9113,63,,,1,109,,9117,63,,,1,107,,9120,63,,,1,101,,9103,63,,,1,103,,9114,63,,,1,100,,9115,63,,,1,97,,9119,63,,,1,105,,9105,63,,,1,101,,9118,63,,,1,101,,9104,63,,,1,97,,9110,63,,,1,95,,9106,63,,,1,94,,9111,63,,,1,97,,9108,63,,,1,100,,9107,63,,,1,94,,9109,63,,,1
4804,'SAM',610,,9131,63,,,1,110,,2518,63,,,1,104,,9133,63,,,1,108,,9135,63,,,1,108,,9139,63,,,1,101,,9132,63,,,1,102,,9138,63,,,1,100,,9134,63,,,1,97,,9136,63,,,1,106,,9137,63,,,1,101,,9124,63,,,1,101,,9127,63,,,1,97,,9125,63,,,1,95,,9128,63,,,1,94,,9122,63,,,1,97,,9121,63,,,1,98,,9123,63,,,1,96,,9129,63,,,1,97,,9130,63,,,1,33,,9126,63,,,1
4804,'SEM',542,,9142,63,,,1,81,,9160,63,,,1,32,,9140,63,,,1,73,,9143,63,,,1,27,,9147,63,,,1,79,,9162,63,,,1,70,,9161,63,,,1,30,,9164,63,,,1,70,,9150,63,,,1,31,,9149,63,,,1,71,,9144,63,,,1,101,,9151,63,,,1,100,,9163,63,,,1,100,,9148,63,,,1,102,,9145,63,,,1,39,,9141,63,,,1,107,,9146,63,,,1,96,,9157,63,,,1,67,,9159,63,,,1,102,,9154,63,,,1,114,,9158,63,,,1,99,,9152,63,,,1,97,,9153,63,,,1,96,,9155,63,,,1,97,,9156,63,,,1
5802,'DIM',627,,9712,61,,,2,101,,9719,61,,,2,93,,9716,61,,,2,101,,9720,61,,,2,100,,9723,61,,,2,99,,9715,61,,,2,101,,9725,61,,,2,100,,9722,61,,,2,102,,9718,61,,,2,99,,9721,61,,,2,101,,9717,61,,,2,99,,9711,61,,,2,101,,9724,61,,,2,100,,9708,61,,,2,99,,9714,61,,,2,98,,9710,61,,,2,98,,9709,61,,,2,97,,9713,61,,,2
5802,'SAM',627,,9743,61,,,2,101,,9735,61,,,2,93,,9734,61,,,2,101,,9739,61,,,2,100,,9737,61,,,2,99,,9740,61,,,2,101,,9742,61,,,2,100,,9726,61,,,2,99,,9733,61,,,2,101,,9738,61,,,2,101,,9736,61,,,2,101,,9741,61,,,2,100,,9728,61,,,2,100,,9731,61,,,2,99,,9727,61,,,2,98,,9732,61,,,2,98,,9729,61,,,2,97,,9730,61,,,2
5802,'SEM',548,,9762,61,,,2,75,,9755,61,,,2,22,,9754,61,,,2,80,,9763,61,,,2,75,,9765,61,,,2,29,,9747,61,,,2,73,,9746,61,,,2,43,,9750,61,,,2,100,,9766,61,,,2,100,,9744,61,,,2,100,,9751,61,,,2,100,,9764,61,,,2,100,,9745,61,,,2,65,,9748,61,,,2,30,,9752,61,,,2,104,,9758,61,,,2,71,,9749,61,,,2,93,,9753,61,,,2,96,,9760,61,,,2,98,,9759,61,,,2,100,,9761,61,,,2,57,,9757,61,,,2,99,,9756,61,,,2
6001,'DIM',816,,9768,57,,,1,103,,9776,57,,,1,102,,9774,57,,,1,104,,9775,57,,,1,102,,9777,57,,,1,102,,9780,57,,,1,102,,9778,57,,,1,100,,9781,57,,,1,100,,9779,57,,,1,102,,9782,57,,,1,91,,9783,57,,,1,99,,9770,57,,,1,98,,9772,57,,,1,97,,9771,57,,,1,99,,9773,57,,,1,99,,9767,57,,,1,100,,9769,57,,,1
6001,'SAM',712,,9790,57,,,1,104,,9795,57,,,1,103,,9786,57,,,1,102,,9798,57,,,1,103,,9800,57,,,1,103,,9796,57,,,1,102,,9799,57,,,1,102,,9797,57,,,1,100,,9785,57,,,1,100,,9801,57,,,1,102,,9784,57,,,1,91,,9788,57,,,1,100,,9793,57,,,1,97,,9789,57,,,1,97,,9791,57,,,1,99,,9794,57,,,1,99,,9787,57,,,1,100,,9792,57,,,1
6001,'SEM',558,,9816,57,,,1,142,,9802,57,,,1,47,,9820,57,,,1,78,,9814,57,,,1,77,,9818,57,,,1,101,,9804,57,,,1,101,,9821,57,,,1,101,,9819,57,,,1,104,,9805,57,,,1,100,,9803,57,,,1,102,,9815,57,,,1,102,,9817,57,,,1,99,,9806,57,,,1,102,,9810,57,,,1,95,,9808,57,,,1,49,,9813,57,,,1,98,,9811,57,,,1,98,,9807,57,,,1,98,,9809,57,,,1,94,,9812,57,,,1
7001,'DIM',743,,10411,81,,,1,102,,10401,81,,,1,99,,10409,81,,,1,100,,10412,81,,,1,69,,10415,81,,,1,31,,10410,81,,,1,70,,10417,81,,,1,28,,10416,81,,,1,70,,10413,81,,,1,35,,10414,81,,,1,69,,10418,81,,,1,27,,10394,81,,,1,74,,10419,81,,,1,25,,10397,81,,,1,75,,10398,81,,,1,27,,10399,81,,,1,73,,10396,81,,,1,33,,10402,81,,,1,73,,10405,81,,,1,29,,10400,81,,,1,94,,10406,81,,,1,98,,10403,81,,,1,100,,10395,81,,,1,99,,10407,81,,,1,100,,10408,81,,,1,99,,10404,81,,,1
7001,'SAM',743,,10436,81,,,1,102,,10441,81,,,1,99,,10443,81,,,1,100,,10444,81,,,1,68,,10442,81,,,1,32,,10420,81,,,1,69,,10445,81,,,1,29,,10440,81,,,1,70,,10421,81,,,1,34,,10437,81,,,1,68,,10422,81,,,1,33,,10438,81,,,1,70,,10424,81,,,1,25,,10439,81,,,1,73,,10427,81,,,1,29,,10429,81,,,1,73,,10426,81,,,1,34,,10428,81,,,1,72,,10432,81,,,1,29,,10430,81,,,1,94,,10434,81,,,1,98,,10423,81,,,1,100,,10425,81,,,1,98,,10435,81,,,1,101,,10433,81,,,1,99,,10431,81,,,1
7001,'SEM',555,,10472,81,,,1,73,,10450,81,,,1,29,,10473,81,,,1,58,,10474,81,,,1,19,,10469,81,,,1,68,,10480,81,,,1,24,,10461,81,,,1,24,,10447,81,,,1,69,,10479,81,,,1,30,,10476,81,,,1,71,,10477,81,,,1,29,,10458,81,,,1,71,,10481,81,,,1,29,,10449,81,,,1,72,,10454,81,,,1,28,,10478,81,,,1,70,,10448,81,,,1,30,,10446,81,,,1,72,,10475,81,,,1,30,,10453,81,,,1,79,,10456,81,,,1,24,,10452,81,,,1,51,,10459,81,,,1,49,,10451,81,,,1,77,,10463,81,,,1,27,,10466,81,,,1,73,,10467,81,,,1,25,,10455,81,,,1,78,,10464,81,,,1,84,,10460,81,,,1,33,,10457,81,,,1,108,,10465,81,,,1,98,,10462,81,,,1,99,,10470,81,,,1,99,,10468,81,,,1,167,,10471,81,,,1
7304,'DIM',549,,10665,76,,,1,70,,10654,76,,,1,103,,10658,76,,,1,101,,10661,76,,,1,102,,10657,76,,,1,102,,10659,76,,,1,100,,10662,76,,,1,100,,10666,76,,,1,102,,10660,76,,,1,101,,10663,76,,,1,101,,10656,76,,,1,100,,10664,76,,,1,100,,10667,76,,,1,99,,10650,76,,,1,99,,10647,76,,,1,97,,10653,76,,,1,99,,10649,76,,,1,99,,10648,76,,,1,97,,10651,76,,,1,101,,10652,76,,,1,99,,10655,76,,,1
7304,'SAM',549,,10686,76,,,1,70,,10676,76,,,1,103,,10681,76,,,1,101,,10678,76,,,1,102,,10677,76,,,1,102,,10682,76,,,1,100,,10684,76,,,1,101,,10680,76,,,1,101,,10671,76,,,1,101,,10683,76,,,1,101,,10679,76,,,1,100,,10685,76,,,1,100,,10687,76,,,1,99,,10670,76,,,1,98,,10668,76,,,1,98,,10669,76,,,1,99,,10673,76,,,1,99,,10672,76,,,1,97,,4131,76,,,1,101,,10674,76,,,1,99,,4133,76,,,1,100,,10675,76,,,1,99,,4134,76,,,1
7304,'SEM',511,,10719,76,,,1,42,,10716,76,,,1,82,,10722,76,,,1,18,,10725,76,,,1,73,,10721,76,,,1,15,,10718,76,,,1,14,,10694,76,,,1,68,,10696,76,,,1,14,,10717,76,,,1,15,,10723,76,,,1,65,,10712,76,,,1,31,,10690,76,,,1,80,,10689,76,,,1,29,,10705,76,,,1,70,,10720,76,,,1,30,,10691,76,,,1,71,,10695,76,,,1,76,,10704,76,,,1,26,,10697,76,,,1,70,,10724,76,,,1,30,,10692,76,,,1,70,,10693,76,,,1,33,,10701,76,,,1,71,,10688,76,,,1,32,,10698,76,,,1,78,,10708,76,,,1,22,,10706,76,,,1,67,,10700,76,,,1,29,,10707,76,,,1,76,,10702,76,,,1,20,,10713,76,,,1,29,,10699,76,,,1,70,,10709,76,,,1,29,,10711,76,,,1,73,,10703,76,,,1,96,,10715,76,,,1,99,,10710,76,,,1,102,,10714,76,,,1
7402,'DIM',650,,10786,89,,,2,102,,10789,89,,,2,101,,6451,89,,,2,102,,10790,89,,,2,102,,10788,89,,,2,100,,10787,89,,,2,101,,10793,89,,,2,100,,10792,89,,,2,143,,10794,89,,,2,99,,10791,89,,,2,59,,10781,89,,,2,141,,10780,89,,,2,58,,10782,89,,,2,98,,10783,89,,,2,99,,6443,89,,,2,100,,10784,89,,,2,97,,10785,89,,,2
7402,'SAM',650,,10802,89,,,2,102,,10806,89,,,2,101,,10804,89,,,2,102,,10801,89,,,2,102,,10805,89,,,2,100,,10807,89,,,2,101,,10810,89,,,2,101,,10803,89,,,2,100,,10808,89,,,2,141,,10811,89,,,2,100,,10809,89,,,2,59,,10795,89,,,2,99,,10797,89,,,2,98,,10799,89,,,2,99,,10798,89,,,2,100,,10800,89,,,2,97,,10796,89,,,2
7402,'SEM',609,,10825,89,,,2,50,,10830,89,,,2,60,,10813,89,,,2,82,,10824,89,,,2,100,,10814,89,,,2,99,,10812,89,,,2,59,,10816,89,,,2,141,,10826,89,,,2,57,,10829,89,,,2,100,,10815,89,,,2,102,,10828,89,,,2,142,,10827,89,,,2,100,,10817,89,,,2,56,,10818,89,,,2,100,,10821,89,,,2,97,,10823,89,,,2,99,,10819,89,,,2,102,,10820,89,,,2,97,,10822,89,,,2
34504,'SEM',2528,,11613,38,,,1,118,,11612,38,,,1
