1704,'DIM',459,,6858,19,,,1,90,,6859,19,,,1,100,,6863,19,,,1,102,,6857,19,,,1,100,,165,19,,,1,100,,6861,19,,,1,101,,6862,19,,,1,100,,6864,19,,,1,101,,6865,19,,,1,101,,6860,19,,,1,102,,6846,19,,,1,99,,6847,19,,,1,100,,6850,19,,,1,101,,6852,19,,,1,99,,6851,19,,,1,98,,6849,19,,,1,100,,6853,19,,,1,100,,6856,19,,,1,99,,6848,19,,,1,99,,6854,19,,,1,96,,6855,19,,,1
1704,'SAM',459,,6878,19,,,1,90,,6879,19,,,1,100,,6885,19,,,1,102,,6882,19,,,1,100,,6877,19,,,1,100,,6881,19,,,1,101,,6886,19,,,1,100,,6884,19,,,1,101,,6883,19,,,1,101,,6880,19,,,1,101,,6867,19,,,1,100,,6868,19,,,1,101,,6870,19,,,1,100,,6872,19,,,1,99,,6866,19,,,1,98,,6874,19,,,1,100,,6871,19,,,1,100,,6869,19,,,1,99,,6873,19,,,1,99,,6875,19,,,1,96,,6876,19,,,1
1704,'SEM',511,,6901,19,,,1,92,,6906,19,,,1,22,,6909,19,,,1,22,,6888,19,,,1,67,,6892,19,,,1,35,,6893,19,,,1,61,,6887,19,,,1,98,,6890,19,,,1,44,,6891,19,,,1,100,,6894,19,,,1,100,,6905,19,,,1,100,,6907,19,,,1,100,,6896,19,,,1,102,,6908,19,,,1,100,,6889,19,,,1,105,,6897,19,,,1,96,,6895,19,,,1,98,,6898,19,,,1,101,,6903,19,,,1,100,,6904,19,,,1,100,,6899,19,,,1,100,,6900,19,,,1,100,,6902,19,,,1
3104,'DIM',619,,7789,29,,,1,102,,7790,29,,,1,100,,7788,29,,,1,101,,7794,29,,,1,100,,7795,29,,,1,100,,7793,29,,,1,100,,7791,29,,,1,103,,7779,29,,,1,101,,7792,29,,,1,100,,7778,29,,,1,101,,7777,29,,,1,99,,7782,29,,,1,98,,7784,29,,,1,103,,7783,29,,,1,96,,7785,29,,,1,100,,7781,29,,,1,100,,7780,29,,,1,98,,7786,29,,,1,102,,7787,29,,,1
3104,'SAM',520,,1137,29,,,1,99,,7805,29,,,1,102,,7808,29,,,1,100,,7807,29,,,1,101,,7810,29,,,1,100,,7813,29,,,1,100,,7814,29,,,1,100,,7809,29,,,1,102,,7804,29,,,1,101,,7811,29,,,1,101,,7806,29,,,1,101,,7812,29,,,1,100,,7800,29,,,1,98,,7802,29,,,1,100,,7798,29,,,1,99,,7803,29,,,1,99,,7796,29,,,1,100,,7797,29,,,1,98,,7799,29,,,1,102,,7801,29,,,1
3104,'SEM',443,,7823,29,,,1,77,,7824,29,,,1,90,,7835,29,,,1,21,,7837,29,,,1,23,,7817,29,,,1,74,,7836,29,,,1,28,,7833,29,,,1,69,,7831,29,,,1,75,,7832,29,,,1,21,,7834,29,,,1,100,,7815,29,,,1,101,,7816,29,,,1,100,,7819,29,,,1,101,,7838,29,,,1,100,,7818,29,,,1,102,,7821,29,,,1,100,,7822,29,,,1,96,,7820,29,,,1,105,,7825,29,,,1,97,,7830,29,,,1,105,,7829,29,,,1,99,,7826,29,,,1,102,,7827,29,,,1,100,,7828,29,,,1
3904,'DIM',821,,8142,19,,,1,112,,8136,19,,,1,82,,8143,19,,,1,30,,8146,19,,,1,73,,8137,19,,,1,27,,8135,19,,,1,73,,8145,19,,,1,29,,8140,19,,,1,74,,8129,19,,,1,27,,8144,19,,,1,70,,8138,19,,,1,31,,8139,19,,,1,72,,8128,19,,,1,30,,8141,19,,,1,71,,8124,19,,,1,31,,8125,19,,,1,68,,8130,19,,,1,28,,8131,19,,,1,69,,8132,19,,,1,83,,8133,19,,,1,58,,8126,19,,,1,100,,8134,19,,,1,100,,8127,19,,,1
3904,'SAM',821,,8162,19,,,1,112,,8155,19,,,1,82,,8166,19,,,1,30,,8156,19,,,1,70,,8147,19,,,1,30,,8153,19,,,1,76,,8159,19,,,1,26,,8157,19,,,1,74,,8163,19,,,1,27,,8154,19,,,1,70,,8160,19,,,1,31,,8161,19,,,1,71,,8167,19,,,1,31,,8158,19,,,1,72,,8164,19,,,1,24,,8165,19,,,1,74,,8168,19,,,1,28,,8169,19,,,1,69,,8148,19,,,1,86,,8149,19,,,1,97,,8151,19,,,1,58,,8150,19,,,1,100,,8152,19,,,1
3904,'SEM',615,,8193,19,,,1,27,,8186,19,,,1,14,,8192,19,,,1,51,,8174,19,,,1,29,,8189,19,,,1,71,,8170,19,,,1,31,,8187,19,,,1,70,,8194,19,,,1,35,,8172,19,,,1,68,,8173,19,,,1,33,,8184,19,,,1,69,,8188,19,,,1,31,,8190,19,,,1,68,,8181,19,,,1,32,,8185,19,,,1,67,,8191,19,,,1,38,,8171,19,,,1,74,,8176,19,,,1,30,,8178,19,,,1,71,,8179,19,,,1,101,,8195,19,,,1,112,,8182,19,,,1,99,,8183,19,,,1,104,,8175,19,,,1,100,,8177,19,,,1,94,,8180,19,,,1
7304,'DIM',534,,10665,47,,,1,70,,10654,47,,,1,102,,10658,47,,,1,101,,10661,47,,,1,100,,10657,47,,,1,101,,10659,47,,,1,100,,10662,47,,,1,100,,10666,47,,,1,102,,10660,47,,,1,101,,10663,47,,,1,101,,10656,47,,,1,100,,10664,47,,,1,100,,10667,47,,,1,100,,10650,47,,,1,99,,10647,47,,,1,97,,10653,47,,,1,100,,10649,47,,,1,99,,10648,47,,,1,99,,10651,47,,,1,101,,10652,47,,,1,99,,10655,47,,,1
7304,'SAM',534,,10686,47,,,1,70,,10676,47,,,1,102,,10681,47,,,1,101,,10678,47,,,1,100,,10677,47,,,1,101,,10682,47,,,1,100,,10684,47,,,1,101,,10680,47,,,1,101,,10671,47,,,1,101,,10683,47,,,1,101,,10679,47,,,1,100,,10685,47,,,1,100,,10687,47,,,1,100,,10670,47,,,1,98,,10668,47,,,1,98,,10669,47,,,1,100,,10673,47,,,1,99,,10672,47,,,1,99,,4131,47,,,1,101,,10674,47,,,1,99,,4133,47,,,1,100,,10675,47,,,1,100,,4134,47,,,1
7304,'SEM',456,,10719,47,,,1,81,,10716,47,,,1,81,,10722,47,,,1,18,,10725,47,,,1,71,,10721,47,,,1,14,,10718,47,,,1,14,,10694,47,,,1,68,,10696,47,,,1,14,,10717,47,,,1,15,,10723,47,,,1,25,,10712,47,,,1,71,,10690,47,,,1,80,,10689,47,,,1,29,,10705,47,,,1,70,,10720,47,,,1,30,,10691,47,,,1,70,,10695,47,,,1,36,,10704,47,,,1,66,,10697,47,,,1,30,,10724,47,,,1,70,,10692,47,,,1,30,,10693,47,,,1,72,,10701,47,,,1,31,,10688,47,,,1,72,,10698,47,,,1,39,,10708,47,,,1,62,,10706,47,,,1,28,,10700,47,,,1,69,,10707,47,,,1,37,,10702,47,,,1,60,,10713,47,,,1,30,,10699,47,,,1,70,,10709,47,,,1,30,,10711,47,,,1,73,,10703,47,,,1,97,,10715,47,,,1,100,,10710,47,,,1,103,,10714,47,,,1
