1704,'DIM',454,,6858,5,,,1,89,,6859,5,,,1,100,,6863,5,,,1,102,,6857,5,,,1,99,,165,5,,,1,100,,6861,5,,,1,101,,6862,5,,,1,100,,6864,5,,,1,100,,6865,5,,,1,101,,6860,5,,,1,103,,6846,5,,,1,99,,6847,5,,,1,100,,6850,5,,,1,101,,6852,5,,,1,99,,6851,5,,,1,98,,6849,5,,,1,100,,6853,5,,,1,101,,6856,5,,,1,99,,6848,5,,,1,100,,6854,5,,,1,96,,6855,5,,,1
1704,'SAM',454,,6878,5,,,1,89,,6879,5,,,1,100,,6885,5,,,1,102,,6882,5,,,1,99,,6877,5,,,1,100,,6881,5,,,1,101,,6886,5,,,1,100,,6884,5,,,1,100,,6883,5,,,1,101,,6880,5,,,1,102,,6867,5,,,1,100,,6868,5,,,1,101,,6870,5,,,1,100,,6872,5,,,1,99,,6866,5,,,1,98,,6874,5,,,1,100,,6871,5,,,1,101,,6869,5,,,1,99,,6873,5,,,1,100,,6875,5,,,1,96,,6876,5,,,1
1704,'SEM',505,,6901,5,,,1,52,,6906,5,,,1,62,,6909,5,,,1,21,,6888,5,,,1,66,,6892,5,,,1,35,,6893,5,,,1,61,,6887,5,,,1,98,,6890,5,,,1,45,,6891,5,,,1,100,,6894,5,,,1,100,,6905,5,,,1,100,,6907,5,,,1,100,,6896,5,,,1,102,,6908,5,,,1,100,,6889,5,,,1,105,,6897,5,,,1,96,,6895,5,,,1,98,,6898,5,,,1,101,,6903,5,,,1,101,,6904,5,,,1,100,,6899,5,,,1,100,,6900,5,,,1,100,,6902,5,,,1
3904,'DIM',814,,8142,5,,,1,112,,8136,5,,,1,82,,8143,5,,,1,30,,8146,5,,,1,73,,8137,5,,,1,27,,8135,5,,,1,73,,8145,5,,,1,29,,8140,5,,,1,74,,8129,5,,,1,27,,8144,5,,,1,70,,8138,5,,,1,31,,8139,5,,,1,72,,8128,5,,,1,30,,8141,5,,,1,71,,8124,5,,,1,31,,8125,5,,,1,68,,8130,5,,,1,28,,8131,5,,,1,70,,8132,5,,,1,43,,8133,5,,,1,98,,8126,5,,,1,100,,8134,5,,,1,100,,8127,5,,,1
3904,'SAM',814,,8162,5,,,1,112,,8155,5,,,1,82,,8166,5,,,1,30,,8156,5,,,1,70,,8147,5,,,1,30,,8153,5,,,1,76,,8159,5,,,1,26,,8157,5,,,1,74,,8163,5,,,1,27,,8154,5,,,1,70,,8160,5,,,1,31,,8161,5,,,1,71,,8167,5,,,1,31,,8158,5,,,1,72,,8164,5,,,1,24,,8165,5,,,1,74,,8168,5,,,1,28,,8169,5,,,1,70,,8148,5,,,1,46,,8149,5,,,1,97,,8151,5,,,1,98,,8150,5,,,1,100,,8152,5,,,1
3904,'SEM',609,,8193,5,,,1,27,,8186,5,,,1,14,,8192,5,,,1,51,,8174,5,,,1,29,,8189,5,,,1,71,,8170,5,,,1,31,,8187,5,,,1,70,,8194,5,,,1,35,,8172,5,,,1,67,,8173,5,,,1,33,,8184,5,,,1,69,,8188,5,,,1,31,,8190,5,,,1,68,,8181,5,,,1,32,,8185,5,,,1,67,,8191,5,,,1,38,,8171,5,,,1,74,,8176,5,,,1,30,,8178,5,,,1,71,,8179,5,,,1,101,,8195,5,,,1,112,,8182,5,,,1,99,,8183,5,,,1,105,,8175,5,,,1,100,,8177,5,,,1,94,,8180,5,,,1
4504,'DIM',611,,8845,5,,,1,100,,8838,5,,,1,99,,8846,5,,,1,101,,8848,5,,,1,99,,8852,5,,,1,97,,8853,5,,,1,102,,8849,5,,,1,98,,8844,5,,,1,108,,8842,5,,,1,98,,8836,5,,,1,100,,8851,5,,,1,96,,8847,5,,,1,101,,8850,5,,,1,103,,8837,5,,,1,101,,8843,5,,,1,101,,8839,5,,,1,100,,8840,5,,,1,100,,8841,5,,,1
4504,'SAM',611,,2249,5,,,1,100,,8867,5,,,1,99,,8864,5,,,1,101,,8868,5,,,1,99,,8866,5,,,1,101,,8855,5,,,1,97,,8865,5,,,1,102,,8854,5,,,1,104,,8860,5,,,1,101,,8869,5,,,1,98,,8857,5,,,1,96,,8870,5,,,1,101,,8858,5,,,1,103,,8862,5,,,1,101,,8856,5,,,1,101,,8861,5,,,1,100,,8859,5,,,1,100,,8863,5,,,1
4504,'SEM',528,,8890,5,,,1,15,,8891,5,,,1,80,,8896,5,,,1,84,,8876,5,,,1,18,,8874,5,,,1,18,,8872,5,,,1,57,,8889,5,,,1,51,,8875,5,,,1,106,,8893,5,,,1,151,,8888,5,,,1,96,,8878,5,,,1,54,,8877,5,,,1,100,,8894,5,,,1,82,,8873,5,,,1,65,,8871,5,,,1,31,,8892,5,,,1,70,,8895,5,,,1,38,,8880,5,,,1,77,,8883,5,,,1,81,,8884,5,,,1,104,,8882,5,,,1,105,,8881,5,,,1,102,,8885,5,,,1,90,,8887,5,,,1,101,,8879,5,,,1,55,,8886,5,,,1
7402,'DIM',626,,10786,44,,,2,101,,10789,44,,,2,101,,6451,44,,,2,100,,10790,44,,,2,100,,10788,44,,,2,100,,10787,44,,,2,101,,10793,44,,,2,100,,10792,44,,,2,103,,10794,44,,,2,99,,10791,44,,,2,99,,10781,44,,,2,103,,10780,44,,,2,98,,10782,44,,,2,99,,10783,44,,,2,100,,6443,44,,,2,100,,10784,44,,,2,99,,10785,44,,,2
7402,'SAM',626,,10802,44,,,2,101,,10806,44,,,2,101,,10804,44,,,2,100,,10801,44,,,2,100,,10805,44,,,2,100,,10807,44,,,2,101,,10810,44,,,2,101,,10803,44,,,2,100,,10808,44,,,2,101,,10811,44,,,2,100,,10809,44,,,2,101,,10795,44,,,2,99,,10797,44,,,2,99,,10799,44,,,2,100,,10798,44,,,2,100,,10800,44,,,2,99,,10796,44,,,2
7402,'SEM',545,,10825,44,,,2,88,,10830,44,,,2,19,,10813,44,,,2,80,,10824,44,,,2,100,,10814,44,,,2,99,,10812,44,,,2,99,,10816,44,,,2,101,,10826,44,,,2,97,,10829,44,,,2,100,,10815,44,,,2,101,,10828,44,,,2,101,,10827,44,,,2,100,,10817,44,,,2,99,,10818,44,,,2,100,,10821,44,,,2,99,,10823,44,,,2,99,,10819,44,,,2,103,,10820,44,,,2,99,,10822,44,,,2
