3903,'DIM',918,,8065,4,,,1,30,,8070,4,,,1,70,,8071,4,,,1,30,,8068,4,,,1,74,,8069,4,,,1,26,,8072,4,,,1,69,,8062,4,,,1,31,,8066,4,,,1,70,,8063,4,,,1,30,,8049,4,,,1,70,,8052,4,,,1,31,,8055,4,,,1,70,,8067,4,,,1,31,,8056,4,,,1,71,,8057,4,,,1,25,,8058,4,,,1,58,,8064,4,,,1,10,,8059,4,,,1,24,,8053,4,,,1,65,,8060,4,,,1,100,,8050,4,,,1,100,,8061,4,,,1,100,,8051,4,,,1,104,,8054,4,,,1
3903,'SAM',918,,8092,4,,,1,30,,8096,4,,,1,70,,8073,4,,,1,30,,8087,4,,,1,74,,8090,4,,,1,26,,8089,4,,,1,70,,8074,4,,,1,30,,8088,4,,,1,70,,8091,4,,,1,30,,8075,4,,,1,70,,8094,4,,,1,31,,8078,4,,,1,70,,8079,4,,,1,31,,8081,4,,,1,71,,8095,4,,,1,25,,8082,4,,,1,58,,8093,4,,,1,11,,8080,4,,,1,23,,8077,4,,,1,69,,8076,4,,,1,98,,8084,4,,,1,98,,8083,4,,,1,100,,8086,4,,,1,104,,8085,4,,,1
3903,'SEM',708,,8120,4,,,1,99,,8102,4,,,1,104,,8100,4,,,1,33,,8104,4,,,1,69,,8121,4,,,1,31,,8122,4,,,1,68,,8115,4,,,1,31,,8119,4,,,1,67,,8123,4,,,1,38,,8099,4,,,1,73,,8106,4,,,1,27,,8108,4,,,1,71,,8109,4,,,1,34,,8098,4,,,1,77,,8116,4,,,1,23,,8110,4,,,1,68,,8101,4,,,1,25,,8103,4,,,1,75,,8111,4,,,1,80,,8112,4,,,1,40,,8105,4,,,1,99,,8107,4,,,1,97,,8113,4,,,1,103,,8117,4,,,1,100,,8114,4,,,1,88,,8118,4,,,1
5001,'DIM',521,,9169,4,,,1,100,,9177,4,,,1,100,,9165,4,,,1,96,,9182,4,,,1,100,,9174,4,,,1,32,,9184,4,,,1,77,,9176,4,,,1,23,,9189,4,,,1,78,,9187,4,,,1,22,,9188,4,,,1,75,,9190,4,,,1,29,,9175,4,,,1,72,,9178,4,,,1,76,,9191,4,,,1,29,,9180,4,,,1,73,,9179,4,,,1,30,,9185,4,,,1,23,,9183,4,,,1,74,,9181,4,,,1,81,,9186,4,,,1,18,,9167,4,,,1,100,,9170,4,,,1,100,,9173,4,,,1,100,,9166,4,,,1,99,,9171,4,,,1,99,,9168,4,,,1,100,,9172,4,,,1
5001,'SAM',521,,9199,4,,,1,100,,9202,4,,,1,100,,9193,4,,,1,96,,9214,4,,,1,100,,9212,4,,,1,38,,9217,4,,,1,70,,9210,4,,,1,24,,9194,4,,,1,78,,9218,4,,,1,22,,9216,4,,,1,75,,9195,4,,,1,29,,9206,4,,,1,72,,9208,4,,,1,76,,9211,4,,,1,29,,9207,4,,,1,73,,9209,4,,,1,30,,9197,4,,,1,23,,9198,4,,,1,74,,9192,4,,,1,79,,9213,4,,,1,21,,9215,4,,,1,99,,9203,4,,,1,100,,9205,4,,,1,100,,9204,4,,,1,99,,9200,4,,,1,99,,9196,4,,,1,100,,9201,4,,,1
5001,'SEM',510,,9241,4,,,1,104,,9246,4,,,1,35,,9242,4,,,1,63,,9220,4,,,1,36,,9219,4,,,1,64,,9222,4,,,1,31,,9249,4,,,1,66,,9250,4,,,1,33,,9245,4,,,1,67,,9221,4,,,1,33,,9225,4,,,1,68,,9244,4,,,1,32,,9231,4,,,1,70,,9247,4,,,1,30,,9226,4,,,1,72,,9243,4,,,1,28,,9248,4,,,1,70,,9224,4,,,1,42,,9223,4,,,1,66,,9235,4,,,1,36,,9227,4,,,1,69,,9228,4,,,1,29,,9234,4,,,1,70,,9229,4,,,1,35,,9233,4,,,1,70,,9236,4,,,1,75,,9237,4,,,1,105,,9232,4,,,1,105,,9230,4,,,1,105,,9239,4,,,1,105,,9238,4,,,1,107,,9240,4,,,1
6001,'DIM',801,,9768,31,,,1,102,,9776,31,,,1,101,,9774,31,,,1,103,,9775,31,,,1,101,,9777,31,,,1,102,,9780,31,,,1,102,,9778,31,,,1,100,,9781,31,,,1,100,,9779,31,,,1,102,,9782,31,,,1,93,,9783,31,,,1,100,,9770,31,,,1,98,,9772,31,,,1,98,,9771,31,,,1,99,,9773,31,,,1,99,,9767,31,,,1,100,,9769,31,,,1
6001,'SAM',659,,9790,31,,,1,142,,9795,31,,,1,102,,9786,31,,,1,101,,9798,31,,,1,102,,9800,31,,,1,102,,9796,31,,,1,102,,9799,31,,,1,102,,9797,31,,,1,100,,9785,31,,,1,100,,9801,31,,,1,102,,9784,31,,,1,93,,9788,31,,,1,101,,9793,31,,,1,97,,9789,31,,,1,98,,9791,31,,,1,99,,9794,31,,,1,99,,9787,31,,,1,100,,9792,31,,,1
6001,'SEM',543,,9816,31,,,1,101,,9802,31,,,1,86,,9820,31,,,1,76,,9814,31,,,1,36,,9818,31,,,1,101,,9804,31,,,1,100,,9821,31,,,1,101,,9819,31,,,1,104,,9805,31,,,1,100,,9803,31,,,1,100,,9815,31,,,1,102,,9817,31,,,1,99,,9806,31,,,1,103,,9810,31,,,1,98,,9808,31,,,1,90,,9813,31,,,1,98,,9811,31,,,1,100,,9807,31,,,1,99,,9809,31,,,1,94,,9812,31,,,1
6304,'DIM',747,,10080,45,,,1,101,,10076,45,,,1,101,,10078,45,,,1,102,,10072,45,,,1,99,,10077,45,,,1,104,,10082,45,,,1,96,,10079,45,,,1,102,,10083,45,,,1,103,,10081,45,,,1,100,,10084,45,,,1,99,,10085,45,,,1,99,,10073,45,,,1,99,,10069,45,,,1,99,,10070,45,,,1,99,,10074,45,,,1,98,,10071,45,,,1,99,,10075,45,,,1
6304,'SAM',647,,10099,45,,,1,100,,10097,45,,,1,101,,10102,45,,,1,101,,10098,45,,,1,102,,10096,45,,,1,99,,10101,45,,,1,104,,10100,45,,,1,96,,10104,45,,,1,102,,10103,45,,,1,103,,10086,45,,,1,102,,10087,45,,,1,97,,10088,45,,,1,99,,10090,45,,,1,99,,10089,45,,,1,99,,10094,45,,,1,99,,10091,45,,,1,98,,10092,45,,,1,99,,10095,45,,,1,98,,10093,45,,,1
6304,'SEM',502,,10132,45,,,1,111,,10128,45,,,1,30,,10137,45,,,1,71,,10120,45,,,1,15,,10131,45,,,1,27,,10134,45,,,1,66,,10136,45,,,1,19,,10135,45,,,1,70,,10109,45,,,1,30,,10110,45,,,1,71,,10111,45,,,1,30,,10105,45,,,1,65,,10108,45,,,1,30,,10133,45,,,1,72,,10123,45,,,1,30,,10116,45,,,1,66,,10129,45,,,1,38,,10106,45,,,1,67,,10107,45,,,1,32,,10117,45,,,1,71,,10130,45,,,1,39,,10138,45,,,1,70,,10113,45,,,1,24,,10112,45,,,1,74,,10118,45,,,1,16,,10115,45,,,1,68,,10124,45,,,1,29,,10119,45,,,1,77,,10122,45,,,1,97,,10114,45,,,1,40,,10125,45,,,1,91,,10127,45,,,1,94,,10121,45,,,1,99,,10126,45,,,1
6504,'DIM',721,,10223,61,,,2,102,,10221,61,,,2,101,,10224,61,,,2,102,,10226,61,,,2,102,,10228,61,,,2,102,,10225,61,,,2,98,,10222,61,,,2,102,,10230,61,,,2,106,,10227,61,,,2,96,,10229,61,,,2,97,,10216,61,,,2,101,,10218,61,,,2,97,,10217,61,,,2,98,,10219,61,,,2,100,,10220,61,,,2,96,,10214,61,,,2,100,,10215,61,,,2
6504,'SAM',721,,10240,61,,,2,102,,10239,61,,,2,101,,10243,61,,,2,102,,10242,61,,,2,102,,10244,61,,,2,101,,10246,61,,,2,98,,10247,61,,,2,103,,10245,61,,,2,105,,10241,61,,,2,97,,10231,61,,,2,97,,10233,61,,,2,101,,10236,61,,,2,99,,10237,61,,,2,96,,3667,61,,,2,100,,10238,61,,,2,96,,10235,61,,,2,100,,10232,61,,,2,99,,10234,61,,,2
6504,'SEM',539,,10271,61,,,2,86,,10281,61,,,2,26,,10250,61,,,2,60,,10259,61,,,2,16,,10266,61,,,2,12,,10279,61,,,2,10,,10249,61,,,2,10,,10280,61,,,2,50,,10276,61,,,2,23,,10251,61,,,2,70,,10253,61,,,2,32,,10268,61,,,2,69,,10284,61,,,2,33,,10254,61,,,2,70,,10255,61,,,2,27,,10273,61,,,2,75,,10256,61,,,2,27,,10283,61,,,2,80,,10277,61,,,2,20,,10278,61,,,2,70,,10282,61,,,2,30,,10258,61,,,2,70,,10261,61,,,2,38,,10252,61,,,2,67,,10265,61,,,2,40,,10267,61,,,2,73,,10248,61,,,2,20,,10260,61,,,2,65,,10257,61,,,2,36,,10272,61,,,2,72,,10274,61,,,2,86,,10263,61,,,2,99,,10262,61,,,2,58,,10264,61,,,2,99,,10269,61,,,2,99,,10270,61,,,2,98,,10275,61,,,2
7601,'DIM',507,,10861,36,,,2,100,,10834,81,,,2,25,,10848,81,,,2,104,,10849,81,,,2,101,,10841,81,,,2,101,,10853,81,,,2,68,,10858,81,,,2,30,,10855,81,,,2,70,,10851,81,,,2,30,,10852,81,,,2,70,,10832,81,,,2,31,,10856,81,,,2,71,,10854,81,,,2,29,,10839,81,,,2,73,,10859,81,,,2,31,,10860,81,,,2,69,,10831,81,,,2,33,,10842,81,,,2,67,,10850,81,,,2,30,,10835,81,,,2,70,,10837,81,,,2,30,,10833,81,,,2,69,,10840,81,,,2,29,,10857,81,,,2,105,,10845,81,,,2,97,,10846,81,,,2,97,,10838,81,,,2,98,,10847,81,,,2,100,,10836,81,,,2,100,,10843,81,,,2,99,,10844,81,,,2
7601,'SAM',507,,10892,36,,,2,100,,10866,81,,,2,25,,10875,81,,,2,104,,10878,81,,,2,101,,10877,81,,,2,101,,10881,81,,,2,68,,10885,81,,,2,30,,10882,81,,,2,70,,10888,81,,,2,30,,10876,81,,,2,70,,10884,81,,,2,32,,10883,81,,,2,70,,10890,81,,,2,29,,10863,81,,,2,73,,10879,81,,,2,31,,10862,81,,,2,69,,10880,81,,,2,33,,10887,81,,,2,67,,10891,81,,,2,30,,10864,81,,,2,70,,10886,81,,,2,30,,10868,81,,,2,69,,10889,81,,,2,31,,10865,81,,,2,103,,10871,81,,,2,97,,10873,81,,,2,97,,10869,81,,,2,98,,10867,81,,,2,100,,10872,81,,,2,100,,10870,81,,,2,99,,10874,81,,,2
7601,'SEM',526,,10893,81,,,2,92,,10914,81,,,2,27,,10921,81,,,2,65,,10929,81,,,2,24,,10899,81,,,2,12,,10924,81,,,2,55,,10901,81,,,2,15,,10922,81,,,2,24,,10926,81,,,2,60,,10896,81,,,2,25,,10900,81,,,2,22,,10894,81,,,2,70,,10923,81,,,2,30,,10897,81,,,2,69,,10919,81,,,2,31,,10895,81,,,2,70,,10925,81,,,2,31,,10904,81,,,2,70,,10920,81,,,2,32,,10903,81,,,2,72,,10906,81,,,2,31,,10928,81,,,2,73,,10907,81,,,2,30,,10898,81,,,2,78,,10927,81,,,2,66,,10902,81,,,2,25,,10905,81,,,2,24,,10911,81,,,2,68,,10915,81,,,2,30,,10917,81,,,2,72,,10913,81,,,2,23,,10909,81,,,2,69,,10918,81,,,2,100,,10916,81,,,2,100,,10908,81,,,2,99,,10910,81,,,2,103,,10912,81,,,2
