1703,'DIM',631,,6801,38,,,1,89,,6794,38,,,1,101,,100,38,,,1,102,,6796,38,,,1,97,,6797,38,,,1,102,,6793,38,,,1,100,,6799,38,,,1,99,,6795,38,,,1,102,,6798,38,,,1,100,,6800,38,,,1,102,,6783,38,,,1,98,,6787,38,,,1,98,,6786,38,,,1,101,,6785,38,,,1,98,,6788,38,,,1,99,,6791,38,,,1,100,,6784,38,,,1,100,,6789,38,,,1,102,,6790,38,,,1,117,,6792,38,,,1
1703,'SAM',553,,6813,38,,,1,78,,6819,38,,,1,89,,121,38,,,1,101,,6810,38,,,1,102,,6812,38,,,1,97,,6814,38,,,1,101,,6818,38,,,1,101,,6816,38,,,1,100,,6811,38,,,1,101,,6817,38,,,1,100,,6815,38,,,1,102,,6820,38,,,1,99,,6821,38,,,1,98,,6802,38,,,1,100,,6807,38,,,1,98,,6804,38,,,1,99,,6803,38,,,1,100,,6805,38,,,1,100,,6808,38,,,1,102,,6809,38,,,1,117,,6806,38,,,1
1703,'SEM',613,,6839,38,,,1,104,,6841,38,,,1,106,,6840,38,,,1,96,,6825,38,,,1,101,,6838,38,,,1,101,,6837,38,,,1,100,,6843,38,,,1,101,,6826,38,,,1,100,,6823,38,,,1,99,,6842,38,,,1,35,,6845,38,,,1,60,,6844,38,,,1,36,,6822,38,,,1,63,,6833,38,,,1,37,,6824,38,,,1,79,,6827,38,,,1,70,,6830,38,,,1,27,,6835,38,,,1,99,,6836,38,,,1,100,,6828,38,,,1,100,,6829,38,,,1,99,,6831,38,,,1,99,,6832,38,,,1,102,,6834,38,,,1
3103,'DIM',650,,7731,40,,,1,101,,7730,40,,,1,100,,1058,40,,,1,100,,7735,40,,,1,100,,7734,40,,,1,100,,7732,40,,,1,102,,7721,40,,,1,101,,7733,40,,,1,99,,7720,40,,,1,101,,7719,40,,,1,99,,7724,40,,,1,98,,7726,40,,,1,103,,7725,40,,,1,96,,7727,40,,,1,101,,7723,40,,,1,100,,7722,40,,,1,99,,7728,40,,,1,100,,7729,40,,,1
3103,'SAM',650,,7748,40,,,1,101,,7747,40,,,1,100,,1075,40,,,1,100,,7752,40,,,1,100,,7753,40,,,1,100,,7749,40,,,1,100,,7745,40,,,1,102,,7750,40,,,1,100,,7746,40,,,1,101,,7751,40,,,1,100,,7740,40,,,1,98,,7742,40,,,1,100,,7738,40,,,1,99,,7743,40,,,1,100,,7736,40,,,1,100,,7737,40,,,1,99,,7739,40,,,1,101,,7741,40,,,1,95,,7744,40,,,1
3103,'SEM',647,,7775,40,,,1,100,,7773,40,,,1,101,,7774,40,,,1,101,,7754,40,,,1,101,,7755,40,,,1,100,,7757,40,,,1,100,,7776,40,,,1,100,,7756,40,,,1,102,,7761,40,,,1,98,,7762,40,,,1,51,,7763,40,,,1,37,,7758,40,,,1,69,,7767,40,,,1,40,,7764,40,,,1,68,,7760,40,,,1,36,,7772,40,,,1,69,,7759,40,,,1,36,,7771,40,,,1,100,,7765,40,,,1,101,,7768,40,,,1,99,,7769,40,,,1,96,,7766,40,,,1,154,,7770,40,,,1
3903,'DIM',854,,1407,51,,,1,100,,8065,61,,,1,70,,8070,61,,,1,31,,8071,61,,,1,70,,8068,61,,,1,34,,8069,61,,,1,66,,8072,61,,,1,29,,8062,61,,,1,71,,8066,61,,,1,30,,8063,61,,,1,71,,8049,61,,,1,30,,8052,61,,,1,72,,8055,61,,,1,30,,8067,61,,,1,71,,8056,61,,,1,30,,8057,61,,,1,65,,8058,61,,,1,18,,8064,61,,,1,10,,8059,61,,,1,64,,8053,61,,,1,25,,8060,61,,,1,98,,8050,61,,,1,100,,8061,61,,,1,98,,8051,61,,,1,104,,8054,61,,,1
3903,'SAM',854,,8097,51,,,1,100,,8092,61,,,1,70,,8096,61,,,1,31,,8073,61,,,1,70,,8087,61,,,1,34,,8090,61,,,1,66,,8089,61,,,1,30,,8074,61,,,1,70,,8088,61,,,1,30,,8091,61,,,1,71,,8075,61,,,1,30,,8094,61,,,1,72,,8078,61,,,1,30,,8079,61,,,1,71,,8081,61,,,1,30,,8095,61,,,1,65,,8082,61,,,1,18,,8093,61,,,1,11,,8080,61,,,1,63,,8077,61,,,1,29,,8076,61,,,1,96,,8084,61,,,1,98,,8083,61,,,1,98,,8086,61,,,1,104,,8085,61,,,1
3903,'SEM',746,,8120,61,,,1,101,,8102,61,,,1,104,,8100,61,,,1,72,,8104,61,,,1,29,,8121,61,,,1,71,,8122,61,,,1,29,,8115,61,,,1,71,,8119,61,,,1,28,,8123,61,,,1,78,,8099,61,,,1,73,,8106,61,,,1,27,,8108,61,,,1,72,,8109,61,,,1,35,,8098,61,,,1,78,,8116,61,,,1,23,,8110,61,,,1,68,,8101,61,,,1,25,,8103,61,,,1,73,,8111,61,,,1,39,,8112,61,,,1,79,,8105,61,,,1,98,,8107,61,,,1,95,,8113,61,,,1,103,,8117,61,,,1,95,,8114,61,,,1,47,,8118,61,,,1
4503,'DIM',658,,8779,39,,,1,100,,8789,39,,,1,101,,8787,39,,,1,99,,8793,39,,,1,101,,8788,39,,,1,98,,8791,39,,,1,145,,8781,39,,,1,101,,8785,39,,,1,98,,8778,39,,,1,102,,8776,39,,,1,52,,8790,39,,,1,102,,8792,39,,,1,143,,8777,39,,,1,102,,8786,39,,,1,101,,8780,39,,,1,99,,8783,39,,,1,99,,8784,39,,,1,101,,8782,39,,,1
4503,'SAM',658,,8807,39,,,1,100,,8803,39,,,1,101,,8806,39,,,1,99,,8805,39,,,1,101,,8795,39,,,1,97,,8804,39,,,1,146,,8808,39,,,1,100,,8799,39,,,1,101,,8810,39,,,1,101,,8809,39,,,1,51,,8811,39,,,1,145,,8794,39,,,1,100,,8801,39,,,1,102,,8796,39,,,1,101,,8800,39,,,1,99,,8798,39,,,1,99,,8802,39,,,1,101,,8797,39,,,1
4503,'SEM',649,,8817,39,,,1,58,,8815,39,,,1,34,,8812,39,,,1,68,,8832,39,,,1,25,,8816,39,,,1,79,,8814,39,,,1,25,,8833,39,,,1,110,,8831,39,,,1,100,,8820,39,,,1,95,,8818,39,,,1,100,,8834,39,,,1,103,,8813,39,,,1,106,,8835,39,,,1,68,,8822,39,,,1,87,,8825,39,,,1,18,,8819,39,,,1,17,,8826,39,,,1,71,,8828,39,,,1,39,,8824,39,,,1,98,,8823,39,,,1,100,,8827,39,,,1,100,,8830,39,,,1,99,,8821,39,,,1,95,,8829,39,,,1
