1704,'DIM',503,,6858,25,,,1,50,,6859,25,,,1,101,,6863,25,,,1,102,,6857,25,,,1,100,,165,25,,,1,100,,6861,25,,,1,101,,6862,25,,,1,100,,6864,25,,,1,101,,6865,25,,,1,101,,6860,25,,,1,142,,6846,25,,,1,99,,6847,25,,,1,100,,6850,25,,,1,101,,6852,25,,,1,58,,6851,25,,,1,98,,6849,25,,,1,100,,6853,25,,,1,100,,6856,25,,,1,99,,6848,25,,,1,99,,6854,25,,,1,96,,6855,25,,,1
1704,'SAM',503,,6878,25,,,1,50,,6879,25,,,1,101,,6885,25,,,1,102,,6882,25,,,1,100,,6877,25,,,1,100,,6881,25,,,1,101,,6886,25,,,1,100,,6884,25,,,1,101,,6883,25,,,1,101,,6880,25,,,1,141,,6867,25,,,1,100,,6868,25,,,1,101,,6870,25,,,1,100,,6872,25,,,1,58,,6866,25,,,1,98,,6874,25,,,1,100,,6871,25,,,1,100,,6869,25,,,1,99,,6873,25,,,1,99,,6875,25,,,1,96,,6876,25,,,1
1704,'SEM',515,,6901,25,,,1,93,,6906,25,,,1,22,,6909,25,,,1,22,,6888,25,,,1,66,,6892,25,,,1,35,,6893,25,,,1,61,,6887,25,,,1,98,,6890,25,,,1,45,,6891,25,,,1,100,,6894,25,,,1,100,,6905,25,,,1,100,,6907,25,,,1,100,,6896,25,,,1,102,,6908,25,,,1,141,,6889,25,,,1,105,,6897,25,,,1,95,,6895,25,,,1,57,,6898,25,,,1,101,,6903,25,,,1,101,,6904,25,,,1,100,,6899,25,,,1,100,,6900,25,,,1,99,,6902,25,,,1
3104,'DIM',623,,7789,35,,,1,103,,7790,35,,,1,100,,7788,35,,,1,100,,7794,35,,,1,101,,7795,35,,,1,100,,7793,35,,,1,100,,7791,35,,,1,103,,7779,35,,,1,101,,7792,35,,,1,100,,7778,35,,,1,101,,7777,35,,,1,99,,7782,35,,,1,98,,7784,35,,,1,102,,7783,35,,,1,96,,7785,35,,,1,101,,7781,35,,,1,99,,7780,35,,,1,98,,7786,35,,,1,102,,7787,35,,,1
3104,'SAM',523,,1137,35,,,1,100,,7805,35,,,1,103,,7808,35,,,1,100,,7807,35,,,1,100,,7810,35,,,1,101,,7813,35,,,1,100,,7814,35,,,1,100,,7809,35,,,1,102,,7804,35,,,1,101,,7811,35,,,1,101,,7806,35,,,1,101,,7812,35,,,1,100,,7800,35,,,1,98,,7802,35,,,1,99,,7798,35,,,1,99,,7803,35,,,1,100,,7796,35,,,1,99,,7797,35,,,1,98,,7799,35,,,1,102,,7801,35,,,1
3104,'SEM',447,,7823,35,,,1,77,,7824,35,,,1,91,,7835,35,,,1,21,,7837,35,,,1,23,,7817,35,,,1,73,,7836,35,,,1,68,,7833,35,,,1,29,,7831,35,,,1,75,,7832,35,,,1,22,,7834,35,,,1,100,,7815,35,,,1,102,,7816,35,,,1,100,,7819,35,,,1,101,,7838,35,,,1,100,,7818,35,,,1,102,,7821,35,,,1,100,,7822,35,,,1,96,,7820,35,,,1,103,,7825,35,,,1,97,,7830,35,,,1,105,,7829,35,,,1,100,,7826,35,,,1,102,,7827,35,,,1,100,,7828,35,,,1
4804,'DIM',537,,9112,6,,,1,109,,9116,6,,,1,102,,9113,6,,,1,106,,9117,6,,,1,104,,9120,6,,,1,99,,9103,6,,,1,143,,9114,6,,,1,100,,9115,6,,,1,56,,9119,6,,,1,145,,9105,6,,,1,101,,9118,6,,,1,101,,9104,6,,,1,99,,9110,6,,,1,57,,9106,6,,,1,97,,9111,6,,,1,97,,9108,6,,,1,100,,9107,6,,,1,97,,9109,6,,,1
4804,'SAM',537,,9131,6,,,1,109,,2518,6,,,1,102,,9133,6,,,1,105,,9135,6,,,1,105,,9139,6,,,1,99,,9132,6,,,1,102,,9138,6,,,1,100,,9134,6,,,1,96,,9136,6,,,1,146,,9137,6,,,1,101,,9124,6,,,1,101,,9127,6,,,1,99,,9125,6,,,1,57,,9128,6,,,1,97,,9122,6,,,1,97,,9121,6,,,1,98,,9123,6,,,1,99,,9129,6,,,1,98,,9130,6,,,1,76,,9126,6,,,1
4804,'SEM',506,,9142,6,,,1,41,,9160,6,,,1,69,,9140,6,,,1,30,,9143,6,,,1,67,,9147,6,,,1,39,,9162,6,,,1,70,,9161,6,,,1,30,,9164,6,,,1,70,,9150,6,,,1,31,,9149,6,,,1,70,,9144,6,,,1,100,,9151,6,,,1,100,,9163,6,,,1,100,,9148,6,,,1,102,,9145,6,,,1,78,,9141,6,,,1,106,,9146,6,,,1,97,,9157,6,,,1,28,,9159,6,,,1,106,,9154,6,,,1,114,,9158,6,,,1,100,,9152,6,,,1,100,,9153,6,,,1,98,,9155,6,,,1,97,,9156,6,,,1
7304,'DIM',538,,10665,53,,,1,70,,10654,53,,,1,102,,10658,53,,,1,101,,10661,53,,,1,101,,10657,53,,,1,100,,10659,53,,,1,100,,10662,53,,,1,100,,10666,53,,,1,102,,10660,53,,,1,101,,10663,53,,,1,101,,10656,53,,,1,100,,10664,53,,,1,100,,10667,53,,,1,100,,10650,53,,,1,99,,10647,53,,,1,98,,10653,53,,,1,100,,10649,53,,,1,99,,10648,53,,,1,98,,10651,53,,,1,101,,10652,53,,,1,99,,10655,53,,,1
7304,'SAM',538,,10686,53,,,1,70,,10676,53,,,1,102,,10681,53,,,1,101,,10678,53,,,1,101,,10677,53,,,1,100,,10682,53,,,1,100,,10684,53,,,1,101,,10680,53,,,1,101,,10671,53,,,1,101,,10683,53,,,1,101,,10679,53,,,1,100,,10685,53,,,1,100,,10687,53,,,1,100,,10670,53,,,1,98,,10668,53,,,1,99,,10669,53,,,1,100,,10673,53,,,1,99,,10672,53,,,1,98,,4131,53,,,1,101,,10674,53,,,1,99,,4133,53,,,1,100,,10675,53,,,1,99,,4134,53,,,1
7304,'SEM',500,,10719,53,,,1,41,,10716,53,,,1,82,,10722,53,,,1,18,,10725,53,,,1,71,,10721,53,,,1,14,,10718,53,,,1,13,,10694,53,,,1,68,,10696,53,,,1,14,,10717,53,,,1,15,,10723,53,,,1,65,,10712,53,,,1,31,,10690,53,,,1,80,,10689,53,,,1,29,,10705,53,,,1,70,,10720,53,,,1,30,,10691,53,,,1,71,,10695,53,,,1,36,,10704,53,,,1,66,,10697,53,,,1,30,,10724,53,,,1,70,,10692,53,,,1,30,,10693,53,,,1,72,,10701,53,,,1,31,,10688,53,,,1,72,,10698,53,,,1,39,,10708,53,,,1,62,,10706,53,,,1,28,,10700,53,,,1,69,,10707,53,,,1,36,,10702,53,,,1,60,,10713,53,,,1,30,,10699,53,,,1,70,,10709,53,,,1,30,,10711,53,,,1,73,,10703,53,,,1,98,,10715,53,,,1,99,,10710,53,,,1,103,,10714,53,,,1
7402,'DIM',638,,10786,66,,,2,101,,10789,66,,,2,101,,6451,66,,,2,101,,10790,66,,,2,101,,10788,66,,,2,100,,10787,66,,,2,101,,10793,66,,,2,100,,10792,66,,,2,103,,10794,66,,,2,99,,10791,66,,,2,99,,10781,66,,,2,102,,10780,66,,,2,98,,10782,66,,,2,98,,10783,66,,,2,100,,6443,66,,,2,100,,10784,66,,,2,99,,10785,66,,,2
7402,'SAM',638,,10802,66,,,2,101,,10806,66,,,2,101,,10804,66,,,2,101,,10801,66,,,2,101,,10805,66,,,2,100,,10807,66,,,2,101,,10810,66,,,2,101,,10803,66,,,2,100,,10808,66,,,2,101,,10811,66,,,2,100,,10809,66,,,2,100,,10795,66,,,2,99,,10797,66,,,2,98,,10799,66,,,2,100,,10798,66,,,2,100,,10800,66,,,2,99,,10796,66,,,2
7402,'SEM',557,,10825,66,,,2,88,,10830,66,,,2,60,,10813,66,,,2,41,,10824,66,,,2,100,,10814,66,,,2,99,,10812,66,,,2,99,,10816,66,,,2,101,,10826,66,,,2,97,,10829,66,,,2,100,,10815,66,,,2,101,,10828,66,,,2,102,,10827,66,,,2,100,,10817,66,,,2,97,,10818,66,,,2,100,,10821,66,,,2,98,,10823,66,,,2,99,,10819,66,,,2,103,,10820,66,,,2,99,,10822,66,,,2
