4202,'DIM',526,,8490,105,,,2,82,,8531,105,,,2,26,,8501,105,,,2,71,,8489,105,,,2,32,,8513,105,,,2,70,,8511,105,,,2,34,,8532,105,,,2,73,,8516,105,,,2,33,,8512,105,,,2,72,,8520,105,,,2,31,,8524,105,,,2,63,,8530,105,,,2,22,,8526,105,,,2,22,,8517,105,,,2,62,,8522,105,,,2,19,,8518,105,,,2,20,,8521,105,,,2,58,,8506,105,,,2,24,,8509,105,,,2,60,,8508,105,,,2,22,,8510,105,,,2,19,,8515,105,,,2,60,,8514,105,,,2,18,,8534,105,,,2,21,,8527,105,,,2,61,,8523,105,,,2,21,,8519,105,,,2,21,,8529,105,,,2,59,,8494,105,,,2,20,,8495,105,,,2,21,,8496,105,,,2,62,,8528,105,,,2,35,,8525,105,,,2,73,,8533,105,,,2,29,,8505,105,,,2,70,,8492,105,,,2,32,,8491,105,,,2,70,,8500,105,,,2,27,,8488,105,,,2,67,,8497,105,,,2,27,,8507,105,,,2,68,,8493,105,,,2,29,,8499,105,,,2,70,,8503,105,,,2,27,,8504,105,,,2,29,,8498,105,,,2,75,,8502,105,,,2
4202,'SAM',526,,8537,105,,,2,82,,8539,105,,,2,26,,8557,105,,,2,71,,8535,105,,,2,32,,8565,105,,,2,70,,8563,105,,,2,34,,8540,105,,,2,73,,8571,105,,,2,33,,8567,105,,,2,72,,8566,105,,,2,31,,8570,105,,,2,63,,8582,105,,,2,22,,8576,105,,,2,22,,8580,105,,,2,61,,8575,105,,,2,20,,8578,105,,,2,20,,8560,105,,,2,58,,8573,105,,,2,23,,8564,105,,,2,61,,8556,105,,,2,21,,8562,105,,,2,20,,8536,105,,,2,60,,8569,105,,,2,18,,8568,105,,,2,21,,8561,105,,,2,61,,8572,105,,,2,21,,8538,105,,,2,20,,8574,105,,,2,59,,8577,105,,,2,21,,8543,105,,,2,21,,8579,105,,,2,62,,8581,105,,,2,34,,8549,105,,,2,73,,8551,105,,,2,30,,8553,105,,,2,70,,8555,105,,,2,35,,8541,105,,,2,67,,8544,105,,,2,27,,8558,105,,,2,67,,8546,105,,,2,27,,8548,105,,,2,71,,8542,105,,,2,25,,8545,105,,,2,70,,8547,105,,,2,28,,8550,105,,,2,29,,8552,105,,,2,75,,8554,105,,,2,70,,8559,105,,,2
4202,'SEM',527,,8625,105,,,2,99,,8627,105,,,2,75,,8631,105,,,2,17,,8634,105,,,2,18,,8583,105,,,2,10,,8585,105,,,2,12,,8588,105,,,2,49,,8591,105,,,2,10,,8633,105,,,2,12,,8630,105,,,2,21,,8586,105,,,2,59,,8601,105,,,2,21,,8587,105,,,2,22,,8635,105,,,2,62,,8632,105,,,2,19,,8589,105,,,2,21,,8626,105,,,2,60,,8584,105,,,2,19,,8629,105,,,2,22,,8593,105,,,2,60,,8618,105,,,2,21,,8628,105,,,2,64,,8595,105,,,2,17,,8615,105,,,2,24,,8597,105,,,2,60,,8599,105,,,2,21,,8600,105,,,2,23,,8592,105,,,2,57,,8602,105,,,2,21,,8603,105,,,2,20,,8604,105,,,2,63,,8590,105,,,2,21,,8606,105,,,2,20,,8636,105,,,2,60,,8609,105,,,2,18,,8610,105,,,2,20,,8611,105,,,2,61,,8613,105,,,2,16,,8594,105,,,2,21,,8616,105,,,2,60,,8596,105,,,2,22,,8605,105,,,2,23,,8598,105,,,2,59,,8622,105,,,2,30,,8624,105,,,2,84,,8621,105,,,2,35,,8623,105,,,2,67,,8607,105,,,2,28,,8608,105,,,2,67,,8612,105,,,2,26,,8614,105,,,2,75,,8620,105,,,2,26,,8617,105,,,2,71,,8619,105,,,2
5601,'DIM',700,,9496,43,,,2,100,,9498,43,,,2,100,,9495,43,,,2,30,,9501,43,,,2,71,,9494,43,,,2,29,,9493,43,,,2,71,,9500,43,,,2,30,,9499,43,,,2,70,,9490,43,,,2,32,,9503,43,,,2,70,,9497,43,,,2,30,,9491,43,,,2,71,,9504,43,,,2,30,,9492,43,,,2,70,,9481,43,,,2,30,,9482,43,,,2,70,,9484,43,,,2,30,,9488,43,,,2,74,,9502,43,,,2,33,,9485,43,,,2,69,,9486,43,,,2,91,,9505,43,,,2,100,,9487,43,,,2,100,,9483,43,,,2,100,,9489,43,,,2
5601,'SAM',700,,9524,43,,,2,100,,9520,43,,,2,100,,9519,43,,,2,32,,9522,43,,,2,68,,9527,43,,,2,26,,9523,43,,,2,76,,9529,43,,,2,29,,9521,43,,,2,70,,9525,43,,,2,32,,9530,43,,,2,70,,9506,43,,,2,30,,9528,43,,,2,71,,9512,43,,,2,30,,9509,43,,,2,70,,9526,43,,,2,30,,9510,43,,,2,71,,9513,43,,,2,29,,9514,43,,,2,74,,9507,43,,,2,32,,9516,43,,,2,70,,9518,43,,,2,91,,9515,43,,,2,100,,9517,43,,,2,100,,9511,43,,,2,100,,9508,43,,,2
5601,'SEM',457,,9560,43,,,2,100,,9551,43,,,2,71,,9557,43,,,2,28,,9536,43,,,2,68,,9533,43,,,2,79,,9548,43,,,2,30,,9532,43,,,2,72,,9537,43,,,2,30,,9554,43,,,2,75,,9555,43,,,2,20,,9558,43,,,2,75,,9552,43,,,2,30,,9561,43,,,2,70,,9549,43,,,2,32,,9538,43,,,2,70,,9547,43,,,2,31,,9550,43,,,2,71,,9559,43,,,2,29,,9553,43,,,2,71,,9531,43,,,2,30,,9534,43,,,2,71,,9535,43,,,2,35,,9556,43,,,2,74,,9542,43,,,2,24,,9541,43,,,2,69,,9539,43,,,2,29,,9545,43,,,2,98,,9543,43,,,2,104,,9546,43,,,2,85,,9540,43,,,2,91,,9544,43,,,2
6001,'DIM',757,,9768,27,,,1,101,,9776,27,,,1,101,,9774,27,,,1,143,,9775,27,,,1,101,,9777,27,,,1,102,,9780,27,,,1,102,,9778,27,,,1,100,,9781,27,,,1,100,,9779,27,,,1,102,,9782,27,,,1,93,,9783,27,,,1,100,,9770,27,,,1,98,,9772,27,,,1,58,,9771,27,,,1,99,,9773,27,,,1,99,,9767,27,,,1,100,,9769,27,,,1
6001,'SAM',655,,9790,27,,,1,102,,9795,27,,,1,101,,9786,27,,,1,101,,9798,27,,,1,142,,9800,27,,,1,102,,9796,27,,,1,102,,9799,27,,,1,102,,9797,27,,,1,100,,9785,27,,,1,100,,9801,27,,,1,102,,9784,27,,,1,93,,9788,27,,,1,101,,9793,27,,,1,97,,9789,27,,,1,58,,9791,27,,,1,99,,9794,27,,,1,99,,9787,27,,,1,100,,9792,27,,,1
6001,'SEM',539,,9816,27,,,1,101,,9802,27,,,1,85,,9820,27,,,1,76,,9814,27,,,1,36,,9818,27,,,1,101,,9804,27,,,1,100,,9821,27,,,1,101,,9819,27,,,1,103,,9805,27,,,1,100,,9803,27,,,1,100,,9815,27,,,1,102,,9817,27,,,1,100,,9806,27,,,1,103,,9810,27,,,1,98,,9808,27,,,1,90,,9813,27,,,1,98,,9811,27,,,1,100,,9807,27,,,1,99,,9809,27,,,1,94,,9812,27,,,1
6104,'DIM',647,,9950,46,,,2,100,,9951,46,,,2,103,,9948,46,,,2,102,,9952,46,,,2,101,,9954,46,,,2,102,,9953,46,,,2,102,,9949,46,,,2,102,,9947,46,,,2,142,,9937,46,,,2,103,,9940,46,,,2,54,,9942,46,,,2,142,,9944,46,,,2,56,,9946,46,,,2,97,,9945,46,,,2,98,,9941,46,,,2,98,,9938,46,,,2,99,,9939,46,,,2,100,,9943,46,,,2
6104,'SAM',647,,9963,46,,,2,100,,9962,46,,,2,103,,9965,46,,,2,103,,9967,46,,,2,100,,9970,46,,,2,102,,9964,46,,,2,99,,9968,46,,,2,105,,9971,46,,,2,142,,9969,46,,,2,103,,9972,46,,,2,54,,9966,46,,,2,101,,9958,46,,,2,100,,9955,46,,,2,94,,9959,46,,,2,98,,9957,46,,,2,98,,9960,46,,,2,99,,9956,46,,,2,100,,9961,46,,,2
6104,'SEM',514,,9976,46,,,2,100,,9987,46,,,2,35,,9973,46,,,2,62,,9990,46,,,2,36,,9985,46,,,2,69,,9994,46,,,2,102,,9974,46,,,2,100,,9975,46,,,2,101,,9992,46,,,2,104,,9986,46,,,2,100,,9989,46,,,2,101,,9988,46,,,2,100,,9991,46,,,2,110,,9993,46,,,2,66,,9980,46,,,2,58,,9983,46,,,2,97,,9981,46,,,2,100,,9977,46,,,2,98,,9984,46,,,2,79,,9978,46,,,2,91,,9979,46,,,2,101,,9982,46,,,2
6601,'DIM',606,,10294,54,,,1,101,,10296,54,,,1,103,,10302,54,,,1,101,,10292,54,,,1,33,,10293,54,,,1,71,,10300,54,,,1,31,,10303,54,,,1,75,,10291,54,,,1,26,,10298,54,,,1,70,,10297,54,,,1,101,,10304,54,,,1,102,,10301,54,,,1,103,,10299,54,,,1,99,,10295,54,,,1,102,,10287,54,,,1,95,,10289,54,,,1,97,,10286,54,,,1,100,,10288,54,,,1,100,,10290,54,,,1,99,,10285,54,,,1
6601,'SAM',606,,10310,54,,,1,101,,10317,54,,,1,103,,10319,54,,,1,101,,10315,54,,,1,33,,10313,54,,,1,71,,10305,54,,,1,31,,10322,54,,,1,75,,10311,54,,,1,26,,10323,54,,,1,70,,10318,54,,,1,101,,10321,54,,,1,102,,10324,54,,,1,103,,10320,54,,,1,99,,10316,54,,,1,102,,10306,54,,,1,95,,10307,54,,,1,97,,10309,54,,,1,100,,10308,54,,,1,100,,10312,54,,,1,99,,10314,54,,,1
6601,'SEM',648,,10339,54,,,1,105,,10328,54,,,1,102,,10341,54,,,1,103,,10338,54,,,1,101,,10327,54,,,1,146,,10331,54,,,1,102,,10325,54,,,1,100,,10340,54,,,1,103,,10329,54,,,1,31,,10334,54,,,1,88,,10335,54,,,1,105,,10326,54,,,1,93,,10332,54,,,1,97,,10330,54,,,1,98,,10336,54,,,1,98,,10333,54,,,1,99,,10337,54,,,1
7002,'DIM',610,,10507,54,,,1,40,,10506,54,,,1,90,,10489,77,,,1,102,,10496,77,,,1,100,,3943,77,,,1,102,,10492,77,,,1,68,,10493,77,,,1,33,,10495,77,,,1,69,,10485,77,,,1,25,,10494,77,,,1,75,,10491,77,,,1,25,,10500,77,,,1,79,,10498,77,,,1,28,,10501,77,,,1,76,,10483,77,,,1,25,,10497,77,,,1,71,,10503,77,,,1,23,,10499,77,,,1,78,,10502,77,,,1,27,,10487,77,,,1,76,,10505,77,,,1,33,,3946,77,,,1,97,,10504,77,,,1,94,,10482,77,,,1,95,,10484,77,,,1,98,,10488,77,,,1,99,,10486,77,,,1,103,,10490,77,,,1
7002,'SAM',610,,10534,54,,,1,40,,10535,54,,,1,89,,10532,77,,,1,103,,10512,77,,,1,100,,10520,77,,,1,102,,10519,77,,,1,65,,10528,77,,,1,36,,10533,77,,,1,69,,10530,77,,,1,24,,10524,77,,,1,75,,10523,77,,,1,26,,10522,77,,,1,79,,10525,77,,,1,36,,10521,77,,,1,67,,10531,77,,,1,25,,10529,77,,,1,68,,10527,77,,,1,26,,10526,77,,,1,79,,10515,77,,,1,28,,10511,77,,,1,76,,10513,77,,,1,33,,10508,77,,,1,96,,10517,77,,,1,94,,10509,77,,,1,96,,10510,77,,,1,97,,10516,77,,,1,99,,10514,77,,,1,103,,10518,77,,,1
7002,'SEM',617,,10541,77,,,1,98,,10561,77,,,1,26,,10562,77,,,1,73,,10540,77,,,1,36,,10543,77,,,1,67,,10545,77,,,1,29,,10560,77,,,1,70,,10538,77,,,1,30,,10567,77,,,1,71,,10546,77,,,1,27,,10568,77,,,1,73,,10563,77,,,1,26,,10565,77,,,1,74,,10564,77,,,1,30,,10539,77,,,1,70,,10566,77,,,1,25,,10559,77,,,1,76,,10544,77,,,1,33,,10547,77,,,1,71,,10542,77,,,1,30,,10536,77,,,1,73,,10537,77,,,1,26,,10550,77,,,1,71,,10551,77,,,1,24,,10555,77,,,1,71,,10554,77,,,1,90,,10552,77,,,1,42,,10556,77,,,1,93,,10548,77,,,1,111,,10553,77,,,1,106,,10549,77,,,1,97,,10558,77,,,1,145,,10557,77,,,1
