1703,'DIM',621,,6801,18,,,1,89,,6794,18,,,1,100,,100,18,,,1,101,,6796,18,,,1,97,,6797,18,,,1,101,,6793,18,,,1,100,,6799,18,,,1,99,,6795,18,,,1,102,,6798,18,,,1,100,,6800,18,,,1,102,,6783,18,,,1,98,,6787,18,,,1,99,,6786,18,,,1,101,,6785,18,,,1,98,,6788,18,,,1,99,,6791,18,,,1,101,,6784,18,,,1,100,,6789,18,,,1,102,,6790,18,,,1,120,,6792,18,,,1
1703,'SAM',543,,6813,18,,,1,78,,6819,18,,,1,89,,121,18,,,1,100,,6810,18,,,1,101,,6812,18,,,1,97,,6814,18,,,1,100,,6818,18,,,1,101,,6816,18,,,1,100,,6811,18,,,1,101,,6817,18,,,1,100,,6815,18,,,1,102,,6820,18,,,1,99,,6821,18,,,1,99,,6802,18,,,1,100,,6807,18,,,1,98,,6804,18,,,1,99,,6803,18,,,1,101,,6805,18,,,1,100,,6808,18,,,1,102,,6809,18,,,1,120,,6806,18,,,1
1703,'SEM',603,,6839,18,,,1,103,,6841,18,,,1,105,,6840,18,,,1,96,,6825,18,,,1,100,,6838,18,,,1,100,,6837,18,,,1,100,,6843,18,,,1,101,,6826,18,,,1,100,,6823,18,,,1,98,,6842,18,,,1,35,,6845,18,,,1,60,,6844,18,,,1,36,,6822,18,,,1,63,,6833,18,,,1,38,,6824,18,,,1,80,,6827,18,,,1,30,,6830,18,,,1,68,,6835,18,,,1,99,,6836,18,,,1,100,,6828,18,,,1,100,,6829,18,,,1,100,,6831,18,,,1,99,,6832,18,,,1,104,,6834,18,,,1
2703,'DIM',905,,7609,18,,,2,100,,7612,18,,,2,98,,7614,18,,,2,102,,7608,18,,,2,95,,7616,18,,,2,106,,7611,18,,,2,101,,7613,18,,,2,100,,7610,18,,,2,100,,7615,18,,,2,100,,7602,18,,,2,100,,7604,18,,,2,98,,7603,18,,,2,100,,7607,18,,,2,100,,7601,18,,,2,102,,7600,18,,,2,100,,7605,18,,,2,100,,7606,18,,,2
2703,'SAM',705,,7626,18,,,2,100,,7627,18,,,2,100,,7625,18,,,2,100,,7635,18,,,2,100,,7629,18,,,2,100,,7632,18,,,2,54,,7628,18,,,2,147,,7630,18,,,2,102,,7631,18,,,2,99,,7624,18,,,2,94,,7633,18,,,2,106,,7634,18,,,2,100,,7619,18,,,2,98,,7622,18,,,2,100,,7617,18,,,2,100,,7618,18,,,2,102,,7620,18,,,2,100,,7621,18,,,2,100,,7623,18,,,2
2703,'SEM',811,,7653,18,,,2,90,,7638,18,,,2,100,,7644,18,,,2,100,,7637,18,,,2,99,,7655,18,,,2,51,,7652,18,,,2,103,,7656,18,,,2,100,,7641,18,,,2,81,,7639,18,,,2,82,,7654,18,,,2,15,,7636,18,,,2,70,,7643,18,,,2,39,,7640,18,,,2,65,,7651,18,,,2,96,,7647,18,,,2,47,,7650,18,,,2,103,,7646,18,,,2,102,,7642,18,,,2,99,,7645,18,,,2,100,,7648,18,,,2,100,,7649,18,,,2
3103,'DIM',640,,7731,20,,,1,100,,7730,20,,,1,99,,1058,20,,,1,99,,7735,20,,,1,99,,7734,20,,,1,100,,7732,20,,,1,102,,7721,20,,,1,101,,7733,20,,,1,99,,7720,20,,,1,102,,7719,20,,,1,99,,7724,20,,,1,98,,7726,20,,,1,103,,7725,20,,,1,96,,7727,20,,,1,101,,7723,20,,,1,100,,7722,20,,,1,100,,7728,20,,,1,101,,7729,20,,,1
3103,'SAM',640,,7748,20,,,1,100,,7747,20,,,1,99,,1075,20,,,1,99,,7752,20,,,1,99,,7753,20,,,1,100,,7749,20,,,1,100,,7745,20,,,1,102,,7750,20,,,1,100,,7746,20,,,1,102,,7751,20,,,1,100,,7740,20,,,1,98,,7742,20,,,1,100,,7738,20,,,1,99,,7743,20,,,1,100,,7736,20,,,1,100,,7737,20,,,1,100,,7739,20,,,1,102,,7741,20,,,1,95,,7744,20,,,1
3103,'SEM',636,,7775,20,,,1,99,,7773,20,,,1,100,,7774,20,,,1,100,,7754,20,,,1,101,,7755,20,,,1,100,,7757,20,,,1,100,,7776,20,,,1,100,,7756,20,,,1,101,,7761,20,,,1,98,,7762,20,,,1,11,,7763,20,,,1,77,,7758,20,,,1,29,,7767,20,,,1,80,,7764,20,,,1,70,,7760,20,,,1,36,,7772,20,,,1,69,,7759,20,,,1,36,,7771,20,,,1,100,,7765,20,,,1,101,,7768,20,,,1,100,,7769,20,,,1,97,,7766,20,,,1,114,,7770,20,,,1
3903,'DIM',837,,1407,17,,,1,100,,8065,27,,,1,70,,8070,27,,,1,31,,8071,27,,,1,70,,8068,27,,,1,34,,8069,27,,,1,66,,8072,27,,,1,29,,8062,27,,,1,71,,8066,27,,,1,30,,8063,27,,,1,70,,8049,27,,,1,30,,8052,27,,,1,72,,8055,27,,,1,30,,8067,27,,,1,71,,8056,27,,,1,30,,8057,27,,,1,65,,8058,27,,,1,18,,8064,27,,,1,10,,8059,27,,,1,24,,8053,27,,,1,65,,8060,27,,,1,99,,8050,27,,,1,100,,8061,27,,,1,98,,8051,27,,,1,104,,8054,27,,,1
3903,'SAM',837,,8097,17,,,1,100,,8092,27,,,1,70,,8096,27,,,1,31,,8073,27,,,1,70,,8087,27,,,1,34,,8090,27,,,1,66,,8089,27,,,1,30,,8074,27,,,1,70,,8088,27,,,1,30,,8091,27,,,1,70,,8075,27,,,1,30,,8094,27,,,1,72,,8078,27,,,1,30,,8079,27,,,1,71,,8081,27,,,1,30,,8095,27,,,1,65,,8082,27,,,1,18,,8093,27,,,1,11,,8080,27,,,1,23,,8077,27,,,1,69,,8076,27,,,1,97,,8084,27,,,1,98,,8083,27,,,1,98,,8086,27,,,1,104,,8085,27,,,1
3903,'SEM',729,,8120,27,,,1,100,,8102,27,,,1,104,,8100,27,,,1,73,,8104,27,,,1,29,,8121,27,,,1,71,,8122,27,,,1,29,,8115,27,,,1,71,,8119,27,,,1,27,,8123,27,,,1,77,,8099,27,,,1,33,,8106,27,,,1,67,,8108,27,,,1,31,,8109,27,,,1,75,,8098,27,,,1,38,,8116,27,,,1,63,,8110,27,,,1,28,,8101,27,,,1,65,,8103,27,,,1,33,,8111,27,,,1,80,,8112,27,,,1,79,,8105,27,,,1,98,,8107,27,,,1,56,,8113,27,,,1,103,,8117,27,,,1,96,,8114,27,,,1,88,,8118,27,,,1
4303,'DIM',639,,8647,18,,,1,101,,8649,18,,,1,100,,8653,18,,,1,100,,8651,18,,,1,106,,8652,18,,,1,101,,8650,18,,,1,100,,8656,18,,,1,100,,8654,18,,,1,103,,8655,18,,,1,97,,8637,18,,,1,99,,8638,18,,,1,104,,8640,18,,,1,91,,8643,18,,,1,99,,8642,18,,,1,100,,8639,18,,,1,100,,8641,18,,,1,100,,8648,18,,,1,100,,8644,18,,,1,99,,8646,18,,,1,100,,8645,18,,,1
4303,'SAM',639,,8668,18,,,1,101,,8658,18,,,1,100,,8673,18,,,1,100,,8659,18,,,1,106,,8660,18,,,1,101,,8671,18,,,1,100,,8669,18,,,1,100,,8674,18,,,1,102,,8670,18,,,1,101,,8672,18,,,1,98,,8657,18,,,1,98,,8675,18,,,1,95,,8664,18,,,1,99,,8661,18,,,1,100,,2041,18,,,1,100,,8662,18,,,1,100,,8663,18,,,1,100,,8667,18,,,1,99,,8665,18,,,1,100,,8666,18,,,1
4303,'SEM',640,,8697,18,,,1,100,,8698,18,,,1,81,,8679,18,,,1,104,,8699,18,,,1,31,,8678,18,,,1,69,,8695,18,,,1,30,,8685,18,,,1,71,,8681,18,,,1,30,,8701,18,,,1,70,,8700,18,,,1,30,,8696,18,,,1,72,,8682,18,,,1,28,,8683,18,,,1,70,,8687,18,,,1,30,,8702,18,,,1,70,,8677,18,,,1,25,,8684,18,,,1,70,,8680,18,,,1,19,,8703,18,,,1,76,,8686,18,,,1,31,,8676,18,,,1,71,,8692,18,,,1,101,,8693,18,,,1,101,,8694,18,,,1,101,,8688,18,,,1,101,,8689,18,,,1,109,,8690,18,,,1,106,,8691,18,,,1
7303,'DIM',655,,10582,18,,,1,100,,10579,18,,,1,100,,10580,18,,,1,98,,10583,18,,,1,100,,10586,18,,,1,100,,10581,18,,,1,100,,10584,18,,,1,102,,10578,18,,,1,99,,10585,18,,,1,102,,10587,18,,,1,99,,10572,18,,,1,99,,10569,18,,,1,101,,10575,18,,,1,98,,10571,18,,,1,100,,10570,18,,,1,100,,10573,18,,,1,100,,10574,18,,,1,102,,10577,18,,,1,145,,10576,18,,,1
7303,'SAM',601,,10601,18,,,1,54,,10598,18,,,1,100,,10597,18,,,1,100,,10602,18,,,1,98,,10604,18,,,1,101,,10600,18,,,1,99,,10591,18,,,1,100,,10603,18,,,1,102,,10599,18,,,1,99,,10605,18,,,1,102,,10606,18,,,1,101,,10590,18,,,1,98,,10588,18,,,1,99,,10589,18,,,1,99,,10593,18,,,1,100,,10592,18,,,1,100,,4040,18,,,1,100,,10594,18,,,1,102,,4041,18,,,1,145,,10595,18,,,1,100,,4042,18,,,1,100,,10596,18,,,1
7303,'SEM',548,,10643,18,,,1,66,,10640,18,,,1,39,,10639,18,,,1,50,,10644,18,,,1,39,,10633,18,,,1,16,,10609,18,,,1,83,,10641,18,,,1,12,,10608,18,,,1,70,,10626,18,,,1,31,,10642,18,,,1,69,,10610,18,,,1,31,,10615,18,,,1,69,,10625,18,,,1,31,,10616,18,,,1,69,,10645,18,,,1,30,,10611,18,,,1,70,,10614,18,,,1,30,,10620,18,,,1,70,,10607,18,,,1,30,,10617,18,,,1,75,,10646,18,,,1,25,,10627,18,,,1,55,,10619,18,,,1,21,,10612,18,,,1,16,,10613,18,,,1,63,,10623,18,,,1,16,,10621,18,,,1,30,,10634,18,,,1,55,,10622,18,,,1,16,,10618,18,,,1,33,,10628,18,,,1,70,,10631,18,,,1,72,,10624,18,,,1,59,,10636,18,,,1,100,,10629,18,,,1,99,,10635,18,,,1,100,,10630,18,,,1,81,,10632,18,,,1,95,,10637,18,,,1,121,,10638,18,,,1
7401,'DIM',725,,10736,18,,,2,99,,10737,18,,,2,102,,10740,18,,,2,97,,10739,18,,,2,101,,10741,18,,,2,100,,10738,18,,,2,101,,10735,18,,,2,99,,10734,18,,,2,102,,10742,18,,,2,99,,10728,18,,,2,102,,10729,18,,,2,99,,10731,18,,,2,98,,10732,18,,,2,99,,10733,18,,,2,101,,10727,18,,,2,99,,10726,18,,,2,101,,10730,18,,,2
7401,'SAM',725,,10751,18,,,2,99,,10753,18,,,2,102,,10752,18,,,2,98,,10755,18,,,2,100,,10757,18,,,2,100,,10759,18,,,2,102,,10754,18,,,2,98,,10758,18,,,2,101,,10756,18,,,2,100,,10743,18,,,2,101,,10746,18,,,2,101,,10748,18,,,2,98,,10747,18,,,2,98,,10749,18,,,2,101,,10744,18,,,2,99,,10750,18,,,2,101,,10745,18,,,2
7401,'SEM',628,,10776,18,,,2,95,,10760,18,,,2,101,,10775,18,,,2,103,,10764,18,,,2,101,,10765,18,,,2,101,,10779,18,,,2,99,,10763,18,,,2,101,,10778,18,,,2,100,,10777,18,,,2,93,,10762,18,,,2,93,,10766,18,,,2,101,,10761,18,,,2,30,,10768,18,,,2,85,,10774,18,,,2,99,,10767,18,,,2,101,,10770,18,,,2,100,,10771,18,,,2,99,,10769,18,,,2,100,,10772,18,,,2,95,,10773,18,,,2
