2201,'DIM',643,,7023,38,,,2,101,,7027,38,,,2,104,,7026,38,,,2,99,,7025,38,,,2,101,,7022,38,,,2,99,,7024,38,,,2,101,,7029,38,,,2,102,,7031,38,,,2,96,,7028,38,,,2,105,,7030,38,,,2,99,,7016,38,,,2,100,,7018,38,,,2,97,,7017,38,,,2,102,,7020,38,,,2,100,,7019,38,,,2,100,,7021,38,,,2
2201,'SAM',643,,7040,38,,,2,101,,7042,38,,,2,104,,7039,38,,,2,99,,7041,38,,,2,102,,7044,38,,,2,99,,7048,38,,,2,101,,7047,38,,,2,101,,7043,38,,,2,96,,7045,38,,,2,102,,7046,38,,,2,102,,7033,38,,,2,101,,7036,38,,,2,96,,7034,38,,,2,102,,7032,38,,,2,100,,7038,38,,,2,100,,7037,38,,,2,100,,7035,38,,,2
2201,'SEM',638,,7064,38,,,2,99,,7052,38,,,2,95,,7050,38,,,2,80,,7049,38,,,2,34,,7066,38,,,2,101,,7051,38,,,2,100,,7065,38,,,2,100,,7067,38,,,2,100,,7054,38,,,2,96,,7055,38,,,2,105,,7053,38,,,2,100,,7059,38,,,2,100,,7057,38,,,2,99,,7056,38,,,2,98,,7058,38,,,2,104,,7062,38,,,2,100,,7060,38,,,2,95,,7061,38,,,2,98,,7063,38,,,2
5001,'DIM',544,,9169,45,,,1,100,,9177,45,,,1,101,,9165,45,,,1,98,,9182,45,,,1,101,,9174,45,,,1,73,,9184,45,,,1,37,,9176,45,,,1,64,,9189,45,,,1,39,,9187,45,,,1,62,,9188,45,,,1,35,,9190,45,,,1,69,,9175,45,,,1,32,,9178,45,,,1,76,,9191,45,,,1,69,,9180,45,,,1,34,,9179,45,,,1,70,,9185,45,,,1,23,,9183,45,,,1,74,,9181,45,,,1,41,,9186,45,,,1,58,,9167,45,,,1,59,,9170,45,,,1,98,,9173,45,,,1,100,,9166,45,,,1,99,,9171,45,,,1,98,,9168,45,,,1,100,,9172,45,,,1
5001,'SAM',544,,9199,45,,,1,100,,9202,45,,,1,101,,9193,45,,,1,98,,9214,45,,,1,101,,9212,45,,,1,79,,9217,45,,,1,30,,9210,45,,,1,65,,9194,45,,,1,39,,9218,45,,,1,62,,9216,45,,,1,35,,9195,45,,,1,69,,9206,45,,,1,32,,9208,45,,,1,76,,9211,45,,,1,69,,9207,45,,,1,34,,9209,45,,,1,70,,9197,45,,,1,23,,9198,45,,,1,74,,9192,45,,,1,39,,9213,45,,,1,61,,9215,45,,,1,58,,9203,45,,,1,98,,9205,45,,,1,100,,9204,45,,,1,99,,9200,45,,,1,98,,9196,45,,,1,100,,9201,45,,,1
5001,'SEM',536,,9241,45,,,1,107,,9246,45,,,1,76,,9242,45,,,1,24,,9220,45,,,1,77,,9219,45,,,1,24,,9222,45,,,1,71,,9249,45,,,1,26,,9250,45,,,1,73,,9245,45,,,1,27,,9221,45,,,1,73,,9225,45,,,1,28,,9244,45,,,1,72,,9231,45,,,1,32,,9247,45,,,1,70,,9226,45,,,1,32,,9243,45,,,1,68,,9248,45,,,1,30,,9224,45,,,1,84,,9223,45,,,1,27,,9235,45,,,1,76,,9227,45,,,1,70,,9228,45,,,1,29,,9234,45,,,1,26,,9229,45,,,1,75,,9233,45,,,1,69,,9236,45,,,1,35,,9237,45,,,1,104,,9232,45,,,1,103,,9230,45,,,1,103,,9239,45,,,1,105,,9238,45,,,1,106,,9240,45,,,1,89,,9251,35,,,1
5801,'DIM',545,,9661,53,,,2,101,,9643,53,,,2,91,,9652,53,,,2,101,,9655,53,,,2,99,,9658,53,,,2,100,,9651,53,,,2,102,,9660,53,,,2,98,,9657,53,,,2,103,,9654,53,,,2,99,,9656,53,,,2,102,,9653,53,,,2,99,,9646,53,,,2,101,,9659,53,,,2,99,,9642,53,,,2,99,,9650,53,,,2,99,,9645,53,,,2,100,,9644,53,,,2,100,,9648,53,,,2,98,,9647,53,,,2,110,,9649,53,,,2
5801,'SAM',545,,9681,53,,,2,101,,9673,53,,,2,91,,9672,53,,,2,101,,9677,53,,,2,100,,9675,53,,,2,99,,9678,53,,,2,102,,9680,53,,,2,98,,9662,53,,,2,101,,9671,53,,,2,101,,9676,53,,,2,101,,9674,53,,,2,101,,9679,53,,,2,100,,9665,53,,,2,100,,9669,53,,,2,98,,9663,53,,,2,99,,9670,53,,,2,100,,9666,53,,,2,100,,9668,53,,,2,98,,9664,53,,,2,110,,9667,53,,,2
5801,'SEM',536,,9695,53,,,2,68,,9692,53,,,2,42,,9705,53,,,2,85,,9693,53,,,2,86,,9699,53,,,2,85,,9686,53,,,2,99,,9706,53,,,2,100,,9682,53,,,2,100,,9687,53,,,2,100,,9704,53,,,2,100,,9683,53,,,2,47,,9694,53,,,2,71,,9684,53,,,2,32,,9707,53,,,2,69,,9689,53,,,2,35,,9691,53,,,2,69,,9690,53,,,2,27,,9685,53,,,2,69,,9703,53,,,2,29,,9688,53,,,2,70,,9701,53,,,2,100,,9702,53,,,2,99,,9697,53,,,2,99,,9696,53,,,2,99,,9698,53,,,2,98,,9700,53,,,2
22201,'DIM',1415,,11475,38,,,2,815,,11473,38,,,2,83,,11474,38,,,2
22201,'SAM',1415,,11480,38,,,2,815,,11476,38,,,2,83,,11477,38,,,2,100,,11479,38,,,2,112,,11478,38,,,2
22201,'SEM',717,,11481,38,,,2,10,,11482,38,,,2,684,,11483,38,,,2,100,,11484,38,,,2,106,,11488,38,,,2,100,,11486,38,,,2,90,,11485,38,,,2,625,,11487,38,,,2
32201,'DIM',523,,11591,39,,,2,802,,11593,38,,,2,802,,11592,38,,,2
32201,'SAM',523,,11594,39,,,2,802,,11595,38,,,2
32201,'SEM',525,,11596,39,,,2,19,,11597,39,,,2,67,,11598,39,,,2,715,,11599,38,,,2,801,,11600,38,,,2
