1704,'DIM',455,,6858,9,,,1,90,,6859,9,,,1,100,,6863,9,,,1,102,,6857,9,,,1,99,,165,9,,,1,100,,6861,9,,,1,101,,6862,9,,,1,100,,6864,9,,,1,101,,6865,9,,,1,101,,6860,9,,,1,102,,6846,9,,,1,99,,6847,9,,,1,100,,6850,9,,,1,101,,6852,9,,,1,99,,6851,9,,,1,98,,6849,9,,,1,100,,6853,9,,,1,101,,6856,9,,,1,99,,6848,9,,,1,99,,6854,9,,,1,96,,6855,9,,,1
1704,'SAM',455,,6878,9,,,1,90,,6879,9,,,1,100,,6885,9,,,1,102,,6882,9,,,1,99,,6877,9,,,1,100,,6881,9,,,1,101,,6886,9,,,1,100,,6884,9,,,1,101,,6883,9,,,1,101,,6880,9,,,1,101,,6867,9,,,1,100,,6868,9,,,1,101,,6870,9,,,1,100,,6872,9,,,1,99,,6866,9,,,1,98,,6874,9,,,1,100,,6871,9,,,1,101,,6869,9,,,1,99,,6873,9,,,1,99,,6875,9,,,1,96,,6876,9,,,1
1704,'SEM',507,,6901,9,,,1,52,,6906,9,,,1,62,,6909,9,,,1,22,,6888,9,,,1,66,,6892,9,,,1,35,,6893,9,,,1,61,,6887,9,,,1,98,,6890,9,,,1,44,,6891,9,,,1,100,,6894,9,,,1,100,,6905,9,,,1,100,,6907,9,,,1,100,,6896,9,,,1,102,,6908,9,,,1,100,,6889,9,,,1,105,,6897,9,,,1,96,,6895,9,,,1,98,,6898,9,,,1,101,,6903,9,,,1,101,,6904,9,,,1,100,,6899,9,,,1,100,,6900,9,,,1,100,,6902,9,,,1
3104,'DIM',615,,7789,19,,,1,102,,7790,19,,,1,100,,7788,19,,,1,100,,7794,19,,,1,100,,7795,19,,,1,100,,7793,19,,,1,100,,7791,19,,,1,103,,7779,19,,,1,101,,7792,19,,,1,100,,7778,19,,,1,101,,7777,19,,,1,99,,7782,19,,,1,98,,7784,19,,,1,103,,7783,19,,,1,96,,7785,19,,,1,101,,7781,19,,,1,100,,7780,19,,,1,98,,7786,19,,,1,102,,7787,19,,,1
3104,'SAM',516,,1137,19,,,1,99,,7805,19,,,1,102,,7808,19,,,1,100,,7807,19,,,1,100,,7810,19,,,1,100,,7813,19,,,1,100,,7814,19,,,1,100,,7809,19,,,1,102,,7804,19,,,1,101,,7811,19,,,1,101,,7806,19,,,1,101,,7812,19,,,1,100,,7800,19,,,1,98,,7802,19,,,1,100,,7798,19,,,1,99,,7803,19,,,1,100,,7796,19,,,1,100,,7797,19,,,1,98,,7799,19,,,1,102,,7801,19,,,1
3104,'SEM',439,,7823,19,,,1,77,,7824,19,,,1,90,,7835,19,,,1,21,,7837,19,,,1,23,,7817,19,,,1,73,,7836,19,,,1,28,,7833,19,,,1,69,,7831,19,,,1,35,,7832,19,,,1,61,,7834,19,,,1,100,,7815,19,,,1,101,,7816,19,,,1,100,,7819,19,,,1,101,,7838,19,,,1,100,,7818,19,,,1,102,,7821,19,,,1,100,,7822,19,,,1,96,,7820,19,,,1,105,,7825,19,,,1,97,,7830,19,,,1,105,,7829,19,,,1,100,,7826,19,,,1,102,,7827,19,,,1,100,,7828,19,,,1
3904,'DIM',816,,8142,9,,,1,112,,8136,9,,,1,82,,8143,9,,,1,30,,8146,9,,,1,73,,8137,9,,,1,27,,8135,9,,,1,73,,8145,9,,,1,29,,8140,9,,,1,74,,8129,9,,,1,27,,8144,9,,,1,70,,8138,9,,,1,31,,8139,9,,,1,72,,8128,9,,,1,30,,8141,9,,,1,71,,8124,9,,,1,31,,8125,9,,,1,68,,8130,9,,,1,28,,8131,9,,,1,70,,8132,9,,,1,43,,8133,9,,,1,98,,8126,9,,,1,100,,8134,9,,,1,100,,8127,9,,,1
3904,'SAM',816,,8162,9,,,1,112,,8155,9,,,1,82,,8166,9,,,1,30,,8156,9,,,1,70,,8147,9,,,1,30,,8153,9,,,1,76,,8159,9,,,1,26,,8157,9,,,1,74,,8163,9,,,1,27,,8154,9,,,1,70,,8160,9,,,1,31,,8161,9,,,1,71,,8167,9,,,1,31,,8158,9,,,1,72,,8164,9,,,1,24,,8165,9,,,1,74,,8168,9,,,1,28,,8169,9,,,1,70,,8148,9,,,1,86,,8149,9,,,1,57,,8151,9,,,1,98,,8150,9,,,1,100,,8152,9,,,1
3904,'SEM',611,,8193,9,,,1,27,,8186,9,,,1,14,,8192,9,,,1,51,,8174,9,,,1,29,,8189,9,,,1,71,,8170,9,,,1,31,,8187,9,,,1,70,,8194,9,,,1,35,,8172,9,,,1,67,,8173,9,,,1,33,,8184,9,,,1,69,,8188,9,,,1,31,,8190,9,,,1,68,,8181,9,,,1,32,,8185,9,,,1,67,,8191,9,,,1,38,,8171,9,,,1,74,,8176,9,,,1,30,,8178,9,,,1,71,,8179,9,,,1,101,,8195,9,,,1,112,,8182,9,,,1,99,,8183,9,,,1,105,,8175,9,,,1,100,,8177,9,,,1,94,,8180,9,,,1
4504,'DIM',613,,8845,9,,,1,100,,8838,9,,,1,99,,8846,9,,,1,101,,8848,9,,,1,99,,8852,9,,,1,97,,8853,9,,,1,102,,8849,9,,,1,98,,8844,9,,,1,108,,8842,9,,,1,98,,8836,9,,,1,100,,8851,9,,,1,96,,8847,9,,,1,101,,8850,9,,,1,103,,8837,9,,,1,101,,8843,9,,,1,101,,8839,9,,,1,100,,8840,9,,,1,100,,8841,9,,,1
4504,'SAM',613,,2249,9,,,1,100,,8867,9,,,1,99,,8864,9,,,1,101,,8868,9,,,1,99,,8866,9,,,1,101,,8855,9,,,1,97,,8865,9,,,1,102,,8854,9,,,1,104,,8860,9,,,1,101,,8869,9,,,1,98,,8857,9,,,1,96,,8870,9,,,1,101,,8858,9,,,1,103,,8862,9,,,1,101,,8856,9,,,1,101,,8861,9,,,1,100,,8859,9,,,1,100,,8863,9,,,1
4504,'SEM',530,,8890,9,,,1,15,,8891,9,,,1,80,,8896,9,,,1,84,,8876,9,,,1,18,,8874,9,,,1,18,,8872,9,,,1,57,,8889,9,,,1,51,,8875,9,,,1,106,,8893,9,,,1,151,,8888,9,,,1,96,,8878,9,,,1,94,,8877,9,,,1,100,,8894,9,,,1,42,,8873,9,,,1,65,,8871,9,,,1,31,,8892,9,,,1,70,,8895,9,,,1,38,,8880,9,,,1,77,,8883,9,,,1,81,,8884,9,,,1,104,,8882,9,,,1,105,,8881,9,,,1,102,,8885,9,,,1,90,,8887,9,,,1,100,,8879,9,,,1,95,,8886,9,,,1
