201,'SAM',2558,,6701,18,,,1,81,,6703,18,,,1,84,,6702,18,,,1
201,'SEM',2519,,6704,18,,,1,24,,6705,18,,,1,81,,6706,18,,,1,81,,6707,18,,,1
1704,'DIM',515,,6858,51,,,1,90,,6859,51,,,1,101,,6863,51,,,1,103,,6857,51,,,1,102,,165,51,,,1,101,,6861,51,,,1,102,,6862,51,,,1,100,,6864,51,,,1,101,,6865,51,,,1,101,,6860,51,,,1,102,,6846,51,,,1,99,,6847,51,,,1,100,,6850,51,,,1,100,,6852,51,,,1,98,,6851,51,,,1,98,,6849,51,,,1,100,,6853,51,,,1,98,,6856,51,,,1,98,,6848,51,,,1,98,,6854,51,,,1,96,,6855,51,,,1
1704,'SAM',515,,6878,51,,,1,90,,6879,51,,,1,101,,6885,51,,,1,103,,6882,51,,,1,102,,6877,51,,,1,101,,6881,51,,,1,102,,6886,51,,,1,100,,6884,51,,,1,101,,6883,51,,,1,101,,6880,51,,,1,101,,6867,51,,,1,100,,6868,51,,,1,101,,6870,51,,,1,99,,6872,51,,,1,98,,6866,51,,,1,98,,6874,51,,,1,100,,6871,51,,,1,98,,6869,51,,,1,98,,6873,51,,,1,98,,6875,51,,,1,96,,6876,51,,,1
1704,'SEM',528,,6901,51,,,1,94,,6906,51,,,1,23,,6909,51,,,1,62,,6888,51,,,1,27,,6892,51,,,1,76,,6893,51,,,1,21,,6887,51,,,1,98,,6890,51,,,1,85,,6891,51,,,1,100,,6894,51,,,1,100,,6905,51,,,1,100,,6907,51,,,1,100,,6896,51,,,1,103,,6908,51,,,1,101,,6889,51,,,1,105,,6897,51,,,1,94,,6895,51,,,1,97,,6898,51,,,1,100,,6903,51,,,1,100,,6904,51,,,1,99,,6899,51,,,1,99,,6900,51,,,1,98,,6902,51,,,1
2202,'DIM',744,,7078,73,,,2,101,,7077,73,,,2,100,,7076,73,,,2,100,,6315,73,,,2,101,,7079,73,,,2,100,,7081,73,,,2,96,,7080,73,,,2,105,,7075,73,,,2,98,,7069,73,,,2,114,,7082,73,,,2,88,,7071,73,,,2,100,,7072,73,,,2,98,,7074,73,,,2,101,,7073,73,,,2,100,,7068,73,,,2,100,,7070,73,,,2
2202,'SAM',646,,7099,57,,,2,98,,7093,73,,,2,101,,7090,73,,,2,100,,7089,73,,,2,98,,7095,73,,,2,103,,7094,73,,,2,100,,7092,73,,,2,96,,7098,73,,,2,103,,7091,73,,,2,100,,7097,73,,,2,112,,7096,73,,,2,90,,7084,73,,,2,100,,7086,73,,,2,98,,7083,73,,,2,101,,7085,73,,,2,100,,7088,73,,,2,100,,7087,73,,,2
2202,'SEM',623,,6230,73,,,2,18,,7111,73,,,2,105,,7118,73,,,2,71,,7108,73,,,2,31,,7100,73,,,2,98,,7102,73,,,2,71,,7101,73,,,2,29,,7119,73,,,2,100,,7106,73,,,2,100,,7117,73,,,2,100,,7120,73,,,2,103,,7105,73,,,2,100,,7107,73,,,2,102,,7103,73,,,2,64,,7104,73,,,2,35,,7110,73,,,2,98,,7109,73,,,2,100,,7116,73,,,2,101,,7115,73,,,2,97,,7113,73,,,2,107,,7112,73,,,2,96,,7114,73,,,2
2704,'DIM',803,,7675,56,,,2,101,,7676,56,,,2,100,,7671,56,,,2,99,,7673,56,,,2,99,,7674,56,,,2,103,,7670,56,,,2,95,,7677,56,,,2,107,,7672,56,,,2,100,,7663,56,,,2,100,,7667,56,,,2,100,,7668,56,,,2,98,,7664,56,,,2,100,,7666,56,,,2,98,,7665,56,,,2,100,,7669,56,,,2,100,,7662,56,,,2
2704,'SAM',702,,7690,56,,,2,101,,7686,56,,,2,101,,7687,56,,,2,100,,7685,56,,,2,99,,7694,56,,,2,101,,7689,56,,,2,101,,7692,56,,,2,54,,7688,56,,,2,148,,7691,56,,,2,100,,7681,56,,,2,100,,7682,56,,,2,93,,7684,56,,,2,105,,7693,56,,,2,100,,7680,56,,,2,98,,7683,56,,,2,100,,7678,56,,,2,100,,7679,56,,,2
2704,'SEM',626,,7716,56,,,2,28,,7696,56,,,2,68,,7713,56,,,2,29,,7699,56,,,2,68,,7700,56,,,2,28,,7718,56,,,2,66,,7715,56,,,2,88,,7714,56,,,2,100,,7703,56,,,2,108,,7695,56,,,2,95,,7717,56,,,2,48,,7698,56,,,2,106,,7697,56,,,2,147,,7708,56,,,2,37,,7709,56,,,2,80,,7704,56,,,2,13,,7701,56,,,2,70,,7702,56,,,2,31,,7706,56,,,2,75,,7711,56,,,2,100,,7707,56,,,2,45,,7710,56,,,2,94,,7705,56,,,2,104,,7712,56,,,2
3104,'DIM',635,,7789,61,,,1,104,,7790,61,,,1,101,,7788,61,,,1,102,,7794,61,,,1,102,,7795,61,,,1,100,,7793,61,,,1,100,,7791,61,,,1,103,,7779,61,,,1,101,,7792,61,,,1,100,,7778,61,,,1,101,,7777,61,,,1,99,,7782,61,,,1,97,,7784,61,,,1,102,,7783,61,,,1,96,,7785,61,,,1,99,,7781,61,,,1,99,,7780,61,,,1,97,,7786,61,,,1,101,,7787,61,,,1
3104,'SAM',535,,1137,61,,,1,100,,7805,61,,,1,104,,7808,61,,,1,101,,7807,61,,,1,102,,7810,61,,,1,102,,7813,61,,,1,100,,7814,61,,,1,100,,7809,61,,,1,102,,7804,61,,,1,101,,7811,61,,,1,101,,7806,61,,,1,101,,7812,61,,,1,100,,7800,61,,,1,97,,7802,61,,,1,99,,7798,61,,,1,99,,7803,61,,,1,98,,7796,61,,,1,99,,7797,61,,,1,97,,7799,61,,,1,101,,7801,61,,,1
3104,'SEM',500,,7823,61,,,1,37,,7824,61,,,1,93,,7835,61,,,1,22,,7837,61,,,1,64,,7817,61,,,1,34,,7836,61,,,1,68,,7833,61,,,1,29,,7831,61,,,1,75,,7832,61,,,1,22,,7834,61,,,1,100,,7815,61,,,1,102,,7816,61,,,1,100,,7819,61,,,1,101,,7838,61,,,1,100,,7818,61,,,1,102,,7821,61,,,1,100,,7822,61,,,1,96,,7820,61,,,1,103,,7825,61,,,1,96,,7830,61,,,1,104,,7829,61,,,1,98,,7826,61,,,1,101,,7827,61,,,1,100,,7828,61,,,1
4304,'DIM',511,,8722,36,,,1,103,,8716,36,,,1,100,,8712,36,,,1,102,,8714,36,,,1,102,,8719,36,,,1,101,,8717,36,,,1,106,,8718,36,,,1,100,,8715,36,,,1,100,,8723,36,,,1,100,,8720,36,,,1,104,,8721,36,,,1,99,,8704,36,,,1,99,,8705,36,,,1,101,,8707,36,,,1,93,,8710,36,,,1,98,,8709,36,,,1,99,,8706,36,,,1,99,,8708,36,,,1,100,,8713,36,,,1,100,,8711,36,,,1
4304,'SAM',511,,8740,36,,,1,103,,8737,36,,,1,100,,8734,36,,,1,102,,8725,36,,,1,102,,8741,36,,,1,101,,8726,36,,,1,106,,8727,36,,,1,100,,8738,36,,,1,100,,8735,36,,,1,100,,8742,36,,,1,103,,8736,36,,,1,101,,8739,36,,,1,98,,8724,36,,,1,97,,8743,36,,,1,97,,8731,36,,,1,98,,8728,36,,,1,99,,2109,36,,,1,99,,8729,36,,,1,100,,8730,36,,,1,100,,8733,36,,,1,98,,8732,36,,,1
4304,'SEM',528,,8765,36,,,1,76,,8771,36,,,1,35,,8744,36,,,1,66,,8746,36,,,1,21,,8769,36,,,1,31,,8745,36,,,1,73,,8770,36,,,1,73,,8749,36,,,1,35,,8766,36,,,1,68,,8772,36,,,1,31,,8748,36,,,1,70,,8767,36,,,1,30,,8755,36,,,1,70,,8751,36,,,1,30,,8774,36,,,1,70,,8773,36,,,1,30,,8768,36,,,1,72,,8752,36,,,1,29,,8753,36,,,1,70,,8757,36,,,1,36,,8775,36,,,1,66,,8747,36,,,1,26,,8754,36,,,1,70,,8750,36,,,1,96,,8756,36,,,1,56,,8761,36,,,1,100,,8763,36,,,1,101,,8764,36,,,1,99,,8758,36,,,1,101,,8759,36,,,1,150,,8760,36,,,1,20,,8762,36,,,1
4804,'DIM',612,,9112,66,,,1,110,,9116,66,,,1,104,,9113,66,,,1,109,,9117,66,,,1,107,,9120,66,,,1,101,,9103,66,,,1,103,,9114,66,,,1,100,,9115,66,,,1,97,,9119,66,,,1,105,,9105,66,,,1,101,,9118,66,,,1,101,,9104,66,,,1,97,,9110,66,,,1,95,,9106,66,,,1,94,,9111,66,,,1,97,,9108,66,,,1,100,,9107,66,,,1,94,,9109,66,,,1
4804,'SAM',612,,9131,66,,,1,110,,2518,66,,,1,104,,9133,66,,,1,108,,9135,66,,,1,108,,9139,66,,,1,101,,9132,66,,,1,102,,9138,66,,,1,100,,9134,66,,,1,97,,9136,66,,,1,106,,9137,66,,,1,101,,9124,66,,,1,101,,9127,66,,,1,97,,9125,66,,,1,95,,9128,66,,,1,94,,9122,66,,,1,97,,9121,66,,,1,98,,9123,66,,,1,96,,9129,66,,,1,97,,9130,66,,,1,33,,9126,66,,,1
4804,'SEM',544,,9142,66,,,1,82,,9160,66,,,1,32,,9140,66,,,1,73,,9143,66,,,1,27,,9147,66,,,1,79,,9162,66,,,1,70,,9161,66,,,1,30,,9164,66,,,1,70,,9150,66,,,1,31,,9149,66,,,1,71,,9144,66,,,1,101,,9151,66,,,1,100,,9163,66,,,1,100,,9148,66,,,1,102,,9145,66,,,1,39,,9141,66,,,1,107,,9146,66,,,1,95,,9157,66,,,1,67,,9159,66,,,1,102,,9154,66,,,1,114,,9158,66,,,1,99,,9152,66,,,1,97,,9153,66,,,1,96,,9155,66,,,1,97,,9156,66,,,1
5802,'DIM',629,,9712,64,,,2,101,,9719,64,,,2,93,,9716,64,,,2,101,,9720,64,,,2,100,,9723,64,,,2,99,,9715,64,,,2,101,,9725,64,,,2,100,,9722,64,,,2,102,,9718,64,,,2,99,,9721,64,,,2,101,,9717,64,,,2,99,,9711,64,,,2,101,,9724,64,,,2,100,,9708,64,,,2,99,,9714,64,,,2,98,,9710,64,,,2,98,,9709,64,,,2,97,,9713,64,,,2
5802,'SAM',629,,9743,64,,,2,101,,9735,64,,,2,93,,9734,64,,,2,101,,9739,64,,,2,100,,9737,64,,,2,99,,9740,64,,,2,101,,9742,64,,,2,100,,9726,64,,,2,99,,9733,64,,,2,101,,9738,64,,,2,101,,9736,64,,,2,101,,9741,64,,,2,100,,9728,64,,,2,100,,9731,64,,,2,99,,9727,64,,,2,98,,9732,64,,,2,98,,9729,64,,,2,97,,9730,64,,,2
5802,'SEM',550,,9762,64,,,2,76,,9755,64,,,2,22,,9754,64,,,2,80,,9763,64,,,2,75,,9765,64,,,2,29,,9747,64,,,2,73,,9746,64,,,2,43,,9750,64,,,2,100,,9766,64,,,2,100,,9744,64,,,2,100,,9751,64,,,2,100,,9764,64,,,2,100,,9745,64,,,2,65,,9748,64,,,2,30,,9752,64,,,2,104,,9758,64,,,2,71,,9749,64,,,2,93,,9753,64,,,2,96,,9760,64,,,2,98,,9759,64,,,2,99,,9761,64,,,2,97,,9757,64,,,2,99,,9756,64,,,2
6001,'DIM',817,,9768,60,,,1,104,,9776,60,,,1,102,,9774,60,,,1,104,,9775,60,,,1,102,,9777,60,,,1,102,,9780,60,,,1,102,,9778,60,,,1,100,,9781,60,,,1,100,,9779,60,,,1,102,,9782,60,,,1,91,,9783,60,,,1,99,,9770,60,,,1,98,,9772,60,,,1,97,,9771,60,,,1,99,,9773,60,,,1,99,,9767,60,,,1,100,,9769,60,,,1
6001,'SAM',713,,9790,60,,,1,104,,9795,60,,,1,104,,9786,60,,,1,102,,9798,60,,,1,103,,9800,60,,,1,103,,9796,60,,,1,102,,9799,60,,,1,102,,9797,60,,,1,100,,9785,60,,,1,100,,9801,60,,,1,102,,9784,60,,,1,91,,9788,60,,,1,100,,9793,60,,,1,97,,9789,60,,,1,97,,9791,60,,,1,99,,9794,60,,,1,99,,9787,60,,,1,100,,9792,60,,,1
6001,'SEM',559,,9816,60,,,1,143,,9802,60,,,1,47,,9820,60,,,1,78,,9814,60,,,1,77,,9818,60,,,1,101,,9804,60,,,1,101,,9821,60,,,1,101,,9819,60,,,1,104,,9805,60,,,1,100,,9803,60,,,1,102,,9815,60,,,1,102,,9817,60,,,1,99,,9806,60,,,1,102,,9810,60,,,1,95,,9808,60,,,1,89,,9813,60,,,1,58,,9811,60,,,1,98,,9807,60,,,1,98,,9809,60,,,1,94,,9812,60,,,1
7001,'DIM',745,,10411,84,,,1,102,,10401,84,,,1,99,,10409,84,,,1,100,,10412,84,,,1,69,,10415,84,,,1,31,,10410,84,,,1,70,,10417,84,,,1,28,,10416,84,,,1,70,,10413,84,,,1,35,,10414,84,,,1,69,,10418,84,,,1,27,,10394,84,,,1,74,,10419,84,,,1,25,,10397,84,,,1,75,,10398,84,,,1,27,,10399,84,,,1,73,,10396,84,,,1,33,,10402,84,,,1,73,,10405,84,,,1,29,,10400,84,,,1,94,,10406,84,,,1,98,,10403,84,,,1,100,,10395,84,,,1,99,,10407,84,,,1,100,,10408,84,,,1,99,,10404,84,,,1
7001,'SAM',745,,10436,84,,,1,102,,10441,84,,,1,99,,10443,84,,,1,100,,10444,84,,,1,68,,10442,84,,,1,32,,10420,84,,,1,69,,10445,84,,,1,29,,10440,84,,,1,70,,10421,84,,,1,34,,10437,84,,,1,68,,10422,84,,,1,33,,10438,84,,,1,70,,10424,84,,,1,25,,10439,84,,,1,73,,10427,84,,,1,29,,10429,84,,,1,73,,10426,84,,,1,34,,10428,84,,,1,72,,10432,84,,,1,29,,10430,84,,,1,94,,10434,84,,,1,98,,10423,84,,,1,100,,10425,84,,,1,98,,10435,84,,,1,101,,10433,84,,,1,99,,10431,84,,,1
7001,'SEM',557,,10472,84,,,1,73,,10450,84,,,1,29,,10473,84,,,1,58,,10474,84,,,1,19,,10469,84,,,1,68,,10480,84,,,1,24,,10461,84,,,1,24,,10447,84,,,1,69,,10479,84,,,1,30,,10476,84,,,1,71,,10477,84,,,1,29,,10458,84,,,1,71,,10481,84,,,1,29,,10449,84,,,1,72,,10454,84,,,1,28,,10478,84,,,1,70,,10448,84,,,1,30,,10446,84,,,1,72,,10475,84,,,1,30,,10453,84,,,1,79,,10456,84,,,1,24,,10452,84,,,1,51,,10459,84,,,1,50,,10451,84,,,1,77,,10463,84,,,1,67,,10466,84,,,1,33,,10467,84,,,1,24,,10455,84,,,1,78,,10464,84,,,1,84,,10460,84,,,1,33,,10457,84,,,1,148,,10465,84,,,1,58,,10462,84,,,1,99,,10470,84,,,1,99,,10468,84,,,1,167,,10471,84,,,1
7304,'DIM',550,,10665,79,,,1,70,,10654,79,,,1,103,,10658,79,,,1,101,,10661,79,,,1,103,,10657,79,,,1,102,,10659,79,,,1,100,,10662,79,,,1,100,,10666,79,,,1,102,,10660,79,,,1,101,,10663,79,,,1,101,,10656,79,,,1,100,,10664,79,,,1,100,,10667,79,,,1,99,,10650,79,,,1,99,,10647,79,,,1,97,,10653,79,,,1,99,,10649,79,,,1,99,,10648,79,,,1,97,,10651,79,,,1,100,,10652,79,,,1,99,,10655,79,,,1
7304,'SAM',550,,10686,79,,,1,70,,10676,79,,,1,103,,10681,79,,,1,101,,10678,79,,,1,103,,10677,79,,,1,102,,10682,79,,,1,100,,10684,79,,,1,101,,10680,79,,,1,101,,10671,79,,,1,101,,10683,79,,,1,101,,10679,79,,,1,100,,10685,79,,,1,100,,10687,79,,,1,99,,10670,79,,,1,98,,10668,79,,,1,98,,10669,79,,,1,99,,10673,79,,,1,99,,10672,79,,,1,97,,4131,79,,,1,100,,10674,79,,,1,99,,4133,79,,,1,100,,10675,79,,,1,99,,4134,79,,,1
7304,'SEM',513,,10719,79,,,1,42,,10716,79,,,1,82,,10722,79,,,1,18,,10725,79,,,1,73,,10721,79,,,1,15,,10718,79,,,1,14,,10694,79,,,1,68,,10696,79,,,1,14,,10717,79,,,1,15,,10723,79,,,1,65,,10712,79,,,1,31,,10690,79,,,1,80,,10689,79,,,1,29,,10705,79,,,1,70,,10720,79,,,1,30,,10691,79,,,1,71,,10695,79,,,1,76,,10704,79,,,1,26,,10697,79,,,1,70,,10724,79,,,1,30,,10692,79,,,1,70,,10693,79,,,1,33,,10701,79,,,1,71,,10688,79,,,1,32,,10698,79,,,1,78,,10708,79,,,1,22,,10706,79,,,1,67,,10700,79,,,1,29,,10707,79,,,1,76,,10702,79,,,1,20,,10713,79,,,1,29,,10699,79,,,1,70,,10709,79,,,1,29,,10711,79,,,1,73,,10703,79,,,1,96,,10715,79,,,1,99,,10710,79,,,1,102,,10714,79,,,1
7402,'DIM',651,,10786,92,,,2,103,,10789,92,,,2,101,,6451,92,,,2,102,,10790,92,,,2,102,,10788,92,,,2,100,,10787,92,,,2,141,,10793,92,,,2,100,,10792,92,,,2,103,,10794,92,,,2,99,,10791,92,,,2,99,,10781,92,,,2,101,,10780,92,,,2,98,,10782,92,,,2,58,,10783,92,,,2,99,,6443,92,,,2,100,,10784,92,,,2,97,,10785,92,,,2
7402,'SAM',651,,10802,92,,,2,103,,10806,92,,,2,101,,10804,92,,,2,102,,10801,92,,,2,102,,10805,92,,,2,100,,10807,92,,,2,141,,10810,92,,,2,101,,10803,92,,,2,100,,10808,92,,,2,101,,10811,92,,,2,100,,10809,92,,,2,99,,10795,92,,,2,99,,10797,92,,,2,58,,10799,92,,,2,99,,10798,92,,,2,100,,10800,92,,,2,97,,10796,92,,,2
7402,'SEM',611,,10825,92,,,2,90,,10830,92,,,2,20,,10813,92,,,2,82,,10824,92,,,2,100,,10814,92,,,2,99,,10812,92,,,2,99,,10816,92,,,2,101,,10826,92,,,2,57,,10829,92,,,2,100,,10815,92,,,2,142,,10828,92,,,2,102,,10827,92,,,2,100,,10817,92,,,2,56,,10818,92,,,2,100,,10821,92,,,2,97,,10823,92,,,2,99,,10819,92,,,2,102,,10820,92,,,2,97,,10822,92,,,2
22202,'DIM',1457,,4994,62,,,2
22202,'SAM',1457,,11491,62,,,2,898,,11489,62,,,2,100,,11490,62,,,2
22202,'SEM',559,,11498,62,,,2,159,,11493,62,,,2,41,,11494,62,,,2,768,,11497,62,,,2,75,,11492,62,,,2,702,,11495,62,,,2,25,,11496,62,,,2
32202,'SAM',2612,,11601,56,,,2
32202,'SEM',2440,,11602,56,,,2,84,,11603,56,,,2
33504,'DIM',1113,,11607,4,,,2
33504,'SAM',1113,,11608,4,,,2
33504,'SEM',1113,,11609,4,,,2
34504,'SEM',2530,,11613,41,,,1,118,,11612,41,,,1
