1703,'DIM',616,,6801,8,,,1,89,,6794,8,,,1,99,,100,8,,,1,101,,6796,8,,,1,97,,6797,8,,,1,101,,6793,8,,,1,100,,6799,8,,,1,99,,6795,8,,,1,101,,6798,8,,,1,100,,6800,8,,,1,102,,6783,8,,,1,99,,6787,8,,,1,99,,6786,8,,,1,101,,6785,8,,,1,99,,6788,8,,,1,99,,6791,8,,,1,101,,6784,8,,,1,100,,6789,8,,,1,102,,6790,8,,,1,120,,6792,8,,,1
1703,'SAM',539,,6813,8,,,1,77,,6819,8,,,1,89,,121,8,,,1,99,,6810,8,,,1,101,,6812,8,,,1,97,,6814,8,,,1,100,,6818,8,,,1,101,,6816,8,,,1,100,,6811,8,,,1,100,,6817,8,,,1,100,,6815,8,,,1,102,,6820,8,,,1,100,,6821,8,,,1,99,,6802,8,,,1,100,,6807,8,,,1,99,,6804,8,,,1,99,,6803,8,,,1,101,,6805,8,,,1,100,,6808,8,,,1,102,,6809,8,,,1,120,,6806,8,,,1
1703,'SEM',558,,6839,8,,,1,142,,6841,8,,,1,105,,6840,8,,,1,96,,6825,8,,,1,100,,6838,8,,,1,100,,6837,8,,,1,100,,6843,8,,,1,100,,6826,8,,,1,100,,6823,8,,,1,58,,6842,8,,,1,75,,6845,8,,,1,20,,6844,8,,,1,76,,6822,8,,,1,23,,6833,8,,,1,78,,6824,8,,,1,80,,6827,8,,,1,30,,6830,8,,,1,69,,6835,8,,,1,99,,6836,8,,,1,100,,6828,8,,,1,100,,6829,8,,,1,100,,6831,8,,,1,100,,6832,8,,,1,104,,6834,8,,,1
2703,'DIM',859,,7609,8,,,2,100,,7612,8,,,2,98,,7614,8,,,2,102,,7608,8,,,2,95,,7616,8,,,2,146,,7611,8,,,2,101,,7613,8,,,2,100,,7610,8,,,2,100,,7615,8,,,2,100,,7602,8,,,2,100,,7604,8,,,2,58,,7603,8,,,2,100,,7607,8,,,2,100,,7601,8,,,2,142,,7600,8,,,2,100,,7605,8,,,2,100,,7606,8,,,2
2703,'SAM',659,,7626,8,,,2,100,,7627,8,,,2,100,,7625,8,,,2,100,,7635,8,,,2,100,,7629,8,,,2,100,,7632,8,,,2,94,,7628,8,,,2,147,,7630,8,,,2,102,,7631,8,,,2,99,,7624,8,,,2,54,,7633,8,,,2,146,,7634,8,,,2,100,,7619,8,,,2,58,,7622,8,,,2,100,,7617,8,,,2,100,,7618,8,,,2,142,,7620,8,,,2,100,,7621,8,,,2,100,,7623,8,,,2
2703,'SEM',805,,7653,8,,,2,50,,7638,8,,,2,100,,7644,8,,,2,100,,7637,8,,,2,99,,7655,8,,,2,90,,7652,8,,,2,103,,7656,8,,,2,100,,7641,8,,,2,81,,7639,8,,,2,82,,7654,8,,,2,15,,7636,8,,,2,30,,7643,8,,,2,79,,7640,8,,,2,25,,7651,8,,,2,96,,7647,8,,,2,87,,7650,8,,,2,103,,7646,8,,,2,102,,7642,8,,,2,100,,7645,8,,,2,100,,7648,8,,,2,100,,7649,8,,,2
3103,'DIM',635,,7731,10,,,1,99,,7730,10,,,1,99,,1058,10,,,1,99,,7735,10,,,1,99,,7734,10,,,1,100,,7732,10,,,1,102,,7721,10,,,1,100,,7733,10,,,1,99,,7720,10,,,1,102,,7719,10,,,1,99,,7724,10,,,1,99,,7726,10,,,1,103,,7725,10,,,1,97,,7727,10,,,1,101,,7723,10,,,1,100,,7722,10,,,1,100,,7728,10,,,1,101,,7729,10,,,1
3103,'SAM',635,,7748,10,,,1,99,,7747,10,,,1,99,,1075,10,,,1,99,,7752,10,,,1,99,,7753,10,,,1,100,,7749,10,,,1,100,,7745,10,,,1,101,,7750,10,,,1,100,,7746,10,,,1,102,,7751,10,,,1,100,,7740,10,,,1,99,,7742,10,,,1,100,,7738,10,,,1,100,,7743,10,,,1,100,,7736,10,,,1,100,,7737,10,,,1,100,,7739,10,,,1,102,,7741,10,,,1,95,,7744,10,,,1
3103,'SEM',630,,7775,10,,,1,99,,7773,10,,,1,100,,7774,10,,,1,100,,7754,10,,,1,101,,7755,10,,,1,100,,7757,10,,,1,100,,7776,10,,,1,100,,7756,10,,,1,100,,7761,10,,,1,98,,7762,10,,,1,11,,7763,10,,,1,76,,7758,10,,,1,30,,7767,10,,,1,80,,7764,10,,,1,30,,7760,10,,,1,76,,7772,10,,,1,70,,7759,10,,,1,36,,7771,10,,,1,100,,7765,10,,,1,101,,7768,10,,,1,100,,7769,10,,,1,98,,7766,10,,,1,114,,7770,10,,,1
4303,'DIM',635,,8647,8,,,1,100,,8649,8,,,1,100,,8653,8,,,1,100,,8651,8,,,1,106,,8652,8,,,1,101,,8650,8,,,1,100,,8656,8,,,1,99,,8654,8,,,1,103,,8655,8,,,1,97,,8637,8,,,1,99,,8638,8,,,1,104,,8640,8,,,1,92,,8643,8,,,1,99,,8642,8,,,1,100,,8639,8,,,1,100,,8641,8,,,1,100,,8648,8,,,1,100,,8644,8,,,1,100,,8646,8,,,1,100,,8645,8,,,1
4303,'SAM',635,,8668,8,,,1,100,,8658,8,,,1,100,,8673,8,,,1,100,,8659,8,,,1,106,,8660,8,,,1,101,,8671,8,,,1,100,,8669,8,,,1,99,,8674,8,,,1,102,,8670,8,,,1,101,,8672,8,,,1,98,,8657,8,,,1,98,,8675,8,,,1,96,,8664,8,,,1,99,,8661,8,,,1,100,,2041,8,,,1,100,,8662,8,,,1,100,,8663,8,,,1,100,,8667,8,,,1,100,,8665,8,,,1,100,,8666,8,,,1
4303,'SEM',635,,8697,8,,,1,100,,8698,8,,,1,81,,8679,8,,,1,104,,8699,8,,,1,31,,8678,8,,,1,69,,8695,8,,,1,30,,8685,8,,,1,70,,8681,8,,,1,30,,8701,8,,,1,70,,8700,8,,,1,30,,8696,8,,,1,72,,8682,8,,,1,28,,8683,8,,,1,70,,8687,8,,,1,30,,8702,8,,,1,70,,8677,8,,,1,25,,8684,8,,,1,70,,8680,8,,,1,19,,8703,8,,,1,76,,8686,8,,,1,31,,8676,8,,,1,71,,8692,8,,,1,102,,8693,8,,,1,101,,8694,8,,,1,101,,8688,8,,,1,101,,8689,8,,,1,110,,8690,8,,,1,106,,8691,8,,,1
6002,'DIM',655,,9823,8,,,1,100,,9832,8,,,1,99,,9830,8,,,1,100,,9831,8,,,1,100,,9833,8,,,1,100,,9836,8,,,1,100,,9834,8,,,1,100,,9837,8,,,1,100,,9835,8,,,1,99,,9838,8,,,1,99,,9839,8,,,1,101,,9825,8,,,1,101,,9827,8,,,1,101,,9826,8,,,1,101,,9828,8,,,1,100,,9822,8,,,1,100,,9824,8,,,1,99,,9829,8,,,1
6002,'SAM',655,,9851,8,,,1,100,,9842,8,,,1,99,,9854,8,,,1,100,,9856,8,,,1,100,,9852,8,,,1,100,,9855,8,,,1,100,,9853,8,,,1,100,,9841,8,,,1,100,,9857,8,,,1,99,,9840,8,,,1,99,,9844,8,,,1,103,,9849,8,,,1,99,,9845,8,,,1,101,,9846,8,,,1,101,,9850,8,,,1,100,,9843,8,,,1,100,,9847,8,,,1,99,,9848,8,,,1
6002,'SEM',626,,9875,8,,,1,100,,9873,8,,,1,100,,9859,8,,,1,99,,9876,8,,,1,100,,9874,8,,,1,101,,9864,8,,,1,100,,9858,8,,,1,99,,9860,8,,,1,101,,9872,8,,,1,98,,9861,8,,,1,101,,9866,8,,,1,107,,9863,8,,,1,94,,9869,8,,,1,101,,9867,8,,,1,99,,9862,8,,,1,100,,9865,8,,,1,99,,9868,8,,,1,90,,9871,8,,,1,100,,9870,8,,,1
7303,'DIM',650,,10582,8,,,1,99,,10579,8,,,1,100,,10580,8,,,1,98,,10583,8,,,1,100,,10586,8,,,1,100,,10581,8,,,1,100,,10584,8,,,1,101,,10578,8,,,1,99,,10585,8,,,1,102,,10587,8,,,1,99,,10572,8,,,1,100,,10569,8,,,1,101,,10575,8,,,1,99,,10571,8,,,1,100,,10570,8,,,1,100,,10573,8,,,1,100,,10574,8,,,1,102,,10577,8,,,1,105,,10576,8,,,1
7303,'SAM',557,,10601,8,,,1,93,,10598,8,,,1,99,,10597,8,,,1,100,,10602,8,,,1,98,,10604,8,,,1,101,,10600,8,,,1,99,,10591,8,,,1,100,,10603,8,,,1,101,,10599,8,,,1,99,,10605,8,,,1,102,,10606,8,,,1,101,,10590,8,,,1,99,,10588,8,,,1,99,,10589,8,,,1,100,,10593,8,,,1,100,,10592,8,,,1,100,,4040,8,,,1,100,,10594,8,,,1,102,,4041,8,,,1,105,,10595,8,,,1,100,,4042,8,,,1,100,,10596,8,,,1
7303,'SEM',543,,10643,8,,,1,66,,10640,8,,,1,38,,10639,8,,,1,10,,10644,8,,,1,78,,10633,8,,,1,16,,10609,8,,,1,83,,10641,8,,,1,12,,10608,8,,,1,70,,10626,8,,,1,31,,10642,8,,,1,69,,10610,8,,,1,31,,10615,8,,,1,69,,10625,8,,,1,31,,10616,8,,,1,69,,10645,8,,,1,30,,10611,8,,,1,70,,10614,8,,,1,30,,10620,8,,,1,70,,10607,8,,,1,30,,10617,8,,,1,75,,10646,8,,,1,24,,10627,8,,,1,55,,10619,8,,,1,21,,10612,8,,,1,16,,10613,8,,,1,63,,10623,8,,,1,17,,10621,8,,,1,30,,10634,8,,,1,55,,10622,8,,,1,16,,10618,8,,,1,33,,10628,8,,,1,70,,10631,8,,,1,32,,10624,8,,,1,100,,10636,8,,,1,100,,10629,8,,,1,100,,10635,8,,,1,100,,10630,8,,,1,81,,10632,8,,,1,95,,10637,8,,,1,121,,10638,8,,,1
7401,'DIM',720,,10736,8,,,2,99,,10737,8,,,2,101,,10740,8,,,2,97,,10739,8,,,2,101,,10741,8,,,2,100,,10738,8,,,2,100,,10735,8,,,2,99,,10734,8,,,2,102,,10742,8,,,2,99,,10728,8,,,2,102,,10729,8,,,2,99,,10731,8,,,2,100,,10732,8,,,2,99,,10733,8,,,2,101,,10727,8,,,2,99,,10726,8,,,2,101,,10730,8,,,2
7401,'SAM',720,,10751,8,,,2,99,,10753,8,,,2,101,,10752,8,,,2,98,,10755,8,,,2,100,,10757,8,,,2,100,,10759,8,,,2,101,,10754,8,,,2,98,,10758,8,,,2,101,,10756,8,,,2,100,,10743,8,,,2,101,,10746,8,,,2,101,,10748,8,,,2,100,,10747,8,,,2,98,,10749,8,,,2,101,,10744,8,,,2,99,,10750,8,,,2,101,,10745,8,,,2
7401,'SEM',622,,10776,8,,,2,95,,10760,8,,,2,100,,10775,8,,,2,103,,10764,8,,,2,101,,10765,8,,,2,101,,10779,8,,,2,99,,10763,8,,,2,101,,10778,8,,,2,100,,10777,8,,,2,93,,10762,8,,,2,93,,10766,8,,,2,101,,10761,8,,,2,30,,10768,8,,,2,85,,10774,8,,,2,100,,10767,8,,,2,101,,10770,8,,,2,100,,10771,8,,,2,100,,10769,8,,,2,100,,10772,8,,,2,95,,10773,8,,,2
