4202,'DIM',509,,8490,74,,,2,41,,8531,74,,,2,66,,8501,74,,,2,30,,8489,74,,,2,71,,8513,74,,,2,30,,8511,74,,,2,72,,8532,74,,,2,32,,8516,74,,,2,71,,8512,74,,,2,31,,8520,74,,,2,71,,8524,74,,,2,23,,8530,74,,,2,62,,8526,74,,,2,21,,8517,74,,,2,22,,8522,74,,,2,59,,8518,74,,,2,20,,8521,74,,,2,18,,8506,74,,,2,63,,8509,74,,,2,20,,8508,74,,,2,22,,8510,74,,,2,59,,8515,74,,,2,20,,8514,74,,,2,18,,8534,74,,,2,62,,8527,74,,,2,21,,8523,74,,,2,21,,8519,74,,,2,61,,8529,74,,,2,19,,8494,74,,,2,20,,8495,74,,,2,61,,8496,74,,,2,23,,8528,74,,,2,76,,8525,74,,,2,35,,8533,74,,,2,69,,8505,74,,,2,30,,8492,74,,,2,72,,8491,74,,,2,30,,8500,74,,,2,69,,8488,74,,,2,27,,8497,74,,,2,68,,8507,74,,,2,28,,8493,74,,,2,71,,8499,74,,,2,30,,8503,74,,,2,67,,8504,74,,,2,30,,8498,74,,,2,77,,8502,74,,,2
4202,'SAM',509,,8537,74,,,2,41,,8539,74,,,2,66,,8557,74,,,2,30,,8535,74,,,2,71,,8565,74,,,2,30,,8563,74,,,2,72,,8540,74,,,2,32,,8571,74,,,2,71,,8567,74,,,2,31,,8566,74,,,2,71,,8570,74,,,2,23,,8582,74,,,2,62,,8576,74,,,2,21,,8580,74,,,2,21,,8575,74,,,2,60,,8578,74,,,2,20,,8560,74,,,2,18,,8573,74,,,2,62,,8564,74,,,2,21,,8556,74,,,2,21,,8562,74,,,2,60,,8536,74,,,2,20,,8569,74,,,2,18,,8568,74,,,2,62,,8561,74,,,2,21,,8572,74,,,2,21,,8538,74,,,2,60,,8574,74,,,2,19,,8577,74,,,2,21,,8543,74,,,2,61,,8579,74,,,2,23,,8581,74,,,2,75,,8549,74,,,2,35,,8551,74,,,2,70,,8553,74,,,2,30,,8555,74,,,2,75,,8541,74,,,2,27,,8544,74,,,2,69,,8558,74,,,2,27,,8546,74,,,2,68,,8548,74,,,2,31,,8542,74,,,2,67,,8545,74,,,2,30,,8547,74,,,2,68,,8550,74,,,2,30,,8552,74,,,2,77,,8554,74,,,2,30,,8559,74,,,2
4202,'SEM',509,,8625,74,,,2,97,,8627,74,,,2,33,,8631,74,,,2,16,,8634,74,,,2,56,,8583,74,,,2,10,,8585,74,,,2,11,,8588,74,,,2,9,,8591,74,,,2,10,,8633,74,,,2,52,,8630,74,,,2,20,,8586,74,,,2,18,,8601,74,,,2,61,,8587,74,,,2,22,,8635,74,,,2,22,,8632,74,,,2,59,,8589,74,,,2,21,,8626,74,,,2,20,,8584,74,,,2,59,,8629,74,,,2,21,,8593,74,,,2,20,,8618,74,,,2,61,,8628,74,,,2,24,,8595,74,,,2,17,,8615,74,,,2,64,,8597,74,,,2,20,,8599,74,,,2,20,,8600,74,,,2,63,,8592,74,,,2,17,,8602,74,,,2,21,,8603,74,,,2,60,,8604,74,,,2,21,,8590,74,,,2,21,,8606,74,,,2,60,,8636,74,,,2,20,,8609,74,,,2,20,,8610,74,,,2,60,,8611,74,,,2,21,,8613,74,,,2,17,,8594,74,,,2,64,,8616,74,,,2,20,,8596,74,,,2,63,,8605,74,,,2,24,,8598,74,,,2,19,,8622,74,,,2,70,,8624,74,,,2,45,,8621,74,,,2,76,,8623,74,,,2,67,,8607,74,,,2,29,,8608,74,,,2,29,,8612,74,,,2,66,,8614,74,,,2,77,,8620,74,,,2,27,,8617,74,,,2,71,,8619,74,,,2
4804,'DIM',607,,9112,56,,,1,110,,9116,56,,,1,103,,9113,56,,,1,108,,9117,56,,,1,107,,9120,56,,,1,101,,9103,56,,,1,103,,9114,56,,,1,100,,9115,56,,,1,97,,9119,56,,,1,105,,9105,56,,,1,101,,9118,56,,,1,101,,9104,56,,,1,97,,9110,56,,,1,95,,9106,56,,,1,95,,9111,56,,,1,97,,9108,56,,,1,100,,9107,56,,,1,95,,9109,56,,,1
4804,'SAM',607,,9131,56,,,1,110,,2518,56,,,1,103,,9133,56,,,1,107,,9135,56,,,1,108,,9139,56,,,1,101,,9132,56,,,1,102,,9138,56,,,1,100,,9134,56,,,1,97,,9136,56,,,1,106,,9137,56,,,1,101,,9124,56,,,1,101,,9127,56,,,1,97,,9125,56,,,1,95,,9128,56,,,1,95,,9122,56,,,1,97,,9121,56,,,1,98,,9123,56,,,1,97,,9129,56,,,1,97,,9130,56,,,1,33,,9126,56,,,1
4804,'SEM',538,,9142,56,,,1,81,,9160,56,,,1,31,,9140,56,,,1,73,,9143,56,,,1,27,,9147,56,,,1,79,,9162,56,,,1,30,,9161,56,,,1,70,,9164,56,,,1,30,,9150,56,,,1,71,,9149,56,,,1,71,,9144,56,,,1,101,,9151,56,,,1,100,,9163,56,,,1,100,,9148,56,,,1,102,,9145,56,,,1,39,,9141,56,,,1,107,,9146,56,,,1,96,,9157,56,,,1,67,,9159,56,,,1,102,,9154,56,,,1,114,,9158,56,,,1,100,,9152,56,,,1,98,,9153,56,,,1,96,,9155,56,,,1,97,,9156,56,,,1
5802,'DIM',624,,9712,54,,,2,101,,9719,54,,,2,93,,9716,54,,,2,100,,9720,54,,,2,100,,9723,54,,,2,99,,9715,54,,,2,101,,9725,54,,,2,100,,9722,54,,,2,102,,9718,54,,,2,99,,9721,54,,,2,101,,9717,54,,,2,98,,9711,54,,,2,101,,9724,54,,,2,100,,9708,54,,,2,100,,9714,54,,,2,98,,9710,54,,,2,98,,9709,54,,,2,98,,9713,54,,,2
5802,'SAM',624,,9743,54,,,2,101,,9735,54,,,2,93,,9734,54,,,2,100,,9739,54,,,2,100,,9737,54,,,2,99,,9740,54,,,2,101,,9742,54,,,2,100,,9726,54,,,2,99,,9733,54,,,2,101,,9738,54,,,2,101,,9736,54,,,2,100,,9741,54,,,2,100,,9728,54,,,2,100,,9731,54,,,2,100,,9727,54,,,2,98,,9732,54,,,2,98,,9729,54,,,2,98,,9730,54,,,2
5802,'SEM',544,,9762,54,,,2,75,,9755,54,,,2,22,,9754,54,,,2,80,,9763,54,,,2,35,,9765,54,,,2,69,,9747,54,,,2,33,,9746,54,,,2,83,,9750,54,,,2,100,,9766,54,,,2,100,,9744,54,,,2,100,,9751,54,,,2,100,,9764,54,,,2,100,,9745,54,,,2,65,,9748,54,,,2,29,,9752,54,,,2,104,,9758,54,,,2,72,,9749,54,,,2,93,,9753,54,,,2,96,,9760,54,,,2,58,,9759,54,,,2,100,,9761,54,,,2,97,,9757,54,,,2,99,,9756,54,,,2
7001,'DIM',740,,10411,74,,,1,101,,10401,74,,,1,99,,10409,74,,,1,100,,10412,74,,,1,69,,10415,74,,,1,31,,10410,74,,,1,70,,10417,74,,,1,28,,10416,74,,,1,70,,10413,74,,,1,35,,10414,74,,,1,69,,10418,74,,,1,27,,10394,74,,,1,74,,10419,74,,,1,25,,10397,74,,,1,75,,10398,74,,,1,27,,10399,74,,,1,73,,10396,74,,,1,33,,10402,74,,,1,73,,10405,74,,,1,30,,10400,74,,,1,94,,10406,74,,,1,98,,10403,74,,,1,100,,10395,74,,,1,99,,10407,74,,,1,100,,10408,74,,,1,99,,10404,74,,,1
7001,'SAM',740,,10436,74,,,1,101,,10441,74,,,1,99,,10443,74,,,1,100,,10444,74,,,1,68,,10442,74,,,1,32,,10420,74,,,1,69,,10445,74,,,1,29,,10440,74,,,1,70,,10421,74,,,1,34,,10437,74,,,1,68,,10422,74,,,1,33,,10438,74,,,1,70,,10424,74,,,1,25,,10439,74,,,1,73,,10427,74,,,1,29,,10429,74,,,1,73,,10426,74,,,1,34,,10428,74,,,1,72,,10432,74,,,1,30,,10430,74,,,1,94,,10434,74,,,1,98,,10423,74,,,1,100,,10425,74,,,1,98,,10435,74,,,1,101,,10433,74,,,1,99,,10431,74,,,1
7001,'SEM',551,,10472,74,,,1,73,,10450,74,,,1,28,,10473,74,,,1,58,,10474,74,,,1,19,,10469,74,,,1,28,,10480,74,,,1,64,,10461,74,,,1,24,,10447,74,,,1,69,,10479,74,,,1,30,,10476,74,,,1,71,,10477,74,,,1,29,,10458,74,,,1,71,,10481,74,,,1,29,,10449,74,,,1,72,,10454,74,,,1,28,,10478,74,,,1,70,,10448,74,,,1,30,,10446,74,,,1,72,,10475,74,,,1,30,,10453,74,,,1,79,,10456,74,,,1,24,,10452,74,,,1,51,,10459,74,,,1,49,,10451,74,,,1,77,,10463,74,,,1,27,,10466,74,,,1,73,,10467,74,,,1,26,,10455,74,,,1,78,,10464,74,,,1,84,,10460,74,,,1,33,,10457,74,,,1,108,,10465,74,,,1,99,,10462,74,,,1,99,,10470,74,,,1,99,,10468,74,,,1,167,,10471,74,,,1
