1703,'DIM',620,,6801,15,,,1,89,,6794,15,,,1,99,,100,15,,,1,101,,6796,15,,,1,97,,6797,15,,,1,101,,6793,15,,,1,100,,6799,15,,,1,99,,6795,15,,,1,102,,6798,15,,,1,100,,6800,15,,,1,102,,6783,15,,,1,98,,6787,15,,,1,99,,6786,15,,,1,101,,6785,15,,,1,99,,6788,15,,,1,99,,6791,15,,,1,101,,6784,15,,,1,100,,6789,15,,,1,102,,6790,15,,,1,120,,6792,15,,,1
1703,'SAM',542,,6813,15,,,1,78,,6819,15,,,1,89,,121,15,,,1,99,,6810,15,,,1,101,,6812,15,,,1,97,,6814,15,,,1,100,,6818,15,,,1,101,,6816,15,,,1,100,,6811,15,,,1,101,,6817,15,,,1,100,,6815,15,,,1,102,,6820,15,,,1,99,,6821,15,,,1,99,,6802,15,,,1,100,,6807,15,,,1,99,,6804,15,,,1,99,,6803,15,,,1,101,,6805,15,,,1,100,,6808,15,,,1,102,,6809,15,,,1,120,,6806,15,,,1
1703,'SEM',602,,6839,15,,,1,102,,6841,15,,,1,105,,6840,15,,,1,96,,6825,15,,,1,100,,6838,15,,,1,100,,6837,15,,,1,100,,6843,15,,,1,101,,6826,15,,,1,100,,6823,15,,,1,98,,6842,15,,,1,35,,6845,15,,,1,20,,6844,15,,,1,76,,6822,15,,,1,23,,6833,15,,,1,78,,6824,15,,,1,80,,6827,15,,,1,30,,6830,15,,,1,68,,6835,15,,,1,99,,6836,15,,,1,100,,6828,15,,,1,100,,6829,15,,,1,100,,6831,15,,,1,100,,6832,15,,,1,104,,6834,15,,,1
2703,'DIM',903,,7609,15,,,2,100,,7612,15,,,2,98,,7614,15,,,2,102,,7608,15,,,2,55,,7616,15,,,2,146,,7611,15,,,2,101,,7613,15,,,2,100,,7610,15,,,2,100,,7615,15,,,2,100,,7602,15,,,2,100,,7604,15,,,2,98,,7603,15,,,2,100,,7607,15,,,2,100,,7601,15,,,2,102,,7600,15,,,2,100,,7605,15,,,2,100,,7606,15,,,2
2703,'SAM',703,,7626,15,,,2,100,,7627,15,,,2,100,,7625,15,,,2,100,,7635,15,,,2,100,,7629,15,,,2,100,,7632,15,,,2,54,,7628,15,,,2,147,,7630,15,,,2,102,,7631,15,,,2,99,,7624,15,,,2,54,,7633,15,,,2,146,,7634,15,,,2,100,,7619,15,,,2,98,,7622,15,,,2,100,,7617,15,,,2,100,,7618,15,,,2,102,,7620,15,,,2,100,,7621,15,,,2,100,,7623,15,,,2
2703,'SEM',809,,7653,15,,,2,50,,7638,15,,,2,100,,7644,15,,,2,100,,7637,15,,,2,99,,7655,15,,,2,91,,7652,15,,,2,103,,7656,15,,,2,100,,7641,15,,,2,81,,7639,15,,,2,82,,7654,15,,,2,15,,7636,15,,,2,70,,7643,15,,,2,39,,7640,15,,,2,65,,7651,15,,,2,96,,7647,15,,,2,47,,7650,15,,,2,103,,7646,15,,,2,102,,7642,15,,,2,99,,7645,15,,,2,100,,7648,15,,,2,100,,7649,15,,,2
3103,'DIM',639,,7731,17,,,1,99,,7730,17,,,1,99,,1058,17,,,1,99,,7735,17,,,1,99,,7734,17,,,1,100,,7732,17,,,1,102,,7721,17,,,1,101,,7733,17,,,1,99,,7720,17,,,1,102,,7719,17,,,1,99,,7724,17,,,1,98,,7726,17,,,1,103,,7725,17,,,1,97,,7727,17,,,1,101,,7723,17,,,1,100,,7722,17,,,1,100,,7728,17,,,1,101,,7729,17,,,1
3103,'SAM',639,,7748,17,,,1,99,,7747,17,,,1,99,,1075,17,,,1,99,,7752,17,,,1,99,,7753,17,,,1,100,,7749,17,,,1,100,,7745,17,,,1,102,,7750,17,,,1,100,,7746,17,,,1,102,,7751,17,,,1,100,,7740,17,,,1,98,,7742,17,,,1,100,,7738,17,,,1,100,,7743,17,,,1,100,,7736,17,,,1,100,,7737,17,,,1,100,,7739,17,,,1,102,,7741,17,,,1,95,,7744,17,,,1
3103,'SEM',634,,7775,17,,,1,99,,7773,17,,,1,100,,7774,17,,,1,100,,7754,17,,,1,101,,7755,17,,,1,100,,7757,17,,,1,100,,7776,17,,,1,100,,7756,17,,,1,101,,7761,17,,,1,98,,7762,17,,,1,11,,7763,17,,,1,77,,7758,17,,,1,29,,7767,17,,,1,80,,7764,17,,,1,70,,7760,17,,,1,36,,7772,17,,,1,69,,7759,17,,,1,36,,7771,17,,,1,100,,7765,17,,,1,101,,7768,17,,,1,100,,7769,17,,,1,98,,7766,17,,,1,114,,7770,17,,,1
3903,'DIM',835,,1407,14,,,1,100,,8065,24,,,1,70,,8070,24,,,1,31,,8071,24,,,1,70,,8068,24,,,1,34,,8069,24,,,1,66,,8072,24,,,1,29,,8062,24,,,1,71,,8066,24,,,1,30,,8063,24,,,1,70,,8049,24,,,1,30,,8052,24,,,1,72,,8055,24,,,1,30,,8067,24,,,1,71,,8056,24,,,1,31,,8057,24,,,1,65,,8058,24,,,1,18,,8064,24,,,1,10,,8059,24,,,1,24,,8053,24,,,1,65,,8060,24,,,1,99,,8050,24,,,1,100,,8061,24,,,1,98,,8051,24,,,1,104,,8054,24,,,1
3903,'SAM',835,,8097,14,,,1,100,,8092,24,,,1,70,,8096,24,,,1,31,,8073,24,,,1,70,,8087,24,,,1,34,,8090,24,,,1,66,,8089,24,,,1,30,,8074,24,,,1,70,,8088,24,,,1,30,,8091,24,,,1,70,,8075,24,,,1,30,,8094,24,,,1,72,,8078,24,,,1,30,,8079,24,,,1,71,,8081,24,,,1,31,,8095,24,,,1,65,,8082,24,,,1,18,,8093,24,,,1,11,,8080,24,,,1,23,,8077,24,,,1,69,,8076,24,,,1,97,,8084,24,,,1,98,,8083,24,,,1,98,,8086,24,,,1,104,,8085,24,,,1
3903,'SEM',727,,8120,24,,,1,100,,8102,24,,,1,104,,8100,24,,,1,73,,8104,24,,,1,29,,8121,24,,,1,71,,8122,24,,,1,29,,8115,24,,,1,71,,8119,24,,,1,27,,8123,24,,,1,77,,8099,24,,,1,33,,8106,24,,,1,67,,8108,24,,,1,31,,8109,24,,,1,75,,8098,24,,,1,38,,8116,24,,,1,63,,8110,24,,,1,28,,8101,24,,,1,65,,8103,24,,,1,33,,8111,24,,,1,80,,8112,24,,,1,79,,8105,24,,,1,58,,8107,24,,,1,96,,8113,24,,,1,103,,8117,24,,,1,97,,8114,24,,,1,88,,8118,24,,,1
4303,'DIM',638,,8647,15,,,1,101,,8649,15,,,1,100,,8653,15,,,1,100,,8651,15,,,1,106,,8652,15,,,1,101,,8650,15,,,1,100,,8656,15,,,1,100,,8654,15,,,1,103,,8655,15,,,1,97,,8637,15,,,1,99,,8638,15,,,1,104,,8640,15,,,1,91,,8643,15,,,1,99,,8642,15,,,1,100,,8639,15,,,1,100,,8641,15,,,1,100,,8648,15,,,1,100,,8644,15,,,1,99,,8646,15,,,1,100,,8645,15,,,1
4303,'SAM',638,,8668,15,,,1,101,,8658,15,,,1,100,,8673,15,,,1,100,,8659,15,,,1,106,,8660,15,,,1,101,,8671,15,,,1,100,,8669,15,,,1,100,,8674,15,,,1,102,,8670,15,,,1,101,,8672,15,,,1,98,,8657,15,,,1,98,,8675,15,,,1,95,,8664,15,,,1,99,,8661,15,,,1,100,,2041,15,,,1,100,,8662,15,,,1,100,,8663,15,,,1,100,,8667,15,,,1,99,,8665,15,,,1,100,,8666,15,,,1
4303,'SEM',639,,8697,15,,,1,100,,8698,15,,,1,81,,8679,15,,,1,104,,8699,15,,,1,31,,8678,15,,,1,69,,8695,15,,,1,30,,8685,15,,,1,71,,8681,15,,,1,30,,8701,15,,,1,70,,8700,15,,,1,30,,8696,15,,,1,72,,8682,15,,,1,28,,8683,15,,,1,70,,8687,15,,,1,30,,8702,15,,,1,70,,8677,15,,,1,25,,8684,15,,,1,70,,8680,15,,,1,19,,8703,15,,,1,76,,8686,15,,,1,31,,8676,15,,,1,71,,8692,15,,,1,101,,8693,15,,,1,101,,8694,15,,,1,101,,8688,15,,,1,101,,8689,15,,,1,109,,8690,15,,,1,106,,8691,15,,,1
7303,'DIM',654,,10582,15,,,1,99,,10579,15,,,1,100,,10580,15,,,1,98,,10583,15,,,1,100,,10586,15,,,1,100,,10581,15,,,1,100,,10584,15,,,1,102,,10578,15,,,1,99,,10585,15,,,1,102,,10587,15,,,1,99,,10572,15,,,1,99,,10569,15,,,1,101,,10575,15,,,1,99,,10571,15,,,1,100,,10570,15,,,1,100,,10573,15,,,1,100,,10574,15,,,1,102,,10577,15,,,1,105,,10576,15,,,1
7303,'SAM',600,,10601,15,,,1,54,,10598,15,,,1,99,,10597,15,,,1,100,,10602,15,,,1,98,,10604,15,,,1,101,,10600,15,,,1,99,,10591,15,,,1,100,,10603,15,,,1,102,,10599,15,,,1,99,,10605,15,,,1,102,,10606,15,,,1,101,,10590,15,,,1,98,,10588,15,,,1,99,,10589,15,,,1,100,,10593,15,,,1,100,,10592,15,,,1,100,,4040,15,,,1,100,,10594,15,,,1,102,,4041,15,,,1,105,,10595,15,,,1,100,,4042,15,,,1,100,,10596,15,,,1
7303,'SEM',547,,10643,15,,,1,66,,10640,15,,,1,38,,10639,15,,,1,50,,10644,15,,,1,39,,10633,15,,,1,16,,10609,15,,,1,83,,10641,15,,,1,12,,10608,15,,,1,70,,10626,15,,,1,31,,10642,15,,,1,69,,10610,15,,,1,31,,10615,15,,,1,69,,10625,15,,,1,31,,10616,15,,,1,69,,10645,15,,,1,30,,10611,15,,,1,70,,10614,15,,,1,30,,10620,15,,,1,70,,10607,15,,,1,30,,10617,15,,,1,75,,10646,15,,,1,25,,10627,15,,,1,55,,10619,15,,,1,21,,10612,15,,,1,16,,10613,15,,,1,63,,10623,15,,,1,16,,10621,15,,,1,30,,10634,15,,,1,55,,10622,15,,,1,16,,10618,15,,,1,33,,10628,15,,,1,70,,10631,15,,,1,32,,10624,15,,,1,99,,10636,15,,,1,100,,10629,15,,,1,100,,10635,15,,,1,100,,10630,15,,,1,81,,10632,15,,,1,95,,10637,15,,,1,121,,10638,15,,,1
7401,'DIM',724,,10736,15,,,2,99,,10737,15,,,2,101,,10740,15,,,2,97,,10739,15,,,2,101,,10741,15,,,2,100,,10738,15,,,2,101,,10735,15,,,2,99,,10734,15,,,2,102,,10742,15,,,2,99,,10728,15,,,2,102,,10729,15,,,2,99,,10731,15,,,2,99,,10732,15,,,2,99,,10733,15,,,2,101,,10727,15,,,2,99,,10726,15,,,2,101,,10730,15,,,2
7401,'SAM',724,,10751,15,,,2,99,,10753,15,,,2,101,,10752,15,,,2,98,,10755,15,,,2,100,,10757,15,,,2,100,,10759,15,,,2,102,,10754,15,,,2,98,,10758,15,,,2,101,,10756,15,,,2,100,,10743,15,,,2,101,,10746,15,,,2,101,,10748,15,,,2,99,,10747,15,,,2,98,,10749,15,,,2,101,,10744,15,,,2,99,,10750,15,,,2,101,,10745,15,,,2
7401,'SEM',626,,10776,15,,,2,95,,10760,15,,,2,101,,10775,15,,,2,103,,10764,15,,,2,101,,10765,15,,,2,101,,10779,15,,,2,99,,10763,15,,,2,101,,10778,15,,,2,100,,10777,15,,,2,93,,10762,15,,,2,93,,10766,15,,,2,101,,10761,15,,,2,30,,10768,15,,,2,85,,10774,15,,,2,99,,10767,15,,,2,101,,10770,15,,,2,100,,10771,15,,,2,100,,10769,15,,,2,100,,10772,15,,,2,95,,10773,15,,,2
