4201,'DIM',521,,8340,31,,,2,105,,8364,31,,,2,30,,8381,31,,,2,70,,1716,31,,,2,31,,8365,31,,,2,71,,8370,31,,,2,30,,8374,31,,,2,71,,8377,31,,,2,71,,8369,31,,,2,26,,8372,31,,,2,76,,8371,31,,,2,20,,8357,31,,,2,23,,8362,31,,,2,58,,8361,31,,,2,22,,8363,31,,,2,18,,8367,31,,,2,60,,8366,31,,,2,19,,8384,31,,,2,22,,8378,31,,,2,61,,8373,31,,,2,20,,1723,31,,,2,21,,8380,31,,,2,60,,8344,31,,,2,20,,8346,31,,,2,20,,8347,31,,,2,61,,8379,31,,,2,19,,8368,31,,,2,21,,8375,31,,,2,60,,8345,31,,,2,15,,8383,31,,,2,15,,8382,31,,,2,14,,8356,31,,,2,52,,8376,31,,,2,18,,8342,31,,,2,32,,8341,31,,,2,70,,8352,31,,,2,29,,8339,31,,,2,70,,8348,31,,,2,29,,8359,31,,,2,70,,8343,31,,,2,31,,8350,31,,,2,70,,8354,31,,,2,30,,8355,31,,,2,70,,8349,31,,,2,34,,8353,31,,,2,68,,8351,31,,,2,34,,8358,31,,,2,75,,8360,31,,,2
4201,'SAM',521,,8385,31,,,2,105,,8413,31,,,2,30,,8388,31,,,2,70,,8420,31,,,2,31,,8416,31,,,2,71,,8415,31,,,2,30,,8419,31,,,2,71,,8426,31,,,2,71,,8431,31,,,2,25,,8424,31,,,2,77,,8410,31,,,2,20,,8422,31,,,2,22,,8414,31,,,2,59,,8405,31,,,2,21,,8412,31,,,2,19,,8386,31,,,2,60,,8418,31,,,2,19,,8417,31,,,2,22,,8411,31,,,2,61,,8421,31,,,2,20,,8387,31,,,2,20,,8423,31,,,2,60,,8427,31,,,2,21,,8391,31,,,2,20,,8429,31,,,2,61,,8432,31,,,2,20,,8433,31,,,2,19,,8397,31,,,2,61,,8430,31,,,2,14,,8399,31,,,2,16,,8425,31,,,2,14,,8401,31,,,2,54,,8428,31,,,2,16,,8404,31,,,2,36,,8389,31,,,2,66,,8392,31,,,2,29,,8408,31,,,2,70,,8394,31,,,2,29,,8396,31,,,2,73,,8390,31,,,2,27,,8393,31,,,2,70,,8395,31,,,2,31,,8398,31,,,2,70,,8400,31,,,2,34,,8402,31,,,2,68,,8409,31,,,2,34,,8403,31,,,2,75,,8407,31,,,2,69,,8406,31,,,2
4201,'SEM',627,,8483,31,,,2,30,,8436,31,,,2,57,,8478,31,,,2,21,,8481,31,,,2,23,,8484,31,,,2,62,,8482,31,,,2,19,,8437,31,,,2,19,,8477,31,,,2,62,,8434,31,,,2,19,,8440,31,,,2,19,,8467,31,,,2,63,,8479,31,,,2,18,,8480,31,,,2,63,,8442,31,,,2,17,,8464,31,,,2,23,,8444,31,,,2,60,,8445,31,,,2,19,,8446,31,,,2,22,,8439,31,,,2,15,,8448,31,,,2,63,,8449,31,,,2,19,,8450,31,,,2,61,,8438,31,,,2,21,,8454,31,,,2,20,,8485,31,,,2,59,,8458,31,,,2,21,,8459,31,,,2,20,,8460,31,,,2,15,,8462,31,,,2,53,,8435,31,,,2,13,,8441,31,,,2,11,,8453,31,,,2,13,,8465,31,,,2,54,,8468,31,,,2,15,,8456,31,,,2,14,,8452,31,,,2,14,,8451,31,,,2,14,,8472,31,,,2,55,,8474,31,,,2,15,,8443,31,,,2,14,,8476,31,,,2,63,,8469,31,,,2,13,,8473,31,,,2,21,,8447,31,,,2,67,,8475,31,,,2,31,,8455,31,,,2,67,,8457,31,,,2,33,,8461,31,,,2,67,,8463,31,,,2,31,,8487,17,,,2,75,,8466,31,,,2,23,,8486,17,,,2,70,,8471,31,,,2,44,,8470,31,,,2
4803,'DIM',705,,9047,11,,,1,104,,9051,11,,,1,102,,9055,11,,,1,99,,9038,11,,,1,102,,9048,11,,,1,101,,9049,11,,,1,95,,9054,11,,,1,105,,9050,11,,,1,99,,9052,11,,,1,100,,9039,11,,,1,100,,9053,11,,,1,100,,9041,11,,,1,95,,9045,11,,,1,100,,9044,11,,,1,100,,9043,11,,,1,99,,2438,11,,,1,100,,9040,11,,,1,35,,9042,11,,,1,161,,9046,11,,,1
4803,'SAM',605,,2450,11,,,1,100,,9067,11,,,1,103,,9070,11,,,1,103,,9074,11,,,1,99,,9065,11,,,1,101,,9073,11,,,1,101,,9068,11,,,1,94,,9071,11,,,1,106,,9069,11,,,1,100,,9066,11,,,1,100,,9072,11,,,1,100,,9059,11,,,1,100,,9061,11,,,1,95,,9057,11,,,1,100,,9056,11,,,1,98,,9058,11,,,1,101,,9063,11,,,1,100,,9064,11,,,1,35,,9060,11,,,1,161,,9062,11,,,1
4803,'SEM',601,,9096,11,,,1,20,,9098,11,,,1,37,,9087,11,,,1,73,,9099,11,,,1,71,,9102,11,,,1,24,,9083,11,,,1,80,,9082,11,,,1,30,,9077,11,,,1,95,,9084,11,,,1,100,,9079,11,,,1,100,,9078,11,,,1,100,,9100,11,,,1,80,,9075,11,,,1,101,,9080,11,,,1,35,,9097,11,,,1,65,,9076,11,,,1,30,,9101,11,,,1,69,,9088,11,,,1,30,,9081,11,,,1,70,,9089,11,,,1,95,,9094,11,,,1,100,,9085,11,,,1,100,,9086,11,,,1,99,,9090,11,,,1,100,,9092,11,,,1,99,,9091,11,,,1,50,,9093,11,,,1,73,,9095,11,,,1
5801,'DIM',526,,9661,11,,,2,100,,9643,11,,,2,90,,9652,11,,,2,99,,9655,11,,,2,99,,9658,11,,,2,100,,9651,11,,,2,102,,9660,11,,,2,98,,9657,11,,,2,103,,9654,11,,,2,99,,9656,11,,,2,102,,9653,11,,,2,99,,9646,11,,,2,101,,9659,11,,,2,99,,9642,11,,,2,99,,9650,11,,,2,99,,9645,11,,,2,101,,9644,11,,,2,100,,9648,11,,,2,99,,9647,11,,,2,110,,9649,11,,,2
5801,'SAM',526,,9681,11,,,2,100,,9673,11,,,2,90,,9672,11,,,2,99,,9677,11,,,2,100,,9675,11,,,2,99,,9678,11,,,2,102,,9680,11,,,2,98,,9662,11,,,2,101,,9671,11,,,2,101,,9676,11,,,2,101,,9674,11,,,2,101,,9679,11,,,2,100,,9665,11,,,2,100,,9669,11,,,2,98,,9663,11,,,2,99,,9670,11,,,2,101,,9666,11,,,2,100,,9668,11,,,2,99,,9664,11,,,2,110,,9667,11,,,2
5801,'SEM',516,,9695,11,,,2,28,,9692,11,,,2,82,,9705,11,,,2,82,,9693,11,,,2,46,,9699,11,,,2,85,,9686,11,,,2,99,,9706,11,,,2,100,,9682,11,,,2,100,,9687,11,,,2,100,,9704,11,,,2,100,,9683,11,,,2,86,,9694,11,,,2,31,,9684,11,,,2,72,,9707,11,,,2,28,,9689,11,,,2,75,,9691,11,,,2,29,,9690,11,,,2,67,,9685,11,,,2,29,,9703,11,,,2,70,,9688,11,,,2,30,,9701,11,,,2,100,,9702,11,,,2,100,,9697,11,,,2,99,,9696,11,,,2,100,,9698,11,,,2,100,,9700,11,,,2
7002,'DIM',700,,10489,11,,,1,102,,10496,11,,,1,100,,3943,11,,,1,100,,10492,11,,,1,28,,10493,11,,,1,73,,10495,11,,,1,29,,10485,11,,,1,25,,10494,11,,,1,75,,10491,11,,,1,25,,10500,11,,,1,79,,10498,11,,,1,67,,10501,11,,,1,36,,10483,11,,,1,65,,10497,11,,,1,31,,10503,11,,,1,23,,10499,11,,,1,78,,10502,11,,,1,68,,10487,11,,,1,36,,10505,11,,,1,74,,3946,11,,,1,97,,10504,11,,,1,95,,10482,11,,,1,95,,10484,11,,,1,101,,10488,11,,,1,99,,10486,11,,,1,103,,10490,11,,,1
7002,'SAM',659,,10532,11,,,1,143,,10512,11,,,1,100,,10520,11,,,1,100,,10519,11,,,1,25,,10528,11,,,1,76,,10533,11,,,1,29,,10530,11,,,1,24,,10524,11,,,1,75,,10523,11,,,1,26,,10522,11,,,1,79,,10525,11,,,1,75,,10521,11,,,1,27,,10531,11,,,1,65,,10529,11,,,1,28,,10527,11,,,1,26,,10526,11,,,1,79,,10515,11,,,1,69,,10511,11,,,1,36,,10513,11,,,1,74,,10508,11,,,1,96,,10517,11,,,1,95,,10509,11,,,1,96,,10510,11,,,1,100,,10516,11,,,1,99,,10514,11,,,1,103,,10518,11,,,1
7002,'SEM',534,,10541,11,,,1,96,,10561,11,,,1,26,,10562,11,,,1,73,,10540,11,,,1,76,,10543,11,,,1,27,,10545,11,,,1,70,,10560,11,,,1,30,,10538,11,,,1,70,,10567,11,,,1,30,,10546,11,,,1,27,,10568,11,,,1,73,,10563,11,,,1,26,,10565,11,,,1,74,,10564,11,,,1,69,,10539,11,,,1,30,,10566,11,,,1,24,,10559,11,,,1,76,,10544,11,,,1,71,,10547,11,,,1,30,,10542,11,,,1,70,,10536,11,,,1,33,,10537,11,,,1,68,,10550,11,,,1,33,,10551,11,,,1,66,,10555,11,,,1,33,,10554,11,,,1,91,,10552,11,,,1,83,,10556,11,,,1,94,,10548,11,,,1,112,,10553,11,,,1,106,,10549,11,,,1,99,,10558,11,,,1,105,,10557,11,,,1
