1703,'DIM',631,,6801,36,,,1,89,,6794,36,,,1,101,,100,36,,,1,102,,6796,36,,,1,97,,6797,36,,,1,102,,6793,36,,,1,100,,6799,36,,,1,99,,6795,36,,,1,102,,6798,36,,,1,100,,6800,36,,,1,102,,6783,36,,,1,98,,6787,36,,,1,98,,6786,36,,,1,101,,6785,36,,,1,98,,6788,36,,,1,99,,6791,36,,,1,100,,6784,36,,,1,100,,6789,36,,,1,102,,6790,36,,,1,117,,6792,36,,,1
1703,'SAM',553,,6813,36,,,1,78,,6819,36,,,1,89,,121,36,,,1,101,,6810,36,,,1,102,,6812,36,,,1,97,,6814,36,,,1,101,,6818,36,,,1,101,,6816,36,,,1,100,,6811,36,,,1,101,,6817,36,,,1,100,,6815,36,,,1,102,,6820,36,,,1,99,,6821,36,,,1,98,,6802,36,,,1,100,,6807,36,,,1,98,,6804,36,,,1,99,,6803,36,,,1,100,,6805,36,,,1,100,,6808,36,,,1,102,,6809,36,,,1,117,,6806,36,,,1
1703,'SEM',613,,6839,36,,,1,104,,6841,36,,,1,106,,6840,36,,,1,96,,6825,36,,,1,101,,6838,36,,,1,101,,6837,36,,,1,100,,6843,36,,,1,101,,6826,36,,,1,100,,6823,36,,,1,99,,6842,36,,,1,35,,6845,36,,,1,60,,6844,36,,,1,36,,6822,36,,,1,63,,6833,36,,,1,37,,6824,36,,,1,79,,6827,36,,,1,70,,6830,36,,,1,27,,6835,36,,,1,99,,6836,36,,,1,100,,6828,36,,,1,100,,6829,36,,,1,99,,6831,36,,,1,99,,6832,36,,,1,102,,6834,36,,,1
3103,'DIM',650,,7731,38,,,1,101,,7730,38,,,1,100,,1058,38,,,1,100,,7735,38,,,1,100,,7734,38,,,1,100,,7732,38,,,1,102,,7721,38,,,1,101,,7733,38,,,1,99,,7720,38,,,1,101,,7719,38,,,1,99,,7724,38,,,1,98,,7726,38,,,1,103,,7725,38,,,1,96,,7727,38,,,1,101,,7723,38,,,1,100,,7722,38,,,1,99,,7728,38,,,1,100,,7729,38,,,1
3103,'SAM',650,,7748,38,,,1,101,,7747,38,,,1,100,,1075,38,,,1,100,,7752,38,,,1,100,,7753,38,,,1,100,,7749,38,,,1,100,,7745,38,,,1,102,,7750,38,,,1,100,,7746,38,,,1,101,,7751,38,,,1,100,,7740,38,,,1,98,,7742,38,,,1,100,,7738,38,,,1,99,,7743,38,,,1,100,,7736,38,,,1,100,,7737,38,,,1,99,,7739,38,,,1,101,,7741,38,,,1,95,,7744,38,,,1
3103,'SEM',647,,7775,38,,,1,100,,7773,38,,,1,101,,7774,38,,,1,101,,7754,38,,,1,101,,7755,38,,,1,100,,7757,38,,,1,100,,7776,38,,,1,100,,7756,38,,,1,102,,7761,38,,,1,98,,7762,38,,,1,51,,7763,38,,,1,37,,7758,38,,,1,69,,7767,38,,,1,40,,7764,38,,,1,68,,7760,38,,,1,36,,7772,38,,,1,69,,7759,38,,,1,36,,7771,38,,,1,100,,7765,38,,,1,101,,7768,38,,,1,99,,7769,38,,,1,96,,7766,38,,,1,154,,7770,38,,,1
3903,'DIM',854,,1407,49,,,1,100,,8065,59,,,1,70,,8070,59,,,1,31,,8071,59,,,1,70,,8068,59,,,1,34,,8069,59,,,1,66,,8072,59,,,1,29,,8062,59,,,1,71,,8066,59,,,1,30,,8063,59,,,1,71,,8049,59,,,1,30,,8052,59,,,1,72,,8055,59,,,1,30,,8067,59,,,1,71,,8056,59,,,1,30,,8057,59,,,1,65,,8058,59,,,1,18,,8064,59,,,1,10,,8059,59,,,1,64,,8053,59,,,1,25,,8060,59,,,1,98,,8050,59,,,1,100,,8061,59,,,1,98,,8051,59,,,1,104,,8054,59,,,1
3903,'SAM',854,,8097,49,,,1,100,,8092,59,,,1,70,,8096,59,,,1,31,,8073,59,,,1,70,,8087,59,,,1,34,,8090,59,,,1,66,,8089,59,,,1,30,,8074,59,,,1,70,,8088,59,,,1,30,,8091,59,,,1,71,,8075,59,,,1,30,,8094,59,,,1,72,,8078,59,,,1,30,,8079,59,,,1,71,,8081,59,,,1,30,,8095,59,,,1,65,,8082,59,,,1,18,,8093,59,,,1,11,,8080,59,,,1,63,,8077,59,,,1,29,,8076,59,,,1,96,,8084,59,,,1,98,,8083,59,,,1,98,,8086,59,,,1,104,,8085,59,,,1
3903,'SEM',746,,8120,59,,,1,101,,8102,59,,,1,104,,8100,59,,,1,72,,8104,59,,,1,29,,8121,59,,,1,71,,8122,59,,,1,29,,8115,59,,,1,71,,8119,59,,,1,28,,8123,59,,,1,78,,8099,59,,,1,73,,8106,59,,,1,27,,8108,59,,,1,72,,8109,59,,,1,35,,8098,59,,,1,78,,8116,59,,,1,23,,8110,59,,,1,68,,8101,59,,,1,25,,8103,59,,,1,73,,8111,59,,,1,39,,8112,59,,,1,79,,8105,59,,,1,98,,8107,59,,,1,95,,8113,59,,,1,103,,8117,59,,,1,95,,8114,59,,,1,47,,8118,59,,,1
4503,'DIM',658,,8779,37,,,1,100,,8789,37,,,1,101,,8787,37,,,1,99,,8793,37,,,1,101,,8788,37,,,1,98,,8791,37,,,1,145,,8781,37,,,1,101,,8785,37,,,1,98,,8778,37,,,1,102,,8776,37,,,1,52,,8790,37,,,1,102,,8792,37,,,1,143,,8777,37,,,1,102,,8786,37,,,1,101,,8780,37,,,1,99,,8783,37,,,1,99,,8784,37,,,1,101,,8782,37,,,1
4503,'SAM',658,,8807,37,,,1,100,,8803,37,,,1,101,,8806,37,,,1,99,,8805,37,,,1,101,,8795,37,,,1,97,,8804,37,,,1,146,,8808,37,,,1,100,,8799,37,,,1,101,,8810,37,,,1,101,,8809,37,,,1,51,,8811,37,,,1,145,,8794,37,,,1,100,,8801,37,,,1,102,,8796,37,,,1,101,,8800,37,,,1,99,,8798,37,,,1,99,,8802,37,,,1,101,,8797,37,,,1
4503,'SEM',649,,8817,37,,,1,58,,8815,37,,,1,34,,8812,37,,,1,68,,8832,37,,,1,25,,8816,37,,,1,79,,8814,37,,,1,25,,8833,37,,,1,110,,8831,37,,,1,100,,8820,37,,,1,95,,8818,37,,,1,100,,8834,37,,,1,103,,8813,37,,,1,106,,8835,37,,,1,68,,8822,37,,,1,87,,8825,37,,,1,18,,8819,37,,,1,17,,8826,37,,,1,71,,8828,37,,,1,39,,8824,37,,,1,98,,8823,37,,,1,100,,8827,37,,,1,100,,8830,37,,,1,99,,8821,37,,,1,95,,8829,37,,,1
7303,'DIM',705,,10582,36,,,1,100,,10579,36,,,1,102,,10580,36,,,1,98,,10583,36,,,1,100,,10586,36,,,1,100,,10581,36,,,1,101,,10584,36,,,1,102,,10578,36,,,1,99,,10585,36,,,1,102,,10587,36,,,1,99,,10572,36,,,1,99,,10569,36,,,1,100,,10575,36,,,1,98,,10571,36,,,1,100,,10570,36,,,1,100,,10573,36,,,1,98,,10574,36,,,1,102,,10577,36,,,1,105,,10576,36,,,1
7303,'SAM',611,,10601,36,,,1,94,,10598,36,,,1,100,,10597,36,,,1,102,,10602,36,,,1,98,,10604,36,,,1,101,,10600,36,,,1,99,,10591,36,,,1,101,,10603,36,,,1,102,,10599,36,,,1,99,,10605,36,,,1,102,,10606,36,,,1,101,,10590,36,,,1,98,,10588,36,,,1,98,,10589,36,,,1,99,,10593,36,,,1,100,,10592,36,,,1,100,,4040,36,,,1,98,,10594,36,,,1,102,,4041,36,,,1,105,,10595,36,,,1,100,,4042,36,,,1,100,,10596,36,,,1
7303,'SEM',559,,10643,36,,,1,66,,10640,36,,,1,80,,10639,36,,,1,10,,10644,36,,,1,39,,10633,36,,,1,56,,10609,36,,,1,43,,10641,36,,,1,52,,10608,36,,,1,30,,10626,36,,,1,71,,10642,36,,,1,29,,10610,36,,,1,71,,10615,36,,,1,29,,10625,36,,,1,72,,10616,36,,,1,30,,10645,36,,,1,70,,10611,36,,,1,30,,10614,36,,,1,70,,10620,36,,,1,30,,10607,36,,,1,70,,10617,36,,,1,35,,10646,36,,,1,65,,10627,36,,,1,15,,10619,36,,,1,22,,10612,36,,,1,56,,10613,36,,,1,23,,10623,36,,,1,16,,10621,36,,,1,69,,10634,36,,,1,14,,10622,36,,,1,16,,10618,36,,,1,72,,10628,36,,,1,30,,10631,36,,,1,72,,10624,36,,,1,99,,10636,36,,,1,100,,10629,36,,,1,99,,10635,36,,,1,98,,10630,36,,,1,41,,10632,36,,,1,95,,10637,36,,,1,161,,10638,36,,,1
