1704,'DIM',456,,6858,10,,,1,89,,6859,10,,,1,100,,6863,10,,,1,102,,6857,10,,,1,99,,165,10,,,1,100,,6861,10,,,1,101,,6862,10,,,1,100,,6864,10,,,1,101,,6865,10,,,1,101,,6860,10,,,1,102,,6846,10,,,1,99,,6847,10,,,1,100,,6850,10,,,1,101,,6852,10,,,1,99,,6851,10,,,1,98,,6849,10,,,1,100,,6853,10,,,1,101,,6856,10,,,1,99,,6848,10,,,1,100,,6854,10,,,1,96,,6855,10,,,1
1704,'SAM',456,,6878,10,,,1,89,,6879,10,,,1,100,,6885,10,,,1,102,,6882,10,,,1,99,,6877,10,,,1,100,,6881,10,,,1,101,,6886,10,,,1,100,,6884,10,,,1,101,,6883,10,,,1,101,,6880,10,,,1,101,,6867,10,,,1,100,,6868,10,,,1,101,,6870,10,,,1,100,,6872,10,,,1,99,,6866,10,,,1,98,,6874,10,,,1,100,,6871,10,,,1,101,,6869,10,,,1,99,,6873,10,,,1,100,,6875,10,,,1,96,,6876,10,,,1
1704,'SEM',507,,6901,10,,,1,52,,6906,10,,,1,62,,6909,10,,,1,22,,6888,10,,,1,66,,6892,10,,,1,35,,6893,10,,,1,61,,6887,10,,,1,98,,6890,10,,,1,44,,6891,10,,,1,100,,6894,10,,,1,100,,6905,10,,,1,100,,6907,10,,,1,100,,6896,10,,,1,102,,6908,10,,,1,100,,6889,10,,,1,105,,6897,10,,,1,96,,6895,10,,,1,98,,6898,10,,,1,101,,6903,10,,,1,101,,6904,10,,,1,100,,6899,10,,,1,100,,6900,10,,,1,100,,6902,10,,,1
3104,'DIM',615,,7789,20,,,1,102,,7790,20,,,1,100,,7788,20,,,1,100,,7794,20,,,1,100,,7795,20,,,1,100,,7793,20,,,1,100,,7791,20,,,1,103,,7779,20,,,1,101,,7792,20,,,1,100,,7778,20,,,1,101,,7777,20,,,1,99,,7782,20,,,1,98,,7784,20,,,1,103,,7783,20,,,1,96,,7785,20,,,1,101,,7781,20,,,1,100,,7780,20,,,1,98,,7786,20,,,1,102,,7787,20,,,1
3104,'SAM',516,,1137,20,,,1,99,,7805,20,,,1,102,,7808,20,,,1,100,,7807,20,,,1,100,,7810,20,,,1,100,,7813,20,,,1,100,,7814,20,,,1,100,,7809,20,,,1,102,,7804,20,,,1,101,,7811,20,,,1,101,,7806,20,,,1,101,,7812,20,,,1,100,,7800,20,,,1,98,,7802,20,,,1,100,,7798,20,,,1,99,,7803,20,,,1,100,,7796,20,,,1,100,,7797,20,,,1,98,,7799,20,,,1,102,,7801,20,,,1
3104,'SEM',439,,7823,20,,,1,77,,7824,20,,,1,90,,7835,20,,,1,21,,7837,20,,,1,23,,7817,20,,,1,73,,7836,20,,,1,28,,7833,20,,,1,69,,7831,20,,,1,35,,7832,20,,,1,61,,7834,20,,,1,100,,7815,20,,,1,101,,7816,20,,,1,100,,7819,20,,,1,101,,7838,20,,,1,100,,7818,20,,,1,102,,7821,20,,,1,100,,7822,20,,,1,96,,7820,20,,,1,105,,7825,20,,,1,97,,7830,20,,,1,105,,7829,20,,,1,100,,7826,20,,,1,102,,7827,20,,,1,100,,7828,20,,,1
3904,'DIM',816,,8142,10,,,1,112,,8136,10,,,1,82,,8143,10,,,1,30,,8146,10,,,1,73,,8137,10,,,1,27,,8135,10,,,1,73,,8145,10,,,1,29,,8140,10,,,1,74,,8129,10,,,1,27,,8144,10,,,1,70,,8138,10,,,1,31,,8139,10,,,1,72,,8128,10,,,1,30,,8141,10,,,1,71,,8124,10,,,1,31,,8125,10,,,1,68,,8130,10,,,1,28,,8131,10,,,1,70,,8132,10,,,1,43,,8133,10,,,1,98,,8126,10,,,1,100,,8134,10,,,1,100,,8127,10,,,1
3904,'SAM',816,,8162,10,,,1,112,,8155,10,,,1,82,,8166,10,,,1,30,,8156,10,,,1,70,,8147,10,,,1,30,,8153,10,,,1,76,,8159,10,,,1,26,,8157,10,,,1,74,,8163,10,,,1,27,,8154,10,,,1,70,,8160,10,,,1,31,,8161,10,,,1,71,,8167,10,,,1,31,,8158,10,,,1,72,,8164,10,,,1,24,,8165,10,,,1,74,,8168,10,,,1,28,,8169,10,,,1,70,,8148,10,,,1,86,,8149,10,,,1,57,,8151,10,,,1,98,,8150,10,,,1,100,,8152,10,,,1
3904,'SEM',611,,8193,10,,,1,27,,8186,10,,,1,14,,8192,10,,,1,51,,8174,10,,,1,29,,8189,10,,,1,71,,8170,10,,,1,31,,8187,10,,,1,70,,8194,10,,,1,35,,8172,10,,,1,67,,8173,10,,,1,33,,8184,10,,,1,69,,8188,10,,,1,31,,8190,10,,,1,68,,8181,10,,,1,32,,8185,10,,,1,67,,8191,10,,,1,38,,8171,10,,,1,74,,8176,10,,,1,30,,8178,10,,,1,71,,8179,10,,,1,101,,8195,10,,,1,112,,8182,10,,,1,99,,8183,10,,,1,105,,8175,10,,,1,100,,8177,10,,,1,94,,8180,10,,,1
4504,'DIM',613,,8845,10,,,1,100,,8838,10,,,1,99,,8846,10,,,1,101,,8848,10,,,1,99,,8852,10,,,1,97,,8853,10,,,1,102,,8849,10,,,1,98,,8844,10,,,1,108,,8842,10,,,1,98,,8836,10,,,1,100,,8851,10,,,1,96,,8847,10,,,1,101,,8850,10,,,1,103,,8837,10,,,1,101,,8843,10,,,1,101,,8839,10,,,1,100,,8840,10,,,1,100,,8841,10,,,1
4504,'SAM',613,,2249,10,,,1,100,,8867,10,,,1,99,,8864,10,,,1,101,,8868,10,,,1,99,,8866,10,,,1,101,,8855,10,,,1,97,,8865,10,,,1,102,,8854,10,,,1,104,,8860,10,,,1,101,,8869,10,,,1,98,,8857,10,,,1,96,,8870,10,,,1,101,,8858,10,,,1,103,,8862,10,,,1,101,,8856,10,,,1,101,,8861,10,,,1,100,,8859,10,,,1,100,,8863,10,,,1
4504,'SEM',530,,8890,10,,,1,15,,8891,10,,,1,80,,8896,10,,,1,84,,8876,10,,,1,18,,8874,10,,,1,18,,8872,10,,,1,57,,8889,10,,,1,51,,8875,10,,,1,106,,8893,10,,,1,151,,8888,10,,,1,96,,8878,10,,,1,94,,8877,10,,,1,100,,8894,10,,,1,42,,8873,10,,,1,65,,8871,10,,,1,31,,8892,10,,,1,70,,8895,10,,,1,38,,8880,10,,,1,77,,8883,10,,,1,81,,8884,10,,,1,104,,8882,10,,,1,105,,8881,10,,,1,102,,8885,10,,,1,90,,8887,10,,,1,101,,8879,10,,,1,95,,8886,10,,,1
