2201,'DIM',640,,7023,32,,,2,101,,7027,32,,,2,104,,7026,32,,,2,99,,7025,32,,,2,101,,7022,32,,,2,99,,7024,32,,,2,101,,7029,32,,,2,102,,7031,32,,,2,96,,7028,32,,,2,105,,7030,32,,,2,99,,7016,32,,,2,100,,7018,32,,,2,97,,7017,32,,,2,102,,7020,32,,,2,100,,7019,32,,,2,100,,7021,32,,,2
2201,'SAM',640,,7040,32,,,2,101,,7042,32,,,2,104,,7039,32,,,2,99,,7041,32,,,2,102,,7044,32,,,2,99,,7048,32,,,2,101,,7047,32,,,2,101,,7043,32,,,2,96,,7045,32,,,2,102,,7046,32,,,2,102,,7033,32,,,2,101,,7036,32,,,2,96,,7034,32,,,2,102,,7032,32,,,2,100,,7038,32,,,2,100,,7037,32,,,2,100,,7035,32,,,2
2201,'SEM',635,,7064,32,,,2,99,,7052,32,,,2,95,,7050,32,,,2,80,,7049,32,,,2,34,,7066,32,,,2,101,,7051,32,,,2,100,,7065,32,,,2,100,,7067,32,,,2,100,,7054,32,,,2,96,,7055,32,,,2,105,,7053,32,,,2,100,,7059,32,,,2,100,,7057,32,,,2,99,,7056,32,,,2,98,,7058,32,,,2,104,,7062,32,,,2,100,,7060,32,,,2,95,,7061,32,,,2,98,,7063,32,,,2
4201,'DIM',530,,8340,52,,,2,106,,8364,52,,,2,70,,8381,52,,,2,32,,1716,52,,,2,71,,8365,52,,,2,31,,8370,52,,,2,71,,8374,52,,,2,31,,8377,52,,,2,71,,8369,52,,,2,26,,8372,52,,,2,77,,8371,52,,,2,20,,8357,52,,,2,23,,8362,52,,,2,58,,8361,52,,,2,22,,8363,52,,,2,18,,8367,52,,,2,60,,8366,52,,,2,19,,8384,52,,,2,22,,8378,52,,,2,61,,8373,52,,,2,20,,1723,52,,,2,61,,8380,52,,,2,20,,8344,52,,,2,20,,8346,52,,,2,60,,8347,52,,,2,21,,8379,52,,,2,19,,8368,52,,,2,61,,8375,52,,,2,20,,8345,52,,,2,15,,8383,52,,,2,15,,8382,52,,,2,54,,8356,52,,,2,12,,8376,52,,,2,18,,8342,52,,,2,71,,8341,52,,,2,30,,8352,52,,,2,69,,8339,52,,,2,29,,8348,52,,,2,69,,8359,52,,,2,30,,8343,52,,,2,71,,8350,52,,,2,30,,8354,52,,,2,68,,8355,52,,,2,30,,8349,52,,,2,73,,8353,52,,,2,28,,8351,52,,,2,74,,8358,52,,,2,35,,8360,52,,,2
4201,'SAM',530,,8385,52,,,2,106,,8413,52,,,2,70,,8388,52,,,2,32,,8420,52,,,2,71,,8416,52,,,2,31,,8415,52,,,2,71,,8419,52,,,2,31,,8426,52,,,2,71,,8431,52,,,2,25,,8424,52,,,2,78,,8410,52,,,2,20,,8422,52,,,2,22,,8414,52,,,2,59,,8405,52,,,2,21,,8412,52,,,2,19,,8386,52,,,2,60,,8418,52,,,2,19,,8417,52,,,2,22,,8411,52,,,2,61,,8421,52,,,2,20,,8387,52,,,2,20,,8423,52,,,2,60,,8427,52,,,2,21,,8391,52,,,2,60,,8429,52,,,2,21,,8432,52,,,2,20,,8433,52,,,2,59,,8397,52,,,2,21,,8430,52,,,2,14,,8399,52,,,2,16,,8425,52,,,2,54,,8401,52,,,2,14,,8428,52,,,2,16,,8404,52,,,2,75,,8389,52,,,2,26,,8392,52,,,2,69,,8408,52,,,2,29,,8394,52,,,2,69,,8396,52,,,2,33,,8390,52,,,2,67,,8393,52,,,2,30,,8395,52,,,2,69,,8398,52,,,2,30,,8400,52,,,2,73,,8402,52,,,2,28,,8409,52,,,2,74,,8403,52,,,2,35,,8407,52,,,2,69,,8406,52,,,2
4201,'SEM',637,,8483,52,,,2,71,,8436,52,,,2,17,,8478,52,,,2,21,,8481,52,,,2,64,,8484,52,,,2,22,,8482,52,,,2,19,,8437,52,,,2,59,,8477,52,,,2,22,,8434,52,,,2,19,,8440,52,,,2,59,,8467,52,,,2,23,,8479,52,,,2,18,,8480,52,,,2,63,,8442,52,,,2,17,,8464,52,,,2,24,,8444,52,,,2,60,,8445,52,,,2,19,,8446,52,,,2,22,,8439,52,,,2,55,,8448,52,,,2,23,,8449,52,,,2,19,,8450,52,,,2,61,,8438,52,,,2,21,,8454,52,,,2,21,,8485,52,,,2,59,,8458,52,,,2,21,,8459,52,,,2,20,,8460,52,,,2,55,,8462,52,,,2,13,,8435,52,,,2,13,,8441,52,,,2,11,,8453,52,,,2,53,,8465,52,,,2,14,,8468,52,,,2,15,,8456,52,,,2,14,,8452,52,,,2,14,,8451,52,,,2,53,,8472,52,,,2,15,,8474,52,,,2,15,,8443,52,,,2,14,,8476,52,,,2,63,,8469,52,,,2,13,,8473,52,,,2,21,,8447,52,,,2,66,,8475,52,,,2,31,,8455,52,,,2,67,,8457,52,,,2,33,,8461,52,,,2,66,,8463,52,,,2,31,,8487,38,,,2,75,,8466,52,,,2,23,,8486,38,,,2,69,,8471,52,,,2,44,,8470,52,,,2
5201,'DIM',717,,9351,9,,,2,100,,9349,9,,,2,100,,2754,9,,,2,102,,9352,9,,,2,100,,9353,9,,,2,100,,9348,9,,,2,101,,9350,9,,,2,100,,9338,9,,,2,101,,9340,9,,,2,100,,9342,9,,,2,100,,9354,9,,,2,100,,9346,9,,,2,98,,9339,9,,,2,100,,9337,9,,,2,100,,9343,9,,,2,100,,9345,9,,,2,99,,9341,9,,,2,100,,9344,9,,,2,98,,9347,9,,,2
5201,'SAM',717,,9368,9,,,2,100,,9365,9,,,2,100,,9371,9,,,2,102,,9373,9,,,2,100,,9369,9,,,2,100,,9366,9,,,2,101,,9370,9,,,2,100,,9367,9,,,2,101,,9372,9,,,2,100,,9357,9,,,2,100,,9361,9,,,2,100,,9363,9,,,2,98,,9359,9,,,2,100,,9355,9,,,2,100,,9356,9,,,2,100,,9362,9,,,2,99,,9358,9,,,2,100,,9360,9,,,2,98,,9364,9,,,2
5201,'SEM',621,,9389,9,,,2,101,,9386,9,,,2,101,,9374,9,,,2,99,,9387,9,,,2,100,,9388,9,,,2,100,,9390,9,,,2,100,,9392,9,,,2,101,,9391,9,,,2,100,,9375,9,,,2,91,,9376,9,,,2,102,,9377,9,,,2,99,,9381,9,,,2,99,,9385,9,,,2,108,,9384,9,,,2,101,,9378,9,,,2,104,,9379,9,,,2,96,,9383,9,,,2,99,,9380,9,,,2,109,,9382,9,,,2
5801,'DIM',542,,9661,47,,,2,101,,9643,47,,,2,91,,9652,47,,,2,100,,9655,47,,,2,99,,9658,47,,,2,100,,9651,47,,,2,102,,9660,47,,,2,98,,9657,47,,,2,103,,9654,47,,,2,99,,9656,47,,,2,102,,9653,47,,,2,99,,9646,47,,,2,101,,9659,47,,,2,99,,9642,47,,,2,99,,9650,47,,,2,99,,9645,47,,,2,100,,9644,47,,,2,100,,9648,47,,,2,99,,9647,47,,,2,110,,9649,47,,,2
5801,'SAM',542,,9681,47,,,2,101,,9673,47,,,2,91,,9672,47,,,2,100,,9677,47,,,2,100,,9675,47,,,2,99,,9678,47,,,2,102,,9680,47,,,2,98,,9662,47,,,2,101,,9671,47,,,2,101,,9676,47,,,2,101,,9674,47,,,2,101,,9679,47,,,2,100,,9665,47,,,2,100,,9669,47,,,2,98,,9663,47,,,2,99,,9670,47,,,2,100,,9666,47,,,2,100,,9668,47,,,2,99,,9664,47,,,2,110,,9667,47,,,2
5801,'SEM',533,,9695,47,,,2,68,,9692,47,,,2,42,,9705,47,,,2,84,,9693,47,,,2,86,,9699,47,,,2,45,,9686,47,,,2,99,,9706,47,,,2,100,,9682,47,,,2,100,,9687,47,,,2,100,,9704,47,,,2,100,,9683,47,,,2,87,,9694,47,,,2,71,,9684,47,,,2,32,,9707,47,,,2,69,,9689,47,,,2,35,,9691,47,,,2,69,,9690,47,,,2,27,,9685,47,,,2,69,,9703,47,,,2,29,,9688,47,,,2,70,,9701,47,,,2,100,,9702,47,,,2,99,,9697,47,,,2,99,,9696,47,,,2,100,,9698,47,,,2,98,,9700,47,,,2
22201,'DIM',1412,,11475,32,,,2,815,,11473,32,,,2,83,,11474,32,,,2
22201,'SAM',1412,,11480,32,,,2,815,,11476,32,,,2,83,,11477,32,,,2,100,,11479,32,,,2,112,,11478,32,,,2
22201,'SEM',714,,11481,32,,,2,10,,11482,32,,,2,684,,11483,32,,,2,100,,11484,32,,,2,106,,11488,32,,,2,100,,11486,32,,,2,90,,11485,32,,,2,625,,11487,32,,,2
25201,'SEM',1545,,11499,9,,,2,101,,11502,9,,,2,99,,11500,9,,,2,99,,11501,9,,,2
32201,'DIM',521,,11591,33,,,2,801,,11593,32,,,2,802,,11592,32,,,2
32201,'SAM',521,,11594,33,,,2,801,,11595,32,,,2
32201,'SEM',522,,11596,33,,,2,19,,11597,33,,,2,67,,11598,33,,,2,715,,11599,32,,,2,800,,11600,32,,,2
