1704,'DIM',458,,6858,16,,,1,90,,6859,16,,,1,100,,6863,16,,,1,102,,6857,16,,,1,99,,165,16,,,1,100,,6861,16,,,1,101,,6862,16,,,1,100,,6864,16,,,1,101,,6865,16,,,1,101,,6860,16,,,1,102,,6846,16,,,1,99,,6847,16,,,1,100,,6850,16,,,1,101,,6852,16,,,1,99,,6851,16,,,1,98,,6849,16,,,1,100,,6853,16,,,1,101,,6856,16,,,1,99,,6848,16,,,1,99,,6854,16,,,1,96,,6855,16,,,1
1704,'SAM',458,,6878,16,,,1,90,,6879,16,,,1,100,,6885,16,,,1,102,,6882,16,,,1,99,,6877,16,,,1,100,,6881,16,,,1,101,,6886,16,,,1,100,,6884,16,,,1,101,,6883,16,,,1,101,,6880,16,,,1,101,,6867,16,,,1,100,,6868,16,,,1,101,,6870,16,,,1,100,,6872,16,,,1,99,,6866,16,,,1,98,,6874,16,,,1,100,,6871,16,,,1,101,,6869,16,,,1,99,,6873,16,,,1,99,,6875,16,,,1,96,,6876,16,,,1
1704,'SEM',510,,6901,16,,,1,92,,6906,16,,,1,22,,6909,16,,,1,22,,6888,16,,,1,66,,6892,16,,,1,35,,6893,16,,,1,61,,6887,16,,,1,98,,6890,16,,,1,44,,6891,16,,,1,100,,6894,16,,,1,100,,6905,16,,,1,100,,6907,16,,,1,100,,6896,16,,,1,102,,6908,16,,,1,100,,6889,16,,,1,105,,6897,16,,,1,96,,6895,16,,,1,98,,6898,16,,,1,101,,6903,16,,,1,101,,6904,16,,,1,100,,6899,16,,,1,100,,6900,16,,,1,100,,6902,16,,,1
3104,'DIM',618,,7789,26,,,1,102,,7790,26,,,1,100,,7788,26,,,1,100,,7794,26,,,1,100,,7795,26,,,1,100,,7793,26,,,1,100,,7791,26,,,1,103,,7779,26,,,1,101,,7792,26,,,1,100,,7778,26,,,1,101,,7777,26,,,1,99,,7782,26,,,1,98,,7784,26,,,1,103,,7783,26,,,1,96,,7785,26,,,1,101,,7781,26,,,1,100,,7780,26,,,1,98,,7786,26,,,1,102,,7787,26,,,1
3104,'SAM',518,,1137,26,,,1,100,,7805,26,,,1,102,,7808,26,,,1,100,,7807,26,,,1,100,,7810,26,,,1,100,,7813,26,,,1,100,,7814,26,,,1,100,,7809,26,,,1,102,,7804,26,,,1,101,,7811,26,,,1,101,,7806,26,,,1,101,,7812,26,,,1,100,,7800,26,,,1,98,,7802,26,,,1,100,,7798,26,,,1,99,,7803,26,,,1,100,,7796,26,,,1,100,,7797,26,,,1,98,,7799,26,,,1,102,,7801,26,,,1
3104,'SEM',442,,7823,26,,,1,77,,7824,26,,,1,90,,7835,26,,,1,21,,7837,26,,,1,23,,7817,26,,,1,73,,7836,26,,,1,28,,7833,26,,,1,69,,7831,26,,,1,35,,7832,26,,,1,61,,7834,26,,,1,100,,7815,26,,,1,101,,7816,26,,,1,100,,7819,26,,,1,101,,7838,26,,,1,100,,7818,26,,,1,102,,7821,26,,,1,100,,7822,26,,,1,96,,7820,26,,,1,105,,7825,26,,,1,97,,7830,26,,,1,105,,7829,26,,,1,100,,7826,26,,,1,102,,7827,26,,,1,100,,7828,26,,,1
3904,'DIM',819,,8142,16,,,1,112,,8136,16,,,1,82,,8143,16,,,1,30,,8146,16,,,1,73,,8137,16,,,1,27,,8135,16,,,1,73,,8145,16,,,1,29,,8140,16,,,1,74,,8129,16,,,1,27,,8144,16,,,1,70,,8138,16,,,1,31,,8139,16,,,1,72,,8128,16,,,1,30,,8141,16,,,1,71,,8124,16,,,1,31,,8125,16,,,1,68,,8130,16,,,1,28,,8131,16,,,1,70,,8132,16,,,1,83,,8133,16,,,1,58,,8126,16,,,1,100,,8134,16,,,1,100,,8127,16,,,1
3904,'SAM',819,,8162,16,,,1,112,,8155,16,,,1,82,,8166,16,,,1,30,,8156,16,,,1,70,,8147,16,,,1,30,,8153,16,,,1,76,,8159,16,,,1,26,,8157,16,,,1,74,,8163,16,,,1,27,,8154,16,,,1,70,,8160,16,,,1,31,,8161,16,,,1,71,,8167,16,,,1,31,,8158,16,,,1,72,,8164,16,,,1,24,,8165,16,,,1,74,,8168,16,,,1,28,,8169,16,,,1,70,,8148,16,,,1,86,,8149,16,,,1,97,,8151,16,,,1,58,,8150,16,,,1,100,,8152,16,,,1
3904,'SEM',614,,8193,16,,,1,27,,8186,16,,,1,14,,8192,16,,,1,51,,8174,16,,,1,29,,8189,16,,,1,71,,8170,16,,,1,31,,8187,16,,,1,70,,8194,16,,,1,35,,8172,16,,,1,67,,8173,16,,,1,33,,8184,16,,,1,69,,8188,16,,,1,31,,8190,16,,,1,68,,8181,16,,,1,32,,8185,16,,,1,67,,8191,16,,,1,38,,8171,16,,,1,74,,8176,16,,,1,30,,8178,16,,,1,71,,8179,16,,,1,101,,8195,16,,,1,112,,8182,16,,,1,99,,8183,16,,,1,105,,8175,16,,,1,100,,8177,16,,,1,94,,8180,16,,,1
4504,'DIM',616,,8845,16,,,1,100,,8838,16,,,1,99,,8846,16,,,1,101,,8848,16,,,1,99,,8852,16,,,1,97,,8853,16,,,1,102,,8849,16,,,1,98,,8844,16,,,1,108,,8842,16,,,1,98,,8836,16,,,1,100,,8851,16,,,1,96,,8847,16,,,1,101,,8850,16,,,1,103,,8837,16,,,1,101,,8843,16,,,1,101,,8839,16,,,1,100,,8840,16,,,1,100,,8841,16,,,1
4504,'SAM',616,,2249,16,,,1,100,,8867,16,,,1,99,,8864,16,,,1,101,,8868,16,,,1,99,,8866,16,,,1,101,,8855,16,,,1,97,,8865,16,,,1,102,,8854,16,,,1,104,,8860,16,,,1,101,,8869,16,,,1,98,,8857,16,,,1,96,,8870,16,,,1,101,,8858,16,,,1,103,,8862,16,,,1,101,,8856,16,,,1,101,,8861,16,,,1,100,,8859,16,,,1,100,,8863,16,,,1
4504,'SEM',533,,8890,16,,,1,15,,8891,16,,,1,80,,8896,16,,,1,84,,8876,16,,,1,18,,8874,16,,,1,18,,8872,16,,,1,57,,8889,16,,,1,51,,8875,16,,,1,146,,8893,16,,,1,111,,8888,16,,,1,96,,8878,16,,,1,94,,8877,16,,,1,100,,8894,16,,,1,42,,8873,16,,,1,65,,8871,16,,,1,31,,8892,16,,,1,70,,8895,16,,,1,38,,8880,16,,,1,77,,8883,16,,,1,81,,8884,16,,,1,104,,8882,16,,,1,105,,8881,16,,,1,102,,8885,16,,,1,90,,8887,16,,,1,100,,8879,16,,,1,95,,8886,16,,,1
7304,'DIM',533,,10665,44,,,1,70,,10654,44,,,1,102,,10658,44,,,1,100,,10661,44,,,1,100,,10657,44,,,1,100,,10659,44,,,1,100,,10662,44,,,1,100,,10666,44,,,1,102,,10660,44,,,1,101,,10663,44,,,1,101,,10656,44,,,1,100,,10664,44,,,1,100,,10667,44,,,1,100,,10650,44,,,1,99,,10647,44,,,1,98,,10653,44,,,1,100,,10649,44,,,1,99,,10648,44,,,1,100,,10651,44,,,1,101,,10652,44,,,1,99,,10655,44,,,1
7304,'SAM',533,,10686,44,,,1,70,,10676,44,,,1,102,,10681,44,,,1,100,,10678,44,,,1,100,,10677,44,,,1,100,,10682,44,,,1,100,,10684,44,,,1,101,,10680,44,,,1,101,,10671,44,,,1,101,,10683,44,,,1,101,,10679,44,,,1,100,,10685,44,,,1,100,,10687,44,,,1,100,,10670,44,,,1,98,,10668,44,,,1,99,,10669,44,,,1,100,,10673,44,,,1,99,,10672,44,,,1,100,,4131,44,,,1,101,,10674,44,,,1,99,,4133,44,,,1,100,,10675,44,,,1,99,,4134,44,,,1
7304,'SEM',455,,10719,44,,,1,81,,10716,44,,,1,80,,10722,44,,,1,18,,10725,44,,,1,71,,10721,44,,,1,14,,10718,44,,,1,13,,10694,44,,,1,68,,10696,44,,,1,14,,10717,44,,,1,15,,10723,44,,,1,25,,10712,44,,,1,71,,10690,44,,,1,80,,10689,44,,,1,29,,10705,44,,,1,70,,10720,44,,,1,30,,10691,44,,,1,71,,10695,44,,,1,36,,10704,44,,,1,65,,10697,44,,,1,30,,10724,44,,,1,70,,10692,44,,,1,30,,10693,44,,,1,72,,10701,44,,,1,31,,10688,44,,,1,72,,10698,44,,,1,39,,10708,44,,,1,62,,10706,44,,,1,29,,10700,44,,,1,69,,10707,44,,,1,36,,10702,44,,,1,60,,10713,44,,,1,30,,10699,44,,,1,70,,10709,44,,,1,30,,10711,44,,,1,73,,10703,44,,,1,98,,10715,44,,,1,100,,10710,44,,,1,104,,10714,44,,,1
