5503,'SEM',703,,9462,42,,,2,118,,9458,42,,,2,102,,9446,42,,,2,95,,9459,42,,,2,98,,9456,42,,,2,102,,9448,42,,,2,100,,9460,42,,,2,101,,9461,42,,,2,100,,9449,42,,,2,97,,9451,42,,,2,32,,9453,42,,,2,73,,9455,42,,,2,28,,9447,42,,,2,76,,9450,42,,,2,87,,9452,42,,,2,96,,9457,42,,,2,99,,9454,42,,,2
6103,'DIM',755,,9889,25,,,2,102,,9891,25,,,2,98,,9893,25,,,2,102,,9892,25,,,2,101,,9890,25,,,2,144,,9888,25,,,2,100,,9877,25,,,2,104,,9880,25,,,2,95,,9882,25,,,2,104,,9884,25,,,2,99,,9894,25,,,2,53,,9885,25,,,2,100,,9881,25,,,2,99,,9878,25,,,2,101,,9879,25,,,2,99,,9883,25,,,2,100,,9887,25,,,2,99,,9886,25,,,2
6103,'SAM',755,,9905,25,,,2,102,,9907,25,,,2,98,,9910,25,,,2,102,,9904,25,,,2,98,,9908,25,,,2,147,,9911,25,,,2,101,,9909,25,,,2,103,,9912,25,,,2,95,,9906,25,,,2,103,,9898,25,,,2,100,,9895,25,,,2,53,,9899,25,,,2,100,,9897,25,,,2,99,,9900,25,,,2,101,,9896,25,,,2,99,,9901,25,,,2,100,,9902,25,,,2,99,,9903,25,,,2
6103,'SEM',617,,9932,25,,,2,101,,9936,25,,,2,103,,9914,25,,,2,97,,9915,25,,,2,101,,9934,25,,,2,101,,9929,25,,,2,102,,9931,25,,,2,102,,9930,25,,,2,100,,9933,25,,,2,110,,9935,25,,,2,66,,9922,25,,,2,24,,9913,25,,,2,32,,9926,25,,,2,74,,9916,25,,,2,26,,9923,25,,,2,72,,9917,25,,,2,28,,9918,25,,,2,71,,9920,25,,,2,31,,9928,25,,,2,79,,9919,25,,,2,94,,9921,25,,,2,99,,9925,25,,,2,100,,9924,25,,,2,107,,9927,25,,,2
15103,'DIM',648,,11208,27,,,2,60,,11212,27,,,2,30,,11194,27,,,2,69,,11207,27,,,2,33,,11216,27,,,2,71,,11209,27,,,2,29,,11213,27,,,2,71,,11219,27,,,2,35,,11218,27,,,2,71,,11221,27,,,2,31,,11214,27,,,2,73,,11211,27,,,2,34,,11220,27,,,2,72,,11224,27,,,2,31,,11210,27,,,2,74,,11215,27,,,2,73,,11222,27,,,2,32,,11225,27,,,2,71,,11190,27,,,2,37,,11196,27,,,2,70,,11217,27,,,2,32,,11223,27,,,2,68,,11201,27,,,2,35,,11202,27,,,2,70,,11205,27,,,2,29,,11191,27,,,2,69,,11193,27,,,2,29,,11197,27,,,2,69,,11195,27,,,2,29,,11199,27,,,2,70,,11192,27,,,2,30,,11203,27,,,2,70,,11198,27,,,2,93,,11200,27,,,2,98,,11204,27,,,2,35,,11206,27,,,2
15103,'SAM',648,,11248,27,,,2,60,,11250,27,,,2,30,,11246,27,,,2,69,,11247,27,,,2,33,,11254,27,,,2,71,,11249,27,,,2,29,,11251,27,,,2,71,,11258,27,,,2,35,,11256,27,,,2,71,,11259,27,,,2,31,,11252,27,,,2,73,,11244,27,,,2,34,,11235,27,,,2,72,,11257,27,,,2,31,,11255,27,,,2,74,,11253,27,,,2,73,,11245,27,,,2,32,,11236,27,,,2,71,,11260,27,,,2,37,,11228,27,,,2,70,,11226,27,,,2,32,,11261,27,,,2,68,,11232,27,,,2,35,,11233,27,,,2,70,,11234,27,,,2,29,,11241,27,,,2,69,,11227,27,,,2,29,,11243,27,,,2,69,,11229,27,,,2,29,,11230,27,,,2,70,,11242,27,,,2,30,,11239,27,,,2,72,,11237,27,,,2,91,,11231,27,,,2,98,,11240,27,,,2,35,,11238,27,,,2,92,,4730,27,,,2
15103,'SEM',617,,11263,27,,,2,18,,11282,27,,,2,20,,11303,27,,,2,74,,11305,27,,,2,22,,11309,27,,,2,68,,11272,27,,,2,31,,11306,27,,,2,72,,11267,27,,,2,20,,11297,27,,,2,60,,11311,27,,,2,21,,11310,27,,,2,20,,11273,27,,,2,60,,11301,27,,,2,20,,11307,27,,,2,20,,11268,27,,,2,60,,11298,27,,,2,20,,11308,27,,,2,22,,11278,27,,,2,56,,11304,27,,,2,25,,11302,27,,,2,20,,11275,27,,,2,60,,11262,27,,,2,20,,11270,27,,,2,20,,11274,27,,,2,60,,11264,27,,,2,20,,11281,27,,,2,19,,11284,27,,,2,57,,11287,27,,,2,15,,11285,27,,,2,14,,11266,27,,,2,16,,11276,27,,,2,53,,11271,27,,,2,16,,11290,27,,,2,15,,11265,27,,,2,14,,11269,27,,,2,56,,11292,27,,,2,14,,11279,27,,,2,15,,11286,27,,,2,14,,11288,27,,,2,13,,11293,27,,,2,62,,11277,27,,,2,33,,11291,27,,,2,69,,11280,27,,,2,27,,11295,27,,,2,71,,11283,27,,,2,104,,11294,27,,,2,95,,11289,27,,,2,102,,11299,27,,,2,109,,11296,27,,,2,114,,11300,27,,,2
25503,'DIM',838,,11516,39,,,2,101,,11517,39,,,2,99,,11514,39,,,2,100,,11518,39,,,2,100,,11515,39,,,2,101,,11519,39,,,2,102,,11506,39,,,2,100,,11520,39,,,2,100,,11507,39,,,2,100,,11521,39,,,2,100,,11512,39,,,2,98,,11522,39,,,2,99,,11513,39,,,2,98,,11510,39,,,2,100,,11508,39,,,2,100,,11511,39,,,2,99,,11509,39,,,2
25503,'SAM',838,,11537,39,,,2,101,,11528,39,,,2,99,,11533,39,,,2,100,,11535,39,,,2,100,,11534,39,,,2,101,,11536,39,,,2,102,,11523,39,,,2,100,,11538,39,,,2,100,,11524,39,,,2,100,,11539,39,,,2,100,,11531,39,,,2,98,,11525,39,,,2,99,,11532,39,,,2,98,,11526,39,,,2,100,,11529,39,,,2,100,,11527,39,,,2,99,,11530,39,,,2
25503,'SEM',2205,,11540,39,,,2,100,,11542,39,,,2,117,,11541,39,,,2
