202,'SAM',2624,,6708,18,,,1,81,,6709,18,,,1
202,'SEM',524,,6714,18,,,1,30,,6715,18,,,1,55,,6710,18,,,1,1999,,6711,18,,,1,41,,6712,18,,,1,81,,6713,18,,,1
3303,'DIM',705,,7843,50,,,1,132,,7847,50,,,1,172,,7845,50,,,1,132,,7842,50,,,1,168,,7844,50,,,1,130,,7839,50,,,1,170,,7846,50,,,1,133,,7848,50,,,1,166,,7849,50,,,1,130,,7841,50,,,1,169,,7840,50,,,1
3303,'SAM',705,,7853,50,,,1,132,,7854,50,,,1,172,,7856,50,,,1,132,,7857,50,,,1,168,,7858,50,,,1,130,,7855,50,,,1,170,,7860,50,,,1,136,,7859,50,,,1,163,,7851,50,,,1,130,,7852,50,,,1,169,,7850,50,,,1
3303,'SEM',554,,7882,27,,,1,81,,7872,50,,,1,73,,7883,27,,,1,25,,7873,50,,,1,74,,7862,50,,,1,26,,7880,50,,,1,100,,7879,50,,,1,100,,7874,50,,,1,100,,7877,50,,,1,94,,7865,50,,,1,106,,7876,50,,,1,100,,7861,50,,,1,87,,7878,50,,,1,33,,7881,50,,,1,66,,7875,50,,,1,99,,7863,50,,,1,28,,7864,50,,,1,74,,7870,50,,,1,81,,7866,50,,,1,31,,7868,50,,,1,103,,7867,50,,,1,103,,7871,50,,,1,104,,7869,50,,,1
4202,'DIM',516,,8490,89,,,2,42,,8531,89,,,2,66,,8501,89,,,2,30,,8489,89,,,2,71,,8513,89,,,2,30,,8511,89,,,2,73,,8532,89,,,2,72,,8516,89,,,2,32,,8512,89,,,2,72,,8520,89,,,2,31,,8524,89,,,2,23,,8530,89,,,2,62,,8526,89,,,2,21,,8517,89,,,2,62,,8522,89,,,2,19,,8518,89,,,2,20,,8521,89,,,2,58,,8506,89,,,2,23,,8509,89,,,2,20,,8508,89,,,2,62,,8510,89,,,2,19,,8515,89,,,2,20,,8514,89,,,2,58,,8534,89,,,2,22,,8527,89,,,2,21,,8523,89,,,2,61,,8519,89,,,2,21,,8529,89,,,2,19,,8494,89,,,2,60,,8495,89,,,2,21,,8496,89,,,2,23,,8528,89,,,2,76,,8525,89,,,2,74,,8533,89,,,2,29,,8505,89,,,2,30,,8492,89,,,2,72,,8491,89,,,2,70,,8500,89,,,2,27,,8488,89,,,2,27,,8497,89,,,2,68,,8507,89,,,2,28,,8493,89,,,2,70,,8499,89,,,2,30,,8503,89,,,2,67,,8504,89,,,2,29,,8498,89,,,2,76,,8502,89,,,2
4202,'SAM',516,,8537,89,,,2,42,,8539,89,,,2,66,,8557,89,,,2,30,,8535,89,,,2,71,,8565,89,,,2,30,,8563,89,,,2,73,,8540,89,,,2,72,,8571,89,,,2,32,,8567,89,,,2,72,,8566,89,,,2,31,,8570,89,,,2,23,,8582,89,,,2,62,,8576,89,,,2,21,,8580,89,,,2,61,,8575,89,,,2,20,,8578,89,,,2,20,,8560,89,,,2,58,,8573,89,,,2,22,,8564,89,,,2,21,,8556,89,,,2,61,,8562,89,,,2,20,,8536,89,,,2,20,,8569,89,,,2,58,,8568,89,,,2,22,,8561,89,,,2,21,,8572,89,,,2,61,,8538,89,,,2,20,,8574,89,,,2,19,,8577,89,,,2,61,,8543,89,,,2,21,,8579,89,,,2,23,,8581,89,,,2,75,,8549,89,,,2,34,,8551,89,,,2,70,,8553,89,,,2,30,,8555,89,,,2,75,,8541,89,,,2,67,,8544,89,,,2,27,,8558,89,,,2,27,,8546,89,,,2,68,,8548,89,,,2,31,,8542,89,,,2,66,,8545,89,,,2,30,,8547,89,,,2,68,,8550,89,,,2,29,,8552,89,,,2,76,,8554,89,,,2,30,,8559,89,,,2
4202,'SEM',517,,8625,89,,,2,97,,8627,89,,,2,34,,8631,89,,,2,56,,8634,89,,,2,16,,8583,89,,,2,10,,8585,89,,,2,11,,8588,89,,,2,9,,8591,89,,,2,50,,8633,89,,,2,12,,8630,89,,,2,21,,8586,89,,,2,18,,8601,89,,,2,61,,8587,89,,,2,22,,8635,89,,,2,22,,8632,89,,,2,59,,8589,89,,,2,21,,8626,89,,,2,20,,8584,89,,,2,59,,8629,89,,,2,21,,8593,89,,,2,20,,8618,89,,,2,61,,8628,89,,,2,24,,8595,89,,,2,17,,8615,89,,,2,64,,8597,89,,,2,20,,8599,89,,,2,61,,8600,89,,,2,23,,8592,89,,,2,17,,8602,89,,,2,61,,8603,89,,,2,20,,8604,89,,,2,21,,8590,89,,,2,61,,8606,89,,,2,20,,8636,89,,,2,20,,8609,89,,,2,60,,8610,89,,,2,20,,8611,89,,,2,21,,8613,89,,,2,57,,8594,89,,,2,22,,8616,89,,,2,20,,8596,89,,,2,63,,8605,89,,,2,24,,8598,89,,,2,19,,8622,89,,,2,70,,8624,89,,,2,85,,8621,89,,,2,36,,8623,89,,,2,67,,8607,89,,,2,29,,8608,89,,,2,68,,8612,89,,,2,26,,8614,89,,,2,76,,8620,89,,,2,26,,8617,89,,,2,71,,8619,89,,,2
6303,'DIM',743,,10005,21,,,1,100,,10007,21,,,1,102,,9998,21,,,1,96,,10006,21,,,1,103,,10010,21,,,1,96,,10008,21,,,1,103,,10011,21,,,1,103,,10009,21,,,1,101,,10012,21,,,1,100,,10013,21,,,1,100,,9999,21,,,1,98,,9995,21,,,1,99,,9996,21,,,1,99,,10001,21,,,1,100,,9997,21,,,1,100,,10002,21,,,1,99,,10000,21,,,1,100,,10003,21,,,1,99,,10004,21,,,1
6303,'SAM',642,,10027,21,,,1,101,,10031,21,,,1,100,,10028,21,,,1,102,,10026,21,,,1,96,,10030,21,,,1,103,,10029,21,,,1,96,,10033,21,,,1,103,,10032,21,,,1,103,,10014,21,,,1,103,,10015,21,,,1,98,,10016,21,,,1,100,,10018,21,,,1,98,,10017,21,,,1,99,,10022,21,,,1,99,,10019,21,,,1,100,,10020,21,,,1,100,,10023,21,,,1,99,,10021,21,,,1,100,,10024,21,,,1,99,,10025,21,,,1
6303,'SEM',602,,10049,21,,,1,20,,10059,21,,,1,16,,10060,21,,,1,76,,10066,21,,,1,14,,10064,21,,,1,74,,10038,21,,,1,23,,10040,21,,,1,34,,10041,21,,,1,73,,10034,21,,,1,25,,10037,21,,,1,73,,10063,21,,,1,27,,10051,21,,,1,70,,10067,21,,,1,26,,10061,21,,,1,78,,10035,21,,,1,27,,10036,21,,,1,70,,10065,21,,,1,30,,10062,21,,,1,72,,10068,21,,,1,72,,10043,21,,,1,26,,10042,21,,,1,74,,10047,21,,,1,19,,10045,21,,,1,25,,10039,21,,,1,73,,10048,21,,,1,81,,10046,21,,,1,58,,10044,21,,,1,81,,10052,21,,,1,93,,10055,21,,,1,95,,10050,21,,,1,88,,10053,21,,,1,106,,10054,21,,,1,99,,10058,21,,,1,104,,10056,21,,,1,94,,10057,21,,,1
34503,'SEM',439,,11610,18,,,1,100,,11611,18,,,1
