3903,'DIM',918,,8065,3,,,1,30,,8070,3,,,1,70,,8071,3,,,1,30,,8068,3,,,1,74,,8069,3,,,1,25,,8072,3,,,1,69,,8062,3,,,1,31,,8066,3,,,1,70,,8063,3,,,1,30,,8049,3,,,1,70,,8052,3,,,1,31,,8055,3,,,1,70,,8067,3,,,1,31,,8056,3,,,1,71,,8057,3,,,1,25,,8058,3,,,1,58,,8064,3,,,1,10,,8059,3,,,1,25,,8053,3,,,1,65,,8060,3,,,1,100,,8050,3,,,1,100,,8061,3,,,1,99,,8051,3,,,1,104,,8054,3,,,1
3903,'SAM',918,,8092,3,,,1,30,,8096,3,,,1,70,,8073,3,,,1,30,,8087,3,,,1,74,,8090,3,,,1,25,,8089,3,,,1,70,,8074,3,,,1,30,,8088,3,,,1,70,,8091,3,,,1,30,,8075,3,,,1,70,,8094,3,,,1,31,,8078,3,,,1,70,,8079,3,,,1,31,,8081,3,,,1,71,,8095,3,,,1,25,,8082,3,,,1,58,,8093,3,,,1,11,,8080,3,,,1,24,,8077,3,,,1,69,,8076,3,,,1,98,,8084,3,,,1,98,,8083,3,,,1,99,,8086,3,,,1,104,,8085,3,,,1
3903,'SEM',708,,8120,3,,,1,99,,8102,3,,,1,104,,8100,3,,,1,33,,8104,3,,,1,69,,8121,3,,,1,31,,8122,3,,,1,68,,8115,3,,,1,31,,8119,3,,,1,67,,8123,3,,,1,38,,8099,3,,,1,73,,8106,3,,,1,27,,8108,3,,,1,71,,8109,3,,,1,34,,8098,3,,,1,77,,8116,3,,,1,22,,8110,3,,,1,68,,8101,3,,,1,25,,8103,3,,,1,75,,8111,3,,,1,80,,8112,3,,,1,41,,8105,3,,,1,99,,8107,3,,,1,97,,8113,3,,,1,103,,8117,3,,,1,99,,8114,3,,,1,88,,8118,3,,,1
5001,'DIM',520,,9169,3,,,1,100,,9177,3,,,1,100,,9165,3,,,1,96,,9182,3,,,1,100,,9174,3,,,1,33,,9184,3,,,1,77,,9176,3,,,1,23,,9189,3,,,1,78,,9187,3,,,1,22,,9188,3,,,1,74,,9190,3,,,1,29,,9175,3,,,1,72,,9178,3,,,1,76,,9191,3,,,1,29,,9180,3,,,1,73,,9179,3,,,1,30,,9185,3,,,1,23,,9183,3,,,1,74,,9181,3,,,1,81,,9186,3,,,1,19,,9167,3,,,1,100,,9170,3,,,1,99,,9173,3,,,1,100,,9166,3,,,1,99,,9171,3,,,1,99,,9168,3,,,1,100,,9172,3,,,1
5001,'SAM',520,,9199,3,,,1,100,,9202,3,,,1,100,,9193,3,,,1,96,,9214,3,,,1,100,,9212,3,,,1,39,,9217,3,,,1,70,,9210,3,,,1,24,,9194,3,,,1,78,,9218,3,,,1,22,,9216,3,,,1,74,,9195,3,,,1,29,,9206,3,,,1,72,,9208,3,,,1,76,,9211,3,,,1,29,,9207,3,,,1,73,,9209,3,,,1,30,,9197,3,,,1,23,,9198,3,,,1,74,,9192,3,,,1,79,,9213,3,,,1,22,,9215,3,,,1,99,,9203,3,,,1,99,,9205,3,,,1,100,,9204,3,,,1,99,,9200,3,,,1,99,,9196,3,,,1,100,,9201,3,,,1
5001,'SEM',509,,9241,3,,,1,104,,9246,3,,,1,35,,9242,3,,,1,63,,9220,3,,,1,36,,9219,3,,,1,64,,9222,3,,,1,31,,9249,3,,,1,67,,9250,3,,,1,33,,9245,3,,,1,67,,9221,3,,,1,33,,9225,3,,,1,68,,9244,3,,,1,32,,9231,3,,,1,70,,9247,3,,,1,30,,9226,3,,,1,72,,9243,3,,,1,28,,9248,3,,,1,70,,9224,3,,,1,42,,9223,3,,,1,65,,9235,3,,,1,36,,9227,3,,,1,69,,9228,3,,,1,30,,9234,3,,,1,70,,9229,3,,,1,35,,9233,3,,,1,70,,9236,3,,,1,75,,9237,3,,,1,105,,9232,3,,,1,105,,9230,3,,,1,104,,9239,3,,,1,105,,9238,3,,,1,107,,9240,3,,,1
6001,'DIM',801,,9768,30,,,1,102,,9776,30,,,1,101,,9774,30,,,1,103,,9775,30,,,1,101,,9777,30,,,1,102,,9780,30,,,1,102,,9778,30,,,1,100,,9781,30,,,1,100,,9779,30,,,1,102,,9782,30,,,1,93,,9783,30,,,1,99,,9770,30,,,1,98,,9772,30,,,1,98,,9771,30,,,1,99,,9773,30,,,1,99,,9767,30,,,1,100,,9769,30,,,1
6001,'SAM',659,,9790,30,,,1,142,,9795,30,,,1,102,,9786,30,,,1,101,,9798,30,,,1,102,,9800,30,,,1,102,,9796,30,,,1,102,,9799,30,,,1,102,,9797,30,,,1,100,,9785,30,,,1,100,,9801,30,,,1,102,,9784,30,,,1,93,,9788,30,,,1,100,,9793,30,,,1,97,,9789,30,,,1,98,,9791,30,,,1,99,,9794,30,,,1,99,,9787,30,,,1,100,,9792,30,,,1
6001,'SEM',543,,9816,30,,,1,101,,9802,30,,,1,85,,9820,30,,,1,77,,9814,30,,,1,36,,9818,30,,,1,101,,9804,30,,,1,100,,9821,30,,,1,101,,9819,30,,,1,103,,9805,30,,,1,100,,9803,30,,,1,100,,9815,30,,,1,102,,9817,30,,,1,100,,9806,30,,,1,103,,9810,30,,,1,98,,9808,30,,,1,90,,9813,30,,,1,98,,9811,30,,,1,99,,9807,30,,,1,99,,9809,30,,,1,94,,9812,30,,,1
6304,'DIM',746,,10080,44,,,1,102,,10076,44,,,1,101,,10078,44,,,1,101,,10072,44,,,1,99,,10077,44,,,1,104,,10082,44,,,1,96,,10079,44,,,1,102,,10083,44,,,1,103,,10081,44,,,1,100,,10084,44,,,1,99,,10085,44,,,1,100,,10073,44,,,1,99,,10069,44,,,1,98,,10070,44,,,1,99,,10074,44,,,1,98,,10071,44,,,1,99,,10075,44,,,1
6304,'SAM',646,,10099,44,,,1,100,,10097,44,,,1,102,,10102,44,,,1,101,,10098,44,,,1,101,,10096,44,,,1,99,,10101,44,,,1,104,,10100,44,,,1,96,,10104,44,,,1,102,,10103,44,,,1,103,,10086,44,,,1,102,,10087,44,,,1,97,,10088,44,,,1,100,,10090,44,,,1,99,,10089,44,,,1,98,,10094,44,,,1,99,,10091,44,,,1,98,,10092,44,,,1,99,,10095,44,,,1,98,,10093,44,,,1
6304,'SEM',501,,10132,44,,,1,111,,10128,44,,,1,30,,10137,44,,,1,71,,10120,44,,,1,16,,10131,44,,,1,27,,10134,44,,,1,66,,10136,44,,,1,19,,10135,44,,,1,70,,10109,44,,,1,29,,10110,44,,,1,71,,10111,44,,,1,30,,10105,44,,,1,65,,10108,44,,,1,30,,10133,44,,,1,72,,10123,44,,,1,30,,10116,44,,,1,66,,10129,44,,,1,38,,10106,44,,,1,67,,10107,44,,,1,32,,10117,44,,,1,71,,10130,44,,,1,39,,10138,44,,,1,70,,10113,44,,,1,24,,10112,44,,,1,74,,10118,44,,,1,16,,10115,44,,,1,69,,10124,44,,,1,29,,10119,44,,,1,77,,10122,44,,,1,97,,10114,44,,,1,40,,10125,44,,,1,91,,10127,44,,,1,93,,10121,44,,,1,99,,10126,44,,,1
6504,'DIM',720,,10223,60,,,2,102,,10221,60,,,2,101,,10224,60,,,2,102,,10226,60,,,2,102,,10228,60,,,2,102,,10225,60,,,2,99,,10222,60,,,2,102,,10230,60,,,2,106,,10227,60,,,2,95,,10229,60,,,2,97,,10216,60,,,2,101,,10218,60,,,2,97,,10217,60,,,2,98,,10219,60,,,2,100,,10220,60,,,2,96,,10214,60,,,2,100,,10215,60,,,2
6504,'SAM',720,,10240,60,,,2,102,,10239,60,,,2,101,,10243,60,,,2,102,,10242,60,,,2,102,,10244,60,,,2,101,,10246,60,,,2,99,,10247,60,,,2,103,,10245,60,,,2,105,,10241,60,,,2,96,,10231,60,,,2,97,,10233,60,,,2,101,,10236,60,,,2,99,,10237,60,,,2,96,,3667,60,,,2,100,,10238,60,,,2,96,,10235,60,,,2,100,,10232,60,,,2,100,,10234,60,,,2
6504,'SEM',538,,10271,60,,,2,86,,10281,60,,,2,26,,10250,60,,,2,60,,10259,60,,,2,16,,10266,60,,,2,12,,10279,60,,,2,10,,10249,60,,,2,10,,10280,60,,,2,50,,10276,60,,,2,23,,10251,60,,,2,70,,10253,60,,,2,32,,10268,60,,,2,69,,10284,60,,,2,33,,10254,60,,,2,71,,10255,60,,,2,27,,10273,60,,,2,74,,10256,60,,,2,27,,10283,60,,,2,80,,10277,60,,,2,20,,10278,60,,,2,70,,10282,60,,,2,30,,10258,60,,,2,70,,10261,60,,,2,38,,10252,60,,,2,67,,10265,60,,,2,40,,10267,60,,,2,74,,10248,60,,,2,20,,10260,60,,,2,64,,10257,60,,,2,36,,10272,60,,,2,72,,10274,60,,,2,86,,10263,60,,,2,99,,10262,60,,,2,58,,10264,60,,,2,99,,10269,60,,,2,99,,10270,60,,,2,99,,10275,60,,,2
7601,'DIM',506,,10861,35,,,2,100,,10834,80,,,2,25,,10848,80,,,2,104,,10849,80,,,2,101,,10841,80,,,2,101,,10853,80,,,2,68,,10858,80,,,2,30,,10855,80,,,2,71,,10851,80,,,2,30,,10852,80,,,2,70,,10832,80,,,2,31,,10856,80,,,2,71,,10854,80,,,2,29,,10839,80,,,2,73,,10859,80,,,2,31,,10860,80,,,2,69,,10831,80,,,2,33,,10842,80,,,2,67,,10850,80,,,2,30,,10835,80,,,2,70,,10837,80,,,2,29,,10833,80,,,2,69,,10840,80,,,2,29,,10857,80,,,2,105,,10845,80,,,2,97,,10846,80,,,2,97,,10838,80,,,2,98,,10847,80,,,2,100,,10836,80,,,2,100,,10843,80,,,2,99,,10844,80,,,2
7601,'SAM',506,,10892,35,,,2,100,,10866,80,,,2,25,,10875,80,,,2,104,,10878,80,,,2,101,,10877,80,,,2,101,,10881,80,,,2,68,,10885,80,,,2,30,,10882,80,,,2,71,,10888,80,,,2,30,,10876,80,,,2,70,,10884,80,,,2,32,,10883,80,,,2,70,,10890,80,,,2,29,,10863,80,,,2,73,,10879,80,,,2,31,,10862,80,,,2,69,,10880,80,,,2,33,,10887,80,,,2,67,,10891,80,,,2,30,,10864,80,,,2,70,,10886,80,,,2,29,,10868,80,,,2,69,,10889,80,,,2,31,,10865,80,,,2,103,,10871,80,,,2,97,,10873,80,,,2,97,,10869,80,,,2,98,,10867,80,,,2,100,,10872,80,,,2,100,,10870,80,,,2,99,,10874,80,,,2
7601,'SEM',525,,10893,80,,,2,92,,10914,80,,,2,27,,10921,80,,,2,65,,10929,80,,,2,24,,10899,80,,,2,12,,10924,80,,,2,55,,10901,80,,,2,16,,10922,80,,,2,24,,10926,80,,,2,60,,10896,80,,,2,25,,10900,80,,,2,22,,10894,80,,,2,70,,10923,80,,,2,30,,10897,80,,,2,69,,10919,80,,,2,31,,10895,80,,,2,70,,10925,80,,,2,30,,10904,80,,,2,70,,10920,80,,,2,32,,10903,80,,,2,72,,10906,80,,,2,31,,10928,80,,,2,73,,10907,80,,,2,30,,10898,80,,,2,78,,10927,80,,,2,67,,10902,80,,,2,25,,10905,80,,,2,24,,10911,80,,,2,67,,10915,80,,,2,30,,10917,80,,,2,72,,10913,80,,,2,23,,10909,80,,,2,69,,10918,80,,,2,100,,10916,80,,,2,100,,10908,80,,,2,99,,10910,80,,,2,103,,10912,80,,,2
