1703,'DIM',632,,6801,39,,,1,89,,6794,39,,,1,101,,100,39,,,1,102,,6796,39,,,1,97,,6797,39,,,1,102,,6793,39,,,1,100,,6799,39,,,1,99,,6795,39,,,1,102,,6798,39,,,1,100,,6800,39,,,1,102,,6783,39,,,1,98,,6787,39,,,1,98,,6786,39,,,1,101,,6785,39,,,1,98,,6788,39,,,1,99,,6791,39,,,1,100,,6784,39,,,1,100,,6789,39,,,1,102,,6790,39,,,1,117,,6792,39,,,1
1703,'SAM',554,,6813,39,,,1,78,,6819,39,,,1,89,,121,39,,,1,101,,6810,39,,,1,102,,6812,39,,,1,97,,6814,39,,,1,101,,6818,39,,,1,101,,6816,39,,,1,100,,6811,39,,,1,101,,6817,39,,,1,100,,6815,39,,,1,102,,6820,39,,,1,99,,6821,39,,,1,98,,6802,39,,,1,100,,6807,39,,,1,98,,6804,39,,,1,99,,6803,39,,,1,100,,6805,39,,,1,100,,6808,39,,,1,102,,6809,39,,,1,117,,6806,39,,,1
1703,'SEM',614,,6839,39,,,1,104,,6841,39,,,1,106,,6840,39,,,1,96,,6825,39,,,1,101,,6838,39,,,1,101,,6837,39,,,1,100,,6843,39,,,1,101,,6826,39,,,1,100,,6823,39,,,1,99,,6842,39,,,1,35,,6845,39,,,1,60,,6844,39,,,1,36,,6822,39,,,1,63,,6833,39,,,1,37,,6824,39,,,1,79,,6827,39,,,1,70,,6830,39,,,1,27,,6835,39,,,1,99,,6836,39,,,1,100,,6828,39,,,1,100,,6829,39,,,1,99,,6831,39,,,1,99,,6832,39,,,1,102,,6834,39,,,1
3103,'DIM',651,,7731,41,,,1,101,,7730,41,,,1,100,,1058,41,,,1,100,,7735,41,,,1,100,,7734,41,,,1,100,,7732,41,,,1,102,,7721,41,,,1,101,,7733,41,,,1,99,,7720,41,,,1,101,,7719,41,,,1,99,,7724,41,,,1,98,,7726,41,,,1,103,,7725,41,,,1,96,,7727,41,,,1,101,,7723,41,,,1,100,,7722,41,,,1,99,,7728,41,,,1,100,,7729,41,,,1
3103,'SAM',651,,7748,41,,,1,101,,7747,41,,,1,100,,1075,41,,,1,100,,7752,41,,,1,100,,7753,41,,,1,100,,7749,41,,,1,100,,7745,41,,,1,102,,7750,41,,,1,100,,7746,41,,,1,101,,7751,41,,,1,100,,7740,41,,,1,98,,7742,41,,,1,100,,7738,41,,,1,99,,7743,41,,,1,100,,7736,41,,,1,100,,7737,41,,,1,99,,7739,41,,,1,101,,7741,41,,,1,95,,7744,41,,,1
3103,'SEM',648,,7775,41,,,1,100,,7773,41,,,1,101,,7774,41,,,1,101,,7754,41,,,1,101,,7755,41,,,1,100,,7757,41,,,1,100,,7776,41,,,1,100,,7756,41,,,1,102,,7761,41,,,1,98,,7762,41,,,1,51,,7763,41,,,1,37,,7758,41,,,1,69,,7767,41,,,1,40,,7764,41,,,1,68,,7760,41,,,1,36,,7772,41,,,1,69,,7759,41,,,1,36,,7771,41,,,1,100,,7765,41,,,1,101,,7768,41,,,1,99,,7769,41,,,1,96,,7766,41,,,1,154,,7770,41,,,1
3903,'DIM',855,,1407,52,,,1,100,,8065,62,,,1,70,,8070,62,,,1,31,,8071,62,,,1,70,,8068,62,,,1,74,,8069,62,,,1,26,,8072,62,,,1,29,,8062,62,,,1,71,,8066,62,,,1,30,,8063,62,,,1,71,,8049,62,,,1,30,,8052,62,,,1,72,,8055,62,,,1,30,,8067,62,,,1,71,,8056,62,,,1,70,,8057,62,,,1,25,,8058,62,,,1,18,,8064,62,,,1,10,,8059,62,,,1,64,,8053,62,,,1,25,,8060,62,,,1,98,,8050,62,,,1,100,,8061,62,,,1,98,,8051,62,,,1,104,,8054,62,,,1
3903,'SAM',855,,8097,52,,,1,100,,8092,62,,,1,70,,8096,62,,,1,31,,8073,62,,,1,70,,8087,62,,,1,74,,8090,62,,,1,26,,8089,62,,,1,30,,8074,62,,,1,70,,8088,62,,,1,30,,8091,62,,,1,71,,8075,62,,,1,30,,8094,62,,,1,72,,8078,62,,,1,30,,8079,62,,,1,71,,8081,62,,,1,70,,8095,62,,,1,25,,8082,62,,,1,18,,8093,62,,,1,11,,8080,62,,,1,63,,8077,62,,,1,29,,8076,62,,,1,96,,8084,62,,,1,98,,8083,62,,,1,98,,8086,62,,,1,104,,8085,62,,,1
3903,'SEM',747,,8120,62,,,1,101,,8102,62,,,1,104,,8100,62,,,1,72,,8104,62,,,1,29,,8121,62,,,1,71,,8122,62,,,1,29,,8115,62,,,1,71,,8119,62,,,1,28,,8123,62,,,1,78,,8099,62,,,1,73,,8106,62,,,1,27,,8108,62,,,1,72,,8109,62,,,1,35,,8098,62,,,1,78,,8116,62,,,1,23,,8110,62,,,1,68,,8101,62,,,1,25,,8103,62,,,1,73,,8111,62,,,1,39,,8112,62,,,1,79,,8105,62,,,1,98,,8107,62,,,1,95,,8113,62,,,1,103,,8117,62,,,1,95,,8114,62,,,1,87,,8118,62,,,1
4503,'DIM',659,,8779,40,,,1,100,,8789,40,,,1,141,,8787,40,,,1,59,,8793,40,,,1,141,,8788,40,,,1,58,,8791,40,,,1,145,,8781,40,,,1,101,,8785,40,,,1,98,,8778,40,,,1,102,,8776,40,,,1,52,,8790,40,,,1,102,,8792,40,,,1,143,,8777,40,,,1,102,,8786,40,,,1,101,,8780,40,,,1,99,,8783,40,,,1,99,,8784,40,,,1,101,,8782,40,,,1
4503,'SAM',659,,8807,40,,,1,100,,8803,40,,,1,141,,8806,40,,,1,59,,8805,40,,,1,141,,8795,40,,,1,57,,8804,40,,,1,146,,8808,40,,,1,100,,8799,40,,,1,101,,8810,40,,,1,101,,8809,40,,,1,51,,8811,40,,,1,145,,8794,40,,,1,100,,8801,40,,,1,102,,8796,40,,,1,101,,8800,40,,,1,99,,8798,40,,,1,99,,8802,40,,,1,101,,8797,40,,,1
4503,'SEM',650,,8817,40,,,1,58,,8815,40,,,1,34,,8812,40,,,1,68,,8832,40,,,1,25,,8816,40,,,1,79,,8814,40,,,1,25,,8833,40,,,1,110,,8831,40,,,1,100,,8820,40,,,1,95,,8818,40,,,1,100,,8834,40,,,1,103,,8813,40,,,1,106,,8835,40,,,1,68,,8822,40,,,1,87,,8825,40,,,1,18,,8819,40,,,1,17,,8826,40,,,1,71,,8828,40,,,1,39,,8824,40,,,1,98,,8823,40,,,1,100,,8827,40,,,1,100,,8830,40,,,1,99,,8821,40,,,1,95,,8829,40,,,1
