1704,'DIM',500,,6858,20,,,1,50,,6859,20,,,1,100,,6863,20,,,1,102,,6857,20,,,1,100,,165,20,,,1,100,,6861,20,,,1,101,,6862,20,,,1,100,,6864,20,,,1,101,,6865,20,,,1,101,,6860,20,,,1,102,,6846,20,,,1,99,,6847,20,,,1,100,,6850,20,,,1,101,,6852,20,,,1,98,,6851,20,,,1,98,,6849,20,,,1,100,,6853,20,,,1,101,,6856,20,,,1,99,,6848,20,,,1,99,,6854,20,,,1,96,,6855,20,,,1
1704,'SAM',500,,6878,20,,,1,50,,6879,20,,,1,100,,6885,20,,,1,102,,6882,20,,,1,100,,6877,20,,,1,100,,6881,20,,,1,101,,6886,20,,,1,100,,6884,20,,,1,101,,6883,20,,,1,101,,6880,20,,,1,101,,6867,20,,,1,100,,6868,20,,,1,101,,6870,20,,,1,100,,6872,20,,,1,98,,6866,20,,,1,98,,6874,20,,,1,100,,6871,20,,,1,101,,6869,20,,,1,99,,6873,20,,,1,99,,6875,20,,,1,96,,6876,20,,,1
1704,'SEM',512,,6901,20,,,1,92,,6906,20,,,1,22,,6909,20,,,1,22,,6888,20,,,1,66,,6892,20,,,1,35,,6893,20,,,1,61,,6887,20,,,1,98,,6890,20,,,1,45,,6891,20,,,1,100,,6894,20,,,1,100,,6905,20,,,1,100,,6907,20,,,1,100,,6896,20,,,1,102,,6908,20,,,1,100,,6889,20,,,1,145,,6897,20,,,1,56,,6895,20,,,1,97,,6898,20,,,1,101,,6903,20,,,1,101,,6904,20,,,1,100,,6899,20,,,1,100,,6900,20,,,1,100,,6902,20,,,1
3104,'DIM',620,,7789,30,,,1,102,,7790,30,,,1,100,,7788,30,,,1,100,,7794,30,,,1,101,,7795,30,,,1,100,,7793,30,,,1,100,,7791,30,,,1,103,,7779,30,,,1,101,,7792,30,,,1,100,,7778,30,,,1,101,,7777,30,,,1,99,,7782,30,,,1,98,,7784,30,,,1,102,,7783,30,,,1,96,,7785,30,,,1,101,,7781,30,,,1,100,,7780,30,,,1,98,,7786,30,,,1,102,,7787,30,,,1
3104,'SAM',520,,1137,30,,,1,100,,7805,30,,,1,102,,7808,30,,,1,100,,7807,30,,,1,100,,7810,30,,,1,101,,7813,30,,,1,100,,7814,30,,,1,100,,7809,30,,,1,102,,7804,30,,,1,101,,7811,30,,,1,101,,7806,30,,,1,101,,7812,30,,,1,100,,7800,30,,,1,98,,7802,30,,,1,99,,7798,30,,,1,99,,7803,30,,,1,100,,7796,30,,,1,100,,7797,30,,,1,98,,7799,30,,,1,102,,7801,30,,,1
3104,'SEM',444,,7823,30,,,1,77,,7824,30,,,1,90,,7835,30,,,1,21,,7837,30,,,1,23,,7817,30,,,1,73,,7836,30,,,1,28,,7833,30,,,1,69,,7831,30,,,1,75,,7832,30,,,1,22,,7834,30,,,1,100,,7815,30,,,1,101,,7816,30,,,1,100,,7819,30,,,1,101,,7838,30,,,1,100,,7818,30,,,1,102,,7821,30,,,1,100,,7822,30,,,1,96,,7820,30,,,1,104,,7825,30,,,1,97,,7830,30,,,1,105,,7829,30,,,1,100,,7826,30,,,1,102,,7827,30,,,1,100,,7828,30,,,1
3904,'DIM',822,,8142,20,,,1,112,,8136,20,,,1,82,,8143,20,,,1,30,,8146,20,,,1,73,,8137,20,,,1,27,,8135,20,,,1,73,,8145,20,,,1,29,,8140,20,,,1,74,,8129,20,,,1,27,,8144,20,,,1,70,,8138,20,,,1,31,,8139,20,,,1,72,,8128,20,,,1,30,,8141,20,,,1,71,,8124,20,,,1,31,,8125,20,,,1,68,,8130,20,,,1,28,,8131,20,,,1,69,,8132,20,,,1,83,,8133,20,,,1,98,,8126,20,,,1,100,,8134,20,,,1,100,,8127,20,,,1
3904,'SAM',822,,8162,20,,,1,112,,8155,20,,,1,82,,8166,20,,,1,30,,8156,20,,,1,70,,8147,20,,,1,30,,8153,20,,,1,76,,8159,20,,,1,26,,8157,20,,,1,74,,8163,20,,,1,27,,8154,20,,,1,70,,8160,20,,,1,31,,8161,20,,,1,71,,8167,20,,,1,31,,8158,20,,,1,72,,8164,20,,,1,24,,8165,20,,,1,74,,8168,20,,,1,28,,8169,20,,,1,69,,8148,20,,,1,86,,8149,20,,,1,97,,8151,20,,,1,98,,8150,20,,,1,100,,8152,20,,,1
3904,'SEM',616,,8193,20,,,1,27,,8186,20,,,1,14,,8192,20,,,1,51,,8174,20,,,1,29,,8189,20,,,1,71,,8170,20,,,1,31,,8187,20,,,1,70,,8194,20,,,1,35,,8172,20,,,1,68,,8173,20,,,1,33,,8184,20,,,1,69,,8188,20,,,1,31,,8190,20,,,1,68,,8181,20,,,1,32,,8185,20,,,1,67,,8191,20,,,1,38,,8171,20,,,1,74,,8176,20,,,1,30,,8178,20,,,1,71,,8179,20,,,1,101,,8195,20,,,1,112,,8182,20,,,1,99,,8183,20,,,1,104,,8175,20,,,1,100,,8177,20,,,1,94,,8180,20,,,1
7304,'DIM',535,,10665,48,,,1,70,,10654,48,,,1,102,,10658,48,,,1,100,,10661,48,,,1,101,,10657,48,,,1,100,,10659,48,,,1,100,,10662,48,,,1,100,,10666,48,,,1,102,,10660,48,,,1,101,,10663,48,,,1,101,,10656,48,,,1,100,,10664,48,,,1,100,,10667,48,,,1,100,,10650,48,,,1,99,,10647,48,,,1,98,,10653,48,,,1,100,,10649,48,,,1,99,,10648,48,,,1,99,,10651,48,,,1,101,,10652,48,,,1,99,,10655,48,,,1
7304,'SAM',535,,10686,48,,,1,70,,10676,48,,,1,102,,10681,48,,,1,100,,10678,48,,,1,101,,10677,48,,,1,100,,10682,48,,,1,100,,10684,48,,,1,101,,10680,48,,,1,101,,10671,48,,,1,101,,10683,48,,,1,101,,10679,48,,,1,100,,10685,48,,,1,100,,10687,48,,,1,100,,10670,48,,,1,98,,10668,48,,,1,99,,10669,48,,,1,100,,10673,48,,,1,99,,10672,48,,,1,99,,4131,48,,,1,101,,10674,48,,,1,99,,4133,48,,,1,100,,10675,48,,,1,99,,4134,48,,,1
7304,'SEM',457,,10719,48,,,1,81,,10716,48,,,1,81,,10722,48,,,1,18,,10725,48,,,1,71,,10721,48,,,1,14,,10718,48,,,1,13,,10694,48,,,1,68,,10696,48,,,1,14,,10717,48,,,1,15,,10723,48,,,1,25,,10712,48,,,1,71,,10690,48,,,1,80,,10689,48,,,1,29,,10705,48,,,1,70,,10720,48,,,1,30,,10691,48,,,1,71,,10695,48,,,1,36,,10704,48,,,1,65,,10697,48,,,1,30,,10724,48,,,1,70,,10692,48,,,1,30,,10693,48,,,1,72,,10701,48,,,1,31,,10688,48,,,1,72,,10698,48,,,1,39,,10708,48,,,1,62,,10706,48,,,1,29,,10700,48,,,1,69,,10707,48,,,1,36,,10702,48,,,1,60,,10713,48,,,1,30,,10699,48,,,1,70,,10709,48,,,1,30,,10711,48,,,1,73,,10703,48,,,1,98,,10715,48,,,1,99,,10710,48,,,1,104,,10714,48,,,1
7402,'DIM',635,,10786,61,,,2,101,,10789,61,,,2,101,,6451,61,,,2,100,,10790,61,,,2,101,,10788,61,,,2,100,,10787,61,,,2,101,,10793,61,,,2,100,,10792,61,,,2,103,,10794,61,,,2,99,,10791,61,,,2,99,,10781,61,,,2,103,,10780,61,,,2,98,,10782,61,,,2,98,,10783,61,,,2,100,,6443,61,,,2,100,,10784,61,,,2,99,,10785,61,,,2
7402,'SAM',635,,10802,61,,,2,101,,10806,61,,,2,101,,10804,61,,,2,100,,10801,61,,,2,101,,10805,61,,,2,100,,10807,61,,,2,101,,10810,61,,,2,101,,10803,61,,,2,100,,10808,61,,,2,101,,10811,61,,,2,100,,10809,61,,,2,101,,10795,61,,,2,99,,10797,61,,,2,98,,10799,61,,,2,100,,10798,61,,,2,100,,10800,61,,,2,99,,10796,61,,,2
7402,'SEM',554,,10825,61,,,2,88,,10830,61,,,2,60,,10813,61,,,2,40,,10824,61,,,2,100,,10814,61,,,2,99,,10812,61,,,2,99,,10816,61,,,2,101,,10826,61,,,2,97,,10829,61,,,2,100,,10815,61,,,2,101,,10828,61,,,2,101,,10827,61,,,2,100,,10817,61,,,2,98,,10818,61,,,2,100,,10821,61,,,2,99,,10823,61,,,2,99,,10819,61,,,2,103,,10820,61,,,2,99,,10822,61,,,2
