1704,'DIM',507,,6858,35,,,1,50,,6859,35,,,1,101,,6863,35,,,1,143,,6857,35,,,1,101,,165,35,,,1,101,,6861,35,,,1,101,,6862,35,,,1,100,,6864,35,,,1,101,,6865,35,,,1,101,,6860,35,,,1,102,,6846,35,,,1,99,,6847,35,,,1,100,,6850,35,,,1,100,,6852,35,,,1,98,,6851,35,,,1,98,,6849,35,,,1,100,,6853,35,,,1,98,,6856,35,,,1,99,,6848,35,,,1,59,,6854,35,,,1,96,,6855,35,,,1
1704,'SAM',507,,6878,35,,,1,50,,6879,35,,,1,101,,6885,35,,,1,143,,6882,35,,,1,101,,6877,35,,,1,101,,6881,35,,,1,101,,6886,35,,,1,100,,6884,35,,,1,101,,6883,35,,,1,101,,6880,35,,,1,101,,6867,35,,,1,100,,6868,35,,,1,101,,6870,35,,,1,99,,6872,35,,,1,98,,6866,35,,,1,98,,6874,35,,,1,100,,6871,35,,,1,98,,6869,35,,,1,99,,6873,35,,,1,59,,6875,35,,,1,96,,6876,35,,,1
1704,'SEM',519,,6901,35,,,1,94,,6906,35,,,1,22,,6909,35,,,1,22,,6888,35,,,1,67,,6892,35,,,1,76,,6893,35,,,1,21,,6887,35,,,1,98,,6890,35,,,1,85,,6891,35,,,1,100,,6894,35,,,1,100,,6905,35,,,1,100,,6907,35,,,1,100,,6896,35,,,1,102,,6908,35,,,1,101,,6889,35,,,1,105,,6897,35,,,1,95,,6895,35,,,1,97,,6898,35,,,1,100,,6903,35,,,1,100,,6904,35,,,1,99,,6899,35,,,1,100,,6900,35,,,1,99,,6902,35,,,1
2704,'DIM',754,,7675,40,,,2,101,,7676,40,,,2,100,,7671,40,,,2,99,,7673,40,,,2,98,,7674,40,,,2,103,,7670,40,,,2,95,,7677,40,,,2,107,,7672,40,,,2,100,,7663,40,,,2,100,,7667,40,,,2,100,,7668,40,,,2,99,,7664,40,,,2,100,,7666,40,,,2,98,,7665,40,,,2,100,,7669,40,,,2,100,,7662,40,,,2
2704,'SAM',653,,7690,40,,,2,101,,7686,40,,,2,101,,7687,40,,,2,100,,7685,40,,,2,99,,7694,40,,,2,100,,7689,40,,,2,101,,7692,40,,,2,94,,7688,40,,,2,108,,7691,40,,,2,100,,7681,40,,,2,100,,7682,40,,,2,93,,7684,40,,,2,106,,7693,40,,,2,100,,7680,40,,,2,98,,7683,40,,,2,100,,7678,40,,,2,100,,7679,40,,,2
2704,'SEM',617,,7716,40,,,2,28,,7696,40,,,2,68,,7713,40,,,2,28,,7699,40,,,2,67,,7700,40,,,2,28,,7718,40,,,2,66,,7715,40,,,2,49,,7714,40,,,2,100,,7703,40,,,2,108,,7695,40,,,2,95,,7717,40,,,2,87,,7698,40,,,2,106,,7697,40,,,2,107,,7708,40,,,2,77,,7709,40,,,2,80,,7704,40,,,2,13,,7701,40,,,2,31,,7702,40,,,2,71,,7706,40,,,2,75,,7711,40,,,2,100,,7707,40,,,2,45,,7710,40,,,2,95,,7705,40,,,2,104,,7712,40,,,2
3104,'DIM',627,,7789,45,,,1,104,,7790,45,,,1,100,,7788,45,,,1,102,,7794,45,,,1,101,,7795,45,,,1,100,,7793,45,,,1,100,,7791,45,,,1,103,,7779,45,,,1,101,,7792,45,,,1,100,,7778,45,,,1,101,,7777,45,,,1,99,,7782,45,,,1,97,,7784,45,,,1,102,,7783,45,,,1,96,,7785,45,,,1,99,,7781,45,,,1,99,,7780,45,,,1,98,,7786,45,,,1,102,,7787,45,,,1
3104,'SAM',527,,1137,45,,,1,100,,7805,45,,,1,104,,7808,45,,,1,100,,7807,45,,,1,102,,7810,45,,,1,101,,7813,45,,,1,100,,7814,45,,,1,100,,7809,45,,,1,102,,7804,45,,,1,101,,7811,45,,,1,101,,7806,45,,,1,101,,7812,45,,,1,100,,7800,45,,,1,97,,7802,45,,,1,99,,7798,45,,,1,99,,7803,45,,,1,98,,7796,45,,,1,99,,7797,45,,,1,98,,7799,45,,,1,102,,7801,45,,,1
3104,'SEM',451,,7823,45,,,1,77,,7824,45,,,1,92,,7835,45,,,1,21,,7837,45,,,1,64,,7817,45,,,1,34,,7836,45,,,1,68,,7833,45,,,1,29,,7831,45,,,1,75,,7832,45,,,1,22,,7834,45,,,1,100,,7815,45,,,1,102,,7816,45,,,1,100,,7819,45,,,1,101,,7838,45,,,1,100,,7818,45,,,1,102,,7821,45,,,1,100,,7822,45,,,1,96,,7820,45,,,1,103,,7825,45,,,1,96,,7830,45,,,1,105,,7829,45,,,1,99,,7826,45,,,1,101,,7827,45,,,1,100,,7828,45,,,1
3904,'DIM',838,,8142,45,,,1,112,,8136,45,,,1,82,,8143,45,,,1,70,,8146,45,,,1,33,,8137,45,,,1,67,,8135,45,,,1,33,,8145,45,,,1,69,,8140,45,,,1,34,,8129,45,,,1,67,,8144,45,,,1,30,,8138,45,,,1,71,,8139,45,,,1,32,,8128,45,,,1,70,,8141,45,,,1,31,,8124,45,,,1,71,,8125,45,,,1,28,,8130,45,,,1,68,,8131,45,,,1,29,,8132,45,,,1,83,,8133,45,,,1,98,,8126,45,,,1,100,,8134,45,,,1,99,,8127,45,,,1
3904,'SAM',838,,8162,45,,,1,112,,8155,45,,,1,82,,8166,45,,,1,70,,8156,45,,,1,30,,8147,45,,,1,70,,8153,45,,,1,36,,8159,45,,,1,66,,8157,45,,,1,34,,8163,45,,,1,67,,8154,45,,,1,30,,8160,45,,,1,71,,8161,45,,,1,31,,8167,45,,,1,71,,8158,45,,,1,32,,8164,45,,,1,64,,8165,45,,,1,34,,8168,45,,,1,68,,8169,45,,,1,29,,8148,45,,,1,86,,8149,45,,,1,97,,8151,45,,,1,98,,8150,45,,,1,99,,8152,45,,,1
3904,'SEM',632,,8193,45,,,1,27,,8186,45,,,1,54,,8192,45,,,1,11,,8174,45,,,1,30,,8189,45,,,1,71,,8170,45,,,1,31,,8187,45,,,1,70,,8194,45,,,1,75,,8172,45,,,1,28,,8173,45,,,1,73,,8184,45,,,1,30,,8188,45,,,1,71,,8190,45,,,1,28,,8181,45,,,1,72,,8185,45,,,1,27,,8191,45,,,1,78,,8171,45,,,1,34,,8176,45,,,1,70,,8178,45,,,1,31,,8179,45,,,1,102,,8195,45,,,1,110,,8182,45,,,1,98,,8183,45,,,1,104,,8175,45,,,1,100,,8177,45,,,1,93,,8180,45,,,1
4304,'DIM',504,,8722,20,,,1,103,,8716,20,,,1,100,,8712,20,,,1,102,,8714,20,,,1,101,,8719,20,,,1,100,,8717,20,,,1,106,,8718,20,,,1,100,,8715,20,,,1,100,,8723,20,,,1,100,,8720,20,,,1,104,,8721,20,,,1,99,,8704,20,,,1,99,,8705,20,,,1,102,,8707,20,,,1,94,,8710,20,,,1,98,,8709,20,,,1,99,,8706,20,,,1,99,,8708,20,,,1,100,,8713,20,,,1,100,,8711,20,,,1
4304,'SAM',504,,8740,20,,,1,103,,8737,20,,,1,100,,8734,20,,,1,102,,8725,20,,,1,101,,8741,20,,,1,100,,8726,20,,,1,106,,8727,20,,,1,100,,8738,20,,,1,100,,8735,20,,,1,100,,8742,20,,,1,103,,8736,20,,,1,101,,8739,20,,,1,98,,8724,20,,,1,98,,8743,20,,,1,98,,8731,20,,,1,98,,8728,20,,,1,99,,2109,20,,,1,99,,8729,20,,,1,100,,8730,20,,,1,100,,8733,20,,,1,98,,8732,20,,,1
4304,'SEM',521,,8765,20,,,1,35,,8771,20,,,1,75,,8744,20,,,1,25,,8746,20,,,1,60,,8769,20,,,1,31,,8745,20,,,1,73,,8770,20,,,1,33,,8749,20,,,1,75,,8766,20,,,1,28,,8772,20,,,1,71,,8748,20,,,1,30,,8767,20,,,1,70,,8755,20,,,1,30,,8751,20,,,1,70,,8774,20,,,1,30,,8773,20,,,1,70,,8768,20,,,1,32,,8752,20,,,1,69,,8753,20,,,1,30,,8757,20,,,1,76,,8775,20,,,1,25,,8747,20,,,1,66,,8754,20,,,1,30,,8750,20,,,1,97,,8756,20,,,1,97,,8761,20,,,1,100,,8763,20,,,1,101,,8764,20,,,1,100,,8758,20,,,1,101,,8759,20,,,1,150,,8760,20,,,1,20,,8762,20,,,1
7304,'DIM',542,,10665,63,,,1,70,,10654,63,,,1,103,,10658,63,,,1,101,,10661,63,,,1,102,,10657,63,,,1,101,,10659,63,,,1,100,,10662,63,,,1,100,,10666,63,,,1,102,,10660,63,,,1,101,,10663,63,,,1,101,,10656,63,,,1,100,,10664,63,,,1,100,,10667,63,,,1,99,,10650,63,,,1,99,,10647,63,,,1,97,,10653,63,,,1,99,,10649,63,,,1,99,,10648,63,,,1,98,,10651,63,,,1,101,,10652,63,,,1,99,,10655,63,,,1
7304,'SAM',542,,10686,63,,,1,70,,10676,63,,,1,103,,10681,63,,,1,101,,10678,63,,,1,102,,10677,63,,,1,101,,10682,63,,,1,100,,10684,63,,,1,101,,10680,63,,,1,101,,10671,63,,,1,101,,10683,63,,,1,101,,10679,63,,,1,100,,10685,63,,,1,100,,10687,63,,,1,99,,10670,63,,,1,98,,10668,63,,,1,98,,10669,63,,,1,99,,10673,63,,,1,99,,10672,63,,,1,98,,4131,63,,,1,101,,10674,63,,,1,99,,4133,63,,,1,100,,10675,63,,,1,99,,4134,63,,,1
7304,'SEM',504,,10719,63,,,1,42,,10716,63,,,1,82,,10722,63,,,1,18,,10725,63,,,1,71,,10721,63,,,1,15,,10718,63,,,1,14,,10694,63,,,1,68,,10696,63,,,1,14,,10717,63,,,1,15,,10723,63,,,1,65,,10712,63,,,1,31,,10690,63,,,1,80,,10689,63,,,1,29,,10705,63,,,1,70,,10720,63,,,1,30,,10691,63,,,1,71,,10695,63,,,1,36,,10704,63,,,1,66,,10697,63,,,1,30,,10724,63,,,1,70,,10692,63,,,1,30,,10693,63,,,1,72,,10701,63,,,1,31,,10688,63,,,1,72,,10698,63,,,1,79,,10708,63,,,1,22,,10706,63,,,1,28,,10700,63,,,1,69,,10707,63,,,1,76,,10702,63,,,1,20,,10713,63,,,1,29,,10699,63,,,1,70,,10709,63,,,1,30,,10711,63,,,1,73,,10703,63,,,1,96,,10715,63,,,1,99,,10710,63,,,1,103,,10714,63,,,1
7402,'DIM',643,,10786,76,,,2,102,,10789,76,,,2,101,,6451,76,,,2,101,,10790,76,,,2,102,,10788,76,,,2,100,,10787,76,,,2,101,,10793,76,,,2,100,,10792,76,,,2,103,,10794,76,,,2,99,,10791,76,,,2,99,,10781,76,,,2,101,,10780,76,,,2,98,,10782,76,,,2,98,,10783,76,,,2,99,,6443,76,,,2,100,,10784,76,,,2,98,,10785,76,,,2
7402,'SAM',643,,10802,76,,,2,102,,10806,76,,,2,101,,10804,76,,,2,101,,10801,76,,,2,102,,10805,76,,,2,100,,10807,76,,,2,101,,10810,76,,,2,101,,10803,76,,,2,100,,10808,76,,,2,101,,10811,76,,,2,100,,10809,76,,,2,99,,10795,76,,,2,99,,10797,76,,,2,98,,10799,76,,,2,99,,10798,76,,,2,100,,10800,76,,,2,98,,10796,76,,,2
7402,'SEM',602,,10825,76,,,2,49,,10830,76,,,2,60,,10813,76,,,2,42,,10824,76,,,2,100,,10814,76,,,2,99,,10812,76,,,2,99,,10816,76,,,2,101,,10826,76,,,2,97,,10829,76,,,2,100,,10815,76,,,2,101,,10828,76,,,2,102,,10827,76,,,2,100,,10817,76,,,2,97,,10818,76,,,2,100,,10821,76,,,2,97,,10823,76,,,2,99,,10819,76,,,2,102,,10820,76,,,2,98,,10822,76,,,2
