1703,'DIM',629,,6801,33,,,1,89,,6794,33,,,1,101,,100,33,,,1,102,,6796,33,,,1,97,,6797,33,,,1,101,,6793,33,,,1,100,,6799,33,,,1,99,,6795,33,,,1,102,,6798,33,,,1,100,,6800,33,,,1,102,,6783,33,,,1,98,,6787,33,,,1,99,,6786,33,,,1,101,,6785,33,,,1,98,,6788,33,,,1,99,,6791,33,,,1,100,,6784,33,,,1,100,,6789,33,,,1,102,,6790,33,,,1,117,,6792,33,,,1
1703,'SAM',551,,6813,33,,,1,78,,6819,33,,,1,89,,121,33,,,1,101,,6810,33,,,1,102,,6812,33,,,1,97,,6814,33,,,1,100,,6818,33,,,1,101,,6816,33,,,1,100,,6811,33,,,1,101,,6817,33,,,1,100,,6815,33,,,1,102,,6820,33,,,1,99,,6821,33,,,1,99,,6802,33,,,1,100,,6807,33,,,1,98,,6804,33,,,1,99,,6803,33,,,1,100,,6805,33,,,1,100,,6808,33,,,1,102,,6809,33,,,1,117,,6806,33,,,1
1703,'SEM',611,,6839,33,,,1,104,,6841,33,,,1,106,,6840,33,,,1,96,,6825,33,,,1,101,,6838,33,,,1,100,,6837,33,,,1,100,,6843,33,,,1,101,,6826,33,,,1,100,,6823,33,,,1,99,,6842,33,,,1,35,,6845,33,,,1,60,,6844,33,,,1,36,,6822,33,,,1,63,,6833,33,,,1,37,,6824,33,,,1,79,,6827,33,,,1,30,,6830,33,,,1,68,,6835,33,,,1,99,,6836,33,,,1,100,,6828,33,,,1,100,,6829,33,,,1,99,,6831,33,,,1,99,,6832,33,,,1,102,,6834,33,,,1
3103,'DIM',648,,7731,35,,,1,101,,7730,35,,,1,100,,1058,35,,,1,99,,7735,35,,,1,100,,7734,35,,,1,100,,7732,35,,,1,102,,7721,35,,,1,101,,7733,35,,,1,99,,7720,35,,,1,101,,7719,35,,,1,99,,7724,35,,,1,98,,7726,35,,,1,103,,7725,35,,,1,96,,7727,35,,,1,101,,7723,35,,,1,100,,7722,35,,,1,100,,7728,35,,,1,100,,7729,35,,,1
3103,'SAM',648,,7748,35,,,1,101,,7747,35,,,1,100,,1075,35,,,1,99,,7752,35,,,1,100,,7753,35,,,1,100,,7749,35,,,1,100,,7745,35,,,1,102,,7750,35,,,1,100,,7746,35,,,1,101,,7751,35,,,1,100,,7740,35,,,1,98,,7742,35,,,1,100,,7738,35,,,1,99,,7743,35,,,1,100,,7736,35,,,1,100,,7737,35,,,1,100,,7739,35,,,1,101,,7741,35,,,1,95,,7744,35,,,1
3103,'SEM',645,,7775,35,,,1,100,,7773,35,,,1,100,,7774,35,,,1,101,,7754,35,,,1,101,,7755,35,,,1,100,,7757,35,,,1,100,,7776,35,,,1,100,,7756,35,,,1,102,,7761,35,,,1,98,,7762,35,,,1,11,,7763,35,,,1,77,,7758,35,,,1,69,,7767,35,,,1,40,,7764,35,,,1,68,,7760,35,,,1,36,,7772,35,,,1,69,,7759,35,,,1,36,,7771,35,,,1,100,,7765,35,,,1,101,,7768,35,,,1,100,,7769,35,,,1,96,,7766,35,,,1,154,,7770,35,,,1
3903,'DIM',852,,1407,46,,,1,100,,8065,56,,,1,70,,8070,56,,,1,31,,8071,56,,,1,70,,8068,56,,,1,34,,8069,56,,,1,66,,8072,56,,,1,29,,8062,56,,,1,71,,8066,56,,,1,30,,8063,56,,,1,71,,8049,56,,,1,30,,8052,56,,,1,72,,8055,56,,,1,30,,8067,56,,,1,71,,8056,56,,,1,30,,8057,56,,,1,65,,8058,56,,,1,18,,8064,56,,,1,10,,8059,56,,,1,64,,8053,56,,,1,25,,8060,56,,,1,98,,8050,56,,,1,100,,8061,56,,,1,98,,8051,56,,,1,104,,8054,56,,,1
3903,'SAM',852,,8097,46,,,1,100,,8092,56,,,1,70,,8096,56,,,1,31,,8073,56,,,1,70,,8087,56,,,1,34,,8090,56,,,1,66,,8089,56,,,1,30,,8074,56,,,1,70,,8088,56,,,1,30,,8091,56,,,1,71,,8075,56,,,1,30,,8094,56,,,1,72,,8078,56,,,1,30,,8079,56,,,1,71,,8081,56,,,1,30,,8095,56,,,1,65,,8082,56,,,1,18,,8093,56,,,1,11,,8080,56,,,1,63,,8077,56,,,1,29,,8076,56,,,1,96,,8084,56,,,1,98,,8083,56,,,1,98,,8086,56,,,1,104,,8085,56,,,1
3903,'SEM',744,,8120,56,,,1,101,,8102,56,,,1,104,,8100,56,,,1,72,,8104,56,,,1,29,,8121,56,,,1,71,,8122,56,,,1,29,,8115,56,,,1,71,,8119,56,,,1,28,,8123,56,,,1,78,,8099,56,,,1,73,,8106,56,,,1,27,,8108,56,,,1,32,,8109,56,,,1,75,,8098,56,,,1,78,,8116,56,,,1,23,,8110,56,,,1,68,,8101,56,,,1,25,,8103,56,,,1,73,,8111,56,,,1,39,,8112,56,,,1,79,,8105,56,,,1,98,,8107,56,,,1,95,,8113,56,,,1,103,,8117,56,,,1,95,,8114,56,,,1,47,,8118,56,,,1
7303,'DIM',704,,10582,33,,,1,100,,10579,33,,,1,101,,10580,33,,,1,98,,10583,33,,,1,100,,10586,33,,,1,100,,10581,33,,,1,101,,10584,33,,,1,102,,10578,33,,,1,99,,10585,33,,,1,102,,10587,33,,,1,99,,10572,33,,,1,99,,10569,33,,,1,100,,10575,33,,,1,98,,10571,33,,,1,100,,10570,33,,,1,100,,10573,33,,,1,99,,10574,33,,,1,102,,10577,33,,,1,105,,10576,33,,,1
7303,'SAM',610,,10601,33,,,1,94,,10598,33,,,1,100,,10597,33,,,1,101,,10602,33,,,1,98,,10604,33,,,1,101,,10600,33,,,1,99,,10591,33,,,1,101,,10603,33,,,1,102,,10599,33,,,1,99,,10605,33,,,1,102,,10606,33,,,1,101,,10590,33,,,1,98,,10588,33,,,1,98,,10589,33,,,1,99,,10593,33,,,1,100,,10592,33,,,1,100,,4040,33,,,1,99,,10594,33,,,1,102,,4041,33,,,1,105,,10595,33,,,1,100,,4042,33,,,1,100,,10596,33,,,1
7303,'SEM',557,,10643,33,,,1,66,,10640,33,,,1,80,,10639,33,,,1,10,,10644,33,,,1,39,,10633,33,,,1,56,,10609,33,,,1,43,,10641,33,,,1,52,,10608,33,,,1,30,,10626,33,,,1,71,,10642,33,,,1,29,,10610,33,,,1,71,,10615,33,,,1,29,,10625,33,,,1,72,,10616,33,,,1,30,,10645,33,,,1,70,,10611,33,,,1,30,,10614,33,,,1,70,,10620,33,,,1,30,,10607,33,,,1,70,,10617,33,,,1,35,,10646,33,,,1,65,,10627,33,,,1,15,,10619,33,,,1,21,,10612,33,,,1,16,,10613,33,,,1,63,,10623,33,,,1,16,,10621,33,,,1,70,,10634,33,,,1,14,,10622,33,,,1,16,,10618,33,,,1,72,,10628,33,,,1,30,,10631,33,,,1,72,,10624,33,,,1,99,,10636,33,,,1,100,,10629,33,,,1,99,,10635,33,,,1,99,,10630,33,,,1,41,,10632,33,,,1,95,,10637,33,,,1,161,,10638,33,,,1
