1704,'DIM',454,,6858,4,,,1,89,,6859,4,,,1,100,,6863,4,,,1,102,,6857,4,,,1,99,,165,4,,,1,100,,6861,4,,,1,101,,6862,4,,,1,100,,6864,4,,,1,100,,6865,4,,,1,101,,6860,4,,,1,103,,6846,4,,,1,99,,6847,4,,,1,100,,6850,4,,,1,101,,6852,4,,,1,99,,6851,4,,,1,98,,6849,4,,,1,100,,6853,4,,,1,101,,6856,4,,,1,99,,6848,4,,,1,100,,6854,4,,,1,96,,6855,4,,,1
1704,'SAM',454,,6878,4,,,1,89,,6879,4,,,1,100,,6885,4,,,1,102,,6882,4,,,1,99,,6877,4,,,1,100,,6881,4,,,1,101,,6886,4,,,1,100,,6884,4,,,1,100,,6883,4,,,1,101,,6880,4,,,1,102,,6867,4,,,1,100,,6868,4,,,1,101,,6870,4,,,1,100,,6872,4,,,1,99,,6866,4,,,1,98,,6874,4,,,1,100,,6871,4,,,1,101,,6869,4,,,1,99,,6873,4,,,1,100,,6875,4,,,1,96,,6876,4,,,1
1704,'SEM',505,,6901,4,,,1,52,,6906,4,,,1,62,,6909,4,,,1,21,,6888,4,,,1,66,,6892,4,,,1,35,,6893,4,,,1,61,,6887,4,,,1,98,,6890,4,,,1,45,,6891,4,,,1,100,,6894,4,,,1,100,,6905,4,,,1,100,,6907,4,,,1,100,,6896,4,,,1,102,,6908,4,,,1,100,,6889,4,,,1,105,,6897,4,,,1,96,,6895,4,,,1,98,,6898,4,,,1,101,,6903,4,,,1,101,,6904,4,,,1,100,,6899,4,,,1,100,,6900,4,,,1,100,,6902,4,,,1
3904,'DIM',814,,8142,4,,,1,112,,8136,4,,,1,82,,8143,4,,,1,30,,8146,4,,,1,73,,8137,4,,,1,27,,8135,4,,,1,73,,8145,4,,,1,29,,8140,4,,,1,74,,8129,4,,,1,27,,8144,4,,,1,70,,8138,4,,,1,31,,8139,4,,,1,72,,8128,4,,,1,30,,8141,4,,,1,71,,8124,4,,,1,31,,8125,4,,,1,68,,8130,4,,,1,28,,8131,4,,,1,70,,8132,4,,,1,43,,8133,4,,,1,98,,8126,4,,,1,100,,8134,4,,,1,100,,8127,4,,,1
3904,'SAM',814,,8162,4,,,1,112,,8155,4,,,1,82,,8166,4,,,1,30,,8156,4,,,1,70,,8147,4,,,1,30,,8153,4,,,1,76,,8159,4,,,1,26,,8157,4,,,1,74,,8163,4,,,1,27,,8154,4,,,1,70,,8160,4,,,1,31,,8161,4,,,1,71,,8167,4,,,1,31,,8158,4,,,1,72,,8164,4,,,1,24,,8165,4,,,1,74,,8168,4,,,1,28,,8169,4,,,1,70,,8148,4,,,1,46,,8149,4,,,1,97,,8151,4,,,1,98,,8150,4,,,1,100,,8152,4,,,1
3904,'SEM',609,,8193,4,,,1,27,,8186,4,,,1,14,,8192,4,,,1,51,,8174,4,,,1,29,,8189,4,,,1,71,,8170,4,,,1,31,,8187,4,,,1,70,,8194,4,,,1,35,,8172,4,,,1,67,,8173,4,,,1,33,,8184,4,,,1,69,,8188,4,,,1,31,,8190,4,,,1,68,,8181,4,,,1,32,,8185,4,,,1,67,,8191,4,,,1,38,,8171,4,,,1,74,,8176,4,,,1,30,,8178,4,,,1,71,,8179,4,,,1,101,,8195,4,,,1,112,,8182,4,,,1,99,,8183,4,,,1,105,,8175,4,,,1,100,,8177,4,,,1,94,,8180,4,,,1
4504,'DIM',611,,8845,4,,,1,100,,8838,4,,,1,99,,8846,4,,,1,101,,8848,4,,,1,99,,8852,4,,,1,97,,8853,4,,,1,102,,8849,4,,,1,98,,8844,4,,,1,108,,8842,4,,,1,98,,8836,4,,,1,100,,8851,4,,,1,96,,8847,4,,,1,101,,8850,4,,,1,103,,8837,4,,,1,101,,8843,4,,,1,101,,8839,4,,,1,100,,8840,4,,,1,100,,8841,4,,,1
4504,'SAM',611,,2249,4,,,1,100,,8867,4,,,1,99,,8864,4,,,1,101,,8868,4,,,1,99,,8866,4,,,1,101,,8855,4,,,1,97,,8865,4,,,1,102,,8854,4,,,1,104,,8860,4,,,1,101,,8869,4,,,1,98,,8857,4,,,1,96,,8870,4,,,1,101,,8858,4,,,1,103,,8862,4,,,1,101,,8856,4,,,1,101,,8861,4,,,1,100,,8859,4,,,1,100,,8863,4,,,1
4504,'SEM',528,,8890,4,,,1,15,,8891,4,,,1,80,,8896,4,,,1,84,,8876,4,,,1,18,,8874,4,,,1,18,,8872,4,,,1,57,,8889,4,,,1,51,,8875,4,,,1,106,,8893,4,,,1,151,,8888,4,,,1,96,,8878,4,,,1,54,,8877,4,,,1,100,,8894,4,,,1,82,,8873,4,,,1,65,,8871,4,,,1,31,,8892,4,,,1,70,,8895,4,,,1,38,,8880,4,,,1,77,,8883,4,,,1,81,,8884,4,,,1,104,,8882,4,,,1,105,,8881,4,,,1,102,,8885,4,,,1,90,,8887,4,,,1,101,,8879,4,,,1,55,,8886,4,,,1
7402,'DIM',626,,10786,43,,,2,101,,10789,43,,,2,101,,6451,43,,,2,100,,10790,43,,,2,100,,10788,43,,,2,100,,10787,43,,,2,101,,10793,43,,,2,100,,10792,43,,,2,103,,10794,43,,,2,99,,10791,43,,,2,99,,10781,43,,,2,103,,10780,43,,,2,98,,10782,43,,,2,99,,10783,43,,,2,100,,6443,43,,,2,100,,10784,43,,,2,99,,10785,43,,,2
7402,'SAM',626,,10802,43,,,2,101,,10806,43,,,2,101,,10804,43,,,2,100,,10801,43,,,2,100,,10805,43,,,2,100,,10807,43,,,2,101,,10810,43,,,2,101,,10803,43,,,2,100,,10808,43,,,2,101,,10811,43,,,2,100,,10809,43,,,2,101,,10795,43,,,2,99,,10797,43,,,2,99,,10799,43,,,2,100,,10798,43,,,2,100,,10800,43,,,2,99,,10796,43,,,2
7402,'SEM',545,,10825,43,,,2,88,,10830,43,,,2,19,,10813,43,,,2,80,,10824,43,,,2,100,,10814,43,,,2,99,,10812,43,,,2,99,,10816,43,,,2,101,,10826,43,,,2,97,,10829,43,,,2,100,,10815,43,,,2,101,,10828,43,,,2,101,,10827,43,,,2,100,,10817,43,,,2,99,,10818,43,,,2,100,,10821,43,,,2,99,,10823,43,,,2,99,,10819,43,,,2,103,,10820,43,,,2,99,,10822,43,,,2
