2601,'DIM',509,,634,53,,,2,91,,7312,53,,,2,45,,7319,53,,,2,81,,622,53,,,2,25,,7328,53,,,2,65,,7322,53,,,2,31,,7324,53,,,2,70,,639,53,,,2,33,,7335,53,,,2,69,,7329,53,,,2,30,,7323,53,,,2,66,,7332,53,,,2,24,,7325,53,,,2,20,,7336,53,,,2,60,,7318,53,,,2,20,,7338,53,,,2,20,,7331,53,,,2,59,,7340,53,,,2,21,,7302,53,,,2,19,,7333,53,,,2,62,,7321,53,,,2,19,,7326,53,,,2,61,,7327,53,,,2,22,,7303,53,,,2,17,,7304,53,,,2,20,,7305,53,,,2,60,,7320,53,,,2,19,,7301,53,,,2,21,,7334,53,,,2,61,,7337,53,,,2,20,,7330,53,,,2,62,,7314,53,,,2,44,,7317,53,,,2,71,,7315,53,,,2,29,,7308,53,,,2,70,,7339,53,,,2,30,,7341,53,,,2,70,,7310,53,,,2,29,,7306,53,,,2,69,,7316,53,,,2,28,,7307,53,,,2,69,,7309,53,,,2,29,,7311,53,,,2,68,,7313,53,,,2
2601,'SAM',509,,7366,53,,,2,91,,7358,53,,,2,45,,7369,53,,,2,81,,676,53,,,2,25,,7376,53,,,2,65,,7373,53,,,2,31,,7378,53,,,2,70,,7374,53,,,2,32,,7382,53,,,2,70,,7379,53,,,2,30,,7386,53,,,2,65,,7372,53,,,2,25,,7384,53,,,2,62,,7368,53,,,2,18,,7387,53,,,2,21,,7380,53,,,2,19,,7345,53,,,2,59,,7383,53,,,2,21,,7377,53,,,2,20,,7367,53,,,2,61,,7370,53,,,2,21,,7371,53,,,2,59,,7342,53,,,2,22,,7344,53,,,2,17,,7348,53,,,2,20,,7346,53,,,2,60,,7381,53,,,2,18,,7375,53,,,2,21,,7349,53,,,2,62,,7385,53,,,2,20,,7353,53,,,2,62,,7357,53,,,2,44,,7360,53,,,2,71,,7363,53,,,2,29,,7365,53,,,2,70,,7361,53,,,2,30,,7343,53,,,2,70,,7352,53,,,2,29,,7351,53,,,2,69,,7359,53,,,2,28,,7347,53,,,2,69,,7355,53,,,2,29,,7364,53,,,2,68,,7350,53,,,2,30,,7354,53,,,2,70,,7356,53,,,2,30,,679,53,,,2,81,,7362,53,,,2
2601,'SEM',508,,7435,53,,,2,36,,7421,53,,,2,71,,7426,53,,,2,15,,7436,53,,,2,12,,7440,53,,,2,13,,7444,53,,,2,51,,7411,53,,,2,10,,7394,53,,,2,12,,7388,53,,,2,11,,7430,53,,,2,16,,7404,53,,,2,50,,7397,53,,,2,12,,7432,53,,,2,14,,7431,53,,,2,16,,7438,53,,,2,59,,7400,53,,,2,23,,7393,53,,,2,22,,7398,53,,,2,61,,7442,53,,,2,20,,7422,53,,,2,20,,7390,53,,,2,61,,7437,53,,,2,22,,7429,53,,,2,19,,7392,53,,,2,60,,7433,53,,,2,20,,7396,53,,,2,21,,7441,53,,,2,62,,7423,53,,,2,22,,7425,53,,,2,15,,7434,53,,,2,65,,7427,53,,,2,19,,7443,53,,,2,14,,7391,53,,,2,57,,7424,53,,,2,25,,7389,53,,,2,23,,7428,53,,,2,60,,7439,53,,,2,20,,7395,53,,,2,20,,7405,53,,,2,60,,7407,53,,,2,22,,7399,53,,,2,18,,7412,53,,,2,62,,7413,53,,,2,18,,7414,53,,,2,69,,7418,53,,,2,30,,7410,53,,,2,70,,7401,53,,,2,28,,7402,53,,,2,75,,7416,53,,,2,25,,7419,53,,,2,73,,7408,53,,,2,22,,7403,53,,,2,76,,7409,53,,,2,29,,7406,53,,,2,70,,7415,53,,,2,17,,7417,53,,,2,102,,7420,53,,,2
3601,'SEM',636,,7935,30,,,2,23,,7930,30,,,2,51,,7929,30,,,2,23,,7932,30,,,2,15,,7933,30,,,2,63,,7936,30,,,2,14,,7931,30,,,2,80,,7934,30,,,2
4604,'DIM',546,,8969,61,,,1,100,,8975,61,,,1,101,,8977,61,,,1,99,,8978,61,,,1,107,,8972,61,,,1,106,,8982,61,,,1,96,,8979,61,,,1,103,,8984,61,,,1,100,,8985,61,,,1,101,,8976,61,,,1,141,,8980,61,,,1,59,,8968,61,,,1,141,,8983,61,,,1,59,,8981,61,,,1,98,,8971,61,,,1,98,,8986,61,,,1,99,,8974,61,,,1,98,,8970,61,,,1,100,,8973,61,,,1
4604,'SAM',546,,8989,61,,,1,100,,8998,61,,,1,101,,8999,61,,,1,99,,9000,61,,,1,107,,9004,61,,,1,147,,9003,61,,,1,55,,9002,61,,,1,103,,8997,61,,,1,99,,9005,61,,,1,97,,8987,61,,,1,146,,8988,61,,,1,105,,9001,61,,,1,95,,9006,61,,,1,59,,8991,61,,,1,98,,8992,61,,,1,98,,8995,61,,,1,99,,8993,61,,,1,98,,8996,61,,,1,100,,8990,61,,,1,98,,8994,61,,,1
4604,'SEM',506,,2964,61,,,1,46,,9023,61,,,1,70,,9031,61,,,1,27,,9035,61,,,1,59,,9009,61,,,1,26,,9016,61,,,1,67,,9028,61,,,1,30,,9010,61,,,1,72,,9032,61,,,1,28,,9026,61,,,1,70,,9024,61,,,1,29,,9011,61,,,1,70,,9029,61,,,1,30,,9008,61,,,1,70,,9025,61,,,1,30,,9027,61,,,1,74,,9007,61,,,1,27,,9037,61,,,1,28,,9012,61,,,1,72,,9033,61,,,1,70,,9036,61,,,1,34,,9015,61,,,1,79,,9030,61,,,1,30,,9034,61,,,1,63,,9014,61,,,1,101,,9013,61,,,1,95,,9020,61,,,1,56,,9022,61,,,1,94,,9019,61,,,1,100,,9018,61,,,1,98,,9017,61,,,1,100,,9021,61,,,1
6002,'DIM',728,,9823,52,,,1,103,,9832,52,,,1,100,,9830,52,,,1,103,,9831,52,,,1,101,,9833,52,,,1,101,,9836,52,,,1,101,,9834,52,,,1,101,,9837,52,,,1,100,,9835,52,,,1,98,,9838,52,,,1,99,,9839,52,,,1,98,,9825,52,,,1,99,,9827,52,,,1,100,,9826,52,,,1,100,,9828,52,,,1,100,,9822,52,,,1,99,,9824,52,,,1,97,,9829,52,,,1
6002,'SAM',728,,9851,52,,,1,103,,9842,52,,,1,100,,9854,52,,,1,103,,9856,52,,,1,101,,9852,52,,,1,101,,9855,52,,,1,101,,9853,52,,,1,101,,9841,52,,,1,100,,9857,52,,,1,98,,9840,52,,,1,99,,9844,52,,,1,100,,9849,52,,,1,97,,9845,52,,,1,100,,9846,52,,,1,100,,9850,52,,,1,100,,9843,52,,,1,99,,9847,52,,,1,97,,9848,52,,,1
6002,'SEM',701,,9875,52,,,1,105,,9873,52,,,1,102,,9859,52,,,1,100,,9876,52,,,1,100,,9874,52,,,1,104,,9864,52,,,1,101,,9858,52,,,1,99,,9860,52,,,1,101,,9872,52,,,1,99,,9861,52,,,1,103,,9866,52,,,1,103,,9863,52,,,1,91,,9869,52,,,1,99,,9867,52,,,1,98,,9862,52,,,1,99,,9865,52,,,1,96,,9868,52,,,1,49,,9871,52,,,1,98,,9870,52,,,1
6601,'DIM',559,,10294,38,,,1,100,,10296,38,,,1,142,,10302,38,,,1,100,,10292,38,,,1,32,,10293,38,,,1,71,,10300,38,,,1,31,,10303,38,,,1,75,,10291,38,,,1,26,,10298,38,,,1,70,,10297,38,,,1,101,,10304,38,,,1,101,,10301,38,,,1,103,,10299,38,,,1,99,,10295,38,,,1,103,,10287,38,,,1,96,,10289,38,,,1,98,,10286,38,,,1,100,,10288,38,,,1,100,,10290,38,,,1,100,,10285,38,,,1
6601,'SAM',559,,10310,38,,,1,100,,10317,38,,,1,142,,10319,38,,,1,100,,10315,38,,,1,32,,10313,38,,,1,71,,10305,38,,,1,31,,10322,38,,,1,75,,10311,38,,,1,26,,10323,38,,,1,70,,10318,38,,,1,101,,10321,38,,,1,101,,10324,38,,,1,103,,10320,38,,,1,99,,10316,38,,,1,103,,10306,38,,,1,96,,10307,38,,,1,98,,10309,38,,,1,100,,10308,38,,,1,100,,10312,38,,,1,100,,10314,38,,,1
6601,'SEM',639,,10339,38,,,1,104,,10328,38,,,1,101,,10341,38,,,1,103,,10338,38,,,1,100,,10327,38,,,1,106,,10331,38,,,1,102,,10325,38,,,1,100,,10340,38,,,1,103,,10329,38,,,1,71,,10334,38,,,1,88,,10335,38,,,1,106,,10326,38,,,1,93,,10332,38,,,1,99,,10330,38,,,1,98,,10336,38,,,1,98,,10333,38,,,1,99,,10337,38,,,1
