1703,'DIM',633,,6801,42,,,1,89,,6794,42,,,1,101,,100,42,,,1,102,,6796,42,,,1,97,,6797,42,,,1,102,,6793,42,,,1,100,,6799,42,,,1,99,,6795,42,,,1,102,,6798,42,,,1,100,,6800,42,,,1,102,,6783,42,,,1,98,,6787,42,,,1,98,,6786,42,,,1,101,,6785,42,,,1,98,,6788,42,,,1,99,,6791,42,,,1,100,,6784,42,,,1,100,,6789,42,,,1,102,,6790,42,,,1,117,,6792,42,,,1
1703,'SAM',555,,6813,42,,,1,78,,6819,42,,,1,89,,121,42,,,1,101,,6810,42,,,1,102,,6812,42,,,1,97,,6814,42,,,1,101,,6818,42,,,1,101,,6816,42,,,1,100,,6811,42,,,1,101,,6817,42,,,1,100,,6815,42,,,1,102,,6820,42,,,1,99,,6821,42,,,1,98,,6802,42,,,1,100,,6807,42,,,1,98,,6804,42,,,1,99,,6803,42,,,1,100,,6805,42,,,1,100,,6808,42,,,1,102,,6809,42,,,1,117,,6806,42,,,1
1703,'SEM',615,,6839,42,,,1,104,,6841,42,,,1,106,,6840,42,,,1,96,,6825,42,,,1,101,,6838,42,,,1,101,,6837,42,,,1,100,,6843,42,,,1,101,,6826,42,,,1,100,,6823,42,,,1,99,,6842,42,,,1,35,,6845,42,,,1,60,,6844,42,,,1,36,,6822,42,,,1,63,,6833,42,,,1,37,,6824,42,,,1,79,,6827,42,,,1,70,,6830,42,,,1,27,,6835,42,,,1,99,,6836,42,,,1,100,,6828,42,,,1,100,,6829,42,,,1,99,,6831,42,,,1,99,,6832,42,,,1,102,,6834,42,,,1
3103,'DIM',652,,7731,44,,,1,101,,7730,44,,,1,100,,1058,44,,,1,100,,7735,44,,,1,100,,7734,44,,,1,100,,7732,44,,,1,102,,7721,44,,,1,101,,7733,44,,,1,99,,7720,44,,,1,101,,7719,44,,,1,99,,7724,44,,,1,98,,7726,44,,,1,103,,7725,44,,,1,96,,7727,44,,,1,101,,7723,44,,,1,100,,7722,44,,,1,99,,7728,44,,,1,100,,7729,44,,,1
3103,'SAM',652,,7748,44,,,1,101,,7747,44,,,1,100,,1075,44,,,1,100,,7752,44,,,1,100,,7753,44,,,1,100,,7749,44,,,1,100,,7745,44,,,1,102,,7750,44,,,1,100,,7746,44,,,1,101,,7751,44,,,1,100,,7740,44,,,1,98,,7742,44,,,1,100,,7738,44,,,1,99,,7743,44,,,1,100,,7736,44,,,1,100,,7737,44,,,1,99,,7739,44,,,1,101,,7741,44,,,1,95,,7744,44,,,1
3103,'SEM',649,,7775,44,,,1,100,,7773,44,,,1,101,,7774,44,,,1,101,,7754,44,,,1,101,,7755,44,,,1,100,,7757,44,,,1,100,,7776,44,,,1,100,,7756,44,,,1,102,,7761,44,,,1,98,,7762,44,,,1,51,,7763,44,,,1,37,,7758,44,,,1,69,,7767,44,,,1,40,,7764,44,,,1,68,,7760,44,,,1,36,,7772,44,,,1,69,,7759,44,,,1,36,,7771,44,,,1,100,,7765,44,,,1,101,,7768,44,,,1,99,,7769,44,,,1,96,,7766,44,,,1,154,,7770,44,,,1
3903,'DIM',856,,1407,55,,,1,100,,8065,65,,,1,70,,8070,65,,,1,31,,8071,65,,,1,70,,8068,65,,,1,74,,8069,65,,,1,26,,8072,65,,,1,29,,8062,65,,,1,71,,8066,65,,,1,30,,8063,65,,,1,71,,8049,65,,,1,30,,8052,65,,,1,72,,8055,65,,,1,70,,8067,65,,,1,31,,8056,65,,,1,70,,8057,65,,,1,25,,8058,65,,,1,18,,8064,65,,,1,10,,8059,65,,,1,64,,8053,65,,,1,25,,8060,65,,,1,98,,8050,65,,,1,100,,8061,65,,,1,98,,8051,65,,,1,104,,8054,65,,,1
3903,'SAM',856,,8097,55,,,1,100,,8092,65,,,1,70,,8096,65,,,1,31,,8073,65,,,1,70,,8087,65,,,1,74,,8090,65,,,1,26,,8089,65,,,1,30,,8074,65,,,1,70,,8088,65,,,1,30,,8091,65,,,1,71,,8075,65,,,1,30,,8094,65,,,1,72,,8078,65,,,1,70,,8079,65,,,1,31,,8081,65,,,1,70,,8095,65,,,1,25,,8082,65,,,1,18,,8093,65,,,1,11,,8080,65,,,1,63,,8077,65,,,1,29,,8076,65,,,1,96,,8084,65,,,1,98,,8083,65,,,1,98,,8086,65,,,1,104,,8085,65,,,1
3903,'SEM',748,,8120,65,,,1,101,,8102,65,,,1,104,,8100,65,,,1,72,,8104,65,,,1,29,,8121,65,,,1,71,,8122,65,,,1,29,,8115,65,,,1,71,,8119,65,,,1,28,,8123,65,,,1,78,,8099,65,,,1,73,,8106,65,,,1,27,,8108,65,,,1,72,,8109,65,,,1,35,,8098,65,,,1,78,,8116,65,,,1,23,,8110,65,,,1,68,,8101,65,,,1,25,,8103,65,,,1,73,,8111,65,,,1,39,,8112,65,,,1,79,,8105,65,,,1,98,,8107,65,,,1,95,,8113,65,,,1,103,,8117,65,,,1,95,,8114,65,,,1,87,,8118,65,,,1
4503,'DIM',700,,8779,43,,,1,100,,8789,43,,,1,101,,8787,43,,,1,99,,8793,43,,,1,101,,8788,43,,,1,58,,8791,43,,,1,145,,8781,43,,,1,101,,8785,43,,,1,98,,8778,43,,,1,102,,8776,43,,,1,52,,8790,43,,,1,102,,8792,43,,,1,143,,8777,43,,,1,102,,8786,43,,,1,101,,8780,43,,,1,99,,8783,43,,,1,99,,8784,43,,,1,101,,8782,43,,,1
4503,'SAM',700,,8807,43,,,1,100,,8803,43,,,1,101,,8806,43,,,1,99,,8805,43,,,1,101,,8795,43,,,1,57,,8804,43,,,1,146,,8808,43,,,1,100,,8799,43,,,1,101,,8810,43,,,1,101,,8809,43,,,1,51,,8811,43,,,1,145,,8794,43,,,1,100,,8801,43,,,1,102,,8796,43,,,1,101,,8800,43,,,1,99,,8798,43,,,1,99,,8802,43,,,1,101,,8797,43,,,1
4503,'SEM',651,,8817,43,,,1,58,,8815,43,,,1,34,,8812,43,,,1,68,,8832,43,,,1,25,,8816,43,,,1,79,,8814,43,,,1,25,,8833,43,,,1,110,,8831,43,,,1,100,,8820,43,,,1,95,,8818,43,,,1,100,,8834,43,,,1,103,,8813,43,,,1,106,,8835,43,,,1,68,,8822,43,,,1,87,,8825,43,,,1,18,,8819,43,,,1,17,,8826,43,,,1,71,,8828,43,,,1,39,,8824,43,,,1,98,,8823,43,,,1,100,,8827,43,,,1,100,,8830,43,,,1,99,,8821,43,,,1,95,,8829,43,,,1
