5001,'DIM',550,,9169,58,4,,1,100,,9177,58,4,,1,101,,9165,58,4,,1,98,,9182,58,4,,1,101,,9174,58,4,,1,73,,9184,58,4,,1,77,,9176,58,4,,1,24,,9189,58,4,,1,79,,9187,58,4,,1,22,,9188,58,4,,1,75,,9190,58,4,,1,29,,9175,58,4,,1,72,,9178,58,4,,1,36,,9191,58,4,,1,69,,9180,58,4,,1,34,,9179,58,4,,1,70,,9185,58,4,,1,23,,9183,58,4,,1,74,,9181,58,4,,1,41,,9186,58,4,,1,58,,9167,58,4,,1,99,,9170,58,4,,1,98,,9173,58,4,,1,100,,9166,58,4,,1,99,,9171,58,4,,1,98,,9168,58,4,,1,59,,9172,58,4,,1
5001,'SAM',550,,9199,58,4,,1,100,,9202,58,4,,1,101,,9193,58,4,,1,98,,9214,58,4,,1,101,,9212,58,4,,1,79,,9217,58,4,,1,30,,9210,58,4,,1,65,,9194,58,4,,1,79,,9218,58,4,,1,22,,9216,58,4,,1,75,,9195,58,4,,1,29,,9206,58,4,,1,72,,9208,58,4,,1,36,,9211,58,4,,1,69,,9207,58,4,,1,34,,9209,58,4,,1,70,,9197,58,4,,1,23,,9198,58,4,,1,74,,9192,58,4,,1,39,,9213,58,4,,1,61,,9215,58,4,,1,98,,9203,58,4,,1,98,,9205,58,4,,1,100,,9204,58,4,,1,99,,9200,58,4,,1,98,,9196,58,4,,1,59,,9201,58,4,,1
5001,'SEM',542,,9241,58,4,,1,107,,9246,58,4,,1,76,,9242,58,4,,1,24,,9220,58,4,,1,77,,9219,58,4,,1,24,,9222,58,4,,1,71,,9249,58,4,,1,26,,9250,58,4,,1,73,,9245,58,4,,1,27,,9221,58,4,,1,73,,9225,58,4,,1,28,,9244,58,4,,1,72,,9231,58,4,,1,32,,9247,58,4,,1,70,,9226,58,4,,1,32,,9243,58,4,,1,68,,9248,58,4,,1,30,,9224,58,4,,1,84,,9223,58,4,,1,67,,9235,58,4,,1,36,,9227,58,4,,1,70,,9228,58,4,,1,29,,9234,58,4,,1,66,,9229,58,4,,1,35,,9233,58,4,,1,69,,9236,58,4,,1,35,,9237,58,4,,1,104,,9232,58,4,,1,103,,9230,58,4,,1,103,,9239,58,4,,1,104,,9238,58,4,,1,146,,9240,58,4,,1,49,,9251,48,4,,1
5002,'DIM',601,,9269,1,,,1,100,,2653,1,,,1,100,,9252,1,,,1,56,,9267,1,,,1,146,,9260,1,,,1,25,,9270,1,,,1,77,,9262,1,,,1,24,,9274,1,,,1,79,,9272,1,,,1,22,,9273,1,,,1,75,,9275,1,,,1,29,,9261,1,,,1,72,,9263,1,,,1,36,,9276,1,,,1,69,,9265,1,,,1,34,,9264,1,,,1,70,,9271,1,,,1,26,,9268,1,,,1,71,,9266,1,,,1,100,,9254,1,,,1,99,,9256,1,,,1,99,,9259,1,,,1,99,,9253,1,,,1,98,,9257,1,,,1,98,,9255,1,,,1,100,,9258,1,,,1
5002,'SAM',601,,9284,1,,,1,100,,9287,1,,,1,100,,9278,1,,,1,99,,9299,1,,,1,103,,9298,1,,,1,25,,9297,1,,,1,76,,9295,1,,,1,25,,9279,1,,,1,79,,9302,1,,,1,22,,9301,1,,,1,75,,9280,1,,,1,29,,9291,1,,,1,72,,9293,1,,,1,36,,9296,1,,,1,69,,9292,1,,,1,34,,9294,1,,,1,70,,9282,1,,,1,26,,9283,1,,,1,71,,9277,1,,,1,100,,9300,1,,,1,99,,9288,1,,,1,99,,9290,1,,,1,99,,9289,1,,,1,98,,9285,1,,,1,98,,9281,1,,,1,100,,9286,1,,,1
5002,'SEM',449,,9309,1,,,1,75,,9332,1,,,1,30,,9328,1,,,1,70,,9303,1,,,1,35,,9336,1,,,1,71,,9329,1,,,1,24,,9304,1,,,1,75,,9322,1,,,1,26,,9307,1,,,1,71,,9334,1,,,1,26,,9335,1,,,1,73,,9331,1,,,1,27,,9306,1,,,1,73,,9310,1,,,1,28,,9330,1,,,1,72,,9318,1,,,1,32,,9333,1,,,1,70,,9311,1,,,1,30,,9314,1,,,1,80,,9305,1,,,1,67,,9315,1,,,1,37,,9308,1,,,1,72,,9323,1,,,1,31,,9312,1,,,1,70,,9313,1,,,1,30,,9321,1,,,1,70,,9316,1,,,1,30,,9320,1,,,1,105,,9324,1,,,1,105,,9319,1,,,1,101,,9317,1,,,1,150,,9326,1,,,1,105,,9325,1,,,1,98,,9327,1,,,1
5801,'DIM',550,,9661,66,4,,2,101,,9643,66,4,,2,91,,9652,66,4,,2,101,,9655,66,4,,2,99,,9658,66,4,,2,100,,9651,66,4,,2,102,,9660,66,4,,2,98,,9657,66,4,,2,103,,9654,66,4,,2,99,,9656,66,4,,2,102,,9653,66,4,,2,99,,9646,66,4,,2,101,,9659,66,4,,2,99,,9642,66,4,,2,99,,9650,66,4,,2,99,,9645,66,4,,2,100,,9644,66,4,,2,100,,9648,66,4,,2,98,,9647,66,4,,2,110,,9649,66,4,,2
5801,'SAM',550,,9681,66,4,,2,101,,9673,66,4,,2,91,,9672,66,4,,2,101,,9677,66,4,,2,100,,9675,66,4,,2,99,,9678,66,4,,2,102,,9680,66,4,,2,98,,9662,66,4,,2,101,,9671,66,4,,2,101,,9676,66,4,,2,101,,9674,66,4,,2,101,,9679,66,4,,2,100,,9665,66,4,,2,100,,9669,66,4,,2,98,,9663,66,4,,2,99,,9670,66,4,,2,100,,9666,66,4,,2,100,,9668,66,4,,2,98,,9664,66,4,,2,110,,9667,66,4,,2
5801,'SEM',542,,9695,66,4,,2,68,,9692,66,4,,2,42,,9705,66,4,,2,86,,9693,66,4,,2,86,,9699,66,4,,2,85,,9686,66,4,,2,99,,9706,66,4,,2,100,,9682,66,4,,2,100,,9687,66,4,,2,100,,9704,66,4,,2,100,,9683,66,4,,2,47,,9694,66,4,,2,71,,9684,66,4,,2,32,,9707,66,4,,2,69,,9689,66,4,,2,75,,9691,66,4,,2,29,,9690,66,4,,2,27,,9685,66,4,,2,69,,9703,66,4,,2,29,,9688,66,4,,2,70,,9701,66,4,,2,100,,9702,66,4,,2,99,,9697,66,4,,2,99,,9696,66,4,,2,98,,9698,66,4,,2,98,,9700,66,4,,2
5802,'DIM',600,,9712,1,,,2,100,,9719,1,,,2,50,,9716,1,,,2,100,,9720,1,,,2,100,,9723,1,,,2,99,,9715,1,,,2,101,,9725,1,,,2,100,,9722,1,,,2,101,,9718,1,,,2,99,,9721,1,,,2,101,,9717,1,,,2,99,,9711,1,,,2,101,,9724,1,,,2,101,,9708,1,,,2,100,,9714,1,,,2,99,,9710,1,,,2,99,,9709,1,,,2,99,,9713,1,,,2
5802,'SAM',600,,9743,1,,,2,100,,9735,1,,,2,50,,9734,1,,,2,100,,9739,1,,,2,100,,9737,1,,,2,99,,9740,1,,,2,101,,9742,1,,,2,100,,9726,1,,,2,98,,9733,1,,,2,101,,9738,1,,,2,101,,9736,1,,,2,101,,9741,1,,,2,100,,9728,1,,,2,101,,9731,1,,,2,100,,9727,1,,,2,99,,9732,1,,,2,99,,9729,1,,,2,99,,9730,1,,,2
5802,'SEM',519,,9762,1,,,2,34,,9755,1,,,2,62,,9754,1,,,2,39,,9763,1,,,2,74,,9765,1,,,2,30,,9747,1,,,2,73,,9746,1,,,2,83,,9750,1,,,2,99,,9766,1,,,2,100,,9744,1,,,2,100,,9751,1,,,2,100,,9764,1,,,2,100,,9745,1,,,2,25,,9748,1,,,2,69,,9752,1,,,2,101,,9758,1,,,2,33,,9749,1,,,2,95,,9753,1,,,2,96,,9760,1,,,2,100,,9759,1,,,2,100,,9761,1,,,2,98,,9757,1,,,2,100,,9756,1,,,2
22201,'DIM',1425,,11475,64,4,,2,815,,11473,64,4,,2,83,,11474,64,4,,2
22201,'SAM',1425,,11480,64,4,,2,815,,11476,64,4,,2,83,,11477,64,4,,2,100,,11479,64,4,,2,112,,11478,64,4,,2
22201,'SEM',730,,11481,64,4,,2,10,,11482,64,4,,2,683,,11483,64,4,,2,100,,11484,64,4,,2,105,,11488,64,4,,2,100,,11486,64,4,,2,90,,11485,64,4,,2,625,,11487,64,4,,2
