3904,'DIM',855,,8142,67,,,1,153,,8136,67,,,1,42,,8143,67,,,1,70,,8146,67,,,1,34,,8137,67,,,1,67,,8135,67,,,1,33,,8145,67,,,1,69,,8140,67,,,1,35,,8129,67,,,1,67,,8144,67,,,1,30,,8138,67,,,1,71,,8139,67,,,1,32,,8128,67,,,1,69,,8141,67,,,1,31,,8124,67,,,1,71,,8125,67,,,1,27,,8130,67,,,1,68,,8131,67,,,1,29,,8132,67,,,1,83,,8133,67,,,1,97,,8126,67,,,1,100,,8134,67,,,1,99,,8127,67,,,1
3904,'SAM',855,,8162,67,,,1,153,,8155,67,,,1,42,,8166,67,,,1,70,,8156,67,,,1,31,,8147,67,,,1,70,,8153,67,,,1,36,,8159,67,,,1,66,,8157,67,,,1,35,,8163,67,,,1,67,,8154,67,,,1,30,,8160,67,,,1,71,,8161,67,,,1,31,,8167,67,,,1,70,,8158,67,,,1,32,,8164,67,,,1,64,,8165,67,,,1,33,,8168,67,,,1,68,,8169,67,,,1,29,,8148,67,,,1,86,,8149,67,,,1,96,,8151,67,,,1,98,,8150,67,,,1,99,,8152,67,,,1
3904,'SEM',649,,8193,67,,,1,67,,8186,67,,,1,15,,8192,67,,,1,11,,8174,67,,,1,72,,8189,67,,,1,31,,8170,67,,,1,71,,8187,67,,,1,30,,8194,67,,,1,75,,8172,67,,,1,28,,8173,67,,,1,73,,8184,67,,,1,30,,8188,67,,,1,71,,8190,67,,,1,28,,8181,67,,,1,72,,8185,67,,,1,27,,8191,67,,,1,78,,8171,67,,,1,74,,8176,67,,,1,30,,8178,67,,,1,73,,8179,67,,,1,101,,8195,67,,,1,108,,8182,67,,,1,97,,8183,67,,,1,103,,8175,67,,,1,100,,8177,67,,,1,93,,8180,67,,,1
5002,'DIM',630,,9269,50,,,1,101,,2653,50,,,1,103,,9252,50,,,1,97,,9267,50,,,1,108,,9260,50,,,1,65,,9270,50,,,1,37,,9262,50,,,1,64,,9274,50,,,1,39,,9272,50,,,1,62,,9273,50,,,1,36,,9275,50,,,1,69,,9261,50,,,1,33,,9263,50,,,1,76,,9276,50,,,1,29,,9265,50,,,1,74,,9264,50,,,1,30,,9271,50,,,1,66,,9268,50,,,1,30,,9266,50,,,1,99,,9254,50,,,1,98,,9256,50,,,1,99,,9259,50,,,1,99,,9253,50,,,1,97,,9257,50,,,1,97,,9255,50,,,1,98,,9258,50,,,1
5002,'SAM',630,,9284,50,,,1,101,,9287,50,,,1,103,,9278,50,,,1,100,,9299,50,,,1,105,,9298,50,,,1,65,,9297,50,,,1,36,,9295,50,,,1,65,,9279,50,,,1,39,,9302,50,,,1,62,,9301,50,,,1,36,,9280,50,,,1,69,,9291,50,,,1,33,,9293,50,,,1,76,,9296,50,,,1,29,,9292,50,,,1,74,,9294,50,,,1,30,,9282,50,,,1,66,,9283,50,,,1,30,,9277,50,,,1,99,,9300,50,,,1,98,,9288,50,,,1,99,,9290,50,,,1,99,,9289,50,,,1,97,,9285,50,,,1,97,,9281,50,,,1,98,,9286,50,,,1
5002,'SEM',519,,9309,50,,,1,37,,9332,50,,,1,72,,9328,50,,,1,30,,9303,50,,,1,78,,9336,50,,,1,72,,9329,50,,,1,24,,9304,50,,,1,75,,9322,50,,,1,26,,9307,50,,,1,71,,9334,50,,,1,26,,9335,50,,,1,73,,9331,50,,,1,28,,9306,50,,,1,73,,9310,50,,,1,28,,9330,50,,,1,72,,9318,50,,,1,32,,9333,50,,,1,70,,9311,50,,,1,30,,9314,50,,,1,82,,9305,50,,,1,27,,9315,50,,,1,78,,9308,50,,,1,33,,9323,50,,,1,70,,9312,50,,,1,27,,9313,50,,,1,69,,9321,50,,,1,29,,9316,50,,,1,69,,9320,50,,,1,103,,9324,50,,,1,104,,9319,50,,,1,100,,9317,50,,,1,110,,9326,50,,,1,103,,9325,50,,,1,97,,9327,50,,,1
6002,'DIM',709,,9823,29,,,1,101,,9832,29,,,1,100,,9830,29,,,1,100,,9831,29,,,1,100,,9833,29,,,1,100,,9836,29,,,1,101,,9834,29,,,1,100,,9837,29,,,1,100,,9835,29,,,1,99,,9838,29,,,1,99,,9839,29,,,1,100,,9825,29,,,1,100,,9827,29,,,1,101,,9826,29,,,1,101,,9828,29,,,1,100,,9822,29,,,1,100,,9824,29,,,1,98,,9829,29,,,1
6002,'SAM',709,,9851,29,,,1,101,,9842,29,,,1,100,,9854,29,,,1,100,,9856,29,,,1,100,,9852,29,,,1,100,,9855,29,,,1,101,,9853,29,,,1,100,,9841,29,,,1,100,,9857,29,,,1,99,,9840,29,,,1,99,,9844,29,,,1,102,,9849,29,,,1,98,,9845,29,,,1,101,,9846,29,,,1,101,,9850,29,,,1,100,,9843,29,,,1,100,,9847,29,,,1,98,,9848,29,,,1
6002,'SEM',641,,9875,29,,,1,101,,9873,29,,,1,101,,9859,29,,,1,100,,9876,29,,,1,100,,9874,29,,,1,102,,9864,29,,,1,100,,9858,29,,,1,99,,9860,29,,,1,101,,9872,29,,,1,99,,9861,29,,,1,102,,9866,29,,,1,105,,9863,29,,,1,92,,9869,29,,,1,99,,9867,29,,,1,99,,9862,29,,,1,100,,9865,29,,,1,99,,9868,29,,,1,89,,9871,29,,,1,100,,9870,29,,,1
6303,'DIM',750,,10005,29,,,1,100,,10007,29,,,1,102,,9998,29,,,1,97,,10006,29,,,1,103,,10010,29,,,1,96,,10008,29,,,1,103,,10011,29,,,1,103,,10009,29,,,1,100,,10012,29,,,1,100,,10013,29,,,1,100,,9999,29,,,1,98,,9995,29,,,1,99,,9996,29,,,1,99,,10001,29,,,1,100,,9997,29,,,1,100,,10002,29,,,1,99,,10000,29,,,1,100,,10003,29,,,1,98,,10004,29,,,1
6303,'SAM',649,,10027,29,,,1,101,,10031,29,,,1,100,,10028,29,,,1,102,,10026,29,,,1,97,,10030,29,,,1,103,,10029,29,,,1,96,,10033,29,,,1,103,,10032,29,,,1,103,,10014,29,,,1,102,,10015,29,,,1,98,,10016,29,,,1,100,,10018,29,,,1,98,,10017,29,,,1,99,,10022,29,,,1,99,,10019,29,,,1,100,,10020,29,,,1,100,,10023,29,,,1,99,,10021,29,,,1,100,,10024,29,,,1,98,,10025,29,,,1
6303,'SEM',609,,10049,29,,,1,20,,10059,29,,,1,16,,10060,29,,,1,76,,10066,29,,,1,14,,10064,29,,,1,74,,10038,29,,,1,23,,10040,29,,,1,74,,10041,29,,,1,33,,10034,29,,,1,65,,10037,29,,,1,33,,10063,29,,,1,67,,10051,29,,,1,31,,10067,29,,,1,66,,10061,29,,,1,38,,10035,29,,,1,67,,10036,29,,,1,30,,10065,29,,,1,70,,10062,29,,,1,33,,10068,29,,,1,72,,10043,29,,,1,26,,10042,29,,,1,74,,10047,29,,,1,19,,10045,29,,,1,25,,10039,29,,,1,73,,10048,29,,,1,80,,10046,29,,,1,97,,10044,29,,,1,41,,10052,29,,,1,93,,10055,29,,,1,95,,10050,29,,,1,88,,10053,29,,,1,105,,10054,29,,,1,99,,10058,29,,,1,104,,10056,29,,,1,94,,10057,29,,,1
6503,'DIM',714,,10150,6,,,2,101,,10152,6,,,2,100,,10154,6,,,2,100,,10156,6,,,2,103,,10153,6,,,2,97,,10151,6,,,2,107,,10139,6,,,2,100,,10155,6,,,2,96,,10157,6,,,2,98,,10142,6,,,2,102,,10144,6,,,2,98,,10143,6,,,2,99,,10146,6,,,2,100,,10148,6,,,2,100,,10140,6,,,2,100,,10141,6,,,2,100,,10147,6,,,2,99,,10149,6,,,2,100,,10145,6,,,2
6503,'SAM',714,,10170,6,,,2,101,,10173,6,,,2,100,,10172,6,,,2,100,,10174,6,,,2,102,,10175,6,,,2,97,,10177,6,,,2,108,,10176,6,,,2,99,,10171,6,,,2,97,,10158,6,,,2,98,,10160,6,,,2,102,,10163,6,,,2,100,,10166,6,,,2,97,,3589,6,,,2,100,,10168,6,,,2,100,,10162,6,,,2,100,,10159,6,,,2,100,,10161,6,,,2,99,,10164,6,,,2,100,,10165,6,,,2,45,,10167,6,,,2,75,,10169,6,,,2
6503,'SEM',600,,10187,6,,,2,27,,10179,6,,,2,27,,10206,6,,,2,64,,10180,6,,,2,24,,10182,6,,,2,78,,10195,6,,,2,26,,10212,6,,,2,78,,10183,6,,,2,25,,10184,6,,,2,70,,10203,6,,,2,30,,10185,6,,,2,70,,10210,6,,,2,30,,10207,6,,,2,70,,10208,6,,,2,30,,10209,6,,,2,70,,10186,6,,,2,30,,10189,6,,,2,70,,10181,6,,,2,30,,10193,6,,,2,74,,10194,6,,,2,30,,10178,6,,,2,65,,10188,6,,,2,25,,10200,6,,,2,15,,10211,6,,,2,55,,10201,6,,,2,15,,10202,6,,,2,15,,10196,6,,,2,13,,10204,6,,,2,57,,10199,6,,,2,33,,10191,6,,,2,103,,10190,6,,,2,99,,10192,6,,,2,100,,10197,6,,,2,100,,10198,6,,,2,99,,10205,6,,,2
7602,'DIM',608,,5136,6,,,2,96,,10940,6,,,2,100,,10950,6,,,2,100,,10952,6,,,2,30,,10948,6,,,2,70,,10949,6,,,2,30,,10930,6,,,2,70,,10953,6,,,2,30,,10951,6,,,2,70,,10939,6,,,2,32,,10954,6,,,2,72,,10955,6,,,2,27,,10931,6,,,2,74,,10941,6,,,2,33,,10933,6,,,2,64,,10934,6,,,2,30,,10936,6,,,2,70,,10932,6,,,2,30,,4405,6,,,2,70,,4422,6,,,2,30,,10937,6,,,2,74,,10945,6,,,2,94,,10946,6,,,2,100,,10938,6,,,2,101,,10947,6,,,2,101,,10935,6,,,2,99,,10942,6,,,2,100,,10944,6,,,2,100,,10943,6,,,2
7602,'SAM',608,,10973,6,,,2,96,,10972,6,,,2,100,,10976,6,,,2,100,,10978,6,,,2,30,,10983,6,,,2,70,,10971,6,,,2,30,,10980,6,,,2,70,,10979,6,,,2,30,,10984,6,,,2,70,,10957,6,,,2,30,,10974,6,,,2,74,,10956,6,,,2,27,,10975,6,,,2,74,,10982,6,,,2,33,,10958,6,,,2,64,,10959,6,,,2,30,,10981,6,,,2,70,,10962,6,,,2,30,,4456,6,,,2,70,,10960,6,,,2,30,,10977,6,,,2,75,,10965,6,,,2,93,,10967,6,,,2,100,,10963,6,,,2,101,,10961,6,,,2,101,,10966,6,,,2,99,,10964,6,,,2,100,,10969,6,,,2,100,,10968,6,,,2,101,,10970,6,,,2
7602,'SEM',551,,10985,6,,,2,62,,11014,6,,,2,16,,4470,6,,,2,11,,11012,6,,,2,64,,11016,6,,,2,18,,11018,6,,,2,22,,10992,6,,,2,61,,10986,6,,,2,35,,11013,6,,,2,68,,11017,6,,,2,31,,11010,6,,,2,72,,10987,6,,,2,30,,11015,6,,,2,70,,10991,6,,,2,29,,11011,6,,,2,71,,10990,6,,,2,30,,10995,6,,,2,71,,11020,6,,,2,28,,10996,6,,,2,70,,10988,6,,,2,35,,11019,6,,,2,65,,10989,6,,,2,24,,10993,6,,,2,66,,11000,6,,,2,25,,11001,6,,,2,25,,11004,6,,,2,65,,11006,6,,,2,25,,11002,6,,,2,60,,10998,6,,,2,34,,10994,6,,,2,70,,11005,6,,,2,31,,11008,6,,,2,100,,10997,6,,,2,100,,10999,6,,,2,99,,11007,6,,,2,103,,11003,6,,,2,109,,11009,6,,,2
90302,'DIM',831,,11706,4,,,2,99,,11708,4,,,2,96,,11707,4,,,2,97,,11713,4,,,2,102,,11712,4,,,2,99,,11714,4,,,2,104,,11709,4,,,2,97,,11710,4,,,2,103,,11704,4,,,2,99,,11711,4,,,2,102,,11705,4,,,2
90302,'SAM',831,,11721,4,,,2,98,,11724,4,,,2,95,,11723,4,,,2,100,,11722,4,,,2,101,,11720,4,,,2,98,,11725,4,,,2,105,,11715,4,,,2,97,,11717,4,,,2,99,,11716,4,,,2,103,,11718,4,,,2,102,,11719,4,,,2
90302,'SEM',726,,11730,4,,,2,102,,11727,4,,,2,101,,11736,4,,,2,99,,11726,4,,,2,100,,11744,4,,,2,97,,11743,4,,,2,100,,11733,4,,,2,80,,11745,4,,,2,105,,11734,4,,,2,16,,11732,4,,,2,21,,11731,4,,,2,68,,11728,4,,,2,30,,11729,4,,,2,69,,11735,4,,,2,35,,11739,4,,,2,69,,11738,4,,,2,40,,11740,4,,,2,148,,11742,4,,,2,100,,11737,4,,,2,99,,11741,4,,,2
