2601,'DIM',508,,634,51,,,2,51,,7312,51,,,2,85,,7319,51,,,2,81,,622,51,,,2,25,,7328,51,,,2,65,,7322,51,,,2,31,,7324,51,,,2,70,,639,51,,,2,33,,7335,51,,,2,69,,7329,51,,,2,30,,7323,51,,,2,66,,7332,51,,,2,24,,7325,51,,,2,20,,7336,51,,,2,60,,7318,51,,,2,20,,7338,51,,,2,20,,7331,51,,,2,59,,7340,51,,,2,21,,7302,51,,,2,19,,7333,51,,,2,62,,7321,51,,,2,19,,7326,51,,,2,21,,7327,51,,,2,62,,7303,51,,,2,17,,7304,51,,,2,20,,7305,51,,,2,60,,7320,51,,,2,19,,7301,51,,,2,21,,7334,51,,,2,61,,7337,51,,,2,20,,7330,51,,,2,62,,7314,51,,,2,44,,7317,51,,,2,71,,7315,51,,,2,29,,7308,51,,,2,70,,7339,51,,,2,30,,7341,51,,,2,70,,7310,51,,,2,29,,7306,51,,,2,69,,7316,51,,,2,28,,7307,51,,,2,69,,7309,51,,,2,29,,7311,51,,,2,68,,7313,51,,,2
2601,'SAM',508,,7366,51,,,2,51,,7358,51,,,2,85,,7369,51,,,2,81,,676,51,,,2,25,,7376,51,,,2,65,,7373,51,,,2,31,,7378,51,,,2,70,,7374,51,,,2,32,,7382,51,,,2,70,,7379,51,,,2,30,,7386,51,,,2,65,,7372,51,,,2,25,,7384,51,,,2,62,,7368,51,,,2,18,,7387,51,,,2,21,,7380,51,,,2,19,,7345,51,,,2,59,,7383,51,,,2,21,,7377,51,,,2,20,,7367,51,,,2,61,,7370,51,,,2,21,,7371,51,,,2,19,,7342,51,,,2,62,,7344,51,,,2,17,,7348,51,,,2,20,,7346,51,,,2,60,,7381,51,,,2,18,,7375,51,,,2,21,,7349,51,,,2,62,,7385,51,,,2,20,,7353,51,,,2,62,,7357,51,,,2,44,,7360,51,,,2,71,,7363,51,,,2,29,,7365,51,,,2,70,,7361,51,,,2,30,,7343,51,,,2,70,,7352,51,,,2,29,,7351,51,,,2,69,,7359,51,,,2,28,,7347,51,,,2,69,,7355,51,,,2,29,,7364,51,,,2,68,,7350,51,,,2,30,,7354,51,,,2,70,,7356,51,,,2,30,,679,51,,,2,81,,7362,51,,,2
2601,'SEM',507,,7435,51,,,2,36,,7421,51,,,2,71,,7426,51,,,2,15,,7436,51,,,2,12,,7440,51,,,2,13,,7444,51,,,2,51,,7411,51,,,2,10,,7394,51,,,2,12,,7388,51,,,2,11,,7430,51,,,2,16,,7404,51,,,2,50,,7397,51,,,2,12,,7432,51,,,2,14,,7431,51,,,2,16,,7438,51,,,2,59,,7400,51,,,2,23,,7393,51,,,2,22,,7398,51,,,2,61,,7442,51,,,2,20,,7422,51,,,2,20,,7390,51,,,2,61,,7437,51,,,2,22,,7429,51,,,2,19,,7392,51,,,2,60,,7433,51,,,2,20,,7396,51,,,2,21,,7441,51,,,2,62,,7423,51,,,2,22,,7425,51,,,2,15,,7434,51,,,2,65,,7427,51,,,2,19,,7443,51,,,2,14,,7391,51,,,2,57,,7424,51,,,2,25,,7389,51,,,2,23,,7428,51,,,2,60,,7439,51,,,2,20,,7395,51,,,2,20,,7405,51,,,2,60,,7407,51,,,2,22,,7399,51,,,2,18,,7412,51,,,2,62,,7413,51,,,2,18,,7414,51,,,2,69,,7418,51,,,2,30,,7410,51,,,2,70,,7401,51,,,2,28,,7402,51,,,2,75,,7416,51,,,2,25,,7419,51,,,2,73,,7408,51,,,2,22,,7403,51,,,2,76,,7409,51,,,2,29,,7406,51,,,2,70,,7415,51,,,2,17,,7417,51,,,2,102,,7420,51,,,2
3601,'SEM',635,,7935,28,,,2,23,,7930,28,,,2,51,,7929,28,,,2,23,,7932,28,,,2,15,,7933,28,,,2,63,,7936,28,,,2,14,,7931,28,,,2,80,,7934,28,,,2
4604,'DIM',545,,8969,59,,,1,100,,8975,59,,,1,101,,8977,59,,,1,99,,8978,59,,,1,107,,8972,59,,,1,106,,8982,59,,,1,96,,8979,59,,,1,103,,8984,59,,,1,100,,8985,59,,,1,101,,8976,59,,,1,101,,8980,59,,,1,99,,8968,59,,,1,101,,8983,59,,,1,99,,8981,59,,,1,98,,8971,59,,,1,98,,8986,59,,,1,99,,8974,59,,,1,98,,8970,59,,,1,100,,8973,59,,,1
4604,'SAM',545,,8989,59,,,1,100,,8998,59,,,1,101,,8999,59,,,1,99,,9000,59,,,1,107,,9004,59,,,1,107,,9003,59,,,1,95,,9002,59,,,1,103,,8997,59,,,1,99,,9005,59,,,1,97,,8987,59,,,1,106,,8988,59,,,1,145,,9001,59,,,1,55,,9006,59,,,1,99,,8991,59,,,1,98,,8992,59,,,1,98,,8995,59,,,1,99,,8993,59,,,1,98,,8996,59,,,1,100,,8990,59,,,1,98,,8994,59,,,1
4604,'SEM',505,,2964,59,,,1,46,,9023,59,,,1,70,,9031,59,,,1,27,,9035,59,,,1,59,,9009,59,,,1,26,,9016,59,,,1,67,,9028,59,,,1,30,,9010,59,,,1,72,,9032,59,,,1,28,,9026,59,,,1,70,,9024,59,,,1,29,,9011,59,,,1,30,,9029,59,,,1,70,,9008,59,,,1,30,,9025,59,,,1,70,,9027,59,,,1,74,,9007,59,,,1,27,,9037,59,,,1,28,,9012,59,,,1,72,,9033,59,,,1,70,,9036,59,,,1,33,,9015,59,,,1,79,,9030,59,,,1,30,,9034,59,,,1,64,,9014,59,,,1,101,,9013,59,,,1,95,,9020,59,,,1,56,,9022,59,,,1,94,,9019,59,,,1,100,,9018,59,,,1,98,,9017,59,,,1,100,,9021,59,,,1
6002,'DIM',727,,9823,50,,,1,103,,9832,50,,,1,100,,9830,50,,,1,103,,9831,50,,,1,101,,9833,50,,,1,101,,9836,50,,,1,101,,9834,50,,,1,101,,9837,50,,,1,100,,9835,50,,,1,98,,9838,50,,,1,99,,9839,50,,,1,98,,9825,50,,,1,99,,9827,50,,,1,100,,9826,50,,,1,100,,9828,50,,,1,100,,9822,50,,,1,99,,9824,50,,,1,97,,9829,50,,,1
6002,'SAM',727,,9851,50,,,1,103,,9842,50,,,1,100,,9854,50,,,1,103,,9856,50,,,1,101,,9852,50,,,1,101,,9855,50,,,1,101,,9853,50,,,1,101,,9841,50,,,1,100,,9857,50,,,1,98,,9840,50,,,1,99,,9844,50,,,1,100,,9849,50,,,1,97,,9845,50,,,1,100,,9846,50,,,1,100,,9850,50,,,1,100,,9843,50,,,1,99,,9847,50,,,1,97,,9848,50,,,1
6002,'SEM',700,,9875,50,,,1,105,,9873,50,,,1,102,,9859,50,,,1,100,,9876,50,,,1,100,,9874,50,,,1,104,,9864,50,,,1,101,,9858,50,,,1,99,,9860,50,,,1,101,,9872,50,,,1,99,,9861,50,,,1,103,,9866,50,,,1,103,,9863,50,,,1,91,,9869,50,,,1,99,,9867,50,,,1,98,,9862,50,,,1,99,,9865,50,,,1,96,,9868,50,,,1,49,,9871,50,,,1,98,,9870,50,,,1
6601,'DIM',558,,10294,36,,,1,100,,10296,36,,,1,142,,10302,36,,,1,100,,10292,36,,,1,32,,10293,36,,,1,71,,10300,36,,,1,31,,10303,36,,,1,75,,10291,36,,,1,26,,10298,36,,,1,70,,10297,36,,,1,101,,10304,36,,,1,101,,10301,36,,,1,103,,10299,36,,,1,99,,10295,36,,,1,103,,10287,36,,,1,96,,10289,36,,,1,98,,10286,36,,,1,100,,10288,36,,,1,100,,10290,36,,,1,100,,10285,36,,,1
6601,'SAM',558,,10310,36,,,1,100,,10317,36,,,1,142,,10319,36,,,1,100,,10315,36,,,1,32,,10313,36,,,1,71,,10305,36,,,1,31,,10322,36,,,1,75,,10311,36,,,1,26,,10323,36,,,1,70,,10318,36,,,1,101,,10321,36,,,1,101,,10324,36,,,1,103,,10320,36,,,1,99,,10316,36,,,1,103,,10306,36,,,1,96,,10307,36,,,1,98,,10309,36,,,1,100,,10308,36,,,1,100,,10312,36,,,1,100,,10314,36,,,1
6601,'SEM',638,,10339,36,,,1,104,,10328,36,,,1,101,,10341,36,,,1,103,,10338,36,,,1,100,,10327,36,,,1,106,,10331,36,,,1,102,,10325,36,,,1,100,,10340,36,,,1,103,,10329,36,,,1,71,,10334,36,,,1,88,,10335,36,,,1,106,,10326,36,,,1,93,,10332,36,,,1,99,,10330,36,,,1,98,,10336,36,,,1,98,,10333,36,,,1,99,,10337,36,,,1
