1703,'DIM',628,,6801,30,,,1,89,,6794,30,,,1,100,,100,30,,,1,102,,6796,30,,,1,97,,6797,30,,,1,101,,6793,30,,,1,100,,6799,30,,,1,99,,6795,30,,,1,102,,6798,30,,,1,100,,6800,30,,,1,102,,6783,30,,,1,98,,6787,30,,,1,99,,6786,30,,,1,101,,6785,30,,,1,98,,6788,30,,,1,99,,6791,30,,,1,100,,6784,30,,,1,100,,6789,30,,,1,102,,6790,30,,,1,118,,6792,30,,,1
1703,'SAM',550,,6813,30,,,1,78,,6819,30,,,1,89,,121,30,,,1,100,,6810,30,,,1,102,,6812,30,,,1,97,,6814,30,,,1,100,,6818,30,,,1,101,,6816,30,,,1,100,,6811,30,,,1,101,,6817,30,,,1,100,,6815,30,,,1,102,,6820,30,,,1,99,,6821,30,,,1,99,,6802,30,,,1,100,,6807,30,,,1,98,,6804,30,,,1,99,,6803,30,,,1,100,,6805,30,,,1,100,,6808,30,,,1,102,,6809,30,,,1,118,,6806,30,,,1
1703,'SEM',610,,6839,30,,,1,103,,6841,30,,,1,106,,6840,30,,,1,96,,6825,30,,,1,101,,6838,30,,,1,100,,6837,30,,,1,100,,6843,30,,,1,101,,6826,30,,,1,100,,6823,30,,,1,99,,6842,30,,,1,35,,6845,30,,,1,60,,6844,30,,,1,36,,6822,30,,,1,63,,6833,30,,,1,37,,6824,30,,,1,79,,6827,30,,,1,30,,6830,30,,,1,68,,6835,30,,,1,99,,6836,30,,,1,100,,6828,30,,,1,100,,6829,30,,,1,99,,6831,30,,,1,99,,6832,30,,,1,103,,6834,30,,,1
3103,'DIM',647,,7731,32,,,1,100,,7730,32,,,1,100,,1058,32,,,1,99,,7735,32,,,1,100,,7734,32,,,1,100,,7732,32,,,1,102,,7721,32,,,1,101,,7733,32,,,1,99,,7720,32,,,1,101,,7719,32,,,1,99,,7724,32,,,1,98,,7726,32,,,1,103,,7725,32,,,1,96,,7727,32,,,1,101,,7723,32,,,1,100,,7722,32,,,1,100,,7728,32,,,1,100,,7729,32,,,1
3103,'SAM',647,,7748,32,,,1,100,,7747,32,,,1,100,,1075,32,,,1,99,,7752,32,,,1,100,,7753,32,,,1,100,,7749,32,,,1,100,,7745,32,,,1,102,,7750,32,,,1,100,,7746,32,,,1,101,,7751,32,,,1,100,,7740,32,,,1,98,,7742,32,,,1,100,,7738,32,,,1,99,,7743,32,,,1,100,,7736,32,,,1,100,,7737,32,,,1,100,,7739,32,,,1,101,,7741,32,,,1,95,,7744,32,,,1
3103,'SEM',643,,7775,32,,,1,100,,7773,32,,,1,100,,7774,32,,,1,101,,7754,32,,,1,101,,7755,32,,,1,100,,7757,32,,,1,100,,7776,32,,,1,100,,7756,32,,,1,102,,7761,32,,,1,98,,7762,32,,,1,11,,7763,32,,,1,77,,7758,32,,,1,69,,7767,32,,,1,40,,7764,32,,,1,68,,7760,32,,,1,36,,7772,32,,,1,69,,7759,32,,,1,36,,7771,32,,,1,100,,7765,32,,,1,101,,7768,32,,,1,100,,7769,32,,,1,96,,7766,32,,,1,154,,7770,32,,,1
3903,'DIM',850,,1407,43,,,1,100,,8065,53,,,1,70,,8070,53,,,1,31,,8071,53,,,1,70,,8068,53,,,1,34,,8069,53,,,1,66,,8072,53,,,1,29,,8062,53,,,1,71,,8066,53,,,1,30,,8063,53,,,1,71,,8049,53,,,1,30,,8052,53,,,1,72,,8055,53,,,1,30,,8067,53,,,1,71,,8056,53,,,1,30,,8057,53,,,1,65,,8058,53,,,1,18,,8064,53,,,1,10,,8059,53,,,1,64,,8053,53,,,1,25,,8060,53,,,1,98,,8050,53,,,1,100,,8061,53,,,1,98,,8051,53,,,1,104,,8054,53,,,1
3903,'SAM',850,,8097,43,,,1,100,,8092,53,,,1,70,,8096,53,,,1,31,,8073,53,,,1,70,,8087,53,,,1,34,,8090,53,,,1,66,,8089,53,,,1,30,,8074,53,,,1,70,,8088,53,,,1,30,,8091,53,,,1,71,,8075,53,,,1,30,,8094,53,,,1,72,,8078,53,,,1,30,,8079,53,,,1,71,,8081,53,,,1,30,,8095,53,,,1,65,,8082,53,,,1,18,,8093,53,,,1,11,,8080,53,,,1,63,,8077,53,,,1,29,,8076,53,,,1,96,,8084,53,,,1,98,,8083,53,,,1,98,,8086,53,,,1,104,,8085,53,,,1
3903,'SEM',742,,8120,53,,,1,101,,8102,53,,,1,104,,8100,53,,,1,72,,8104,53,,,1,29,,8121,53,,,1,71,,8122,53,,,1,29,,8115,53,,,1,71,,8119,53,,,1,28,,8123,53,,,1,78,,8099,53,,,1,33,,8106,53,,,1,67,,8108,53,,,1,32,,8109,53,,,1,75,,8098,53,,,1,78,,8116,53,,,1,23,,8110,53,,,1,68,,8101,53,,,1,25,,8103,53,,,1,33,,8111,53,,,1,79,,8112,53,,,1,79,,8105,53,,,1,98,,8107,53,,,1,95,,8113,53,,,1,103,,8117,53,,,1,95,,8114,53,,,1,48,,8118,53,,,1
7303,'DIM',702,,10582,30,,,1,100,,10579,30,,,1,101,,10580,30,,,1,98,,10583,30,,,1,100,,10586,30,,,1,100,,10581,30,,,1,101,,10584,30,,,1,102,,10578,30,,,1,99,,10585,30,,,1,102,,10587,30,,,1,99,,10572,30,,,1,99,,10569,30,,,1,100,,10575,30,,,1,98,,10571,30,,,1,100,,10570,30,,,1,100,,10573,30,,,1,99,,10574,30,,,1,102,,10577,30,,,1,105,,10576,30,,,1
7303,'SAM',608,,10601,30,,,1,94,,10598,30,,,1,100,,10597,30,,,1,101,,10602,30,,,1,98,,10604,30,,,1,101,,10600,30,,,1,99,,10591,30,,,1,101,,10603,30,,,1,102,,10599,30,,,1,99,,10605,30,,,1,102,,10606,30,,,1,101,,10590,30,,,1,98,,10588,30,,,1,98,,10589,30,,,1,99,,10593,30,,,1,100,,10592,30,,,1,100,,4040,30,,,1,99,,10594,30,,,1,102,,4041,30,,,1,105,,10595,30,,,1,100,,4042,30,,,1,100,,10596,30,,,1
7303,'SEM',556,,10643,30,,,1,66,,10640,30,,,1,79,,10639,30,,,1,10,,10644,30,,,1,39,,10633,30,,,1,56,,10609,30,,,1,43,,10641,30,,,1,52,,10608,30,,,1,30,,10626,30,,,1,71,,10642,30,,,1,29,,10610,30,,,1,71,,10615,30,,,1,29,,10625,30,,,1,72,,10616,30,,,1,30,,10645,30,,,1,70,,10611,30,,,1,30,,10614,30,,,1,70,,10620,30,,,1,30,,10607,30,,,1,70,,10617,30,,,1,35,,10646,30,,,1,65,,10627,30,,,1,15,,10619,30,,,1,21,,10612,30,,,1,16,,10613,30,,,1,63,,10623,30,,,1,16,,10621,30,,,1,70,,10634,30,,,1,14,,10622,30,,,1,16,,10618,30,,,1,72,,10628,30,,,1,30,,10631,30,,,1,72,,10624,30,,,1,99,,10636,30,,,1,100,,10629,30,,,1,99,,10635,30,,,1,99,,10630,30,,,1,41,,10632,30,,,1,95,,10637,30,,,1,161,,10638,30,,,1
7401,'DIM',732,,10736,30,,,2,100,,10737,30,,,2,102,,10740,30,,,2,98,,10739,30,,,2,101,,10741,30,,,2,100,,10738,30,,,2,101,,10735,30,,,2,99,,10734,30,,,2,102,,10742,30,,,2,98,,10728,30,,,2,102,,10729,30,,,2,99,,10731,30,,,2,98,,10732,30,,,2,99,,10733,30,,,2,101,,10727,30,,,2,99,,10726,30,,,2,100,,10730,30,,,2
7401,'SAM',732,,10751,30,,,2,100,,10753,30,,,2,102,,10752,30,,,2,99,,10755,30,,,2,100,,10757,30,,,2,100,,10759,30,,,2,102,,10754,30,,,2,98,,10758,30,,,2,101,,10756,30,,,2,99,,10743,30,,,2,101,,10746,30,,,2,101,,10748,30,,,2,98,,10747,30,,,2,98,,10749,30,,,2,101,,10744,30,,,2,99,,10750,30,,,2,100,,10745,30,,,2
7401,'SEM',635,,10776,30,,,2,96,,10760,30,,,2,101,,10775,30,,,2,103,,10764,30,,,2,101,,10765,30,,,2,101,,10779,30,,,2,100,,10763,30,,,2,101,,10778,30,,,2,100,,10777,30,,,2,93,,10762,30,,,2,94,,10766,30,,,2,101,,10761,30,,,2,30,,10768,30,,,2,83,,10774,30,,,2,99,,10767,30,,,2,101,,10770,30,,,2,100,,10771,30,,,2,99,,10769,30,,,2,99,,10772,30,,,2,95,,10773,30,,,2
