4201,'DIM',522,,8340,33,,,2,104,,8364,33,,,2,30,,8381,33,,,2,71,,1716,33,,,2,31,,8365,33,,,2,71,,8370,33,,,2,30,,8374,33,,,2,71,,8377,33,,,2,71,,8369,33,,,2,26,,8372,33,,,2,76,,8371,33,,,2,20,,8357,33,,,2,23,,8362,33,,,2,58,,8361,33,,,2,22,,8363,33,,,2,18,,8367,33,,,2,60,,8366,33,,,2,19,,8384,33,,,2,22,,8378,33,,,2,61,,8373,33,,,2,20,,1723,33,,,2,21,,8380,33,,,2,60,,8344,33,,,2,20,,8346,33,,,2,20,,8347,33,,,2,61,,8379,33,,,2,19,,8368,33,,,2,21,,8375,33,,,2,60,,8345,33,,,2,15,,8383,33,,,2,15,,8382,33,,,2,14,,8356,33,,,2,52,,8376,33,,,2,18,,8342,33,,,2,32,,8341,33,,,2,70,,8352,33,,,2,29,,8339,33,,,2,70,,8348,33,,,2,29,,8359,33,,,2,70,,8343,33,,,2,31,,8350,33,,,2,70,,8354,33,,,2,29,,8355,33,,,2,70,,8349,33,,,2,34,,8353,33,,,2,68,,8351,33,,,2,34,,8358,33,,,2,75,,8360,33,,,2
4201,'SAM',522,,8385,33,,,2,104,,8413,33,,,2,30,,8388,33,,,2,71,,8420,33,,,2,31,,8416,33,,,2,71,,8415,33,,,2,30,,8419,33,,,2,71,,8426,33,,,2,71,,8431,33,,,2,25,,8424,33,,,2,77,,8410,33,,,2,20,,8422,33,,,2,22,,8414,33,,,2,59,,8405,33,,,2,21,,8412,33,,,2,19,,8386,33,,,2,60,,8418,33,,,2,19,,8417,33,,,2,22,,8411,33,,,2,61,,8421,33,,,2,20,,8387,33,,,2,20,,8423,33,,,2,60,,8427,33,,,2,21,,8391,33,,,2,20,,8429,33,,,2,61,,8432,33,,,2,20,,8433,33,,,2,19,,8397,33,,,2,61,,8430,33,,,2,14,,8399,33,,,2,16,,8425,33,,,2,14,,8401,33,,,2,54,,8428,33,,,2,16,,8404,33,,,2,36,,8389,33,,,2,66,,8392,33,,,2,29,,8408,33,,,2,70,,8394,33,,,2,29,,8396,33,,,2,73,,8390,33,,,2,27,,8393,33,,,2,70,,8395,33,,,2,30,,8398,33,,,2,70,,8400,33,,,2,34,,8402,33,,,2,68,,8409,33,,,2,34,,8403,33,,,2,75,,8407,33,,,2,70,,8406,33,,,2
4201,'SEM',627,,8483,33,,,2,31,,8436,33,,,2,57,,8478,33,,,2,21,,8481,33,,,2,23,,8484,33,,,2,62,,8482,33,,,2,19,,8437,33,,,2,19,,8477,33,,,2,62,,8434,33,,,2,19,,8440,33,,,2,19,,8467,33,,,2,63,,8479,33,,,2,18,,8480,33,,,2,63,,8442,33,,,2,17,,8464,33,,,2,23,,8444,33,,,2,60,,8445,33,,,2,19,,8446,33,,,2,22,,8439,33,,,2,15,,8448,33,,,2,63,,8449,33,,,2,19,,8450,33,,,2,61,,8438,33,,,2,21,,8454,33,,,2,20,,8485,33,,,2,59,,8458,33,,,2,21,,8459,33,,,2,20,,8460,33,,,2,15,,8462,33,,,2,53,,8435,33,,,2,13,,8441,33,,,2,11,,8453,33,,,2,13,,8465,33,,,2,54,,8468,33,,,2,15,,8456,33,,,2,14,,8452,33,,,2,14,,8451,33,,,2,14,,8472,33,,,2,55,,8474,33,,,2,15,,8443,33,,,2,14,,8476,33,,,2,63,,8469,33,,,2,13,,8473,33,,,2,21,,8447,33,,,2,67,,8475,33,,,2,31,,8455,33,,,2,67,,8457,33,,,2,33,,8461,33,,,2,67,,8463,33,,,2,31,,8487,19,,,2,75,,8466,33,,,2,23,,8486,19,,,2,69,,8471,33,,,2,44,,8470,33,,,2
4803,'DIM',706,,9047,13,,,1,104,,9051,13,,,1,102,,9055,13,,,1,99,,9038,13,,,1,102,,9048,13,,,1,101,,9049,13,,,1,95,,9054,13,,,1,105,,9050,13,,,1,99,,9052,13,,,1,100,,9039,13,,,1,100,,9053,13,,,1,100,,9041,13,,,1,95,,9045,13,,,1,100,,9044,13,,,1,100,,9043,13,,,1,98,,2438,13,,,1,100,,9040,13,,,1,35,,9042,13,,,1,161,,9046,13,,,1
4803,'SAM',606,,2450,13,,,1,100,,9067,13,,,1,103,,9070,13,,,1,103,,9074,13,,,1,99,,9065,13,,,1,101,,9073,13,,,1,101,,9068,13,,,1,94,,9071,13,,,1,106,,9069,13,,,1,100,,9066,13,,,1,100,,9072,13,,,1,100,,9059,13,,,1,100,,9061,13,,,1,95,,9057,13,,,1,100,,9056,13,,,1,98,,9058,13,,,1,100,,9063,13,,,1,100,,9064,13,,,1,35,,9060,13,,,1,161,,9062,13,,,1
4803,'SEM',602,,9096,13,,,1,20,,9098,13,,,1,37,,9087,13,,,1,73,,9099,13,,,1,71,,9102,13,,,1,24,,9083,13,,,1,80,,9082,13,,,1,30,,9077,13,,,1,95,,9084,13,,,1,100,,9079,13,,,1,100,,9078,13,,,1,100,,9100,13,,,1,80,,9075,13,,,1,101,,9080,13,,,1,35,,9097,13,,,1,65,,9076,13,,,1,30,,9101,13,,,1,69,,9088,13,,,1,30,,9081,13,,,1,70,,9089,13,,,1,95,,9094,13,,,1,100,,9085,13,,,1,100,,9086,13,,,1,99,,9090,13,,,1,100,,9092,13,,,1,98,,9091,13,,,1,51,,9093,13,,,1,73,,9095,13,,,1
5801,'DIM',526,,9661,13,,,2,100,,9643,13,,,2,90,,9652,13,,,2,100,,9655,13,,,2,99,,9658,13,,,2,100,,9651,13,,,2,102,,9660,13,,,2,98,,9657,13,,,2,103,,9654,13,,,2,99,,9656,13,,,2,102,,9653,13,,,2,99,,9646,13,,,2,101,,9659,13,,,2,99,,9642,13,,,2,99,,9650,13,,,2,99,,9645,13,,,2,100,,9644,13,,,2,100,,9648,13,,,2,99,,9647,13,,,2,110,,9649,13,,,2
5801,'SAM',526,,9681,13,,,2,100,,9673,13,,,2,90,,9672,13,,,2,100,,9677,13,,,2,100,,9675,13,,,2,99,,9678,13,,,2,102,,9680,13,,,2,98,,9662,13,,,2,101,,9671,13,,,2,101,,9676,13,,,2,101,,9674,13,,,2,101,,9679,13,,,2,100,,9665,13,,,2,100,,9669,13,,,2,98,,9663,13,,,2,99,,9670,13,,,2,100,,9666,13,,,2,100,,9668,13,,,2,99,,9664,13,,,2,110,,9667,13,,,2
5801,'SEM',516,,9695,13,,,2,28,,9692,13,,,2,82,,9705,13,,,2,83,,9693,13,,,2,46,,9699,13,,,2,85,,9686,13,,,2,99,,9706,13,,,2,100,,9682,13,,,2,100,,9687,13,,,2,100,,9704,13,,,2,100,,9683,13,,,2,86,,9694,13,,,2,31,,9684,13,,,2,72,,9707,13,,,2,28,,9689,13,,,2,75,,9691,13,,,2,69,,9690,13,,,2,27,,9685,13,,,2,29,,9703,13,,,2,70,,9688,13,,,2,30,,9701,13,,,2,100,,9702,13,,,2,100,,9697,13,,,2,99,,9696,13,,,2,100,,9698,13,,,2,99,,9700,13,,,2
7002,'DIM',701,,10489,13,,,1,102,,10496,13,,,1,100,,3943,13,,,1,100,,10492,13,,,1,28,,10493,13,,,1,73,,10495,13,,,1,29,,10485,13,,,1,25,,10494,13,,,1,75,,10491,13,,,1,25,,10500,13,,,1,79,,10498,13,,,1,67,,10501,13,,,1,36,,10483,13,,,1,65,,10497,13,,,1,31,,10503,13,,,1,23,,10499,13,,,1,78,,10502,13,,,1,68,,10487,13,,,1,36,,10505,13,,,1,74,,3946,13,,,1,97,,10504,13,,,1,95,,10482,13,,,1,95,,10484,13,,,1,101,,10488,13,,,1,99,,10486,13,,,1,103,,10490,13,,,1
7002,'SAM',700,,10532,13,,,1,103,,10512,13,,,1,100,,10520,13,,,1,100,,10519,13,,,1,25,,10528,13,,,1,76,,10533,13,,,1,29,,10530,13,,,1,24,,10524,13,,,1,75,,10523,13,,,1,26,,10522,13,,,1,79,,10525,13,,,1,75,,10521,13,,,1,27,,10531,13,,,1,65,,10529,13,,,1,28,,10527,13,,,1,26,,10526,13,,,1,79,,10515,13,,,1,69,,10511,13,,,1,36,,10513,13,,,1,74,,10508,13,,,1,96,,10517,13,,,1,95,,10509,13,,,1,96,,10510,13,,,1,100,,10516,13,,,1,99,,10514,13,,,1,103,,10518,13,,,1
7002,'SEM',535,,10541,13,,,1,96,,10561,13,,,1,26,,10562,13,,,1,73,,10540,13,,,1,76,,10543,13,,,1,27,,10545,13,,,1,70,,10560,13,,,1,30,,10538,13,,,1,70,,10567,13,,,1,30,,10546,13,,,1,67,,10568,13,,,1,33,,10563,13,,,1,26,,10565,13,,,1,74,,10564,13,,,1,70,,10539,13,,,1,30,,10566,13,,,1,24,,10559,13,,,1,76,,10544,13,,,1,71,,10547,13,,,1,30,,10542,13,,,1,70,,10536,13,,,1,33,,10537,13,,,1,68,,10550,13,,,1,33,,10551,13,,,1,66,,10555,13,,,1,33,,10554,13,,,1,90,,10552,13,,,1,83,,10556,13,,,1,94,,10548,13,,,1,112,,10553,13,,,1,106,,10549,13,,,1,99,,10558,13,,,1,105,,10557,13,,,1
