4201,'DIM',521,,8340,29,,,2,104,,8364,29,,,2,30,,8381,29,,,2,70,,1716,29,,,2,31,,8365,29,,,2,71,,8370,29,,,2,30,,8374,29,,,2,71,,8377,29,,,2,31,,8369,29,,,2,66,,8372,29,,,2,76,,8371,29,,,2,20,,8357,29,,,2,23,,8362,29,,,2,58,,8361,29,,,2,22,,8363,29,,,2,18,,8367,29,,,2,60,,8366,29,,,2,19,,8384,29,,,2,22,,8378,29,,,2,61,,8373,29,,,2,20,,1723,29,,,2,21,,8380,29,,,2,60,,8344,29,,,2,20,,8346,29,,,2,20,,8347,29,,,2,61,,8379,29,,,2,19,,8368,29,,,2,21,,8375,29,,,2,60,,8345,29,,,2,15,,8383,29,,,2,15,,8382,29,,,2,14,,8356,29,,,2,52,,8376,29,,,2,18,,8342,29,,,2,32,,8341,29,,,2,70,,8352,29,,,2,29,,8339,29,,,2,70,,8348,29,,,2,29,,8359,29,,,2,70,,8343,29,,,2,31,,8350,29,,,2,70,,8354,29,,,2,30,,8355,29,,,2,70,,8349,29,,,2,34,,8353,29,,,2,68,,8351,29,,,2,34,,8358,29,,,2,75,,8360,29,,,2
4201,'SAM',521,,8385,29,,,2,104,,8413,29,,,2,30,,8388,29,,,2,70,,8420,29,,,2,31,,8416,29,,,2,71,,8415,29,,,2,30,,8419,29,,,2,71,,8426,29,,,2,31,,8431,29,,,2,65,,8424,29,,,2,77,,8410,29,,,2,20,,8422,29,,,2,22,,8414,29,,,2,59,,8405,29,,,2,21,,8412,29,,,2,19,,8386,29,,,2,60,,8418,29,,,2,19,,8417,29,,,2,22,,8411,29,,,2,61,,8421,29,,,2,20,,8387,29,,,2,20,,8423,29,,,2,60,,8427,29,,,2,21,,8391,29,,,2,20,,8429,29,,,2,61,,8432,29,,,2,20,,8433,29,,,2,19,,8397,29,,,2,61,,8430,29,,,2,14,,8399,29,,,2,16,,8425,29,,,2,14,,8401,29,,,2,54,,8428,29,,,2,16,,8404,29,,,2,36,,8389,29,,,2,66,,8392,29,,,2,29,,8408,29,,,2,70,,8394,29,,,2,29,,8396,29,,,2,73,,8390,29,,,2,27,,8393,29,,,2,70,,8395,29,,,2,31,,8398,29,,,2,70,,8400,29,,,2,34,,8402,29,,,2,68,,8409,29,,,2,34,,8403,29,,,2,75,,8407,29,,,2,70,,8406,29,,,2
4201,'SEM',626,,8483,29,,,2,30,,8436,29,,,2,57,,8478,29,,,2,21,,8481,29,,,2,23,,8484,29,,,2,62,,8482,29,,,2,19,,8437,29,,,2,19,,8477,29,,,2,62,,8434,29,,,2,19,,8440,29,,,2,19,,8467,29,,,2,63,,8479,29,,,2,18,,8480,29,,,2,63,,8442,29,,,2,17,,8464,29,,,2,23,,8444,29,,,2,60,,8445,29,,,2,19,,8446,29,,,2,22,,8439,29,,,2,15,,8448,29,,,2,63,,8449,29,,,2,19,,8450,29,,,2,61,,8438,29,,,2,21,,8454,29,,,2,20,,8485,29,,,2,59,,8458,29,,,2,21,,8459,29,,,2,20,,8460,29,,,2,15,,8462,29,,,2,53,,8435,29,,,2,13,,8441,29,,,2,11,,8453,29,,,2,13,,8465,29,,,2,54,,8468,29,,,2,15,,8456,29,,,2,14,,8452,29,,,2,14,,8451,29,,,2,14,,8472,29,,,2,55,,8474,29,,,2,15,,8443,29,,,2,14,,8476,29,,,2,63,,8469,29,,,2,13,,8473,29,,,2,21,,8447,29,,,2,67,,8475,29,,,2,31,,8455,29,,,2,67,,8457,29,,,2,33,,8461,29,,,2,67,,8463,29,,,2,31,,8487,15,,,2,75,,8466,29,,,2,23,,8486,15,,,2,70,,8471,29,,,2,44,,8470,29,,,2
4803,'DIM',705,,9047,9,,,1,103,,9051,9,,,1,102,,9055,9,,,1,99,,9038,9,,,1,102,,9048,9,,,1,101,,9049,9,,,1,95,,9054,9,,,1,105,,9050,9,,,1,99,,9052,9,,,1,100,,9039,9,,,1,100,,9053,9,,,1,100,,9041,9,,,1,95,,9045,9,,,1,100,,9044,9,,,1,100,,9043,9,,,1,99,,2438,9,,,1,100,,9040,9,,,1,35,,9042,9,,,1,161,,9046,9,,,1
4803,'SAM',605,,2450,9,,,1,100,,9067,9,,,1,102,,9070,9,,,1,103,,9074,9,,,1,99,,9065,9,,,1,101,,9073,9,,,1,101,,9068,9,,,1,94,,9071,9,,,1,106,,9069,9,,,1,100,,9066,9,,,1,100,,9072,9,,,1,100,,9059,9,,,1,100,,9061,9,,,1,95,,9057,9,,,1,100,,9056,9,,,1,98,,9058,9,,,1,101,,9063,9,,,1,100,,9064,9,,,1,35,,9060,9,,,1,161,,9062,9,,,1
4803,'SEM',600,,9096,9,,,1,20,,9098,9,,,1,37,,9087,9,,,1,73,,9099,9,,,1,71,,9102,9,,,1,24,,9083,9,,,1,80,,9082,9,,,1,30,,9077,9,,,1,95,,9084,9,,,1,100,,9079,9,,,1,100,,9078,9,,,1,100,,9100,9,,,1,80,,9075,9,,,1,101,,9080,9,,,1,35,,9097,9,,,1,64,,9076,9,,,1,30,,9101,9,,,1,70,,9088,9,,,1,30,,9081,9,,,1,70,,9089,9,,,1,95,,9094,9,,,1,100,,9085,9,,,1,100,,9086,9,,,1,99,,9090,9,,,1,100,,9092,9,,,1,99,,9091,9,,,1,51,,9093,9,,,1,73,,9095,9,,,1
5801,'DIM',525,,9661,9,,,2,100,,9643,9,,,2,90,,9652,9,,,2,99,,9655,9,,,2,99,,9658,9,,,2,100,,9651,9,,,2,102,,9660,9,,,2,98,,9657,9,,,2,103,,9654,9,,,2,99,,9656,9,,,2,102,,9653,9,,,2,99,,9646,9,,,2,101,,9659,9,,,2,99,,9642,9,,,2,99,,9650,9,,,2,99,,9645,9,,,2,101,,9644,9,,,2,100,,9648,9,,,2,99,,9647,9,,,2,110,,9649,9,,,2
5801,'SAM',525,,9681,9,,,2,100,,9673,9,,,2,90,,9672,9,,,2,99,,9677,9,,,2,100,,9675,9,,,2,99,,9678,9,,,2,102,,9680,9,,,2,98,,9662,9,,,2,101,,9671,9,,,2,101,,9676,9,,,2,101,,9674,9,,,2,101,,9679,9,,,2,100,,9665,9,,,2,100,,9669,9,,,2,98,,9663,9,,,2,99,,9670,9,,,2,101,,9666,9,,,2,100,,9668,9,,,2,99,,9664,9,,,2,110,,9667,9,,,2
5801,'SEM',515,,9695,9,,,2,28,,9692,9,,,2,82,,9705,9,,,2,82,,9693,9,,,2,46,,9699,9,,,2,85,,9686,9,,,2,99,,9706,9,,,2,100,,9682,9,,,2,100,,9687,9,,,2,100,,9704,9,,,2,100,,9683,9,,,2,86,,9694,9,,,2,31,,9684,9,,,2,72,,9707,9,,,2,28,,9689,9,,,2,75,,9691,9,,,2,28,,9690,9,,,2,68,,9685,9,,,2,29,,9703,9,,,2,70,,9688,9,,,2,30,,9701,9,,,2,100,,9702,9,,,2,100,,9697,9,,,2,99,,9696,9,,,2,100,,9698,9,,,2,100,,9700,9,,,2
7002,'DIM',659,,10489,9,,,1,142,,10496,9,,,1,100,,3943,9,,,1,100,,10492,9,,,1,28,,10493,9,,,1,73,,10495,9,,,1,29,,10485,9,,,1,25,,10494,9,,,1,75,,10491,9,,,1,25,,10500,9,,,1,79,,10498,9,,,1,67,,10501,9,,,1,36,,10483,9,,,1,65,,10497,9,,,1,31,,10503,9,,,1,23,,10499,9,,,1,78,,10502,9,,,1,68,,10487,9,,,1,36,,10505,9,,,1,74,,3946,9,,,1,97,,10504,9,,,1,95,,10482,9,,,1,95,,10484,9,,,1,101,,10488,9,,,1,99,,10486,9,,,1,103,,10490,9,,,1
7002,'SAM',658,,10532,9,,,1,143,,10512,9,,,1,100,,10520,9,,,1,100,,10519,9,,,1,25,,10528,9,,,1,76,,10533,9,,,1,29,,10530,9,,,1,24,,10524,9,,,1,75,,10523,9,,,1,26,,10522,9,,,1,79,,10525,9,,,1,75,,10521,9,,,1,27,,10531,9,,,1,65,,10529,9,,,1,28,,10527,9,,,1,26,,10526,9,,,1,79,,10515,9,,,1,69,,10511,9,,,1,36,,10513,9,,,1,74,,10508,9,,,1,96,,10517,9,,,1,95,,10509,9,,,1,96,,10510,9,,,1,100,,10516,9,,,1,99,,10514,9,,,1,103,,10518,9,,,1
7002,'SEM',533,,10541,9,,,1,96,,10561,9,,,1,26,,10562,9,,,1,73,,10540,9,,,1,76,,10543,9,,,1,27,,10545,9,,,1,70,,10560,9,,,1,30,,10538,9,,,1,70,,10567,9,,,1,30,,10546,9,,,1,27,,10568,9,,,1,73,,10563,9,,,1,26,,10565,9,,,1,74,,10564,9,,,1,69,,10539,9,,,1,30,,10566,9,,,1,24,,10559,9,,,1,76,,10544,9,,,1,71,,10547,9,,,1,30,,10542,9,,,1,70,,10536,9,,,1,33,,10537,9,,,1,68,,10550,9,,,1,33,,10551,9,,,1,66,,10555,9,,,1,33,,10554,9,,,1,91,,10552,9,,,1,83,,10556,9,,,1,94,,10548,9,,,1,112,,10553,9,,,1,106,,10549,9,,,1,99,,10558,9,,,1,105,,10557,9,,,1
