1703,'DIM',632,,6801,41,,,1,89,,6794,41,,,1,101,,100,41,,,1,102,,6796,41,,,1,97,,6797,41,,,1,102,,6793,41,,,1,100,,6799,41,,,1,100,,6795,41,,,1,102,,6798,41,,,1,100,,6800,41,,,1,102,,6783,41,,,1,98,,6787,41,,,1,98,,6786,41,,,1,101,,6785,41,,,1,98,,6788,41,,,1,98,,6791,41,,,1,100,,6784,41,,,1,100,,6789,41,,,1,102,,6790,41,,,1,117,,6792,41,,,1
1703,'SAM',554,,6813,41,,,1,78,,6819,41,,,1,89,,121,41,,,1,101,,6810,41,,,1,102,,6812,41,,,1,97,,6814,41,,,1,101,,6818,41,,,1,101,,6816,41,,,1,101,,6811,41,,,1,101,,6817,41,,,1,100,,6815,41,,,1,102,,6820,41,,,1,99,,6821,41,,,1,98,,6802,41,,,1,100,,6807,41,,,1,98,,6804,41,,,1,98,,6803,41,,,1,100,,6805,41,,,1,100,,6808,41,,,1,102,,6809,41,,,1,117,,6806,41,,,1
1703,'SEM',614,,6839,41,,,1,104,,6841,41,,,1,106,,6840,41,,,1,96,,6825,41,,,1,101,,6838,41,,,1,101,,6837,41,,,1,101,,6843,41,,,1,101,,6826,41,,,1,100,,6823,41,,,1,99,,6842,41,,,1,35,,6845,41,,,1,60,,6844,41,,,1,36,,6822,41,,,1,63,,6833,41,,,1,37,,6824,41,,,1,79,,6827,41,,,1,70,,6830,41,,,1,27,,6835,41,,,1,99,,6836,41,,,1,100,,6828,41,,,1,99,,6829,41,,,1,99,,6831,41,,,1,99,,6832,41,,,1,102,,6834,41,,,1
3103,'DIM',652,,7731,43,,,1,101,,7730,43,,,1,100,,1058,43,,,1,100,,7735,43,,,1,100,,7734,43,,,1,100,,7732,43,,,1,102,,7721,43,,,1,101,,7733,43,,,1,99,,7720,43,,,1,101,,7719,43,,,1,99,,7724,43,,,1,98,,7726,43,,,1,103,,7725,43,,,1,96,,7727,43,,,1,101,,7723,43,,,1,100,,7722,43,,,1,99,,7728,43,,,1,100,,7729,43,,,1
3103,'SAM',652,,7748,43,,,1,101,,7747,43,,,1,100,,1075,43,,,1,100,,7752,43,,,1,100,,7753,43,,,1,100,,7749,43,,,1,100,,7745,43,,,1,102,,7750,43,,,1,100,,7746,43,,,1,101,,7751,43,,,1,100,,7740,43,,,1,98,,7742,43,,,1,100,,7738,43,,,1,99,,7743,43,,,1,100,,7736,43,,,1,100,,7737,43,,,1,99,,7739,43,,,1,101,,7741,43,,,1,95,,7744,43,,,1
3103,'SEM',649,,7775,43,,,1,100,,7773,43,,,1,101,,7774,43,,,1,101,,7754,43,,,1,101,,7755,43,,,1,100,,7757,43,,,1,100,,7776,43,,,1,100,,7756,43,,,1,102,,7761,43,,,1,98,,7762,43,,,1,51,,7763,43,,,1,37,,7758,43,,,1,69,,7767,43,,,1,40,,7764,43,,,1,68,,7760,43,,,1,36,,7772,43,,,1,69,,7759,43,,,1,36,,7771,43,,,1,100,,7765,43,,,1,101,,7768,43,,,1,99,,7769,43,,,1,96,,7766,43,,,1,154,,7770,43,,,1
3903,'DIM',855,,1407,54,,,1,100,,8065,64,,,1,70,,8070,64,,,1,31,,8071,64,,,1,70,,8068,64,,,1,74,,8069,64,,,1,26,,8072,64,,,1,29,,8062,64,,,1,71,,8066,64,,,1,30,,8063,64,,,1,71,,8049,64,,,1,30,,8052,64,,,1,72,,8055,64,,,1,30,,8067,64,,,1,71,,8056,64,,,1,70,,8057,64,,,1,25,,8058,64,,,1,18,,8064,64,,,1,10,,8059,64,,,1,64,,8053,64,,,1,25,,8060,64,,,1,99,,8050,64,,,1,99,,8061,64,,,1,98,,8051,64,,,1,104,,8054,64,,,1
3903,'SAM',855,,8097,54,,,1,100,,8092,64,,,1,70,,8096,64,,,1,31,,8073,64,,,1,70,,8087,64,,,1,74,,8090,64,,,1,26,,8089,64,,,1,30,,8074,64,,,1,70,,8088,64,,,1,30,,8091,64,,,1,71,,8075,64,,,1,30,,8094,64,,,1,72,,8078,64,,,1,30,,8079,64,,,1,71,,8081,64,,,1,70,,8095,64,,,1,25,,8082,64,,,1,18,,8093,64,,,1,11,,8080,64,,,1,63,,8077,64,,,1,29,,8076,64,,,1,97,,8084,64,,,1,97,,8083,64,,,1,98,,8086,64,,,1,104,,8085,64,,,1
3903,'SEM',747,,8120,64,,,1,101,,8102,64,,,1,104,,8100,64,,,1,72,,8104,64,,,1,29,,8121,64,,,1,71,,8122,64,,,1,29,,8115,64,,,1,71,,8119,64,,,1,28,,8123,64,,,1,78,,8099,64,,,1,74,,8106,64,,,1,27,,8108,64,,,1,72,,8109,64,,,1,35,,8098,64,,,1,78,,8116,64,,,1,23,,8110,64,,,1,68,,8101,64,,,1,24,,8103,64,,,1,73,,8111,64,,,1,39,,8112,64,,,1,79,,8105,64,,,1,99,,8107,64,,,1,95,,8113,64,,,1,102,,8117,64,,,1,95,,8114,64,,,1,87,,8118,64,,,1
4503,'DIM',659,,8779,42,,,1,100,,8789,42,,,1,141,,8787,42,,,1,59,,8793,42,,,1,141,,8788,42,,,1,58,,8791,42,,,1,145,,8781,42,,,1,101,,8785,42,,,1,98,,8778,42,,,1,102,,8776,42,,,1,52,,8790,42,,,1,102,,8792,42,,,1,143,,8777,42,,,1,102,,8786,42,,,1,101,,8780,42,,,1,99,,8783,42,,,1,99,,8784,42,,,1,101,,8782,42,,,1
4503,'SAM',659,,8807,42,,,1,100,,8803,42,,,1,141,,8806,42,,,1,59,,8805,42,,,1,141,,8795,42,,,1,57,,8804,42,,,1,146,,8808,42,,,1,100,,8799,42,,,1,101,,8810,42,,,1,101,,8809,42,,,1,51,,8811,42,,,1,145,,8794,42,,,1,100,,8801,42,,,1,102,,8796,42,,,1,101,,8800,42,,,1,99,,8798,42,,,1,99,,8802,42,,,1,101,,8797,42,,,1
4503,'SEM',650,,8817,42,,,1,58,,8815,42,,,1,34,,8812,42,,,1,68,,8832,42,,,1,25,,8816,42,,,1,79,,8814,42,,,1,25,,8833,42,,,1,110,,8831,42,,,1,100,,8820,42,,,1,96,,8818,42,,,1,100,,8834,42,,,1,103,,8813,42,,,1,106,,8835,42,,,1,68,,8822,42,,,1,87,,8825,42,,,1,18,,8819,42,,,1,17,,8826,42,,,1,71,,8828,42,,,1,39,,8824,42,,,1,97,,8823,42,,,1,100,,8827,42,,,1,100,,8830,42,,,1,99,,8821,42,,,1,95,,8829,42,,,1
