1704,'DIM',456,,6858,13,,,1,90,,6859,13,,,1,100,,6863,13,,,1,102,,6857,13,,,1,99,,165,13,,,1,100,,6861,13,,,1,101,,6862,13,,,1,100,,6864,13,,,1,101,,6865,13,,,1,101,,6860,13,,,1,102,,6846,13,,,1,99,,6847,13,,,1,100,,6850,13,,,1,101,,6852,13,,,1,99,,6851,13,,,1,98,,6849,13,,,1,100,,6853,13,,,1,101,,6856,13,,,1,99,,6848,13,,,1,99,,6854,13,,,1,96,,6855,13,,,1
1704,'SAM',456,,6878,13,,,1,90,,6879,13,,,1,100,,6885,13,,,1,102,,6882,13,,,1,99,,6877,13,,,1,100,,6881,13,,,1,101,,6886,13,,,1,100,,6884,13,,,1,101,,6883,13,,,1,101,,6880,13,,,1,101,,6867,13,,,1,100,,6868,13,,,1,101,,6870,13,,,1,100,,6872,13,,,1,99,,6866,13,,,1,98,,6874,13,,,1,100,,6871,13,,,1,101,,6869,13,,,1,99,,6873,13,,,1,99,,6875,13,,,1,96,,6876,13,,,1
1704,'SEM',508,,6901,13,,,1,92,,6906,13,,,1,22,,6909,13,,,1,22,,6888,13,,,1,66,,6892,13,,,1,35,,6893,13,,,1,61,,6887,13,,,1,98,,6890,13,,,1,44,,6891,13,,,1,100,,6894,13,,,1,100,,6905,13,,,1,100,,6907,13,,,1,100,,6896,13,,,1,102,,6908,13,,,1,100,,6889,13,,,1,105,,6897,13,,,1,96,,6895,13,,,1,98,,6898,13,,,1,101,,6903,13,,,1,101,,6904,13,,,1,100,,6899,13,,,1,100,,6900,13,,,1,100,,6902,13,,,1
3104,'DIM',616,,7789,23,,,1,102,,7790,23,,,1,100,,7788,23,,,1,100,,7794,23,,,1,100,,7795,23,,,1,100,,7793,23,,,1,100,,7791,23,,,1,103,,7779,23,,,1,101,,7792,23,,,1,100,,7778,23,,,1,101,,7777,23,,,1,99,,7782,23,,,1,98,,7784,23,,,1,103,,7783,23,,,1,96,,7785,23,,,1,101,,7781,23,,,1,100,,7780,23,,,1,98,,7786,23,,,1,102,,7787,23,,,1
3104,'SAM',517,,1137,23,,,1,99,,7805,23,,,1,102,,7808,23,,,1,100,,7807,23,,,1,100,,7810,23,,,1,100,,7813,23,,,1,100,,7814,23,,,1,100,,7809,23,,,1,102,,7804,23,,,1,101,,7811,23,,,1,101,,7806,23,,,1,101,,7812,23,,,1,100,,7800,23,,,1,98,,7802,23,,,1,100,,7798,23,,,1,99,,7803,23,,,1,100,,7796,23,,,1,100,,7797,23,,,1,98,,7799,23,,,1,102,,7801,23,,,1
3104,'SEM',440,,7823,23,,,1,77,,7824,23,,,1,90,,7835,23,,,1,21,,7837,23,,,1,23,,7817,23,,,1,73,,7836,23,,,1,28,,7833,23,,,1,69,,7831,23,,,1,35,,7832,23,,,1,61,,7834,23,,,1,100,,7815,23,,,1,101,,7816,23,,,1,100,,7819,23,,,1,101,,7838,23,,,1,100,,7818,23,,,1,102,,7821,23,,,1,100,,7822,23,,,1,96,,7820,23,,,1,105,,7825,23,,,1,97,,7830,23,,,1,105,,7829,23,,,1,100,,7826,23,,,1,102,,7827,23,,,1,100,,7828,23,,,1
3904,'DIM',817,,8142,13,,,1,112,,8136,13,,,1,82,,8143,13,,,1,30,,8146,13,,,1,73,,8137,13,,,1,27,,8135,13,,,1,73,,8145,13,,,1,29,,8140,13,,,1,74,,8129,13,,,1,27,,8144,13,,,1,70,,8138,13,,,1,31,,8139,13,,,1,72,,8128,13,,,1,30,,8141,13,,,1,71,,8124,13,,,1,31,,8125,13,,,1,68,,8130,13,,,1,28,,8131,13,,,1,70,,8132,13,,,1,43,,8133,13,,,1,98,,8126,13,,,1,100,,8134,13,,,1,100,,8127,13,,,1
3904,'SAM',817,,8162,13,,,1,112,,8155,13,,,1,82,,8166,13,,,1,30,,8156,13,,,1,70,,8147,13,,,1,30,,8153,13,,,1,76,,8159,13,,,1,26,,8157,13,,,1,74,,8163,13,,,1,27,,8154,13,,,1,70,,8160,13,,,1,31,,8161,13,,,1,71,,8167,13,,,1,31,,8158,13,,,1,72,,8164,13,,,1,24,,8165,13,,,1,74,,8168,13,,,1,28,,8169,13,,,1,70,,8148,13,,,1,86,,8149,13,,,1,57,,8151,13,,,1,98,,8150,13,,,1,100,,8152,13,,,1
3904,'SEM',612,,8193,13,,,1,27,,8186,13,,,1,14,,8192,13,,,1,51,,8174,13,,,1,29,,8189,13,,,1,71,,8170,13,,,1,31,,8187,13,,,1,70,,8194,13,,,1,35,,8172,13,,,1,67,,8173,13,,,1,33,,8184,13,,,1,69,,8188,13,,,1,31,,8190,13,,,1,68,,8181,13,,,1,32,,8185,13,,,1,67,,8191,13,,,1,38,,8171,13,,,1,74,,8176,13,,,1,30,,8178,13,,,1,71,,8179,13,,,1,101,,8195,13,,,1,112,,8182,13,,,1,99,,8183,13,,,1,105,,8175,13,,,1,100,,8177,13,,,1,94,,8180,13,,,1
4504,'DIM',614,,8845,13,,,1,100,,8838,13,,,1,99,,8846,13,,,1,101,,8848,13,,,1,99,,8852,13,,,1,97,,8853,13,,,1,102,,8849,13,,,1,98,,8844,13,,,1,108,,8842,13,,,1,98,,8836,13,,,1,100,,8851,13,,,1,96,,8847,13,,,1,101,,8850,13,,,1,103,,8837,13,,,1,101,,8843,13,,,1,101,,8839,13,,,1,100,,8840,13,,,1,100,,8841,13,,,1
4504,'SAM',614,,2249,13,,,1,100,,8867,13,,,1,99,,8864,13,,,1,101,,8868,13,,,1,99,,8866,13,,,1,101,,8855,13,,,1,97,,8865,13,,,1,102,,8854,13,,,1,104,,8860,13,,,1,101,,8869,13,,,1,98,,8857,13,,,1,96,,8870,13,,,1,101,,8858,13,,,1,103,,8862,13,,,1,101,,8856,13,,,1,101,,8861,13,,,1,100,,8859,13,,,1,100,,8863,13,,,1
4504,'SEM',531,,8890,13,,,1,15,,8891,13,,,1,80,,8896,13,,,1,84,,8876,13,,,1,18,,8874,13,,,1,18,,8872,13,,,1,57,,8889,13,,,1,51,,8875,13,,,1,146,,8893,13,,,1,111,,8888,13,,,1,96,,8878,13,,,1,94,,8877,13,,,1,100,,8894,13,,,1,42,,8873,13,,,1,65,,8871,13,,,1,31,,8892,13,,,1,70,,8895,13,,,1,38,,8880,13,,,1,77,,8883,13,,,1,81,,8884,13,,,1,104,,8882,13,,,1,105,,8881,13,,,1,102,,8885,13,,,1,90,,8887,13,,,1,100,,8879,13,,,1,95,,8886,13,,,1
