1704,'DIM',509,,6858,38,,,1,50,,6859,38,,,1,141,,6863,38,,,1,103,,6857,38,,,1,101,,165,38,,,1,100,,6861,38,,,1,101,,6862,38,,,1,100,,6864,38,,,1,101,,6865,38,,,1,101,,6860,38,,,1,102,,6846,38,,,1,99,,6847,38,,,1,100,,6850,38,,,1,101,,6852,38,,,1,98,,6851,38,,,1,98,,6849,38,,,1,100,,6853,38,,,1,98,,6856,38,,,1,99,,6848,38,,,1,99,,6854,38,,,1,56,,6855,38,,,1
1704,'SAM',509,,6878,38,,,1,50,,6879,38,,,1,141,,6885,38,,,1,103,,6882,38,,,1,101,,6877,38,,,1,100,,6881,38,,,1,101,,6886,38,,,1,100,,6884,38,,,1,101,,6883,38,,,1,101,,6880,38,,,1,101,,6867,38,,,1,100,,6868,38,,,1,101,,6870,38,,,1,100,,6872,38,,,1,98,,6866,38,,,1,98,,6874,38,,,1,100,,6871,38,,,1,98,,6869,38,,,1,99,,6873,38,,,1,99,,6875,38,,,1,56,,6876,38,,,1
1704,'SEM',521,,6901,38,,,1,94,,6906,38,,,1,22,,6909,38,,,1,22,,6888,38,,,1,67,,6892,38,,,1,75,,6893,38,,,1,21,,6887,38,,,1,98,,6890,38,,,1,85,,6891,38,,,1,100,,6894,38,,,1,100,,6905,38,,,1,100,,6907,38,,,1,100,,6896,38,,,1,102,,6908,38,,,1,101,,6889,38,,,1,105,,6897,38,,,1,95,,6895,38,,,1,97,,6898,38,,,1,101,,6903,38,,,1,100,,6904,38,,,1,99,,6899,38,,,1,100,,6900,38,,,1,99,,6902,38,,,1
2704,'DIM',755,,7675,43,,,2,101,,7676,43,,,2,100,,7671,43,,,2,99,,7673,43,,,2,98,,7674,43,,,2,103,,7670,43,,,2,95,,7677,43,,,2,107,,7672,43,,,2,100,,7663,43,,,2,100,,7667,43,,,2,100,,7668,43,,,2,99,,7664,43,,,2,100,,7666,43,,,2,98,,7665,43,,,2,100,,7669,43,,,2,100,,7662,43,,,2
2704,'SAM',655,,7690,43,,,2,100,,7686,43,,,2,101,,7687,43,,,2,100,,7685,43,,,2,99,,7694,43,,,2,100,,7689,43,,,2,101,,7692,43,,,2,94,,7688,43,,,2,108,,7691,43,,,2,100,,7681,43,,,2,100,,7682,43,,,2,93,,7684,43,,,2,106,,7693,43,,,2,100,,7680,43,,,2,98,,7683,43,,,2,100,,7678,43,,,2,100,,7679,43,,,2
2704,'SEM',618,,7716,43,,,2,28,,7696,43,,,2,68,,7713,43,,,2,28,,7699,43,,,2,67,,7700,43,,,2,28,,7718,43,,,2,66,,7715,43,,,2,49,,7714,43,,,2,100,,7703,43,,,2,148,,7695,43,,,2,55,,7717,43,,,2,88,,7698,43,,,2,106,,7697,43,,,2,107,,7708,43,,,2,77,,7709,43,,,2,80,,7704,43,,,2,13,,7701,43,,,2,30,,7702,43,,,2,71,,7706,43,,,2,75,,7711,43,,,2,100,,7707,43,,,2,45,,7710,43,,,2,96,,7705,43,,,2,104,,7712,43,,,2
3104,'DIM',629,,7789,48,,,1,104,,7790,48,,,1,100,,7788,48,,,1,101,,7794,48,,,1,101,,7795,48,,,1,100,,7793,48,,,1,100,,7791,48,,,1,103,,7779,48,,,1,101,,7792,48,,,1,100,,7778,48,,,1,101,,7777,48,,,1,99,,7782,48,,,1,98,,7784,48,,,1,102,,7783,48,,,1,96,,7785,48,,,1,99,,7781,48,,,1,99,,7780,48,,,1,98,,7786,48,,,1,102,,7787,48,,,1
3104,'SAM',529,,1137,48,,,1,100,,7805,48,,,1,104,,7808,48,,,1,100,,7807,48,,,1,101,,7810,48,,,1,101,,7813,48,,,1,100,,7814,48,,,1,100,,7809,48,,,1,102,,7804,48,,,1,101,,7811,48,,,1,101,,7806,48,,,1,101,,7812,48,,,1,100,,7800,48,,,1,98,,7802,48,,,1,99,,7798,48,,,1,99,,7803,48,,,1,98,,7796,48,,,1,99,,7797,48,,,1,98,,7799,48,,,1,102,,7801,48,,,1
3104,'SEM',453,,7823,48,,,1,77,,7824,48,,,1,92,,7835,48,,,1,21,,7837,48,,,1,63,,7817,48,,,1,34,,7836,48,,,1,68,,7833,48,,,1,29,,7831,48,,,1,75,,7832,48,,,1,22,,7834,48,,,1,100,,7815,48,,,1,102,,7816,48,,,1,100,,7819,48,,,1,101,,7838,48,,,1,100,,7818,48,,,1,102,,7821,48,,,1,100,,7822,48,,,1,96,,7820,48,,,1,103,,7825,48,,,1,97,,7830,48,,,1,105,,7829,48,,,1,99,,7826,48,,,1,101,,7827,48,,,1,100,,7828,48,,,1
3904,'DIM',839,,8142,48,,,1,112,,8136,48,,,1,82,,8143,48,,,1,70,,8146,48,,,1,33,,8137,48,,,1,67,,8135,48,,,1,33,,8145,48,,,1,69,,8140,48,,,1,34,,8129,48,,,1,67,,8144,48,,,1,30,,8138,48,,,1,71,,8139,48,,,1,32,,8128,48,,,1,70,,8141,48,,,1,31,,8124,48,,,1,71,,8125,48,,,1,28,,8130,48,,,1,68,,8131,48,,,1,29,,8132,48,,,1,83,,8133,48,,,1,98,,8126,48,,,1,100,,8134,48,,,1,100,,8127,48,,,1
3904,'SAM',839,,8162,48,,,1,112,,8155,48,,,1,82,,8166,48,,,1,70,,8156,48,,,1,30,,8147,48,,,1,70,,8153,48,,,1,36,,8159,48,,,1,66,,8157,48,,,1,34,,8163,48,,,1,67,,8154,48,,,1,30,,8160,48,,,1,71,,8161,48,,,1,31,,8167,48,,,1,71,,8158,48,,,1,32,,8164,48,,,1,64,,8165,48,,,1,34,,8168,48,,,1,68,,8169,48,,,1,29,,8148,48,,,1,86,,8149,48,,,1,97,,8151,48,,,1,98,,8150,48,,,1,100,,8152,48,,,1
3904,'SEM',633,,8193,48,,,1,67,,8186,48,,,1,14,,8192,48,,,1,11,,8174,48,,,1,30,,8189,48,,,1,71,,8170,48,,,1,31,,8187,48,,,1,70,,8194,48,,,1,75,,8172,48,,,1,28,,8173,48,,,1,73,,8184,48,,,1,30,,8188,48,,,1,71,,8190,48,,,1,28,,8181,48,,,1,72,,8185,48,,,1,27,,8191,48,,,1,78,,8171,48,,,1,34,,8176,48,,,1,70,,8178,48,,,1,31,,8179,48,,,1,102,,8195,48,,,1,110,,8182,48,,,1,98,,8183,48,,,1,104,,8175,48,,,1,100,,8177,48,,,1,94,,8180,48,,,1
4304,'DIM',505,,8722,23,,,1,103,,8716,23,,,1,100,,8712,23,,,1,102,,8714,23,,,1,102,,8719,23,,,1,100,,8717,23,,,1,106,,8718,23,,,1,100,,8715,23,,,1,100,,8723,23,,,1,100,,8720,23,,,1,104,,8721,23,,,1,99,,8704,23,,,1,99,,8705,23,,,1,101,,8707,23,,,1,94,,8710,23,,,1,98,,8709,23,,,1,99,,8706,23,,,1,99,,8708,23,,,1,100,,8713,23,,,1,100,,8711,23,,,1
4304,'SAM',505,,8740,23,,,1,103,,8737,23,,,1,100,,8734,23,,,1,102,,8725,23,,,1,102,,8741,23,,,1,100,,8726,23,,,1,106,,8727,23,,,1,100,,8738,23,,,1,100,,8735,23,,,1,100,,8742,23,,,1,103,,8736,23,,,1,101,,8739,23,,,1,98,,8724,23,,,1,97,,8743,23,,,1,98,,8731,23,,,1,98,,8728,23,,,1,99,,2109,23,,,1,99,,8729,23,,,1,100,,8730,23,,,1,100,,8733,23,,,1,98,,8732,23,,,1
4304,'SEM',522,,8765,23,,,1,35,,8771,23,,,1,75,,8744,23,,,1,25,,8746,23,,,1,61,,8769,23,,,1,31,,8745,23,,,1,73,,8770,23,,,1,33,,8749,23,,,1,75,,8766,23,,,1,28,,8772,23,,,1,71,,8748,23,,,1,30,,8767,23,,,1,70,,8755,23,,,1,30,,8751,23,,,1,70,,8774,23,,,1,30,,8773,23,,,1,70,,8768,23,,,1,72,,8752,23,,,1,29,,8753,23,,,1,70,,8757,23,,,1,36,,8775,23,,,1,65,,8747,23,,,1,26,,8754,23,,,1,30,,8750,23,,,1,97,,8756,23,,,1,97,,8761,23,,,1,100,,8763,23,,,1,101,,8764,23,,,1,99,,8758,23,,,1,101,,8759,23,,,1,150,,8760,23,,,1,20,,8762,23,,,1
7304,'DIM',544,,10665,66,,,1,70,,10654,66,,,1,103,,10658,66,,,1,101,,10661,66,,,1,101,,10657,66,,,1,101,,10659,66,,,1,100,,10662,66,,,1,100,,10666,66,,,1,102,,10660,66,,,1,101,,10663,66,,,1,101,,10656,66,,,1,100,,10664,66,,,1,100,,10667,66,,,1,100,,10650,66,,,1,99,,10647,66,,,1,97,,10653,66,,,1,99,,10649,66,,,1,99,,10648,66,,,1,98,,10651,66,,,1,101,,10652,66,,,1,99,,10655,66,,,1
7304,'SAM',544,,10686,66,,,1,70,,10676,66,,,1,103,,10681,66,,,1,101,,10678,66,,,1,101,,10677,66,,,1,101,,10682,66,,,1,100,,10684,66,,,1,101,,10680,66,,,1,101,,10671,66,,,1,101,,10683,66,,,1,101,,10679,66,,,1,100,,10685,66,,,1,100,,10687,66,,,1,100,,10670,66,,,1,98,,10668,66,,,1,98,,10669,66,,,1,99,,10673,66,,,1,99,,10672,66,,,1,98,,4131,66,,,1,101,,10674,66,,,1,99,,4133,66,,,1,100,,10675,66,,,1,99,,4134,66,,,1
7304,'SEM',506,,10719,66,,,1,42,,10716,66,,,1,82,,10722,66,,,1,18,,10725,66,,,1,71,,10721,66,,,1,14,,10718,66,,,1,14,,10694,66,,,1,68,,10696,66,,,1,14,,10717,66,,,1,15,,10723,66,,,1,65,,10712,66,,,1,31,,10690,66,,,1,80,,10689,66,,,1,29,,10705,66,,,1,70,,10720,66,,,1,30,,10691,66,,,1,71,,10695,66,,,1,36,,10704,66,,,1,66,,10697,66,,,1,30,,10724,66,,,1,70,,10692,66,,,1,30,,10693,66,,,1,73,,10701,66,,,1,31,,10688,66,,,1,72,,10698,66,,,1,79,,10708,66,,,1,22,,10706,66,,,1,27,,10700,66,,,1,69,,10707,66,,,1,76,,10702,66,,,1,20,,10713,66,,,1,30,,10699,66,,,1,70,,10709,66,,,1,30,,10711,66,,,1,73,,10703,66,,,1,96,,10715,66,,,1,99,,10710,66,,,1,103,,10714,66,,,1
7402,'DIM',645,,10786,79,,,2,102,,10789,79,,,2,101,,6451,79,,,2,101,,10790,79,,,2,101,,10788,79,,,2,100,,10787,79,,,2,101,,10793,79,,,2,100,,10792,79,,,2,103,,10794,79,,,2,99,,10791,79,,,2,99,,10781,79,,,2,102,,10780,79,,,2,98,,10782,79,,,2,98,,10783,79,,,2,99,,6443,79,,,2,100,,10784,79,,,2,98,,10785,79,,,2
7402,'SAM',645,,10802,79,,,2,102,,10806,79,,,2,101,,10804,79,,,2,101,,10801,79,,,2,101,,10805,79,,,2,100,,10807,79,,,2,101,,10810,79,,,2,101,,10803,79,,,2,100,,10808,79,,,2,101,,10811,79,,,2,100,,10809,79,,,2,100,,10795,79,,,2,99,,10797,79,,,2,98,,10799,79,,,2,99,,10798,79,,,2,100,,10800,79,,,2,98,,10796,79,,,2
7402,'SEM',604,,10825,79,,,2,49,,10830,79,,,2,60,,10813,79,,,2,41,,10824,79,,,2,100,,10814,79,,,2,99,,10812,79,,,2,99,,10816,79,,,2,101,,10826,79,,,2,97,,10829,79,,,2,100,,10815,79,,,2,101,,10828,79,,,2,102,,10827,79,,,2,100,,10817,79,,,2,97,,10818,79,,,2,100,,10821,79,,,2,98,,10823,79,,,2,99,,10819,79,,,2,102,,10820,79,,,2,98,,10822,79,,,2
