4504,'DIM',634,,8845,49,,,1,100,,8838,49,,,1,100,,8846,49,,,1,101,,8848,49,,,1,100,,8852,49,,,1,97,,8853,49,,,1,102,,8849,49,,,1,98,,8844,49,,,1,108,,8842,49,,,1,98,,8836,49,,,1,100,,8851,49,,,1,96,,8847,49,,,1,101,,8850,49,,,1,102,,8837,49,,,1,100,,8843,49,,,1,101,,8839,49,,,1,100,,8840,49,,,1,99,,8841,49,,,1
4504,'SAM',634,,2249,49,,,1,100,,8867,49,,,1,100,,8864,49,,,1,101,,8868,49,,,1,100,,8866,49,,,1,101,,8855,49,,,1,97,,8865,49,,,1,102,,8854,49,,,1,104,,8860,49,,,1,101,,8869,49,,,1,98,,8857,49,,,1,96,,8870,49,,,1,101,,8858,49,,,1,102,,8862,49,,,1,100,,8856,49,,,1,101,,8861,49,,,1,100,,8859,49,,,1,99,,8863,49,,,1
4504,'SEM',552,,8890,49,,,1,55,,8891,49,,,1,43,,8896,49,,,1,85,,8876,49,,,1,19,,8874,49,,,1,58,,8872,49,,,1,16,,8889,49,,,1,90,,8875,49,,,1,106,,8893,49,,,1,112,,8888,49,,,1,96,,8878,49,,,1,94,,8877,49,,,1,100,,8894,49,,,1,83,,8873,49,,,1,25,,8871,49,,,1,72,,8892,49,,,1,30,,8895,49,,,1,78,,8880,49,,,1,35,,8883,49,,,1,81,,8884,49,,,1,102,,8882,49,,,1,104,,8881,49,,,1,102,,8885,49,,,1,90,,8887,49,,,1,99,,8879,49,,,1,95,,8886,49,,,1
5002,'DIM',622,,9269,40,,,1,100,,2653,40,,,1,102,,9252,40,,,1,97,,9267,40,,,1,107,,9260,40,,,1,25,,9270,40,,,1,77,,9262,40,,,1,24,,9274,40,,,1,79,,9272,40,,,1,22,,9273,40,,,1,75,,9275,40,,,1,29,,9261,40,,,1,73,,9263,40,,,1,76,,9276,40,,,1,29,,9265,40,,,1,74,,9264,40,,,1,30,,9271,40,,,1,66,,9268,40,,,1,31,,9266,40,,,1,99,,9254,40,,,1,99,,9256,40,,,1,99,,9259,40,,,1,99,,9253,40,,,1,97,,9257,40,,,1,98,,9255,40,,,1,98,,9258,40,,,1
5002,'SAM',622,,9284,40,,,1,100,,9287,40,,,1,102,,9278,40,,,1,100,,9299,40,,,1,104,,9298,40,,,1,25,,9297,40,,,1,76,,9295,40,,,1,25,,9279,40,,,1,79,,9302,40,,,1,22,,9301,40,,,1,75,,9280,40,,,1,29,,9291,40,,,1,73,,9293,40,,,1,76,,9296,40,,,1,29,,9292,40,,,1,74,,9294,40,,,1,30,,9282,40,,,1,66,,9283,40,,,1,31,,9277,40,,,1,99,,9300,40,,,1,99,,9288,40,,,1,99,,9290,40,,,1,99,,9289,40,,,1,97,,9285,40,,,1,98,,9281,40,,,1,98,,9286,40,,,1
5002,'SEM',511,,9309,40,,,1,36,,9332,40,,,1,71,,9328,40,,,1,30,,9303,40,,,1,77,,9336,40,,,1,32,,9329,40,,,1,63,,9304,40,,,1,35,,9322,40,,,1,66,,9307,40,,,1,31,,9334,40,,,1,66,,9335,40,,,1,33,,9331,40,,,1,68,,9306,40,,,1,33,,9310,40,,,1,68,,9330,40,,,1,32,,9318,40,,,1,72,,9333,40,,,1,30,,9311,40,,,1,70,,9314,40,,,1,82,,9305,40,,,1,26,,9315,40,,,1,77,,9308,40,,,1,33,,9323,40,,,1,70,,9312,40,,,1,29,,9313,40,,,1,69,,9321,40,,,1,29,,9316,40,,,1,70,,9320,40,,,1,104,,9324,40,,,1,104,,9319,40,,,1,101,,9317,40,,,1,110,,9326,40,,,1,103,,9325,40,,,1,97,,9327,40,,,1
6002,'DIM',704,,9823,22,,,1,100,,9832,22,,,1,100,,9830,22,,,1,100,,9831,22,,,1,100,,9833,22,,,1,100,,9836,22,,,1,101,,9834,22,,,1,100,,9837,22,,,1,100,,9835,22,,,1,99,,9838,22,,,1,99,,9839,22,,,1,100,,9825,22,,,1,100,,9827,22,,,1,101,,9826,22,,,1,101,,9828,22,,,1,100,,9822,22,,,1,100,,9824,22,,,1,99,,9829,22,,,1
6002,'SAM',704,,9851,22,,,1,100,,9842,22,,,1,100,,9854,22,,,1,100,,9856,22,,,1,100,,9852,22,,,1,100,,9855,22,,,1,101,,9853,22,,,1,100,,9841,22,,,1,100,,9857,22,,,1,99,,9840,22,,,1,99,,9844,22,,,1,102,,9849,22,,,1,98,,9845,22,,,1,101,,9846,22,,,1,101,,9850,22,,,1,100,,9843,22,,,1,100,,9847,22,,,1,99,,9848,22,,,1
6002,'SEM',635,,9875,22,,,1,101,,9873,22,,,1,101,,9859,22,,,1,99,,9876,22,,,1,100,,9874,22,,,1,102,,9864,22,,,1,100,,9858,22,,,1,99,,9860,22,,,1,101,,9872,22,,,1,99,,9861,22,,,1,101,,9866,22,,,1,106,,9863,22,,,1,93,,9869,22,,,1,99,,9867,22,,,1,99,,9862,22,,,1,100,,9865,22,,,1,99,,9868,22,,,1,90,,9871,22,,,1,100,,9870,22,,,1
34504,'SEM',2518,,11613,19,,,1,118,,11612,19,,,1
