2201,'DIM',645,,7023,44,,,2,101,,7027,44,,,2,104,,7026,44,,,2,99,,7025,44,,,2,101,,7022,44,,,2,99,,7024,44,,,2,101,,7029,44,,,2,102,,7031,44,,,2,96,,7028,44,,,2,105,,7030,44,,,2,99,,7016,44,,,2,100,,7018,44,,,2,97,,7017,44,,,2,102,,7020,44,,,2,100,,7019,44,,,2,100,,7021,44,,,2
2201,'SAM',645,,7040,44,,,2,101,,7042,44,,,2,104,,7039,44,,,2,99,,7041,44,,,2,102,,7044,44,,,2,99,,7048,44,,,2,101,,7047,44,,,2,101,,7043,44,,,2,96,,7045,44,,,2,102,,7046,44,,,2,102,,7033,44,,,2,101,,7036,44,,,2,96,,7034,44,,,2,102,,7032,44,,,2,100,,7038,44,,,2,100,,7037,44,,,2,100,,7035,44,,,2
2201,'SEM',640,,7064,44,,,2,100,,7052,44,,,2,94,,7050,44,,,2,80,,7049,44,,,2,34,,7066,44,,,2,101,,7051,44,,,2,100,,7065,44,,,2,100,,7067,44,,,2,100,,7054,44,,,2,96,,7055,44,,,2,105,,7053,44,,,2,100,,7059,44,,,2,100,,7057,44,,,2,99,,7056,44,,,2,98,,7058,44,,,2,104,,7062,44,,,2,100,,7060,44,,,2,95,,7061,44,,,2,98,,7063,44,,,2
5001,'DIM',547,,9169,51,,,1,100,,9177,51,,,1,101,,9165,51,,,1,98,,9182,51,,,1,101,,9174,51,,,1,73,,9184,51,,,1,37,,9176,51,,,1,64,,9189,51,,,1,79,,9187,51,,,1,22,,9188,51,,,1,35,,9190,51,,,1,69,,9175,51,,,1,32,,9178,51,,,1,76,,9191,51,,,1,69,,9180,51,,,1,34,,9179,51,,,1,70,,9185,51,,,1,23,,9183,51,,,1,74,,9181,51,,,1,41,,9186,51,,,1,58,,9167,51,,,1,99,,9170,51,,,1,98,,9173,51,,,1,100,,9166,51,,,1,59,,9171,51,,,1,98,,9168,51,,,1,99,,9172,51,,,1
5001,'SAM',547,,9199,51,,,1,100,,9202,51,,,1,101,,9193,51,,,1,98,,9214,51,,,1,101,,9212,51,,,1,79,,9217,51,,,1,30,,9210,51,,,1,65,,9194,51,,,1,79,,9218,51,,,1,22,,9216,51,,,1,35,,9195,51,,,1,69,,9206,51,,,1,32,,9208,51,,,1,76,,9211,51,,,1,69,,9207,51,,,1,34,,9209,51,,,1,70,,9197,51,,,1,23,,9198,51,,,1,74,,9192,51,,,1,39,,9213,51,,,1,61,,9215,51,,,1,98,,9203,51,,,1,98,,9205,51,,,1,100,,9204,51,,,1,59,,9200,51,,,1,98,,9196,51,,,1,99,,9201,51,,,1
5001,'SEM',539,,9241,51,,,1,107,,9246,51,,,1,76,,9242,51,,,1,24,,9220,51,,,1,77,,9219,51,,,1,24,,9222,51,,,1,71,,9249,51,,,1,26,,9250,51,,,1,73,,9245,51,,,1,27,,9221,51,,,1,73,,9225,51,,,1,28,,9244,51,,,1,72,,9231,51,,,1,32,,9247,51,,,1,70,,9226,51,,,1,32,,9243,51,,,1,68,,9248,51,,,1,30,,9224,51,,,1,84,,9223,51,,,1,67,,9235,51,,,1,36,,9227,51,,,1,70,,9228,51,,,1,29,,9234,51,,,1,66,,9229,51,,,1,35,,9233,51,,,1,69,,9236,51,,,1,35,,9237,51,,,1,104,,9232,51,,,1,103,,9230,51,,,1,103,,9239,51,,,1,104,,9238,51,,,1,146,,9240,51,,,1,49,,9251,41,,,1
5801,'DIM',547,,9661,59,,,2,101,,9643,59,,,2,91,,9652,59,,,2,101,,9655,59,,,2,99,,9658,59,,,2,100,,9651,59,,,2,102,,9660,59,,,2,98,,9657,59,,,2,103,,9654,59,,,2,99,,9656,59,,,2,102,,9653,59,,,2,99,,9646,59,,,2,101,,9659,59,,,2,99,,9642,59,,,2,99,,9650,59,,,2,99,,9645,59,,,2,100,,9644,59,,,2,100,,9648,59,,,2,98,,9647,59,,,2,110,,9649,59,,,2
5801,'SAM',547,,9681,59,,,2,101,,9673,59,,,2,91,,9672,59,,,2,101,,9677,59,,,2,100,,9675,59,,,2,99,,9678,59,,,2,102,,9680,59,,,2,98,,9662,59,,,2,101,,9671,59,,,2,101,,9676,59,,,2,101,,9674,59,,,2,101,,9679,59,,,2,100,,9665,59,,,2,100,,9669,59,,,2,98,,9663,59,,,2,99,,9670,59,,,2,100,,9666,59,,,2,100,,9668,59,,,2,98,,9664,59,,,2,110,,9667,59,,,2
5801,'SEM',539,,9695,59,,,2,68,,9692,59,,,2,42,,9705,59,,,2,85,,9693,59,,,2,86,,9699,59,,,2,85,,9686,59,,,2,99,,9706,59,,,2,100,,9682,59,,,2,100,,9687,59,,,2,100,,9704,59,,,2,100,,9683,59,,,2,47,,9694,59,,,2,71,,9684,59,,,2,32,,9707,59,,,2,69,,9689,59,,,2,35,,9691,59,,,2,69,,9690,59,,,2,27,,9685,59,,,2,69,,9703,59,,,2,29,,9688,59,,,2,70,,9701,59,,,2,100,,9702,59,,,2,99,,9697,59,,,2,99,,9696,59,,,2,99,,9698,59,,,2,98,,9700,59,,,2
22201,'DIM',1417,,11475,44,,,2,815,,11473,44,,,2,83,,11474,44,,,2
22201,'SAM',1417,,11480,44,,,2,815,,11476,44,,,2,83,,11477,44,,,2,100,,11479,44,,,2,112,,11478,44,,,2
22201,'SEM',720,,11481,44,,,2,10,,11482,44,,,2,683,,11483,44,,,2,100,,11484,44,,,2,106,,11488,44,,,2,100,,11486,44,,,2,90,,11485,44,,,2,625,,11487,44,,,2
32201,'DIM',525,,11591,45,,,2,802,,11593,44,,,2,802,,11592,44,,,2
32201,'SAM',525,,11594,45,,,2,802,,11595,44,,,2
32201,'SEM',528,,11596,45,,,2,19,,11597,45,,,2,67,,11598,45,,,2,714,,11599,44,,,2,801,,11600,44,,,2
