2202,'DIM',725,,7078,32,,,2,100,,7077,32,,,2,100,,7076,32,,,2,100,,6315,32,,,2,101,,7079,32,,,2,100,,7081,32,,,2,96,,7080,32,,,2,106,,7075,32,,,2,98,,7069,32,,,2,114,,7082,32,,,2,88,,7071,32,,,2,100,,7072,32,,,2,98,,7074,32,,,2,101,,7073,32,,,2,100,,7068,32,,,2,100,,7070,32,,,2
2202,'SAM',627,,7099,16,,,2,98,,7093,32,,,2,100,,7090,32,,,2,100,,7089,32,,,2,98,,7095,32,,,2,103,,7094,32,,,2,100,,7092,32,,,2,96,,7098,32,,,2,104,,7091,32,,,2,100,,7097,32,,,2,112,,7096,32,,,2,90,,7084,32,,,2,100,,7086,32,,,2,98,,7083,32,,,2,101,,7085,32,,,2,100,,7088,32,,,2,100,,7087,32,,,2
2202,'SEM',602,,6230,32,,,2,18,,7111,32,,,2,105,,7118,32,,,2,31,,7108,32,,,2,70,,7100,32,,,2,98,,7102,32,,,2,31,,7101,32,,,2,69,,7119,32,,,2,101,,7106,32,,,2,100,,7117,32,,,2,100,,7120,32,,,2,102,,7105,32,,,2,100,,7107,32,,,2,102,,7103,32,,,2,24,,7104,32,,,2,75,,7110,32,,,2,99,,7109,32,,,2,100,,7116,32,,,2,101,,7115,32,,,2,98,,7113,32,,,2,107,,7112,32,,,2,96,,7114,32,,,2
5002,'DIM',604,,9269,9,,,1,100,,2653,9,,,1,100,,9252,9,,,1,96,,9267,9,,,1,107,,9260,9,,,1,25,,9270,9,,,1,77,,9262,9,,,1,24,,9274,9,,,1,79,,9272,9,,,1,22,,9273,9,,,1,75,,9275,9,,,1,29,,9261,9,,,1,72,,9263,9,,,1,36,,9276,9,,,1,69,,9265,9,,,1,34,,9264,9,,,1,70,,9271,9,,,1,26,,9268,9,,,1,71,,9266,9,,,1,100,,9254,9,,,1,99,,9256,9,,,1,99,,9259,9,,,1,99,,9253,9,,,1,98,,9257,9,,,1,98,,9255,9,,,1,100,,9258,9,,,1
5002,'SAM',604,,9284,9,,,1,100,,9287,9,,,1,100,,9278,9,,,1,99,,9299,9,,,1,104,,9298,9,,,1,25,,9297,9,,,1,76,,9295,9,,,1,25,,9279,9,,,1,79,,9302,9,,,1,22,,9301,9,,,1,75,,9280,9,,,1,29,,9291,9,,,1,72,,9293,9,,,1,36,,9296,9,,,1,69,,9292,9,,,1,34,,9294,9,,,1,70,,9282,9,,,1,26,,9283,9,,,1,71,,9277,9,,,1,100,,9300,9,,,1,99,,9288,9,,,1,99,,9290,9,,,1,99,,9289,9,,,1,98,,9285,9,,,1,98,,9281,9,,,1,100,,9286,9,,,1
5002,'SEM',452,,9309,9,,,1,75,,9332,9,,,1,30,,9328,9,,,1,70,,9303,9,,,1,75,,9336,9,,,1,31,,9329,9,,,1,24,,9304,9,,,1,75,,9322,9,,,1,26,,9307,9,,,1,71,,9334,9,,,1,26,,9335,9,,,1,73,,9331,9,,,1,27,,9306,9,,,1,73,,9310,9,,,1,28,,9330,9,,,1,72,,9318,9,,,1,72,,9333,9,,,1,30,,9311,9,,,1,70,,9314,9,,,1,41,,9305,9,,,1,67,,9315,9,,,1,37,,9308,9,,,1,72,,9323,9,,,1,31,,9312,9,,,1,70,,9313,9,,,1,30,,9321,9,,,1,70,,9316,9,,,1,30,,9320,9,,,1,105,,9324,9,,,1,105,,9319,9,,,1,101,,9317,9,,,1,150,,9326,9,,,1,105,,9325,9,,,1,98,,9327,9,,,1
5802,'DIM',603,,9712,9,,,2,100,,9719,9,,,2,51,,9716,9,,,2,100,,9720,9,,,2,100,,9723,9,,,2,99,,9715,9,,,2,101,,9725,9,,,2,100,,9722,9,,,2,101,,9718,9,,,2,99,,9721,9,,,2,101,,9717,9,,,2,99,,9711,9,,,2,101,,9724,9,,,2,101,,9708,9,,,2,100,,9714,9,,,2,99,,9710,9,,,2,99,,9709,9,,,2,99,,9713,9,,,2
5802,'SAM',603,,9743,9,,,2,100,,9735,9,,,2,51,,9734,9,,,2,100,,9739,9,,,2,100,,9737,9,,,2,99,,9740,9,,,2,101,,9742,9,,,2,100,,9726,9,,,2,98,,9733,9,,,2,101,,9738,9,,,2,101,,9736,9,,,2,101,,9741,9,,,2,100,,9728,9,,,2,101,,9731,9,,,2,100,,9727,9,,,2,99,,9732,9,,,2,99,,9729,9,,,2,99,,9730,9,,,2
5802,'SEM',522,,9762,9,,,2,34,,9755,9,,,2,62,,9754,9,,,2,39,,9763,9,,,2,75,,9765,9,,,2,69,,9747,9,,,2,33,,9746,9,,,2,83,,9750,9,,,2,99,,9766,9,,,2,100,,9744,9,,,2,100,,9751,9,,,2,100,,9764,9,,,2,101,,9745,9,,,2,25,,9748,9,,,2,69,,9752,9,,,2,102,,9758,9,,,2,33,,9749,9,,,2,94,,9753,9,,,2,96,,9760,9,,,2,100,,9759,9,,,2,100,,9761,9,,,2,98,,9757,9,,,2,99,,9756,9,,,2
22202,'DIM',1439,,4994,21,,,2
22202,'SAM',1439,,11491,21,,,2,898,,11489,21,,,2,100,,11490,21,,,2
22202,'SEM',539,,11498,21,,,2,119,,11493,21,,,2,81,,11494,21,,,2,767,,11497,21,,,2,35,,11492,21,,,2,703,,11495,21,,,2,65,,11496,21,,,2
32202,'SAM',2552,,11601,15,,,2
32202,'SEM',2421,,11602,15,,,2,84,,11603,15,,,2
