201,'SAM',2550,,6701,2,,,1,81,,6703,2,,,1,84,,6702,2,,,1
201,'SEM',2511,,6704,2,,,1,24,,6705,2,,,1,81,,6706,2,,,1,41,,6707,2,,,1
3304,'DIM',731,,7891,2,,,1,170,,7892,2,,,1,130,,7886,2,,,1,170,,7890,2,,,1,137,,7894,2,,,1,164,,7893,2,,,1,128,,7884,2,,,1,172,,7888,2,,,1,129,,7887,2,,,1,170,,7889,2,,,1,130,,7885,2,,,1
3304,'SAM',731,,7902,2,,,1,170,,7904,2,,,1,130,,7903,2,,,1,170,,7905,2,,,1,136,,7896,2,,,1,165,,7895,2,,,1,130,,7900,2,,,1,170,,7899,2,,,1,129,,7897,2,,,1,170,,7901,2,,,1,130,,7898,2,,,1
3304,'SEM',450,,7910,2,,,1,90,,7921,2,,,1,75,,7922,2,,,1,92,,7928,2,,,1,38,,7913,2,,,1,61,,7927,2,,,1,31,,7923,2,,,1,104,,7907,2,,,1,100,,7924,2,,,1,100,,7908,2,,,1,100,,7925,2,,,1,96,,7926,2,,,1,110,,7906,2,,,1,110,,7912,2,,,1,75,,7911,2,,,1,90,,7914,2,,,1,33,,7909,2,,,1,65,,7920,2,,,1,30,,7919,2,,,1,96,,7918,2,,,1,94,,7915,2,,,1,111,,7917,2,,,1,79,,7916,2,,,1
4201,'DIM',515,,8340,16,,,2,103,,8364,16,,,2,30,,8381,16,,,2,70,,1716,16,,,2,31,,8365,16,,,2,71,,8370,16,,,2,28,,8374,16,,,2,71,,8377,16,,,2,31,,8369,16,,,2,66,,8372,16,,,2,35,,8371,16,,,2,60,,8357,16,,,2,23,,8362,16,,,2,18,,8361,16,,,2,62,,8363,16,,,2,18,,8367,16,,,2,20,,8366,16,,,2,59,,8384,16,,,2,22,,8378,16,,,2,21,,8373,16,,,2,60,,1723,16,,,2,21,,8380,16,,,2,20,,8344,16,,,2,60,,8346,16,,,2,20,,8347,16,,,2,21,,8379,16,,,2,58,,8368,16,,,2,21,,8375,16,,,2,20,,8345,16,,,2,55,,8383,16,,,2,15,,8382,16,,,2,14,,8356,16,,,2,13,,8376,16,,,2,58,,8342,16,,,2,32,,8341,16,,,2,70,,8352,16,,,2,30,,8339,16,,,2,70,,8348,16,,,2,29,,8359,16,,,2,70,,8343,16,,,2,31,,8350,16,,,2,70,,8354,16,,,2,30,,8355,16,,,2,70,,8349,16,,,2,35,,8353,16,,,2,69,,8351,16,,,2,34,,8358,16,,,2,75,,8360,16,,,2
4201,'SAM',515,,8385,16,,,2,103,,8413,16,,,2,30,,8388,16,,,2,70,,8420,16,,,2,31,,8416,16,,,2,71,,8415,16,,,2,28,,8419,16,,,2,71,,8426,16,,,2,31,,8431,16,,,2,65,,8424,16,,,2,36,,8410,16,,,2,60,,8422,16,,,2,22,,8414,16,,,2,19,,8405,16,,,2,61,,8412,16,,,2,19,,8386,16,,,2,20,,8418,16,,,2,59,,8417,16,,,2,22,,8411,16,,,2,21,,8421,16,,,2,60,,8387,16,,,2,20,,8423,16,,,2,20,,8427,16,,,2,61,,8391,16,,,2,20,,8429,16,,,2,21,,8432,16,,,2,59,,8433,16,,,2,19,,8397,16,,,2,21,,8430,16,,,2,54,,8399,16,,,2,16,,8425,16,,,2,14,,8401,16,,,2,15,,8428,16,,,2,56,,8404,16,,,2,36,,8389,16,,,2,66,,8392,16,,,2,30,,8408,16,,,2,70,,8394,16,,,2,29,,8396,16,,,2,73,,8390,16,,,2,27,,8393,16,,,2,70,,8395,16,,,2,31,,8398,16,,,2,70,,8400,16,,,2,35,,8402,16,,,2,69,,8409,16,,,2,34,,8403,16,,,2,75,,8407,16,,,2,30,,8406,16,,,2
4201,'SEM',618,,8483,16,,,2,29,,8436,16,,,2,57,,8478,16,,,2,21,,8481,16,,,2,21,,8484,16,,,2,62,,8482,16,,,2,19,,8437,16,,,2,19,,8477,16,,,2,62,,8434,16,,,2,19,,8440,16,,,2,19,,8467,16,,,2,63,,8479,16,,,2,18,,8480,16,,,2,23,,8442,16,,,2,57,,8464,16,,,2,23,,8444,16,,,2,20,,8445,16,,,2,59,,8446,16,,,2,22,,8439,16,,,2,15,,8448,16,,,2,63,,8449,16,,,2,19,,8450,16,,,2,21,,8438,16,,,2,61,,8454,16,,,2,20,,8485,16,,,2,19,,8458,16,,,2,59,,8459,16,,,2,20,,8460,16,,,2,15,,8462,16,,,2,13,,8435,16,,,2,53,,8441,16,,,2,11,,8453,16,,,2,13,,8465,16,,,2,14,,8468,16,,,2,55,,8456,16,,,2,14,,8452,16,,,2,14,,8451,16,,,2,14,,8472,16,,,2,15,,8474,16,,,2,55,,8443,16,,,2,15,,8476,16,,,2,23,,8469,16,,,2,54,,8473,16,,,2,21,,8447,16,,,2,27,,8475,16,,,2,71,,8455,16,,,2,28,,8457,16,,,2,73,,8461,16,,,2,28,,8463,16,,,2,72,,8487,2,,,2,75,,8466,16,,,2,23,,8486,2,,,2,30,,8471,16,,,2,84,,8470,16,,,2
6304,'DIM',753,,10080,53,,,1,103,,10076,53,,,1,101,,10078,53,,,1,102,,10072,53,,,1,99,,10077,53,,,1,144,,10082,53,,,1,56,,10079,53,,,1,142,,10083,53,,,1,103,,10081,53,,,1,100,,10084,53,,,1,99,,10085,53,,,1,99,,10073,53,,,1,99,,10069,53,,,1,58,,10070,53,,,1,99,,10074,53,,,1,98,,10071,53,,,1,98,,10075,53,,,1
6304,'SAM',653,,10099,53,,,1,100,,10097,53,,,1,103,,10102,53,,,1,101,,10098,53,,,1,102,,10096,53,,,1,99,,10101,53,,,1,144,,10100,53,,,1,56,,10104,53,,,1,142,,10103,53,,,1,103,,10086,53,,,1,102,,10087,53,,,1,97,,10088,53,,,1,99,,10090,53,,,1,99,,10089,53,,,1,58,,10094,53,,,1,99,,10091,53,,,1,98,,10092,53,,,1,98,,10095,53,,,1,98,,10093,53,,,1
6304,'SEM',508,,10132,53,,,1,112,,10128,53,,,1,30,,10137,53,,,1,71,,10120,53,,,1,16,,10131,53,,,1,67,,10134,53,,,1,26,,10136,53,,,1,19,,10135,53,,,1,70,,10109,53,,,1,30,,10110,53,,,1,71,,10111,53,,,1,30,,10105,53,,,1,65,,10108,53,,,1,31,,10133,53,,,1,72,,10123,53,,,1,30,,10116,53,,,1,66,,10129,53,,,1,38,,10106,53,,,1,67,,10107,53,,,1,33,,10117,53,,,1,71,,10130,53,,,1,79,,10138,53,,,1,30,,10113,53,,,1,24,,10112,53,,,1,74,,10118,53,,,1,16,,10115,53,,,1,68,,10124,53,,,1,28,,10119,53,,,1,77,,10122,53,,,1,96,,10114,53,,,1,40,,10125,53,,,1,91,,10127,53,,,1,92,,10121,53,,,1,99,,10126,53,,,1
34504,'SEM',2522,,11613,25,,,1,118,,11612,25,,,1
