1704,'DIM',508,,6858,36,,,1,50,,6859,36,,,1,101,,6863,36,,,1,143,,6857,36,,,1,101,,165,36,,,1,100,,6861,36,,,1,101,,6862,36,,,1,100,,6864,36,,,1,101,,6865,36,,,1,101,,6860,36,,,1,102,,6846,36,,,1,99,,6847,36,,,1,100,,6850,36,,,1,101,,6852,36,,,1,98,,6851,36,,,1,98,,6849,36,,,1,100,,6853,36,,,1,98,,6856,36,,,1,99,,6848,36,,,1,99,,6854,36,,,1,56,,6855,36,,,1
1704,'SAM',508,,6878,36,,,1,50,,6879,36,,,1,101,,6885,36,,,1,143,,6882,36,,,1,101,,6877,36,,,1,100,,6881,36,,,1,101,,6886,36,,,1,100,,6884,36,,,1,101,,6883,36,,,1,101,,6880,36,,,1,101,,6867,36,,,1,100,,6868,36,,,1,101,,6870,36,,,1,100,,6872,36,,,1,98,,6866,36,,,1,98,,6874,36,,,1,100,,6871,36,,,1,98,,6869,36,,,1,99,,6873,36,,,1,99,,6875,36,,,1,56,,6876,36,,,1
1704,'SEM',520,,6901,36,,,1,94,,6906,36,,,1,22,,6909,36,,,1,22,,6888,36,,,1,67,,6892,36,,,1,75,,6893,36,,,1,21,,6887,36,,,1,98,,6890,36,,,1,85,,6891,36,,,1,100,,6894,36,,,1,100,,6905,36,,,1,100,,6907,36,,,1,100,,6896,36,,,1,102,,6908,36,,,1,101,,6889,36,,,1,105,,6897,36,,,1,95,,6895,36,,,1,97,,6898,36,,,1,101,,6903,36,,,1,100,,6904,36,,,1,99,,6899,36,,,1,100,,6900,36,,,1,99,,6902,36,,,1
2704,'DIM',754,,7675,41,,,2,101,,7676,41,,,2,100,,7671,41,,,2,99,,7673,41,,,2,98,,7674,41,,,2,103,,7670,41,,,2,95,,7677,41,,,2,107,,7672,41,,,2,100,,7663,41,,,2,100,,7667,41,,,2,100,,7668,41,,,2,99,,7664,41,,,2,100,,7666,41,,,2,98,,7665,41,,,2,100,,7669,41,,,2,100,,7662,41,,,2
2704,'SAM',654,,7690,41,,,2,100,,7686,41,,,2,101,,7687,41,,,2,100,,7685,41,,,2,99,,7694,41,,,2,100,,7689,41,,,2,101,,7692,41,,,2,94,,7688,41,,,2,108,,7691,41,,,2,100,,7681,41,,,2,100,,7682,41,,,2,93,,7684,41,,,2,106,,7693,41,,,2,100,,7680,41,,,2,98,,7683,41,,,2,100,,7678,41,,,2,100,,7679,41,,,2
2704,'SEM',617,,7716,41,,,2,28,,7696,41,,,2,68,,7713,41,,,2,28,,7699,41,,,2,67,,7700,41,,,2,28,,7718,41,,,2,66,,7715,41,,,2,49,,7714,41,,,2,100,,7703,41,,,2,108,,7695,41,,,2,95,,7717,41,,,2,88,,7698,41,,,2,106,,7697,41,,,2,107,,7708,41,,,2,77,,7709,41,,,2,80,,7704,41,,,2,13,,7701,41,,,2,30,,7702,41,,,2,71,,7706,41,,,2,75,,7711,41,,,2,100,,7707,41,,,2,45,,7710,41,,,2,96,,7705,41,,,2,104,,7712,41,,,2
3104,'DIM',628,,7789,46,,,1,104,,7790,46,,,1,100,,7788,46,,,1,101,,7794,46,,,1,101,,7795,46,,,1,100,,7793,46,,,1,100,,7791,46,,,1,103,,7779,46,,,1,101,,7792,46,,,1,100,,7778,46,,,1,101,,7777,46,,,1,99,,7782,46,,,1,98,,7784,46,,,1,102,,7783,46,,,1,96,,7785,46,,,1,99,,7781,46,,,1,99,,7780,46,,,1,98,,7786,46,,,1,102,,7787,46,,,1
3104,'SAM',528,,1137,46,,,1,100,,7805,46,,,1,104,,7808,46,,,1,100,,7807,46,,,1,101,,7810,46,,,1,101,,7813,46,,,1,100,,7814,46,,,1,100,,7809,46,,,1,102,,7804,46,,,1,101,,7811,46,,,1,101,,7806,46,,,1,101,,7812,46,,,1,100,,7800,46,,,1,98,,7802,46,,,1,99,,7798,46,,,1,99,,7803,46,,,1,98,,7796,46,,,1,99,,7797,46,,,1,98,,7799,46,,,1,102,,7801,46,,,1
3104,'SEM',452,,7823,46,,,1,77,,7824,46,,,1,92,,7835,46,,,1,21,,7837,46,,,1,63,,7817,46,,,1,34,,7836,46,,,1,68,,7833,46,,,1,29,,7831,46,,,1,75,,7832,46,,,1,22,,7834,46,,,1,100,,7815,46,,,1,102,,7816,46,,,1,100,,7819,46,,,1,101,,7838,46,,,1,100,,7818,46,,,1,102,,7821,46,,,1,100,,7822,46,,,1,96,,7820,46,,,1,103,,7825,46,,,1,97,,7830,46,,,1,105,,7829,46,,,1,99,,7826,46,,,1,101,,7827,46,,,1,100,,7828,46,,,1
3904,'DIM',838,,8142,46,,,1,112,,8136,46,,,1,82,,8143,46,,,1,70,,8146,46,,,1,33,,8137,46,,,1,67,,8135,46,,,1,33,,8145,46,,,1,69,,8140,46,,,1,34,,8129,46,,,1,67,,8144,46,,,1,30,,8138,46,,,1,71,,8139,46,,,1,32,,8128,46,,,1,70,,8141,46,,,1,31,,8124,46,,,1,71,,8125,46,,,1,28,,8130,46,,,1,68,,8131,46,,,1,29,,8132,46,,,1,83,,8133,46,,,1,98,,8126,46,,,1,100,,8134,46,,,1,100,,8127,46,,,1
3904,'SAM',838,,8162,46,,,1,112,,8155,46,,,1,82,,8166,46,,,1,70,,8156,46,,,1,30,,8147,46,,,1,70,,8153,46,,,1,36,,8159,46,,,1,66,,8157,46,,,1,34,,8163,46,,,1,67,,8154,46,,,1,30,,8160,46,,,1,71,,8161,46,,,1,31,,8167,46,,,1,71,,8158,46,,,1,32,,8164,46,,,1,64,,8165,46,,,1,34,,8168,46,,,1,68,,8169,46,,,1,29,,8148,46,,,1,86,,8149,46,,,1,97,,8151,46,,,1,98,,8150,46,,,1,100,,8152,46,,,1
3904,'SEM',632,,8193,46,,,1,27,,8186,46,,,1,54,,8192,46,,,1,11,,8174,46,,,1,30,,8189,46,,,1,71,,8170,46,,,1,31,,8187,46,,,1,70,,8194,46,,,1,75,,8172,46,,,1,28,,8173,46,,,1,73,,8184,46,,,1,30,,8188,46,,,1,71,,8190,46,,,1,28,,8181,46,,,1,72,,8185,46,,,1,27,,8191,46,,,1,78,,8171,46,,,1,34,,8176,46,,,1,70,,8178,46,,,1,31,,8179,46,,,1,102,,8195,46,,,1,110,,8182,46,,,1,98,,8183,46,,,1,104,,8175,46,,,1,100,,8177,46,,,1,94,,8180,46,,,1
4304,'DIM',504,,8722,21,,,1,103,,8716,21,,,1,100,,8712,21,,,1,102,,8714,21,,,1,102,,8719,21,,,1,100,,8717,21,,,1,106,,8718,21,,,1,100,,8715,21,,,1,100,,8723,21,,,1,100,,8720,21,,,1,104,,8721,21,,,1,99,,8704,21,,,1,99,,8705,21,,,1,101,,8707,21,,,1,94,,8710,21,,,1,98,,8709,21,,,1,99,,8706,21,,,1,99,,8708,21,,,1,100,,8713,21,,,1,100,,8711,21,,,1
4304,'SAM',504,,8740,21,,,1,103,,8737,21,,,1,100,,8734,21,,,1,102,,8725,21,,,1,102,,8741,21,,,1,100,,8726,21,,,1,106,,8727,21,,,1,100,,8738,21,,,1,100,,8735,21,,,1,100,,8742,21,,,1,103,,8736,21,,,1,101,,8739,21,,,1,98,,8724,21,,,1,97,,8743,21,,,1,98,,8731,21,,,1,98,,8728,21,,,1,99,,2109,21,,,1,99,,8729,21,,,1,100,,8730,21,,,1,100,,8733,21,,,1,98,,8732,21,,,1
4304,'SEM',521,,8765,21,,,1,35,,8771,21,,,1,75,,8744,21,,,1,25,,8746,21,,,1,61,,8769,21,,,1,31,,8745,21,,,1,73,,8770,21,,,1,33,,8749,21,,,1,75,,8766,21,,,1,28,,8772,21,,,1,71,,8748,21,,,1,30,,8767,21,,,1,70,,8755,21,,,1,30,,8751,21,,,1,70,,8774,21,,,1,30,,8773,21,,,1,70,,8768,21,,,1,72,,8752,21,,,1,29,,8753,21,,,1,30,,8757,21,,,1,76,,8775,21,,,1,65,,8747,21,,,1,26,,8754,21,,,1,30,,8750,21,,,1,97,,8756,21,,,1,97,,8761,21,,,1,100,,8763,21,,,1,101,,8764,21,,,1,99,,8758,21,,,1,101,,8759,21,,,1,150,,8760,21,,,1,20,,8762,21,,,1
7304,'DIM',543,,10665,64,,,1,70,,10654,64,,,1,103,,10658,64,,,1,101,,10661,64,,,1,101,,10657,64,,,1,101,,10659,64,,,1,100,,10662,64,,,1,100,,10666,64,,,1,102,,10660,64,,,1,101,,10663,64,,,1,101,,10656,64,,,1,100,,10664,64,,,1,100,,10667,64,,,1,100,,10650,64,,,1,99,,10647,64,,,1,97,,10653,64,,,1,99,,10649,64,,,1,99,,10648,64,,,1,98,,10651,64,,,1,101,,10652,64,,,1,99,,10655,64,,,1
7304,'SAM',543,,10686,64,,,1,70,,10676,64,,,1,103,,10681,64,,,1,101,,10678,64,,,1,101,,10677,64,,,1,101,,10682,64,,,1,100,,10684,64,,,1,101,,10680,64,,,1,101,,10671,64,,,1,101,,10683,64,,,1,101,,10679,64,,,1,100,,10685,64,,,1,100,,10687,64,,,1,100,,10670,64,,,1,98,,10668,64,,,1,98,,10669,64,,,1,99,,10673,64,,,1,99,,10672,64,,,1,98,,4131,64,,,1,101,,10674,64,,,1,99,,4133,64,,,1,100,,10675,64,,,1,99,,4134,64,,,1
7304,'SEM',505,,10719,64,,,1,42,,10716,64,,,1,82,,10722,64,,,1,18,,10725,64,,,1,71,,10721,64,,,1,14,,10718,64,,,1,14,,10694,64,,,1,68,,10696,64,,,1,14,,10717,64,,,1,15,,10723,64,,,1,65,,10712,64,,,1,31,,10690,64,,,1,80,,10689,64,,,1,29,,10705,64,,,1,70,,10720,64,,,1,30,,10691,64,,,1,71,,10695,64,,,1,36,,10704,64,,,1,66,,10697,64,,,1,30,,10724,64,,,1,70,,10692,64,,,1,30,,10693,64,,,1,73,,10701,64,,,1,31,,10688,64,,,1,72,,10698,64,,,1,79,,10708,64,,,1,22,,10706,64,,,1,27,,10700,64,,,1,69,,10707,64,,,1,76,,10702,64,,,1,20,,10713,64,,,1,30,,10699,64,,,1,70,,10709,64,,,1,30,,10711,64,,,1,73,,10703,64,,,1,96,,10715,64,,,1,99,,10710,64,,,1,103,,10714,64,,,1
7402,'DIM',644,,10786,77,,,2,102,,10789,77,,,2,101,,6451,77,,,2,101,,10790,77,,,2,101,,10788,77,,,2,100,,10787,77,,,2,101,,10793,77,,,2,100,,10792,77,,,2,103,,10794,77,,,2,99,,10791,77,,,2,99,,10781,77,,,2,102,,10780,77,,,2,98,,10782,77,,,2,98,,10783,77,,,2,99,,6443,77,,,2,100,,10784,77,,,2,98,,10785,77,,,2
7402,'SAM',644,,10802,77,,,2,102,,10806,77,,,2,101,,10804,77,,,2,101,,10801,77,,,2,101,,10805,77,,,2,100,,10807,77,,,2,101,,10810,77,,,2,101,,10803,77,,,2,100,,10808,77,,,2,101,,10811,77,,,2,100,,10809,77,,,2,100,,10795,77,,,2,99,,10797,77,,,2,98,,10799,77,,,2,99,,10798,77,,,2,100,,10800,77,,,2,98,,10796,77,,,2
7402,'SEM',603,,10825,77,,,2,49,,10830,77,,,2,60,,10813,77,,,2,41,,10824,77,,,2,100,,10814,77,,,2,99,,10812,77,,,2,99,,10816,77,,,2,101,,10826,77,,,2,97,,10829,77,,,2,100,,10815,77,,,2,101,,10828,77,,,2,102,,10827,77,,,2,100,,10817,77,,,2,97,,10818,77,,,2,100,,10821,77,,,2,98,,10823,77,,,2,99,,10819,77,,,2,102,,10820,77,,,2,98,,10822,77,,,2
