3703,'DIM',642,,7950,39,,,2,75,,7951,39,,,2,101,,7949,39,,,2,100,,7948,39,,,2,100,,7956,39,,,2,100,,7955,39,,,2,101,,7945,39,,,2,100,,7946,39,,,2,105,,7957,39,,,2,96,,7953,39,,,2,99,,7954,39,,,2,100,,7952,39,,,2,90,,7947,39,,,2
3703,'SAM',642,,1290,39,,,2,75,,7963,39,,,2,101,,7960,39,,,2,100,,7964,39,,,2,100,,7967,39,,,2,100,,7965,39,,,2,101,,7968,39,,,2,101,,7961,39,,,2,99,,7959,39,,,2,102,,7962,39,,,2,99,,7958,39,,,2,99,,7966,39,,,2,90,,7969,39,,,2
3703,'SEM',604,,7986,39,,,2,15,,7974,39,,,2,17,,1324,39,,,2,15,,7985,39,,,2,54,,7990,39,,,2,16,,7994,39,,,2,20,,7971,39,,,2,76,,7975,39,,,2,39,,7989,39,,,2,68,,7995,39,,,2,99,,7973,39,,,2,100,,7992,39,,,2,100,,7976,39,,,2,100,,7987,39,,,2,102,,7993,39,,,2,82,,7991,39,,,2,20,,7972,39,,,2,26,,7988,39,,,2,72,,7970,39,,,2,32,,7996,39,,,2,102,,7977,39,,,2,98,,7983,39,,,2,102,,7978,39,,,2,100,,7982,39,,,2,100,,7984,39,,,2,99,,7979,39,,,2,97,,7981,39,,,2,102,,7980,39,,,2
6303,'DIM',759,,10005,37,,,1,141,,10007,37,,,1,102,,9998,37,,,1,98,,10006,37,,,1,103,,10010,37,,,1,56,,10008,37,,,1,143,,10011,37,,,1,103,,10009,37,,,1,100,,10012,37,,,1,100,,10013,37,,,1,100,,9999,37,,,1,97,,9995,37,,,1,98,,9996,37,,,1,59,,10001,37,,,1,100,,9997,37,,,1,100,,10002,37,,,1,99,,10000,37,,,1,100,,10003,37,,,1,97,,10004,37,,,1
6303,'SAM',658,,10027,37,,,1,101,,10031,37,,,1,141,,10028,37,,,1,102,,10026,37,,,1,98,,10030,37,,,1,103,,10029,37,,,1,56,,10033,37,,,1,143,,10032,37,,,1,103,,10014,37,,,1,102,,10015,37,,,1,98,,10016,37,,,1,100,,10018,37,,,1,97,,10017,37,,,1,98,,10022,37,,,1,59,,10019,37,,,1,100,,10020,37,,,1,100,,10023,37,,,1,99,,10021,37,,,1,100,,10024,37,,,1,97,,10025,37,,,1
6303,'SEM',618,,10049,37,,,1,21,,10059,37,,,1,16,,10060,37,,,1,77,,10066,37,,,1,14,,10064,37,,,1,74,,10038,37,,,1,23,,10040,37,,,1,73,,10041,37,,,1,33,,10034,37,,,1,65,,10037,37,,,1,33,,10063,37,,,1,67,,10051,37,,,1,32,,10067,37,,,1,66,,10061,37,,,1,38,,10035,37,,,1,67,,10036,37,,,1,31,,10065,37,,,1,70,,10062,37,,,1,33,,10068,37,,,1,72,,10043,37,,,1,26,,10042,37,,,1,74,,10047,37,,,1,19,,10045,37,,,1,65,,10039,37,,,1,32,,10048,37,,,1,80,,10046,37,,,1,96,,10044,37,,,1,41,,10052,37,,,1,93,,10055,37,,,1,94,,10050,37,,,1,88,,10053,37,,,1,104,,10054,37,,,1,99,,10058,37,,,1,104,,10056,37,,,1,94,,10057,37,,,1
6503,'DIM',719,,10150,13,,,2,101,,10152,13,,,2,100,,10154,13,,,2,100,,10156,13,,,2,103,,10153,13,,,2,97,,10151,13,,,2,107,,10139,13,,,2,100,,10155,13,,,2,96,,10157,13,,,2,98,,10142,13,,,2,102,,10144,13,,,2,98,,10143,13,,,2,99,,10146,13,,,2,100,,10148,13,,,2,99,,10140,13,,,2,100,,10141,13,,,2,100,,10147,13,,,2,99,,10149,13,,,2,100,,10145,13,,,2
6503,'SAM',719,,10170,13,,,2,101,,10173,13,,,2,100,,10172,13,,,2,100,,10174,13,,,2,102,,10175,13,,,2,97,,10177,13,,,2,108,,10176,13,,,2,99,,10171,13,,,2,97,,10158,13,,,2,98,,10160,13,,,2,102,,10163,13,,,2,100,,10166,13,,,2,97,,3589,13,,,2,100,,10168,13,,,2,99,,10162,13,,,2,100,,10159,13,,,2,100,,10161,13,,,2,99,,10164,13,,,2,100,,10165,13,,,2,85,,10167,13,,,2,35,,10169,13,,,2
6503,'SEM',508,,10213,1,,,2,97,,10187,13,,,2,27,,10179,13,,,2,27,,10206,13,,,2,64,,10180,13,,,2,24,,10182,13,,,2,78,,10195,13,,,2,26,,10212,13,,,2,78,,10183,13,,,2,25,,10184,13,,,2,70,,10203,13,,,2,30,,10185,13,,,2,70,,10210,13,,,2,31,,10207,13,,,2,70,,10208,13,,,2,30,,10209,13,,,2,70,,10186,13,,,2,30,,10189,13,,,2,70,,10181,13,,,2,30,,10193,13,,,2,74,,10194,13,,,2,71,,10178,13,,,2,25,,10188,13,,,2,25,,10200,13,,,2,54,,10211,13,,,2,15,,10201,13,,,2,14,,10202,13,,,2,15,,10196,13,,,2,53,,10204,13,,,2,17,,10199,13,,,2,33,,10191,13,,,2,103,,10190,13,,,2,99,,10192,13,,,2,100,,10197,13,,,2,100,,10198,13,,,2,99,,10205,13,,,2
7001,'DIM',713,,10411,29,,,1,101,,10401,29,,,1,99,,10409,29,,,1,100,,10412,29,,,1,28,,10415,29,,,1,71,,10410,29,,,1,30,,10417,29,,,1,68,,10416,29,,,1,30,,10413,29,,,1,75,,10414,29,,,1,29,,10418,29,,,1,67,,10394,29,,,1,34,,10419,29,,,1,65,,10397,29,,,1,35,,10398,29,,,1,67,,10399,29,,,1,33,,10396,29,,,1,73,,10402,29,,,1,33,,10405,29,,,1,70,,10400,29,,,1,94,,10406,29,,,1,99,,10403,29,,,1,100,,10395,29,,,1,99,,10407,29,,,1,100,,10408,29,,,1,100,,10404,29,,,1
7001,'SAM',713,,10436,29,,,1,101,,10441,29,,,1,99,,10443,29,,,1,100,,10444,29,,,1,27,,10442,29,,,1,72,,10420,29,,,1,29,,10445,29,,,1,69,,10440,29,,,1,30,,10421,29,,,1,74,,10437,29,,,1,28,,10422,29,,,1,73,,10438,29,,,1,30,,10424,29,,,1,65,,10439,29,,,1,33,,10427,29,,,1,69,,10429,29,,,1,33,,10426,29,,,1,74,,10428,29,,,1,32,,10432,29,,,1,70,,10430,29,,,1,94,,10434,29,,,1,99,,10423,29,,,1,100,,10425,29,,,1,98,,10435,29,,,1,101,,10433,29,,,1,100,,10431,29,,,1
7001,'SEM',525,,10472,29,,,1,32,,10450,29,,,1,66,,10473,29,,,1,18,,10474,29,,,1,18,,10469,29,,,1,68,,10480,29,,,1,24,,10461,29,,,1,65,,10447,29,,,1,29,,10479,29,,,1,70,,10476,29,,,1,31,,10477,29,,,1,69,,10458,29,,,1,31,,10481,29,,,1,69,,10449,29,,,1,32,,10454,29,,,1,68,,10478,29,,,1,30,,10448,29,,,1,69,,10446,29,,,1,32,,10475,29,,,1,70,,10453,29,,,1,38,,10456,29,,,1,64,,10452,29,,,1,10,,10459,29,,,1,89,,10451,29,,,1,37,,10463,29,,,1,67,,10466,29,,,1,35,,10467,29,,,1,66,,10455,29,,,1,79,,10464,29,,,1,45,,10460,29,,,1,74,,10457,29,,,1,108,,10465,29,,,1,99,,10462,29,,,1,100,,10470,29,,,1,99,,10468,29,,,1,128,,10471,29,,,1
7602,'DIM',612,,5136,13,,,2,96,,10940,13,,,2,100,,10950,13,,,2,101,,10952,13,,,2,30,,10948,13,,,2,70,,10949,13,,,2,30,,10930,13,,,2,70,,10953,13,,,2,30,,10951,13,,,2,70,,10939,13,,,2,32,,10954,13,,,2,72,,10955,13,,,2,27,,10931,13,,,2,74,,10941,13,,,2,33,,10933,13,,,2,64,,10934,13,,,2,30,,10936,13,,,2,70,,10932,13,,,2,30,,4405,13,,,2,70,,4422,13,,,2,30,,10937,13,,,2,74,,10945,13,,,2,94,,10946,13,,,2,100,,10938,13,,,2,101,,10947,13,,,2,101,,10935,13,,,2,99,,10942,13,,,2,99,,10944,13,,,2,100,,10943,13,,,2
7602,'SAM',612,,10973,13,,,2,96,,10972,13,,,2,100,,10976,13,,,2,101,,10978,13,,,2,30,,10983,13,,,2,70,,10971,13,,,2,30,,10980,13,,,2,70,,10979,13,,,2,30,,10984,13,,,2,70,,10957,13,,,2,30,,10974,13,,,2,74,,10956,13,,,2,27,,10975,13,,,2,74,,10982,13,,,2,33,,10958,13,,,2,64,,10959,13,,,2,30,,10981,13,,,2,70,,10962,13,,,2,30,,4456,13,,,2,70,,10960,13,,,2,30,,10977,13,,,2,75,,10965,13,,,2,93,,10967,13,,,2,100,,10963,13,,,2,101,,10961,13,,,2,101,,10966,13,,,2,99,,10964,13,,,2,99,,10969,13,,,2,100,,10968,13,,,2,101,,10970,13,,,2
7602,'SEM',556,,10985,13,,,2,62,,11014,13,,,2,16,,4470,13,,,2,11,,11012,13,,,2,64,,11016,13,,,2,19,,11018,13,,,2,22,,10992,13,,,2,61,,10986,13,,,2,34,,11013,13,,,2,68,,11017,13,,,2,31,,11010,13,,,2,72,,10987,13,,,2,30,,11015,13,,,2,70,,10991,13,,,2,29,,11011,13,,,2,72,,10990,13,,,2,30,,10995,13,,,2,71,,11020,13,,,2,28,,10996,13,,,2,70,,10988,13,,,2,35,,11019,13,,,2,65,,10989,13,,,2,24,,10993,13,,,2,66,,11000,13,,,2,25,,11001,13,,,2,25,,11004,13,,,2,65,,11006,13,,,2,24,,11002,13,,,2,60,,10998,13,,,2,34,,10994,13,,,2,70,,11005,13,,,2,31,,11008,13,,,2,100,,10997,13,,,2,100,,10999,13,,,2,99,,11007,13,,,2,103,,11003,13,,,2,109,,11009,13,,,2
