1601,'SEM',1622,,6774,17,,,1,32,,6772,17,,,1,74,,6775,17,,,1,24,,6773,17,,,1,72,,6776,17,,,1
3903,'DIM',922,,8065,8,,,1,30,,8070,8,,,1,71,,8071,8,,,1,30,,8068,8,,,1,74,,8069,8,,,1,26,,8072,8,,,1,69,,8062,8,,,1,31,,8066,8,,,1,70,,8063,8,,,1,30,,8049,8,,,1,70,,8052,8,,,1,31,,8055,8,,,1,70,,8067,8,,,1,31,,8056,8,,,1,71,,8057,8,,,1,25,,8058,8,,,1,58,,8064,8,,,1,10,,8059,8,,,1,24,,8053,8,,,1,65,,8060,8,,,1,99,,8050,8,,,1,100,,8061,8,,,1,99,,8051,8,,,1,104,,8054,8,,,1
3903,'SAM',922,,8092,8,,,1,30,,8096,8,,,1,71,,8073,8,,,1,30,,8087,8,,,1,74,,8090,8,,,1,26,,8089,8,,,1,70,,8074,8,,,1,30,,8088,8,,,1,70,,8091,8,,,1,30,,8075,8,,,1,70,,8094,8,,,1,31,,8078,8,,,1,70,,8079,8,,,1,31,,8081,8,,,1,71,,8095,8,,,1,25,,8082,8,,,1,58,,8093,8,,,1,11,,8080,8,,,1,23,,8077,8,,,1,69,,8076,8,,,1,97,,8084,8,,,1,98,,8083,8,,,1,99,,8086,8,,,1,104,,8085,8,,,1
3903,'SEM',713,,8120,8,,,1,99,,8102,8,,,1,104,,8100,8,,,1,33,,8104,8,,,1,69,,8121,8,,,1,31,,8122,8,,,1,68,,8115,8,,,1,31,,8119,8,,,1,67,,8123,8,,,1,38,,8099,8,,,1,73,,8106,8,,,1,27,,8108,8,,,1,71,,8109,8,,,1,34,,8098,8,,,1,77,,8116,8,,,1,23,,8110,8,,,1,68,,8101,8,,,1,25,,8103,8,,,1,75,,8111,8,,,1,80,,8112,8,,,1,40,,8105,8,,,1,99,,8107,8,,,1,96,,8113,8,,,1,103,,8117,8,,,1,99,,8114,8,,,1,88,,8118,8,,,1
4001,'DIM',833,,8199,27,,,1,102,,8208,27,,,1,102,,8210,27,,,1,100,,8211,27,,,1,99,,8209,27,,,1,101,,8212,27,,,1,100,,8207,27,,,1,100,,8206,27,,,1,100,,8196,27,,,1,103,,8202,27,,,1,97,,8205,27,,,1,98,,8203,27,,,1,99,,8198,27,,,1,99,,8197,27,,,1,99,,8200,27,,,1,100,,8201,27,,,1,93,,8204,27,,,1
4001,'SAM',730,,8219,27,,,1,103,,8221,27,,,1,102,,8228,27,,,1,102,,8225,27,,,1,96,,8226,27,,,1,104,,8224,27,,,1,100,,8229,27,,,1,100,,8227,27,,,1,99,,8220,27,,,1,101,,8230,27,,,1,103,,8213,27,,,1,97,,8222,27,,,1,98,,8214,27,,,1,99,,8216,27,,,1,99,,8223,27,,,1,99,,8215,27,,,1,100,,8217,27,,,1,93,,8218,27,,,1
4001,'SEM',503,,8236,27,,,1,25,,8258,27,,,1,75,,8241,27,,,1,33,,8260,27,,,1,71,,8234,27,,,1,25,,8264,27,,,1,21,,8267,27,,,1,63,,8265,27,,,1,18,,8251,27,,,1,69,,8240,27,,,1,23,,8233,27,,,1,76,,8235,27,,,1,30,,8242,27,,,1,70,,8261,27,,,1,30,,8243,27,,,1,71,,8263,27,,,1,30,,8259,27,,,1,70,,8238,27,,,1,30,,8262,27,,,1,75,,8232,27,,,1,37,,8239,27,,,1,60,,8237,27,,,1,30,,8231,27,,,1,71,,8247,27,,,1,33,,8266,27,,,1,72,,8248,27,,,1,28,,8244,27,,,1,74,,8252,27,,,1,32,,8245,27,,,1,70,,8253,27,,,1,28,,8250,27,,,1,69,,8254,27,,,1,99,,8249,27,,,1,97,,8246,27,,,1,104,,8255,27,,,1,88,,8256,27,,,1,100,,8257,27,,,1
4201,'DIM',513,,8340,12,,,2,102,,8364,12,,,2,30,,8381,12,,,2,70,,1716,12,,,2,31,,8365,12,,,2,71,,8370,12,,,2,27,,8374,12,,,2,71,,8377,12,,,2,31,,8369,12,,,2,66,,8372,12,,,2,35,,8371,12,,,2,60,,8357,12,,,2,23,,8362,12,,,2,18,,8361,12,,,2,62,,8363,12,,,2,18,,8367,12,,,2,20,,8366,12,,,2,59,,8384,12,,,2,22,,8378,12,,,2,21,,8373,12,,,2,60,,1723,12,,,2,21,,8380,12,,,2,20,,8344,12,,,2,60,,8346,12,,,2,20,,8347,12,,,2,21,,8379,12,,,2,58,,8368,12,,,2,21,,8375,12,,,2,20,,8345,12,,,2,55,,8383,12,,,2,15,,8382,12,,,2,14,,8356,12,,,2,13,,8376,12,,,2,58,,8342,12,,,2,32,,8341,12,,,2,70,,8352,12,,,2,30,,8339,12,,,2,70,,8348,12,,,2,29,,8359,12,,,2,70,,8343,12,,,2,31,,8350,12,,,2,70,,8354,12,,,2,30,,8355,12,,,2,70,,8349,12,,,2,35,,8353,12,,,2,70,,8351,12,,,2,34,,8358,12,,,2,75,,8360,12,,,2
4201,'SAM',513,,8385,12,,,2,102,,8413,12,,,2,30,,8388,12,,,2,70,,8420,12,,,2,31,,8416,12,,,2,71,,8415,12,,,2,27,,8419,12,,,2,71,,8426,12,,,2,31,,8431,12,,,2,65,,8424,12,,,2,36,,8410,12,,,2,60,,8422,12,,,2,22,,8414,12,,,2,19,,8405,12,,,2,61,,8412,12,,,2,19,,8386,12,,,2,20,,8418,12,,,2,59,,8417,12,,,2,22,,8411,12,,,2,21,,8421,12,,,2,60,,8387,12,,,2,20,,8423,12,,,2,20,,8427,12,,,2,61,,8391,12,,,2,20,,8429,12,,,2,21,,8432,12,,,2,59,,8433,12,,,2,19,,8397,12,,,2,21,,8430,12,,,2,54,,8399,12,,,2,16,,8425,12,,,2,14,,8401,12,,,2,15,,8428,12,,,2,56,,8404,12,,,2,36,,8389,12,,,2,66,,8392,12,,,2,30,,8408,12,,,2,70,,8394,12,,,2,29,,8396,12,,,2,73,,8390,12,,,2,27,,8393,12,,,2,70,,8395,12,,,2,31,,8398,12,,,2,70,,8400,12,,,2,35,,8402,12,,,2,70,,8409,12,,,2,34,,8403,12,,,2,75,,8407,12,,,2,30,,8406,12,,,2
4201,'SEM',614,,8483,12,,,2,29,,8436,12,,,2,57,,8478,12,,,2,21,,8481,12,,,2,21,,8484,12,,,2,62,,8482,12,,,2,19,,8437,12,,,2,19,,8477,12,,,2,62,,8434,12,,,2,19,,8440,12,,,2,19,,8467,12,,,2,63,,8479,12,,,2,18,,8480,12,,,2,23,,8442,12,,,2,57,,8464,12,,,2,23,,8444,12,,,2,20,,8445,12,,,2,59,,8446,12,,,2,22,,8439,12,,,2,15,,8448,12,,,2,63,,8449,12,,,2,19,,8450,12,,,2,21,,8438,12,,,2,61,,8454,12,,,2,20,,8485,12,,,2,19,,8458,12,,,2,59,,8459,12,,,2,20,,8460,12,,,2,14,,8462,12,,,2,12,,8435,12,,,2,53,,8441,12,,,2,11,,8453,12,,,2,13,,8465,12,,,2,14,,8468,12,,,2,15,,8456,12,,,2,55,,8452,12,,,2,14,,8451,12,,,2,15,,8472,12,,,2,15,,8474,12,,,2,55,,8443,12,,,2,15,,8476,12,,,2,23,,8469,12,,,2,54,,8473,12,,,2,21,,8447,12,,,2,27,,8475,12,,,2,71,,8455,12,,,2,28,,8457,12,,,2,73,,8461,12,,,2,28,,8463,12,,,2,107,,8466,12,,,2,93,,8471,12,,,2,84,,8470,12,,,2
5001,'DIM',524,,9169,8,,,1,100,,9177,8,,,1,100,,9165,8,,,1,96,,9182,8,,,1,101,,9174,8,,,1,33,,9184,8,,,1,77,,9176,8,,,1,23,,9189,8,,,1,78,,9187,8,,,1,22,,9188,8,,,1,75,,9190,8,,,1,29,,9175,8,,,1,72,,9178,8,,,1,76,,9191,8,,,1,29,,9180,8,,,1,73,,9179,8,,,1,30,,9185,8,,,1,63,,9183,8,,,1,34,,9181,8,,,1,81,,9186,8,,,1,18,,9167,8,,,1,100,,9170,8,,,1,99,,9173,8,,,1,100,,9166,8,,,1,99,,9171,8,,,1,98,,9168,8,,,1,100,,9172,8,,,1
5001,'SAM',524,,9199,8,,,1,100,,9202,8,,,1,100,,9193,8,,,1,96,,9214,8,,,1,101,,9212,8,,,1,79,,9217,8,,,1,30,,9210,8,,,1,24,,9194,8,,,1,78,,9218,8,,,1,22,,9216,8,,,1,75,,9195,8,,,1,29,,9206,8,,,1,72,,9208,8,,,1,76,,9211,8,,,1,29,,9207,8,,,1,73,,9209,8,,,1,30,,9197,8,,,1,63,,9198,8,,,1,34,,9192,8,,,1,79,,9213,8,,,1,21,,9215,8,,,1,99,,9203,8,,,1,99,,9205,8,,,1,100,,9204,8,,,1,99,,9200,8,,,1,98,,9196,8,,,1,100,,9201,8,,,1
5001,'SEM',513,,9241,8,,,1,105,,9246,8,,,1,35,,9242,8,,,1,63,,9220,8,,,1,36,,9219,8,,,1,64,,9222,8,,,1,31,,9249,8,,,1,67,,9250,8,,,1,33,,9245,8,,,1,67,,9221,8,,,1,33,,9225,8,,,1,68,,9244,8,,,1,32,,9231,8,,,1,70,,9247,8,,,1,30,,9226,8,,,1,72,,9243,8,,,1,28,,9248,8,,,1,70,,9224,8,,,1,42,,9223,8,,,1,66,,9235,8,,,1,76,,9227,8,,,1,29,,9228,8,,,1,29,,9234,8,,,1,70,,9229,8,,,1,75,,9233,8,,,1,30,,9236,8,,,1,75,,9237,8,,,1,105,,9232,8,,,1,104,,9230,8,,,1,104,,9239,8,,,1,105,,9238,8,,,1,107,,9240,8,,,1
6001,'DIM',804,,9768,35,,,1,103,,9776,35,,,1,101,,9774,35,,,1,103,,9775,35,,,1,101,,9777,35,,,1,102,,9780,35,,,1,102,,9778,35,,,1,100,,9781,35,,,1,100,,9779,35,,,1,102,,9782,35,,,1,93,,9783,35,,,1,99,,9770,35,,,1,98,,9772,35,,,1,98,,9771,35,,,1,99,,9773,35,,,1,99,,9767,35,,,1,100,,9769,35,,,1
6001,'SAM',702,,9790,35,,,1,102,,9795,35,,,1,103,,9786,35,,,1,101,,9798,35,,,1,102,,9800,35,,,1,102,,9796,35,,,1,102,,9799,35,,,1,102,,9797,35,,,1,100,,9785,35,,,1,100,,9801,35,,,1,102,,9784,35,,,1,93,,9788,35,,,1,100,,9793,35,,,1,97,,9789,35,,,1,98,,9791,35,,,1,99,,9794,35,,,1,99,,9787,35,,,1,100,,9792,35,,,1
6001,'SEM',546,,9816,35,,,1,101,,9802,35,,,1,86,,9820,35,,,1,77,,9814,35,,,1,36,,9818,35,,,1,101,,9804,35,,,1,100,,9821,35,,,1,101,,9819,35,,,1,104,,9805,35,,,1,100,,9803,35,,,1,101,,9815,35,,,1,102,,9817,35,,,1,99,,9806,35,,,1,102,,9810,35,,,1,98,,9808,35,,,1,90,,9813,35,,,1,98,,9811,35,,,1,99,,9807,35,,,1,99,,9809,35,,,1,94,,9812,35,,,1
6104,'DIM',656,,9950,57,,,2,100,,9951,57,,,2,103,,9948,57,,,2,143,,9952,57,,,2,101,,9954,57,,,2,102,,9953,57,,,2,102,,9949,57,,,2,102,,9947,57,,,2,102,,9937,57,,,2,103,,9940,57,,,2,94,,9942,57,,,2,102,,9944,57,,,2,96,,9946,57,,,2,97,,9945,57,,,2,98,,9941,57,,,2,58,,9938,57,,,2,99,,9939,57,,,2,99,,9943,57,,,2
6104,'SAM',656,,9963,57,,,2,100,,9962,57,,,2,103,,9965,57,,,2,144,,9967,57,,,2,100,,9970,57,,,2,102,,9964,57,,,2,99,,9968,57,,,2,105,,9971,57,,,2,102,,9969,57,,,2,103,,9972,57,,,2,94,,9966,57,,,2,101,,9958,57,,,2,100,,9955,57,,,2,94,,9959,57,,,2,98,,9957,57,,,2,58,,9960,57,,,2,99,,9956,57,,,2,99,,9961,57,,,2
6104,'SEM',523,,9976,57,,,2,100,,9987,57,,,2,35,,9973,57,,,2,62,,9990,57,,,2,36,,9985,57,,,2,69,,9994,57,,,2,102,,9974,57,,,2,100,,9975,57,,,2,102,,9992,57,,,2,104,,9986,57,,,2,100,,9989,57,,,2,102,,9988,57,,,2,100,,9991,57,,,2,111,,9993,57,,,2,66,,9980,57,,,2,97,,9983,57,,,2,96,,9981,57,,,2,100,,9977,57,,,2,98,,9984,57,,,2,39,,9978,57,,,2,90,,9979,57,,,2,101,,9982,57,,,2
6304,'DIM',750,,10080,49,,,1,102,,10076,49,,,1,101,,10078,49,,,1,102,,10072,49,,,1,99,,10077,49,,,1,104,,10082,49,,,1,96,,10079,49,,,1,102,,10083,49,,,1,103,,10081,49,,,1,100,,10084,49,,,1,99,,10085,49,,,1,99,,10073,49,,,1,99,,10069,49,,,1,98,,10070,49,,,1,99,,10074,49,,,1,98,,10071,49,,,1,99,,10075,49,,,1
6304,'SAM',650,,10099,49,,,1,100,,10097,49,,,1,102,,10102,49,,,1,101,,10098,49,,,1,102,,10096,49,,,1,99,,10101,49,,,1,104,,10100,49,,,1,96,,10104,49,,,1,102,,10103,49,,,1,103,,10086,49,,,1,142,,10087,49,,,1,57,,10088,49,,,1,99,,10090,49,,,1,99,,10089,49,,,1,98,,10094,49,,,1,99,,10091,49,,,1,98,,10092,49,,,1,99,,10095,49,,,1,98,,10093,49,,,1
6304,'SEM',505,,10132,49,,,1,111,,10128,49,,,1,30,,10137,49,,,1,71,,10120,49,,,1,16,,10131,49,,,1,67,,10134,49,,,1,26,,10136,49,,,1,19,,10135,49,,,1,70,,10109,49,,,1,30,,10110,49,,,1,71,,10111,49,,,1,30,,10105,49,,,1,65,,10108,49,,,1,31,,10133,49,,,1,72,,10123,49,,,1,30,,10116,49,,,1,66,,10129,49,,,1,38,,10106,49,,,1,67,,10107,49,,,1,32,,10117,49,,,1,71,,10130,49,,,1,39,,10138,49,,,1,70,,10113,49,,,1,24,,10112,49,,,1,74,,10118,49,,,1,16,,10115,49,,,1,68,,10124,49,,,1,29,,10119,49,,,1,77,,10122,49,,,1,96,,10114,49,,,1,40,,10125,49,,,1,91,,10127,49,,,1,93,,10121,49,,,1,99,,10126,49,,,1
6504,'DIM',724,,10223,65,,,2,102,,10221,65,,,2,101,,10224,65,,,2,102,,10226,65,,,2,102,,10228,65,,,2,102,,10225,65,,,2,99,,10222,65,,,2,102,,10230,65,,,2,106,,10227,65,,,2,95,,10229,65,,,2,97,,10216,65,,,2,101,,10218,65,,,2,97,,10217,65,,,2,98,,10219,65,,,2,100,,10220,65,,,2,96,,10214,65,,,2,100,,10215,65,,,2
6504,'SAM',724,,10240,65,,,2,102,,10239,65,,,2,101,,10243,65,,,2,102,,10242,65,,,2,102,,10244,65,,,2,101,,10246,65,,,2,99,,10247,65,,,2,103,,10245,65,,,2,105,,10241,65,,,2,96,,10231,65,,,2,97,,10233,65,,,2,101,,10236,65,,,2,99,,10237,65,,,2,96,,3667,65,,,2,100,,10238,65,,,2,96,,10235,65,,,2,100,,10232,65,,,2,99,,10234,65,,,2
6504,'SEM',542,,10271,65,,,2,86,,10281,65,,,2,26,,10250,65,,,2,60,,10259,65,,,2,16,,10266,65,,,2,12,,10279,65,,,2,10,,10249,65,,,2,50,,10280,65,,,2,10,,10276,65,,,2,23,,10251,65,,,2,70,,10253,65,,,2,32,,10268,65,,,2,70,,10284,65,,,2,33,,10254,65,,,2,71,,10255,65,,,2,27,,10273,65,,,2,75,,10256,65,,,2,27,,10283,65,,,2,80,,10277,65,,,2,20,,10278,65,,,2,70,,10282,65,,,2,30,,10258,65,,,2,70,,10261,65,,,2,38,,10252,65,,,2,67,,10265,65,,,2,40,,10267,65,,,2,73,,10248,65,,,2,20,,10260,65,,,2,64,,10257,65,,,2,36,,10272,65,,,2,71,,10274,65,,,2,86,,10263,65,,,2,99,,10262,65,,,2,98,,10264,65,,,2,99,,10269,65,,,2,99,,10270,65,,,2,58,,10275,65,,,2
7002,'DIM',618,,10507,65,,,1,40,,10506,65,,,1,90,,10489,88,,,1,103,,10496,88,,,1,101,,3943,88,,,1,102,,10492,88,,,1,68,,10493,88,,,1,34,,10495,88,,,1,69,,10485,88,,,1,25,,10494,88,,,1,75,,10491,88,,,1,25,,10500,88,,,1,79,,10498,88,,,1,28,,10501,88,,,1,76,,10483,88,,,1,25,,10497,88,,,1,71,,10503,88,,,1,23,,10499,88,,,1,78,,10502,88,,,1,27,,10487,88,,,1,75,,10505,88,,,1,73,,3946,88,,,1,97,,10504,88,,,1,54,,10482,88,,,1,95,,10484,88,,,1,97,,10488,88,,,1,99,,10486,88,,,1,103,,10490,88,,,1
7002,'SAM',618,,10534,65,,,1,40,,10535,65,,,1,89,,10532,88,,,1,104,,10512,88,,,1,101,,10520,88,,,1,102,,10519,88,,,1,65,,10528,88,,,1,37,,10533,88,,,1,69,,10530,88,,,1,24,,10524,88,,,1,75,,10523,88,,,1,26,,10522,88,,,1,79,,10525,88,,,1,76,,10521,88,,,1,27,,10531,88,,,1,25,,10529,88,,,1,68,,10527,88,,,1,26,,10526,88,,,1,79,,10515,88,,,1,28,,10511,88,,,1,75,,10513,88,,,1,73,,10508,88,,,1,96,,10517,88,,,1,54,,10509,88,,,1,96,,10510,88,,,1,96,,10516,88,,,1,99,,10514,88,,,1,103,,10518,88,,,1
7002,'SEM',626,,10541,88,,,1,99,,10561,88,,,1,26,,10562,88,,,1,73,,10540,88,,,1,77,,10543,88,,,1,27,,10545,88,,,1,29,,10560,88,,,1,70,,10538,88,,,1,30,,10567,88,,,1,71,,10546,88,,,1,28,,10568,88,,,1,73,,10563,88,,,1,26,,10565,88,,,1,74,,10564,88,,,1,30,,10539,88,,,1,70,,10566,88,,,1,25,,10559,88,,,1,77,,10544,88,,,1,73,,10547,88,,,1,31,,10542,88,,,1,70,,10536,88,,,1,33,,10537,88,,,1,65,,10550,88,,,1,31,,10551,88,,,1,24,,10555,88,,,1,70,,10554,88,,,1,90,,10552,88,,,1,41,,10556,88,,,1,92,,10548,88,,,1,151,,10553,88,,,1,106,,10549,88,,,1,96,,10558,88,,,1,105,,10557,88,,,1
7601,'DIM',510,,10861,40,,,2,100,,10834,85,,,2,25,,10848,85,,,2,104,,10849,85,,,2,101,,10841,85,,,2,101,,10853,85,,,2,68,,10858,85,,,2,30,,10855,85,,,2,71,,10851,85,,,2,30,,10852,85,,,2,70,,10832,85,,,2,31,,10856,85,,,2,71,,10854,85,,,2,29,,10839,85,,,2,73,,10859,85,,,2,31,,10860,85,,,2,69,,10831,85,,,2,33,,10842,85,,,2,67,,10850,85,,,2,30,,10835,85,,,2,70,,10837,85,,,2,29,,10833,85,,,2,69,,10840,85,,,2,29,,10857,85,,,2,105,,10845,85,,,2,97,,10846,85,,,2,97,,10838,85,,,2,98,,10847,85,,,2,100,,10836,85,,,2,100,,10843,85,,,2,99,,10844,85,,,2
7601,'SAM',510,,10892,40,,,2,100,,10866,85,,,2,25,,10875,85,,,2,104,,10878,85,,,2,101,,10877,85,,,2,101,,10881,85,,,2,68,,10885,85,,,2,30,,10882,85,,,2,71,,10888,85,,,2,30,,10876,85,,,2,70,,10884,85,,,2,32,,10883,85,,,2,70,,10890,85,,,2,29,,10863,85,,,2,73,,10879,85,,,2,31,,10862,85,,,2,69,,10880,85,,,2,33,,10887,85,,,2,67,,10891,85,,,2,30,,10864,85,,,2,70,,10886,85,,,2,29,,10868,85,,,2,69,,10889,85,,,2,31,,10865,85,,,2,103,,10871,85,,,2,97,,10873,85,,,2,97,,10869,85,,,2,98,,10867,85,,,2,100,,10872,85,,,2,100,,10870,85,,,2,99,,10874,85,,,2
7601,'SEM',529,,10893,85,,,2,92,,10914,85,,,2,27,,10921,85,,,2,65,,10929,85,,,2,24,,10899,85,,,2,12,,10924,85,,,2,55,,10901,85,,,2,17,,10922,85,,,2,24,,10926,85,,,2,60,,10896,85,,,2,25,,10900,85,,,2,22,,10894,85,,,2,70,,10923,85,,,2,30,,10897,85,,,2,69,,10919,85,,,2,31,,10895,85,,,2,70,,10925,85,,,2,31,,10904,85,,,2,70,,10920,85,,,2,32,,10903,85,,,2,72,,10906,85,,,2,31,,10928,85,,,2,73,,10907,85,,,2,70,,10898,85,,,2,38,,10927,85,,,2,66,,10902,85,,,2,25,,10905,85,,,2,24,,10911,85,,,2,67,,10915,85,,,2,29,,10917,85,,,2,72,,10913,85,,,2,23,,10909,85,,,2,69,,10918,85,,,2,100,,10916,85,,,2,100,,10908,85,,,2,99,,10910,85,,,2,103,,10912,85,,,2
