1704,'DIM',512,,6858,45,,,1,90,,6859,45,,,1,101,,6863,45,,,1,103,,6857,45,,,1,101,,165,45,,,1,101,,6861,45,,,1,102,,6862,45,,,1,100,,6864,45,,,1,101,,6865,45,,,1,101,,6860,45,,,1,102,,6846,45,,,1,99,,6847,45,,,1,100,,6850,45,,,1,100,,6852,45,,,1,98,,6851,45,,,1,98,,6849,45,,,1,100,,6853,45,,,1,98,,6856,45,,,1,98,,6848,45,,,1,99,,6854,45,,,1,96,,6855,45,,,1
1704,'SAM',512,,6878,45,,,1,90,,6879,45,,,1,101,,6885,45,,,1,103,,6882,45,,,1,101,,6877,45,,,1,101,,6881,45,,,1,102,,6886,45,,,1,100,,6884,45,,,1,101,,6883,45,,,1,101,,6880,45,,,1,101,,6867,45,,,1,100,,6868,45,,,1,101,,6870,45,,,1,99,,6872,45,,,1,98,,6866,45,,,1,98,,6874,45,,,1,100,,6871,45,,,1,98,,6869,45,,,1,98,,6873,45,,,1,99,,6875,45,,,1,96,,6876,45,,,1
1704,'SEM',524,,6901,45,,,1,94,,6906,45,,,1,23,,6909,45,,,1,62,,6888,45,,,1,27,,6892,45,,,1,76,,6893,45,,,1,21,,6887,45,,,1,98,,6890,45,,,1,85,,6891,45,,,1,100,,6894,45,,,1,100,,6905,45,,,1,100,,6907,45,,,1,100,,6896,45,,,1,102,,6908,45,,,1,101,,6889,45,,,1,105,,6897,45,,,1,95,,6895,45,,,1,97,,6898,45,,,1,100,,6903,45,,,1,100,,6904,45,,,1,99,,6899,45,,,1,99,,6900,45,,,1,99,,6902,45,,,1
2704,'DIM',759,,7675,50,,,2,141,,7676,50,,,2,100,,7671,50,,,2,59,,7673,50,,,2,99,,7674,50,,,2,143,,7670,50,,,2,55,,7677,50,,,2,147,,7672,50,,,2,100,,7663,50,,,2,100,,7667,50,,,2,100,,7668,50,,,2,98,,7664,50,,,2,100,,7666,50,,,2,58,,7665,50,,,2,100,,7669,50,,,2,100,,7662,50,,,2
2704,'SAM',658,,7690,50,,,2,101,,7686,50,,,2,141,,7687,50,,,2,100,,7685,50,,,2,59,,7694,50,,,2,141,,7689,50,,,2,101,,7692,50,,,2,54,,7688,50,,,2,148,,7691,50,,,2,100,,7681,50,,,2,100,,7682,50,,,2,53,,7684,50,,,2,145,,7693,50,,,2,100,,7680,50,,,2,58,,7683,50,,,2,100,,7678,50,,,2,100,,7679,50,,,2
2704,'SEM',622,,7716,50,,,2,28,,7696,50,,,2,68,,7713,50,,,2,29,,7699,50,,,2,67,,7700,50,,,2,28,,7718,50,,,2,66,,7715,50,,,2,49,,7714,50,,,2,100,,7703,50,,,2,148,,7695,50,,,2,95,,7717,50,,,2,48,,7698,50,,,2,106,,7697,50,,,2,147,,7708,50,,,2,37,,7709,50,,,2,80,,7704,50,,,2,13,,7701,50,,,2,70,,7702,50,,,2,31,,7706,50,,,2,75,,7711,50,,,2,100,,7707,50,,,2,45,,7710,50,,,2,94,,7705,50,,,2,104,,7712,50,,,2
3104,'DIM',632,,7789,55,,,1,104,,7790,55,,,1,100,,7788,55,,,1,102,,7794,55,,,1,102,,7795,55,,,1,100,,7793,55,,,1,100,,7791,55,,,1,103,,7779,55,,,1,101,,7792,55,,,1,100,,7778,55,,,1,101,,7777,55,,,1,99,,7782,55,,,1,97,,7784,55,,,1,102,,7783,55,,,1,96,,7785,55,,,1,99,,7781,55,,,1,99,,7780,55,,,1,97,,7786,55,,,1,102,,7787,55,,,1
3104,'SAM',532,,1137,55,,,1,100,,7805,55,,,1,104,,7808,55,,,1,100,,7807,55,,,1,102,,7810,55,,,1,102,,7813,55,,,1,100,,7814,55,,,1,100,,7809,55,,,1,102,,7804,55,,,1,101,,7811,55,,,1,101,,7806,55,,,1,101,,7812,55,,,1,100,,7800,55,,,1,97,,7802,55,,,1,99,,7798,55,,,1,99,,7803,55,,,1,98,,7796,55,,,1,99,,7797,55,,,1,97,,7799,55,,,1,102,,7801,55,,,1
3104,'SEM',456,,7823,55,,,1,77,,7824,55,,,1,92,,7835,55,,,1,22,,7837,55,,,1,64,,7817,55,,,1,34,,7836,55,,,1,68,,7833,55,,,1,29,,7831,55,,,1,75,,7832,55,,,1,22,,7834,55,,,1,100,,7815,55,,,1,102,,7816,55,,,1,100,,7819,55,,,1,101,,7838,55,,,1,100,,7818,55,,,1,102,,7821,55,,,1,100,,7822,55,,,1,96,,7820,55,,,1,103,,7825,55,,,1,96,,7830,55,,,1,105,,7829,55,,,1,98,,7826,55,,,1,101,,7827,55,,,1,100,,7828,55,,,1
4304,'DIM',508,,8722,30,,,1,103,,8716,30,,,1,100,,8712,30,,,1,102,,8714,30,,,1,102,,8719,30,,,1,100,,8717,30,,,1,106,,8718,30,,,1,100,,8715,30,,,1,100,,8723,30,,,1,100,,8720,30,,,1,104,,8721,30,,,1,99,,8704,30,,,1,99,,8705,30,,,1,101,,8707,30,,,1,94,,8710,30,,,1,98,,8709,30,,,1,99,,8706,30,,,1,99,,8708,30,,,1,100,,8713,30,,,1,100,,8711,30,,,1
4304,'SAM',508,,8740,30,,,1,103,,8737,30,,,1,100,,8734,30,,,1,102,,8725,30,,,1,102,,8741,30,,,1,100,,8726,30,,,1,106,,8727,30,,,1,100,,8738,30,,,1,100,,8735,30,,,1,100,,8742,30,,,1,103,,8736,30,,,1,101,,8739,30,,,1,98,,8724,30,,,1,97,,8743,30,,,1,98,,8731,30,,,1,98,,8728,30,,,1,99,,2109,30,,,1,99,,8729,30,,,1,100,,8730,30,,,1,100,,8733,30,,,1,98,,8732,30,,,1
4304,'SEM',525,,8765,30,,,1,75,,8771,30,,,1,35,,8744,30,,,1,66,,8746,30,,,1,21,,8769,30,,,1,31,,8745,30,,,1,73,,8770,30,,,1,33,,8749,30,,,1,75,,8766,30,,,1,68,,8772,30,,,1,31,,8748,30,,,1,70,,8767,30,,,1,30,,8755,30,,,1,70,,8751,30,,,1,30,,8774,30,,,1,70,,8773,30,,,1,30,,8768,30,,,1,72,,8752,30,,,1,29,,8753,30,,,1,70,,8757,30,,,1,36,,8775,30,,,1,66,,8747,30,,,1,26,,8754,30,,,1,70,,8750,30,,,1,56,,8756,30,,,1,96,,8761,30,,,1,100,,8763,30,,,1,101,,8764,30,,,1,99,,8758,30,,,1,101,,8759,30,,,1,150,,8760,30,,,1,20,,8762,30,,,1
6001,'DIM',814,,9768,54,,,1,103,,9776,54,,,1,102,,9774,54,,,1,104,,9775,54,,,1,102,,9777,54,,,1,102,,9780,54,,,1,102,,9778,54,,,1,100,,9781,54,,,1,100,,9779,54,,,1,102,,9782,54,,,1,91,,9783,54,,,1,99,,9770,54,,,1,98,,9772,54,,,1,97,,9771,54,,,1,99,,9773,54,,,1,99,,9767,54,,,1,100,,9769,54,,,1
6001,'SAM',711,,9790,54,,,1,103,,9795,54,,,1,103,,9786,54,,,1,102,,9798,54,,,1,103,,9800,54,,,1,103,,9796,54,,,1,102,,9799,54,,,1,102,,9797,54,,,1,100,,9785,54,,,1,100,,9801,54,,,1,102,,9784,54,,,1,91,,9788,54,,,1,100,,9793,54,,,1,97,,9789,54,,,1,97,,9791,54,,,1,99,,9794,54,,,1,99,,9787,54,,,1,100,,9792,54,,,1
6001,'SEM',556,,9816,54,,,1,102,,9802,54,,,1,87,,9820,54,,,1,78,,9814,54,,,1,77,,9818,54,,,1,101,,9804,54,,,1,101,,9821,54,,,1,101,,9819,54,,,1,104,,9805,54,,,1,100,,9803,54,,,1,101,,9815,54,,,1,102,,9817,54,,,1,99,,9806,54,,,1,102,,9810,54,,,1,96,,9808,54,,,1,49,,9813,54,,,1,98,,9811,54,,,1,98,,9807,54,,,1,98,,9809,54,,,1,94,,9812,54,,,1
7304,'DIM',547,,10665,73,,,1,70,,10654,73,,,1,103,,10658,73,,,1,101,,10661,73,,,1,102,,10657,73,,,1,102,,10659,73,,,1,100,,10662,73,,,1,100,,10666,73,,,1,102,,10660,73,,,1,101,,10663,73,,,1,101,,10656,73,,,1,100,,10664,73,,,1,100,,10667,73,,,1,99,,10650,73,,,1,99,,10647,73,,,1,97,,10653,73,,,1,99,,10649,73,,,1,99,,10648,73,,,1,97,,10651,73,,,1,101,,10652,73,,,1,99,,10655,73,,,1
7304,'SAM',547,,10686,73,,,1,70,,10676,73,,,1,103,,10681,73,,,1,101,,10678,73,,,1,102,,10677,73,,,1,102,,10682,73,,,1,100,,10684,73,,,1,101,,10680,73,,,1,101,,10671,73,,,1,101,,10683,73,,,1,101,,10679,73,,,1,100,,10685,73,,,1,100,,10687,73,,,1,99,,10670,73,,,1,98,,10668,73,,,1,98,,10669,73,,,1,99,,10673,73,,,1,99,,10672,73,,,1,97,,4131,73,,,1,101,,10674,73,,,1,99,,4133,73,,,1,100,,10675,73,,,1,99,,4134,73,,,1
7304,'SEM',509,,10719,73,,,1,42,,10716,73,,,1,82,,10722,73,,,1,18,,10725,73,,,1,72,,10721,73,,,1,15,,10718,73,,,1,14,,10694,73,,,1,68,,10696,73,,,1,14,,10717,73,,,1,15,,10723,73,,,1,65,,10712,73,,,1,31,,10690,73,,,1,80,,10689,73,,,1,29,,10705,73,,,1,70,,10720,73,,,1,30,,10691,73,,,1,71,,10695,73,,,1,76,,10704,73,,,1,26,,10697,73,,,1,30,,10724,73,,,1,70,,10692,73,,,1,30,,10693,73,,,1,73,,10701,73,,,1,71,,10688,73,,,1,32,,10698,73,,,1,79,,10708,73,,,1,22,,10706,73,,,1,67,,10700,73,,,1,29,,10707,73,,,1,76,,10702,73,,,1,20,,10713,73,,,1,29,,10699,73,,,1,70,,10709,73,,,1,29,,10711,73,,,1,73,,10703,73,,,1,96,,10715,73,,,1,99,,10710,73,,,1,103,,10714,73,,,1
7402,'DIM',648,,10786,86,,,2,102,,10789,86,,,2,101,,6451,86,,,2,102,,10790,86,,,2,102,,10788,86,,,2,100,,10787,86,,,2,101,,10793,86,,,2,100,,10792,86,,,2,103,,10794,86,,,2,99,,10791,86,,,2,99,,10781,86,,,2,101,,10780,86,,,2,98,,10782,86,,,2,98,,10783,86,,,2,99,,6443,86,,,2,100,,10784,86,,,2,97,,10785,86,,,2
7402,'SAM',648,,10802,86,,,2,102,,10806,86,,,2,101,,10804,86,,,2,102,,10801,86,,,2,102,,10805,86,,,2,100,,10807,86,,,2,101,,10810,86,,,2,101,,10803,86,,,2,100,,10808,86,,,2,101,,10811,86,,,2,100,,10809,86,,,2,99,,10795,86,,,2,99,,10797,86,,,2,98,,10799,86,,,2,99,,10798,86,,,2,100,,10800,86,,,2,97,,10796,86,,,2
7402,'SEM',607,,10825,86,,,2,50,,10830,86,,,2,60,,10813,86,,,2,42,,10824,86,,,2,100,,10814,86,,,2,99,,10812,86,,,2,99,,10816,86,,,2,101,,10826,86,,,2,97,,10829,86,,,2,100,,10815,86,,,2,101,,10828,86,,,2,102,,10827,86,,,2,100,,10817,86,,,2,97,,10818,86,,,2,100,,10821,86,,,2,97,,10823,86,,,2,99,,10819,86,,,2,102,,10820,86,,,2,97,,10822,86,,,2
