4201,'DIM',505,,8340,2,,,2,102,,8364,2,,,2,30,,8381,2,,,2,70,,1716,2,,,2,30,,8365,2,,,2,70,,8370,2,,,2,27,,8374,2,,,2,71,,8377,2,,,2,30,,8369,2,,,2,65,,8372,2,,,2,35,,8371,2,,,2,20,,8357,2,,,2,63,,8362,2,,,2,18,,8361,2,,,2,22,,8363,2,,,2,58,,8367,2,,,2,20,,8366,2,,,2,18,,8384,2,,,2,62,,8378,2,,,2,20,,8373,2,,,2,20,,1723,2,,,2,60,,8380,2,,,2,20,,8344,2,,,2,20,,8346,2,,,2,60,,8347,2,,,2,21,,8379,2,,,2,19,,8368,2,,,2,61,,8375,2,,,2,20,,8345,2,,,2,15,,8383,2,,,2,55,,8382,2,,,2,15,,8356,2,,,2,14,,8376,2,,,2,18,,8342,2,,,2,72,,8341,2,,,2,30,,8352,2,,,2,70,,8339,2,,,2,31,,8348,2,,,2,69,,8359,2,,,2,30,,8343,2,,,2,71,,8350,2,,,2,30,,8354,2,,,2,70,,8355,2,,,2,31,,8349,2,,,2,75,,8353,2,,,2,70,,8351,2,,,2,35,,8358,2,,,2,75,,8360,2,,,2
4201,'SAM',505,,8385,2,,,2,102,,8413,2,,,2,30,,8388,2,,,2,70,,8420,2,,,2,30,,8416,2,,,2,70,,8415,2,,,2,27,,8419,2,,,2,71,,8426,2,,,2,30,,8431,2,,,2,24,,8424,2,,,2,76,,8410,2,,,2,20,,8422,2,,,2,62,,8414,2,,,2,19,,8405,2,,,2,21,,8412,2,,,2,59,,8386,2,,,2,20,,8418,2,,,2,18,,8417,2,,,2,62,,8411,2,,,2,20,,8421,2,,,2,20,,8387,2,,,2,59,,8423,2,,,2,20,,8427,2,,,2,21,,8391,2,,,2,60,,8429,2,,,2,21,,8432,2,,,2,20,,8433,2,,,2,59,,8397,2,,,2,21,,8430,2,,,2,14,,8399,2,,,2,56,,8425,2,,,2,15,,8401,2,,,2,16,,8428,2,,,2,16,,8404,2,,,2,76,,8389,2,,,2,26,,8392,2,,,2,70,,8408,2,,,2,31,,8394,2,,,2,69,,8396,2,,,2,33,,8390,2,,,2,67,,8393,2,,,2,30,,8395,2,,,2,71,,8398,2,,,2,31,,8400,2,,,2,75,,8402,2,,,2,70,,8409,2,,,2,35,,8403,2,,,2,75,,8407,2,,,2,30,,8406,2,,,2
4201,'SEM',605,,8483,2,,,2,29,,8436,2,,,2,17,,8478,2,,,2,60,,8481,2,,,2,21,,8484,2,,,2,22,,8482,2,,,2,58,,8437,2,,,2,19,,8477,2,,,2,22,,8434,2,,,2,59,,8440,2,,,2,19,,8467,2,,,2,23,,8479,2,,,2,57,,8480,2,,,2,23,,8442,2,,,2,17,,8464,2,,,2,62,,8444,2,,,2,20,,8445,2,,,2,19,,8446,2,,,2,62,,8439,2,,,2,15,,8448,2,,,2,23,,8449,2,,,2,59,,8450,2,,,2,21,,8438,2,,,2,21,,8454,2,,,2,60,,8485,2,,,2,19,,8458,2,,,2,19,,8459,2,,,2,60,,8460,2,,,2,14,,8462,2,,,2,12,,8435,2,,,2,13,,8441,2,,,2,51,,8453,2,,,2,12,,8465,2,,,2,14,,8468,2,,,2,15,,8456,2,,,2,15,,8452,2,,,2,54,,8451,2,,,2,15,,8472,2,,,2,15,,8474,2,,,2,16,,8443,2,,,2,55,,8476,2,,,2,23,,8469,2,,,2,14,,8473,2,,,2,62,,8447,2,,,2,27,,8475,2,,,2,72,,8455,2,,,2,28,,8457,2,,,2,73,,8461,2,,,2,28,,8463,2,,,2,108,,8466,2,,,2,94,,8471,2,,,2,84,,8470,2,,,2
5602,'DIM',814,,9578,17,,,2,30,,9584,17,,,2,70,,9580,17,,,2,30,,9585,17,,,2,70,,9583,17,,,2,30,,9582,17,,,2,70,,9575,17,,,2,37,,9579,17,,,2,63,,9581,17,,,2,30,,9576,17,,,2,71,,9586,17,,,2,30,,9577,17,,,2,70,,9562,17,,,2,30,,9563,17,,,2,70,,9567,17,,,2,30,,9572,17,,,2,72,,9565,17,,,2,35,,9568,17,,,2,69,,9570,17,,,2,93,,9564,17,,,2,101,,9571,17,,,2,100,,9566,17,,,2,101,,9573,17,,,2,100,,9574,17,,,2,98,,9569,17,,,2
5602,'SAM',714,,9606,17,,,2,100,,9604,17,,,2,30,,9602,17,,,2,70,,9609,17,,,2,30,,9610,17,,,2,70,,9611,17,,,2,30,,9598,17,,,2,70,,9591,17,,,2,37,,9603,17,,,2,63,,9608,17,,,2,30,,9607,17,,,2,71,,9612,17,,,2,30,,9587,17,,,2,70,,9605,17,,,2,30,,9588,17,,,2,71,,9592,17,,,2,29,,9593,17,,,2,72,,9589,17,,,2,32,,9597,17,,,2,71,,9594,17,,,2,94,,9596,17,,,2,101,,9595,17,,,2,100,,9590,17,,,2,101,,9601,17,,,2,100,,9599,17,,,2,98,,9600,17,,,2
5602,'SEM',637,,9614,17,,,2,108,,9641,17,,,2,71,,9616,17,,,2,27,,9636,17,,,2,78,,9637,17,,,2,25,,9617,17,,,2,70,,9633,17,,,2,30,,9640,17,,,2,70,,9631,17,,,2,30,,9618,17,,,2,71,,9630,17,,,2,31,,9632,17,,,2,71,,9639,17,,,2,30,,9634,17,,,2,70,,9613,17,,,2,30,,9615,17,,,2,70,,9635,17,,,2,35,,9638,17,,,2,64,,9624,17,,,2,26,,9622,17,,,2,76,,9619,17,,,2,30,,9620,17,,,2,70,,9626,17,,,2,32,,9623,17,,,2,99,,9628,17,,,2,90,,9621,17,,,2,86,,9625,17,,,2,104,,9629,17,,,2,100,,9627,17,,,2
6002,'DIM',714,,9823,33,,,1,102,,9832,33,,,1,100,,9830,33,,,1,100,,9831,33,,,1,100,,9833,33,,,1,101,,9836,33,,,1,101,,9834,33,,,1,101,,9837,33,,,1,100,,9835,33,,,1,99,,9838,33,,,1,99,,9839,33,,,1,99,,9825,33,,,1,100,,9827,33,,,1,100,,9826,33,,,1,101,,9828,33,,,1,100,,9822,33,,,1,100,,9824,33,,,1,97,,9829,33,,,1
6002,'SAM',714,,9851,33,,,1,102,,9842,33,,,1,100,,9854,33,,,1,100,,9856,33,,,1,100,,9852,33,,,1,101,,9855,33,,,1,101,,9853,33,,,1,101,,9841,33,,,1,100,,9857,33,,,1,99,,9840,33,,,1,99,,9844,33,,,1,101,,9849,33,,,1,98,,9845,33,,,1,100,,9846,33,,,1,101,,9850,33,,,1,100,,9843,33,,,1,100,,9847,33,,,1,97,,9848,33,,,1
6002,'SEM',646,,9875,33,,,1,103,,9873,33,,,1,101,,9859,33,,,1,100,,9876,33,,,1,100,,9874,33,,,1,103,,9864,33,,,1,101,,9858,33,,,1,99,,9860,33,,,1,101,,9872,33,,,1,99,,9861,33,,,1,102,,9866,33,,,1,104,,9863,33,,,1,92,,9869,33,,,1,99,,9867,33,,,1,99,,9862,33,,,1,100,,9865,33,,,1,97,,9868,33,,,1,89,,9871,33,,,1,99,,9870,33,,,1
6103,'DIM',746,,9889,14,,,2,102,,9891,14,,,2,98,,9893,14,,,2,102,,9892,14,,,2,101,,9890,14,,,2,103,,9888,14,,,2,98,,9877,14,,,2,104,,9880,14,,,2,95,,9882,14,,,2,104,,9884,14,,,2,100,,9894,14,,,2,95,,9885,14,,,2,100,,9881,14,,,2,99,,9878,14,,,2,101,,9879,14,,,2,99,,9883,14,,,2,100,,9887,14,,,2,99,,9886,14,,,2
6103,'SAM',746,,9905,14,,,2,102,,9907,14,,,2,98,,9910,14,,,2,102,,9904,14,,,2,98,,9908,14,,,2,106,,9911,14,,,2,99,,9909,14,,,2,103,,9912,14,,,2,95,,9906,14,,,2,103,,9898,14,,,2,101,,9895,14,,,2,95,,9899,14,,,2,100,,9897,14,,,2,99,,9900,14,,,2,101,,9896,14,,,2,99,,9901,14,,,2,100,,9902,14,,,2,99,,9903,14,,,2
6103,'SEM',608,,9932,14,,,2,101,,9936,14,,,2,102,,9914,14,,,2,97,,9915,14,,,2,101,,9934,14,,,2,101,,9929,14,,,2,101,,9931,14,,,2,102,,9930,14,,,2,100,,9933,14,,,2,110,,9935,14,,,2,26,,9922,14,,,2,64,,9913,14,,,2,32,,9926,14,,,2,74,,9916,14,,,2,26,,9923,14,,,2,72,,9917,14,,,2,28,,9918,14,,,2,72,,9920,14,,,2,31,,9928,14,,,2,79,,9919,14,,,2,95,,9921,14,,,2,99,,9925,14,,,2,100,,9924,14,,,2,107,,9927,14,,,2
6602,'DIM',701,,10356,2,,,1,103,,10351,2,,,1,100,,10354,2,,,1,100,,10359,2,,,1,100,,10358,2,,,1,100,,10352,2,,,1,100,,10350,2,,,1,132,,10353,2,,,1,99,,10355,2,,,1,70,,10357,2,,,1,31,,10345,2,,,1,70,,10346,2,,,1,30,,10344,2,,,1,70,,10348,2,,,1,101,,10349,2,,,1,100,,10347,2,,,1,100,,10342,2,,,1,99,,10343,2,,,1
6602,'SAM',701,,10371,2,,,1,103,,10369,2,,,1,100,,10363,2,,,1,100,,10360,2,,,1,100,,10375,2,,,1,100,,10376,2,,,1,100,,10374,2,,,1,132,,10377,2,,,1,99,,10365,2,,,1,70,,10361,2,,,1,31,,10367,2,,,1,71,,10368,2,,,1,29,,10366,2,,,1,75,,10370,2,,,1,97,,10362,2,,,1,99,,10364,2,,,1,100,,10373,2,,,1,99,,10372,2,,,1
6602,'SEM',641,,10379,2,,,1,102,,10393,2,,,1,103,,10391,2,,,1,105,,10390,2,,,1,100,,10380,2,,,1,101,,10378,2,,,1,99,,10392,2,,,1,102,,10381,2,,,1,68,,5375,2,,,1,91,,10386,2,,,1,100,,10387,2,,,1,101,,10389,2,,,1,97,,10382,2,,,1,105,,10383,2,,,1,99,,10384,2,,,1,97,,10388,2,,,1,40,,10385,2,,,1
7001,'DIM',702,,10411,14,,,1,101,,10401,14,,,1,99,,10409,14,,,1,99,,10412,14,,,1,28,,10415,14,,,1,71,,10410,14,,,1,30,,10417,14,,,1,28,,10416,14,,,1,70,,10413,14,,,1,75,,10414,14,,,1,29,,10418,14,,,1,27,,10394,14,,,1,74,,10419,14,,,1,25,,10397,14,,,1,75,,10398,14,,,1,67,,10399,14,,,1,34,,10396,14,,,1,73,,10402,14,,,1,33,,10405,14,,,1,70,,10400,14,,,1,94,,10406,14,,,1,100,,10403,14,,,1,100,,10395,14,,,1,99,,10407,14,,,1,100,,10408,14,,,1,100,,10404,14,,,1
7001,'SAM',702,,10436,14,,,1,101,,10441,14,,,1,99,,10443,14,,,1,99,,10444,14,,,1,27,,10442,14,,,1,72,,10420,14,,,1,29,,10445,14,,,1,29,,10440,14,,,1,70,,10421,14,,,1,74,,10437,14,,,1,28,,10422,14,,,1,73,,10438,14,,,1,30,,10424,14,,,1,25,,10439,14,,,1,73,,10427,14,,,1,69,,10429,14,,,1,34,,10426,14,,,1,74,,10428,14,,,1,32,,10432,14,,,1,70,,10430,14,,,1,94,,10434,14,,,1,100,,10423,14,,,1,100,,10425,14,,,1,98,,10435,14,,,1,101,,10433,14,,,1,100,,10431,14,,,1
7001,'SEM',516,,10472,14,,,1,30,,10450,14,,,1,66,,10473,14,,,1,18,,10474,14,,,1,17,,10469,14,,,1,68,,10480,14,,,1,24,,10461,14,,,1,65,,10447,14,,,1,29,,10479,14,,,1,70,,10476,14,,,1,31,,10477,14,,,1,69,,10458,14,,,1,31,,10481,14,,,1,69,,10449,14,,,1,32,,10454,14,,,1,68,,10478,14,,,1,30,,10448,14,,,1,69,,10446,14,,,1,32,,10475,14,,,1,70,,10453,14,,,1,37,,10456,14,,,1,64,,10452,14,,,1,10,,10459,14,,,1,88,,10451,14,,,1,37,,10463,14,,,1,68,,10466,14,,,1,36,,10467,14,,,1,66,,10455,14,,,1,40,,10464,14,,,1,85,,10460,14,,,1,74,,10457,14,,,1,109,,10465,14,,,1,99,,10462,14,,,1,100,,10470,14,,,1,100,,10468,14,,,1,129,,10471,14,,,1
