1704,'DIM',509,,6858,39,,,1,50,,6859,39,,,1,141,,6863,39,,,1,103,,6857,39,,,1,101,,165,39,,,1,101,,6861,39,,,1,101,,6862,39,,,1,100,,6864,39,,,1,101,,6865,39,,,1,101,,6860,39,,,1,102,,6846,39,,,1,99,,6847,39,,,1,100,,6850,39,,,1,100,,6852,39,,,1,98,,6851,39,,,1,98,,6849,39,,,1,100,,6853,39,,,1,98,,6856,39,,,1,99,,6848,39,,,1,99,,6854,39,,,1,56,,6855,39,,,1
1704,'SAM',509,,6878,39,,,1,50,,6879,39,,,1,141,,6885,39,,,1,103,,6882,39,,,1,101,,6877,39,,,1,101,,6881,39,,,1,101,,6886,39,,,1,100,,6884,39,,,1,101,,6883,39,,,1,101,,6880,39,,,1,101,,6867,39,,,1,100,,6868,39,,,1,101,,6870,39,,,1,99,,6872,39,,,1,98,,6866,39,,,1,98,,6874,39,,,1,100,,6871,39,,,1,98,,6869,39,,,1,99,,6873,39,,,1,99,,6875,39,,,1,56,,6876,39,,,1
1704,'SEM',521,,6901,39,,,1,94,,6906,39,,,1,22,,6909,39,,,1,22,,6888,39,,,1,67,,6892,39,,,1,76,,6893,39,,,1,21,,6887,39,,,1,98,,6890,39,,,1,85,,6891,39,,,1,100,,6894,39,,,1,100,,6905,39,,,1,100,,6907,39,,,1,100,,6896,39,,,1,102,,6908,39,,,1,101,,6889,39,,,1,105,,6897,39,,,1,95,,6895,39,,,1,97,,6898,39,,,1,100,,6903,39,,,1,100,,6904,39,,,1,99,,6899,39,,,1,100,,6900,39,,,1,99,,6902,39,,,1
2704,'DIM',756,,7675,44,,,2,101,,7676,44,,,2,100,,7671,44,,,2,99,,7673,44,,,2,98,,7674,44,,,2,103,,7670,44,,,2,95,,7677,44,,,2,107,,7672,44,,,2,100,,7663,44,,,2,100,,7667,44,,,2,100,,7668,44,,,2,99,,7664,44,,,2,100,,7666,44,,,2,98,,7665,44,,,2,100,,7669,44,,,2,100,,7662,44,,,2
2704,'SAM',655,,7690,44,,,2,101,,7686,44,,,2,101,,7687,44,,,2,100,,7685,44,,,2,99,,7694,44,,,2,100,,7689,44,,,2,101,,7692,44,,,2,94,,7688,44,,,2,108,,7691,44,,,2,100,,7681,44,,,2,100,,7682,44,,,2,93,,7684,44,,,2,106,,7693,44,,,2,100,,7680,44,,,2,98,,7683,44,,,2,100,,7678,44,,,2,100,,7679,44,,,2
2704,'SEM',619,,7716,44,,,2,28,,7696,44,,,2,68,,7713,44,,,2,28,,7699,44,,,2,67,,7700,44,,,2,28,,7718,44,,,2,66,,7715,44,,,2,49,,7714,44,,,2,100,,7703,44,,,2,148,,7695,44,,,2,55,,7717,44,,,2,88,,7698,44,,,2,106,,7697,44,,,2,107,,7708,44,,,2,77,,7709,44,,,2,80,,7704,44,,,2,13,,7701,44,,,2,30,,7702,44,,,2,71,,7706,44,,,2,75,,7711,44,,,2,100,,7707,44,,,2,45,,7710,44,,,2,95,,7705,44,,,2,104,,7712,44,,,2
3104,'DIM',629,,7789,49,,,1,104,,7790,49,,,1,100,,7788,49,,,1,102,,7794,49,,,1,101,,7795,49,,,1,100,,7793,49,,,1,100,,7791,49,,,1,103,,7779,49,,,1,101,,7792,49,,,1,100,,7778,49,,,1,101,,7777,49,,,1,99,,7782,49,,,1,97,,7784,49,,,1,102,,7783,49,,,1,96,,7785,49,,,1,99,,7781,49,,,1,99,,7780,49,,,1,98,,7786,49,,,1,102,,7787,49,,,1
3104,'SAM',529,,1137,49,,,1,100,,7805,49,,,1,104,,7808,49,,,1,100,,7807,49,,,1,102,,7810,49,,,1,101,,7813,49,,,1,100,,7814,49,,,1,100,,7809,49,,,1,102,,7804,49,,,1,101,,7811,49,,,1,101,,7806,49,,,1,101,,7812,49,,,1,100,,7800,49,,,1,97,,7802,49,,,1,99,,7798,49,,,1,99,,7803,49,,,1,98,,7796,49,,,1,99,,7797,49,,,1,98,,7799,49,,,1,102,,7801,49,,,1
3104,'SEM',453,,7823,49,,,1,77,,7824,49,,,1,92,,7835,49,,,1,21,,7837,49,,,1,64,,7817,49,,,1,34,,7836,49,,,1,68,,7833,49,,,1,29,,7831,49,,,1,75,,7832,49,,,1,22,,7834,49,,,1,100,,7815,49,,,1,102,,7816,49,,,1,100,,7819,49,,,1,101,,7838,49,,,1,100,,7818,49,,,1,102,,7821,49,,,1,100,,7822,49,,,1,96,,7820,49,,,1,103,,7825,49,,,1,96,,7830,49,,,1,105,,7829,49,,,1,99,,7826,49,,,1,101,,7827,49,,,1,100,,7828,49,,,1
3904,'DIM',840,,8142,49,,,1,112,,8136,49,,,1,82,,8143,49,,,1,70,,8146,49,,,1,33,,8137,49,,,1,67,,8135,49,,,1,33,,8145,49,,,1,69,,8140,49,,,1,34,,8129,49,,,1,67,,8144,49,,,1,30,,8138,49,,,1,71,,8139,49,,,1,32,,8128,49,,,1,70,,8141,49,,,1,31,,8124,49,,,1,71,,8125,49,,,1,28,,8130,49,,,1,68,,8131,49,,,1,29,,8132,49,,,1,83,,8133,49,,,1,98,,8126,49,,,1,100,,8134,49,,,1,99,,8127,49,,,1
3904,'SAM',840,,8162,49,,,1,112,,8155,49,,,1,82,,8166,49,,,1,70,,8156,49,,,1,30,,8147,49,,,1,70,,8153,49,,,1,36,,8159,49,,,1,66,,8157,49,,,1,34,,8163,49,,,1,67,,8154,49,,,1,30,,8160,49,,,1,71,,8161,49,,,1,31,,8167,49,,,1,71,,8158,49,,,1,32,,8164,49,,,1,64,,8165,49,,,1,34,,8168,49,,,1,68,,8169,49,,,1,29,,8148,49,,,1,86,,8149,49,,,1,97,,8151,49,,,1,98,,8150,49,,,1,99,,8152,49,,,1
3904,'SEM',634,,8193,49,,,1,67,,8186,49,,,1,14,,8192,49,,,1,11,,8174,49,,,1,30,,8189,49,,,1,71,,8170,49,,,1,31,,8187,49,,,1,70,,8194,49,,,1,75,,8172,49,,,1,28,,8173,49,,,1,73,,8184,49,,,1,30,,8188,49,,,1,71,,8190,49,,,1,28,,8181,49,,,1,72,,8185,49,,,1,27,,8191,49,,,1,78,,8171,49,,,1,34,,8176,49,,,1,70,,8178,49,,,1,31,,8179,49,,,1,102,,8195,49,,,1,110,,8182,49,,,1,98,,8183,49,,,1,104,,8175,49,,,1,100,,8177,49,,,1,93,,8180,49,,,1
4304,'DIM',505,,8722,24,,,1,103,,8716,24,,,1,100,,8712,24,,,1,102,,8714,24,,,1,102,,8719,24,,,1,100,,8717,24,,,1,106,,8718,24,,,1,100,,8715,24,,,1,100,,8723,24,,,1,100,,8720,24,,,1,104,,8721,24,,,1,99,,8704,24,,,1,99,,8705,24,,,1,101,,8707,24,,,1,94,,8710,24,,,1,98,,8709,24,,,1,99,,8706,24,,,1,99,,8708,24,,,1,100,,8713,24,,,1,100,,8711,24,,,1
4304,'SAM',505,,8740,24,,,1,103,,8737,24,,,1,100,,8734,24,,,1,102,,8725,24,,,1,102,,8741,24,,,1,100,,8726,24,,,1,106,,8727,24,,,1,100,,8738,24,,,1,100,,8735,24,,,1,100,,8742,24,,,1,103,,8736,24,,,1,101,,8739,24,,,1,98,,8724,24,,,1,97,,8743,24,,,1,98,,8731,24,,,1,98,,8728,24,,,1,99,,2109,24,,,1,99,,8729,24,,,1,100,,8730,24,,,1,100,,8733,24,,,1,98,,8732,24,,,1
4304,'SEM',522,,8765,24,,,1,35,,8771,24,,,1,75,,8744,24,,,1,25,,8746,24,,,1,61,,8769,24,,,1,31,,8745,24,,,1,73,,8770,24,,,1,33,,8749,24,,,1,75,,8766,24,,,1,28,,8772,24,,,1,71,,8748,24,,,1,30,,8767,24,,,1,70,,8755,24,,,1,30,,8751,24,,,1,70,,8774,24,,,1,30,,8773,24,,,1,70,,8768,24,,,1,72,,8752,24,,,1,29,,8753,24,,,1,70,,8757,24,,,1,36,,8775,24,,,1,65,,8747,24,,,1,26,,8754,24,,,1,30,,8750,24,,,1,97,,8756,24,,,1,97,,8761,24,,,1,100,,8763,24,,,1,101,,8764,24,,,1,99,,8758,24,,,1,101,,8759,24,,,1,150,,8760,24,,,1,20,,8762,24,,,1
7304,'DIM',544,,10665,67,,,1,70,,10654,67,,,1,103,,10658,67,,,1,101,,10661,67,,,1,102,,10657,67,,,1,101,,10659,67,,,1,100,,10662,67,,,1,100,,10666,67,,,1,102,,10660,67,,,1,101,,10663,67,,,1,101,,10656,67,,,1,100,,10664,67,,,1,100,,10667,67,,,1,99,,10650,67,,,1,99,,10647,67,,,1,97,,10653,67,,,1,99,,10649,67,,,1,99,,10648,67,,,1,98,,10651,67,,,1,101,,10652,67,,,1,99,,10655,67,,,1
7304,'SAM',544,,10686,67,,,1,70,,10676,67,,,1,103,,10681,67,,,1,101,,10678,67,,,1,102,,10677,67,,,1,101,,10682,67,,,1,100,,10684,67,,,1,101,,10680,67,,,1,101,,10671,67,,,1,101,,10683,67,,,1,101,,10679,67,,,1,100,,10685,67,,,1,100,,10687,67,,,1,99,,10670,67,,,1,98,,10668,67,,,1,98,,10669,67,,,1,99,,10673,67,,,1,99,,10672,67,,,1,98,,4131,67,,,1,101,,10674,67,,,1,99,,4133,67,,,1,100,,10675,67,,,1,99,,4134,67,,,1
7304,'SEM',506,,10719,67,,,1,42,,10716,67,,,1,82,,10722,67,,,1,18,,10725,67,,,1,71,,10721,67,,,1,15,,10718,67,,,1,14,,10694,67,,,1,68,,10696,67,,,1,14,,10717,67,,,1,15,,10723,67,,,1,65,,10712,67,,,1,31,,10690,67,,,1,80,,10689,67,,,1,29,,10705,67,,,1,70,,10720,67,,,1,30,,10691,67,,,1,71,,10695,67,,,1,36,,10704,67,,,1,66,,10697,67,,,1,30,,10724,67,,,1,70,,10692,67,,,1,30,,10693,67,,,1,73,,10701,67,,,1,31,,10688,67,,,1,72,,10698,67,,,1,79,,10708,67,,,1,22,,10706,67,,,1,27,,10700,67,,,1,69,,10707,67,,,1,76,,10702,67,,,1,20,,10713,67,,,1,29,,10699,67,,,1,70,,10709,67,,,1,30,,10711,67,,,1,73,,10703,67,,,1,96,,10715,67,,,1,99,,10710,67,,,1,103,,10714,67,,,1
7402,'DIM',645,,10786,80,,,2,102,,10789,80,,,2,101,,6451,80,,,2,101,,10790,80,,,2,102,,10788,80,,,2,100,,10787,80,,,2,101,,10793,80,,,2,100,,10792,80,,,2,103,,10794,80,,,2,99,,10791,80,,,2,99,,10781,80,,,2,101,,10780,80,,,2,98,,10782,80,,,2,98,,10783,80,,,2,99,,6443,80,,,2,100,,10784,80,,,2,98,,10785,80,,,2
7402,'SAM',645,,10802,80,,,2,102,,10806,80,,,2,101,,10804,80,,,2,101,,10801,80,,,2,102,,10805,80,,,2,100,,10807,80,,,2,101,,10810,80,,,2,101,,10803,80,,,2,100,,10808,80,,,2,101,,10811,80,,,2,100,,10809,80,,,2,99,,10795,80,,,2,99,,10797,80,,,2,98,,10799,80,,,2,99,,10798,80,,,2,100,,10800,80,,,2,98,,10796,80,,,2
7402,'SEM',604,,10825,80,,,2,49,,10830,80,,,2,60,,10813,80,,,2,42,,10824,80,,,2,100,,10814,80,,,2,99,,10812,80,,,2,99,,10816,80,,,2,101,,10826,80,,,2,97,,10829,80,,,2,100,,10815,80,,,2,101,,10828,80,,,2,102,,10827,80,,,2,100,,10817,80,,,2,97,,10818,80,,,2,100,,10821,80,,,2,97,,10823,80,,,2,99,,10819,80,,,2,102,,10820,80,,,2,98,,10822,80,,,2
