1703,'DIM',626,,6801,26,,,1,89,,6794,26,,,1,100,,100,26,,,1,101,,6796,26,,,1,97,,6797,26,,,1,101,,6793,26,,,1,100,,6799,26,,,1,99,,6795,26,,,1,102,,6798,26,,,1,100,,6800,26,,,1,102,,6783,26,,,1,98,,6787,26,,,1,99,,6786,26,,,1,101,,6785,26,,,1,98,,6788,26,,,1,99,,6791,26,,,1,101,,6784,26,,,1,100,,6789,26,,,1,102,,6790,26,,,1,119,,6792,26,,,1
1703,'SAM',548,,6813,26,,,1,78,,6819,26,,,1,89,,121,26,,,1,100,,6810,26,,,1,101,,6812,26,,,1,97,,6814,26,,,1,100,,6818,26,,,1,101,,6816,26,,,1,100,,6811,26,,,1,101,,6817,26,,,1,100,,6815,26,,,1,102,,6820,26,,,1,99,,6821,26,,,1,99,,6802,26,,,1,100,,6807,26,,,1,98,,6804,26,,,1,99,,6803,26,,,1,101,,6805,26,,,1,100,,6808,26,,,1,102,,6809,26,,,1,119,,6806,26,,,1
1703,'SEM',608,,6839,26,,,1,103,,6841,26,,,1,105,,6840,26,,,1,96,,6825,26,,,1,101,,6838,26,,,1,100,,6837,26,,,1,100,,6843,26,,,1,101,,6826,26,,,1,100,,6823,26,,,1,98,,6842,26,,,1,35,,6845,26,,,1,60,,6844,26,,,1,36,,6822,26,,,1,63,,6833,26,,,1,38,,6824,26,,,1,79,,6827,26,,,1,30,,6830,26,,,1,68,,6835,26,,,1,99,,6836,26,,,1,100,,6828,26,,,1,100,,6829,26,,,1,100,,6831,26,,,1,99,,6832,26,,,1,103,,6834,26,,,1
3103,'DIM',645,,7731,28,,,1,100,,7730,28,,,1,99,,1058,28,,,1,99,,7735,28,,,1,99,,7734,28,,,1,100,,7732,28,,,1,102,,7721,28,,,1,101,,7733,28,,,1,99,,7720,28,,,1,102,,7719,28,,,1,99,,7724,28,,,1,98,,7726,28,,,1,103,,7725,28,,,1,96,,7727,28,,,1,101,,7723,28,,,1,100,,7722,28,,,1,100,,7728,28,,,1,101,,7729,28,,,1
3103,'SAM',645,,7748,28,,,1,100,,7747,28,,,1,99,,1075,28,,,1,99,,7752,28,,,1,99,,7753,28,,,1,100,,7749,28,,,1,100,,7745,28,,,1,102,,7750,28,,,1,100,,7746,28,,,1,102,,7751,28,,,1,100,,7740,28,,,1,98,,7742,28,,,1,100,,7738,28,,,1,99,,7743,28,,,1,100,,7736,28,,,1,100,,7737,28,,,1,100,,7739,28,,,1,102,,7741,28,,,1,95,,7744,28,,,1
3103,'SEM',641,,7775,28,,,1,99,,7773,28,,,1,100,,7774,28,,,1,101,,7754,28,,,1,101,,7755,28,,,1,100,,7757,28,,,1,100,,7776,28,,,1,100,,7756,28,,,1,101,,7761,28,,,1,98,,7762,28,,,1,11,,7763,28,,,1,77,,7758,28,,,1,29,,7767,28,,,1,80,,7764,28,,,1,69,,7760,28,,,1,36,,7772,28,,,1,69,,7759,28,,,1,36,,7771,28,,,1,100,,7765,28,,,1,101,,7768,28,,,1,100,,7769,28,,,1,97,,7766,28,,,1,154,,7770,28,,,1
7303,'DIM',700,,10582,26,,,1,100,,10579,26,,,1,100,,10580,26,,,1,58,,10583,26,,,1,100,,10586,26,,,1,100,,10581,26,,,1,100,,10584,26,,,1,142,,10578,26,,,1,59,,10585,26,,,1,142,,10587,26,,,1,99,,10572,26,,,1,59,,10569,26,,,1,141,,10575,26,,,1,58,,10571,26,,,1,100,,10570,26,,,1,100,,10573,26,,,1,100,,10574,26,,,1,142,,10577,26,,,1,105,,10576,26,,,1
7303,'SAM',606,,10601,26,,,1,94,,10598,26,,,1,100,,10597,26,,,1,100,,10602,26,,,1,58,,10604,26,,,1,101,,10600,26,,,1,99,,10591,26,,,1,100,,10603,26,,,1,142,,10599,26,,,1,59,,10605,26,,,1,142,,10606,26,,,1,101,,10590,26,,,1,98,,10588,26,,,1,59,,10589,26,,,1,99,,10593,26,,,1,100,,10592,26,,,1,100,,4040,26,,,1,100,,10594,26,,,1,142,,4041,26,,,1,105,,10595,26,,,1,100,,4042,26,,,1,100,,10596,26,,,1
7303,'SEM',553,,10643,26,,,1,66,,10640,26,,,1,39,,10639,26,,,1,50,,10644,26,,,1,39,,10633,26,,,1,56,,10609,26,,,1,43,,10641,26,,,1,12,,10608,26,,,1,70,,10626,26,,,1,31,,10642,26,,,1,69,,10610,26,,,1,31,,10615,26,,,1,69,,10625,26,,,1,72,,10616,26,,,1,29,,10645,26,,,1,30,,10611,26,,,1,70,,10614,26,,,1,30,,10620,26,,,1,70,,10607,26,,,1,30,,10617,26,,,1,75,,10646,26,,,1,25,,10627,26,,,1,55,,10619,26,,,1,21,,10612,26,,,1,16,,10613,26,,,1,63,,10623,26,,,1,16,,10621,26,,,1,70,,10634,26,,,1,15,,10622,26,,,1,16,,10618,26,,,1,72,,10628,26,,,1,30,,10631,26,,,1,72,,10624,26,,,1,99,,10636,26,,,1,100,,10629,26,,,1,99,,10635,26,,,1,100,,10630,26,,,1,41,,10632,26,,,1,95,,10637,26,,,1,161,,10638,26,,,1
7401,'DIM',730,,10736,26,,,2,99,,10737,26,,,2,102,,10740,26,,,2,97,,10739,26,,,2,101,,10741,26,,,2,100,,10738,26,,,2,101,,10735,26,,,2,99,,10734,26,,,2,102,,10742,26,,,2,99,,10728,26,,,2,102,,10729,26,,,2,99,,10731,26,,,2,98,,10732,26,,,2,99,,10733,26,,,2,101,,10727,26,,,2,99,,10726,26,,,2,101,,10730,26,,,2
7401,'SAM',730,,10751,26,,,2,99,,10753,26,,,2,102,,10752,26,,,2,98,,10755,26,,,2,100,,10757,26,,,2,100,,10759,26,,,2,102,,10754,26,,,2,98,,10758,26,,,2,101,,10756,26,,,2,100,,10743,26,,,2,101,,10746,26,,,2,101,,10748,26,,,2,98,,10747,26,,,2,98,,10749,26,,,2,101,,10744,26,,,2,99,,10750,26,,,2,101,,10745,26,,,2
7401,'SEM',633,,10776,26,,,2,95,,10760,26,,,2,101,,10775,26,,,2,103,,10764,26,,,2,101,,10765,26,,,2,101,,10779,26,,,2,99,,10763,26,,,2,101,,10778,26,,,2,100,,10777,26,,,2,93,,10762,26,,,2,94,,10766,26,,,2,101,,10761,26,,,2,30,,10768,26,,,2,84,,10774,26,,,2,99,,10767,26,,,2,101,,10770,26,,,2,100,,10771,26,,,2,99,,10769,26,,,2,100,,10772,26,,,2,95,,10773,26,,,2
