1704,'DIM',511,,6858,42,,,1,90,,6859,42,,,1,101,,6863,42,,,1,103,,6857,42,,,1,101,,165,42,,,1,101,,6861,42,,,1,101,,6862,42,,,1,100,,6864,42,,,1,101,,6865,42,,,1,101,,6860,42,,,1,102,,6846,42,,,1,99,,6847,42,,,1,100,,6850,42,,,1,100,,6852,42,,,1,98,,6851,42,,,1,98,,6849,42,,,1,100,,6853,42,,,1,98,,6856,42,,,1,99,,6848,42,,,1,99,,6854,42,,,1,56,,6855,42,,,1
1704,'SAM',511,,6878,42,,,1,90,,6879,42,,,1,101,,6885,42,,,1,103,,6882,42,,,1,101,,6877,42,,,1,101,,6881,42,,,1,101,,6886,42,,,1,100,,6884,42,,,1,101,,6883,42,,,1,101,,6880,42,,,1,101,,6867,42,,,1,100,,6868,42,,,1,101,,6870,42,,,1,99,,6872,42,,,1,98,,6866,42,,,1,98,,6874,42,,,1,100,,6871,42,,,1,98,,6869,42,,,1,99,,6873,42,,,1,99,,6875,42,,,1,56,,6876,42,,,1
1704,'SEM',523,,6901,42,,,1,94,,6906,42,,,1,22,,6909,42,,,1,62,,6888,42,,,1,27,,6892,42,,,1,76,,6893,42,,,1,21,,6887,42,,,1,98,,6890,42,,,1,85,,6891,42,,,1,100,,6894,42,,,1,100,,6905,42,,,1,100,,6907,42,,,1,100,,6896,42,,,1,102,,6908,42,,,1,101,,6889,42,,,1,105,,6897,42,,,1,95,,6895,42,,,1,97,,6898,42,,,1,100,,6903,42,,,1,100,,6904,42,,,1,99,,6899,42,,,1,100,,6900,42,,,1,99,,6902,42,,,1
2704,'DIM',758,,7675,47,,,2,101,,7676,47,,,2,100,,7671,47,,,2,99,,7673,47,,,2,98,,7674,47,,,2,103,,7670,47,,,2,95,,7677,47,,,2,147,,7672,47,,,2,100,,7663,47,,,2,100,,7667,47,,,2,100,,7668,47,,,2,99,,7664,47,,,2,100,,7666,47,,,2,58,,7665,47,,,2,100,,7669,47,,,2,100,,7662,47,,,2
2704,'SAM',657,,7690,47,,,2,101,,7686,47,,,2,101,,7687,47,,,2,100,,7685,47,,,2,99,,7694,47,,,2,100,,7689,47,,,2,101,,7692,47,,,2,94,,7688,47,,,2,148,,7691,47,,,2,100,,7681,47,,,2,100,,7682,47,,,2,53,,7684,47,,,2,146,,7693,47,,,2,100,,7680,47,,,2,58,,7683,47,,,2,100,,7678,47,,,2,100,,7679,47,,,2
2704,'SEM',621,,7716,47,,,2,28,,7696,47,,,2,68,,7713,47,,,2,28,,7699,47,,,2,67,,7700,47,,,2,28,,7718,47,,,2,66,,7715,47,,,2,49,,7714,47,,,2,100,,7703,47,,,2,148,,7695,47,,,2,55,,7717,47,,,2,88,,7698,47,,,2,106,,7697,47,,,2,107,,7708,47,,,2,77,,7709,47,,,2,80,,7704,47,,,2,13,,7701,47,,,2,30,,7702,47,,,2,71,,7706,47,,,2,75,,7711,47,,,2,100,,7707,47,,,2,45,,7710,47,,,2,95,,7705,47,,,2,104,,7712,47,,,2
3104,'DIM',631,,7789,52,,,1,104,,7790,52,,,1,100,,7788,52,,,1,102,,7794,52,,,1,101,,7795,52,,,1,100,,7793,52,,,1,100,,7791,52,,,1,103,,7779,52,,,1,101,,7792,52,,,1,100,,7778,52,,,1,101,,7777,52,,,1,99,,7782,52,,,1,97,,7784,52,,,1,102,,7783,52,,,1,96,,7785,52,,,1,99,,7781,52,,,1,99,,7780,52,,,1,98,,7786,52,,,1,102,,7787,52,,,1
3104,'SAM',531,,1137,52,,,1,100,,7805,52,,,1,104,,7808,52,,,1,100,,7807,52,,,1,102,,7810,52,,,1,101,,7813,52,,,1,100,,7814,52,,,1,100,,7809,52,,,1,102,,7804,52,,,1,101,,7811,52,,,1,101,,7806,52,,,1,101,,7812,52,,,1,100,,7800,52,,,1,97,,7802,52,,,1,99,,7798,52,,,1,99,,7803,52,,,1,98,,7796,52,,,1,99,,7797,52,,,1,98,,7799,52,,,1,102,,7801,52,,,1
3104,'SEM',455,,7823,52,,,1,77,,7824,52,,,1,92,,7835,52,,,1,21,,7837,52,,,1,64,,7817,52,,,1,34,,7836,52,,,1,68,,7833,52,,,1,29,,7831,52,,,1,75,,7832,52,,,1,22,,7834,52,,,1,100,,7815,52,,,1,102,,7816,52,,,1,100,,7819,52,,,1,101,,7838,52,,,1,100,,7818,52,,,1,102,,7821,52,,,1,100,,7822,52,,,1,96,,7820,52,,,1,103,,7825,52,,,1,96,,7830,52,,,1,105,,7829,52,,,1,99,,7826,52,,,1,101,,7827,52,,,1,100,,7828,52,,,1
4304,'DIM',507,,8722,27,,,1,103,,8716,27,,,1,100,,8712,27,,,1,102,,8714,27,,,1,102,,8719,27,,,1,100,,8717,27,,,1,106,,8718,27,,,1,100,,8715,27,,,1,100,,8723,27,,,1,100,,8720,27,,,1,104,,8721,27,,,1,99,,8704,27,,,1,99,,8705,27,,,1,101,,8707,27,,,1,94,,8710,27,,,1,98,,8709,27,,,1,99,,8706,27,,,1,99,,8708,27,,,1,100,,8713,27,,,1,100,,8711,27,,,1
4304,'SAM',507,,8740,27,,,1,103,,8737,27,,,1,100,,8734,27,,,1,102,,8725,27,,,1,102,,8741,27,,,1,100,,8726,27,,,1,106,,8727,27,,,1,100,,8738,27,,,1,100,,8735,27,,,1,100,,8742,27,,,1,103,,8736,27,,,1,101,,8739,27,,,1,98,,8724,27,,,1,97,,8743,27,,,1,98,,8731,27,,,1,98,,8728,27,,,1,99,,2109,27,,,1,99,,8729,27,,,1,100,,8730,27,,,1,100,,8733,27,,,1,98,,8732,27,,,1
4304,'SEM',523,,8765,27,,,1,36,,8771,27,,,1,75,,8744,27,,,1,25,,8746,27,,,1,61,,8769,27,,,1,31,,8745,27,,,1,73,,8770,27,,,1,33,,8749,27,,,1,75,,8766,27,,,1,68,,8772,27,,,1,31,,8748,27,,,1,70,,8767,27,,,1,30,,8755,27,,,1,70,,8751,27,,,1,30,,8774,27,,,1,70,,8773,27,,,1,30,,8768,27,,,1,72,,8752,27,,,1,29,,8753,27,,,1,70,,8757,27,,,1,36,,8775,27,,,1,66,,8747,27,,,1,26,,8754,27,,,1,70,,8750,27,,,1,56,,8756,27,,,1,97,,8761,27,,,1,100,,8763,27,,,1,101,,8764,27,,,1,99,,8758,27,,,1,101,,8759,27,,,1,150,,8760,27,,,1,20,,8762,27,,,1
6001,'DIM',813,,9768,51,,,1,103,,9776,51,,,1,102,,9774,51,,,1,104,,9775,51,,,1,101,,9777,51,,,1,102,,9780,51,,,1,102,,9778,51,,,1,100,,9781,51,,,1,100,,9779,51,,,1,102,,9782,51,,,1,92,,9783,51,,,1,99,,9770,51,,,1,98,,9772,51,,,1,97,,9771,51,,,1,99,,9773,51,,,1,99,,9767,51,,,1,100,,9769,51,,,1
6001,'SAM',709,,9790,51,,,1,104,,9795,51,,,1,103,,9786,51,,,1,102,,9798,51,,,1,103,,9800,51,,,1,102,,9796,51,,,1,102,,9799,51,,,1,102,,9797,51,,,1,100,,9785,51,,,1,100,,9801,51,,,1,102,,9784,51,,,1,92,,9788,51,,,1,100,,9793,51,,,1,97,,9789,51,,,1,97,,9791,51,,,1,99,,9794,51,,,1,99,,9787,51,,,1,100,,9792,51,,,1
6001,'SEM',555,,9816,51,,,1,101,,9802,51,,,1,87,,9820,51,,,1,78,,9814,51,,,1,37,,9818,51,,,1,101,,9804,51,,,1,141,,9821,51,,,1,101,,9819,51,,,1,104,,9805,51,,,1,100,,9803,51,,,1,101,,9815,51,,,1,102,,9817,51,,,1,99,,9806,51,,,1,102,,9810,51,,,1,96,,9808,51,,,1,49,,9813,51,,,1,98,,9811,51,,,1,98,,9807,51,,,1,99,,9809,51,,,1,94,,9812,51,,,1
7304,'DIM',546,,10665,70,,,1,70,,10654,70,,,1,103,,10658,70,,,1,101,,10661,70,,,1,102,,10657,70,,,1,101,,10659,70,,,1,100,,10662,70,,,1,100,,10666,70,,,1,102,,10660,70,,,1,101,,10663,70,,,1,101,,10656,70,,,1,100,,10664,70,,,1,100,,10667,70,,,1,99,,10650,70,,,1,99,,10647,70,,,1,97,,10653,70,,,1,99,,10649,70,,,1,99,,10648,70,,,1,98,,10651,70,,,1,101,,10652,70,,,1,99,,10655,70,,,1
7304,'SAM',546,,10686,70,,,1,70,,10676,70,,,1,103,,10681,70,,,1,101,,10678,70,,,1,102,,10677,70,,,1,101,,10682,70,,,1,100,,10684,70,,,1,101,,10680,70,,,1,101,,10671,70,,,1,101,,10683,70,,,1,101,,10679,70,,,1,100,,10685,70,,,1,100,,10687,70,,,1,99,,10670,70,,,1,98,,10668,70,,,1,98,,10669,70,,,1,99,,10673,70,,,1,99,,10672,70,,,1,98,,4131,70,,,1,101,,10674,70,,,1,99,,4133,70,,,1,100,,10675,70,,,1,99,,4134,70,,,1
7304,'SEM',508,,10719,70,,,1,42,,10716,70,,,1,82,,10722,70,,,1,18,,10725,70,,,1,71,,10721,70,,,1,15,,10718,70,,,1,14,,10694,70,,,1,68,,10696,70,,,1,14,,10717,70,,,1,15,,10723,70,,,1,65,,10712,70,,,1,31,,10690,70,,,1,80,,10689,70,,,1,29,,10705,70,,,1,70,,10720,70,,,1,30,,10691,70,,,1,71,,10695,70,,,1,36,,10704,70,,,1,66,,10697,70,,,1,30,,10724,70,,,1,70,,10692,70,,,1,30,,10693,70,,,1,73,,10701,70,,,1,31,,10688,70,,,1,72,,10698,70,,,1,79,,10708,70,,,1,22,,10706,70,,,1,27,,10700,70,,,1,69,,10707,70,,,1,76,,10702,70,,,1,20,,10713,70,,,1,29,,10699,70,,,1,70,,10709,70,,,1,30,,10711,70,,,1,73,,10703,70,,,1,96,,10715,70,,,1,99,,10710,70,,,1,102,,10714,70,,,1
7402,'DIM',647,,10786,83,,,2,102,,10789,83,,,2,101,,6451,83,,,2,101,,10790,83,,,2,102,,10788,83,,,2,100,,10787,83,,,2,101,,10793,83,,,2,100,,10792,83,,,2,103,,10794,83,,,2,99,,10791,83,,,2,99,,10781,83,,,2,101,,10780,83,,,2,98,,10782,83,,,2,98,,10783,83,,,2,99,,6443,83,,,2,100,,10784,83,,,2,98,,10785,83,,,2
7402,'SAM',647,,10802,83,,,2,102,,10806,83,,,2,101,,10804,83,,,2,101,,10801,83,,,2,102,,10805,83,,,2,100,,10807,83,,,2,101,,10810,83,,,2,101,,10803,83,,,2,100,,10808,83,,,2,101,,10811,83,,,2,100,,10809,83,,,2,99,,10795,83,,,2,99,,10797,83,,,2,98,,10799,83,,,2,99,,10798,83,,,2,100,,10800,83,,,2,98,,10796,83,,,2
7402,'SEM',606,,10825,83,,,2,49,,10830,83,,,2,60,,10813,83,,,2,42,,10824,83,,,2,100,,10814,83,,,2,99,,10812,83,,,2,99,,10816,83,,,2,101,,10826,83,,,2,97,,10829,83,,,2,100,,10815,83,,,2,101,,10828,83,,,2,102,,10827,83,,,2,100,,10817,83,,,2,97,,10818,83,,,2,100,,10821,83,,,2,97,,10823,83,,,2,99,,10819,83,,,2,102,,10820,83,,,2,98,,10822,83,,,2
