2602,'DIM',627,,777,8,,,2,23,,7474,8,,,2,67,,7468,8,,,2,30,,7470,8,,,2,70,,794,8,,,2,32,,7481,8,,,2,69,,7475,8,,,2,30,,7469,8,,,2,66,,7478,8,,,2,24,,7471,8,,,2,20,,7482,8,,,2,60,,7464,8,,,2,19,,7484,8,,,2,20,,7477,8,,,2,59,,7486,8,,,2,21,,7446,8,,,2,19,,7479,8,,,2,62,,7467,8,,,2,19,,7472,8,,,2,21,,7473,8,,,2,62,,7447,8,,,2,18,,7448,8,,,2,20,,7465,8,,,2,60,,7466,8,,,2,19,,7445,8,,,2,21,,7480,8,,,2,60,,7483,8,,,2,20,,7476,8,,,2,62,,7456,8,,,2,42,,7461,8,,,2,70,,7457,8,,,2,30,,780,8,,,2,70,,7485,8,,,2,30,,7487,8,,,2,70,,7453,8,,,2,29,,7449,8,,,2,70,,7460,8,,,2,30,,7450,8,,,2,71,,7451,8,,,2,29,,7459,8,,,2,69,,7455,8,,,2,28,,7452,8,,,2,71,,7454,8,,,2,30,,7458,8,,,2,85,,7462,8,,,2,78,,7463,8,,,2
2602,'SAM',627,,832,8,,,2,23,,7521,8,,,2,67,,7518,8,,,2,30,,7523,8,,,2,70,,7519,8,,,2,31,,7526,8,,,2,70,,7524,8,,,2,30,,7532,8,,,2,65,,7517,8,,,2,25,,7528,8,,,2,20,,7514,8,,,2,60,,7533,8,,,2,19,,7530,8,,,2,20,,7492,8,,,2,59,,7527,8,,,2,21,,7522,8,,,2,20,,7513,8,,,2,61,,7515,8,,,2,21,,7516,8,,,2,19,,7489,8,,,2,62,,7491,8,,,2,18,,7493,8,,,2,20,,7525,8,,,2,62,,7531,8,,,2,16,,7520,8,,,2,21,,7494,8,,,2,61,,7529,8,,,2,20,,7498,8,,,2,62,,7503,8,,,2,42,,7506,8,,,2,70,,7509,8,,,2,30,,7512,8,,,2,71,,7507,8,,,2,29,,7490,8,,,2,70,,7497,8,,,2,29,,7496,8,,,2,70,,7504,8,,,2,30,,7499,8,,,2,70,,7500,8,,,2,30,,7510,8,,,2,69,,7495,8,,,2,28,,7501,8,,,2,71,,7502,8,,,2,30,,7511,8,,,2,85,,7508,8,,,2,78,,7505,8,,,2
2602,'SEM',510,,7577,8,,,2,22,,7592,8,,,2,74,,7563,8,,,2,20,,7535,8,,,2,17,,7564,8,,,2,15,,7579,8,,,2,50,,7581,8,,,2,20,,7589,8,,,2,14,,7594,8,,,2,14,,7543,8,,,2,58,,7585,8,,,2,14,,7537,8,,,2,9,,7545,8,,,2,19,,7597,8,,,2,55,,7539,8,,,2,20,,7580,8,,,2,20,,7536,8,,,2,61,,7593,8,,,2,21,,7588,8,,,2,19,,7541,8,,,2,60,,7590,8,,,2,19,,7544,8,,,2,18,,7596,8,,,2,64,,7582,8,,,2,22,,7584,8,,,2,15,,7591,8,,,2,65,,7586,8,,,2,19,,7598,8,,,2,14,,7538,8,,,2,52,,7583,8,,,2,27,,7540,8,,,2,22,,7587,8,,,2,57,,7595,8,,,2,22,,7542,8,,,2,21,,7554,8,,,2,57,,7556,8,,,2,12,,7562,8,,,2,12,,7547,8,,,2,13,,7565,8,,,2,10,,7567,8,,,2,51,,7551,8,,,2,10,,7569,8,,,2,10,,7553,8,,,2,8,,7546,8,,,2,14,,7575,8,,,2,12,,7576,8,,,2,54,,7548,8,,,2,15,,7561,8,,,2,20,,7568,8,,,2,61,,7549,8,,,2,19,,7550,8,,,2,24,,7566,8,,,2,60,,7573,8,,,2,16,,7578,8,,,2,30,,7557,8,,,2,70,,7552,8,,,2,74,,7559,8,,,2,26,,7555,8,,,2,29,,7558,8,,,2,66,,7571,8,,,2,25,,7560,8,,,2,80,,7570,8,,,2,29,,7572,8,,,2,80,,7574,8,,,2
3602,'SEM',1517,,7943,8,,,2,23,,7944,8,,,2,72,,7937,8,,,2,24,,7942,8,,,2,73,,7938,8,,,2,31,,7939,8,,,2,65,,7940,8,,,2,29,,7941,8,,,2
4603,'DIM',641,,8907,8,,,1,105,,8908,8,,,1,105,,8900,8,,,1,101,,8912,8,,,1,97,,8909,8,,,1,103,,8914,8,,,1,100,,8915,8,,,1,101,,8906,8,,,1,101,,8910,8,,,1,99,,8897,8,,,1,100,,8913,8,,,1,100,,8911,8,,,1,99,,8899,8,,,1,100,,8916,8,,,1,100,,8903,8,,,1,100,,8898,8,,,1,100,,8901,8,,,1,99,,8902,8,,,1,99,,8904,8,,,1,150,,8905,8,,,1
4603,'SAM',641,,8929,8,,,1,105,,8930,8,,,1,105,,8934,8,,,1,101,,8933,8,,,1,97,,8932,8,,,1,103,,8928,8,,,1,99,,8935,8,,,1,97,,8917,8,,,1,106,,8918,8,,,1,105,,8931,8,,,1,94,,8936,8,,,1,100,,8920,8,,,1,99,,8921,8,,,1,100,,8925,8,,,1,100,,8922,8,,,1,100,,8926,8,,,1,100,,8919,8,,,1,99,,8924,8,,,1,99,,8927,8,,,1,151,,8923,8,,,1
4603,'SEM',652,,8960,8,,,1,97,,8963,8,,,1,73,,8957,8,,,1,33,,8956,8,,,1,67,,8941,8,,,1,30,,8961,8,,,1,70,,8938,8,,,1,30,,8958,8,,,1,70,,8959,8,,,1,30,,8937,8,,,1,70,,8967,8,,,1,28,,8942,8,,,1,72,,8964,8,,,1,30,,8966,8,,,1,70,,8945,8,,,1,35,,8962,8,,,1,65,,8965,8,,,1,31,,8944,8,,,1,71,,8939,8,,,1,24,,8943,8,,,1,70,,8940,8,,,1,35,,8951,8,,,1,64,,8948,8,,,1,35,,8955,8,,,1,60,,8952,8,,,1,35,,8950,8,,,1,100,,8947,8,,,1,101,,8946,8,,,1,103,,8954,8,,,1,100,,8949,8,,,1,150,,8953,8,,,1
6001,'DIM',741,,9768,4,,,1,101,,9776,4,,,1,100,,9774,4,,,1,103,,9775,4,,,1,100,,9777,4,,,1,101,,9780,4,,,1,101,,9778,4,,,1,101,,9781,4,,,1,101,,9779,4,,,1,102,,9782,4,,,1,94,,9783,4,,,1,101,,9770,4,,,1,99,,9772,4,,,1,99,,9771,4,,,1,99,,9773,4,,,1,99,,9767,4,,,1,100,,9769,4,,,1
6001,'SAM',641,,9790,4,,,1,100,,9795,4,,,1,101,,9786,4,,,1,100,,9798,4,,,1,102,,9800,4,,,1,101,,9796,4,,,1,101,,9799,4,,,1,101,,9797,4,,,1,101,,9785,4,,,1,101,,9801,4,,,1,102,,9784,4,,,1,94,,9788,4,,,1,102,,9793,4,,,1,98,,9789,4,,,1,99,,9791,4,,,1,99,,9794,4,,,1,99,,9787,4,,,1,100,,9792,4,,,1
6001,'SEM',526,,9816,4,,,1,100,,9802,4,,,1,85,,9820,4,,,1,36,,9814,4,,,1,74,,9818,4,,,1,100,,9804,4,,,1,100,,9821,4,,,1,100,,9819,4,,,1,103,,9805,4,,,1,100,,9803,4,,,1,100,,9815,4,,,1,101,,9817,4,,,1,99,,9806,4,,,1,104,,9810,4,,,1,100,,9808,4,,,1,91,,9813,4,,,1,99,,9811,4,,,1,100,,9807,4,,,1,100,,9809,4,,,1,95,,9812,4,,,1
