4201,'DIM',529,,8340,51,,,2,106,,8364,51,,,2,70,,8381,51,,,2,32,,1716,51,,,2,71,,8365,51,,,2,31,,8370,51,,,2,71,,8374,51,,,2,31,,8377,51,,,2,71,,8369,51,,,2,26,,8372,51,,,2,77,,8371,51,,,2,20,,8357,51,,,2,23,,8362,51,,,2,58,,8361,51,,,2,22,,8363,51,,,2,18,,8367,51,,,2,60,,8366,51,,,2,19,,8384,51,,,2,22,,8378,51,,,2,61,,8373,51,,,2,20,,1723,51,,,2,62,,8380,51,,,2,20,,8344,51,,,2,20,,8346,51,,,2,60,,8347,51,,,2,21,,8379,51,,,2,19,,8368,51,,,2,61,,8375,51,,,2,20,,8345,51,,,2,15,,8383,51,,,2,15,,8382,51,,,2,54,,8356,51,,,2,12,,8376,51,,,2,18,,8342,51,,,2,71,,8341,51,,,2,30,,8352,51,,,2,69,,8339,51,,,2,29,,8348,51,,,2,69,,8359,51,,,2,29,,8343,51,,,2,71,,8350,51,,,2,30,,8354,51,,,2,68,,8355,51,,,2,30,,8349,51,,,2,73,,8353,51,,,2,28,,8351,51,,,2,74,,8358,51,,,2,35,,8360,51,,,2
4201,'SAM',529,,8385,51,,,2,106,,8413,51,,,2,70,,8388,51,,,2,32,,8420,51,,,2,71,,8416,51,,,2,31,,8415,51,,,2,71,,8419,51,,,2,31,,8426,51,,,2,71,,8431,51,,,2,25,,8424,51,,,2,78,,8410,51,,,2,20,,8422,51,,,2,22,,8414,51,,,2,59,,8405,51,,,2,21,,8412,51,,,2,19,,8386,51,,,2,60,,8418,51,,,2,19,,8417,51,,,2,22,,8411,51,,,2,61,,8421,51,,,2,20,,8387,51,,,2,21,,8423,51,,,2,60,,8427,51,,,2,21,,8391,51,,,2,60,,8429,51,,,2,21,,8432,51,,,2,20,,8433,51,,,2,59,,8397,51,,,2,21,,8430,51,,,2,14,,8399,51,,,2,16,,8425,51,,,2,54,,8401,51,,,2,14,,8428,51,,,2,16,,8404,51,,,2,75,,8389,51,,,2,26,,8392,51,,,2,69,,8408,51,,,2,29,,8394,51,,,2,69,,8396,51,,,2,32,,8390,51,,,2,67,,8393,51,,,2,30,,8395,51,,,2,69,,8398,51,,,2,30,,8400,51,,,2,73,,8402,51,,,2,28,,8409,51,,,2,74,,8403,51,,,2,35,,8407,51,,,2,69,,8406,51,,,2
4201,'SEM',636,,8483,51,,,2,71,,8436,51,,,2,17,,8478,51,,,2,21,,8481,51,,,2,64,,8484,51,,,2,22,,8482,51,,,2,19,,8437,51,,,2,59,,8477,51,,,2,22,,8434,51,,,2,19,,8440,51,,,2,59,,8467,51,,,2,23,,8479,51,,,2,18,,8480,51,,,2,63,,8442,51,,,2,17,,8464,51,,,2,24,,8444,51,,,2,60,,8445,51,,,2,20,,8446,51,,,2,22,,8439,51,,,2,55,,8448,51,,,2,23,,8449,51,,,2,19,,8450,51,,,2,61,,8438,51,,,2,21,,8454,51,,,2,21,,8485,51,,,2,59,,8458,51,,,2,21,,8459,51,,,2,20,,8460,51,,,2,55,,8462,51,,,2,13,,8435,51,,,2,13,,8441,51,,,2,11,,8453,51,,,2,53,,8465,51,,,2,14,,8468,51,,,2,15,,8456,51,,,2,14,,8452,51,,,2,14,,8451,51,,,2,53,,8472,51,,,2,15,,8474,51,,,2,15,,8443,51,,,2,14,,8476,51,,,2,63,,8469,51,,,2,13,,8473,51,,,2,21,,8447,51,,,2,66,,8475,51,,,2,31,,8455,51,,,2,66,,8457,51,,,2,33,,8461,51,,,2,66,,8463,51,,,2,31,,8487,37,,,2,75,,8466,51,,,2,23,,8486,37,,,2,69,,8471,51,,,2,44,,8470,51,,,2
5201,'DIM',716,,9351,8,,,2,100,,9349,8,,,2,100,,2754,8,,,2,102,,9352,8,,,2,100,,9353,8,,,2,100,,9348,8,,,2,101,,9350,8,,,2,100,,9338,8,,,2,101,,9340,8,,,2,100,,9342,8,,,2,100,,9354,8,,,2,100,,9346,8,,,2,98,,9339,8,,,2,100,,9337,8,,,2,100,,9343,8,,,2,100,,9345,8,,,2,99,,9341,8,,,2,100,,9344,8,,,2,98,,9347,8,,,2
5201,'SAM',716,,9368,8,,,2,100,,9365,8,,,2,100,,9371,8,,,2,102,,9373,8,,,2,100,,9369,8,,,2,100,,9366,8,,,2,101,,9370,8,,,2,100,,9367,8,,,2,101,,9372,8,,,2,100,,9357,8,,,2,100,,9361,8,,,2,100,,9363,8,,,2,98,,9359,8,,,2,100,,9355,8,,,2,100,,9356,8,,,2,100,,9362,8,,,2,99,,9358,8,,,2,100,,9360,8,,,2,98,,9364,8,,,2
5201,'SEM',620,,9389,8,,,2,101,,9386,8,,,2,101,,9374,8,,,2,99,,9387,8,,,2,100,,9388,8,,,2,100,,9390,8,,,2,100,,9392,8,,,2,101,,9391,8,,,2,100,,9375,8,,,2,91,,9376,8,,,2,102,,9377,8,,,2,99,,9381,8,,,2,99,,9385,8,,,2,108,,9384,8,,,2,101,,9378,8,,,2,104,,9379,8,,,2,96,,9383,8,,,2,99,,9380,8,,,2,109,,9382,8,,,2
5801,'DIM',541,,9661,46,,,2,101,,9643,46,,,2,91,,9652,46,,,2,101,,9655,46,,,2,99,,9658,46,,,2,100,,9651,46,,,2,102,,9660,46,,,2,98,,9657,46,,,2,103,,9654,46,,,2,99,,9656,46,,,2,102,,9653,46,,,2,99,,9646,46,,,2,101,,9659,46,,,2,99,,9642,46,,,2,99,,9650,46,,,2,99,,9645,46,,,2,100,,9644,46,,,2,100,,9648,46,,,2,98,,9647,46,,,2,110,,9649,46,,,2
5801,'SAM',541,,9681,46,,,2,101,,9673,46,,,2,91,,9672,46,,,2,101,,9677,46,,,2,100,,9675,46,,,2,99,,9678,46,,,2,102,,9680,46,,,2,98,,9662,46,,,2,101,,9671,46,,,2,101,,9676,46,,,2,101,,9674,46,,,2,101,,9679,46,,,2,100,,9665,46,,,2,100,,9669,46,,,2,98,,9663,46,,,2,99,,9670,46,,,2,100,,9666,46,,,2,100,,9668,46,,,2,98,,9664,46,,,2,110,,9667,46,,,2
5801,'SEM',532,,9695,46,,,2,68,,9692,46,,,2,42,,9705,46,,,2,85,,9693,46,,,2,86,,9699,46,,,2,45,,9686,46,,,2,99,,9706,46,,,2,100,,9682,46,,,2,100,,9687,46,,,2,100,,9704,46,,,2,100,,9683,46,,,2,87,,9694,46,,,2,71,,9684,46,,,2,32,,9707,46,,,2,69,,9689,46,,,2,35,,9691,46,,,2,69,,9690,46,,,2,27,,9685,46,,,2,69,,9703,46,,,2,29,,9688,46,,,2,70,,9701,46,,,2,100,,9702,46,,,2,99,,9697,46,,,2,99,,9696,46,,,2,99,,9698,46,,,2,98,,9700,46,,,2
25201,'SEM',1544,,11499,8,,,2,101,,11502,8,,,2,99,,11500,8,,,2,99,,11501,8,,,2
