1704,'DIM',455,,6858,8,,,1,89,,6859,8,,,1,100,,6863,8,,,1,102,,6857,8,,,1,99,,165,8,,,1,100,,6861,8,,,1,101,,6862,8,,,1,100,,6864,8,,,1,101,,6865,8,,,1,101,,6860,8,,,1,102,,6846,8,,,1,99,,6847,8,,,1,100,,6850,8,,,1,101,,6852,8,,,1,99,,6851,8,,,1,98,,6849,8,,,1,100,,6853,8,,,1,101,,6856,8,,,1,99,,6848,8,,,1,100,,6854,8,,,1,96,,6855,8,,,1
1704,'SAM',455,,6878,8,,,1,89,,6879,8,,,1,100,,6885,8,,,1,102,,6882,8,,,1,99,,6877,8,,,1,100,,6881,8,,,1,101,,6886,8,,,1,100,,6884,8,,,1,101,,6883,8,,,1,101,,6880,8,,,1,101,,6867,8,,,1,100,,6868,8,,,1,101,,6870,8,,,1,100,,6872,8,,,1,99,,6866,8,,,1,98,,6874,8,,,1,100,,6871,8,,,1,101,,6869,8,,,1,99,,6873,8,,,1,100,,6875,8,,,1,96,,6876,8,,,1
1704,'SEM',506,,6901,8,,,1,52,,6906,8,,,1,62,,6909,8,,,1,22,,6888,8,,,1,66,,6892,8,,,1,35,,6893,8,,,1,61,,6887,8,,,1,98,,6890,8,,,1,44,,6891,8,,,1,100,,6894,8,,,1,100,,6905,8,,,1,100,,6907,8,,,1,100,,6896,8,,,1,102,,6908,8,,,1,100,,6889,8,,,1,105,,6897,8,,,1,96,,6895,8,,,1,98,,6898,8,,,1,101,,6903,8,,,1,101,,6904,8,,,1,100,,6899,8,,,1,100,,6900,8,,,1,100,,6902,8,,,1
3104,'DIM',614,,7789,18,,,1,102,,7790,18,,,1,100,,7788,18,,,1,100,,7794,18,,,1,100,,7795,18,,,1,100,,7793,18,,,1,100,,7791,18,,,1,103,,7779,18,,,1,101,,7792,18,,,1,100,,7778,18,,,1,101,,7777,18,,,1,99,,7782,18,,,1,98,,7784,18,,,1,103,,7783,18,,,1,96,,7785,18,,,1,101,,7781,18,,,1,100,,7780,18,,,1,98,,7786,18,,,1,102,,7787,18,,,1
3104,'SAM',515,,1137,18,,,1,99,,7805,18,,,1,102,,7808,18,,,1,100,,7807,18,,,1,100,,7810,18,,,1,100,,7813,18,,,1,100,,7814,18,,,1,100,,7809,18,,,1,102,,7804,18,,,1,101,,7811,18,,,1,101,,7806,18,,,1,101,,7812,18,,,1,100,,7800,18,,,1,98,,7802,18,,,1,100,,7798,18,,,1,99,,7803,18,,,1,100,,7796,18,,,1,100,,7797,18,,,1,98,,7799,18,,,1,102,,7801,18,,,1
3104,'SEM',438,,7823,18,,,1,77,,7824,18,,,1,90,,7835,18,,,1,21,,7837,18,,,1,23,,7817,18,,,1,73,,7836,18,,,1,28,,7833,18,,,1,69,,7831,18,,,1,35,,7832,18,,,1,61,,7834,18,,,1,100,,7815,18,,,1,101,,7816,18,,,1,100,,7819,18,,,1,101,,7838,18,,,1,100,,7818,18,,,1,102,,7821,18,,,1,100,,7822,18,,,1,96,,7820,18,,,1,105,,7825,18,,,1,97,,7830,18,,,1,105,,7829,18,,,1,100,,7826,18,,,1,102,,7827,18,,,1,100,,7828,18,,,1
3904,'DIM',815,,8142,8,,,1,112,,8136,8,,,1,82,,8143,8,,,1,30,,8146,8,,,1,73,,8137,8,,,1,27,,8135,8,,,1,73,,8145,8,,,1,29,,8140,8,,,1,74,,8129,8,,,1,27,,8144,8,,,1,70,,8138,8,,,1,31,,8139,8,,,1,72,,8128,8,,,1,30,,8141,8,,,1,71,,8124,8,,,1,31,,8125,8,,,1,68,,8130,8,,,1,28,,8131,8,,,1,70,,8132,8,,,1,43,,8133,8,,,1,98,,8126,8,,,1,100,,8134,8,,,1,100,,8127,8,,,1
3904,'SAM',815,,8162,8,,,1,112,,8155,8,,,1,82,,8166,8,,,1,30,,8156,8,,,1,70,,8147,8,,,1,30,,8153,8,,,1,76,,8159,8,,,1,26,,8157,8,,,1,74,,8163,8,,,1,27,,8154,8,,,1,70,,8160,8,,,1,31,,8161,8,,,1,71,,8167,8,,,1,31,,8158,8,,,1,72,,8164,8,,,1,24,,8165,8,,,1,74,,8168,8,,,1,28,,8169,8,,,1,70,,8148,8,,,1,46,,8149,8,,,1,97,,8151,8,,,1,98,,8150,8,,,1,100,,8152,8,,,1
3904,'SEM',610,,8193,8,,,1,27,,8186,8,,,1,14,,8192,8,,,1,51,,8174,8,,,1,29,,8189,8,,,1,71,,8170,8,,,1,31,,8187,8,,,1,70,,8194,8,,,1,35,,8172,8,,,1,67,,8173,8,,,1,33,,8184,8,,,1,69,,8188,8,,,1,31,,8190,8,,,1,68,,8181,8,,,1,32,,8185,8,,,1,67,,8191,8,,,1,38,,8171,8,,,1,74,,8176,8,,,1,30,,8178,8,,,1,71,,8179,8,,,1,101,,8195,8,,,1,112,,8182,8,,,1,99,,8183,8,,,1,105,,8175,8,,,1,100,,8177,8,,,1,94,,8180,8,,,1
4504,'DIM',612,,8845,8,,,1,100,,8838,8,,,1,99,,8846,8,,,1,101,,8848,8,,,1,99,,8852,8,,,1,97,,8853,8,,,1,102,,8849,8,,,1,98,,8844,8,,,1,108,,8842,8,,,1,98,,8836,8,,,1,100,,8851,8,,,1,96,,8847,8,,,1,101,,8850,8,,,1,103,,8837,8,,,1,101,,8843,8,,,1,101,,8839,8,,,1,100,,8840,8,,,1,100,,8841,8,,,1
4504,'SAM',612,,2249,8,,,1,100,,8867,8,,,1,99,,8864,8,,,1,101,,8868,8,,,1,99,,8866,8,,,1,101,,8855,8,,,1,97,,8865,8,,,1,102,,8854,8,,,1,104,,8860,8,,,1,101,,8869,8,,,1,98,,8857,8,,,1,96,,8870,8,,,1,101,,8858,8,,,1,103,,8862,8,,,1,101,,8856,8,,,1,101,,8861,8,,,1,100,,8859,8,,,1,100,,8863,8,,,1
4504,'SEM',529,,8890,8,,,1,15,,8891,8,,,1,80,,8896,8,,,1,84,,8876,8,,,1,18,,8874,8,,,1,18,,8872,8,,,1,57,,8889,8,,,1,51,,8875,8,,,1,106,,8893,8,,,1,151,,8888,8,,,1,96,,8878,8,,,1,54,,8877,8,,,1,100,,8894,8,,,1,82,,8873,8,,,1,65,,8871,8,,,1,31,,8892,8,,,1,70,,8895,8,,,1,38,,8880,8,,,1,77,,8883,8,,,1,81,,8884,8,,,1,104,,8882,8,,,1,105,,8881,8,,,1,102,,8885,8,,,1,90,,8887,8,,,1,101,,8879,8,,,1,95,,8886,8,,,1
