4503,'DIM',638,,8779,5,,,1,100,,8789,5,,,1,101,,8787,5,,,1,98,,8793,5,,,1,101,,8788,5,,,1,98,,8791,5,,,1,105,,8781,5,,,1,101,,8785,5,,,1,98,,8778,5,,,1,102,,8776,5,,,1,92,,8790,5,,,1,102,,8792,5,,,1,103,,8777,5,,,1,102,,8786,5,,,1,102,,8780,5,,,1,99,,8783,5,,,1,99,,8784,5,,,1,102,,8782,5,,,1
4503,'SAM',638,,8807,5,,,1,100,,8803,5,,,1,101,,8806,5,,,1,98,,8805,5,,,1,101,,8795,5,,,1,97,,8804,5,,,1,106,,8808,5,,,1,100,,8799,5,,,1,101,,8810,5,,,1,101,,8809,5,,,1,91,,8811,5,,,1,105,,8794,5,,,1,100,,8801,5,,,1,102,,8796,5,,,1,102,,8800,5,,,1,99,,8798,5,,,1,99,,8802,5,,,1,102,,8797,5,,,1
4503,'SEM',625,,8817,5,,,1,18,,8815,5,,,1,74,,8812,5,,,1,27,,8832,5,,,1,66,,8816,5,,,1,39,,8814,5,,,1,65,,8833,5,,,1,110,,8831,5,,,1,101,,8820,5,,,1,95,,8818,5,,,1,100,,8834,5,,,1,101,,8813,5,,,1,105,,8835,5,,,1,25,,8822,5,,,1,88,,8825,5,,,1,19,,8819,5,,,1,58,,8826,5,,,1,33,,8828,5,,,1,80,,8824,5,,,1,99,,8823,5,,,1,100,,8827,5,,,1,100,,8830,5,,,1,100,,8821,5,,,1,95,,8829,5,,,1
5001,'DIM',529,,9169,15,,,1,100,,9177,15,,,1,100,,9165,15,,,1,98,,9182,15,,,1,101,,9174,15,,,1,73,,9184,15,,,1,37,,9176,15,,,1,63,,9189,15,,,1,38,,9187,15,,,1,62,,9188,15,,,1,35,,9190,15,,,1,69,,9175,15,,,1,32,,9178,15,,,1,76,,9191,15,,,1,29,,9180,15,,,1,73,,9179,15,,,1,30,,9185,15,,,1,63,,9183,15,,,1,34,,9181,15,,,1,81,,9186,15,,,1,18,,9167,15,,,1,100,,9170,15,,,1,99,,9173,15,,,1,100,,9166,15,,,1,99,,9171,15,,,1,98,,9168,15,,,1,100,,9172,15,,,1
5001,'SAM',529,,9199,15,,,1,100,,9202,15,,,1,100,,9193,15,,,1,98,,9214,15,,,1,101,,9212,15,,,1,79,,9217,15,,,1,30,,9210,15,,,1,64,,9194,15,,,1,38,,9218,15,,,1,62,,9216,15,,,1,35,,9195,15,,,1,69,,9206,15,,,1,32,,9208,15,,,1,76,,9211,15,,,1,29,,9207,15,,,1,73,,9209,15,,,1,30,,9197,15,,,1,63,,9198,15,,,1,34,,9192,15,,,1,79,,9213,15,,,1,21,,9215,15,,,1,99,,9203,15,,,1,99,,9205,15,,,1,100,,9204,15,,,1,99,,9200,15,,,1,98,,9196,15,,,1,100,,9201,15,,,1
5001,'SEM',519,,9241,15,,,1,106,,9246,15,,,1,75,,9242,15,,,1,23,,9220,15,,,1,36,,9219,15,,,1,64,,9222,15,,,1,31,,9249,15,,,1,67,,9250,15,,,1,33,,9245,15,,,1,67,,9221,15,,,1,33,,9225,15,,,1,68,,9244,15,,,1,32,,9231,15,,,1,72,,9247,15,,,1,30,,9226,15,,,1,72,,9243,15,,,1,28,,9248,15,,,1,70,,9224,15,,,1,82,,9223,15,,,1,26,,9235,15,,,1,76,,9227,15,,,1,30,,9228,15,,,1,69,,9234,15,,,1,29,,9229,15,,,1,75,,9233,15,,,1,29,,9236,15,,,1,75,,9237,15,,,1,104,,9232,15,,,1,104,,9230,15,,,1,104,,9239,15,,,1,105,,9238,15,,,1,106,,9240,15,,,1,89,,9251,5,,,1
6001,'DIM',806,,9768,39,,,1,103,,9776,39,,,1,102,,9774,39,,,1,103,,9775,39,,,1,101,,9777,39,,,1,102,,9780,39,,,1,102,,9778,39,,,1,100,,9781,39,,,1,100,,9779,39,,,1,102,,9782,39,,,1,93,,9783,39,,,1,99,,9770,39,,,1,98,,9772,39,,,1,97,,9771,39,,,1,99,,9773,39,,,1,99,,9767,39,,,1,100,,9769,39,,,1
6001,'SAM',704,,9790,39,,,1,102,,9795,39,,,1,103,,9786,39,,,1,102,,9798,39,,,1,102,,9800,39,,,1,102,,9796,39,,,1,102,,9799,39,,,1,102,,9797,39,,,1,100,,9785,39,,,1,100,,9801,39,,,1,102,,9784,39,,,1,93,,9788,39,,,1,100,,9793,39,,,1,97,,9789,39,,,1,97,,9791,39,,,1,99,,9794,39,,,1,99,,9787,39,,,1,100,,9792,39,,,1
6001,'SEM',548,,9816,39,,,1,101,,9802,39,,,1,87,,9820,39,,,1,77,,9814,39,,,1,36,,9818,39,,,1,101,,9804,39,,,1,101,,9821,39,,,1,101,,9819,39,,,1,104,,9805,39,,,1,100,,9803,39,,,1,101,,9815,39,,,1,102,,9817,39,,,1,99,,9806,39,,,1,142,,9810,39,,,1,57,,9808,39,,,1,90,,9813,39,,,1,98,,9811,39,,,1,98,,9807,39,,,1,99,,9809,39,,,1,94,,9812,39,,,1
34503,'SEM',443,,11610,24,,,1,101,,11611,24,,,1
