1703,'DIM',634,,6801,47,,,1,89,,6794,47,,,1,101,,100,47,,,1,102,,6796,47,,,1,97,,6797,47,,,1,103,,6793,47,,,1,100,,6799,47,,,1,100,,6795,47,,,1,102,,6798,47,,,1,100,,6800,47,,,1,102,,6783,47,,,1,98,,6787,47,,,1,98,,6786,47,,,1,101,,6785,47,,,1,98,,6788,47,,,1,98,,6791,47,,,1,100,,6784,47,,,1,100,,6789,47,,,1,102,,6790,47,,,1,116,,6792,47,,,1
1703,'SAM',556,,6813,47,,,1,78,,6819,47,,,1,89,,121,47,,,1,101,,6810,47,,,1,102,,6812,47,,,1,97,,6814,47,,,1,102,,6818,47,,,1,101,,6816,47,,,1,101,,6811,47,,,1,101,,6817,47,,,1,100,,6815,47,,,1,102,,6820,47,,,1,99,,6821,47,,,1,98,,6802,47,,,1,100,,6807,47,,,1,98,,6804,47,,,1,98,,6803,47,,,1,100,,6805,47,,,1,100,,6808,47,,,1,102,,6809,47,,,1,116,,6806,47,,,1
1703,'SEM',617,,6839,47,,,1,104,,6841,47,,,1,106,,6840,47,,,1,96,,6825,47,,,1,101,,6838,47,,,1,101,,6837,47,,,1,101,,6843,47,,,1,101,,6826,47,,,1,100,,6823,47,,,1,99,,6842,47,,,1,75,,6845,47,,,1,20,,6844,47,,,1,36,,6822,47,,,1,63,,6833,47,,,1,37,,6824,47,,,1,79,,6827,47,,,1,70,,6830,47,,,1,27,,6835,47,,,1,99,,6836,47,,,1,100,,6828,47,,,1,99,,6829,47,,,1,99,,6831,47,,,1,99,,6832,47,,,1,102,,6834,47,,,1
3903,'DIM',857,,1407,60,,,1,100,,8065,70,,,1,70,,8070,70,,,1,31,,8071,70,,,1,70,,8068,70,,,1,74,,8069,70,,,1,26,,8072,70,,,1,30,,8062,70,,,1,71,,8066,70,,,1,30,,8063,70,,,1,71,,8049,70,,,1,70,,8052,70,,,1,32,,8055,70,,,1,70,,8067,70,,,1,31,,8056,70,,,1,70,,8057,70,,,1,25,,8058,70,,,1,18,,8064,70,,,1,10,,8059,70,,,1,64,,8053,70,,,1,25,,8060,70,,,1,99,,8050,70,,,1,99,,8061,70,,,1,98,,8051,70,,,1,104,,8054,70,,,1
3903,'SAM',857,,8097,60,,,1,100,,8092,70,,,1,70,,8096,70,,,1,31,,8073,70,,,1,70,,8087,70,,,1,74,,8090,70,,,1,26,,8089,70,,,1,31,,8074,70,,,1,70,,8088,70,,,1,30,,8091,70,,,1,71,,8075,70,,,1,70,,8094,70,,,1,32,,8078,70,,,1,70,,8079,70,,,1,31,,8081,70,,,1,70,,8095,70,,,1,25,,8082,70,,,1,18,,8093,70,,,1,11,,8080,70,,,1,63,,8077,70,,,1,29,,8076,70,,,1,97,,8084,70,,,1,97,,8083,70,,,1,98,,8086,70,,,1,104,,8085,70,,,1
3903,'SEM',750,,8120,70,,,1,101,,8102,70,,,1,104,,8100,70,,,1,72,,8104,70,,,1,29,,8121,70,,,1,71,,8122,70,,,1,29,,8115,70,,,1,71,,8119,70,,,1,28,,8123,70,,,1,78,,8099,70,,,1,74,,8106,70,,,1,27,,8108,70,,,1,72,,8109,70,,,1,35,,8098,70,,,1,78,,8116,70,,,1,23,,8110,70,,,1,68,,8101,70,,,1,24,,8103,70,,,1,73,,8111,70,,,1,39,,8112,70,,,1,79,,8105,70,,,1,99,,8107,70,,,1,95,,8113,70,,,1,102,,8117,70,,,1,95,,8114,70,,,1,86,,8118,70,,,1
4503,'DIM',701,,8779,48,,,1,100,,8789,48,,,1,101,,8787,48,,,1,99,,8793,48,,,1,101,,8788,48,,,1,98,,8791,48,,,1,105,,8781,48,,,1,101,,8785,48,,,1,98,,8778,48,,,1,102,,8776,48,,,1,52,,8790,48,,,1,142,,8792,48,,,1,103,,8777,48,,,1,102,,8786,48,,,1,101,,8780,48,,,1,99,,8783,48,,,1,99,,8784,48,,,1,101,,8782,48,,,1
4503,'SAM',701,,8807,48,,,1,100,,8803,48,,,1,101,,8806,48,,,1,99,,8805,48,,,1,101,,8795,48,,,1,57,,8804,48,,,1,146,,8808,48,,,1,100,,8799,48,,,1,101,,8810,48,,,1,101,,8809,48,,,1,51,,8811,48,,,1,145,,8794,48,,,1,100,,8801,48,,,1,102,,8796,48,,,1,101,,8800,48,,,1,99,,8798,48,,,1,99,,8802,48,,,1,101,,8797,48,,,1
4503,'SEM',652,,8817,48,,,1,58,,8815,48,,,1,35,,8812,48,,,1,68,,8832,48,,,1,25,,8816,48,,,1,79,,8814,48,,,1,25,,8833,48,,,1,110,,8831,48,,,1,100,,8820,48,,,1,96,,8818,48,,,1,100,,8834,48,,,1,103,,8813,48,,,1,106,,8835,48,,,1,68,,8822,48,,,1,87,,8825,48,,,1,18,,8819,48,,,1,17,,8826,48,,,1,71,,8828,48,,,1,39,,8824,48,,,1,97,,8823,48,,,1,100,,8827,48,,,1,100,,8830,48,,,1,99,,8821,48,,,1,95,,8829,48,,,1
7401,'DIM',742,,10736,49,,,2,100,,10737,49,,,2,102,,10740,49,,,2,98,,10739,49,,,2,101,,10741,49,,,2,100,,10738,49,,,2,101,,10735,49,,,2,99,,10734,49,,,2,102,,10742,49,,,2,98,,10728,49,,,2,102,,10729,49,,,2,99,,10731,49,,,2,98,,10732,49,,,2,99,,10733,49,,,2,101,,10727,49,,,2,99,,10726,49,,,2,100,,10730,49,,,2
7401,'SAM',742,,10751,49,,,2,100,,10753,49,,,2,102,,10752,49,,,2,99,,10755,49,,,2,100,,10757,49,,,2,100,,10759,49,,,2,102,,10754,49,,,2,98,,10758,49,,,2,101,,10756,49,,,2,99,,10743,49,,,2,101,,10746,49,,,2,101,,10748,49,,,2,98,,10747,49,,,2,98,,10749,49,,,2,101,,10744,49,,,2,99,,10750,49,,,2,100,,10745,49,,,2
7401,'SEM',645,,10776,49,,,2,96,,10760,49,,,2,101,,10775,49,,,2,103,,10764,49,,,2,101,,10765,49,,,2,101,,10779,49,,,2,100,,10763,49,,,2,101,,10778,49,,,2,100,,10777,49,,,2,93,,10762,49,,,2,95,,10766,49,,,2,101,,10761,49,,,2,70,,10768,49,,,2,42,,10774,49,,,2,99,,10767,49,,,2,101,,10770,49,,,2,100,,10771,49,,,2,99,,10769,49,,,2,99,,10772,49,,,2,95,,10773,49,,,2
