4202,'DIM',510,,8490,75,,,2,41,,8531,75,,,2,66,,8501,75,,,2,30,,8489,75,,,2,70,,8513,75,,,2,30,,8511,75,,,2,72,,8532,75,,,2,32,,8516,75,,,2,71,,8512,75,,,2,31,,8520,75,,,2,71,,8524,75,,,2,23,,8530,75,,,2,62,,8526,75,,,2,21,,8517,75,,,2,22,,8522,75,,,2,59,,8518,75,,,2,20,,8521,75,,,2,18,,8506,75,,,2,63,,8509,75,,,2,20,,8508,75,,,2,22,,8510,75,,,2,59,,8515,75,,,2,20,,8514,75,,,2,18,,8534,75,,,2,62,,8527,75,,,2,21,,8523,75,,,2,21,,8519,75,,,2,61,,8529,75,,,2,20,,8494,75,,,2,20,,8495,75,,,2,61,,8496,75,,,2,23,,8528,75,,,2,76,,8525,75,,,2,35,,8533,75,,,2,69,,8505,75,,,2,30,,8492,75,,,2,72,,8491,75,,,2,30,,8500,75,,,2,68,,8488,75,,,2,27,,8497,75,,,2,68,,8507,75,,,2,28,,8493,75,,,2,71,,8499,75,,,2,30,,8503,75,,,2,68,,8504,75,,,2,30,,8498,75,,,2,76,,8502,75,,,2
4202,'SAM',510,,8537,75,,,2,41,,8539,75,,,2,66,,8557,75,,,2,30,,8535,75,,,2,70,,8565,75,,,2,30,,8563,75,,,2,72,,8540,75,,,2,32,,8571,75,,,2,71,,8567,75,,,2,31,,8566,75,,,2,71,,8570,75,,,2,23,,8582,75,,,2,62,,8576,75,,,2,21,,8580,75,,,2,21,,8575,75,,,2,60,,8578,75,,,2,20,,8560,75,,,2,18,,8573,75,,,2,62,,8564,75,,,2,21,,8556,75,,,2,21,,8562,75,,,2,60,,8536,75,,,2,20,,8569,75,,,2,18,,8568,75,,,2,62,,8561,75,,,2,21,,8572,75,,,2,21,,8538,75,,,2,60,,8574,75,,,2,20,,8577,75,,,2,21,,8543,75,,,2,61,,8579,75,,,2,23,,8581,75,,,2,75,,8549,75,,,2,35,,8551,75,,,2,70,,8553,75,,,2,30,,8555,75,,,2,75,,8541,75,,,2,27,,8544,75,,,2,68,,8558,75,,,2,27,,8546,75,,,2,68,,8548,75,,,2,31,,8542,75,,,2,67,,8545,75,,,2,30,,8547,75,,,2,69,,8550,75,,,2,30,,8552,75,,,2,76,,8554,75,,,2,30,,8559,75,,,2
4202,'SEM',509,,8625,75,,,2,97,,8627,75,,,2,33,,8631,75,,,2,16,,8634,75,,,2,56,,8583,75,,,2,10,,8585,75,,,2,11,,8588,75,,,2,9,,8591,75,,,2,10,,8633,75,,,2,52,,8630,75,,,2,21,,8586,75,,,2,18,,8601,75,,,2,61,,8587,75,,,2,22,,8635,75,,,2,22,,8632,75,,,2,59,,8589,75,,,2,21,,8626,75,,,2,20,,8584,75,,,2,59,,8629,75,,,2,21,,8593,75,,,2,20,,8618,75,,,2,61,,8628,75,,,2,24,,8595,75,,,2,16,,8615,75,,,2,64,,8597,75,,,2,20,,8599,75,,,2,20,,8600,75,,,2,63,,8592,75,,,2,17,,8602,75,,,2,21,,8603,75,,,2,60,,8604,75,,,2,21,,8590,75,,,2,21,,8606,75,,,2,60,,8636,75,,,2,20,,8609,75,,,2,20,,8610,75,,,2,60,,8611,75,,,2,22,,8613,75,,,2,17,,8594,75,,,2,63,,8616,75,,,2,20,,8596,75,,,2,63,,8605,75,,,2,24,,8598,75,,,2,19,,8622,75,,,2,70,,8624,75,,,2,45,,8621,75,,,2,76,,8623,75,,,2,67,,8607,75,,,2,29,,8608,75,,,2,70,,8612,75,,,2,26,,8614,75,,,2,76,,8620,75,,,2,27,,8617,75,,,2,71,,8619,75,,,2
4804,'DIM',607,,9112,57,,,1,110,,9116,57,,,1,103,,9113,57,,,1,109,,9117,57,,,1,106,,9120,57,,,1,101,,9103,57,,,1,103,,9114,57,,,1,100,,9115,57,,,1,97,,9119,57,,,1,105,,9105,57,,,1,101,,9118,57,,,1,101,,9104,57,,,1,97,,9110,57,,,1,96,,9106,57,,,1,94,,9111,57,,,1,97,,9108,57,,,1,100,,9107,57,,,1,96,,9109,57,,,1
4804,'SAM',607,,9131,57,,,1,110,,2518,57,,,1,103,,9133,57,,,1,108,,9135,57,,,1,107,,9139,57,,,1,101,,9132,57,,,1,102,,9138,57,,,1,100,,9134,57,,,1,97,,9136,57,,,1,106,,9137,57,,,1,101,,9124,57,,,1,101,,9127,57,,,1,97,,9125,57,,,1,96,,9128,57,,,1,94,,9122,57,,,1,97,,9121,57,,,1,98,,9123,57,,,1,98,,9129,57,,,1,97,,9130,57,,,1,33,,9126,57,,,1
4804,'SEM',538,,9142,57,,,1,81,,9160,57,,,1,32,,9140,57,,,1,72,,9143,57,,,1,27,,9147,57,,,1,79,,9162,57,,,1,30,,9161,57,,,1,70,,9164,57,,,1,30,,9150,57,,,1,71,,9149,57,,,1,71,,9144,57,,,1,101,,9151,57,,,1,100,,9163,57,,,1,100,,9148,57,,,1,102,,9145,57,,,1,39,,9141,57,,,1,107,,9146,57,,,1,96,,9157,57,,,1,67,,9159,57,,,1,103,,9154,57,,,1,114,,9158,57,,,1,99,,9152,57,,,1,98,,9153,57,,,1,96,,9155,57,,,1,97,,9156,57,,,1
5802,'DIM',624,,9712,55,,,2,101,,9719,55,,,2,93,,9716,55,,,2,100,,9720,55,,,2,100,,9723,55,,,2,99,,9715,55,,,2,101,,9725,55,,,2,100,,9722,55,,,2,102,,9718,55,,,2,99,,9721,55,,,2,101,,9717,55,,,2,99,,9711,55,,,2,101,,9724,55,,,2,100,,9708,55,,,2,99,,9714,55,,,2,98,,9710,55,,,2,98,,9709,55,,,2,98,,9713,55,,,2
5802,'SAM',624,,9743,55,,,2,101,,9735,55,,,2,93,,9734,55,,,2,100,,9739,55,,,2,100,,9737,55,,,2,99,,9740,55,,,2,101,,9742,55,,,2,100,,9726,55,,,2,99,,9733,55,,,2,101,,9738,55,,,2,101,,9736,55,,,2,101,,9741,55,,,2,100,,9728,55,,,2,100,,9731,55,,,2,99,,9727,55,,,2,98,,9732,55,,,2,98,,9729,55,,,2,98,,9730,55,,,2
5802,'SEM',544,,9762,55,,,2,75,,9755,55,,,2,22,,9754,55,,,2,80,,9763,55,,,2,35,,9765,55,,,2,69,,9747,55,,,2,33,,9746,55,,,2,83,,9750,55,,,2,100,,9766,55,,,2,100,,9744,55,,,2,100,,9751,55,,,2,100,,9764,55,,,2,100,,9745,55,,,2,65,,9748,55,,,2,30,,9752,55,,,2,104,,9758,55,,,2,71,,9749,55,,,2,93,,9753,55,,,2,96,,9760,55,,,2,58,,9759,55,,,2,100,,9761,55,,,2,97,,9757,55,,,2,99,,9756,55,,,2
7001,'DIM',740,,10411,75,,,1,101,,10401,75,,,1,99,,10409,75,,,1,100,,10412,75,,,1,69,,10415,75,,,1,31,,10410,75,,,1,70,,10417,75,,,1,28,,10416,75,,,1,70,,10413,75,,,1,35,,10414,75,,,1,69,,10418,75,,,1,27,,10394,75,,,1,74,,10419,75,,,1,25,,10397,75,,,1,75,,10398,75,,,1,27,,10399,75,,,1,73,,10396,75,,,1,33,,10402,75,,,1,73,,10405,75,,,1,30,,10400,75,,,1,94,,10406,75,,,1,98,,10403,75,,,1,100,,10395,75,,,1,99,,10407,75,,,1,100,,10408,75,,,1,99,,10404,75,,,1
7001,'SAM',740,,10436,75,,,1,101,,10441,75,,,1,99,,10443,75,,,1,100,,10444,75,,,1,68,,10442,75,,,1,32,,10420,75,,,1,69,,10445,75,,,1,29,,10440,75,,,1,70,,10421,75,,,1,34,,10437,75,,,1,68,,10422,75,,,1,33,,10438,75,,,1,70,,10424,75,,,1,25,,10439,75,,,1,73,,10427,75,,,1,29,,10429,75,,,1,73,,10426,75,,,1,34,,10428,75,,,1,72,,10432,75,,,1,30,,10430,75,,,1,94,,10434,75,,,1,98,,10423,75,,,1,100,,10425,75,,,1,98,,10435,75,,,1,101,,10433,75,,,1,99,,10431,75,,,1
7001,'SEM',551,,10472,75,,,1,73,,10450,75,,,1,29,,10473,75,,,1,58,,10474,75,,,1,19,,10469,75,,,1,28,,10480,75,,,1,64,,10461,75,,,1,24,,10447,75,,,1,69,,10479,75,,,1,30,,10476,75,,,1,71,,10477,75,,,1,29,,10458,75,,,1,71,,10481,75,,,1,29,,10449,75,,,1,72,,10454,75,,,1,28,,10478,75,,,1,70,,10448,75,,,1,30,,10446,75,,,1,72,,10475,75,,,1,30,,10453,75,,,1,79,,10456,75,,,1,24,,10452,75,,,1,51,,10459,75,,,1,49,,10451,75,,,1,77,,10463,75,,,1,27,,10466,75,,,1,73,,10467,75,,,1,25,,10455,75,,,1,78,,10464,75,,,1,84,,10460,75,,,1,33,,10457,75,,,1,108,,10465,75,,,1,99,,10462,75,,,1,99,,10470,75,,,1,99,,10468,75,,,1,167,,10471,75,,,1
