6304,'DIM',726,,10080,8,,,1,100,,10076,8,,,1,101,,10078,8,,,1,101,,10072,8,,,1,98,,10077,8,,,1,103,,10082,8,,,1,96,,10079,8,,,1,103,,10083,8,,,1,103,,10081,8,,,1,100,,10084,8,,,1,100,,10085,8,,,1,100,,10073,8,,,1,99,,10069,8,,,1,99,,10070,8,,,1,99,,10074,8,,,1,99,,10071,8,,,1,99,,10075,8,,,1
6304,'SAM',626,,10099,8,,,1,100,,10097,8,,,1,100,,10102,8,,,1,101,,10098,8,,,1,101,,10096,8,,,1,98,,10101,8,,,1,103,,10100,8,,,1,96,,10104,8,,,1,103,,10103,8,,,1,103,,10086,8,,,1,102,,10087,8,,,1,98,,10088,8,,,1,100,,10090,8,,,1,99,,10089,8,,,1,99,,10094,8,,,1,99,,10091,8,,,1,99,,10092,8,,,1,99,,10095,8,,,1,99,,10093,8,,,1
6304,'SEM',441,,10132,8,,,1,110,,10128,8,,,1,70,,10137,8,,,1,31,,10120,8,,,1,55,,10131,8,,,1,27,,10134,8,,,1,66,,10136,8,,,1,19,,10135,8,,,1,30,,10109,8,,,1,69,,10110,8,,,1,31,,10111,8,,,1,70,,10105,8,,,1,25,,10108,8,,,1,70,,10133,8,,,1,31,,10123,8,,,1,70,,10116,8,,,1,26,,10129,8,,,1,78,,10106,8,,,1,27,,10107,8,,,1,71,,10117,8,,,1,30,,10130,8,,,1,77,,10138,8,,,1,30,,10113,8,,,1,64,,10112,8,,,1,36,,10118,8,,,1,57,,10115,8,,,1,29,,10124,8,,,1,70,,10119,8,,,1,37,,10122,8,,,1,98,,10114,8,,,1,80,,10125,8,,,1,91,,10127,8,,,1,94,,10121,8,,,1,99,,10126,8,,,1
6504,'DIM',653,,10223,8,,,2,101,,10221,8,,,2,101,,10224,8,,,2,101,,10226,8,,,2,101,,10228,8,,,2,102,,10225,8,,,2,98,,10222,8,,,2,102,,10230,8,,,2,146,,10227,8,,,2,96,,10229,8,,,2,58,,10216,8,,,2,142,,10218,8,,,2,57,,10217,8,,,2,99,,10219,8,,,2,100,,10220,8,,,2,98,,10214,8,,,2,100,,10215,8,,,2
6504,'SAM',653,,10240,8,,,2,101,,10239,8,,,2,101,,10243,8,,,2,101,,10242,8,,,2,101,,10244,8,,,2,101,,10246,8,,,2,98,,10247,8,,,2,103,,10245,8,,,2,145,,10241,8,,,2,97,,10231,8,,,2,58,,10233,8,,,2,142,,10236,8,,,2,99,,10237,8,,,2,57,,3667,8,,,2,100,,10238,8,,,2,98,,10235,8,,,2,100,,10232,8,,,2,100,,10234,8,,,2
6504,'SEM',511,,10271,8,,,2,45,,10281,8,,,2,65,,10250,8,,,2,20,,10259,8,,,2,15,,10266,8,,,2,52,,10279,8,,,2,10,,10249,8,,,2,10,,10280,8,,,2,10,,10276,8,,,2,63,,10251,8,,,2,30,,10253,8,,,2,72,,10268,8,,,2,30,,10284,8,,,2,73,,10254,8,,,2,30,,10255,8,,,2,67,,10273,8,,,2,34,,10256,8,,,2,66,,10283,8,,,2,40,,10277,8,,,2,60,,10278,8,,,2,30,,10282,8,,,2,70,,10258,8,,,2,30,,10261,8,,,2,76,,10252,8,,,2,26,,10265,8,,,2,80,,10267,8,,,2,35,,10248,8,,,2,60,,10260,8,,,2,26,,10257,8,,,2,78,,10272,8,,,2,32,,10274,8,,,2,86,,10263,8,,,2,100,,10262,8,,,2,100,,10264,8,,,2,100,,10269,8,,,2,99,,10270,8,,,2,99,,10275,8,,,2
7303,'DIM',712,,10582,49,,,1,100,,10579,49,,,1,103,,10580,49,,,1,98,,10583,49,,,1,100,,10586,49,,,1,100,,10581,49,,,1,101,,10584,49,,,1,102,,10578,49,,,1,99,,10585,49,,,1,102,,10587,49,,,1,99,,10572,49,,,1,99,,10569,49,,,1,100,,10575,49,,,1,97,,10571,49,,,1,100,,10570,49,,,1,100,,10573,49,,,1,98,,10574,49,,,1,102,,10577,49,,,1,105,,10576,49,,,1
7303,'SAM',618,,10601,49,,,1,94,,10598,49,,,1,100,,10597,49,,,1,103,,10602,49,,,1,98,,10604,49,,,1,101,,10600,49,,,1,99,,10591,49,,,1,101,,10603,49,,,1,102,,10599,49,,,1,99,,10605,49,,,1,102,,10606,49,,,1,101,,10590,49,,,1,98,,10588,49,,,1,98,,10589,49,,,1,98,,10593,49,,,1,100,,10592,49,,,1,100,,4040,49,,,1,98,,10594,49,,,1,102,,4041,49,,,1,105,,10595,49,,,1,100,,4042,49,,,1,100,,10596,49,,,1
7303,'SEM',606,,10643,49,,,1,26,,10640,49,,,1,80,,10639,49,,,1,10,,10644,49,,,1,79,,10633,49,,,1,16,,10609,49,,,1,83,,10641,49,,,1,12,,10608,49,,,1,31,,10626,49,,,1,71,,10642,49,,,1,29,,10610,49,,,1,71,,10615,49,,,1,29,,10625,49,,,1,72,,10616,49,,,1,30,,10645,49,,,1,70,,10611,49,,,1,30,,10614,49,,,1,70,,10620,49,,,1,31,,10607,49,,,1,70,,10617,49,,,1,35,,10646,49,,,1,65,,10627,49,,,1,15,,10619,49,,,1,22,,10612,49,,,1,56,,10613,49,,,1,23,,10623,49,,,1,16,,10621,49,,,1,68,,10634,49,,,1,14,,10622,49,,,1,16,,10618,49,,,1,72,,10628,49,,,1,30,,10631,49,,,1,72,,10624,49,,,1,99,,10636,49,,,1,100,,10629,49,,,1,98,,10635,49,,,1,98,,10630,49,,,1,41,,10632,49,,,1,95,,10637,49,,,1,161,,10638,49,,,1
15104,'DIM',601,,11317,9,,,2,55,,11337,9,,,2,65,,11330,9,,,2,26,,11334,9,,,2,72,,11318,9,,,2,32,,11329,9,,,2,69,,11338,9,,,2,32,,11331,9,,,2,72,,11335,9,,,2,33,,11340,9,,,2,71,,11339,9,,,2,31,,11342,9,,,2,73,,11336,9,,,2,74,,11333,9,,,2,32,,11341,9,,,2,72,,11312,9,,,2,33,,11332,9,,,2,73,,11320,9,,,2,32,,11343,9,,,2,71,,11344,9,,,2,37,,11313,9,,,2,71,,11325,9,,,2,31,,11327,9,,,2,70,,11315,9,,,2,73,,11322,9,,,2,30,,11323,9,,,2,70,,11326,9,,,2,27,,11314,9,,,2,29,,11316,9,,,2,71,,11319,9,,,2,99,,11321,9,,,2,99,,11324,9,,,2,74,,11328,9,,,2
15104,'SAM',601,,11361,9,,,2,55,,11369,9,,,2,65,,11364,9,,,2,26,,11366,9,,,2,72,,11362,9,,,2,32,,11363,9,,,2,70,,11370,9,,,2,31,,11365,9,,,2,72,,11367,9,,,2,33,,11373,9,,,2,71,,11372,9,,,2,31,,11374,9,,,2,73,,11368,9,,,2,74,,11360,9,,,2,32,,11354,9,,,2,72,,11375,9,,,2,33,,11371,9,,,2,73,,11345,9,,,2,32,,11377,9,,,2,71,,11349,9,,,2,37,,11376,9,,,2,71,,11352,9,,,2,31,,11346,9,,,2,70,,11347,9,,,2,73,,11358,9,,,2,30,,11351,9,,,2,70,,11353,9,,,2,27,,11357,9,,,2,29,,11348,9,,,2,71,,11359,9,,,2,99,,11350,9,,,2,99,,11356,9,,,2,74,,11355,9,,,2
15104,'SEM',437,,11413,9,,,2,70,,11395,9,,,2,20,,11411,9,,,2,25,,11414,9,,,2,60,,11416,9,,,2,11,,11420,9,,,2,25,,11379,9,,,2,64,,11396,9,,,2,11,,11412,9,,,2,26,,11387,9,,,2,10,,11415,9,,,2,71,,11421,9,,,2,19,,11386,9,,,2,60,,11409,9,,,2,20,,11417,9,,,2,21,,11382,9,,,2,60,,11407,9,,,2,19,,11419,9,,,2,20,,11422,9,,,2,61,,11380,9,,,2,20,,11410,9,,,2,20,,11388,9,,,2,60,,11390,9,,,2,20,,11418,9,,,2,20,,11384,9,,,2,65,,11392,9,,,2,16,,11393,9,,,2,24,,11383,9,,,2,60,,11398,9,,,2,20,,11378,9,,,2,20,,11385,9,,,2,61,,11399,9,,,2,20,,11381,9,,,2,22,,11394,9,,,2,61,,11397,9,,,2,32,,11400,9,,,2,65,,11389,9,,,2,39,,11401,9,,,2,87,,11391,9,,,2,105,,11406,9,,,2,105,,11402,9,,,2,96,,11404,9,,,2,100,,11403,9,,,2,97,,11405,9,,,2,160,,11408,9,,,2
