202,'SAM',2618,,6708,5,,,1,41,,6709,5,,,1
202,'SEM',517,,6714,5,,,1,30,,6715,5,,,1,55,,6710,5,,,1,1999,,6711,5,,,1,41,,6712,5,,,1,81,,6713,5,,,1
1703,'DIM',612,,6801,3,,,1,89,,6794,3,,,1,99,,100,3,,,1,101,,6796,3,,,1,57,,6797,3,,,1,101,,6793,3,,,1,100,,6799,3,,,1,99,,6795,3,,,1,101,,6798,3,,,1,100,,6800,3,,,1,142,,6783,3,,,1,99,,6787,3,,,1,59,,6786,3,,,1,141,,6785,3,,,1,59,,6788,3,,,1,99,,6791,3,,,1,101,,6784,3,,,1,100,,6789,3,,,1,142,,6790,3,,,1,120,,6792,3,,,1
1703,'SAM',535,,6813,3,,,1,77,,6819,3,,,1,89,,121,3,,,1,99,,6810,3,,,1,101,,6812,3,,,1,57,,6814,3,,,1,100,,6818,3,,,1,101,,6816,3,,,1,100,,6811,3,,,1,100,,6817,3,,,1,100,,6815,3,,,1,142,,6820,3,,,1,100,,6821,3,,,1,99,,6802,3,,,1,100,,6807,3,,,1,59,,6804,3,,,1,99,,6803,3,,,1,101,,6805,3,,,1,100,,6808,3,,,1,142,,6809,3,,,1,120,,6806,3,,,1
1703,'SEM',554,,6839,3,,,1,102,,6841,3,,,1,145,,6840,3,,,1,56,,6825,3,,,1,100,,6838,3,,,1,100,,6837,3,,,1,100,,6843,3,,,1,100,,6826,3,,,1,100,,6823,3,,,1,98,,6842,3,,,1,75,,6845,3,,,1,20,,6844,3,,,1,76,,6822,3,,,1,23,,6833,3,,,1,78,,6824,3,,,1,80,,6827,3,,,1,30,,6830,3,,,1,69,,6835,3,,,1,99,,6836,3,,,1,100,,6828,3,,,1,100,,6829,3,,,1,100,,6831,3,,,1,100,,6832,3,,,1,104,,6834,3,,,1
2201,'DIM',626,,7023,3,,,2,101,,7027,3,,,2,104,,7026,3,,,2,98,,7025,3,,,2,101,,7022,3,,,2,100,,7024,3,,,2,101,,7029,3,,,2,101,,7031,3,,,2,96,,7028,3,,,2,105,,7030,3,,,2,99,,7016,3,,,2,100,,7018,3,,,2,97,,7017,3,,,2,102,,7020,3,,,2,100,,7019,3,,,2,100,,7021,3,,,2
2201,'SAM',626,,7040,3,,,2,101,,7042,3,,,2,104,,7039,3,,,2,98,,7041,3,,,2,102,,7044,3,,,2,100,,7048,3,,,2,101,,7047,3,,,2,100,,7043,3,,,2,96,,7045,3,,,2,102,,7046,3,,,2,102,,7033,3,,,2,101,,7036,3,,,2,96,,7034,3,,,2,102,,7032,3,,,2,100,,7038,3,,,2,100,,7037,3,,,2,100,,7035,3,,,2
2201,'SEM',620,,7064,3,,,2,99,,7052,3,,,2,95,,7050,3,,,2,40,,7049,3,,,2,74,,7066,3,,,2,101,,7051,3,,,2,100,,7065,3,,,2,100,,7067,3,,,2,100,,7054,3,,,2,96,,7055,3,,,2,104,,7053,3,,,2,100,,7059,3,,,2,100,,7057,3,,,2,99,,7056,3,,,2,99,,7058,3,,,2,104,,7062,3,,,2,100,,7060,3,,,2,95,,7061,3,,,2,99,,7063,3,,,2
2703,'DIM',855,,7609,3,,,2,100,,7612,3,,,2,98,,7614,3,,,2,102,,7608,3,,,2,95,,7616,3,,,2,106,,7611,3,,,2,101,,7613,3,,,2,100,,7610,3,,,2,100,,7615,3,,,2,100,,7602,3,,,2,100,,7604,3,,,2,98,,7603,3,,,2,100,,7607,3,,,2,100,,7601,3,,,2,102,,7600,3,,,2,100,,7605,3,,,2,100,,7606,3,,,2
2703,'SAM',655,,7626,3,,,2,100,,7627,3,,,2,100,,7625,3,,,2,100,,7635,3,,,2,100,,7629,3,,,2,100,,7632,3,,,2,94,,7628,3,,,2,107,,7630,3,,,2,102,,7631,3,,,2,99,,7624,3,,,2,94,,7633,3,,,2,106,,7634,3,,,2,100,,7619,3,,,2,98,,7622,3,,,2,100,,7617,3,,,2,100,,7618,3,,,2,102,,7620,3,,,2,100,,7621,3,,,2,100,,7623,3,,,2
2703,'SEM',802,,7653,3,,,2,50,,7638,3,,,2,100,,7644,3,,,2,100,,7637,3,,,2,99,,7655,3,,,2,90,,7652,3,,,2,103,,7656,3,,,2,100,,7641,3,,,2,81,,7639,3,,,2,81,,7654,3,,,2,15,,7636,3,,,2,30,,7643,3,,,2,80,,7640,3,,,2,25,,7651,3,,,2,96,,7647,3,,,2,87,,7650,3,,,2,103,,7646,3,,,2,102,,7642,3,,,2,100,,7645,3,,,2,100,,7648,3,,,2,100,,7649,3,,,2
3103,'DIM',631,,7731,5,,,1,99,,7730,5,,,1,99,,1058,5,,,1,99,,7735,5,,,1,99,,7734,5,,,1,100,,7732,5,,,1,102,,7721,5,,,1,100,,7733,5,,,1,99,,7720,5,,,1,102,,7719,5,,,1,99,,7724,5,,,1,99,,7726,5,,,1,103,,7725,5,,,1,97,,7727,5,,,1,101,,7723,5,,,1,100,,7722,5,,,1,100,,7728,5,,,1,101,,7729,5,,,1
3103,'SAM',631,,7748,5,,,1,99,,7747,5,,,1,99,,1075,5,,,1,99,,7752,5,,,1,99,,7753,5,,,1,100,,7749,5,,,1,100,,7745,5,,,1,101,,7750,5,,,1,100,,7746,5,,,1,102,,7751,5,,,1,100,,7740,5,,,1,99,,7742,5,,,1,100,,7738,5,,,1,100,,7743,5,,,1,100,,7736,5,,,1,100,,7737,5,,,1,100,,7739,5,,,1,102,,7741,5,,,1,95,,7744,5,,,1
3103,'SEM',626,,7775,5,,,1,99,,7773,5,,,1,100,,7774,5,,,1,100,,7754,5,,,1,101,,7755,5,,,1,100,,7757,5,,,1,100,,7776,5,,,1,100,,7756,5,,,1,100,,7761,5,,,1,98,,7762,5,,,1,11,,7763,5,,,1,76,,7758,5,,,1,30,,7767,5,,,1,80,,7764,5,,,1,30,,7760,5,,,1,76,,7772,5,,,1,30,,7759,5,,,1,76,,7771,5,,,1,100,,7765,5,,,1,101,,7768,5,,,1,100,,7769,5,,,1,98,,7766,5,,,1,114,,7770,5,,,1
4303,'DIM',632,,8647,3,,,1,100,,8649,3,,,1,100,,8653,3,,,1,100,,8651,3,,,1,105,,8652,3,,,1,101,,8650,3,,,1,100,,8656,3,,,1,99,,8654,3,,,1,103,,8655,3,,,1,97,,8637,3,,,1,100,,8638,3,,,1,104,,8640,3,,,1,92,,8643,3,,,1,99,,8642,3,,,1,100,,8639,3,,,1,100,,8641,3,,,1,100,,8648,3,,,1,100,,8644,3,,,1,100,,8646,3,,,1,100,,8645,3,,,1
4303,'SAM',632,,8668,3,,,1,100,,8658,3,,,1,100,,8673,3,,,1,100,,8659,3,,,1,105,,8660,3,,,1,101,,8671,3,,,1,100,,8669,3,,,1,99,,8674,3,,,1,102,,8670,3,,,1,101,,8672,3,,,1,99,,8657,3,,,1,98,,8675,3,,,1,96,,8664,3,,,1,99,,8661,3,,,1,100,,2041,3,,,1,100,,8662,3,,,1,100,,8663,3,,,1,100,,8667,3,,,1,100,,8665,3,,,1,100,,8666,3,,,1
4303,'SEM',632,,8697,3,,,1,100,,8698,3,,,1,81,,8679,3,,,1,104,,8699,3,,,1,31,,8678,3,,,1,69,,8695,3,,,1,30,,8685,3,,,1,70,,8681,3,,,1,30,,8701,3,,,1,70,,8700,3,,,1,30,,8696,3,,,1,72,,8682,3,,,1,28,,8683,3,,,1,70,,8687,3,,,1,30,,8702,3,,,1,70,,8677,3,,,1,25,,8684,3,,,1,70,,8680,3,,,1,19,,8703,3,,,1,76,,8686,3,,,1,31,,8676,3,,,1,71,,8692,3,,,1,102,,8693,3,,,1,101,,8694,3,,,1,101,,8688,3,,,1,101,,8689,3,,,1,110,,8690,3,,,1,106,,8691,3,,,1
4803,'DIM',702,,9047,3,,,1,102,,9051,3,,,1,102,,9055,3,,,1,99,,9038,3,,,1,102,,9048,3,,,1,101,,9049,3,,,1,95,,9054,3,,,1,105,,9050,3,,,1,99,,9052,3,,,1,100,,9039,3,,,1,100,,9053,3,,,1,100,,9041,3,,,1,95,,9045,3,,,1,100,,9044,3,,,1,101,,9043,3,,,1,99,,2438,3,,,1,100,,9040,3,,,1,35,,9042,3,,,1,121,,9046,3,,,1
4803,'SAM',602,,2450,3,,,1,100,,9067,3,,,1,101,,9070,3,,,1,103,,9074,3,,,1,99,,9065,3,,,1,101,,9073,3,,,1,101,,9068,3,,,1,94,,9071,3,,,1,106,,9069,3,,,1,100,,9066,3,,,1,100,,9072,3,,,1,100,,9059,3,,,1,100,,9061,3,,,1,95,,9057,3,,,1,100,,9056,3,,,1,99,,9058,3,,,1,101,,9063,3,,,1,100,,9064,3,,,1,35,,9060,3,,,1,121,,9062,3,,,1
4803,'SEM',557,,9096,3,,,1,60,,9098,3,,,1,37,,9087,3,,,1,73,,9099,3,,,1,30,,9102,3,,,1,64,,9083,3,,,1,80,,9082,3,,,1,30,,9077,3,,,1,95,,9084,3,,,1,100,,9079,3,,,1,100,,9078,3,,,1,100,,9100,3,,,1,80,,9075,3,,,1,101,,9080,3,,,1,35,,9097,3,,,1,64,,9076,3,,,1,30,,9101,3,,,1,70,,9088,3,,,1,30,,9081,3,,,1,70,,9089,3,,,1,95,,9094,3,,,1,100,,9085,3,,,1,100,,9086,3,,,1,100,,9090,3,,,1,100,,9092,3,,,1,99,,9091,3,,,1,51,,9093,3,,,1,73,,9095,3,,,1
5801,'DIM',522,,9661,3,,,2,100,,9643,3,,,2,90,,9652,3,,,2,98,,9655,3,,,2,99,,9658,3,,,2,100,,9651,3,,,2,102,,9660,3,,,2,98,,9657,3,,,2,103,,9654,3,,,2,99,,9656,3,,,2,102,,9653,3,,,2,99,,9646,3,,,2,101,,9659,3,,,2,99,,9642,3,,,2,99,,9650,3,,,2,99,,9645,3,,,2,101,,9644,3,,,2,100,,9648,3,,,2,100,,9647,3,,,2,110,,9649,3,,,2
5801,'SAM',522,,9681,3,,,2,100,,9673,3,,,2,90,,9672,3,,,2,98,,9677,3,,,2,100,,9675,3,,,2,99,,9678,3,,,2,102,,9680,3,,,2,98,,9662,3,,,2,101,,9671,3,,,2,101,,9676,3,,,2,101,,9674,3,,,2,101,,9679,3,,,2,100,,9665,3,,,2,100,,9669,3,,,2,98,,9663,3,,,2,99,,9670,3,,,2,101,,9666,3,,,2,100,,9668,3,,,2,100,,9664,3,,,2,110,,9667,3,,,2
5801,'SEM',512,,9695,3,,,2,28,,9692,3,,,2,82,,9705,3,,,2,82,,9693,3,,,2,45,,9699,3,,,2,85,,9686,3,,,2,99,,9706,3,,,2,100,,9682,3,,,2,100,,9687,3,,,2,100,,9704,3,,,2,100,,9683,3,,,2,86,,9694,3,,,2,31,,9684,3,,,2,72,,9707,3,,,2,28,,9689,3,,,2,75,,9691,3,,,2,28,,9690,3,,,2,68,,9685,3,,,2,29,,9703,3,,,2,70,,9688,3,,,2,30,,9701,3,,,2,100,,9702,3,,,2,100,,9697,3,,,2,100,,9696,3,,,2,100,,9698,3,,,2,100,,9700,3,,,2
6002,'DIM',652,,9823,3,,,1,99,,9832,3,,,1,99,,9830,3,,,1,100,,9831,3,,,1,100,,9833,3,,,1,100,,9836,3,,,1,100,,9834,3,,,1,100,,9837,3,,,1,100,,9835,3,,,1,99,,9838,3,,,1,99,,9839,3,,,1,101,,9825,3,,,1,101,,9827,3,,,1,101,,9826,3,,,1,101,,9828,3,,,1,100,,9822,3,,,1,100,,9824,3,,,1,100,,9829,3,,,1
6002,'SAM',652,,9851,3,,,1,99,,9842,3,,,1,99,,9854,3,,,1,100,,9856,3,,,1,100,,9852,3,,,1,100,,9855,3,,,1,100,,9853,3,,,1,100,,9841,3,,,1,100,,9857,3,,,1,99,,9840,3,,,1,99,,9844,3,,,1,103,,9849,3,,,1,99,,9845,3,,,1,101,,9846,3,,,1,101,,9850,3,,,1,100,,9843,3,,,1,100,,9847,3,,,1,100,,9848,3,,,1
6002,'SEM',622,,9875,3,,,1,100,,9873,3,,,1,100,,9859,3,,,1,99,,9876,3,,,1,100,,9874,3,,,1,101,,9864,3,,,1,100,,9858,3,,,1,99,,9860,3,,,1,101,,9872,3,,,1,98,,9861,3,,,1,101,,9866,3,,,1,107,,9863,3,,,1,94,,9869,3,,,1,101,,9867,3,,,1,99,,9862,3,,,1,100,,9865,3,,,1,100,,9868,3,,,1,90,,9871,3,,,1,100,,9870,3,,,1
7002,'DIM',656,,10489,3,,,1,101,,10496,3,,,1,100,,3943,3,,,1,100,,10492,3,,,1,68,,10493,3,,,1,33,,10495,3,,,1,69,,10485,3,,,1,25,,10494,3,,,1,75,,10491,3,,,1,25,,10500,3,,,1,79,,10498,3,,,1,27,,10501,3,,,1,76,,10483,3,,,1,25,,10497,3,,,1,71,,10503,3,,,1,23,,10499,3,,,1,78,,10502,3,,,1,28,,10487,3,,,1,76,,10505,3,,,1,74,,3946,3,,,1,97,,10504,3,,,1,95,,10482,3,,,1,55,,10484,3,,,1,101,,10488,3,,,1,100,,10486,3,,,1,143,,10490,3,,,1
7002,'SAM',655,,10532,3,,,1,102,,10512,3,,,1,100,,10520,3,,,1,100,,10519,3,,,1,65,,10528,3,,,1,36,,10533,3,,,1,69,,10530,3,,,1,24,,10524,3,,,1,75,,10523,3,,,1,26,,10522,3,,,1,79,,10525,3,,,1,75,,10521,3,,,1,27,,10531,3,,,1,25,,10529,3,,,1,68,,10527,3,,,1,26,,10526,3,,,1,79,,10515,3,,,1,69,,10511,3,,,1,36,,10513,3,,,1,74,,10508,3,,,1,96,,10517,3,,,1,95,,10509,3,,,1,56,,10510,3,,,1,100,,10516,3,,,1,100,,10514,3,,,1,143,,10518,3,,,1
7002,'SEM',529,,10541,3,,,1,96,,10561,3,,,1,26,,10562,3,,,1,73,,10540,3,,,1,76,,10543,3,,,1,27,,10545,3,,,1,30,,10560,3,,,1,70,,10538,3,,,1,30,,10567,3,,,1,70,,10546,3,,,1,27,,10568,3,,,1,73,,10563,3,,,1,26,,10565,3,,,1,74,,10564,3,,,1,29,,10539,3,,,1,70,,10566,3,,,1,24,,10559,3,,,1,76,,10544,3,,,1,31,,10547,3,,,1,70,,10542,3,,,1,30,,10536,3,,,1,73,,10537,3,,,1,28,,10550,3,,,1,73,,10551,3,,,1,26,,10555,3,,,1,73,,10554,3,,,1,91,,10552,3,,,1,83,,10556,3,,,1,54,,10548,3,,,1,152,,10553,3,,,1,106,,10549,3,,,1,100,,10558,3,,,1,105,,10557,3,,,1
7303,'DIM',646,,10582,3,,,1,99,,10579,3,,,1,100,,10580,3,,,1,98,,10583,3,,,1,100,,10586,3,,,1,100,,10581,3,,,1,100,,10584,3,,,1,101,,10578,3,,,1,99,,10585,3,,,1,102,,10587,3,,,1,99,,10572,3,,,1,100,,10569,3,,,1,101,,10575,3,,,1,99,,10571,3,,,1,100,,10570,3,,,1,100,,10573,3,,,1,100,,10574,3,,,1,102,,10577,3,,,1,105,,10576,3,,,1
7303,'SAM',553,,10601,3,,,1,93,,10598,3,,,1,99,,10597,3,,,1,100,,10602,3,,,1,98,,10604,3,,,1,101,,10600,3,,,1,99,,10591,3,,,1,100,,10603,3,,,1,101,,10599,3,,,1,99,,10605,3,,,1,102,,10606,3,,,1,101,,10590,3,,,1,99,,10588,3,,,1,99,,10589,3,,,1,100,,10593,3,,,1,100,,10592,3,,,1,100,,4040,3,,,1,100,,10594,3,,,1,102,,4041,3,,,1,105,,10595,3,,,1,100,,4042,3,,,1,100,,10596,3,,,1
7303,'SEM',539,,10643,3,,,1,66,,10640,3,,,1,38,,10639,3,,,1,10,,10644,3,,,1,78,,10633,3,,,1,16,,10609,3,,,1,83,,10641,3,,,1,12,,10608,3,,,1,70,,10626,3,,,1,31,,10642,3,,,1,69,,10610,3,,,1,31,,10615,3,,,1,69,,10625,3,,,1,31,,10616,3,,,1,69,,10645,3,,,1,30,,10611,3,,,1,70,,10614,3,,,1,30,,10620,3,,,1,70,,10607,3,,,1,30,,10617,3,,,1,75,,10646,3,,,1,24,,10627,3,,,1,15,,10619,3,,,1,61,,10612,3,,,1,16,,10613,3,,,1,23,,10623,3,,,1,57,,10621,3,,,1,30,,10634,3,,,1,15,,10622,3,,,1,56,,10618,3,,,1,33,,10628,3,,,1,70,,10631,3,,,1,32,,10624,3,,,1,100,,10636,3,,,1,100,,10629,3,,,1,100,,10635,3,,,1,100,,10630,3,,,1,81,,10632,3,,,1,95,,10637,3,,,1,121,,10638,3,,,1
7401,'DIM',716,,10736,3,,,2,99,,10737,3,,,2,101,,10740,3,,,2,97,,10739,3,,,2,101,,10741,3,,,2,100,,10738,3,,,2,100,,10735,3,,,2,99,,10734,3,,,2,102,,10742,3,,,2,99,,10728,3,,,2,102,,10729,3,,,2,99,,10731,3,,,2,100,,10732,3,,,2,99,,10733,3,,,2,101,,10727,3,,,2,99,,10726,3,,,2,101,,10730,3,,,2
7401,'SAM',716,,10751,3,,,2,99,,10753,3,,,2,101,,10752,3,,,2,98,,10755,3,,,2,100,,10757,3,,,2,100,,10759,3,,,2,101,,10754,3,,,2,98,,10758,3,,,2,101,,10756,3,,,2,100,,10743,3,,,2,101,,10746,3,,,2,101,,10748,3,,,2,100,,10747,3,,,2,98,,10749,3,,,2,101,,10744,3,,,2,99,,10750,3,,,2,101,,10745,3,,,2
7401,'SEM',618,,10776,3,,,2,95,,10760,3,,,2,100,,10775,3,,,2,103,,10764,3,,,2,101,,10765,3,,,2,101,,10779,3,,,2,99,,10763,3,,,2,101,,10778,3,,,2,100,,10777,3,,,2,93,,10762,3,,,2,93,,10766,3,,,2,101,,10761,3,,,2,30,,10768,3,,,2,85,,10774,3,,,2,100,,10767,3,,,2,101,,10770,3,,,2,100,,10771,3,,,2,100,,10769,3,,,2,100,,10772,3,,,2,95,,10773,3,,,2
22201,'DIM',1358,,11475,3,,,2,854,,11473,3,,,2,43,,11474,3,,,2
22201,'SAM',1358,,11480,3,,,2,854,,11476,3,,,2,43,,11477,3,,,2,100,,11479,3,,,2,152,,11478,3,,,2
22201,'SEM',659,,11481,3,,,2,50,,11482,3,,,2,643,,11483,3,,,2,100,,11484,3,,,2,106,,11488,3,,,2,100,,11486,3,,,2,90,,11485,3,,,2,666,,11487,3,,,2
32201,'DIM',507,,11591,4,,,2,799,,11593,3,,,2,802,,11592,3,,,2
32201,'SAM',507,,11594,4,,,2,799,,11595,3,,,2
32201,'SEM',508,,11596,4,,,2,19,,11597,4,,,2,27,,11598,4,,,2,754,,11599,3,,,2,800,,11600,3,,,2
34503,'SEM',432,,11610,5,,,1,100,,11611,5,,,1
