1703,'DIM',615,,6801,7,,,1,89,,6794,7,,,1,99,,100,7,,,1,101,,6796,7,,,1,97,,6797,7,,,1,101,,6793,7,,,1,100,,6799,7,,,1,99,,6795,7,,,1,101,,6798,7,,,1,100,,6800,7,,,1,102,,6783,7,,,1,99,,6787,7,,,1,99,,6786,7,,,1,101,,6785,7,,,1,99,,6788,7,,,1,99,,6791,7,,,1,101,,6784,7,,,1,100,,6789,7,,,1,102,,6790,7,,,1,120,,6792,7,,,1
1703,'SAM',538,,6813,7,,,1,77,,6819,7,,,1,89,,121,7,,,1,99,,6810,7,,,1,101,,6812,7,,,1,97,,6814,7,,,1,100,,6818,7,,,1,101,,6816,7,,,1,100,,6811,7,,,1,100,,6817,7,,,1,100,,6815,7,,,1,102,,6820,7,,,1,100,,6821,7,,,1,99,,6802,7,,,1,100,,6807,7,,,1,99,,6804,7,,,1,99,,6803,7,,,1,101,,6805,7,,,1,100,,6808,7,,,1,102,,6809,7,,,1,120,,6806,7,,,1
1703,'SEM',557,,6839,7,,,1,102,,6841,7,,,1,145,,6840,7,,,1,96,,6825,7,,,1,100,,6838,7,,,1,100,,6837,7,,,1,100,,6843,7,,,1,100,,6826,7,,,1,100,,6823,7,,,1,58,,6842,7,,,1,75,,6845,7,,,1,20,,6844,7,,,1,76,,6822,7,,,1,23,,6833,7,,,1,78,,6824,7,,,1,80,,6827,7,,,1,30,,6830,7,,,1,69,,6835,7,,,1,99,,6836,7,,,1,100,,6828,7,,,1,100,,6829,7,,,1,100,,6831,7,,,1,100,,6832,7,,,1,104,,6834,7,,,1
2703,'DIM',858,,7609,7,,,2,100,,7612,7,,,2,98,,7614,7,,,2,102,,7608,7,,,2,95,,7616,7,,,2,106,,7611,7,,,2,141,,7613,7,,,2,100,,7610,7,,,2,100,,7615,7,,,2,100,,7602,7,,,2,100,,7604,7,,,2,58,,7603,7,,,2,100,,7607,7,,,2,100,,7601,7,,,2,142,,7600,7,,,2,100,,7605,7,,,2,100,,7606,7,,,2
2703,'SAM',658,,7626,7,,,2,100,,7627,7,,,2,100,,7625,7,,,2,100,,7635,7,,,2,100,,7629,7,,,2,100,,7632,7,,,2,94,,7628,7,,,2,107,,7630,7,,,2,142,,7631,7,,,2,99,,7624,7,,,2,54,,7633,7,,,2,146,,7634,7,,,2,100,,7619,7,,,2,58,,7622,7,,,2,100,,7617,7,,,2,100,,7618,7,,,2,142,,7620,7,,,2,100,,7621,7,,,2,100,,7623,7,,,2
2703,'SEM',804,,7653,7,,,2,50,,7638,7,,,2,100,,7644,7,,,2,100,,7637,7,,,2,99,,7655,7,,,2,90,,7652,7,,,2,103,,7656,7,,,2,100,,7641,7,,,2,81,,7639,7,,,2,82,,7654,7,,,2,15,,7636,7,,,2,30,,7643,7,,,2,79,,7640,7,,,2,25,,7651,7,,,2,96,,7647,7,,,2,87,,7650,7,,,2,103,,7646,7,,,2,102,,7642,7,,,2,100,,7645,7,,,2,100,,7648,7,,,2,100,,7649,7,,,2
3103,'DIM',634,,7731,9,,,1,99,,7730,9,,,1,99,,1058,9,,,1,99,,7735,9,,,1,99,,7734,9,,,1,100,,7732,9,,,1,102,,7721,9,,,1,100,,7733,9,,,1,99,,7720,9,,,1,102,,7719,9,,,1,99,,7724,9,,,1,99,,7726,9,,,1,103,,7725,9,,,1,97,,7727,9,,,1,101,,7723,9,,,1,100,,7722,9,,,1,100,,7728,9,,,1,101,,7729,9,,,1
3103,'SAM',634,,7748,9,,,1,99,,7747,9,,,1,99,,1075,9,,,1,99,,7752,9,,,1,99,,7753,9,,,1,100,,7749,9,,,1,100,,7745,9,,,1,101,,7750,9,,,1,100,,7746,9,,,1,102,,7751,9,,,1,100,,7740,9,,,1,99,,7742,9,,,1,100,,7738,9,,,1,100,,7743,9,,,1,100,,7736,9,,,1,100,,7737,9,,,1,100,,7739,9,,,1,102,,7741,9,,,1,95,,7744,9,,,1
3103,'SEM',629,,7775,9,,,1,99,,7773,9,,,1,100,,7774,9,,,1,100,,7754,9,,,1,101,,7755,9,,,1,100,,7757,9,,,1,100,,7776,9,,,1,100,,7756,9,,,1,100,,7761,9,,,1,98,,7762,9,,,1,11,,7763,9,,,1,76,,7758,9,,,1,30,,7767,9,,,1,80,,7764,9,,,1,30,,7760,9,,,1,76,,7772,9,,,1,70,,7759,9,,,1,36,,7771,9,,,1,100,,7765,9,,,1,101,,7768,9,,,1,100,,7769,9,,,1,98,,7766,9,,,1,114,,7770,9,,,1
4303,'DIM',634,,8647,7,,,1,100,,8649,7,,,1,100,,8653,7,,,1,100,,8651,7,,,1,106,,8652,7,,,1,101,,8650,7,,,1,100,,8656,7,,,1,99,,8654,7,,,1,103,,8655,7,,,1,97,,8637,7,,,1,99,,8638,7,,,1,104,,8640,7,,,1,92,,8643,7,,,1,99,,8642,7,,,1,100,,8639,7,,,1,100,,8641,7,,,1,100,,8648,7,,,1,100,,8644,7,,,1,100,,8646,7,,,1,100,,8645,7,,,1
4303,'SAM',634,,8668,7,,,1,100,,8658,7,,,1,100,,8673,7,,,1,100,,8659,7,,,1,106,,8660,7,,,1,101,,8671,7,,,1,100,,8669,7,,,1,99,,8674,7,,,1,102,,8670,7,,,1,101,,8672,7,,,1,98,,8657,7,,,1,98,,8675,7,,,1,96,,8664,7,,,1,99,,8661,7,,,1,100,,2041,7,,,1,100,,8662,7,,,1,100,,8663,7,,,1,100,,8667,7,,,1,100,,8665,7,,,1,100,,8666,7,,,1
4303,'SEM',634,,8697,7,,,1,100,,8698,7,,,1,81,,8679,7,,,1,104,,8699,7,,,1,31,,8678,7,,,1,69,,8695,7,,,1,30,,8685,7,,,1,70,,8681,7,,,1,30,,8701,7,,,1,70,,8700,7,,,1,30,,8696,7,,,1,72,,8682,7,,,1,28,,8683,7,,,1,70,,8687,7,,,1,30,,8702,7,,,1,70,,8677,7,,,1,25,,8684,7,,,1,70,,8680,7,,,1,19,,8703,7,,,1,76,,8686,7,,,1,31,,8676,7,,,1,71,,8692,7,,,1,102,,8693,7,,,1,101,,8694,7,,,1,101,,8688,7,,,1,101,,8689,7,,,1,110,,8690,7,,,1,106,,8691,7,,,1
4803,'DIM',704,,9047,7,,,1,103,,9051,7,,,1,102,,9055,7,,,1,99,,9038,7,,,1,102,,9048,7,,,1,101,,9049,7,,,1,95,,9054,7,,,1,105,,9050,7,,,1,99,,9052,7,,,1,100,,9039,7,,,1,100,,9053,7,,,1,100,,9041,7,,,1,95,,9045,7,,,1,100,,9044,7,,,1,100,,9043,7,,,1,99,,2438,7,,,1,100,,9040,7,,,1,35,,9042,7,,,1,161,,9046,7,,,1
4803,'SAM',604,,2450,7,,,1,100,,9067,7,,,1,102,,9070,7,,,1,103,,9074,7,,,1,99,,9065,7,,,1,101,,9073,7,,,1,101,,9068,7,,,1,94,,9071,7,,,1,106,,9069,7,,,1,100,,9066,7,,,1,100,,9072,7,,,1,100,,9059,7,,,1,100,,9061,7,,,1,95,,9057,7,,,1,100,,9056,7,,,1,98,,9058,7,,,1,101,,9063,7,,,1,100,,9064,7,,,1,35,,9060,7,,,1,161,,9062,7,,,1
4803,'SEM',559,,9096,7,,,1,60,,9098,7,,,1,37,,9087,7,,,1,73,,9099,7,,,1,71,,9102,7,,,1,24,,9083,7,,,1,80,,9082,7,,,1,30,,9077,7,,,1,95,,9084,7,,,1,100,,9079,7,,,1,100,,9078,7,,,1,100,,9100,7,,,1,80,,9075,7,,,1,101,,9080,7,,,1,35,,9097,7,,,1,64,,9076,7,,,1,30,,9101,7,,,1,70,,9088,7,,,1,30,,9081,7,,,1,70,,9089,7,,,1,95,,9094,7,,,1,100,,9085,7,,,1,100,,9086,7,,,1,99,,9090,7,,,1,100,,9092,7,,,1,99,,9091,7,,,1,51,,9093,7,,,1,73,,9095,7,,,1
5801,'DIM',524,,9661,7,,,2,100,,9643,7,,,2,90,,9652,7,,,2,99,,9655,7,,,2,99,,9658,7,,,2,100,,9651,7,,,2,102,,9660,7,,,2,98,,9657,7,,,2,103,,9654,7,,,2,99,,9656,7,,,2,102,,9653,7,,,2,99,,9646,7,,,2,101,,9659,7,,,2,99,,9642,7,,,2,99,,9650,7,,,2,99,,9645,7,,,2,101,,9644,7,,,2,100,,9648,7,,,2,99,,9647,7,,,2,110,,9649,7,,,2
5801,'SAM',524,,9681,7,,,2,100,,9673,7,,,2,90,,9672,7,,,2,99,,9677,7,,,2,100,,9675,7,,,2,99,,9678,7,,,2,102,,9680,7,,,2,98,,9662,7,,,2,101,,9671,7,,,2,101,,9676,7,,,2,101,,9674,7,,,2,101,,9679,7,,,2,100,,9665,7,,,2,100,,9669,7,,,2,98,,9663,7,,,2,99,,9670,7,,,2,101,,9666,7,,,2,100,,9668,7,,,2,99,,9664,7,,,2,110,,9667,7,,,2
5801,'SEM',514,,9695,7,,,2,28,,9692,7,,,2,82,,9705,7,,,2,82,,9693,7,,,2,46,,9699,7,,,2,85,,9686,7,,,2,99,,9706,7,,,2,100,,9682,7,,,2,100,,9687,7,,,2,100,,9704,7,,,2,100,,9683,7,,,2,86,,9694,7,,,2,31,,9684,7,,,2,72,,9707,7,,,2,28,,9689,7,,,2,75,,9691,7,,,2,28,,9690,7,,,2,68,,9685,7,,,2,29,,9703,7,,,2,70,,9688,7,,,2,30,,9701,7,,,2,100,,9702,7,,,2,100,,9697,7,,,2,99,,9696,7,,,2,100,,9698,7,,,2,100,,9700,7,,,2
6002,'DIM',654,,9823,7,,,1,100,,9832,7,,,1,99,,9830,7,,,1,100,,9831,7,,,1,100,,9833,7,,,1,100,,9836,7,,,1,100,,9834,7,,,1,100,,9837,7,,,1,100,,9835,7,,,1,99,,9838,7,,,1,99,,9839,7,,,1,101,,9825,7,,,1,101,,9827,7,,,1,101,,9826,7,,,1,101,,9828,7,,,1,100,,9822,7,,,1,100,,9824,7,,,1,99,,9829,7,,,1
6002,'SAM',654,,9851,7,,,1,100,,9842,7,,,1,99,,9854,7,,,1,100,,9856,7,,,1,100,,9852,7,,,1,100,,9855,7,,,1,100,,9853,7,,,1,100,,9841,7,,,1,100,,9857,7,,,1,99,,9840,7,,,1,99,,9844,7,,,1,103,,9849,7,,,1,99,,9845,7,,,1,101,,9846,7,,,1,101,,9850,7,,,1,100,,9843,7,,,1,100,,9847,7,,,1,99,,9848,7,,,1
6002,'SEM',625,,9875,7,,,1,100,,9873,7,,,1,100,,9859,7,,,1,99,,9876,7,,,1,100,,9874,7,,,1,101,,9864,7,,,1,100,,9858,7,,,1,99,,9860,7,,,1,101,,9872,7,,,1,98,,9861,7,,,1,101,,9866,7,,,1,107,,9863,7,,,1,94,,9869,7,,,1,101,,9867,7,,,1,99,,9862,7,,,1,100,,9865,7,,,1,99,,9868,7,,,1,90,,9871,7,,,1,100,,9870,7,,,1
7002,'DIM',658,,10489,7,,,1,142,,10496,7,,,1,100,,3943,7,,,1,100,,10492,7,,,1,28,,10493,7,,,1,73,,10495,7,,,1,29,,10485,7,,,1,25,,10494,7,,,1,75,,10491,7,,,1,25,,10500,7,,,1,79,,10498,7,,,1,67,,10501,7,,,1,36,,10483,7,,,1,65,,10497,7,,,1,31,,10503,7,,,1,23,,10499,7,,,1,78,,10502,7,,,1,68,,10487,7,,,1,36,,10505,7,,,1,74,,3946,7,,,1,97,,10504,7,,,1,95,,10482,7,,,1,55,,10484,7,,,1,141,,10488,7,,,1,59,,10486,7,,,1,143,,10490,7,,,1
7002,'SAM',657,,10532,7,,,1,143,,10512,7,,,1,100,,10520,7,,,1,100,,10519,7,,,1,25,,10528,7,,,1,76,,10533,7,,,1,29,,10530,7,,,1,24,,10524,7,,,1,75,,10523,7,,,1,26,,10522,7,,,1,79,,10525,7,,,1,75,,10521,7,,,1,27,,10531,7,,,1,65,,10529,7,,,1,28,,10527,7,,,1,26,,10526,7,,,1,79,,10515,7,,,1,69,,10511,7,,,1,36,,10513,7,,,1,74,,10508,7,,,1,96,,10517,7,,,1,95,,10509,7,,,1,96,,10510,7,,,1,100,,10516,7,,,1,59,,10514,7,,,1,143,,10518,7,,,1
7002,'SEM',532,,10541,7,,,1,96,,10561,7,,,1,26,,10562,7,,,1,73,,10540,7,,,1,76,,10543,7,,,1,27,,10545,7,,,1,70,,10560,7,,,1,30,,10538,7,,,1,70,,10567,7,,,1,30,,10546,7,,,1,27,,10568,7,,,1,73,,10563,7,,,1,26,,10565,7,,,1,74,,10564,7,,,1,29,,10539,7,,,1,70,,10566,7,,,1,24,,10559,7,,,1,76,,10544,7,,,1,71,,10547,7,,,1,30,,10542,7,,,1,70,,10536,7,,,1,33,,10537,7,,,1,68,,10550,7,,,1,33,,10551,7,,,1,66,,10555,7,,,1,33,,10554,7,,,1,91,,10552,7,,,1,83,,10556,7,,,1,94,,10548,7,,,1,112,,10553,7,,,1,106,,10549,7,,,1,99,,10558,7,,,1,105,,10557,7,,,1
7303,'DIM',649,,10582,7,,,1,99,,10579,7,,,1,100,,10580,7,,,1,98,,10583,7,,,1,100,,10586,7,,,1,100,,10581,7,,,1,100,,10584,7,,,1,101,,10578,7,,,1,99,,10585,7,,,1,102,,10587,7,,,1,99,,10572,7,,,1,100,,10569,7,,,1,101,,10575,7,,,1,99,,10571,7,,,1,100,,10570,7,,,1,100,,10573,7,,,1,100,,10574,7,,,1,102,,10577,7,,,1,105,,10576,7,,,1
7303,'SAM',556,,10601,7,,,1,93,,10598,7,,,1,99,,10597,7,,,1,100,,10602,7,,,1,98,,10604,7,,,1,101,,10600,7,,,1,99,,10591,7,,,1,100,,10603,7,,,1,101,,10599,7,,,1,99,,10605,7,,,1,102,,10606,7,,,1,101,,10590,7,,,1,99,,10588,7,,,1,99,,10589,7,,,1,100,,10593,7,,,1,100,,10592,7,,,1,100,,4040,7,,,1,100,,10594,7,,,1,102,,4041,7,,,1,105,,10595,7,,,1,100,,4042,7,,,1,100,,10596,7,,,1
7303,'SEM',542,,10643,7,,,1,66,,10640,7,,,1,38,,10639,7,,,1,10,,10644,7,,,1,78,,10633,7,,,1,16,,10609,7,,,1,83,,10641,7,,,1,12,,10608,7,,,1,70,,10626,7,,,1,31,,10642,7,,,1,69,,10610,7,,,1,31,,10615,7,,,1,69,,10625,7,,,1,31,,10616,7,,,1,69,,10645,7,,,1,30,,10611,7,,,1,70,,10614,7,,,1,30,,10620,7,,,1,70,,10607,7,,,1,30,,10617,7,,,1,75,,10646,7,,,1,24,,10627,7,,,1,15,,10619,7,,,1,61,,10612,7,,,1,16,,10613,7,,,1,23,,10623,7,,,1,57,,10621,7,,,1,30,,10634,7,,,1,55,,10622,7,,,1,16,,10618,7,,,1,33,,10628,7,,,1,70,,10631,7,,,1,32,,10624,7,,,1,100,,10636,7,,,1,100,,10629,7,,,1,100,,10635,7,,,1,100,,10630,7,,,1,81,,10632,7,,,1,95,,10637,7,,,1,121,,10638,7,,,1
7401,'DIM',719,,10736,7,,,2,99,,10737,7,,,2,101,,10740,7,,,2,97,,10739,7,,,2,101,,10741,7,,,2,100,,10738,7,,,2,100,,10735,7,,,2,99,,10734,7,,,2,102,,10742,7,,,2,99,,10728,7,,,2,102,,10729,7,,,2,99,,10731,7,,,2,100,,10732,7,,,2,99,,10733,7,,,2,101,,10727,7,,,2,99,,10726,7,,,2,101,,10730,7,,,2
7401,'SAM',719,,10751,7,,,2,99,,10753,7,,,2,101,,10752,7,,,2,98,,10755,7,,,2,100,,10757,7,,,2,100,,10759,7,,,2,101,,10754,7,,,2,98,,10758,7,,,2,101,,10756,7,,,2,100,,10743,7,,,2,101,,10746,7,,,2,101,,10748,7,,,2,100,,10747,7,,,2,98,,10749,7,,,2,101,,10744,7,,,2,99,,10750,7,,,2,101,,10745,7,,,2
7401,'SEM',621,,10776,7,,,2,95,,10760,7,,,2,100,,10775,7,,,2,103,,10764,7,,,2,101,,10765,7,,,2,101,,10779,7,,,2,99,,10763,7,,,2,101,,10778,7,,,2,100,,10777,7,,,2,93,,10762,7,,,2,93,,10766,7,,,2,101,,10761,7,,,2,30,,10768,7,,,2,85,,10774,7,,,2,100,,10767,7,,,2,101,,10770,7,,,2,100,,10771,7,,,2,100,,10769,7,,,2,100,,10772,7,,,2,95,,10773,7,,,2
33503,'DIM',2637,,11604,3,,,2
33503,'SAM',2637,,11605,3,,,2
33503,'SEM',2639,,11606,3,,,2
