2201,'DIM',642,,7023,37,,,2,101,,7027,37,,,2,104,,7026,37,,,2,99,,7025,37,,,2,101,,7022,37,,,2,99,,7024,37,,,2,101,,7029,37,,,2,102,,7031,37,,,2,96,,7028,37,,,2,105,,7030,37,,,2,99,,7016,37,,,2,100,,7018,37,,,2,97,,7017,37,,,2,102,,7020,37,,,2,100,,7019,37,,,2,100,,7021,37,,,2
2201,'SAM',642,,7040,37,,,2,101,,7042,37,,,2,104,,7039,37,,,2,99,,7041,37,,,2,102,,7044,37,,,2,99,,7048,37,,,2,101,,7047,37,,,2,101,,7043,37,,,2,96,,7045,37,,,2,102,,7046,37,,,2,102,,7033,37,,,2,101,,7036,37,,,2,96,,7034,37,,,2,102,,7032,37,,,2,100,,7038,37,,,2,100,,7037,37,,,2,100,,7035,37,,,2
2201,'SEM',637,,7064,37,,,2,100,,7052,37,,,2,94,,7050,37,,,2,80,,7049,37,,,2,34,,7066,37,,,2,101,,7051,37,,,2,100,,7065,37,,,2,100,,7067,37,,,2,100,,7054,37,,,2,96,,7055,37,,,2,105,,7053,37,,,2,100,,7059,37,,,2,100,,7057,37,,,2,99,,7056,37,,,2,98,,7058,37,,,2,104,,7062,37,,,2,100,,7060,37,,,2,95,,7061,37,,,2,98,,7063,37,,,2
5001,'DIM',544,,9169,44,,,1,100,,9177,44,,,1,101,,9165,44,,,1,98,,9182,44,,,1,101,,9174,44,,,1,73,,9184,44,,,1,37,,9176,44,,,1,64,,9189,44,,,1,39,,9187,44,,,1,62,,9188,44,,,1,35,,9190,44,,,1,69,,9175,44,,,1,32,,9178,44,,,1,76,,9191,44,,,1,69,,9180,44,,,1,34,,9179,44,,,1,70,,9185,44,,,1,23,,9183,44,,,1,74,,9181,44,,,1,41,,9186,44,,,1,58,,9167,44,,,1,59,,9170,44,,,1,98,,9173,44,,,1,100,,9166,44,,,1,99,,9171,44,,,1,98,,9168,44,,,1,100,,9172,44,,,1
5001,'SAM',544,,9199,44,,,1,100,,9202,44,,,1,101,,9193,44,,,1,98,,9214,44,,,1,101,,9212,44,,,1,79,,9217,44,,,1,30,,9210,44,,,1,65,,9194,44,,,1,39,,9218,44,,,1,62,,9216,44,,,1,35,,9195,44,,,1,69,,9206,44,,,1,32,,9208,44,,,1,76,,9211,44,,,1,69,,9207,44,,,1,34,,9209,44,,,1,70,,9197,44,,,1,23,,9198,44,,,1,74,,9192,44,,,1,39,,9213,44,,,1,61,,9215,44,,,1,58,,9203,44,,,1,98,,9205,44,,,1,100,,9204,44,,,1,99,,9200,44,,,1,98,,9196,44,,,1,100,,9201,44,,,1
5001,'SEM',535,,9241,44,,,1,107,,9246,44,,,1,76,,9242,44,,,1,24,,9220,44,,,1,77,,9219,44,,,1,24,,9222,44,,,1,71,,9249,44,,,1,26,,9250,44,,,1,73,,9245,44,,,1,27,,9221,44,,,1,73,,9225,44,,,1,28,,9244,44,,,1,72,,9231,44,,,1,32,,9247,44,,,1,70,,9226,44,,,1,32,,9243,44,,,1,68,,9248,44,,,1,30,,9224,44,,,1,84,,9223,44,,,1,27,,9235,44,,,1,76,,9227,44,,,1,70,,9228,44,,,1,29,,9234,44,,,1,26,,9229,44,,,1,75,,9233,44,,,1,69,,9236,44,,,1,35,,9237,44,,,1,104,,9232,44,,,1,103,,9230,44,,,1,103,,9239,44,,,1,105,,9238,44,,,1,106,,9240,44,,,1,89,,9251,34,,,1
5801,'DIM',545,,9661,52,,,2,101,,9643,52,,,2,91,,9652,52,,,2,100,,9655,52,,,2,99,,9658,52,,,2,100,,9651,52,,,2,102,,9660,52,,,2,98,,9657,52,,,2,103,,9654,52,,,2,99,,9656,52,,,2,102,,9653,52,,,2,99,,9646,52,,,2,101,,9659,52,,,2,99,,9642,52,,,2,99,,9650,52,,,2,99,,9645,52,,,2,100,,9644,52,,,2,100,,9648,52,,,2,99,,9647,52,,,2,110,,9649,52,,,2
5801,'SAM',545,,9681,52,,,2,101,,9673,52,,,2,91,,9672,52,,,2,100,,9677,52,,,2,100,,9675,52,,,2,99,,9678,52,,,2,102,,9680,52,,,2,98,,9662,52,,,2,101,,9671,52,,,2,101,,9676,52,,,2,101,,9674,52,,,2,101,,9679,52,,,2,100,,9665,52,,,2,100,,9669,52,,,2,98,,9663,52,,,2,99,,9670,52,,,2,100,,9666,52,,,2,100,,9668,52,,,2,99,,9664,52,,,2,110,,9667,52,,,2
5801,'SEM',536,,9695,52,,,2,68,,9692,52,,,2,42,,9705,52,,,2,84,,9693,52,,,2,86,,9699,52,,,2,85,,9686,52,,,2,99,,9706,52,,,2,100,,9682,52,,,2,100,,9687,52,,,2,100,,9704,52,,,2,100,,9683,52,,,2,47,,9694,52,,,2,71,,9684,52,,,2,32,,9707,52,,,2,69,,9689,52,,,2,35,,9691,52,,,2,69,,9690,52,,,2,27,,9685,52,,,2,69,,9703,52,,,2,29,,9688,52,,,2,70,,9701,52,,,2,100,,9702,52,,,2,99,,9697,52,,,2,99,,9696,52,,,2,100,,9698,52,,,2,98,,9700,52,,,2
22201,'DIM',1414,,11475,37,,,2,815,,11473,37,,,2,83,,11474,37,,,2
22201,'SAM',1414,,11480,37,,,2,815,,11476,37,,,2,83,,11477,37,,,2,100,,11479,37,,,2,112,,11478,37,,,2
22201,'SEM',717,,11481,37,,,2,10,,11482,37,,,2,683,,11483,37,,,2,100,,11484,37,,,2,106,,11488,37,,,2,100,,11486,37,,,2,90,,11485,37,,,2,625,,11487,37,,,2
32201,'DIM',523,,11591,38,,,2,801,,11593,37,,,2,802,,11592,37,,,2
32201,'SAM',523,,11594,38,,,2,801,,11595,37,,,2
32201,'SEM',524,,11596,38,,,2,19,,11597,38,,,2,67,,11598,38,,,2,715,,11599,37,,,2,801,,11600,37,,,2
