4504,'DIM',633,,8845,48,,,1,100,,8838,48,,,1,100,,8846,48,,,1,101,,8848,48,,,1,99,,8852,48,,,1,97,,8853,48,,,1,103,,8849,48,,,1,98,,8844,48,,,1,108,,8842,48,,,1,98,,8836,48,,,1,100,,8851,48,,,1,96,,8847,48,,,1,100,,8850,48,,,1,102,,8837,48,,,1,101,,8843,48,,,1,101,,8839,48,,,1,100,,8840,48,,,1,99,,8841,48,,,1
4504,'SAM',633,,2249,48,,,1,100,,8867,48,,,1,100,,8864,48,,,1,101,,8868,48,,,1,99,,8866,48,,,1,101,,8855,48,,,1,98,,8865,48,,,1,102,,8854,48,,,1,104,,8860,48,,,1,101,,8869,48,,,1,98,,8857,48,,,1,96,,8870,48,,,1,100,,8858,48,,,1,102,,8862,48,,,1,101,,8856,48,,,1,101,,8861,48,,,1,100,,8859,48,,,1,99,,8863,48,,,1
4504,'SEM',551,,8890,48,,,1,55,,8891,48,,,1,43,,8896,48,,,1,84,,8876,48,,,1,19,,8874,48,,,1,58,,8872,48,,,1,17,,8889,48,,,1,90,,8875,48,,,1,106,,8893,48,,,1,112,,8888,48,,,1,96,,8878,48,,,1,94,,8877,48,,,1,100,,8894,48,,,1,83,,8873,48,,,1,25,,8871,48,,,1,72,,8892,48,,,1,30,,8895,48,,,1,78,,8880,48,,,1,34,,8883,48,,,1,81,,8884,48,,,1,102,,8882,48,,,1,104,,8881,48,,,1,102,,8885,48,,,1,90,,8887,48,,,1,100,,8879,48,,,1,95,,8886,48,,,1
5002,'DIM',621,,9269,39,,,1,100,,2653,39,,,1,102,,9252,39,,,1,96,,9267,39,,,1,107,,9260,39,,,1,25,,9270,39,,,1,77,,9262,39,,,1,24,,9274,39,,,1,79,,9272,39,,,1,22,,9273,39,,,1,75,,9275,39,,,1,29,,9261,39,,,1,73,,9263,39,,,1,76,,9276,39,,,1,29,,9265,39,,,1,74,,9264,39,,,1,30,,9271,39,,,1,66,,9268,39,,,1,31,,9266,39,,,1,99,,9254,39,,,1,99,,9256,39,,,1,99,,9259,39,,,1,99,,9253,39,,,1,97,,9257,39,,,1,98,,9255,39,,,1,99,,9258,39,,,1
5002,'SAM',621,,9284,39,,,1,100,,9287,39,,,1,102,,9278,39,,,1,99,,9299,39,,,1,104,,9298,39,,,1,25,,9297,39,,,1,76,,9295,39,,,1,25,,9279,39,,,1,79,,9302,39,,,1,22,,9301,39,,,1,75,,9280,39,,,1,29,,9291,39,,,1,73,,9293,39,,,1,76,,9296,39,,,1,29,,9292,39,,,1,74,,9294,39,,,1,30,,9282,39,,,1,66,,9283,39,,,1,31,,9277,39,,,1,99,,9300,39,,,1,99,,9288,39,,,1,99,,9290,39,,,1,99,,9289,39,,,1,97,,9285,39,,,1,98,,9281,39,,,1,99,,9286,39,,,1
5002,'SEM',510,,9309,39,,,1,36,,9332,39,,,1,71,,9328,39,,,1,30,,9303,39,,,1,76,,9336,39,,,1,32,,9329,39,,,1,63,,9304,39,,,1,35,,9322,39,,,1,66,,9307,39,,,1,31,,9334,39,,,1,66,,9335,39,,,1,33,,9331,39,,,1,68,,9306,39,,,1,33,,9310,39,,,1,68,,9330,39,,,1,32,,9318,39,,,1,72,,9333,39,,,1,30,,9311,39,,,1,70,,9314,39,,,1,82,,9305,39,,,1,26,,9315,39,,,1,78,,9308,39,,,1,33,,9323,39,,,1,70,,9312,39,,,1,28,,9313,39,,,1,69,,9321,39,,,1,29,,9316,39,,,1,70,,9320,39,,,1,105,,9324,39,,,1,104,,9319,39,,,1,101,,9317,39,,,1,110,,9326,39,,,1,103,,9325,39,,,1,97,,9327,39,,,1
6002,'DIM',703,,9823,21,,,1,100,,9832,21,,,1,100,,9830,21,,,1,100,,9831,21,,,1,100,,9833,21,,,1,100,,9836,21,,,1,101,,9834,21,,,1,100,,9837,21,,,1,100,,9835,21,,,1,99,,9838,21,,,1,99,,9839,21,,,1,100,,9825,21,,,1,100,,9827,21,,,1,101,,9826,21,,,1,101,,9828,21,,,1,100,,9822,21,,,1,100,,9824,21,,,1,99,,9829,21,,,1
6002,'SAM',703,,9851,21,,,1,100,,9842,21,,,1,100,,9854,21,,,1,100,,9856,21,,,1,100,,9852,21,,,1,100,,9855,21,,,1,101,,9853,21,,,1,100,,9841,21,,,1,100,,9857,21,,,1,99,,9840,21,,,1,99,,9844,21,,,1,102,,9849,21,,,1,98,,9845,21,,,1,101,,9846,21,,,1,101,,9850,21,,,1,100,,9843,21,,,1,100,,9847,21,,,1,99,,9848,21,,,1
6002,'SEM',634,,9875,21,,,1,101,,9873,21,,,1,101,,9859,21,,,1,99,,9876,21,,,1,100,,9874,21,,,1,102,,9864,21,,,1,100,,9858,21,,,1,99,,9860,21,,,1,101,,9872,21,,,1,99,,9861,21,,,1,101,,9866,21,,,1,106,,9863,21,,,1,93,,9869,21,,,1,99,,9867,21,,,1,99,,9862,21,,,1,100,,9865,21,,,1,99,,9868,21,,,1,90,,9871,21,,,1,100,,9870,21,,,1
34504,'SEM',2516,,11613,18,,,1,118,,11612,18,,,1
