1704,'DIM',459,,6858,18,,,1,90,,6859,18,,,1,100,,6863,18,,,1,102,,6857,18,,,1,100,,165,18,,,1,100,,6861,18,,,1,101,,6862,18,,,1,100,,6864,18,,,1,101,,6865,18,,,1,101,,6860,18,,,1,102,,6846,18,,,1,99,,6847,18,,,1,100,,6850,18,,,1,101,,6852,18,,,1,98,,6851,18,,,1,98,,6849,18,,,1,100,,6853,18,,,1,101,,6856,18,,,1,99,,6848,18,,,1,99,,6854,18,,,1,96,,6855,18,,,1
1704,'SAM',459,,6878,18,,,1,90,,6879,18,,,1,100,,6885,18,,,1,102,,6882,18,,,1,100,,6877,18,,,1,100,,6881,18,,,1,101,,6886,18,,,1,100,,6884,18,,,1,101,,6883,18,,,1,101,,6880,18,,,1,101,,6867,18,,,1,100,,6868,18,,,1,101,,6870,18,,,1,100,,6872,18,,,1,98,,6866,18,,,1,98,,6874,18,,,1,100,,6871,18,,,1,101,,6869,18,,,1,99,,6873,18,,,1,99,,6875,18,,,1,96,,6876,18,,,1
1704,'SEM',511,,6901,18,,,1,92,,6906,18,,,1,22,,6909,18,,,1,22,,6888,18,,,1,66,,6892,18,,,1,35,,6893,18,,,1,61,,6887,18,,,1,98,,6890,18,,,1,45,,6891,18,,,1,100,,6894,18,,,1,100,,6905,18,,,1,100,,6907,18,,,1,100,,6896,18,,,1,102,,6908,18,,,1,100,,6889,18,,,1,105,,6897,18,,,1,96,,6895,18,,,1,97,,6898,18,,,1,101,,6903,18,,,1,101,,6904,18,,,1,100,,6899,18,,,1,100,,6900,18,,,1,100,,6902,18,,,1
3104,'DIM',619,,7789,28,,,1,102,,7790,28,,,1,100,,7788,28,,,1,100,,7794,28,,,1,101,,7795,28,,,1,100,,7793,28,,,1,100,,7791,28,,,1,103,,7779,28,,,1,101,,7792,28,,,1,100,,7778,28,,,1,101,,7777,28,,,1,99,,7782,28,,,1,98,,7784,28,,,1,102,,7783,28,,,1,96,,7785,28,,,1,101,,7781,28,,,1,100,,7780,28,,,1,98,,7786,28,,,1,102,,7787,28,,,1
3104,'SAM',520,,1137,28,,,1,99,,7805,28,,,1,102,,7808,28,,,1,100,,7807,28,,,1,100,,7810,28,,,1,101,,7813,28,,,1,100,,7814,28,,,1,100,,7809,28,,,1,102,,7804,28,,,1,101,,7811,28,,,1,101,,7806,28,,,1,101,,7812,28,,,1,100,,7800,28,,,1,98,,7802,28,,,1,99,,7798,28,,,1,99,,7803,28,,,1,100,,7796,28,,,1,100,,7797,28,,,1,98,,7799,28,,,1,102,,7801,28,,,1
3104,'SEM',443,,7823,28,,,1,77,,7824,28,,,1,90,,7835,28,,,1,21,,7837,28,,,1,23,,7817,28,,,1,73,,7836,28,,,1,28,,7833,28,,,1,69,,7831,28,,,1,35,,7832,28,,,1,62,,7834,28,,,1,100,,7815,28,,,1,101,,7816,28,,,1,100,,7819,28,,,1,101,,7838,28,,,1,100,,7818,28,,,1,102,,7821,28,,,1,100,,7822,28,,,1,96,,7820,28,,,1,104,,7825,28,,,1,97,,7830,28,,,1,105,,7829,28,,,1,100,,7826,28,,,1,102,,7827,28,,,1,100,,7828,28,,,1
3904,'DIM',820,,8142,18,,,1,112,,8136,18,,,1,82,,8143,18,,,1,30,,8146,18,,,1,73,,8137,18,,,1,27,,8135,18,,,1,73,,8145,18,,,1,29,,8140,18,,,1,74,,8129,18,,,1,27,,8144,18,,,1,70,,8138,18,,,1,31,,8139,18,,,1,72,,8128,18,,,1,30,,8141,18,,,1,71,,8124,18,,,1,31,,8125,18,,,1,68,,8130,18,,,1,28,,8131,18,,,1,70,,8132,18,,,1,83,,8133,18,,,1,58,,8126,18,,,1,100,,8134,18,,,1,100,,8127,18,,,1
3904,'SAM',820,,8162,18,,,1,112,,8155,18,,,1,82,,8166,18,,,1,30,,8156,18,,,1,70,,8147,18,,,1,30,,8153,18,,,1,76,,8159,18,,,1,26,,8157,18,,,1,74,,8163,18,,,1,27,,8154,18,,,1,70,,8160,18,,,1,31,,8161,18,,,1,71,,8167,18,,,1,31,,8158,18,,,1,72,,8164,18,,,1,24,,8165,18,,,1,74,,8168,18,,,1,28,,8169,18,,,1,70,,8148,18,,,1,86,,8149,18,,,1,97,,8151,18,,,1,58,,8150,18,,,1,100,,8152,18,,,1
3904,'SEM',615,,8193,18,,,1,27,,8186,18,,,1,14,,8192,18,,,1,51,,8174,18,,,1,29,,8189,18,,,1,71,,8170,18,,,1,31,,8187,18,,,1,70,,8194,18,,,1,35,,8172,18,,,1,67,,8173,18,,,1,33,,8184,18,,,1,69,,8188,18,,,1,31,,8190,18,,,1,68,,8181,18,,,1,32,,8185,18,,,1,67,,8191,18,,,1,38,,8171,18,,,1,74,,8176,18,,,1,30,,8178,18,,,1,71,,8179,18,,,1,102,,8195,18,,,1,111,,8182,18,,,1,99,,8183,18,,,1,105,,8175,18,,,1,100,,8177,18,,,1,94,,8180,18,,,1
4504,'DIM',617,,8845,18,,,1,100,,8838,18,,,1,99,,8846,18,,,1,101,,8848,18,,,1,99,,8852,18,,,1,97,,8853,18,,,1,102,,8849,18,,,1,98,,8844,18,,,1,108,,8842,18,,,1,98,,8836,18,,,1,100,,8851,18,,,1,96,,8847,18,,,1,101,,8850,18,,,1,103,,8837,18,,,1,101,,8843,18,,,1,101,,8839,18,,,1,100,,8840,18,,,1,100,,8841,18,,,1
4504,'SAM',617,,2249,18,,,1,100,,8867,18,,,1,99,,8864,18,,,1,101,,8868,18,,,1,99,,8866,18,,,1,101,,8855,18,,,1,97,,8865,18,,,1,102,,8854,18,,,1,104,,8860,18,,,1,101,,8869,18,,,1,98,,8857,18,,,1,96,,8870,18,,,1,101,,8858,18,,,1,103,,8862,18,,,1,101,,8856,18,,,1,101,,8861,18,,,1,100,,8859,18,,,1,100,,8863,18,,,1
4504,'SEM',534,,8890,18,,,1,15,,8891,18,,,1,80,,8896,18,,,1,84,,8876,18,,,1,19,,8874,18,,,1,18,,8872,18,,,1,56,,8889,18,,,1,51,,8875,18,,,1,146,,8893,18,,,1,111,,8888,18,,,1,96,,8878,18,,,1,94,,8877,18,,,1,100,,8894,18,,,1,42,,8873,18,,,1,65,,8871,18,,,1,31,,8892,18,,,1,70,,8895,18,,,1,38,,8880,18,,,1,77,,8883,18,,,1,81,,8884,18,,,1,104,,8882,18,,,1,105,,8881,18,,,1,102,,8885,18,,,1,90,,8887,18,,,1,100,,8879,18,,,1,95,,8886,18,,,1
7304,'DIM',534,,10665,46,,,1,70,,10654,46,,,1,102,,10658,46,,,1,100,,10661,46,,,1,101,,10657,46,,,1,100,,10659,46,,,1,100,,10662,46,,,1,100,,10666,46,,,1,102,,10660,46,,,1,101,,10663,46,,,1,101,,10656,46,,,1,100,,10664,46,,,1,100,,10667,46,,,1,100,,10650,46,,,1,99,,10647,46,,,1,98,,10653,46,,,1,100,,10649,46,,,1,99,,10648,46,,,1,99,,10651,46,,,1,101,,10652,46,,,1,99,,10655,46,,,1
7304,'SAM',534,,10686,46,,,1,70,,10676,46,,,1,102,,10681,46,,,1,100,,10678,46,,,1,101,,10677,46,,,1,100,,10682,46,,,1,100,,10684,46,,,1,101,,10680,46,,,1,101,,10671,46,,,1,101,,10683,46,,,1,101,,10679,46,,,1,100,,10685,46,,,1,100,,10687,46,,,1,100,,10670,46,,,1,98,,10668,46,,,1,99,,10669,46,,,1,100,,10673,46,,,1,99,,10672,46,,,1,99,,4131,46,,,1,101,,10674,46,,,1,99,,4133,46,,,1,100,,10675,46,,,1,99,,4134,46,,,1
7304,'SEM',456,,10719,46,,,1,81,,10716,46,,,1,81,,10722,46,,,1,18,,10725,46,,,1,71,,10721,46,,,1,14,,10718,46,,,1,13,,10694,46,,,1,68,,10696,46,,,1,14,,10717,46,,,1,15,,10723,46,,,1,25,,10712,46,,,1,71,,10690,46,,,1,80,,10689,46,,,1,29,,10705,46,,,1,70,,10720,46,,,1,30,,10691,46,,,1,71,,10695,46,,,1,36,,10704,46,,,1,65,,10697,46,,,1,30,,10724,46,,,1,70,,10692,46,,,1,30,,10693,46,,,1,72,,10701,46,,,1,31,,10688,46,,,1,72,,10698,46,,,1,39,,10708,46,,,1,62,,10706,46,,,1,29,,10700,46,,,1,69,,10707,46,,,1,36,,10702,46,,,1,60,,10713,46,,,1,30,,10699,46,,,1,70,,10709,46,,,1,30,,10711,46,,,1,73,,10703,46,,,1,98,,10715,46,,,1,99,,10710,46,,,1,104,,10714,46,,,1
