1704,'DIM',507,,6858,34,,,1,50,,6859,34,,,1,101,,6863,34,,,1,143,,6857,34,,,1,101,,165,34,,,1,100,,6861,34,,,1,101,,6862,34,,,1,100,,6864,34,,,1,101,,6865,34,,,1,101,,6860,34,,,1,102,,6846,34,,,1,99,,6847,34,,,1,100,,6850,34,,,1,101,,6852,34,,,1,98,,6851,34,,,1,98,,6849,34,,,1,100,,6853,34,,,1,98,,6856,34,,,1,99,,6848,34,,,1,59,,6854,34,,,1,96,,6855,34,,,1
1704,'SAM',507,,6878,34,,,1,50,,6879,34,,,1,101,,6885,34,,,1,143,,6882,34,,,1,101,,6877,34,,,1,100,,6881,34,,,1,101,,6886,34,,,1,100,,6884,34,,,1,101,,6883,34,,,1,101,,6880,34,,,1,101,,6867,34,,,1,100,,6868,34,,,1,101,,6870,34,,,1,100,,6872,34,,,1,98,,6866,34,,,1,98,,6874,34,,,1,100,,6871,34,,,1,98,,6869,34,,,1,99,,6873,34,,,1,59,,6875,34,,,1,96,,6876,34,,,1
1704,'SEM',519,,6901,34,,,1,94,,6906,34,,,1,22,,6909,34,,,1,22,,6888,34,,,1,67,,6892,34,,,1,35,,6893,34,,,1,61,,6887,34,,,1,98,,6890,34,,,1,85,,6891,34,,,1,100,,6894,34,,,1,100,,6905,34,,,1,100,,6907,34,,,1,100,,6896,34,,,1,102,,6908,34,,,1,101,,6889,34,,,1,105,,6897,34,,,1,95,,6895,34,,,1,97,,6898,34,,,1,101,,6903,34,,,1,100,,6904,34,,,1,99,,6899,34,,,1,100,,6900,34,,,1,99,,6902,34,,,1
2704,'DIM',753,,7675,39,,,2,101,,7676,39,,,2,100,,7671,39,,,2,99,,7673,39,,,2,98,,7674,39,,,2,103,,7670,39,,,2,95,,7677,39,,,2,107,,7672,39,,,2,100,,7663,39,,,2,100,,7667,39,,,2,100,,7668,39,,,2,99,,7664,39,,,2,100,,7666,39,,,2,98,,7665,39,,,2,100,,7669,39,,,2,100,,7662,39,,,2
2704,'SAM',653,,7690,39,,,2,100,,7686,39,,,2,101,,7687,39,,,2,100,,7685,39,,,2,99,,7694,39,,,2,100,,7689,39,,,2,101,,7692,39,,,2,94,,7688,39,,,2,108,,7691,39,,,2,100,,7681,39,,,2,100,,7682,39,,,2,93,,7684,39,,,2,106,,7693,39,,,2,100,,7680,39,,,2,98,,7683,39,,,2,100,,7678,39,,,2,100,,7679,39,,,2
2704,'SEM',616,,7716,39,,,2,28,,7696,39,,,2,68,,7713,39,,,2,28,,7699,39,,,2,67,,7700,39,,,2,28,,7718,39,,,2,66,,7715,39,,,2,49,,7714,39,,,2,100,,7703,39,,,2,108,,7695,39,,,2,95,,7717,39,,,2,88,,7698,39,,,2,106,,7697,39,,,2,107,,7708,39,,,2,77,,7709,39,,,2,80,,7704,39,,,2,13,,7701,39,,,2,30,,7702,39,,,2,71,,7706,39,,,2,75,,7711,39,,,2,100,,7707,39,,,2,45,,7710,39,,,2,96,,7705,39,,,2,104,,7712,39,,,2
3104,'DIM',627,,7789,44,,,1,104,,7790,44,,,1,100,,7788,44,,,1,101,,7794,44,,,1,101,,7795,44,,,1,100,,7793,44,,,1,100,,7791,44,,,1,103,,7779,44,,,1,101,,7792,44,,,1,100,,7778,44,,,1,101,,7777,44,,,1,99,,7782,44,,,1,98,,7784,44,,,1,102,,7783,44,,,1,96,,7785,44,,,1,99,,7781,44,,,1,99,,7780,44,,,1,98,,7786,44,,,1,102,,7787,44,,,1
3104,'SAM',527,,1137,44,,,1,100,,7805,44,,,1,104,,7808,44,,,1,100,,7807,44,,,1,101,,7810,44,,,1,101,,7813,44,,,1,100,,7814,44,,,1,100,,7809,44,,,1,102,,7804,44,,,1,101,,7811,44,,,1,101,,7806,44,,,1,101,,7812,44,,,1,100,,7800,44,,,1,98,,7802,44,,,1,99,,7798,44,,,1,99,,7803,44,,,1,98,,7796,44,,,1,99,,7797,44,,,1,98,,7799,44,,,1,102,,7801,44,,,1
3104,'SEM',451,,7823,44,,,1,77,,7824,44,,,1,92,,7835,44,,,1,21,,7837,44,,,1,63,,7817,44,,,1,34,,7836,44,,,1,68,,7833,44,,,1,29,,7831,44,,,1,75,,7832,44,,,1,22,,7834,44,,,1,100,,7815,44,,,1,102,,7816,44,,,1,100,,7819,44,,,1,101,,7838,44,,,1,100,,7818,44,,,1,102,,7821,44,,,1,100,,7822,44,,,1,96,,7820,44,,,1,103,,7825,44,,,1,97,,7830,44,,,1,105,,7829,44,,,1,99,,7826,44,,,1,101,,7827,44,,,1,100,,7828,44,,,1
3904,'DIM',837,,8142,44,,,1,112,,8136,44,,,1,82,,8143,44,,,1,70,,8146,44,,,1,33,,8137,44,,,1,67,,8135,44,,,1,33,,8145,44,,,1,69,,8140,44,,,1,34,,8129,44,,,1,67,,8144,44,,,1,30,,8138,44,,,1,71,,8139,44,,,1,32,,8128,44,,,1,70,,8141,44,,,1,31,,8124,44,,,1,71,,8125,44,,,1,28,,8130,44,,,1,68,,8131,44,,,1,29,,8132,44,,,1,83,,8133,44,,,1,98,,8126,44,,,1,100,,8134,44,,,1,100,,8127,44,,,1
3904,'SAM',837,,8162,44,,,1,112,,8155,44,,,1,82,,8166,44,,,1,70,,8156,44,,,1,30,,8147,44,,,1,70,,8153,44,,,1,36,,8159,44,,,1,66,,8157,44,,,1,34,,8163,44,,,1,67,,8154,44,,,1,30,,8160,44,,,1,71,,8161,44,,,1,31,,8167,44,,,1,71,,8158,44,,,1,32,,8164,44,,,1,64,,8165,44,,,1,34,,8168,44,,,1,68,,8169,44,,,1,29,,8148,44,,,1,86,,8149,44,,,1,97,,8151,44,,,1,98,,8150,44,,,1,100,,8152,44,,,1
3904,'SEM',631,,8193,44,,,1,27,,8186,44,,,1,54,,8192,44,,,1,11,,8174,44,,,1,30,,8189,44,,,1,71,,8170,44,,,1,31,,8187,44,,,1,70,,8194,44,,,1,75,,8172,44,,,1,28,,8173,44,,,1,73,,8184,44,,,1,30,,8188,44,,,1,71,,8190,44,,,1,28,,8181,44,,,1,72,,8185,44,,,1,27,,8191,44,,,1,78,,8171,44,,,1,34,,8176,44,,,1,70,,8178,44,,,1,31,,8179,44,,,1,102,,8195,44,,,1,110,,8182,44,,,1,98,,8183,44,,,1,104,,8175,44,,,1,100,,8177,44,,,1,94,,8180,44,,,1
4304,'DIM',503,,8722,19,,,1,103,,8716,19,,,1,100,,8712,19,,,1,102,,8714,19,,,1,102,,8719,19,,,1,100,,8717,19,,,1,106,,8718,19,,,1,100,,8715,19,,,1,100,,8723,19,,,1,100,,8720,19,,,1,104,,8721,19,,,1,99,,8704,19,,,1,99,,8705,19,,,1,101,,8707,19,,,1,94,,8710,19,,,1,98,,8709,19,,,1,99,,8706,19,,,1,99,,8708,19,,,1,100,,8713,19,,,1,100,,8711,19,,,1
4304,'SAM',503,,8740,19,,,1,103,,8737,19,,,1,100,,8734,19,,,1,102,,8725,19,,,1,102,,8741,19,,,1,100,,8726,19,,,1,106,,8727,19,,,1,100,,8738,19,,,1,100,,8735,19,,,1,100,,8742,19,,,1,103,,8736,19,,,1,101,,8739,19,,,1,98,,8724,19,,,1,97,,8743,19,,,1,98,,8731,19,,,1,98,,8728,19,,,1,99,,2109,19,,,1,99,,8729,19,,,1,100,,8730,19,,,1,100,,8733,19,,,1,98,,8732,19,,,1
4304,'SEM',520,,8765,19,,,1,35,,8771,19,,,1,75,,8744,19,,,1,25,,8746,19,,,1,61,,8769,19,,,1,31,,8745,19,,,1,73,,8770,19,,,1,33,,8749,19,,,1,75,,8766,19,,,1,28,,8772,19,,,1,71,,8748,19,,,1,30,,8767,19,,,1,70,,8755,19,,,1,30,,8751,19,,,1,70,,8774,19,,,1,30,,8773,19,,,1,70,,8768,19,,,1,32,,8752,19,,,1,69,,8753,19,,,1,30,,8757,19,,,1,76,,8775,19,,,1,25,,8747,19,,,1,66,,8754,19,,,1,30,,8750,19,,,1,97,,8756,19,,,1,97,,8761,19,,,1,100,,8763,19,,,1,101,,8764,19,,,1,99,,8758,19,,,1,101,,8759,19,,,1,150,,8760,19,,,1,20,,8762,19,,,1
7304,'DIM',542,,10665,62,,,1,70,,10654,62,,,1,103,,10658,62,,,1,101,,10661,62,,,1,101,,10657,62,,,1,101,,10659,62,,,1,100,,10662,62,,,1,100,,10666,62,,,1,102,,10660,62,,,1,101,,10663,62,,,1,101,,10656,62,,,1,100,,10664,62,,,1,100,,10667,62,,,1,100,,10650,62,,,1,99,,10647,62,,,1,97,,10653,62,,,1,99,,10649,62,,,1,99,,10648,62,,,1,98,,10651,62,,,1,101,,10652,62,,,1,99,,10655,62,,,1
7304,'SAM',542,,10686,62,,,1,70,,10676,62,,,1,103,,10681,62,,,1,101,,10678,62,,,1,101,,10677,62,,,1,101,,10682,62,,,1,100,,10684,62,,,1,101,,10680,62,,,1,101,,10671,62,,,1,101,,10683,62,,,1,101,,10679,62,,,1,100,,10685,62,,,1,100,,10687,62,,,1,100,,10670,62,,,1,98,,10668,62,,,1,98,,10669,62,,,1,99,,10673,62,,,1,99,,10672,62,,,1,98,,4131,62,,,1,101,,10674,62,,,1,99,,4133,62,,,1,100,,10675,62,,,1,99,,4134,62,,,1
7304,'SEM',504,,10719,62,,,1,42,,10716,62,,,1,82,,10722,62,,,1,18,,10725,62,,,1,71,,10721,62,,,1,14,,10718,62,,,1,14,,10694,62,,,1,68,,10696,62,,,1,14,,10717,62,,,1,15,,10723,62,,,1,65,,10712,62,,,1,31,,10690,62,,,1,80,,10689,62,,,1,29,,10705,62,,,1,70,,10720,62,,,1,30,,10691,62,,,1,71,,10695,62,,,1,36,,10704,62,,,1,66,,10697,62,,,1,30,,10724,62,,,1,70,,10692,62,,,1,30,,10693,62,,,1,73,,10701,62,,,1,31,,10688,62,,,1,72,,10698,62,,,1,79,,10708,62,,,1,22,,10706,62,,,1,27,,10700,62,,,1,69,,10707,62,,,1,36,,10702,62,,,1,60,,10713,62,,,1,30,,10699,62,,,1,70,,10709,62,,,1,30,,10711,62,,,1,73,,10703,62,,,1,96,,10715,62,,,1,99,,10710,62,,,1,103,,10714,62,,,1
7402,'DIM',643,,10786,75,,,2,102,,10789,75,,,2,101,,6451,75,,,2,101,,10790,75,,,2,101,,10788,75,,,2,100,,10787,75,,,2,101,,10793,75,,,2,100,,10792,75,,,2,103,,10794,75,,,2,99,,10791,75,,,2,99,,10781,75,,,2,102,,10780,75,,,2,98,,10782,75,,,2,98,,10783,75,,,2,99,,6443,75,,,2,100,,10784,75,,,2,98,,10785,75,,,2
7402,'SAM',643,,10802,75,,,2,102,,10806,75,,,2,101,,10804,75,,,2,101,,10801,75,,,2,101,,10805,75,,,2,100,,10807,75,,,2,101,,10810,75,,,2,101,,10803,75,,,2,100,,10808,75,,,2,101,,10811,75,,,2,100,,10809,75,,,2,100,,10795,75,,,2,99,,10797,75,,,2,98,,10799,75,,,2,99,,10798,75,,,2,100,,10800,75,,,2,98,,10796,75,,,2
7402,'SEM',602,,10825,75,,,2,49,,10830,75,,,2,60,,10813,75,,,2,41,,10824,75,,,2,100,,10814,75,,,2,99,,10812,75,,,2,99,,10816,75,,,2,101,,10826,75,,,2,97,,10829,75,,,2,100,,10815,75,,,2,101,,10828,75,,,2,102,,10827,75,,,2,100,,10817,75,,,2,97,,10818,75,,,2,100,,10821,75,,,2,98,,10823,75,,,2,99,,10819,75,,,2,102,,10820,75,,,2,98,,10822,75,,,2
