3703,'DIM',642,,7950,38,,,2,75,,7951,38,,,2,101,,7949,38,,,2,100,,7948,38,,,2,100,,7956,38,,,2,100,,7955,38,,,2,101,,7945,38,,,2,100,,7946,38,,,2,105,,7957,38,,,2,96,,7953,38,,,2,99,,7954,38,,,2,100,,7952,38,,,2,90,,7947,38,,,2
3703,'SAM',642,,1290,38,,,2,75,,7963,38,,,2,101,,7960,38,,,2,100,,7964,38,,,2,100,,7967,38,,,2,100,,7965,38,,,2,101,,7968,38,,,2,101,,7961,38,,,2,99,,7959,38,,,2,102,,7962,38,,,2,99,,7958,38,,,2,99,,7966,38,,,2,90,,7969,38,,,2
3703,'SEM',603,,7986,38,,,2,15,,7974,38,,,2,17,,1324,38,,,2,15,,7985,38,,,2,54,,7990,38,,,2,16,,7994,38,,,2,20,,7971,38,,,2,76,,7975,38,,,2,39,,7989,38,,,2,68,,7995,38,,,2,99,,7973,38,,,2,100,,7992,38,,,2,100,,7976,38,,,2,100,,7987,38,,,2,102,,7993,38,,,2,82,,7991,38,,,2,20,,7972,38,,,2,26,,7988,38,,,2,72,,7970,38,,,2,32,,7996,38,,,2,102,,7977,38,,,2,98,,7983,38,,,2,102,,7978,38,,,2,100,,7982,38,,,2,100,,7984,38,,,2,99,,7979,38,,,2,97,,7981,38,,,2,102,,7980,38,,,2
6303,'DIM',758,,10005,36,,,1,101,,10007,36,,,1,142,,9998,36,,,1,58,,10006,36,,,1,143,,10010,36,,,1,56,,10008,36,,,1,143,,10011,36,,,1,103,,10009,36,,,1,100,,10012,36,,,1,100,,10013,36,,,1,100,,9999,36,,,1,97,,9995,36,,,1,58,,9996,36,,,1,99,,10001,36,,,1,100,,9997,36,,,1,100,,10002,36,,,1,99,,10000,36,,,1,100,,10003,36,,,1,98,,10004,36,,,1
6303,'SAM',657,,10027,36,,,1,101,,10031,36,,,1,101,,10028,36,,,1,142,,10026,36,,,1,58,,10030,36,,,1,143,,10029,36,,,1,56,,10033,36,,,1,143,,10032,36,,,1,103,,10014,36,,,1,102,,10015,36,,,1,98,,10016,36,,,1,100,,10018,36,,,1,97,,10017,36,,,1,58,,10022,36,,,1,99,,10019,36,,,1,100,,10020,36,,,1,100,,10023,36,,,1,99,,10021,36,,,1,100,,10024,36,,,1,98,,10025,36,,,1
6303,'SEM',617,,10049,36,,,1,21,,10059,36,,,1,16,,10060,36,,,1,77,,10066,36,,,1,14,,10064,36,,,1,74,,10038,36,,,1,23,,10040,36,,,1,73,,10041,36,,,1,33,,10034,36,,,1,65,,10037,36,,,1,33,,10063,36,,,1,67,,10051,36,,,1,32,,10067,36,,,1,66,,10061,36,,,1,38,,10035,36,,,1,67,,10036,36,,,1,31,,10065,36,,,1,70,,10062,36,,,1,33,,10068,36,,,1,72,,10043,36,,,1,26,,10042,36,,,1,74,,10047,36,,,1,19,,10045,36,,,1,65,,10039,36,,,1,32,,10048,36,,,1,80,,10046,36,,,1,96,,10044,36,,,1,41,,10052,36,,,1,93,,10055,36,,,1,95,,10050,36,,,1,88,,10053,36,,,1,104,,10054,36,,,1,99,,10058,36,,,1,104,,10056,36,,,1,94,,10057,36,,,1
6503,'DIM',718,,10150,12,,,2,101,,10152,12,,,2,100,,10154,12,,,2,100,,10156,12,,,2,103,,10153,12,,,2,97,,10151,12,,,2,107,,10139,12,,,2,100,,10155,12,,,2,96,,10157,12,,,2,98,,10142,12,,,2,102,,10144,12,,,2,98,,10143,12,,,2,99,,10146,12,,,2,100,,10148,12,,,2,100,,10140,12,,,2,100,,10141,12,,,2,100,,10147,12,,,2,99,,10149,12,,,2,100,,10145,12,,,2
6503,'SAM',718,,10170,12,,,2,101,,10173,12,,,2,100,,10172,12,,,2,100,,10174,12,,,2,102,,10175,12,,,2,97,,10177,12,,,2,108,,10176,12,,,2,99,,10171,12,,,2,97,,10158,12,,,2,98,,10160,12,,,2,102,,10163,12,,,2,100,,10166,12,,,2,97,,3589,12,,,2,100,,10168,12,,,2,100,,10162,12,,,2,100,,10159,12,,,2,100,,10161,12,,,2,99,,10164,12,,,2,100,,10165,12,,,2,85,,10167,12,,,2,35,,10169,12,,,2
6503,'SEM',604,,10187,12,,,2,27,,10179,12,,,2,27,,10206,12,,,2,64,,10180,12,,,2,24,,10182,12,,,2,78,,10195,12,,,2,26,,10212,12,,,2,78,,10183,12,,,2,25,,10184,12,,,2,70,,10203,12,,,2,30,,10185,12,,,2,70,,10210,12,,,2,31,,10207,12,,,2,70,,10208,12,,,2,30,,10209,12,,,2,70,,10186,12,,,2,30,,10189,12,,,2,70,,10181,12,,,2,30,,10193,12,,,2,74,,10194,12,,,2,31,,10178,12,,,2,65,,10188,12,,,2,25,,10200,12,,,2,54,,10211,12,,,2,15,,10201,12,,,2,14,,10202,12,,,2,15,,10196,12,,,2,53,,10204,12,,,2,17,,10199,12,,,2,33,,10191,12,,,2,103,,10190,12,,,2,99,,10192,12,,,2,100,,10197,12,,,2,100,,10198,12,,,2,99,,10205,12,,,2
7602,'DIM',612,,5136,12,,,2,96,,10940,12,,,2,100,,10950,12,,,2,100,,10952,12,,,2,30,,10948,12,,,2,70,,10949,12,,,2,30,,10930,12,,,2,70,,10953,12,,,2,30,,10951,12,,,2,70,,10939,12,,,2,32,,10954,12,,,2,72,,10955,12,,,2,27,,10931,12,,,2,74,,10941,12,,,2,33,,10933,12,,,2,64,,10934,12,,,2,30,,10936,12,,,2,70,,10932,12,,,2,30,,4405,12,,,2,70,,4422,12,,,2,30,,10937,12,,,2,74,,10945,12,,,2,94,,10946,12,,,2,100,,10938,12,,,2,101,,10947,12,,,2,101,,10935,12,,,2,99,,10942,12,,,2,100,,10944,12,,,2,100,,10943,12,,,2
7602,'SAM',612,,10973,12,,,2,96,,10972,12,,,2,100,,10976,12,,,2,100,,10978,12,,,2,30,,10983,12,,,2,70,,10971,12,,,2,30,,10980,12,,,2,70,,10979,12,,,2,30,,10984,12,,,2,70,,10957,12,,,2,30,,10974,12,,,2,74,,10956,12,,,2,27,,10975,12,,,2,74,,10982,12,,,2,33,,10958,12,,,2,64,,10959,12,,,2,30,,10981,12,,,2,70,,10962,12,,,2,30,,4456,12,,,2,70,,10960,12,,,2,30,,10977,12,,,2,75,,10965,12,,,2,93,,10967,12,,,2,100,,10963,12,,,2,101,,10961,12,,,2,101,,10966,12,,,2,99,,10964,12,,,2,100,,10969,12,,,2,100,,10968,12,,,2,101,,10970,12,,,2
7602,'SEM',555,,10985,12,,,2,62,,11014,12,,,2,16,,4470,12,,,2,11,,11012,12,,,2,64,,11016,12,,,2,19,,11018,12,,,2,22,,10992,12,,,2,61,,10986,12,,,2,34,,11013,12,,,2,68,,11017,12,,,2,31,,11010,12,,,2,72,,10987,12,,,2,30,,11015,12,,,2,70,,10991,12,,,2,29,,11011,12,,,2,72,,10990,12,,,2,30,,10995,12,,,2,71,,11020,12,,,2,28,,10996,12,,,2,70,,10988,12,,,2,35,,11019,12,,,2,65,,10989,12,,,2,24,,10993,12,,,2,66,,11000,12,,,2,25,,11001,12,,,2,25,,11004,12,,,2,65,,11006,12,,,2,24,,11002,12,,,2,60,,10998,12,,,2,34,,10994,12,,,2,70,,11005,12,,,2,31,,11008,12,,,2,100,,10997,12,,,2,100,,10999,12,,,2,99,,11007,12,,,2,103,,11003,12,,,2,109,,11009,12,,,2
