2201,'DIM',645,,7023,42,,,2,101,,7027,42,,,2,104,,7026,42,,,2,99,,7025,42,,,2,101,,7022,42,,,2,99,,7024,42,,,2,101,,7029,42,,,2,102,,7031,42,,,2,96,,7028,42,,,2,105,,7030,42,,,2,99,,7016,42,,,2,100,,7018,42,,,2,97,,7017,42,,,2,102,,7020,42,,,2,100,,7019,42,,,2,100,,7021,42,,,2
2201,'SAM',645,,7040,42,,,2,101,,7042,42,,,2,104,,7039,42,,,2,99,,7041,42,,,2,102,,7044,42,,,2,99,,7048,42,,,2,101,,7047,42,,,2,101,,7043,42,,,2,96,,7045,42,,,2,102,,7046,42,,,2,102,,7033,42,,,2,101,,7036,42,,,2,96,,7034,42,,,2,102,,7032,42,,,2,100,,7038,42,,,2,100,,7037,42,,,2,100,,7035,42,,,2
2201,'SEM',640,,7064,42,,,2,100,,7052,42,,,2,94,,7050,42,,,2,80,,7049,42,,,2,34,,7066,42,,,2,101,,7051,42,,,2,100,,7065,42,,,2,100,,7067,42,,,2,100,,7054,42,,,2,96,,7055,42,,,2,105,,7053,42,,,2,100,,7059,42,,,2,100,,7057,42,,,2,99,,7056,42,,,2,98,,7058,42,,,2,104,,7062,42,,,2,100,,7060,42,,,2,95,,7061,42,,,2,98,,7063,42,,,2
5001,'DIM',546,,9169,49,,,1,100,,9177,49,,,1,101,,9165,49,,,1,98,,9182,49,,,1,101,,9174,49,,,1,73,,9184,49,,,1,37,,9176,49,,,1,64,,9189,49,,,1,39,,9187,49,,,1,62,,9188,49,,,1,35,,9190,49,,,1,69,,9175,49,,,1,32,,9178,49,,,1,76,,9191,49,,,1,69,,9180,49,,,1,34,,9179,49,,,1,70,,9185,49,,,1,23,,9183,49,,,1,74,,9181,49,,,1,41,,9186,49,,,1,58,,9167,49,,,1,99,,9170,49,,,1,58,,9173,49,,,1,100,,9166,49,,,1,99,,9171,49,,,1,98,,9168,49,,,1,100,,9172,49,,,1
5001,'SAM',546,,9199,49,,,1,100,,9202,49,,,1,101,,9193,49,,,1,98,,9214,49,,,1,101,,9212,49,,,1,79,,9217,49,,,1,30,,9210,49,,,1,65,,9194,49,,,1,39,,9218,49,,,1,62,,9216,49,,,1,35,,9195,49,,,1,69,,9206,49,,,1,32,,9208,49,,,1,76,,9211,49,,,1,69,,9207,49,,,1,34,,9209,49,,,1,70,,9197,49,,,1,23,,9198,49,,,1,74,,9192,49,,,1,39,,9213,49,,,1,61,,9215,49,,,1,98,,9203,49,,,1,58,,9205,49,,,1,100,,9204,49,,,1,99,,9200,49,,,1,98,,9196,49,,,1,100,,9201,49,,,1
5001,'SEM',538,,9241,49,,,1,107,,9246,49,,,1,76,,9242,49,,,1,24,,9220,49,,,1,77,,9219,49,,,1,24,,9222,49,,,1,71,,9249,49,,,1,26,,9250,49,,,1,73,,9245,49,,,1,27,,9221,49,,,1,73,,9225,49,,,1,28,,9244,49,,,1,72,,9231,49,,,1,32,,9247,49,,,1,70,,9226,49,,,1,32,,9243,49,,,1,68,,9248,49,,,1,30,,9224,49,,,1,84,,9223,49,,,1,27,,9235,49,,,1,76,,9227,49,,,1,70,,9228,49,,,1,29,,9234,49,,,1,66,,9229,49,,,1,35,,9233,49,,,1,69,,9236,49,,,1,35,,9237,49,,,1,104,,9232,49,,,1,103,,9230,49,,,1,103,,9239,49,,,1,105,,9238,49,,,1,146,,9240,49,,,1,49,,9251,39,,,1
5801,'DIM',547,,9661,57,,,2,101,,9643,57,,,2,91,,9652,57,,,2,101,,9655,57,,,2,99,,9658,57,,,2,100,,9651,57,,,2,102,,9660,57,,,2,98,,9657,57,,,2,103,,9654,57,,,2,99,,9656,57,,,2,102,,9653,57,,,2,99,,9646,57,,,2,101,,9659,57,,,2,99,,9642,57,,,2,99,,9650,57,,,2,99,,9645,57,,,2,100,,9644,57,,,2,100,,9648,57,,,2,98,,9647,57,,,2,110,,9649,57,,,2
5801,'SAM',547,,9681,57,,,2,101,,9673,57,,,2,91,,9672,57,,,2,101,,9677,57,,,2,100,,9675,57,,,2,99,,9678,57,,,2,102,,9680,57,,,2,98,,9662,57,,,2,101,,9671,57,,,2,101,,9676,57,,,2,101,,9674,57,,,2,101,,9679,57,,,2,100,,9665,57,,,2,100,,9669,57,,,2,98,,9663,57,,,2,99,,9670,57,,,2,100,,9666,57,,,2,100,,9668,57,,,2,98,,9664,57,,,2,110,,9667,57,,,2
5801,'SEM',538,,9695,57,,,2,68,,9692,57,,,2,42,,9705,57,,,2,85,,9693,57,,,2,86,,9699,57,,,2,85,,9686,57,,,2,99,,9706,57,,,2,100,,9682,57,,,2,100,,9687,57,,,2,100,,9704,57,,,2,100,,9683,57,,,2,47,,9694,57,,,2,71,,9684,57,,,2,32,,9707,57,,,2,69,,9689,57,,,2,35,,9691,57,,,2,69,,9690,57,,,2,27,,9685,57,,,2,69,,9703,57,,,2,29,,9688,57,,,2,70,,9701,57,,,2,100,,9702,57,,,2,99,,9697,57,,,2,99,,9696,57,,,2,99,,9698,57,,,2,98,,9700,57,,,2
22201,'DIM',1417,,11475,42,,,2,815,,11473,42,,,2,83,,11474,42,,,2
22201,'SAM',1417,,11480,42,,,2,815,,11476,42,,,2,83,,11477,42,,,2,100,,11479,42,,,2,112,,11478,42,,,2
22201,'SEM',720,,11481,42,,,2,10,,11482,42,,,2,683,,11483,42,,,2,100,,11484,42,,,2,106,,11488,42,,,2,100,,11486,42,,,2,90,,11485,42,,,2,625,,11487,42,,,2
32201,'DIM',525,,11591,43,,,2,802,,11593,42,,,2,802,,11592,42,,,2
32201,'SAM',525,,11594,43,,,2,802,,11595,42,,,2
32201,'SEM',527,,11596,43,,,2,19,,11597,43,,,2,67,,11598,43,,,2,715,,11599,42,,,2,801,,11600,42,,,2
