202,'SAM',2618,,6708,4,,,1,41,,6709,4,,,1
202,'SEM',517,,6714,4,,,1,30,,6715,4,,,1,55,,6710,4,,,1,1999,,6711,4,,,1,41,,6712,4,,,1,81,,6713,4,,,1
1703,'DIM',612,,6801,2,,,1,89,,6794,2,,,1,99,,100,2,,,1,100,,6796,2,,,1,57,,6797,2,,,1,101,,6793,2,,,1,100,,6799,2,,,1,99,,6795,2,,,1,101,,6798,2,,,1,100,,6800,2,,,1,142,,6783,2,,,1,59,,6787,2,,,1,99,,6786,2,,,1,101,,6785,2,,,1,99,,6788,2,,,1,100,,6791,2,,,1,101,,6784,2,,,1,100,,6789,2,,,1,142,,6790,2,,,1,120,,6792,2,,,1
1703,'SAM',535,,6813,2,,,1,77,,6819,2,,,1,89,,121,2,,,1,99,,6810,2,,,1,100,,6812,2,,,1,57,,6814,2,,,1,100,,6818,2,,,1,101,,6816,2,,,1,100,,6811,2,,,1,100,,6817,2,,,1,100,,6815,2,,,1,142,,6820,2,,,1,100,,6821,2,,,1,59,,6802,2,,,1,100,,6807,2,,,1,99,,6804,2,,,1,100,,6803,2,,,1,101,,6805,2,,,1,100,,6808,2,,,1,142,,6809,2,,,1,120,,6806,2,,,1
1703,'SEM',554,,6839,2,,,1,102,,6841,2,,,1,145,,6840,2,,,1,55,,6825,2,,,1,100,,6838,2,,,1,100,,6837,2,,,1,100,,6843,2,,,1,100,,6826,2,,,1,100,,6823,2,,,1,98,,6842,2,,,1,75,,6845,2,,,1,20,,6844,2,,,1,76,,6822,2,,,1,23,,6833,2,,,1,78,,6824,2,,,1,80,,6827,2,,,1,30,,6830,2,,,1,69,,6835,2,,,1,99,,6836,2,,,1,100,,6828,2,,,1,101,,6829,2,,,1,100,,6831,2,,,1,100,,6832,2,,,1,104,,6834,2,,,1
2201,'DIM',625,,7023,2,,,2,101,,7027,2,,,2,104,,7026,2,,,2,98,,7025,2,,,2,101,,7022,2,,,2,100,,7024,2,,,2,101,,7029,2,,,2,101,,7031,2,,,2,96,,7028,2,,,2,105,,7030,2,,,2,99,,7016,2,,,2,100,,7018,2,,,2,97,,7017,2,,,2,102,,7020,2,,,2,100,,7019,2,,,2,100,,7021,2,,,2
2201,'SAM',625,,7040,2,,,2,101,,7042,2,,,2,104,,7039,2,,,2,98,,7041,2,,,2,102,,7044,2,,,2,100,,7048,2,,,2,101,,7047,2,,,2,100,,7043,2,,,2,96,,7045,2,,,2,102,,7046,2,,,2,102,,7033,2,,,2,101,,7036,2,,,2,96,,7034,2,,,2,102,,7032,2,,,2,100,,7038,2,,,2,100,,7037,2,,,2,100,,7035,2,,,2
2201,'SEM',619,,7064,2,,,2,99,,7052,2,,,2,95,,7050,2,,,2,40,,7049,2,,,2,74,,7066,2,,,2,101,,7051,2,,,2,100,,7065,2,,,2,100,,7067,2,,,2,100,,7054,2,,,2,96,,7055,2,,,2,104,,7053,2,,,2,100,,7059,2,,,2,100,,7057,2,,,2,99,,7056,2,,,2,99,,7058,2,,,2,104,,7062,2,,,2,100,,7060,2,,,2,95,,7061,2,,,2,99,,7063,2,,,2
2703,'DIM',854,,7609,2,,,2,100,,7612,2,,,2,98,,7614,2,,,2,102,,7608,2,,,2,95,,7616,2,,,2,106,,7611,2,,,2,101,,7613,2,,,2,100,,7610,2,,,2,100,,7615,2,,,2,100,,7602,2,,,2,100,,7604,2,,,2,98,,7603,2,,,2,100,,7607,2,,,2,100,,7601,2,,,2,102,,7600,2,,,2,100,,7605,2,,,2,100,,7606,2,,,2
2703,'SAM',654,,7626,2,,,2,100,,7627,2,,,2,100,,7625,2,,,2,100,,7635,2,,,2,100,,7629,2,,,2,100,,7632,2,,,2,94,,7628,2,,,2,107,,7630,2,,,2,102,,7631,2,,,2,99,,7624,2,,,2,94,,7633,2,,,2,106,,7634,2,,,2,100,,7619,2,,,2,98,,7622,2,,,2,100,,7617,2,,,2,100,,7618,2,,,2,102,,7620,2,,,2,100,,7621,2,,,2,100,,7623,2,,,2
2703,'SEM',801,,7653,2,,,2,50,,7638,2,,,2,100,,7644,2,,,2,100,,7637,2,,,2,99,,7655,2,,,2,90,,7652,2,,,2,103,,7656,2,,,2,100,,7641,2,,,2,81,,7639,2,,,2,81,,7654,2,,,2,15,,7636,2,,,2,30,,7643,2,,,2,80,,7640,2,,,2,25,,7651,2,,,2,96,,7647,2,,,2,87,,7650,2,,,2,103,,7646,2,,,2,102,,7642,2,,,2,100,,7645,2,,,2,100,,7648,2,,,2,100,,7649,2,,,2
3103,'DIM',631,,7731,4,,,1,99,,7730,4,,,1,98,,1058,4,,,1,99,,7735,4,,,1,99,,7734,4,,,1,100,,7732,4,,,1,102,,7721,4,,,1,100,,7733,4,,,1,99,,7720,4,,,1,102,,7719,4,,,1,99,,7724,4,,,1,99,,7726,4,,,1,103,,7725,4,,,1,97,,7727,4,,,1,101,,7723,4,,,1,101,,7722,4,,,1,100,,7728,4,,,1,101,,7729,4,,,1
3103,'SAM',631,,7748,4,,,1,99,,7747,4,,,1,98,,1075,4,,,1,99,,7752,4,,,1,99,,7753,4,,,1,100,,7749,4,,,1,100,,7745,4,,,1,101,,7750,4,,,1,100,,7746,4,,,1,102,,7751,4,,,1,100,,7740,4,,,1,99,,7742,4,,,1,100,,7738,4,,,1,100,,7743,4,,,1,100,,7736,4,,,1,101,,7737,4,,,1,100,,7739,4,,,1,102,,7741,4,,,1,95,,7744,4,,,1
3103,'SEM',626,,7775,4,,,1,99,,7773,4,,,1,100,,7774,4,,,1,99,,7754,4,,,1,101,,7755,4,,,1,100,,7757,4,,,1,100,,7776,4,,,1,100,,7756,4,,,1,100,,7761,4,,,1,98,,7762,4,,,1,11,,7763,4,,,1,76,,7758,4,,,1,30,,7767,4,,,1,80,,7764,4,,,1,30,,7760,4,,,1,76,,7772,4,,,1,30,,7759,4,,,1,76,,7771,4,,,1,100,,7765,4,,,1,101,,7768,4,,,1,101,,7769,4,,,1,98,,7766,4,,,1,114,,7770,4,,,1
4303,'DIM',631,,8647,2,,,1,100,,8649,2,,,1,100,,8653,2,,,1,100,,8651,2,,,1,105,,8652,2,,,1,101,,8650,2,,,1,100,,8656,2,,,1,99,,8654,2,,,1,103,,8655,2,,,1,97,,8637,2,,,1,100,,8638,2,,,1,104,,8640,2,,,1,92,,8643,2,,,1,99,,8642,2,,,1,100,,8639,2,,,1,100,,8641,2,,,1,100,,8648,2,,,1,100,,8644,2,,,1,100,,8646,2,,,1,100,,8645,2,,,1
4303,'SAM',631,,8668,2,,,1,100,,8658,2,,,1,100,,8673,2,,,1,100,,8659,2,,,1,105,,8660,2,,,1,101,,8671,2,,,1,100,,8669,2,,,1,99,,8674,2,,,1,102,,8670,2,,,1,101,,8672,2,,,1,99,,8657,2,,,1,98,,8675,2,,,1,96,,8664,2,,,1,99,,8661,2,,,1,100,,2041,2,,,1,100,,8662,2,,,1,100,,8663,2,,,1,100,,8667,2,,,1,100,,8665,2,,,1,100,,8666,2,,,1
4303,'SEM',631,,8697,2,,,1,100,,8698,2,,,1,81,,8679,2,,,1,104,,8699,2,,,1,31,,8678,2,,,1,69,,8695,2,,,1,30,,8685,2,,,1,70,,8681,2,,,1,30,,8701,2,,,1,70,,8700,2,,,1,30,,8696,2,,,1,72,,8682,2,,,1,28,,8683,2,,,1,70,,8687,2,,,1,30,,8702,2,,,1,70,,8677,2,,,1,25,,8684,2,,,1,70,,8680,2,,,1,19,,8703,2,,,1,76,,8686,2,,,1,31,,8676,2,,,1,71,,8692,2,,,1,102,,8693,2,,,1,101,,8694,2,,,1,101,,8688,2,,,1,101,,8689,2,,,1,110,,8690,2,,,1,106,,8691,2,,,1
4803,'DIM',701,,9047,2,,,1,102,,9051,2,,,1,102,,9055,2,,,1,99,,9038,2,,,1,102,,9048,2,,,1,101,,9049,2,,,1,95,,9054,2,,,1,105,,9050,2,,,1,99,,9052,2,,,1,100,,9039,2,,,1,100,,9053,2,,,1,100,,9041,2,,,1,95,,9045,2,,,1,100,,9044,2,,,1,101,,9043,2,,,1,99,,2438,2,,,1,100,,9040,2,,,1,35,,9042,2,,,1,121,,9046,2,,,1
4803,'SAM',601,,2450,2,,,1,100,,9067,2,,,1,101,,9070,2,,,1,103,,9074,2,,,1,99,,9065,2,,,1,101,,9073,2,,,1,101,,9068,2,,,1,94,,9071,2,,,1,106,,9069,2,,,1,100,,9066,2,,,1,100,,9072,2,,,1,100,,9059,2,,,1,100,,9061,2,,,1,95,,9057,2,,,1,100,,9056,2,,,1,99,,9058,2,,,1,101,,9063,2,,,1,100,,9064,2,,,1,35,,9060,2,,,1,121,,9062,2,,,1
4803,'SEM',556,,9096,2,,,1,60,,9098,2,,,1,37,,9087,2,,,1,73,,9099,2,,,1,30,,9102,2,,,1,64,,9083,2,,,1,80,,9082,2,,,1,30,,9077,2,,,1,95,,9084,2,,,1,100,,9079,2,,,1,100,,9078,2,,,1,100,,9100,2,,,1,80,,9075,2,,,1,101,,9080,2,,,1,35,,9097,2,,,1,64,,9076,2,,,1,30,,9101,2,,,1,70,,9088,2,,,1,30,,9081,2,,,1,70,,9089,2,,,1,95,,9094,2,,,1,100,,9085,2,,,1,100,,9086,2,,,1,100,,9090,2,,,1,100,,9092,2,,,1,59,,9091,2,,,1,91,,9093,2,,,1,73,,9095,2,,,1
5801,'DIM',521,,9661,2,,,2,100,,9643,2,,,2,90,,9652,2,,,2,98,,9655,2,,,2,99,,9658,2,,,2,100,,9651,2,,,2,102,,9660,2,,,2,98,,9657,2,,,2,103,,9654,2,,,2,99,,9656,2,,,2,102,,9653,2,,,2,99,,9646,2,,,2,101,,9659,2,,,2,99,,9642,2,,,2,99,,9650,2,,,2,99,,9645,2,,,2,101,,9644,2,,,2,100,,9648,2,,,2,100,,9647,2,,,2,110,,9649,2,,,2
5801,'SAM',521,,9681,2,,,2,100,,9673,2,,,2,90,,9672,2,,,2,98,,9677,2,,,2,100,,9675,2,,,2,99,,9678,2,,,2,102,,9680,2,,,2,98,,9662,2,,,2,101,,9671,2,,,2,101,,9676,2,,,2,101,,9674,2,,,2,101,,9679,2,,,2,100,,9665,2,,,2,100,,9669,2,,,2,98,,9663,2,,,2,99,,9670,2,,,2,101,,9666,2,,,2,100,,9668,2,,,2,100,,9664,2,,,2,110,,9667,2,,,2
5801,'SEM',511,,9695,2,,,2,28,,9692,2,,,2,82,,9705,2,,,2,82,,9693,2,,,2,45,,9699,2,,,2,85,,9686,2,,,2,99,,9706,2,,,2,100,,9682,2,,,2,100,,9687,2,,,2,100,,9704,2,,,2,100,,9683,2,,,2,86,,9694,2,,,2,31,,9684,2,,,2,72,,9707,2,,,2,28,,9689,2,,,2,75,,9691,2,,,2,28,,9690,2,,,2,68,,9685,2,,,2,29,,9703,2,,,2,70,,9688,2,,,2,30,,9701,2,,,2,100,,9702,2,,,2,100,,9697,2,,,2,100,,9696,2,,,2,100,,9698,2,,,2,100,,9700,2,,,2
6002,'DIM',651,,9823,2,,,1,99,,9832,2,,,1,99,,9830,2,,,1,100,,9831,2,,,1,100,,9833,2,,,1,100,,9836,2,,,1,100,,9834,2,,,1,100,,9837,2,,,1,100,,9835,2,,,1,99,,9838,2,,,1,99,,9839,2,,,1,101,,9825,2,,,1,101,,9827,2,,,1,101,,9826,2,,,1,101,,9828,2,,,1,100,,9822,2,,,1,100,,9824,2,,,1,100,,9829,2,,,1
6002,'SAM',651,,9851,2,,,1,99,,9842,2,,,1,99,,9854,2,,,1,100,,9856,2,,,1,100,,9852,2,,,1,100,,9855,2,,,1,100,,9853,2,,,1,100,,9841,2,,,1,100,,9857,2,,,1,99,,9840,2,,,1,99,,9844,2,,,1,103,,9849,2,,,1,99,,9845,2,,,1,101,,9846,2,,,1,101,,9850,2,,,1,100,,9843,2,,,1,100,,9847,2,,,1,100,,9848,2,,,1
6002,'SEM',621,,9875,2,,,1,100,,9873,2,,,1,100,,9859,2,,,1,99,,9876,2,,,1,100,,9874,2,,,1,101,,9864,2,,,1,100,,9858,2,,,1,99,,9860,2,,,1,101,,9872,2,,,1,98,,9861,2,,,1,101,,9866,2,,,1,107,,9863,2,,,1,94,,9869,2,,,1,101,,9867,2,,,1,99,,9862,2,,,1,100,,9865,2,,,1,100,,9868,2,,,1,90,,9871,2,,,1,100,,9870,2,,,1
7002,'DIM',655,,10489,2,,,1,101,,10496,2,,,1,100,,3943,2,,,1,100,,10492,2,,,1,68,,10493,2,,,1,33,,10495,2,,,1,69,,10485,2,,,1,25,,10494,2,,,1,75,,10491,2,,,1,25,,10500,2,,,1,79,,10498,2,,,1,27,,10501,2,,,1,76,,10483,2,,,1,25,,10497,2,,,1,71,,10503,2,,,1,23,,10499,2,,,1,78,,10502,2,,,1,28,,10487,2,,,1,76,,10505,2,,,1,74,,3946,2,,,1,97,,10504,2,,,1,95,,10482,2,,,1,55,,10484,2,,,1,101,,10488,2,,,1,100,,10486,2,,,1,103,,10490,2,,,1
7002,'SAM',654,,10532,2,,,1,102,,10512,2,,,1,100,,10520,2,,,1,100,,10519,2,,,1,65,,10528,2,,,1,36,,10533,2,,,1,69,,10530,2,,,1,24,,10524,2,,,1,75,,10523,2,,,1,26,,10522,2,,,1,79,,10525,2,,,1,75,,10521,2,,,1,27,,10531,2,,,1,25,,10529,2,,,1,68,,10527,2,,,1,26,,10526,2,,,1,79,,10515,2,,,1,29,,10511,2,,,1,76,,10513,2,,,1,74,,10508,2,,,1,96,,10517,2,,,1,95,,10509,2,,,1,56,,10510,2,,,1,100,,10516,2,,,1,100,,10514,2,,,1,103,,10518,2,,,1
7002,'SEM',528,,10541,2,,,1,96,,10561,2,,,1,26,,10562,2,,,1,73,,10540,2,,,1,36,,10543,2,,,1,67,,10545,2,,,1,30,,10560,2,,,1,70,,10538,2,,,1,30,,10567,2,,,1,70,,10546,2,,,1,27,,10568,2,,,1,73,,10563,2,,,1,26,,10565,2,,,1,74,,10564,2,,,1,29,,10539,2,,,1,70,,10566,2,,,1,24,,10559,2,,,1,76,,10544,2,,,1,31,,10547,2,,,1,70,,10542,2,,,1,30,,10536,2,,,1,73,,10537,2,,,1,28,,10550,2,,,1,73,,10551,2,,,1,26,,10555,2,,,1,73,,10554,2,,,1,91,,10552,2,,,1,83,,10556,2,,,1,54,,10548,2,,,1,152,,10553,2,,,1,106,,10549,2,,,1,100,,10558,2,,,1,105,,10557,2,,,1
7303,'DIM',646,,10582,2,,,1,99,,10579,2,,,1,99,,10580,2,,,1,98,,10583,2,,,1,100,,10586,2,,,1,100,,10581,2,,,1,100,,10584,2,,,1,101,,10578,2,,,1,99,,10585,2,,,1,102,,10587,2,,,1,99,,10572,2,,,1,100,,10569,2,,,1,101,,10575,2,,,1,99,,10571,2,,,1,100,,10570,2,,,1,101,,10573,2,,,1,100,,10574,2,,,1,102,,10577,2,,,1,105,,10576,2,,,1
7303,'SAM',553,,10601,2,,,1,93,,10598,2,,,1,99,,10597,2,,,1,99,,10602,2,,,1,98,,10604,2,,,1,101,,10600,2,,,1,99,,10591,2,,,1,100,,10603,2,,,1,101,,10599,2,,,1,99,,10605,2,,,1,102,,10606,2,,,1,101,,10590,2,,,1,99,,10588,2,,,1,99,,10589,2,,,1,100,,10593,2,,,1,100,,10592,2,,,1,101,,4040,2,,,1,100,,10594,2,,,1,102,,4041,2,,,1,105,,10595,2,,,1,100,,4042,2,,,1,100,,10596,2,,,1
7303,'SEM',539,,10643,2,,,1,66,,10640,2,,,1,38,,10639,2,,,1,10,,10644,2,,,1,78,,10633,2,,,1,15,,10609,2,,,1,83,,10641,2,,,1,12,,10608,2,,,1,70,,10626,2,,,1,31,,10642,2,,,1,69,,10610,2,,,1,31,,10615,2,,,1,69,,10625,2,,,1,31,,10616,2,,,1,69,,10645,2,,,1,30,,10611,2,,,1,70,,10614,2,,,1,30,,10620,2,,,1,70,,10607,2,,,1,30,,10617,2,,,1,75,,10646,2,,,1,24,,10627,2,,,1,15,,10619,2,,,1,61,,10612,2,,,1,16,,10613,2,,,1,23,,10623,2,,,1,57,,10621,2,,,1,30,,10634,2,,,1,16,,10622,2,,,1,56,,10618,2,,,1,33,,10628,2,,,1,70,,10631,2,,,1,32,,10624,2,,,1,100,,10636,2,,,1,100,,10629,2,,,1,100,,10635,2,,,1,100,,10630,2,,,1,81,,10632,2,,,1,95,,10637,2,,,1,121,,10638,2,,,1
7401,'DIM',716,,10736,2,,,2,98,,10737,2,,,2,101,,10740,2,,,2,97,,10739,2,,,2,101,,10741,2,,,2,100,,10738,2,,,2,100,,10735,2,,,2,99,,10734,2,,,2,102,,10742,2,,,2,99,,10728,2,,,2,102,,10729,2,,,2,99,,10731,2,,,2,100,,10732,2,,,2,99,,10733,2,,,2,101,,10727,2,,,2,100,,10726,2,,,2,101,,10730,2,,,2
7401,'SAM',716,,10751,2,,,2,98,,10753,2,,,2,101,,10752,2,,,2,98,,10755,2,,,2,100,,10757,2,,,2,100,,10759,2,,,2,101,,10754,2,,,2,98,,10758,2,,,2,101,,10756,2,,,2,100,,10743,2,,,2,101,,10746,2,,,2,101,,10748,2,,,2,100,,10747,2,,,2,98,,10749,2,,,2,101,,10744,2,,,2,100,,10750,2,,,2,101,,10745,2,,,2
7401,'SEM',618,,10776,2,,,2,95,,10760,2,,,2,100,,10775,2,,,2,103,,10764,2,,,2,101,,10765,2,,,2,101,,10779,2,,,2,98,,10763,2,,,2,101,,10778,2,,,2,100,,10777,2,,,2,93,,10762,2,,,2,93,,10766,2,,,2,101,,10761,2,,,2,30,,10768,2,,,2,85,,10774,2,,,2,101,,10767,2,,,2,101,,10770,2,,,2,100,,10771,2,,,2,100,,10769,2,,,2,100,,10772,2,,,2,95,,10773,2,,,2
22201,'DIM',1357,,11475,2,,,2,854,,11473,2,,,2,43,,11474,2,,,2
22201,'SAM',1357,,11480,2,,,2,854,,11476,2,,,2,43,,11477,2,,,2,100,,11479,2,,,2,152,,11478,2,,,2
22201,'SEM',658,,11481,2,,,2,50,,11482,2,,,2,643,,11483,2,,,2,100,,11484,2,,,2,106,,11488,2,,,2,100,,11486,2,,,2,90,,11485,2,,,2,666,,11487,2,,,2
32201,'DIM',506,,11591,3,,,2,799,,11593,2,,,2,802,,11592,2,,,2
32201,'SAM',506,,11594,3,,,2,799,,11595,2,,,2
32201,'SEM',507,,11596,3,,,2,19,,11597,3,,,2,27,,11598,3,,,2,754,,11599,2,,,2,800,,11600,2,,,2
33503,'DIM',2634,,11604,2,,,2
33503,'SAM',2634,,11605,2,,,2
33503,'SEM',2636,,11606,2,,,2
34503,'SEM',432,,11610,4,,,1,100,,11611,4,,,1
