1703,'DIM',624,,6801,22,,,1,89,,6794,22,,,1,100,,100,22,,,1,101,,6796,22,,,1,97,,6797,22,,,1,101,,6793,22,,,1,100,,6799,22,,,1,99,,6795,22,,,1,102,,6798,22,,,1,100,,6800,22,,,1,102,,6783,22,,,1,98,,6787,22,,,1,99,,6786,22,,,1,101,,6785,22,,,1,98,,6788,22,,,1,99,,6791,22,,,1,101,,6784,22,,,1,100,,6789,22,,,1,102,,6790,22,,,1,119,,6792,22,,,1
1703,'SAM',546,,6813,22,,,1,78,,6819,22,,,1,89,,121,22,,,1,100,,6810,22,,,1,101,,6812,22,,,1,97,,6814,22,,,1,100,,6818,22,,,1,101,,6816,22,,,1,100,,6811,22,,,1,101,,6817,22,,,1,100,,6815,22,,,1,102,,6820,22,,,1,99,,6821,22,,,1,99,,6802,22,,,1,100,,6807,22,,,1,98,,6804,22,,,1,99,,6803,22,,,1,101,,6805,22,,,1,100,,6808,22,,,1,102,,6809,22,,,1,119,,6806,22,,,1
1703,'SEM',606,,6839,22,,,1,103,,6841,22,,,1,105,,6840,22,,,1,96,,6825,22,,,1,101,,6838,22,,,1,100,,6837,22,,,1,100,,6843,22,,,1,101,,6826,22,,,1,100,,6823,22,,,1,98,,6842,22,,,1,35,,6845,22,,,1,60,,6844,22,,,1,36,,6822,22,,,1,63,,6833,22,,,1,38,,6824,22,,,1,79,,6827,22,,,1,30,,6830,22,,,1,68,,6835,22,,,1,99,,6836,22,,,1,100,,6828,22,,,1,100,,6829,22,,,1,100,,6831,22,,,1,99,,6832,22,,,1,103,,6834,22,,,1
3103,'DIM',643,,7731,24,,,1,100,,7730,24,,,1,99,,1058,24,,,1,99,,7735,24,,,1,99,,7734,24,,,1,100,,7732,24,,,1,102,,7721,24,,,1,101,,7733,24,,,1,99,,7720,24,,,1,102,,7719,24,,,1,99,,7724,24,,,1,98,,7726,24,,,1,103,,7725,24,,,1,96,,7727,24,,,1,101,,7723,24,,,1,100,,7722,24,,,1,100,,7728,24,,,1,101,,7729,24,,,1
3103,'SAM',643,,7748,24,,,1,100,,7747,24,,,1,99,,1075,24,,,1,99,,7752,24,,,1,99,,7753,24,,,1,100,,7749,24,,,1,100,,7745,24,,,1,102,,7750,24,,,1,100,,7746,24,,,1,102,,7751,24,,,1,100,,7740,24,,,1,98,,7742,24,,,1,100,,7738,24,,,1,99,,7743,24,,,1,100,,7736,24,,,1,100,,7737,24,,,1,100,,7739,24,,,1,102,,7741,24,,,1,95,,7744,24,,,1
3103,'SEM',639,,7775,24,,,1,99,,7773,24,,,1,100,,7774,24,,,1,101,,7754,24,,,1,101,,7755,24,,,1,100,,7757,24,,,1,100,,7776,24,,,1,100,,7756,24,,,1,101,,7761,24,,,1,98,,7762,24,,,1,11,,7763,24,,,1,76,,7758,24,,,1,30,,7767,24,,,1,80,,7764,24,,,1,69,,7760,24,,,1,36,,7772,24,,,1,69,,7759,24,,,1,36,,7771,24,,,1,100,,7765,24,,,1,101,,7768,24,,,1,100,,7769,24,,,1,97,,7766,24,,,1,114,,7770,24,,,1
7303,'DIM',658,,10582,22,,,1,100,,10579,22,,,1,100,,10580,22,,,1,98,,10583,22,,,1,100,,10586,22,,,1,100,,10581,22,,,1,100,,10584,22,,,1,102,,10578,22,,,1,99,,10585,22,,,1,102,,10587,22,,,1,99,,10572,22,,,1,99,,10569,22,,,1,101,,10575,22,,,1,98,,10571,22,,,1,100,,10570,22,,,1,100,,10573,22,,,1,100,,10574,22,,,1,102,,10577,22,,,1,145,,10576,22,,,1
7303,'SAM',604,,10601,22,,,1,54,,10598,22,,,1,100,,10597,22,,,1,100,,10602,22,,,1,98,,10604,22,,,1,101,,10600,22,,,1,99,,10591,22,,,1,100,,10603,22,,,1,102,,10599,22,,,1,99,,10605,22,,,1,102,,10606,22,,,1,141,,10590,22,,,1,58,,10588,22,,,1,99,,10589,22,,,1,99,,10593,22,,,1,100,,10592,22,,,1,100,,4040,22,,,1,100,,10594,22,,,1,102,,4041,22,,,1,145,,10595,22,,,1,100,,4042,22,,,1,100,,10596,22,,,1
7303,'SEM',551,,10643,22,,,1,66,,10640,22,,,1,39,,10639,22,,,1,50,,10644,22,,,1,39,,10633,22,,,1,56,,10609,22,,,1,43,,10641,22,,,1,12,,10608,22,,,1,70,,10626,22,,,1,31,,10642,22,,,1,69,,10610,22,,,1,31,,10615,22,,,1,69,,10625,22,,,1,32,,10616,22,,,1,69,,10645,22,,,1,30,,10611,22,,,1,70,,10614,22,,,1,30,,10620,22,,,1,70,,10607,22,,,1,30,,10617,22,,,1,75,,10646,22,,,1,24,,10627,22,,,1,55,,10619,22,,,1,21,,10612,22,,,1,16,,10613,22,,,1,63,,10623,22,,,1,17,,10621,22,,,1,30,,10634,22,,,1,55,,10622,22,,,1,16,,10618,22,,,1,72,,10628,22,,,1,30,,10631,22,,,1,72,,10624,22,,,1,99,,10636,22,,,1,100,,10629,22,,,1,99,,10635,22,,,1,100,,10630,22,,,1,41,,10632,22,,,1,95,,10637,22,,,1,121,,10638,22,,,1
7401,'DIM',728,,10736,22,,,2,99,,10737,22,,,2,102,,10740,22,,,2,97,,10739,22,,,2,101,,10741,22,,,2,100,,10738,22,,,2,101,,10735,22,,,2,99,,10734,22,,,2,102,,10742,22,,,2,99,,10728,22,,,2,102,,10729,22,,,2,99,,10731,22,,,2,98,,10732,22,,,2,99,,10733,22,,,2,101,,10727,22,,,2,99,,10726,22,,,2,101,,10730,22,,,2
7401,'SAM',728,,10751,22,,,2,99,,10753,22,,,2,102,,10752,22,,,2,98,,10755,22,,,2,100,,10757,22,,,2,100,,10759,22,,,2,102,,10754,22,,,2,98,,10758,22,,,2,101,,10756,22,,,2,100,,10743,22,,,2,101,,10746,22,,,2,101,,10748,22,,,2,98,,10747,22,,,2,98,,10749,22,,,2,101,,10744,22,,,2,99,,10750,22,,,2,101,,10745,22,,,2
7401,'SEM',631,,10776,22,,,2,95,,10760,22,,,2,101,,10775,22,,,2,103,,10764,22,,,2,101,,10765,22,,,2,101,,10779,22,,,2,99,,10763,22,,,2,101,,10778,22,,,2,100,,10777,22,,,2,93,,10762,22,,,2,94,,10766,22,,,2,101,,10761,22,,,2,30,,10768,22,,,2,84,,10774,22,,,2,99,,10767,22,,,2,101,,10770,22,,,2,100,,10771,22,,,2,99,,10769,22,,,2,100,,10772,22,,,2,95,,10773,22,,,2
