2602,'DIM',627,,777,9,,,2,23,,7474,9,,,2,67,,7468,9,,,2,30,,7470,9,,,2,70,,794,9,,,2,32,,7481,9,,,2,69,,7475,9,,,2,30,,7469,9,,,2,66,,7478,9,,,2,24,,7471,9,,,2,20,,7482,9,,,2,60,,7464,9,,,2,19,,7484,9,,,2,20,,7477,9,,,2,59,,7486,9,,,2,21,,7446,9,,,2,19,,7479,9,,,2,62,,7467,9,,,2,19,,7472,9,,,2,21,,7473,9,,,2,62,,7447,9,,,2,18,,7448,9,,,2,20,,7465,9,,,2,60,,7466,9,,,2,19,,7445,9,,,2,21,,7480,9,,,2,60,,7483,9,,,2,20,,7476,9,,,2,62,,7456,9,,,2,42,,7461,9,,,2,70,,7457,9,,,2,30,,780,9,,,2,70,,7485,9,,,2,30,,7487,9,,,2,70,,7453,9,,,2,29,,7449,9,,,2,70,,7460,9,,,2,30,,7450,9,,,2,71,,7451,9,,,2,29,,7459,9,,,2,69,,7455,9,,,2,28,,7452,9,,,2,71,,7454,9,,,2,30,,7458,9,,,2,85,,7462,9,,,2,78,,7463,9,,,2
2602,'SAM',627,,832,9,,,2,23,,7521,9,,,2,67,,7518,9,,,2,30,,7523,9,,,2,70,,7519,9,,,2,31,,7526,9,,,2,70,,7524,9,,,2,30,,7532,9,,,2,65,,7517,9,,,2,25,,7528,9,,,2,20,,7514,9,,,2,60,,7533,9,,,2,19,,7530,9,,,2,20,,7492,9,,,2,59,,7527,9,,,2,21,,7522,9,,,2,20,,7513,9,,,2,61,,7515,9,,,2,21,,7516,9,,,2,19,,7489,9,,,2,62,,7491,9,,,2,18,,7493,9,,,2,20,,7525,9,,,2,62,,7531,9,,,2,16,,7520,9,,,2,21,,7494,9,,,2,61,,7529,9,,,2,20,,7498,9,,,2,62,,7503,9,,,2,42,,7506,9,,,2,70,,7509,9,,,2,30,,7512,9,,,2,71,,7507,9,,,2,29,,7490,9,,,2,70,,7497,9,,,2,29,,7496,9,,,2,70,,7504,9,,,2,30,,7499,9,,,2,70,,7500,9,,,2,30,,7510,9,,,2,69,,7495,9,,,2,28,,7501,9,,,2,71,,7502,9,,,2,30,,7511,9,,,2,85,,7508,9,,,2,78,,7505,9,,,2
2602,'SEM',510,,7577,9,,,2,22,,7592,9,,,2,74,,7563,9,,,2,20,,7535,9,,,2,17,,7564,9,,,2,15,,7579,9,,,2,50,,7581,9,,,2,20,,7589,9,,,2,14,,7594,9,,,2,14,,7543,9,,,2,58,,7585,9,,,2,14,,7537,9,,,2,9,,7545,9,,,2,19,,7597,9,,,2,55,,7539,9,,,2,20,,7580,9,,,2,20,,7536,9,,,2,61,,7593,9,,,2,21,,7588,9,,,2,19,,7541,9,,,2,60,,7590,9,,,2,19,,7544,9,,,2,18,,7596,9,,,2,64,,7582,9,,,2,22,,7584,9,,,2,15,,7591,9,,,2,65,,7586,9,,,2,19,,7598,9,,,2,14,,7538,9,,,2,52,,7583,9,,,2,27,,7540,9,,,2,22,,7587,9,,,2,57,,7595,9,,,2,23,,7542,9,,,2,21,,7554,9,,,2,57,,7556,9,,,2,12,,7562,9,,,2,12,,7547,9,,,2,13,,7565,9,,,2,10,,7567,9,,,2,51,,7551,9,,,2,10,,7569,9,,,2,10,,7553,9,,,2,7,,7546,9,,,2,14,,7575,9,,,2,12,,7576,9,,,2,54,,7548,9,,,2,15,,7561,9,,,2,20,,7568,9,,,2,61,,7549,9,,,2,19,,7550,9,,,2,24,,7566,9,,,2,60,,7573,9,,,2,16,,7578,9,,,2,30,,7557,9,,,2,70,,7552,9,,,2,74,,7559,9,,,2,26,,7555,9,,,2,29,,7558,9,,,2,66,,7571,9,,,2,25,,7560,9,,,2,80,,7570,9,,,2,29,,7572,9,,,2,80,,7574,9,,,2
3602,'SEM',1517,,7943,9,,,2,23,,7944,9,,,2,72,,7937,9,,,2,24,,7942,9,,,2,73,,7938,9,,,2,31,,7939,9,,,2,65,,7940,9,,,2,29,,7941,9,,,2
4603,'DIM',641,,8907,9,,,1,105,,8908,9,,,1,105,,8900,9,,,1,101,,8912,9,,,1,97,,8909,9,,,1,103,,8914,9,,,1,100,,8915,9,,,1,101,,8906,9,,,1,101,,8910,9,,,1,99,,8897,9,,,1,100,,8913,9,,,1,100,,8911,9,,,1,99,,8899,9,,,1,100,,8916,9,,,1,100,,8903,9,,,1,100,,8898,9,,,1,100,,8901,9,,,1,99,,8902,9,,,1,99,,8904,9,,,1,150,,8905,9,,,1
4603,'SAM',641,,8929,9,,,1,105,,8930,9,,,1,105,,8934,9,,,1,101,,8933,9,,,1,97,,8932,9,,,1,103,,8928,9,,,1,99,,8935,9,,,1,97,,8917,9,,,1,106,,8918,9,,,1,105,,8931,9,,,1,94,,8936,9,,,1,100,,8920,9,,,1,99,,8921,9,,,1,100,,8925,9,,,1,100,,8922,9,,,1,100,,8926,9,,,1,100,,8919,9,,,1,99,,8924,9,,,1,99,,8927,9,,,1,151,,8923,9,,,1
4603,'SEM',652,,8960,9,,,1,97,,8963,9,,,1,73,,8957,9,,,1,33,,8956,9,,,1,67,,8941,9,,,1,30,,8961,9,,,1,70,,8938,9,,,1,30,,8958,9,,,1,70,,8959,9,,,1,30,,8937,9,,,1,70,,8967,9,,,1,28,,8942,9,,,1,72,,8964,9,,,1,30,,8966,9,,,1,70,,8945,9,,,1,35,,8962,9,,,1,65,,8965,9,,,1,31,,8944,9,,,1,71,,8939,9,,,1,24,,8943,9,,,1,70,,8940,9,,,1,35,,8951,9,,,1,64,,8948,9,,,1,35,,8955,9,,,1,60,,8952,9,,,1,35,,8950,9,,,1,100,,8947,9,,,1,101,,8946,9,,,1,103,,8954,9,,,1,100,,8949,9,,,1,150,,8953,9,,,1
6001,'DIM',742,,9768,5,,,1,101,,9776,5,,,1,100,,9774,5,,,1,103,,9775,5,,,1,100,,9777,5,,,1,101,,9780,5,,,1,101,,9778,5,,,1,101,,9781,5,,,1,101,,9779,5,,,1,102,,9782,5,,,1,93,,9783,5,,,1,101,,9770,5,,,1,99,,9772,5,,,1,99,,9771,5,,,1,99,,9773,5,,,1,99,,9767,5,,,1,100,,9769,5,,,1
6001,'SAM',641,,9790,5,,,1,101,,9795,5,,,1,101,,9786,5,,,1,100,,9798,5,,,1,102,,9800,5,,,1,101,,9796,5,,,1,101,,9799,5,,,1,101,,9797,5,,,1,101,,9785,5,,,1,101,,9801,5,,,1,102,,9784,5,,,1,93,,9788,5,,,1,102,,9793,5,,,1,98,,9789,5,,,1,99,,9791,5,,,1,99,,9794,5,,,1,99,,9787,5,,,1,100,,9792,5,,,1
6001,'SEM',526,,9816,5,,,1,100,,9802,5,,,1,85,,9820,5,,,1,36,,9814,5,,,1,75,,9818,5,,,1,100,,9804,5,,,1,100,,9821,5,,,1,100,,9819,5,,,1,103,,9805,5,,,1,100,,9803,5,,,1,100,,9815,5,,,1,101,,9817,5,,,1,99,,9806,5,,,1,104,,9810,5,,,1,100,,9808,5,,,1,90,,9813,5,,,1,99,,9811,5,,,1,100,,9807,5,,,1,100,,9809,5,,,1,95,,9812,5,,,1
6602,'DIM',710,,10356,14,,,1,104,,10351,14,,,1,101,,10354,14,,,1,100,,10359,14,,,1,100,,10358,14,,,1,101,,10352,14,,,1,100,,10350,14,,,1,133,,10353,14,,,1,99,,10355,14,,,1,70,,10357,14,,,1,31,,10345,14,,,1,70,,10346,14,,,1,30,,10344,14,,,1,69,,10348,14,,,1,101,,10349,14,,,1,100,,10347,14,,,1,99,,10342,14,,,1,98,,10343,14,,,1
6602,'SAM',710,,10371,14,,,1,104,,10369,14,,,1,101,,10363,14,,,1,100,,10360,14,,,1,100,,10375,14,,,1,101,,10376,14,,,1,100,,10374,14,,,1,133,,10377,14,,,1,99,,10365,14,,,1,70,,10361,14,,,1,31,,10367,14,,,1,71,,10368,14,,,1,29,,10366,14,,,1,74,,10370,14,,,1,97,,10362,14,,,1,99,,10364,14,,,1,99,,10373,14,,,1,98,,10372,14,,,1
6602,'SEM',650,,10379,14,,,1,103,,10393,14,,,1,104,,10391,14,,,1,145,,10390,14,,,1,101,,10380,14,,,1,101,,10378,14,,,1,99,,10392,14,,,1,102,,10381,14,,,1,28,,5375,14,,,1,91,,10386,14,,,1,102,,10387,14,,,1,101,,10389,14,,,1,96,,10382,14,,,1,103,,10383,14,,,1,99,,10384,14,,,1,97,,10388,14,,,1,80,,10385,14,,,1
