4504,'DIM',632,,8845,46,,,1,100,,8838,46,,,1,100,,8846,46,,,1,101,,8848,46,,,1,100,,8852,46,,,1,97,,8853,46,,,1,102,,8849,46,,,1,98,,8844,46,,,1,108,,8842,46,,,1,98,,8836,46,,,1,100,,8851,46,,,1,96,,8847,46,,,1,101,,8850,46,,,1,102,,8837,46,,,1,100,,8843,46,,,1,101,,8839,46,,,1,100,,8840,46,,,1,99,,8841,46,,,1
4504,'SAM',632,,2249,46,,,1,100,,8867,46,,,1,100,,8864,46,,,1,101,,8868,46,,,1,100,,8866,46,,,1,101,,8855,46,,,1,97,,8865,46,,,1,102,,8854,46,,,1,104,,8860,46,,,1,101,,8869,46,,,1,98,,8857,46,,,1,96,,8870,46,,,1,101,,8858,46,,,1,102,,8862,46,,,1,100,,8856,46,,,1,101,,8861,46,,,1,100,,8859,46,,,1,99,,8863,46,,,1
4504,'SEM',550,,8890,46,,,1,55,,8891,46,,,1,43,,8896,46,,,1,85,,8876,46,,,1,19,,8874,46,,,1,58,,8872,46,,,1,16,,8889,46,,,1,90,,8875,46,,,1,106,,8893,46,,,1,112,,8888,46,,,1,96,,8878,46,,,1,94,,8877,46,,,1,100,,8894,46,,,1,83,,8873,46,,,1,25,,8871,46,,,1,72,,8892,46,,,1,30,,8895,46,,,1,78,,8880,46,,,1,35,,8883,46,,,1,81,,8884,46,,,1,102,,8882,46,,,1,104,,8881,46,,,1,102,,8885,46,,,1,90,,8887,46,,,1,99,,8879,46,,,1,95,,8886,46,,,1
5002,'DIM',620,,9269,37,,,1,100,,2653,37,,,1,102,,9252,37,,,1,97,,9267,37,,,1,107,,9260,37,,,1,25,,9270,37,,,1,77,,9262,37,,,1,24,,9274,37,,,1,79,,9272,37,,,1,22,,9273,37,,,1,75,,9275,37,,,1,29,,9261,37,,,1,73,,9263,37,,,1,76,,9276,37,,,1,29,,9265,37,,,1,74,,9264,37,,,1,30,,9271,37,,,1,66,,9268,37,,,1,31,,9266,37,,,1,99,,9254,37,,,1,99,,9256,37,,,1,99,,9259,37,,,1,99,,9253,37,,,1,97,,9257,37,,,1,98,,9255,37,,,1,98,,9258,37,,,1
5002,'SAM',620,,9284,37,,,1,100,,9287,37,,,1,102,,9278,37,,,1,100,,9299,37,,,1,104,,9298,37,,,1,25,,9297,37,,,1,76,,9295,37,,,1,25,,9279,37,,,1,79,,9302,37,,,1,22,,9301,37,,,1,75,,9280,37,,,1,29,,9291,37,,,1,73,,9293,37,,,1,76,,9296,37,,,1,29,,9292,37,,,1,74,,9294,37,,,1,30,,9282,37,,,1,66,,9283,37,,,1,31,,9277,37,,,1,99,,9300,37,,,1,99,,9288,37,,,1,99,,9290,37,,,1,99,,9289,37,,,1,97,,9285,37,,,1,98,,9281,37,,,1,98,,9286,37,,,1
5002,'SEM',509,,9309,37,,,1,36,,9332,37,,,1,71,,9328,37,,,1,30,,9303,37,,,1,77,,9336,37,,,1,32,,9329,37,,,1,63,,9304,37,,,1,35,,9322,37,,,1,66,,9307,37,,,1,31,,9334,37,,,1,66,,9335,37,,,1,33,,9331,37,,,1,68,,9306,37,,,1,33,,9310,37,,,1,68,,9330,37,,,1,32,,9318,37,,,1,72,,9333,37,,,1,30,,9311,37,,,1,70,,9314,37,,,1,82,,9305,37,,,1,26,,9315,37,,,1,77,,9308,37,,,1,33,,9323,37,,,1,70,,9312,37,,,1,29,,9313,37,,,1,69,,9321,37,,,1,29,,9316,37,,,1,70,,9320,37,,,1,104,,9324,37,,,1,104,,9319,37,,,1,101,,9317,37,,,1,110,,9326,37,,,1,103,,9325,37,,,1,97,,9327,37,,,1
5602,'DIM',805,,9578,6,,,2,30,,9584,6,,,2,70,,9580,6,,,2,30,,9585,6,,,2,70,,9583,6,,,2,29,,9582,6,,,2,70,,9575,6,,,2,37,,9579,6,,,2,63,,9581,6,,,2,30,,9576,6,,,2,71,,9586,6,,,2,30,,9577,6,,,2,70,,9562,6,,,2,30,,9563,6,,,2,70,,9567,6,,,2,30,,9572,6,,,2,72,,9565,6,,,2,35,,9568,6,,,2,69,,9570,6,,,2,93,,9564,6,,,2,101,,9571,6,,,2,100,,9566,6,,,2,101,,9573,6,,,2,100,,9574,6,,,2,99,,9569,6,,,2
5602,'SAM',705,,9606,6,,,2,100,,9604,6,,,2,30,,9602,6,,,2,70,,9609,6,,,2,30,,9610,6,,,2,70,,9611,6,,,2,29,,9598,6,,,2,70,,9591,6,,,2,37,,9603,6,,,2,63,,9608,6,,,2,30,,9607,6,,,2,71,,9612,6,,,2,30,,9587,6,,,2,70,,9605,6,,,2,30,,9588,6,,,2,71,,9592,6,,,2,29,,9593,6,,,2,72,,9589,6,,,2,32,,9597,6,,,2,71,,9594,6,,,2,94,,9596,6,,,2,101,,9595,6,,,2,100,,9590,6,,,2,101,,9601,6,,,2,100,,9599,6,,,2,99,,9600,6,,,2
5602,'SEM',628,,9614,6,,,2,108,,9641,6,,,2,71,,9616,6,,,2,27,,9636,6,,,2,78,,9637,6,,,2,25,,9617,6,,,2,70,,9633,6,,,2,30,,9640,6,,,2,70,,9631,6,,,2,30,,9618,6,,,2,70,,9630,6,,,2,30,,9632,6,,,2,71,,9639,6,,,2,30,,9634,6,,,2,69,,9613,6,,,2,30,,9615,6,,,2,70,,9635,6,,,2,35,,9638,6,,,2,64,,9624,6,,,2,26,,9622,6,,,2,76,,9619,6,,,2,30,,9620,6,,,2,70,,9626,6,,,2,34,,9623,6,,,2,99,,9628,6,,,2,90,,9621,6,,,2,86,,9625,6,,,2,104,,9629,6,,,2,100,,9627,6,,,2
6002,'DIM',702,,9823,19,,,1,101,,9832,19,,,1,99,,9830,19,,,1,100,,9831,19,,,1,100,,9833,19,,,1,100,,9836,19,,,1,101,,9834,19,,,1,100,,9837,19,,,1,100,,9835,19,,,1,99,,9838,19,,,1,99,,9839,19,,,1,100,,9825,19,,,1,101,,9827,19,,,1,101,,9826,19,,,1,101,,9828,19,,,1,100,,9822,19,,,1,100,,9824,19,,,1,98,,9829,19,,,1
6002,'SAM',702,,9851,19,,,1,101,,9842,19,,,1,99,,9854,19,,,1,100,,9856,19,,,1,100,,9852,19,,,1,100,,9855,19,,,1,101,,9853,19,,,1,100,,9841,19,,,1,100,,9857,19,,,1,99,,9840,19,,,1,99,,9844,19,,,1,102,,9849,19,,,1,99,,9845,19,,,1,101,,9846,19,,,1,101,,9850,19,,,1,100,,9843,19,,,1,100,,9847,19,,,1,98,,9848,19,,,1
6002,'SEM',634,,9875,19,,,1,100,,9873,19,,,1,101,,9859,19,,,1,99,,9876,19,,,1,100,,9874,19,,,1,102,,9864,19,,,1,100,,9858,19,,,1,99,,9860,19,,,1,101,,9872,19,,,1,99,,9861,19,,,1,101,,9866,19,,,1,106,,9863,19,,,1,93,,9869,19,,,1,100,,9867,19,,,1,99,,9862,19,,,1,100,,9865,19,,,1,99,,9868,19,,,1,89,,9871,19,,,1,100,,9870,19,,,1
34504,'SEM',2516,,11613,16,,,1,118,,11612,16,,,1
