2202,'DIM',728,,7078,39,,,2,100,,7077,39,,,2,100,,7076,39,,,2,100,,6315,39,,,2,101,,7079,39,,,2,100,,7081,39,,,2,96,,7080,39,,,2,106,,7075,39,,,2,98,,7069,39,,,2,114,,7082,39,,,2,88,,7071,39,,,2,100,,7072,39,,,2,98,,7074,39,,,2,101,,7073,39,,,2,100,,7068,39,,,2,100,,7070,39,,,2
2202,'SAM',630,,7099,23,,,2,98,,7093,39,,,2,100,,7090,39,,,2,100,,7089,39,,,2,98,,7095,39,,,2,103,,7094,39,,,2,100,,7092,39,,,2,96,,7098,39,,,2,104,,7091,39,,,2,100,,7097,39,,,2,112,,7096,39,,,2,90,,7084,39,,,2,100,,7086,39,,,2,98,,7083,39,,,2,101,,7085,39,,,2,100,,7088,39,,,2,100,,7087,39,,,2
2202,'SEM',606,,6230,39,,,2,18,,7111,39,,,2,105,,7118,39,,,2,71,,7108,39,,,2,30,,7100,39,,,2,98,,7102,39,,,2,31,,7101,39,,,2,69,,7119,39,,,2,101,,7106,39,,,2,100,,7117,39,,,2,100,,7120,39,,,2,102,,7105,39,,,2,100,,7107,39,,,2,102,,7103,39,,,2,24,,7104,39,,,2,75,,7110,39,,,2,99,,7109,39,,,2,100,,7116,39,,,2,101,,7115,39,,,2,97,,7113,39,,,2,107,,7112,39,,,2,96,,7114,39,,,2
5802,'DIM',607,,9712,16,,,2,100,,9719,16,,,2,51,,9716,16,,,2,100,,9720,16,,,2,100,,9723,16,,,2,99,,9715,16,,,2,101,,9725,16,,,2,100,,9722,16,,,2,101,,9718,16,,,2,99,,9721,16,,,2,101,,9717,16,,,2,99,,9711,16,,,2,101,,9724,16,,,2,141,,9708,16,,,2,100,,9714,16,,,2,59,,9710,16,,,2,99,,9709,16,,,2,98,,9713,16,,,2
5802,'SAM',607,,9743,16,,,2,100,,9735,16,,,2,51,,9734,16,,,2,100,,9739,16,,,2,100,,9737,16,,,2,99,,9740,16,,,2,101,,9742,16,,,2,100,,9726,16,,,2,98,,9733,16,,,2,101,,9738,16,,,2,101,,9736,16,,,2,101,,9741,16,,,2,100,,9728,16,,,2,141,,9731,16,,,2,100,,9727,16,,,2,59,,9732,16,,,2,99,,9729,16,,,2,98,,9730,16,,,2
5802,'SEM',525,,9762,16,,,2,34,,9755,16,,,2,62,,9754,16,,,2,80,,9763,16,,,2,35,,9765,16,,,2,69,,9747,16,,,2,33,,9746,16,,,2,83,,9750,16,,,2,99,,9766,16,,,2,100,,9744,16,,,2,100,,9751,16,,,2,100,,9764,16,,,2,101,,9745,16,,,2,25,,9748,16,,,2,69,,9752,16,,,2,102,,9758,16,,,2,33,,9749,16,,,2,94,,9753,16,,,2,96,,9760,16,,,2,100,,9759,16,,,2,100,,9761,16,,,2,98,,9757,16,,,2,99,,9756,16,,,2
22202,'DIM',1442,,4994,28,,,2
22202,'SAM',1442,,11491,28,,,2,898,,11489,28,,,2,100,,11490,28,,,2
22202,'SEM',542,,11498,28,,,2,159,,11493,28,,,2,41,,11494,28,,,2,767,,11497,28,,,2,35,,11492,28,,,2,703,,11495,28,,,2,65,,11496,28,,,2
32202,'SAM',2555,,11601,22,,,2
32202,'SEM',2424,,11602,22,,,2,84,,11603,22,,,2
