3704,'DIM',658,,8004,11,,,2,75,,8005,11,,,2,100,,8003,11,,,2,100,,8002,11,,,2,101,,8008,11,,,2,100,,8007,11,,,2,100,,7997,11,,,2,99,,7998,11,,,2,105,,8009,11,,,2,96,,7999,11,,,2,99,,8006,11,,,2,100,,8000,11,,,2,90,,8001,11,,,2
3704,'SAM',658,,1344,11,,,2,75,,8017,11,,,2,100,,8015,11,,,2,100,,8018,11,,,2,101,,8020,11,,,2,100,,8019,11,,,2,100,,8021,11,,,2,100,,8016,11,,,2,99,,8014,11,,,2,102,,8010,11,,,2,98,,8011,11,,,2,100,,8012,11,,,2,90,,8013,11,,,2
3704,'SEM',543,,8041,11,,,2,80,,8040,11,,,2,100,,8043,11,,,2,80,,8022,11,,,2,34,,8024,11,,,2,74,,8042,11,,,2,30,,8047,11,,,2,97,,8046,11,,,2,100,,8045,11,,,2,101,,8026,11,,,2,100,,8029,11,,,2,104,,8048,11,,,2,82,,8044,11,,,2,20,,8023,11,,,2,12,,8030,11,,,2,55,,8032,11,,,2,20,,8025,11,,,2,12,,8027,11,,,2,15,,8035,11,,,2,58,,8038,11,,,2,100,,8037,11,,,2,95,,8039,11,,,2,101,,8028,11,,,2,100,,8036,11,,,2,100,,8031,11,,,2,100,,8033,11,,,2,96,,8034,11,,,2
6304,'DIM',740,,10080,35,,,1,100,,10076,35,,,1,101,,10078,35,,,1,101,,10072,35,,,1,98,,10077,35,,,1,104,,10082,35,,,1,96,,10079,35,,,1,102,,10083,35,,,1,103,,10081,35,,,1,100,,10084,35,,,1,100,,10085,35,,,1,100,,10073,35,,,1,99,,10069,35,,,1,99,,10070,35,,,1,99,,10074,35,,,1,98,,10071,35,,,1,99,,10075,35,,,1
6304,'SAM',640,,10099,35,,,1,100,,10097,35,,,1,100,,10102,35,,,1,101,,10098,35,,,1,101,,10096,35,,,1,98,,10101,35,,,1,104,,10100,35,,,1,96,,10104,35,,,1,102,,10103,35,,,1,103,,10086,35,,,1,102,,10087,35,,,1,98,,10088,35,,,1,100,,10090,35,,,1,99,,10089,35,,,1,99,,10094,35,,,1,99,,10091,35,,,1,98,,10092,35,,,1,99,,10095,35,,,1,98,,10093,35,,,1
6304,'SEM',454,,10132,35,,,1,151,,10128,35,,,1,30,,10137,35,,,1,71,,10120,35,,,1,15,,10131,35,,,1,27,,10134,35,,,1,66,,10136,35,,,1,19,,10135,35,,,1,70,,10109,35,,,1,29,,10110,35,,,1,71,,10111,35,,,1,30,,10105,35,,,1,25,,10108,35,,,1,70,,10133,35,,,1,31,,10123,35,,,1,70,,10116,35,,,1,26,,10129,35,,,1,78,,10106,35,,,1,67,,10107,35,,,1,32,,10117,35,,,1,71,,10130,35,,,1,38,,10138,35,,,1,70,,10113,35,,,1,24,,10112,35,,,1,75,,10118,35,,,1,16,,10115,35,,,1,29,,10124,35,,,1,69,,10119,35,,,1,77,,10122,35,,,1,58,,10114,35,,,1,80,,10125,35,,,1,91,,10127,35,,,1,94,,10121,35,,,1,99,,10126,35,,,1
6504,'DIM',717,,10223,54,,,2,102,,10221,54,,,2,101,,10224,54,,,2,101,,10226,54,,,2,102,,10228,54,,,2,102,,10225,54,,,2,98,,10222,54,,,2,102,,10230,54,,,2,106,,10227,54,,,2,96,,10229,54,,,2,97,,10216,54,,,2,102,,10218,54,,,2,97,,10217,54,,,2,98,,10219,54,,,2,100,,10220,54,,,2,96,,10214,54,,,2,100,,10215,54,,,2
6504,'SAM',717,,10240,54,,,2,102,,10239,54,,,2,101,,10243,54,,,2,101,,10242,54,,,2,102,,10244,54,,,2,101,,10246,54,,,2,98,,10247,54,,,2,103,,10245,54,,,2,105,,10241,54,,,2,97,,10231,54,,,2,97,,10233,54,,,2,102,,10236,54,,,2,99,,10237,54,,,2,96,,3667,54,,,2,100,,10238,54,,,2,96,,10235,54,,,2,100,,10232,54,,,2,100,,10234,54,,,2
6504,'SEM',535,,10271,54,,,2,86,,10281,54,,,2,26,,10250,54,,,2,60,,10259,54,,,2,15,,10266,54,,,2,12,,10279,54,,,2,10,,10249,54,,,2,10,,10280,54,,,2,50,,10276,54,,,2,23,,10251,54,,,2,30,,10253,54,,,2,72,,10268,54,,,2,29,,10284,54,,,2,73,,10254,54,,,2,70,,10255,54,,,2,27,,10273,54,,,2,74,,10256,54,,,2,27,,10283,54,,,2,80,,10277,54,,,2,20,,10278,54,,,2,30,,10282,54,,,2,70,,10258,54,,,2,30,,10261,54,,,2,78,,10252,54,,,2,66,,10265,54,,,2,40,,10267,54,,,2,75,,10248,54,,,2,20,,10260,54,,,2,65,,10257,54,,,2,36,,10272,54,,,2,72,,10274,54,,,2,46,,10263,54,,,2,100,,10262,54,,,2,98,,10264,54,,,2,99,,10269,54,,,2,99,,10270,54,,,2,99,,10275,54,,,2
7601,'DIM',503,,10861,29,,,2,100,,10834,74,,,2,25,,10848,74,,,2,104,,10849,74,,,2,100,,10841,74,,,2,101,,10853,74,,,2,68,,10858,74,,,2,30,,10855,74,,,2,70,,10851,74,,,2,30,,10852,74,,,2,70,,10832,74,,,2,31,,10856,74,,,2,71,,10854,74,,,2,29,,10839,74,,,2,73,,10859,74,,,2,31,,10860,74,,,2,69,,10831,74,,,2,33,,10842,74,,,2,67,,10850,74,,,2,30,,10835,74,,,2,70,,10837,74,,,2,30,,10833,74,,,2,70,,10840,74,,,2,29,,10857,74,,,2,105,,10845,74,,,2,97,,10846,74,,,2,97,,10838,74,,,2,98,,10847,74,,,2,100,,10836,74,,,2,100,,10843,74,,,2,99,,10844,74,,,2
7601,'SAM',503,,10892,29,,,2,100,,10866,74,,,2,25,,10875,74,,,2,104,,10878,74,,,2,100,,10877,74,,,2,101,,10881,74,,,2,68,,10885,74,,,2,30,,10882,74,,,2,70,,10888,74,,,2,30,,10876,74,,,2,70,,10884,74,,,2,32,,10883,74,,,2,70,,10890,74,,,2,29,,10863,74,,,2,73,,10879,74,,,2,31,,10862,74,,,2,69,,10880,74,,,2,33,,10887,74,,,2,67,,10891,74,,,2,30,,10864,74,,,2,70,,10886,74,,,2,30,,10868,74,,,2,70,,10889,74,,,2,31,,10865,74,,,2,103,,10871,74,,,2,97,,10873,74,,,2,97,,10869,74,,,2,98,,10867,74,,,2,100,,10872,74,,,2,100,,10870,74,,,2,99,,10874,74,,,2
7601,'SEM',522,,10893,74,,,2,92,,10914,74,,,2,27,,10921,74,,,2,65,,10929,74,,,2,24,,10899,74,,,2,12,,10924,74,,,2,14,,10901,74,,,2,55,,10922,74,,,2,24,,10926,74,,,2,20,,10896,74,,,2,65,,10900,74,,,2,22,,10894,74,,,2,70,,10923,74,,,2,30,,10897,74,,,2,69,,10919,74,,,2,31,,10895,74,,,2,70,,10925,74,,,2,30,,10904,74,,,2,70,,10920,74,,,2,32,,10903,74,,,2,72,,10906,74,,,2,31,,10928,74,,,2,73,,10907,74,,,2,30,,10898,74,,,2,78,,10927,74,,,2,27,,10902,74,,,2,65,,10905,74,,,2,24,,10911,74,,,2,68,,10915,74,,,2,30,,10917,74,,,2,73,,10913,74,,,2,23,,10909,74,,,2,69,,10918,74,,,2,100,,10916,74,,,2,100,,10908,74,,,2,99,,10910,74,,,2,103,,10912,74,,,2
