2601,'DIM',508,,634,52,,,2,51,,7312,52,,,2,85,,7319,52,,,2,81,,622,52,,,2,25,,7328,52,,,2,65,,7322,52,,,2,31,,7324,52,,,2,70,,639,52,,,2,33,,7335,52,,,2,69,,7329,52,,,2,30,,7323,52,,,2,66,,7332,52,,,2,24,,7325,52,,,2,20,,7336,52,,,2,60,,7318,52,,,2,20,,7338,52,,,2,20,,7331,52,,,2,59,,7340,52,,,2,22,,7302,52,,,2,19,,7333,52,,,2,62,,7321,52,,,2,19,,7326,52,,,2,61,,7327,52,,,2,22,,7303,52,,,2,17,,7304,52,,,2,20,,7305,52,,,2,60,,7320,52,,,2,19,,7301,52,,,2,21,,7334,52,,,2,61,,7337,52,,,2,20,,7330,52,,,2,62,,7314,52,,,2,43,,7317,52,,,2,71,,7315,52,,,2,29,,7308,52,,,2,70,,7339,52,,,2,30,,7341,52,,,2,70,,7310,52,,,2,29,,7306,52,,,2,69,,7316,52,,,2,28,,7307,52,,,2,69,,7309,52,,,2,29,,7311,52,,,2,68,,7313,52,,,2
2601,'SAM',508,,7366,52,,,2,51,,7358,52,,,2,85,,7369,52,,,2,81,,676,52,,,2,25,,7376,52,,,2,65,,7373,52,,,2,31,,7378,52,,,2,70,,7374,52,,,2,32,,7382,52,,,2,70,,7379,52,,,2,30,,7386,52,,,2,65,,7372,52,,,2,25,,7384,52,,,2,62,,7368,52,,,2,18,,7387,52,,,2,21,,7380,52,,,2,19,,7345,52,,,2,59,,7383,52,,,2,22,,7377,52,,,2,20,,7367,52,,,2,61,,7370,52,,,2,21,,7371,52,,,2,59,,7342,52,,,2,22,,7344,52,,,2,17,,7348,52,,,2,20,,7346,52,,,2,60,,7381,52,,,2,18,,7375,52,,,2,21,,7349,52,,,2,62,,7385,52,,,2,20,,7353,52,,,2,62,,7357,52,,,2,43,,7360,52,,,2,71,,7363,52,,,2,29,,7365,52,,,2,70,,7361,52,,,2,30,,7343,52,,,2,70,,7352,52,,,2,29,,7351,52,,,2,69,,7359,52,,,2,28,,7347,52,,,2,69,,7355,52,,,2,29,,7364,52,,,2,68,,7350,52,,,2,30,,7354,52,,,2,70,,7356,52,,,2,30,,679,52,,,2,81,,7362,52,,,2
2601,'SEM',507,,7435,52,,,2,36,,7421,52,,,2,71,,7426,52,,,2,15,,7436,52,,,2,13,,7440,52,,,2,13,,7444,52,,,2,51,,7411,52,,,2,10,,7394,52,,,2,12,,7388,52,,,2,11,,7430,52,,,2,16,,7404,52,,,2,50,,7397,52,,,2,12,,7432,52,,,2,14,,7431,52,,,2,16,,7438,52,,,2,59,,7400,52,,,2,23,,7393,52,,,2,22,,7398,52,,,2,61,,7442,52,,,2,20,,7422,52,,,2,20,,7390,52,,,2,61,,7437,52,,,2,22,,7429,52,,,2,19,,7392,52,,,2,60,,7433,52,,,2,20,,7396,52,,,2,21,,7441,52,,,2,62,,7423,52,,,2,22,,7425,52,,,2,15,,7434,52,,,2,65,,7427,52,,,2,19,,7443,52,,,2,14,,7391,52,,,2,57,,7424,52,,,2,25,,7389,52,,,2,23,,7428,52,,,2,60,,7439,52,,,2,20,,7395,52,,,2,20,,7405,52,,,2,60,,7407,52,,,2,22,,7399,52,,,2,18,,7412,52,,,2,62,,7413,52,,,2,18,,7414,52,,,2,69,,7418,52,,,2,30,,7410,52,,,2,70,,7401,52,,,2,28,,7402,52,,,2,74,,7416,52,,,2,25,,7419,52,,,2,73,,7408,52,,,2,22,,7403,52,,,2,76,,7409,52,,,2,29,,7406,52,,,2,70,,7415,52,,,2,17,,7417,52,,,2,102,,7420,52,,,2
3601,'SEM',636,,7935,29,,,2,23,,7930,29,,,2,51,,7929,29,,,2,23,,7932,29,,,2,15,,7933,29,,,2,63,,7936,29,,,2,14,,7931,29,,,2,79,,7934,29,,,2
4604,'DIM',546,,8969,60,,,1,100,,8975,60,,,1,101,,8977,60,,,1,99,,8978,60,,,1,107,,8972,60,,,1,105,,8982,60,,,1,96,,8979,60,,,1,103,,8984,60,,,1,100,,8985,60,,,1,101,,8976,60,,,1,101,,8980,60,,,1,99,,8968,60,,,1,101,,8983,60,,,1,99,,8981,60,,,1,98,,8971,60,,,1,99,,8986,60,,,1,99,,8974,60,,,1,98,,8970,60,,,1,100,,8973,60,,,1
4604,'SAM',546,,8989,60,,,1,100,,8998,60,,,1,101,,8999,60,,,1,99,,9000,60,,,1,107,,9004,60,,,1,106,,9003,60,,,1,95,,9002,60,,,1,103,,8997,60,,,1,99,,9005,60,,,1,97,,8987,60,,,1,106,,8988,60,,,1,145,,9001,60,,,1,55,,9006,60,,,1,99,,8991,60,,,1,98,,8992,60,,,1,99,,8995,60,,,1,99,,8993,60,,,1,98,,8996,60,,,1,100,,8990,60,,,1,98,,8994,60,,,1
4604,'SEM',506,,2964,60,,,1,46,,9023,60,,,1,70,,9031,60,,,1,26,,9035,60,,,1,59,,9009,60,,,1,26,,9016,60,,,1,67,,9028,60,,,1,30,,9010,60,,,1,72,,9032,60,,,1,28,,9026,60,,,1,70,,9024,60,,,1,29,,9011,60,,,1,30,,9029,60,,,1,70,,9008,60,,,1,30,,9025,60,,,1,70,,9027,60,,,1,74,,9007,60,,,1,27,,9037,60,,,1,28,,9012,60,,,1,72,,9033,60,,,1,70,,9036,60,,,1,34,,9015,60,,,1,79,,9030,60,,,1,30,,9034,60,,,1,63,,9014,60,,,1,101,,9013,60,,,1,95,,9020,60,,,1,56,,9022,60,,,1,94,,9019,60,,,1,100,,9018,60,,,1,99,,9017,60,,,1,100,,9021,60,,,1
6002,'DIM',727,,9823,51,,,1,103,,9832,51,,,1,101,,9830,51,,,1,102,,9831,51,,,1,101,,9833,51,,,1,101,,9836,51,,,1,101,,9834,51,,,1,101,,9837,51,,,1,100,,9835,51,,,1,99,,9838,51,,,1,99,,9839,51,,,1,98,,9825,51,,,1,99,,9827,51,,,1,100,,9826,51,,,1,100,,9828,51,,,1,99,,9822,51,,,1,99,,9824,51,,,1,97,,9829,51,,,1
6002,'SAM',727,,9851,51,,,1,103,,9842,51,,,1,101,,9854,51,,,1,102,,9856,51,,,1,101,,9852,51,,,1,101,,9855,51,,,1,101,,9853,51,,,1,101,,9841,51,,,1,100,,9857,51,,,1,99,,9840,51,,,1,99,,9844,51,,,1,100,,9849,51,,,1,97,,9845,51,,,1,100,,9846,51,,,1,100,,9850,51,,,1,99,,9843,51,,,1,99,,9847,51,,,1,97,,9848,51,,,1
6002,'SEM',700,,9875,51,,,1,105,,9873,51,,,1,102,,9859,51,,,1,100,,9876,51,,,1,100,,9874,51,,,1,104,,9864,51,,,1,101,,9858,51,,,1,99,,9860,51,,,1,101,,9872,51,,,1,99,,9861,51,,,1,103,,9866,51,,,1,103,,9863,51,,,1,91,,9869,51,,,1,99,,9867,51,,,1,98,,9862,51,,,1,100,,9865,51,,,1,96,,9868,51,,,1,49,,9871,51,,,1,98,,9870,51,,,1
6601,'DIM',558,,10294,37,,,1,100,,10296,37,,,1,142,,10302,37,,,1,100,,10292,37,,,1,32,,10293,37,,,1,71,,10300,37,,,1,31,,10303,37,,,1,75,,10291,37,,,1,26,,10298,37,,,1,70,,10297,37,,,1,101,,10304,37,,,1,101,,10301,37,,,1,103,,10299,37,,,1,99,,10295,37,,,1,103,,10287,37,,,1,96,,10289,37,,,1,98,,10286,37,,,1,100,,10288,37,,,1,100,,10290,37,,,1,100,,10285,37,,,1
6601,'SAM',558,,10310,37,,,1,100,,10317,37,,,1,142,,10319,37,,,1,100,,10315,37,,,1,32,,10313,37,,,1,71,,10305,37,,,1,31,,10322,37,,,1,75,,10311,37,,,1,26,,10323,37,,,1,70,,10318,37,,,1,101,,10321,37,,,1,101,,10324,37,,,1,103,,10320,37,,,1,99,,10316,37,,,1,103,,10306,37,,,1,96,,10307,37,,,1,98,,10309,37,,,1,100,,10308,37,,,1,100,,10312,37,,,1,100,,10314,37,,,1
6601,'SEM',638,,10339,37,,,1,104,,10328,37,,,1,101,,10341,37,,,1,103,,10338,37,,,1,100,,10327,37,,,1,106,,10331,37,,,1,102,,10325,37,,,1,100,,10340,37,,,1,103,,10329,37,,,1,71,,10334,37,,,1,88,,10335,37,,,1,106,,10326,37,,,1,93,,10332,37,,,1,99,,10330,37,,,1,98,,10336,37,,,1,98,,10333,37,,,1,99,,10337,37,,,1
