202,'SAM',2624,,6708,17,,,1,81,,6709,17,,,1
202,'SEM',524,,6714,17,,,1,30,,6715,17,,,1,55,,6710,17,,,1,1999,,6711,17,,,1,41,,6712,17,,,1,81,,6713,17,,,1
3303,'DIM',705,,7843,49,,,1,132,,7847,49,,,1,171,,7845,49,,,1,132,,7842,49,,,1,168,,7844,49,,,1,130,,7839,49,,,1,170,,7846,49,,,1,133,,7848,49,,,1,167,,7849,49,,,1,130,,7841,49,,,1,169,,7840,49,,,1
3303,'SAM',705,,7853,49,,,1,132,,7854,49,,,1,171,,7856,49,,,1,132,,7857,49,,,1,168,,7858,49,,,1,130,,7855,49,,,1,170,,7860,49,,,1,136,,7859,49,,,1,164,,7851,49,,,1,130,,7852,49,,,1,169,,7850,49,,,1
3303,'SEM',554,,7882,26,,,1,80,,7872,49,,,1,73,,7883,26,,,1,25,,7873,49,,,1,74,,7862,49,,,1,26,,7880,49,,,1,100,,7879,49,,,1,100,,7874,49,,,1,100,,7877,49,,,1,94,,7865,49,,,1,106,,7876,49,,,1,101,,7861,49,,,1,87,,7878,49,,,1,33,,7881,49,,,1,66,,7875,49,,,1,99,,7863,49,,,1,28,,7864,49,,,1,74,,7870,49,,,1,80,,7866,49,,,1,31,,7868,49,,,1,103,,7867,49,,,1,103,,7871,49,,,1,104,,7869,49,,,1
3703,'DIM',629,,7950,12,,,2,75,,7951,12,,,2,101,,7949,12,,,2,100,,7948,12,,,2,100,,7956,12,,,2,100,,7955,12,,,2,100,,7945,12,,,2,100,,7946,12,,,2,105,,7957,12,,,2,96,,7953,12,,,2,99,,7954,12,,,2,100,,7952,12,,,2,50,,7947,12,,,2
3703,'SAM',629,,1290,12,,,2,75,,7963,12,,,2,101,,7960,12,,,2,100,,7964,12,,,2,100,,7967,12,,,2,100,,7965,12,,,2,100,,7968,12,,,2,101,,7961,12,,,2,99,,7959,12,,,2,102,,7962,12,,,2,99,,7958,12,,,2,99,,7966,12,,,2,50,,7969,12,,,2
3703,'SEM',549,,7986,12,,,2,55,,7974,12,,,2,16,,1324,12,,,2,15,,7985,12,,,2,14,,7990,12,,,2,56,,7994,12,,,2,20,,7971,12,,,2,76,,7975,12,,,2,38,,7989,12,,,2,69,,7995,12,,,2,100,,7973,12,,,2,100,,7992,12,,,2,100,,7976,12,,,2,100,,7987,12,,,2,101,,7993,12,,,2,42,,7991,12,,,2,60,,7972,12,,,2,26,,7988,12,,,2,72,,7970,12,,,2,33,,7996,12,,,2,102,,7977,12,,,2,98,,7983,12,,,2,103,,7978,12,,,2,100,,7982,12,,,2,100,,7984,12,,,2,99,,7979,12,,,2,97,,7981,12,,,2,102,,7980,12,,,2
4202,'DIM',516,,8490,88,,,2,42,,8531,88,,,2,66,,8501,88,,,2,30,,8489,88,,,2,71,,8513,88,,,2,30,,8511,88,,,2,73,,8532,88,,,2,72,,8516,88,,,2,31,,8512,88,,,2,72,,8520,88,,,2,31,,8524,88,,,2,23,,8530,88,,,2,62,,8526,88,,,2,22,,8517,88,,,2,62,,8522,88,,,2,19,,8518,88,,,2,20,,8521,88,,,2,58,,8506,88,,,2,23,,8509,88,,,2,20,,8508,88,,,2,62,,8510,88,,,2,19,,8515,88,,,2,20,,8514,88,,,2,58,,8534,88,,,2,22,,8527,88,,,2,21,,8523,88,,,2,61,,8519,88,,,2,21,,8529,88,,,2,19,,8494,88,,,2,60,,8495,88,,,2,21,,8496,88,,,2,23,,8528,88,,,2,75,,8525,88,,,2,34,,8533,88,,,2,69,,8505,88,,,2,30,,8492,88,,,2,72,,8491,88,,,2,70,,8500,88,,,2,28,,8488,88,,,2,27,,8497,88,,,2,68,,8507,88,,,2,28,,8493,88,,,2,70,,8499,88,,,2,30,,8503,88,,,2,67,,8504,88,,,2,29,,8498,88,,,2,76,,8502,88,,,2
4202,'SAM',516,,8537,88,,,2,42,,8539,88,,,2,66,,8557,88,,,2,30,,8535,88,,,2,71,,8565,88,,,2,30,,8563,88,,,2,73,,8540,88,,,2,72,,8571,88,,,2,31,,8567,88,,,2,72,,8566,88,,,2,31,,8570,88,,,2,23,,8582,88,,,2,62,,8576,88,,,2,22,,8580,88,,,2,61,,8575,88,,,2,20,,8578,88,,,2,20,,8560,88,,,2,58,,8573,88,,,2,22,,8564,88,,,2,21,,8556,88,,,2,61,,8562,88,,,2,20,,8536,88,,,2,20,,8569,88,,,2,58,,8568,88,,,2,22,,8561,88,,,2,21,,8572,88,,,2,61,,8538,88,,,2,20,,8574,88,,,2,19,,8577,88,,,2,61,,8543,88,,,2,21,,8579,88,,,2,23,,8581,88,,,2,74,,8549,88,,,2,34,,8551,88,,,2,70,,8553,88,,,2,30,,8555,88,,,2,75,,8541,88,,,2,67,,8544,88,,,2,28,,8558,88,,,2,27,,8546,88,,,2,68,,8548,88,,,2,31,,8542,88,,,2,66,,8545,88,,,2,30,,8547,88,,,2,68,,8550,88,,,2,29,,8552,88,,,2,76,,8554,88,,,2,30,,8559,88,,,2
4202,'SEM',517,,8625,88,,,2,97,,8627,88,,,2,33,,8631,88,,,2,57,,8634,88,,,2,16,,8583,88,,,2,10,,8585,88,,,2,11,,8588,88,,,2,9,,8591,88,,,2,50,,8633,88,,,2,12,,8630,88,,,2,21,,8586,88,,,2,18,,8601,88,,,2,61,,8587,88,,,2,22,,8635,88,,,2,22,,8632,88,,,2,59,,8589,88,,,2,21,,8626,88,,,2,20,,8584,88,,,2,59,,8629,88,,,2,21,,8593,88,,,2,20,,8618,88,,,2,61,,8628,88,,,2,24,,8595,88,,,2,17,,8615,88,,,2,64,,8597,88,,,2,20,,8599,88,,,2,61,,8600,88,,,2,23,,8592,88,,,2,17,,8602,88,,,2,61,,8603,88,,,2,20,,8604,88,,,2,21,,8590,88,,,2,61,,8606,88,,,2,20,,8636,88,,,2,20,,8609,88,,,2,60,,8610,88,,,2,20,,8611,88,,,2,21,,8613,88,,,2,57,,8594,88,,,2,22,,8616,88,,,2,20,,8596,88,,,2,62,,8605,88,,,2,24,,8598,88,,,2,19,,8622,88,,,2,70,,8624,88,,,2,85,,8621,88,,,2,36,,8623,88,,,2,67,,8607,88,,,2,29,,8608,88,,,2,68,,8612,88,,,2,26,,8614,88,,,2,76,,8620,88,,,2,27,,8617,88,,,2,71,,8619,88,,,2
34503,'SEM',439,,11610,17,,,1,100,,11611,17,,,1
