2201,'DIM',646,,7023,45,,,2,101,,7027,45,,,2,104,,7026,45,,,2,99,,7025,45,,,2,101,,7022,45,,,2,99,,7024,45,,,2,101,,7029,45,,,2,102,,7031,45,,,2,96,,7028,45,,,2,105,,7030,45,,,2,99,,7016,45,,,2,100,,7018,45,,,2,97,,7017,45,,,2,102,,7020,45,,,2,100,,7019,45,,,2,100,,7021,45,,,2
2201,'SAM',646,,7040,45,,,2,101,,7042,45,,,2,104,,7039,45,,,2,99,,7041,45,,,2,102,,7044,45,,,2,99,,7048,45,,,2,101,,7047,45,,,2,101,,7043,45,,,2,96,,7045,45,,,2,102,,7046,45,,,2,102,,7033,45,,,2,101,,7036,45,,,2,96,,7034,45,,,2,102,,7032,45,,,2,100,,7038,45,,,2,100,,7037,45,,,2,100,,7035,45,,,2
2201,'SEM',641,,7064,45,,,2,100,,7052,45,,,2,94,,7050,45,,,2,80,,7049,45,,,2,34,,7066,45,,,2,101,,7051,45,,,2,100,,7065,45,,,2,100,,7067,45,,,2,100,,7054,45,,,2,96,,7055,45,,,2,105,,7053,45,,,2,100,,7059,45,,,2,100,,7057,45,,,2,99,,7056,45,,,2,98,,7058,45,,,2,104,,7062,45,,,2,100,,7060,45,,,2,95,,7061,45,,,2,98,,7063,45,,,2
5001,'DIM',547,,9169,52,,,1,100,,9177,52,,,1,101,,9165,52,,,1,98,,9182,52,,,1,101,,9174,52,,,1,73,,9184,52,,,1,37,,9176,52,,,1,64,,9189,52,,,1,79,,9187,52,,,1,22,,9188,52,,,1,35,,9190,52,,,1,69,,9175,52,,,1,32,,9178,52,,,1,76,,9191,52,,,1,69,,9180,52,,,1,34,,9179,52,,,1,70,,9185,52,,,1,23,,9183,52,,,1,74,,9181,52,,,1,41,,9186,52,,,1,58,,9167,52,,,1,99,,9170,52,,,1,98,,9173,52,,,1,100,,9166,52,,,1,59,,9171,52,,,1,98,,9168,52,,,1,100,,9172,52,,,1
5001,'SAM',547,,9199,52,,,1,100,,9202,52,,,1,101,,9193,52,,,1,98,,9214,52,,,1,101,,9212,52,,,1,79,,9217,52,,,1,30,,9210,52,,,1,65,,9194,52,,,1,79,,9218,52,,,1,22,,9216,52,,,1,35,,9195,52,,,1,69,,9206,52,,,1,32,,9208,52,,,1,76,,9211,52,,,1,69,,9207,52,,,1,34,,9209,52,,,1,70,,9197,52,,,1,23,,9198,52,,,1,74,,9192,52,,,1,39,,9213,52,,,1,61,,9215,52,,,1,98,,9203,52,,,1,98,,9205,52,,,1,100,,9204,52,,,1,59,,9200,52,,,1,98,,9196,52,,,1,100,,9201,52,,,1
5001,'SEM',539,,9241,52,,,1,107,,9246,52,,,1,76,,9242,52,,,1,24,,9220,52,,,1,77,,9219,52,,,1,24,,9222,52,,,1,71,,9249,52,,,1,26,,9250,52,,,1,73,,9245,52,,,1,27,,9221,52,,,1,73,,9225,52,,,1,28,,9244,52,,,1,72,,9231,52,,,1,32,,9247,52,,,1,70,,9226,52,,,1,32,,9243,52,,,1,68,,9248,52,,,1,30,,9224,52,,,1,84,,9223,52,,,1,67,,9235,52,,,1,36,,9227,52,,,1,70,,9228,52,,,1,29,,9234,52,,,1,66,,9229,52,,,1,35,,9233,52,,,1,69,,9236,52,,,1,35,,9237,52,,,1,104,,9232,52,,,1,103,,9230,52,,,1,103,,9239,52,,,1,105,,9238,52,,,1,146,,9240,52,,,1,49,,9251,42,,,1
5801,'DIM',548,,9661,60,,,2,101,,9643,60,,,2,91,,9652,60,,,2,101,,9655,60,,,2,99,,9658,60,,,2,100,,9651,60,,,2,102,,9660,60,,,2,98,,9657,60,,,2,103,,9654,60,,,2,99,,9656,60,,,2,102,,9653,60,,,2,99,,9646,60,,,2,101,,9659,60,,,2,99,,9642,60,,,2,99,,9650,60,,,2,99,,9645,60,,,2,100,,9644,60,,,2,100,,9648,60,,,2,98,,9647,60,,,2,110,,9649,60,,,2
5801,'SAM',548,,9681,60,,,2,101,,9673,60,,,2,91,,9672,60,,,2,101,,9677,60,,,2,100,,9675,60,,,2,99,,9678,60,,,2,102,,9680,60,,,2,98,,9662,60,,,2,101,,9671,60,,,2,101,,9676,60,,,2,101,,9674,60,,,2,101,,9679,60,,,2,100,,9665,60,,,2,100,,9669,60,,,2,98,,9663,60,,,2,99,,9670,60,,,2,100,,9666,60,,,2,100,,9668,60,,,2,98,,9664,60,,,2,110,,9667,60,,,2
5801,'SEM',539,,9695,60,,,2,68,,9692,60,,,2,42,,9705,60,,,2,86,,9693,60,,,2,86,,9699,60,,,2,85,,9686,60,,,2,99,,9706,60,,,2,100,,9682,60,,,2,100,,9687,60,,,2,100,,9704,60,,,2,100,,9683,60,,,2,47,,9694,60,,,2,71,,9684,60,,,2,32,,9707,60,,,2,69,,9689,60,,,2,35,,9691,60,,,2,69,,9690,60,,,2,27,,9685,60,,,2,69,,9703,60,,,2,29,,9688,60,,,2,70,,9701,60,,,2,100,,9702,60,,,2,99,,9697,60,,,2,99,,9696,60,,,2,98,,9698,60,,,2,98,,9700,60,,,2
22201,'DIM',1418,,11475,45,,,2,815,,11473,45,,,2,83,,11474,45,,,2
22201,'SAM',1418,,11480,45,,,2,815,,11476,45,,,2,83,,11477,45,,,2,100,,11479,45,,,2,112,,11478,45,,,2
22201,'SEM',721,,11481,45,,,2,10,,11482,45,,,2,683,,11483,45,,,2,100,,11484,45,,,2,106,,11488,45,,,2,100,,11486,45,,,2,90,,11485,45,,,2,625,,11487,45,,,2
32201,'DIM',526,,11591,46,,,2,802,,11593,45,,,2,802,,11592,45,,,2
32201,'SAM',526,,11594,46,,,2,802,,11595,45,,,2
32201,'SEM',529,,11596,46,,,2,19,,11597,46,,,2,67,,11598,46,,,2,714,,11599,45,,,2,801,,11600,45,,,2
