1602,'SEM',655,,6780,2,,,1,64,,6782,2,,,1,24,,6777,2,,,1,70,,6779,2,,,1,29,,6781,2,,,1,76,,6778,2,,,1
3904,'DIM',851,,8142,63,,,1,153,,8136,63,,,1,42,,8143,63,,,1,70,,8146,63,,,1,34,,8137,63,,,1,67,,8135,63,,,1,33,,8145,63,,,1,69,,8140,63,,,1,35,,8129,63,,,1,67,,8144,63,,,1,30,,8138,63,,,1,71,,8139,63,,,1,32,,8128,63,,,1,69,,8141,63,,,1,31,,8124,63,,,1,71,,8125,63,,,1,27,,8130,63,,,1,68,,8131,63,,,1,29,,8132,63,,,1,83,,8133,63,,,1,97,,8126,63,,,1,100,,8134,63,,,1,99,,8127,63,,,1
3904,'SAM',851,,8162,63,,,1,153,,8155,63,,,1,42,,8166,63,,,1,70,,8156,63,,,1,31,,8147,63,,,1,70,,8153,63,,,1,36,,8159,63,,,1,66,,8157,63,,,1,35,,8163,63,,,1,67,,8154,63,,,1,30,,8160,63,,,1,71,,8161,63,,,1,31,,8167,63,,,1,70,,8158,63,,,1,32,,8164,63,,,1,64,,8165,63,,,1,33,,8168,63,,,1,68,,8169,63,,,1,29,,8148,63,,,1,86,,8149,63,,,1,96,,8151,63,,,1,98,,8150,63,,,1,99,,8152,63,,,1
3904,'SEM',645,,8193,63,,,1,67,,8186,63,,,1,15,,8192,63,,,1,11,,8174,63,,,1,72,,8189,63,,,1,31,,8170,63,,,1,71,,8187,63,,,1,30,,8194,63,,,1,75,,8172,63,,,1,28,,8173,63,,,1,73,,8184,63,,,1,30,,8188,63,,,1,71,,8190,63,,,1,28,,8181,63,,,1,72,,8185,63,,,1,27,,8191,63,,,1,78,,8171,63,,,1,34,,8176,63,,,1,70,,8178,63,,,1,72,,8179,63,,,1,101,,8195,63,,,1,109,,8182,63,,,1,97,,8183,63,,,1,103,,8175,63,,,1,100,,8177,63,,,1,93,,8180,63,,,1
4002,'DIM',755,,8271,2,,,1,101,,8280,2,,,1,100,,8282,2,,,1,99,,8283,2,,,1,99,,8281,2,,,1,101,,8284,2,,,1,101,,8279,2,,,1,100,,8278,2,,,1,100,,8268,2,,,1,103,,8274,2,,,1,97,,8277,2,,,1,100,,8275,2,,,1,100,,8270,2,,,1,100,,8269,2,,,1,99,,8272,2,,,1,100,,8273,2,,,1,94,,8276,2,,,1
4002,'SAM',655,,8291,2,,,1,100,,1633,2,,,1,101,,8299,2,,,1,100,,8296,2,,,1,95,,8297,2,,,1,104,,8295,2,,,1,100,,8300,2,,,1,101,,8298,2,,,1,99,,8292,2,,,1,101,,8301,2,,,1,103,,8285,2,,,1,97,,8293,2,,,1,100,,8286,2,,,1,100,,8288,2,,,1,100,,8294,2,,,1,99,,8287,2,,,1,100,,8289,2,,,1,94,,8290,2,,,1
4002,'SEM',627,,8305,2,,,1,85,,8333,2,,,1,23,,8331,2,,,1,17,,8320,2,,,1,69,,8310,2,,,1,24,,8304,2,,,1,77,,8306,2,,,1,30,,8311,2,,,1,70,,8328,2,,,1,30,,8312,2,,,1,70,,8330,2,,,1,30,,8327,2,,,1,70,,8308,2,,,1,30,,8329,2,,,1,75,,8303,2,,,1,75,,8309,2,,,1,20,,8307,2,,,1,30,,8302,2,,,1,70,,8316,2,,,1,30,,8332,2,,,1,71,,8317,2,,,1,29,,8313,2,,,1,76,,8321,2,,,1,73,,8314,2,,,1,32,,8322,2,,,1,70,,8319,2,,,1,29,,8323,2,,,1,100,,8318,2,,,1,100,,8315,2,,,1,105,,8324,2,,,1,89,,8325,2,,,1,100,,8326,2,,,1
4202,'DIM',519,,8490,93,,,2,82,,8531,93,,,2,26,,8501,93,,,2,30,,8489,93,,,2,71,,8513,93,,,2,30,,8511,93,,,2,73,,8532,93,,,2,72,,8516,93,,,2,33,,8512,93,,,2,72,,8520,93,,,2,31,,8524,93,,,2,63,,8530,93,,,2,22,,8526,93,,,2,22,,8517,93,,,2,62,,8522,93,,,2,19,,8518,93,,,2,20,,8521,93,,,2,58,,8506,93,,,2,23,,8509,93,,,2,20,,8508,93,,,2,62,,8510,93,,,2,19,,8515,93,,,2,20,,8514,93,,,2,58,,8534,93,,,2,22,,8527,93,,,2,21,,8523,93,,,2,61,,8519,93,,,2,21,,8529,93,,,2,19,,8494,93,,,2,60,,8495,93,,,2,21,,8496,93,,,2,23,,8528,93,,,2,75,,8525,93,,,2,73,,8533,93,,,2,29,,8505,93,,,2,70,,8492,93,,,2,32,,8491,93,,,2,70,,8500,93,,,2,27,,8488,93,,,2,27,,8497,93,,,2,68,,8507,93,,,2,28,,8493,93,,,2,70,,8499,93,,,2,30,,8503,93,,,2,67,,8504,93,,,2,29,,8498,93,,,2,76,,8502,93,,,2
4202,'SAM',519,,8537,93,,,2,82,,8539,93,,,2,26,,8557,93,,,2,30,,8535,93,,,2,71,,8565,93,,,2,30,,8563,93,,,2,73,,8540,93,,,2,72,,8571,93,,,2,33,,8567,93,,,2,72,,8566,93,,,2,31,,8570,93,,,2,63,,8582,93,,,2,22,,8576,93,,,2,22,,8580,93,,,2,61,,8575,93,,,2,20,,8578,93,,,2,20,,8560,93,,,2,58,,8573,93,,,2,22,,8564,93,,,2,21,,8556,93,,,2,61,,8562,93,,,2,20,,8536,93,,,2,20,,8569,93,,,2,58,,8568,93,,,2,22,,8561,93,,,2,21,,8572,93,,,2,61,,8538,93,,,2,20,,8574,93,,,2,19,,8577,93,,,2,61,,8543,93,,,2,21,,8579,93,,,2,23,,8581,93,,,2,74,,8549,93,,,2,73,,8551,93,,,2,30,,8553,93,,,2,70,,8555,93,,,2,35,,8541,93,,,2,67,,8544,93,,,2,27,,8558,93,,,2,27,,8546,93,,,2,68,,8548,93,,,2,31,,8542,93,,,2,66,,8545,93,,,2,30,,8547,93,,,2,68,,8550,93,,,2,29,,8552,93,,,2,76,,8554,93,,,2,30,,8559,93,,,2
4202,'SEM',520,,8625,93,,,2,97,,8627,93,,,2,34,,8631,93,,,2,57,,8634,93,,,2,17,,8583,93,,,2,10,,8585,93,,,2,11,,8588,93,,,2,9,,8591,93,,,2,50,,8633,93,,,2,12,,8630,93,,,2,21,,8586,93,,,2,18,,8601,93,,,2,61,,8587,93,,,2,22,,8635,93,,,2,62,,8632,93,,,2,19,,8589,93,,,2,21,,8626,93,,,2,60,,8584,93,,,2,19,,8629,93,,,2,21,,8593,93,,,2,60,,8618,93,,,2,21,,8628,93,,,2,24,,8595,93,,,2,57,,8615,93,,,2,24,,8597,93,,,2,20,,8599,93,,,2,61,,8600,93,,,2,23,,8592,93,,,2,17,,8602,93,,,2,61,,8603,93,,,2,20,,8604,93,,,2,21,,8590,93,,,2,61,,8606,93,,,2,20,,8636,93,,,2,20,,8609,93,,,2,60,,8610,93,,,2,20,,8611,93,,,2,21,,8613,93,,,2,57,,8594,93,,,2,21,,8616,93,,,2,20,,8596,93,,,2,62,,8605,93,,,2,24,,8598,93,,,2,19,,8622,93,,,2,70,,8624,93,,,2,85,,8621,93,,,2,36,,8623,93,,,2,67,,8607,93,,,2,29,,8608,93,,,2,68,,8612,93,,,2,26,,8614,93,,,2,76,,8620,93,,,2,26,,8617,93,,,2,71,,8619,93,,,2
5002,'DIM',628,,9269,46,,,1,100,,2653,46,,,1,102,,9252,46,,,1,97,,9267,46,,,1,108,,9260,46,,,1,65,,9270,46,,,1,37,,9262,46,,,1,64,,9274,46,,,1,39,,9272,46,,,1,62,,9273,46,,,1,36,,9275,46,,,1,69,,9261,46,,,1,33,,9263,46,,,1,76,,9276,46,,,1,29,,9265,46,,,1,74,,9264,46,,,1,30,,9271,46,,,1,66,,9268,46,,,1,30,,9266,46,,,1,99,,9254,46,,,1,98,,9256,46,,,1,99,,9259,46,,,1,99,,9253,46,,,1,97,,9257,46,,,1,98,,9255,46,,,1,98,,9258,46,,,1
5002,'SAM',628,,9284,46,,,1,100,,9287,46,,,1,102,,9278,46,,,1,100,,9299,46,,,1,105,,9298,46,,,1,65,,9297,46,,,1,36,,9295,46,,,1,65,,9279,46,,,1,39,,9302,46,,,1,62,,9301,46,,,1,36,,9280,46,,,1,69,,9291,46,,,1,33,,9293,46,,,1,76,,9296,46,,,1,29,,9292,46,,,1,74,,9294,46,,,1,30,,9282,46,,,1,66,,9283,46,,,1,30,,9277,46,,,1,99,,9300,46,,,1,98,,9288,46,,,1,99,,9290,46,,,1,99,,9289,46,,,1,97,,9285,46,,,1,98,,9281,46,,,1,98,,9286,46,,,1
5002,'SEM',517,,9309,46,,,1,36,,9332,46,,,1,71,,9328,46,,,1,30,,9303,46,,,1,78,,9336,46,,,1,72,,9329,46,,,1,24,,9304,46,,,1,75,,9322,46,,,1,26,,9307,46,,,1,71,,9334,46,,,1,26,,9335,46,,,1,33,,9331,46,,,1,68,,9306,46,,,1,73,,9310,46,,,1,28,,9330,46,,,1,72,,9318,46,,,1,32,,9333,46,,,1,70,,9311,46,,,1,30,,9314,46,,,1,82,,9305,46,,,1,27,,9315,46,,,1,78,,9308,46,,,1,33,,9323,46,,,1,70,,9312,46,,,1,27,,9313,46,,,1,69,,9321,46,,,1,29,,9316,46,,,1,69,,9320,46,,,1,103,,9324,46,,,1,104,,9319,46,,,1,101,,9317,46,,,1,110,,9326,46,,,1,103,,9325,46,,,1,97,,9327,46,,,1
6002,'DIM',706,,9823,25,,,1,101,,9832,25,,,1,99,,9830,25,,,1,100,,9831,25,,,1,100,,9833,25,,,1,100,,9836,25,,,1,101,,9834,25,,,1,100,,9837,25,,,1,100,,9835,25,,,1,99,,9838,25,,,1,99,,9839,25,,,1,100,,9825,25,,,1,101,,9827,25,,,1,101,,9826,25,,,1,101,,9828,25,,,1,100,,9822,25,,,1,100,,9824,25,,,1,98,,9829,25,,,1
6002,'SAM',706,,9851,25,,,1,101,,9842,25,,,1,99,,9854,25,,,1,100,,9856,25,,,1,100,,9852,25,,,1,100,,9855,25,,,1,101,,9853,25,,,1,100,,9841,25,,,1,100,,9857,25,,,1,99,,9840,25,,,1,99,,9844,25,,,1,102,,9849,25,,,1,99,,9845,25,,,1,101,,9846,25,,,1,101,,9850,25,,,1,100,,9843,25,,,1,100,,9847,25,,,1,98,,9848,25,,,1
6002,'SEM',638,,9875,25,,,1,100,,9873,25,,,1,101,,9859,25,,,1,100,,9876,25,,,1,100,,9874,25,,,1,102,,9864,25,,,1,100,,9858,25,,,1,99,,9860,25,,,1,101,,9872,25,,,1,99,,9861,25,,,1,101,,9866,25,,,1,106,,9863,25,,,1,92,,9869,25,,,1,100,,9867,25,,,1,99,,9862,25,,,1,100,,9865,25,,,1,99,,9868,25,,,1,89,,9871,25,,,1,100,,9870,25,,,1
6103,'DIM',737,,9889,2,,,2,100,,9891,2,,,2,97,,9893,2,,,2,102,,9892,2,,,2,101,,9890,2,,,2,102,,9888,2,,,2,98,,9877,2,,,2,104,,9880,2,,,2,95,,9882,2,,,2,104,,9884,2,,,2,101,,9894,2,,,2,95,,9885,2,,,2,100,,9881,2,,,2,100,,9878,2,,,2,101,,9879,2,,,2,100,,9883,2,,,2,100,,9887,2,,,2,100,,9886,2,,,2
6103,'SAM',737,,9905,2,,,2,100,,9907,2,,,2,97,,9910,2,,,2,102,,9904,2,,,2,98,,9908,2,,,2,105,,9911,2,,,2,99,,9909,2,,,2,103,,9912,2,,,2,95,,9906,2,,,2,103,,9898,2,,,2,102,,9895,2,,,2,95,,9899,2,,,2,100,,9897,2,,,2,100,,9900,2,,,2,101,,9896,2,,,2,100,,9901,2,,,2,100,,9902,2,,,2,100,,9903,2,,,2
6103,'SEM',600,,9932,2,,,2,100,,9936,2,,,2,101,,9914,2,,,2,57,,9915,2,,,2,100,,9934,2,,,2,100,,9929,2,,,2,100,,9931,2,,,2,142,,9930,2,,,2,100,,9933,2,,,2,110,,9935,2,,,2,25,,9922,2,,,2,24,,9913,2,,,2,71,,9926,2,,,2,74,,9916,2,,,2,26,,9923,2,,,2,73,,9917,2,,,2,28,,9918,2,,,2,73,,9920,2,,,2,31,,9928,2,,,2,80,,9919,2,,,2,95,,9921,2,,,2,101,,9925,2,,,2,100,,9924,2,,,2,107,,9927,2,,,2
6303,'DIM',746,,10005,25,,,1,100,,10007,25,,,1,102,,9998,25,,,1,97,,10006,25,,,1,103,,10010,25,,,1,96,,10008,25,,,1,103,,10011,25,,,1,103,,10009,25,,,1,100,,10012,25,,,1,100,,10013,25,,,1,100,,9999,25,,,1,98,,9995,25,,,1,99,,9996,25,,,1,99,,10001,25,,,1,100,,9997,25,,,1,100,,10002,25,,,1,99,,10000,25,,,1,100,,10003,25,,,1,99,,10004,25,,,1
6303,'SAM',645,,10027,25,,,1,101,,10031,25,,,1,100,,10028,25,,,1,102,,10026,25,,,1,97,,10030,25,,,1,103,,10029,25,,,1,96,,10033,25,,,1,103,,10032,25,,,1,103,,10014,25,,,1,102,,10015,25,,,1,98,,10016,25,,,1,100,,10018,25,,,1,98,,10017,25,,,1,99,,10022,25,,,1,99,,10019,25,,,1,100,,10020,25,,,1,100,,10023,25,,,1,99,,10021,25,,,1,100,,10024,25,,,1,99,,10025,25,,,1
6303,'SEM',605,,10049,25,,,1,20,,10059,25,,,1,16,,10060,25,,,1,76,,10066,25,,,1,14,,10064,25,,,1,74,,10038,25,,,1,23,,10040,25,,,1,74,,10041,25,,,1,33,,10034,25,,,1,65,,10037,25,,,1,33,,10063,25,,,1,67,,10051,25,,,1,31,,10067,25,,,1,26,,10061,25,,,1,78,,10035,25,,,1,67,,10036,25,,,1,30,,10065,25,,,1,70,,10062,25,,,1,32,,10068,25,,,1,72,,10043,25,,,1,26,,10042,25,,,1,74,,10047,25,,,1,19,,10045,25,,,1,25,,10039,25,,,1,73,,10048,25,,,1,81,,10046,25,,,1,97,,10044,25,,,1,41,,10052,25,,,1,93,,10055,25,,,1,95,,10050,25,,,1,88,,10053,25,,,1,106,,10054,25,,,1,99,,10058,25,,,1,104,,10056,25,,,1,94,,10057,25,,,1
6503,'DIM',712,,10150,2,,,2,100,,10152,2,,,2,100,,10154,2,,,2,100,,10156,2,,,2,103,,10153,2,,,2,97,,10151,2,,,2,106,,10139,2,,,2,100,,10155,2,,,2,96,,10157,2,,,2,98,,10142,2,,,2,102,,10144,2,,,2,98,,10143,2,,,2,100,,10146,2,,,2,100,,10148,2,,,2,100,,10140,2,,,2,100,,10141,2,,,2,100,,10147,2,,,2,100,,10149,2,,,2,100,,10145,2,,,2
6503,'SAM',712,,10170,2,,,2,100,,10173,2,,,2,100,,10172,2,,,2,100,,10174,2,,,2,102,,10175,2,,,2,97,,10177,2,,,2,107,,10176,2,,,2,99,,10171,2,,,2,97,,10158,2,,,2,98,,10160,2,,,2,102,,10163,2,,,2,100,,10166,2,,,2,98,,3589,2,,,2,100,,10168,2,,,2,100,,10162,2,,,2,100,,10159,2,,,2,100,,10161,2,,,2,100,,10164,2,,,2,100,,10165,2,,,2,45,,10167,2,,,2,75,,10169,2,,,2
6503,'SEM',558,,10187,2,,,2,66,,10179,2,,,2,27,,10206,2,,,2,63,,10180,2,,,2,24,,10182,2,,,2,78,,10195,2,,,2,26,,10212,2,,,2,78,,10183,2,,,2,25,,10184,2,,,2,70,,10203,2,,,2,30,,10185,2,,,2,70,,10210,2,,,2,30,,10207,2,,,2,70,,10208,2,,,2,30,,10209,2,,,2,70,,10186,2,,,2,30,,10189,2,,,2,70,,10181,2,,,2,30,,10193,2,,,2,74,,10194,2,,,2,30,,10178,2,,,2,65,,10188,2,,,2,25,,10200,2,,,2,15,,10211,2,,,2,55,,10201,2,,,2,15,,10202,2,,,2,15,,10196,2,,,2,13,,10204,2,,,2,57,,10199,2,,,2,33,,10191,2,,,2,104,,10190,2,,,2,99,,10192,2,,,2,100,,10197,2,,,2,101,,10198,2,,,2,99,,10205,2,,,2
7001,'DIM',652,,10411,2,,,1,100,,10401,2,,,1,99,,10409,2,,,1,99,,10412,2,,,1,68,,10415,2,,,1,31,,10410,2,,,1,70,,10417,2,,,1,27,,10416,2,,,1,70,,10413,2,,,1,35,,10414,2,,,1,69,,10418,2,,,1,27,,10394,2,,,1,73,,10419,2,,,1,25,,10397,2,,,1,75,,10398,2,,,1,27,,10399,2,,,1,74,,10396,2,,,1,33,,10402,2,,,1,74,,10405,2,,,1,30,,10400,2,,,1,94,,10406,2,,,1,100,,10403,2,,,1,100,,10395,2,,,1,100,,10407,2,,,1,100,,10408,2,,,1,100,,10404,2,,,1
7001,'SAM',652,,10436,2,,,1,100,,10441,2,,,1,99,,10443,2,,,1,99,,10444,2,,,1,67,,10442,2,,,1,32,,10420,2,,,1,69,,10445,2,,,1,28,,10440,2,,,1,70,,10421,2,,,1,34,,10437,2,,,1,68,,10422,2,,,1,33,,10438,2,,,1,69,,10424,2,,,1,25,,10439,2,,,1,73,,10427,2,,,1,29,,10429,2,,,1,74,,10426,2,,,1,34,,10428,2,,,1,73,,10432,2,,,1,30,,10430,2,,,1,94,,10434,2,,,1,100,,10423,2,,,1,100,,10425,2,,,1,99,,10435,2,,,1,101,,10433,2,,,1,100,,10431,2,,,1
7001,'SEM',508,,10472,2,,,1,30,,10450,2,,,1,65,,10473,2,,,1,18,,10474,2,,,1,17,,10469,2,,,1,67,,10480,2,,,1,24,,10461,2,,,1,24,,10447,2,,,1,69,,10479,2,,,1,30,,10476,2,,,1,71,,10477,2,,,1,29,,10458,2,,,1,71,,10481,2,,,1,28,,10449,2,,,1,72,,10454,2,,,1,27,,10478,2,,,1,70,,10448,2,,,1,29,,10446,2,,,1,72,,10475,2,,,1,30,,10453,2,,,1,77,,10456,2,,,1,24,,10452,2,,,1,50,,10459,2,,,1,47,,10451,2,,,1,77,,10463,2,,,1,28,,10466,2,,,1,76,,10467,2,,,1,27,,10455,2,,,1,81,,10464,2,,,1,85,,10460,2,,,1,34,,10457,2,,,1,149,,10465,2,,,1,100,,10462,2,,,1,100,,10470,2,,,1,102,,10468,2,,,1,129,,10471,2,,,1
7602,'DIM',605,,5136,2,,,2,96,,10940,2,,,2,100,,10950,2,,,2,100,,10952,2,,,2,30,,10948,2,,,2,70,,10949,2,,,2,30,,10930,2,,,2,70,,10953,2,,,2,30,,10951,2,,,2,69,,10939,2,,,2,32,,10954,2,,,2,72,,10955,2,,,2,27,,10931,2,,,2,74,,10941,2,,,2,33,,10933,2,,,2,64,,10934,2,,,2,30,,10936,2,,,2,70,,10932,2,,,2,30,,4405,2,,,2,70,,4422,2,,,2,30,,10937,2,,,2,74,,10945,2,,,2,94,,10946,2,,,2,100,,10938,2,,,2,101,,10947,2,,,2,101,,10935,2,,,2,100,,10942,2,,,2,100,,10944,2,,,2,100,,10943,2,,,2
7602,'SAM',605,,10973,2,,,2,96,,10972,2,,,2,100,,10976,2,,,2,100,,10978,2,,,2,30,,10983,2,,,2,70,,10971,2,,,2,30,,10980,2,,,2,70,,10979,2,,,2,30,,10984,2,,,2,69,,10957,2,,,2,30,,10974,2,,,2,74,,10956,2,,,2,27,,10975,2,,,2,74,,10982,2,,,2,33,,10958,2,,,2,64,,10959,2,,,2,30,,10981,2,,,2,70,,10962,2,,,2,30,,4456,2,,,2,70,,10960,2,,,2,30,,10977,2,,,2,75,,10965,2,,,2,93,,10967,2,,,2,100,,10963,2,,,2,101,,10961,2,,,2,101,,10966,2,,,2,100,,10964,2,,,2,100,,10969,2,,,2,100,,10968,2,,,2,101,,10970,2,,,2
7602,'SEM',548,,10985,2,,,2,62,,11014,2,,,2,16,,4470,2,,,2,11,,11012,2,,,2,64,,11016,2,,,2,18,,11018,2,,,2,21,,10992,2,,,2,61,,10986,2,,,2,35,,11013,2,,,2,68,,11017,2,,,2,31,,11010,2,,,2,72,,10987,2,,,2,30,,11015,2,,,2,70,,10991,2,,,2,29,,11011,2,,,2,71,,10990,2,,,2,30,,10995,2,,,2,71,,11020,2,,,2,28,,10996,2,,,2,70,,10988,2,,,2,35,,11019,2,,,2,65,,10989,2,,,2,24,,10993,2,,,2,26,,11000,2,,,2,65,,11001,2,,,2,25,,11004,2,,,2,65,,11006,2,,,2,25,,11002,2,,,2,20,,10998,2,,,2,74,,10994,2,,,2,70,,11005,2,,,2,31,,11008,2,,,2,100,,10997,2,,,2,100,,10999,2,,,2,100,,11007,2,,,2,103,,11003,2,,,2,109,,11009,2,,,2
