2402,'DIM',708,,7225,4,,,1,103,,7227,4,,,1,99,,7216,4,,,1,98,,7226,4,,,1,34,,7231,4,,,1,68,,7233,4,,,1,31,,7211,4,,,1,72,,7232,4,,,1,30,,7224,4,,,1,70,,7210,4,,,1,30,,7230,4,,,1,74,,7228,4,,,1,26,,7213,4,,,1,65,,7234,4,,,1,35,,7229,4,,,1,69,,7214,4,,,1,31,,7217,4,,,1,71,,7212,4,,,1,29,,7235,4,,,1,70,,7218,4,,,1,100,,7209,4,,,1,100,,7222,4,,,1,100,,7219,4,,,1,100,,7215,4,,,1,94,,7223,4,,,1,100,,7221,4,,,1,105,,7220,4,,,1
2402,'SAM',612,,7260,4,,,1,96,,7250,4,,,1,103,,7253,4,,,1,99,,7252,4,,,1,98,,7259,4,,,1,34,,7255,4,,,1,68,,7262,4,,,1,31,,7248,4,,,1,72,,7258,4,,,1,29,,7251,4,,,1,71,,7261,4,,,1,30,,7236,4,,,1,74,,7254,4,,,1,26,,7256,4,,,1,65,,7249,4,,,1,35,,7238,4,,,1,76,,7263,4,,,1,24,,7237,4,,,1,71,,7240,4,,,1,29,,7257,4,,,1,70,,7244,4,,,1,100,,7246,4,,,1,100,,7241,4,,,1,100,,7239,4,,,1,100,,7245,4,,,1,94,,7243,4,,,1,100,,7247,4,,,1,105,,7242,4,,,1
2402,'SEM',537,,7291,4,,,1,81,,7284,4,,,1,39,,7267,4,,,1,60,,7299,4,,,1,26,,7293,4,,,1,64,,7295,4,,,1,31,,7300,4,,,1,70,,7264,4,,,1,30,,7296,4,,,1,70,,7298,4,,,1,30,,7290,4,,,1,70,,7266,4,,,1,30,,7294,4,,,1,70,,7265,4,,,1,30,,7292,4,,,1,70,,7297,4,,,1,30,,7274,4,,,1,71,,7269,4,,,1,29,,7268,4,,,1,70,,7270,4,,,1,30,,7279,4,,,1,75,,7271,4,,,1,11,,7276,4,,,1,19,,7277,4,,,1,60,,7283,4,,,1,24,,7273,4,,,1,16,,7272,4,,,1,60,,7282,4,,,1,20,,7278,4,,,1,25,,7275,4,,,1,84,,7287,4,,,1,100,,7289,4,,,1,100,,7280,4,,,1,100,,7281,4,,,1,105,,7285,4,,,1,104,,7286,4,,,1,89,,7288,4,,,1
3303,'DIM',642,,7843,4,,,1,170,,7847,4,,,1,130,,7845,4,,,1,172,,7842,4,,,1,128,,7844,4,,,1,170,,7839,4,,,1,130,,7846,4,,,1,173,,7848,4,,,1,127,,7849,4,,,1,170,,7841,4,,,1,130,,7840,4,,,1
3303,'SAM',642,,7853,4,,,1,170,,7854,4,,,1,130,,7856,4,,,1,172,,7857,4,,,1,128,,7858,4,,,1,170,,7855,4,,,1,130,,7860,4,,,1,176,,7859,4,,,1,124,,7851,4,,,1,170,,7852,4,,,1,130,,7850,4,,,1
3303,'SEM',608,,7872,4,,,1,97,,7873,4,,,1,34,,7862,4,,,1,66,,7880,4,,,1,100,,7879,4,,,1,100,,7874,4,,,1,100,,7877,4,,,1,54,,7865,4,,,1,146,,7876,4,,,1,100,,7861,4,,,1,47,,7878,4,,,1,73,,7881,4,,,1,26,,7875,4,,,1,99,,7863,4,,,1,68,,7864,4,,,1,34,,7870,4,,,1,81,,7866,4,,,1,71,,7868,4,,,1,103,,7867,4,,,1,105,,7871,4,,,1,105,,7869,4,,,1
3703,'DIM',624,,7950,4,,,2,35,,7951,4,,,2,100,,7949,4,,,2,100,,7948,4,,,2,100,,7956,4,,,2,100,,7955,4,,,2,100,,7945,4,,,2,100,,7946,4,,,2,145,,7957,4,,,2,96,,7953,4,,,2,59,,7954,4,,,2,100,,7952,4,,,2,90,,7947,4,,,2
3703,'SAM',624,,1290,4,,,2,35,,7963,4,,,2,100,,7960,4,,,2,100,,7964,4,,,2,100,,7967,4,,,2,100,,7965,4,,,2,100,,7968,4,,,2,141,,7961,4,,,2,59,,7959,4,,,2,142,,7962,4,,,2,99,,7958,4,,,2,59,,7966,4,,,2,90,,7969,4,,,2
3703,'SEM',544,,7986,4,,,2,15,,7974,4,,,2,55,,1324,4,,,2,15,,7985,4,,,2,14,,7990,4,,,2,16,,7994,4,,,2,60,,7971,4,,,2,36,,7975,4,,,2,78,,7989,4,,,2,69,,7995,4,,,2,100,,7973,4,,,2,100,,7992,4,,,2,100,,7976,4,,,2,100,,7987,4,,,2,100,,7993,4,,,2,42,,7991,4,,,2,60,,7972,4,,,2,26,,7988,4,,,2,72,,7970,4,,,2,33,,7996,4,,,2,102,,7977,4,,,2,99,,7983,4,,,2,103,,7978,4,,,2,100,,7982,4,,,2,100,,7984,4,,,2,100,,7979,4,,,2,97,,7981,4,,,2,102,,7980,4,,,2
6303,'DIM',732,,10005,4,,,1,100,,10007,4,,,1,101,,9998,4,,,1,96,,10006,4,,,1,103,,10010,4,,,1,95,,10008,4,,,1,103,,10011,4,,,1,103,,10009,4,,,1,101,,10012,4,,,1,100,,10013,4,,,1,101,,9999,4,,,1,98,,9995,4,,,1,99,,9996,4,,,1,100,,10001,4,,,1,100,,9997,4,,,1,100,,10002,4,,,1,100,,10000,4,,,1,100,,10003,4,,,1,100,,10004,4,,,1
6303,'SAM',632,,10027,4,,,1,100,,10031,4,,,1,100,,10028,4,,,1,101,,10026,4,,,1,96,,10030,4,,,1,103,,10029,4,,,1,95,,10033,4,,,1,103,,10032,4,,,1,103,,10014,4,,,1,103,,10015,4,,,1,98,,10016,4,,,1,101,,10018,4,,,1,98,,10017,4,,,1,99,,10022,4,,,1,100,,10019,4,,,1,100,,10020,4,,,1,100,,10023,4,,,1,100,,10021,4,,,1,100,,10024,4,,,1,100,,10025,4,,,1
6303,'SEM',551,,10049,4,,,1,60,,10059,4,,,1,15,,10060,4,,,1,76,,10066,4,,,1,14,,10064,4,,,1,34,,10038,4,,,1,63,,10040,4,,,1,34,,10041,4,,,1,73,,10034,4,,,1,25,,10037,4,,,1,73,,10063,4,,,1,27,,10051,4,,,1,70,,10067,4,,,1,26,,10061,4,,,1,78,,10035,4,,,1,27,,10036,4,,,1,70,,10065,4,,,1,30,,10062,4,,,1,72,,10068,4,,,1,32,,10043,4,,,1,65,,10042,4,,,1,34,,10047,4,,,1,59,,10045,4,,,1,25,,10039,4,,,1,73,,10048,4,,,1,40,,10046,4,,,1,100,,10044,4,,,1,81,,10052,4,,,1,94,,10055,4,,,1,95,,10050,4,,,1,88,,10053,4,,,1,106,,10054,4,,,1,100,,10058,4,,,1,106,,10056,4,,,1,94,,10057,4,,,1
