1703,'DIM',630,,6801,35,,,1,89,,6794,35,,,1,101,,100,35,,,1,102,,6796,35,,,1,97,,6797,35,,,1,102,,6793,35,,,1,100,,6799,35,,,1,99,,6795,35,,,1,102,,6798,35,,,1,100,,6800,35,,,1,102,,6783,35,,,1,98,,6787,35,,,1,98,,6786,35,,,1,101,,6785,35,,,1,98,,6788,35,,,1,99,,6791,35,,,1,100,,6784,35,,,1,100,,6789,35,,,1,102,,6790,35,,,1,117,,6792,35,,,1
1703,'SAM',552,,6813,35,,,1,78,,6819,35,,,1,89,,121,35,,,1,101,,6810,35,,,1,102,,6812,35,,,1,97,,6814,35,,,1,101,,6818,35,,,1,101,,6816,35,,,1,100,,6811,35,,,1,101,,6817,35,,,1,100,,6815,35,,,1,102,,6820,35,,,1,99,,6821,35,,,1,98,,6802,35,,,1,100,,6807,35,,,1,98,,6804,35,,,1,99,,6803,35,,,1,100,,6805,35,,,1,100,,6808,35,,,1,102,,6809,35,,,1,117,,6806,35,,,1
1703,'SEM',612,,6839,35,,,1,104,,6841,35,,,1,106,,6840,35,,,1,96,,6825,35,,,1,101,,6838,35,,,1,101,,6837,35,,,1,100,,6843,35,,,1,101,,6826,35,,,1,100,,6823,35,,,1,99,,6842,35,,,1,35,,6845,35,,,1,60,,6844,35,,,1,36,,6822,35,,,1,63,,6833,35,,,1,37,,6824,35,,,1,79,,6827,35,,,1,70,,6830,35,,,1,27,,6835,35,,,1,99,,6836,35,,,1,100,,6828,35,,,1,100,,6829,35,,,1,99,,6831,35,,,1,99,,6832,35,,,1,102,,6834,35,,,1
3103,'DIM',649,,7731,37,,,1,101,,7730,37,,,1,100,,1058,37,,,1,100,,7735,37,,,1,100,,7734,37,,,1,100,,7732,37,,,1,102,,7721,37,,,1,101,,7733,37,,,1,99,,7720,37,,,1,101,,7719,37,,,1,99,,7724,37,,,1,98,,7726,37,,,1,103,,7725,37,,,1,96,,7727,37,,,1,101,,7723,37,,,1,100,,7722,37,,,1,99,,7728,37,,,1,100,,7729,37,,,1
3103,'SAM',649,,7748,37,,,1,101,,7747,37,,,1,100,,1075,37,,,1,100,,7752,37,,,1,100,,7753,37,,,1,100,,7749,37,,,1,100,,7745,37,,,1,102,,7750,37,,,1,100,,7746,37,,,1,101,,7751,37,,,1,100,,7740,37,,,1,98,,7742,37,,,1,100,,7738,37,,,1,99,,7743,37,,,1,100,,7736,37,,,1,100,,7737,37,,,1,99,,7739,37,,,1,101,,7741,37,,,1,95,,7744,37,,,1
3103,'SEM',646,,7775,37,,,1,100,,7773,37,,,1,101,,7774,37,,,1,101,,7754,37,,,1,101,,7755,37,,,1,100,,7757,37,,,1,100,,7776,37,,,1,100,,7756,37,,,1,102,,7761,37,,,1,98,,7762,37,,,1,51,,7763,37,,,1,37,,7758,37,,,1,69,,7767,37,,,1,40,,7764,37,,,1,68,,7760,37,,,1,36,,7772,37,,,1,69,,7759,37,,,1,36,,7771,37,,,1,100,,7765,37,,,1,101,,7768,37,,,1,99,,7769,37,,,1,96,,7766,37,,,1,154,,7770,37,,,1
3903,'DIM',853,,1407,48,,,1,100,,8065,58,,,1,70,,8070,58,,,1,31,,8071,58,,,1,70,,8068,58,,,1,34,,8069,58,,,1,66,,8072,58,,,1,29,,8062,58,,,1,71,,8066,58,,,1,30,,8063,58,,,1,71,,8049,58,,,1,30,,8052,58,,,1,72,,8055,58,,,1,30,,8067,58,,,1,71,,8056,58,,,1,30,,8057,58,,,1,65,,8058,58,,,1,18,,8064,58,,,1,10,,8059,58,,,1,64,,8053,58,,,1,25,,8060,58,,,1,98,,8050,58,,,1,100,,8061,58,,,1,98,,8051,58,,,1,104,,8054,58,,,1
3903,'SAM',853,,8097,48,,,1,100,,8092,58,,,1,70,,8096,58,,,1,31,,8073,58,,,1,70,,8087,58,,,1,34,,8090,58,,,1,66,,8089,58,,,1,30,,8074,58,,,1,70,,8088,58,,,1,30,,8091,58,,,1,71,,8075,58,,,1,30,,8094,58,,,1,72,,8078,58,,,1,30,,8079,58,,,1,71,,8081,58,,,1,30,,8095,58,,,1,65,,8082,58,,,1,18,,8093,58,,,1,11,,8080,58,,,1,63,,8077,58,,,1,29,,8076,58,,,1,96,,8084,58,,,1,98,,8083,58,,,1,98,,8086,58,,,1,104,,8085,58,,,1
3903,'SEM',745,,8120,58,,,1,101,,8102,58,,,1,104,,8100,58,,,1,72,,8104,58,,,1,29,,8121,58,,,1,71,,8122,58,,,1,29,,8115,58,,,1,71,,8119,58,,,1,28,,8123,58,,,1,78,,8099,58,,,1,73,,8106,58,,,1,27,,8108,58,,,1,72,,8109,58,,,1,35,,8098,58,,,1,78,,8116,58,,,1,23,,8110,58,,,1,68,,8101,58,,,1,25,,8103,58,,,1,73,,8111,58,,,1,39,,8112,58,,,1,79,,8105,58,,,1,98,,8107,58,,,1,95,,8113,58,,,1,103,,8117,58,,,1,95,,8114,58,,,1,47,,8118,58,,,1
4503,'DIM',657,,8779,36,,,1,100,,8789,36,,,1,101,,8787,36,,,1,99,,8793,36,,,1,101,,8788,36,,,1,98,,8791,36,,,1,145,,8781,36,,,1,101,,8785,36,,,1,98,,8778,36,,,1,102,,8776,36,,,1,52,,8790,36,,,1,102,,8792,36,,,1,103,,8777,36,,,1,142,,8786,36,,,1,101,,8780,36,,,1,99,,8783,36,,,1,99,,8784,36,,,1,101,,8782,36,,,1
4503,'SAM',657,,8807,36,,,1,100,,8803,36,,,1,101,,8806,36,,,1,99,,8805,36,,,1,101,,8795,36,,,1,97,,8804,36,,,1,146,,8808,36,,,1,100,,8799,36,,,1,101,,8810,36,,,1,101,,8809,36,,,1,51,,8811,36,,,1,105,,8794,36,,,1,100,,8801,36,,,1,142,,8796,36,,,1,101,,8800,36,,,1,99,,8798,36,,,1,99,,8802,36,,,1,101,,8797,36,,,1
4503,'SEM',648,,8817,36,,,1,58,,8815,36,,,1,34,,8812,36,,,1,68,,8832,36,,,1,25,,8816,36,,,1,79,,8814,36,,,1,25,,8833,36,,,1,110,,8831,36,,,1,100,,8820,36,,,1,95,,8818,36,,,1,100,,8834,36,,,1,103,,8813,36,,,1,106,,8835,36,,,1,68,,8822,36,,,1,87,,8825,36,,,1,18,,8819,36,,,1,17,,8826,36,,,1,71,,8828,36,,,1,39,,8824,36,,,1,98,,8823,36,,,1,100,,8827,36,,,1,100,,8830,36,,,1,99,,8821,36,,,1,95,,8829,36,,,1
7303,'DIM',705,,10582,35,,,1,100,,10579,35,,,1,102,,10580,35,,,1,98,,10583,35,,,1,100,,10586,35,,,1,100,,10581,35,,,1,100,,10584,35,,,1,102,,10578,35,,,1,99,,10585,35,,,1,102,,10587,35,,,1,99,,10572,35,,,1,99,,10569,35,,,1,101,,10575,35,,,1,97,,10571,35,,,1,100,,10570,35,,,1,100,,10573,35,,,1,99,,10574,35,,,1,102,,10577,35,,,1,105,,10576,35,,,1
7303,'SAM',611,,10601,35,,,1,94,,10598,35,,,1,100,,10597,35,,,1,102,,10602,35,,,1,98,,10604,35,,,1,101,,10600,35,,,1,99,,10591,35,,,1,100,,10603,35,,,1,102,,10599,35,,,1,99,,10605,35,,,1,102,,10606,35,,,1,101,,10590,35,,,1,98,,10588,35,,,1,99,,10589,35,,,1,98,,10593,35,,,1,100,,10592,35,,,1,100,,4040,35,,,1,99,,10594,35,,,1,102,,4041,35,,,1,105,,10595,35,,,1,100,,4042,35,,,1,100,,10596,35,,,1
7303,'SEM',558,,10643,35,,,1,66,,10640,35,,,1,80,,10639,35,,,1,10,,10644,35,,,1,39,,10633,35,,,1,56,,10609,35,,,1,43,,10641,35,,,1,52,,10608,35,,,1,31,,10626,35,,,1,71,,10642,35,,,1,29,,10610,35,,,1,71,,10615,35,,,1,29,,10625,35,,,1,72,,10616,35,,,1,29,,10645,35,,,1,70,,10611,35,,,1,30,,10614,35,,,1,70,,10620,35,,,1,30,,10607,35,,,1,70,,10617,35,,,1,35,,10646,35,,,1,65,,10627,35,,,1,15,,10619,35,,,1,22,,10612,35,,,1,16,,10613,35,,,1,63,,10623,35,,,1,16,,10621,35,,,1,69,,10634,35,,,1,15,,10622,35,,,1,16,,10618,35,,,1,72,,10628,35,,,1,30,,10631,35,,,1,72,,10624,35,,,1,99,,10636,35,,,1,100,,10629,35,,,1,98,,10635,35,,,1,99,,10630,35,,,1,41,,10632,35,,,1,95,,10637,35,,,1,161,,10638,35,,,1
