1704,'DIM',456,,6858,12,,,1,90,,6859,12,,,1,100,,6863,12,,,1,102,,6857,12,,,1,99,,165,12,,,1,100,,6861,12,,,1,101,,6862,12,,,1,100,,6864,12,,,1,101,,6865,12,,,1,101,,6860,12,,,1,102,,6846,12,,,1,99,,6847,12,,,1,100,,6850,12,,,1,101,,6852,12,,,1,99,,6851,12,,,1,98,,6849,12,,,1,100,,6853,12,,,1,101,,6856,12,,,1,99,,6848,12,,,1,99,,6854,12,,,1,96,,6855,12,,,1
1704,'SAM',456,,6878,12,,,1,90,,6879,12,,,1,100,,6885,12,,,1,102,,6882,12,,,1,99,,6877,12,,,1,100,,6881,12,,,1,101,,6886,12,,,1,100,,6884,12,,,1,101,,6883,12,,,1,101,,6880,12,,,1,101,,6867,12,,,1,100,,6868,12,,,1,101,,6870,12,,,1,100,,6872,12,,,1,99,,6866,12,,,1,98,,6874,12,,,1,100,,6871,12,,,1,101,,6869,12,,,1,99,,6873,12,,,1,99,,6875,12,,,1,96,,6876,12,,,1
1704,'SEM',508,,6901,12,,,1,92,,6906,12,,,1,22,,6909,12,,,1,22,,6888,12,,,1,66,,6892,12,,,1,35,,6893,12,,,1,61,,6887,12,,,1,98,,6890,12,,,1,44,,6891,12,,,1,100,,6894,12,,,1,100,,6905,12,,,1,100,,6907,12,,,1,100,,6896,12,,,1,102,,6908,12,,,1,100,,6889,12,,,1,105,,6897,12,,,1,96,,6895,12,,,1,98,,6898,12,,,1,101,,6903,12,,,1,101,,6904,12,,,1,100,,6899,12,,,1,100,,6900,12,,,1,100,,6902,12,,,1
3104,'DIM',616,,7789,22,,,1,102,,7790,22,,,1,100,,7788,22,,,1,100,,7794,22,,,1,100,,7795,22,,,1,100,,7793,22,,,1,100,,7791,22,,,1,103,,7779,22,,,1,101,,7792,22,,,1,100,,7778,22,,,1,101,,7777,22,,,1,99,,7782,22,,,1,98,,7784,22,,,1,103,,7783,22,,,1,96,,7785,22,,,1,101,,7781,22,,,1,100,,7780,22,,,1,98,,7786,22,,,1,102,,7787,22,,,1
3104,'SAM',517,,1137,22,,,1,99,,7805,22,,,1,102,,7808,22,,,1,100,,7807,22,,,1,100,,7810,22,,,1,100,,7813,22,,,1,100,,7814,22,,,1,100,,7809,22,,,1,102,,7804,22,,,1,101,,7811,22,,,1,101,,7806,22,,,1,101,,7812,22,,,1,100,,7800,22,,,1,98,,7802,22,,,1,100,,7798,22,,,1,99,,7803,22,,,1,100,,7796,22,,,1,100,,7797,22,,,1,98,,7799,22,,,1,102,,7801,22,,,1
3104,'SEM',440,,7823,22,,,1,77,,7824,22,,,1,90,,7835,22,,,1,21,,7837,22,,,1,23,,7817,22,,,1,73,,7836,22,,,1,28,,7833,22,,,1,69,,7831,22,,,1,35,,7832,22,,,1,61,,7834,22,,,1,100,,7815,22,,,1,101,,7816,22,,,1,100,,7819,22,,,1,101,,7838,22,,,1,100,,7818,22,,,1,102,,7821,22,,,1,100,,7822,22,,,1,96,,7820,22,,,1,105,,7825,22,,,1,97,,7830,22,,,1,105,,7829,22,,,1,100,,7826,22,,,1,102,,7827,22,,,1,100,,7828,22,,,1
3904,'DIM',817,,8142,12,,,1,112,,8136,12,,,1,82,,8143,12,,,1,30,,8146,12,,,1,73,,8137,12,,,1,27,,8135,12,,,1,73,,8145,12,,,1,29,,8140,12,,,1,74,,8129,12,,,1,27,,8144,12,,,1,70,,8138,12,,,1,31,,8139,12,,,1,72,,8128,12,,,1,30,,8141,12,,,1,71,,8124,12,,,1,31,,8125,12,,,1,68,,8130,12,,,1,28,,8131,12,,,1,70,,8132,12,,,1,43,,8133,12,,,1,98,,8126,12,,,1,100,,8134,12,,,1,100,,8127,12,,,1
3904,'SAM',817,,8162,12,,,1,112,,8155,12,,,1,82,,8166,12,,,1,30,,8156,12,,,1,70,,8147,12,,,1,30,,8153,12,,,1,76,,8159,12,,,1,26,,8157,12,,,1,74,,8163,12,,,1,27,,8154,12,,,1,70,,8160,12,,,1,31,,8161,12,,,1,71,,8167,12,,,1,31,,8158,12,,,1,72,,8164,12,,,1,24,,8165,12,,,1,74,,8168,12,,,1,28,,8169,12,,,1,70,,8148,12,,,1,86,,8149,12,,,1,57,,8151,12,,,1,98,,8150,12,,,1,100,,8152,12,,,1
3904,'SEM',612,,8193,12,,,1,27,,8186,12,,,1,14,,8192,12,,,1,51,,8174,12,,,1,29,,8189,12,,,1,71,,8170,12,,,1,31,,8187,12,,,1,70,,8194,12,,,1,35,,8172,12,,,1,67,,8173,12,,,1,33,,8184,12,,,1,69,,8188,12,,,1,31,,8190,12,,,1,68,,8181,12,,,1,32,,8185,12,,,1,67,,8191,12,,,1,38,,8171,12,,,1,74,,8176,12,,,1,30,,8178,12,,,1,71,,8179,12,,,1,101,,8195,12,,,1,112,,8182,12,,,1,99,,8183,12,,,1,105,,8175,12,,,1,100,,8177,12,,,1,94,,8180,12,,,1
4504,'DIM',614,,8845,12,,,1,100,,8838,12,,,1,99,,8846,12,,,1,101,,8848,12,,,1,99,,8852,12,,,1,97,,8853,12,,,1,102,,8849,12,,,1,98,,8844,12,,,1,108,,8842,12,,,1,98,,8836,12,,,1,100,,8851,12,,,1,96,,8847,12,,,1,101,,8850,12,,,1,103,,8837,12,,,1,101,,8843,12,,,1,101,,8839,12,,,1,100,,8840,12,,,1,100,,8841,12,,,1
4504,'SAM',614,,2249,12,,,1,100,,8867,12,,,1,99,,8864,12,,,1,101,,8868,12,,,1,99,,8866,12,,,1,101,,8855,12,,,1,97,,8865,12,,,1,102,,8854,12,,,1,104,,8860,12,,,1,101,,8869,12,,,1,98,,8857,12,,,1,96,,8870,12,,,1,101,,8858,12,,,1,103,,8862,12,,,1,101,,8856,12,,,1,101,,8861,12,,,1,100,,8859,12,,,1,100,,8863,12,,,1
4504,'SEM',531,,8890,12,,,1,15,,8891,12,,,1,80,,8896,12,,,1,84,,8876,12,,,1,18,,8874,12,,,1,18,,8872,12,,,1,57,,8889,12,,,1,51,,8875,12,,,1,146,,8893,12,,,1,111,,8888,12,,,1,96,,8878,12,,,1,94,,8877,12,,,1,100,,8894,12,,,1,42,,8873,12,,,1,65,,8871,12,,,1,31,,8892,12,,,1,70,,8895,12,,,1,38,,8880,12,,,1,77,,8883,12,,,1,81,,8884,12,,,1,104,,8882,12,,,1,105,,8881,12,,,1,102,,8885,12,,,1,90,,8887,12,,,1,100,,8879,12,,,1,95,,8886,12,,,1
