202,'SAM',2619,,6708,8,,,1,81,,6709,8,,,1
202,'SEM',519,,6714,8,,,1,30,,6715,8,,,1,55,,6710,8,,,1,1999,,6711,8,,,1,41,,6712,8,,,1,81,,6713,8,,,1
1703,'DIM',614,,6801,6,,,1,89,,6794,6,,,1,99,,100,6,,,1,101,,6796,6,,,1,97,,6797,6,,,1,101,,6793,6,,,1,100,,6799,6,,,1,99,,6795,6,,,1,101,,6798,6,,,1,100,,6800,6,,,1,102,,6783,6,,,1,99,,6787,6,,,1,99,,6786,6,,,1,101,,6785,6,,,1,99,,6788,6,,,1,99,,6791,6,,,1,101,,6784,6,,,1,100,,6789,6,,,1,102,,6790,6,,,1,120,,6792,6,,,1
1703,'SAM',537,,6813,6,,,1,77,,6819,6,,,1,89,,121,6,,,1,99,,6810,6,,,1,101,,6812,6,,,1,97,,6814,6,,,1,100,,6818,6,,,1,101,,6816,6,,,1,100,,6811,6,,,1,100,,6817,6,,,1,100,,6815,6,,,1,102,,6820,6,,,1,100,,6821,6,,,1,99,,6802,6,,,1,100,,6807,6,,,1,99,,6804,6,,,1,99,,6803,6,,,1,101,,6805,6,,,1,100,,6808,6,,,1,102,,6809,6,,,1,120,,6806,6,,,1
1703,'SEM',556,,6839,6,,,1,102,,6841,6,,,1,145,,6840,6,,,1,56,,6825,6,,,1,100,,6838,6,,,1,100,,6837,6,,,1,100,,6843,6,,,1,100,,6826,6,,,1,100,,6823,6,,,1,98,,6842,6,,,1,75,,6845,6,,,1,20,,6844,6,,,1,76,,6822,6,,,1,23,,6833,6,,,1,78,,6824,6,,,1,80,,6827,6,,,1,30,,6830,6,,,1,69,,6835,6,,,1,99,,6836,6,,,1,100,,6828,6,,,1,100,,6829,6,,,1,100,,6831,6,,,1,100,,6832,6,,,1,104,,6834,6,,,1
2703,'DIM',857,,7609,6,,,2,100,,7612,6,,,2,98,,7614,6,,,2,102,,7608,6,,,2,95,,7616,6,,,2,106,,7611,6,,,2,101,,7613,6,,,2,100,,7610,6,,,2,100,,7615,6,,,2,100,,7602,6,,,2,100,,7604,6,,,2,98,,7603,6,,,2,100,,7607,6,,,2,100,,7601,6,,,2,102,,7600,6,,,2,100,,7605,6,,,2,100,,7606,6,,,2
2703,'SAM',657,,7626,6,,,2,100,,7627,6,,,2,100,,7625,6,,,2,100,,7635,6,,,2,100,,7629,6,,,2,100,,7632,6,,,2,94,,7628,6,,,2,107,,7630,6,,,2,142,,7631,6,,,2,59,,7624,6,,,2,94,,7633,6,,,2,106,,7634,6,,,2,100,,7619,6,,,2,98,,7622,6,,,2,100,,7617,6,,,2,100,,7618,6,,,2,102,,7620,6,,,2,100,,7621,6,,,2,100,,7623,6,,,2
2703,'SEM',803,,7653,6,,,2,50,,7638,6,,,2,100,,7644,6,,,2,100,,7637,6,,,2,99,,7655,6,,,2,90,,7652,6,,,2,103,,7656,6,,,2,100,,7641,6,,,2,81,,7639,6,,,2,82,,7654,6,,,2,15,,7636,6,,,2,30,,7643,6,,,2,79,,7640,6,,,2,25,,7651,6,,,2,96,,7647,6,,,2,87,,7650,6,,,2,103,,7646,6,,,2,102,,7642,6,,,2,100,,7645,6,,,2,100,,7648,6,,,2,100,,7649,6,,,2
3103,'DIM',633,,7731,8,,,1,99,,7730,8,,,1,99,,1058,8,,,1,99,,7735,8,,,1,99,,7734,8,,,1,100,,7732,8,,,1,102,,7721,8,,,1,100,,7733,8,,,1,99,,7720,8,,,1,102,,7719,8,,,1,99,,7724,8,,,1,99,,7726,8,,,1,103,,7725,8,,,1,97,,7727,8,,,1,101,,7723,8,,,1,100,,7722,8,,,1,100,,7728,8,,,1,101,,7729,8,,,1
3103,'SAM',633,,7748,8,,,1,99,,7747,8,,,1,99,,1075,8,,,1,99,,7752,8,,,1,99,,7753,8,,,1,100,,7749,8,,,1,100,,7745,8,,,1,101,,7750,8,,,1,100,,7746,8,,,1,102,,7751,8,,,1,100,,7740,8,,,1,99,,7742,8,,,1,100,,7738,8,,,1,100,,7743,8,,,1,100,,7736,8,,,1,100,,7737,8,,,1,100,,7739,8,,,1,102,,7741,8,,,1,95,,7744,8,,,1
3103,'SEM',628,,7775,8,,,1,99,,7773,8,,,1,100,,7774,8,,,1,100,,7754,8,,,1,101,,7755,8,,,1,100,,7757,8,,,1,100,,7776,8,,,1,100,,7756,8,,,1,100,,7761,8,,,1,98,,7762,8,,,1,11,,7763,8,,,1,76,,7758,8,,,1,30,,7767,8,,,1,80,,7764,8,,,1,30,,7760,8,,,1,76,,7772,8,,,1,30,,7759,8,,,1,76,,7771,8,,,1,100,,7765,8,,,1,101,,7768,8,,,1,100,,7769,8,,,1,98,,7766,8,,,1,114,,7770,8,,,1
4303,'DIM',633,,8647,6,,,1,100,,8649,6,,,1,100,,8653,6,,,1,100,,8651,6,,,1,106,,8652,6,,,1,101,,8650,6,,,1,100,,8656,6,,,1,99,,8654,6,,,1,103,,8655,6,,,1,97,,8637,6,,,1,99,,8638,6,,,1,104,,8640,6,,,1,92,,8643,6,,,1,99,,8642,6,,,1,100,,8639,6,,,1,100,,8641,6,,,1,100,,8648,6,,,1,100,,8644,6,,,1,100,,8646,6,,,1,100,,8645,6,,,1
4303,'SAM',633,,8668,6,,,1,100,,8658,6,,,1,100,,8673,6,,,1,100,,8659,6,,,1,106,,8660,6,,,1,101,,8671,6,,,1,100,,8669,6,,,1,99,,8674,6,,,1,102,,8670,6,,,1,101,,8672,6,,,1,98,,8657,6,,,1,98,,8675,6,,,1,96,,8664,6,,,1,99,,8661,6,,,1,100,,2041,6,,,1,100,,8662,6,,,1,100,,8663,6,,,1,100,,8667,6,,,1,100,,8665,6,,,1,100,,8666,6,,,1
4303,'SEM',633,,8697,6,,,1,100,,8698,6,,,1,81,,8679,6,,,1,104,,8699,6,,,1,31,,8678,6,,,1,69,,8695,6,,,1,30,,8685,6,,,1,70,,8681,6,,,1,30,,8701,6,,,1,70,,8700,6,,,1,30,,8696,6,,,1,72,,8682,6,,,1,28,,8683,6,,,1,70,,8687,6,,,1,30,,8702,6,,,1,70,,8677,6,,,1,25,,8684,6,,,1,70,,8680,6,,,1,19,,8703,6,,,1,76,,8686,6,,,1,31,,8676,6,,,1,71,,8692,6,,,1,102,,8693,6,,,1,101,,8694,6,,,1,101,,8688,6,,,1,101,,8689,6,,,1,110,,8690,6,,,1,106,,8691,6,,,1
4803,'DIM',703,,9047,6,,,1,103,,9051,6,,,1,102,,9055,6,,,1,99,,9038,6,,,1,102,,9048,6,,,1,101,,9049,6,,,1,95,,9054,6,,,1,105,,9050,6,,,1,99,,9052,6,,,1,100,,9039,6,,,1,100,,9053,6,,,1,100,,9041,6,,,1,95,,9045,6,,,1,100,,9044,6,,,1,100,,9043,6,,,1,99,,2438,6,,,1,100,,9040,6,,,1,35,,9042,6,,,1,121,,9046,6,,,1
4803,'SAM',603,,2450,6,,,1,100,,9067,6,,,1,102,,9070,6,,,1,103,,9074,6,,,1,99,,9065,6,,,1,101,,9073,6,,,1,101,,9068,6,,,1,94,,9071,6,,,1,106,,9069,6,,,1,100,,9066,6,,,1,100,,9072,6,,,1,100,,9059,6,,,1,100,,9061,6,,,1,95,,9057,6,,,1,100,,9056,6,,,1,98,,9058,6,,,1,101,,9063,6,,,1,100,,9064,6,,,1,35,,9060,6,,,1,121,,9062,6,,,1
4803,'SEM',558,,9096,6,,,1,60,,9098,6,,,1,37,,9087,6,,,1,73,,9099,6,,,1,31,,9102,6,,,1,64,,9083,6,,,1,80,,9082,6,,,1,30,,9077,6,,,1,95,,9084,6,,,1,100,,9079,6,,,1,100,,9078,6,,,1,100,,9100,6,,,1,80,,9075,6,,,1,101,,9080,6,,,1,35,,9097,6,,,1,64,,9076,6,,,1,30,,9101,6,,,1,70,,9088,6,,,1,30,,9081,6,,,1,70,,9089,6,,,1,95,,9094,6,,,1,100,,9085,6,,,1,100,,9086,6,,,1,99,,9090,6,,,1,100,,9092,6,,,1,99,,9091,6,,,1,51,,9093,6,,,1,73,,9095,6,,,1
5801,'DIM',523,,9661,6,,,2,100,,9643,6,,,2,90,,9652,6,,,2,99,,9655,6,,,2,99,,9658,6,,,2,100,,9651,6,,,2,102,,9660,6,,,2,98,,9657,6,,,2,103,,9654,6,,,2,99,,9656,6,,,2,102,,9653,6,,,2,99,,9646,6,,,2,101,,9659,6,,,2,99,,9642,6,,,2,99,,9650,6,,,2,99,,9645,6,,,2,101,,9644,6,,,2,100,,9648,6,,,2,99,,9647,6,,,2,110,,9649,6,,,2
5801,'SAM',523,,9681,6,,,2,100,,9673,6,,,2,90,,9672,6,,,2,99,,9677,6,,,2,100,,9675,6,,,2,99,,9678,6,,,2,102,,9680,6,,,2,98,,9662,6,,,2,101,,9671,6,,,2,101,,9676,6,,,2,101,,9674,6,,,2,101,,9679,6,,,2,100,,9665,6,,,2,100,,9669,6,,,2,98,,9663,6,,,2,99,,9670,6,,,2,101,,9666,6,,,2,100,,9668,6,,,2,99,,9664,6,,,2,110,,9667,6,,,2
5801,'SEM',513,,9695,6,,,2,28,,9692,6,,,2,82,,9705,6,,,2,82,,9693,6,,,2,46,,9699,6,,,2,85,,9686,6,,,2,99,,9706,6,,,2,100,,9682,6,,,2,100,,9687,6,,,2,100,,9704,6,,,2,100,,9683,6,,,2,86,,9694,6,,,2,31,,9684,6,,,2,72,,9707,6,,,2,28,,9689,6,,,2,75,,9691,6,,,2,28,,9690,6,,,2,68,,9685,6,,,2,29,,9703,6,,,2,70,,9688,6,,,2,30,,9701,6,,,2,100,,9702,6,,,2,100,,9697,6,,,2,99,,9696,6,,,2,100,,9698,6,,,2,100,,9700,6,,,2
6002,'DIM',653,,9823,6,,,1,100,,9832,6,,,1,99,,9830,6,,,1,100,,9831,6,,,1,100,,9833,6,,,1,100,,9836,6,,,1,100,,9834,6,,,1,100,,9837,6,,,1,100,,9835,6,,,1,99,,9838,6,,,1,99,,9839,6,,,1,101,,9825,6,,,1,101,,9827,6,,,1,101,,9826,6,,,1,101,,9828,6,,,1,100,,9822,6,,,1,100,,9824,6,,,1,99,,9829,6,,,1
6002,'SAM',653,,9851,6,,,1,100,,9842,6,,,1,99,,9854,6,,,1,100,,9856,6,,,1,100,,9852,6,,,1,100,,9855,6,,,1,100,,9853,6,,,1,100,,9841,6,,,1,100,,9857,6,,,1,99,,9840,6,,,1,99,,9844,6,,,1,103,,9849,6,,,1,99,,9845,6,,,1,101,,9846,6,,,1,101,,9850,6,,,1,100,,9843,6,,,1,100,,9847,6,,,1,99,,9848,6,,,1
6002,'SEM',624,,9875,6,,,1,100,,9873,6,,,1,100,,9859,6,,,1,99,,9876,6,,,1,100,,9874,6,,,1,101,,9864,6,,,1,100,,9858,6,,,1,99,,9860,6,,,1,101,,9872,6,,,1,98,,9861,6,,,1,101,,9866,6,,,1,107,,9863,6,,,1,94,,9869,6,,,1,101,,9867,6,,,1,99,,9862,6,,,1,100,,9865,6,,,1,99,,9868,6,,,1,90,,9871,6,,,1,100,,9870,6,,,1
7002,'DIM',657,,10489,6,,,1,102,,10496,6,,,1,100,,3943,6,,,1,100,,10492,6,,,1,68,,10493,6,,,1,73,,10495,6,,,1,29,,10485,6,,,1,25,,10494,6,,,1,75,,10491,6,,,1,25,,10500,6,,,1,79,,10498,6,,,1,67,,10501,6,,,1,36,,10483,6,,,1,65,,10497,6,,,1,31,,10503,6,,,1,23,,10499,6,,,1,78,,10502,6,,,1,68,,10487,6,,,1,36,,10505,6,,,1,74,,3946,6,,,1,97,,10504,6,,,1,95,,10482,6,,,1,55,,10484,6,,,1,101,,10488,6,,,1,99,,10486,6,,,1,143,,10490,6,,,1
7002,'SAM',656,,10532,6,,,1,103,,10512,6,,,1,100,,10520,6,,,1,100,,10519,6,,,1,65,,10528,6,,,1,76,,10533,6,,,1,29,,10530,6,,,1,24,,10524,6,,,1,75,,10523,6,,,1,26,,10522,6,,,1,79,,10525,6,,,1,75,,10521,6,,,1,27,,10531,6,,,1,65,,10529,6,,,1,28,,10527,6,,,1,26,,10526,6,,,1,79,,10515,6,,,1,69,,10511,6,,,1,36,,10513,6,,,1,74,,10508,6,,,1,96,,10517,6,,,1,95,,10509,6,,,1,56,,10510,6,,,1,100,,10516,6,,,1,99,,10514,6,,,1,143,,10518,6,,,1
7002,'SEM',531,,10541,6,,,1,96,,10561,6,,,1,26,,10562,6,,,1,73,,10540,6,,,1,76,,10543,6,,,1,27,,10545,6,,,1,30,,10560,6,,,1,70,,10538,6,,,1,30,,10567,6,,,1,70,,10546,6,,,1,27,,10568,6,,,1,73,,10563,6,,,1,26,,10565,6,,,1,74,,10564,6,,,1,29,,10539,6,,,1,70,,10566,6,,,1,24,,10559,6,,,1,76,,10544,6,,,1,31,,10547,6,,,1,70,,10542,6,,,1,30,,10536,6,,,1,73,,10537,6,,,1,68,,10550,6,,,1,33,,10551,6,,,1,26,,10555,6,,,1,73,,10554,6,,,1,91,,10552,6,,,1,83,,10556,6,,,1,94,,10548,6,,,1,112,,10553,6,,,1,106,,10549,6,,,1,99,,10558,6,,,1,105,,10557,6,,,1
7303,'DIM',648,,10582,6,,,1,99,,10579,6,,,1,100,,10580,6,,,1,98,,10583,6,,,1,100,,10586,6,,,1,100,,10581,6,,,1,100,,10584,6,,,1,101,,10578,6,,,1,99,,10585,6,,,1,102,,10587,6,,,1,99,,10572,6,,,1,100,,10569,6,,,1,101,,10575,6,,,1,99,,10571,6,,,1,100,,10570,6,,,1,100,,10573,6,,,1,100,,10574,6,,,1,102,,10577,6,,,1,105,,10576,6,,,1
7303,'SAM',555,,10601,6,,,1,93,,10598,6,,,1,99,,10597,6,,,1,100,,10602,6,,,1,98,,10604,6,,,1,101,,10600,6,,,1,99,,10591,6,,,1,100,,10603,6,,,1,101,,10599,6,,,1,99,,10605,6,,,1,102,,10606,6,,,1,101,,10590,6,,,1,99,,10588,6,,,1,99,,10589,6,,,1,100,,10593,6,,,1,100,,10592,6,,,1,100,,4040,6,,,1,100,,10594,6,,,1,102,,4041,6,,,1,105,,10595,6,,,1,100,,4042,6,,,1,100,,10596,6,,,1
7303,'SEM',541,,10643,6,,,1,66,,10640,6,,,1,38,,10639,6,,,1,10,,10644,6,,,1,78,,10633,6,,,1,16,,10609,6,,,1,83,,10641,6,,,1,12,,10608,6,,,1,70,,10626,6,,,1,31,,10642,6,,,1,69,,10610,6,,,1,31,,10615,6,,,1,69,,10625,6,,,1,31,,10616,6,,,1,69,,10645,6,,,1,30,,10611,6,,,1,70,,10614,6,,,1,30,,10620,6,,,1,70,,10607,6,,,1,30,,10617,6,,,1,75,,10646,6,,,1,24,,10627,6,,,1,15,,10619,6,,,1,61,,10612,6,,,1,16,,10613,6,,,1,23,,10623,6,,,1,57,,10621,6,,,1,30,,10634,6,,,1,55,,10622,6,,,1,16,,10618,6,,,1,33,,10628,6,,,1,70,,10631,6,,,1,32,,10624,6,,,1,100,,10636,6,,,1,100,,10629,6,,,1,100,,10635,6,,,1,100,,10630,6,,,1,81,,10632,6,,,1,95,,10637,6,,,1,121,,10638,6,,,1
7401,'DIM',718,,10736,6,,,2,99,,10737,6,,,2,101,,10740,6,,,2,97,,10739,6,,,2,101,,10741,6,,,2,100,,10738,6,,,2,100,,10735,6,,,2,99,,10734,6,,,2,102,,10742,6,,,2,99,,10728,6,,,2,102,,10729,6,,,2,99,,10731,6,,,2,100,,10732,6,,,2,99,,10733,6,,,2,101,,10727,6,,,2,99,,10726,6,,,2,101,,10730,6,,,2
7401,'SAM',718,,10751,6,,,2,99,,10753,6,,,2,101,,10752,6,,,2,98,,10755,6,,,2,100,,10757,6,,,2,100,,10759,6,,,2,101,,10754,6,,,2,98,,10758,6,,,2,101,,10756,6,,,2,100,,10743,6,,,2,101,,10746,6,,,2,101,,10748,6,,,2,100,,10747,6,,,2,98,,10749,6,,,2,101,,10744,6,,,2,99,,10750,6,,,2,101,,10745,6,,,2
7401,'SEM',620,,10776,6,,,2,95,,10760,6,,,2,100,,10775,6,,,2,103,,10764,6,,,2,101,,10765,6,,,2,101,,10779,6,,,2,99,,10763,6,,,2,101,,10778,6,,,2,100,,10777,6,,,2,93,,10762,6,,,2,93,,10766,6,,,2,101,,10761,6,,,2,30,,10768,6,,,2,85,,10774,6,,,2,100,,10767,6,,,2,101,,10770,6,,,2,100,,10771,6,,,2,100,,10769,6,,,2,100,,10772,6,,,2,95,,10773,6,,,2
34503,'SEM',434,,11610,8,,,1,100,,11611,8,,,1
