2402,'DIM',725,,531,38,0,8,1,107,,537,38,0,8,1,98,,534,38,0,8,1,99,,528,38,0,8,1,74,,532,38,0,8,1,25,,518,38,0,8,1,75,,543,38,0,8,1,30,,536,38,0,8,1,71,,533,38,0,8,1,24,,538,38,0,8,1,76,,541,38,0,8,1,25,,535,38,0,8,1,75,,544,38,0,8,1,25,,542,38,0,8,1,76,,540,38,0,8,1,30,,519,38,0,8,1,69,,539,38,0,8,1,29,,523,38,0,8,1,69,,521,38,0,8,1,32,,529,38,0,8,1,100,,525,38,0,8,1,99,,520,38,0,8,1,98,,524,38,0,8,1,100,,522,38,0,8,1,94,,527,38,0,8,1,101,,530,38,0,8,1,98,,526,38,0,8,1
2402,'SAM',629,,567,38,0,8,1,97,,558,38,0,8,1,106,,562,38,0,8,1,98,,556,38,0,8,1,100,,566,38,0,8,1,73,,5348,38,0,8,1,25,,569,38,0,8,1,75,,550,38,0,8,1,30,,563,38,0,8,1,71,,557,38,0,8,1,25,,559,38,0,8,1,75,,564,38,0,8,1,29,,568,38,0,8,1,71,,560,38,0,8,1,24,,570,38,0,8,1,77,,561,38,0,8,1,30,,572,38,0,8,1,69,,545,38,0,8,1,29,,549,38,0,8,1,69,,571,38,0,8,1,32,,552,38,0,8,1,100,,546,38,0,8,1,99,,555,38,0,8,1,98,,547,38,0,8,1,100,,553,38,0,8,1,94,,548,38,0,8,1,101,,554,38,0,8,1,101,,551,38,0,8,1
2402,'SEM',554,,573,38,0,8,1,83,,608,38,0,8,1,79,,602,38,0,8,1,21,,578,38,0,8,1,66,,605,38,0,8,1,27,,577,38,0,8,1,71,,579,38,0,8,1,29,,606,38,0,8,1,29,,582,38,0,8,1,70,,588,38,0,8,1,30,,607,38,0,8,1,70,,576,38,0,8,1,30,,603,38,0,8,1,70,,604,38,0,8,1,30,,575,38,0,8,1,71,,609,38,0,8,1,70,,580,38,0,8,1,30,,586,38,0,8,1,71,,610,38,0,8,1,24,,581,38,0,8,1,22,,591,38,0,8,1,60,,5349,38,0,8,1,22,,584,38,0,8,1,24,,587,38,0,8,1,58,,583,38,0,8,1,18,,590,38,0,8,1,23,,594,38,0,8,1,55,,597,38,0,8,1,18,,585,38,0,8,1,18,,592,38,0,8,1,61,,600,38,0,8,1,50,,589,38,0,8,1,98,,598,38,0,8,1,100,,593,38,0,8,1,99,,595,38,0,8,1,103,,599,38,0,8,1,99,,596,38,0,8,1,95,,601,38,0,8,1
6602,'DIM',717,,3748,34,0,8,1,108,,3752,34,0,8,1,102,,3754,34,0,8,1,101,,3753,34,0,8,1,99,,3755,34,0,8,1,95,,3751,34,0,8,1,107,,3761,34,0,8,1,171,,3758,34,0,8,1,55,,3757,34,0,8,1,74,,3756,34,0,8,1,71,,3745,34,0,8,1,31,,3760,34,0,8,1,25,,3759,34,0,8,1,72,,3746,34,0,8,1,99,,3744,34,0,8,1,100,,3749,34,0,8,1,99,,3747,34,0,8,1,92,,3750,34,0,8,1
6602,'SAM',717,,3771,34,0,8,1,108,,3774,34,0,8,1,102,,3778,34,0,8,1,101,,3775,34,0,8,1,99,,3776,34,0,8,1,101,,3762,34,0,8,1,101,,3773,34,0,8,1,171,,3777,34,0,8,1,100,,3765,34,0,8,1,30,,3763,34,0,8,1,28,,3779,34,0,8,1,73,,3768,34,0,8,1,25,,3764,34,0,8,1,72,,3769,34,0,8,1,99,,3772,34,0,8,1,100,,3770,34,0,8,1,99,,3767,34,0,8,1,92,,3766,34,0,8,1
6602,'SEM',801,,3780,34,0,8,1,106,,3781,34,0,8,1,105,,3786,34,0,8,1,99,,3782,34,0,8,1,102,,3783,34,0,8,1,100,,3785,34,0,8,1,100,,3795,34,0,8,1,32,,3787,34,0,8,1,90,,3784,34,0,8,1,104,,3788,34,0,8,1,99,,3794,34,0,8,1,95,,3789,34,0,8,1,102,,3792,34,0,8,1,101,,3793,34,0,8,1,96,,3791,34,0,8,1,71,,3790,34,0,8,1
14402,'DIM',750,,4553,22,0,8,2,101,,4546,22,0,8,2,101,,4556,22,0,8,2,101,,4555,22,0,8,2,72,,4552,22,0,8,2,30,,4554,22,0,8,2,73,,4557,22,0,8,2,73,,4567,22,0,8,2,30,,4560,22,0,8,2,74,,4559,22,0,8,2,33,,4565,22,0,8,2,68,,4561,22,0,8,2,35,,4563,22,0,8,2,73,,4566,22,0,8,2,28,,4564,22,0,8,2,74,,4544,22,0,8,2,34,,4562,22,0,8,2,67,,4558,22,0,8,2,34,,4549,22,0,8,2,99,,4550,22,0,8,2,81,,4543,22,0,8,2,97,,4548,22,0,8,2,97,,4551,22,0,8,2,96,,4542,22,0,8,2,101,,4545,22,0,8,2,95,,4547,22,0,8,2
14402,'SAM',750,,4582,22,0,8,2,101,,4571,22,0,8,2,101,,4587,22,0,8,2,101,,4588,22,0,8,2,72,,4583,22,0,8,2,30,,4589,22,0,8,2,73,,4593,22,0,8,2,73,,4585,22,0,8,2,30,,4584,22,0,8,2,74,,4568,22,0,8,2,33,,4586,22,0,8,2,68,,4590,22,0,8,2,35,,4591,22,0,8,2,73,,4573,22,0,8,2,28,,4592,22,0,8,2,74,,4569,22,0,8,2,34,,4572,22,0,8,2,67,,4594,22,0,8,2,34,,4579,22,0,8,2,99,,4570,22,0,8,2,81,,4575,22,0,8,2,97,,4574,22,0,8,2,97,,4576,22,0,8,2,96,,4581,22,0,8,2,101,,4577,22,0,8,2,99,,4578,22,0,8,2,100,,4580,22,0,8,2
14402,'SEM',550,,4619,22,0,8,2,91,,4627,22,0,8,2,110,,4630,22,0,8,2,94,,4602,22,0,8,2,90,,4596,22,0,8,2,70,,4605,22,0,8,2,34,,4610,22,0,8,2,71,,4609,22,0,8,2,30,,4611,22,0,8,2,75,,4624,22,0,8,2,30,,4625,22,0,8,2,71,,4599,22,0,8,2,35,,4598,22,0,8,2,73,,4626,22,0,8,2,29,,4629,22,0,8,2,100,,4597,22,0,8,2,57,,4604,22,0,8,2,12,,4607,22,0,8,2,23,,4614,22,0,8,2,14,,4608,22,0,8,2,50,,4628,22,0,8,2,14,,5379,22,0,8,2,15,,4601,22,0,8,2,11,,4600,22,0,8,2,56,,4603,22,0,8,2,16,,4606,22,0,8,2,20,,4616,22,0,8,2,16,,4612,22,0,8,2,62,,4620,22,0,8,2,94,,4617,22,0,8,2,92,,4621,22,0,8,2,99,,4613,22,0,8,2,99,,4615,22,0,8,2,97,,4618,22,0,8,2,100,,4623,22,0,8,2,110,,4622,22,0,8,2
24402,'SEM',1634,,4976,20,0,8,2,19,,4975,20,0,8,2
