1704,'DIM',457,,6858,14,,,1,90,,6859,14,,,1,100,,6863,14,,,1,102,,6857,14,,,1,99,,165,14,,,1,100,,6861,14,,,1,101,,6862,14,,,1,100,,6864,14,,,1,101,,6865,14,,,1,101,,6860,14,,,1,102,,6846,14,,,1,99,,6847,14,,,1,100,,6850,14,,,1,101,,6852,14,,,1,99,,6851,14,,,1,98,,6849,14,,,1,100,,6853,14,,,1,101,,6856,14,,,1,99,,6848,14,,,1,99,,6854,14,,,1,96,,6855,14,,,1
1704,'SAM',457,,6878,14,,,1,90,,6879,14,,,1,100,,6885,14,,,1,102,,6882,14,,,1,99,,6877,14,,,1,100,,6881,14,,,1,101,,6886,14,,,1,100,,6884,14,,,1,101,,6883,14,,,1,101,,6880,14,,,1,101,,6867,14,,,1,100,,6868,14,,,1,101,,6870,14,,,1,100,,6872,14,,,1,99,,6866,14,,,1,98,,6874,14,,,1,100,,6871,14,,,1,101,,6869,14,,,1,99,,6873,14,,,1,99,,6875,14,,,1,96,,6876,14,,,1
1704,'SEM',509,,6901,14,,,1,92,,6906,14,,,1,22,,6909,14,,,1,22,,6888,14,,,1,66,,6892,14,,,1,35,,6893,14,,,1,61,,6887,14,,,1,98,,6890,14,,,1,44,,6891,14,,,1,100,,6894,14,,,1,100,,6905,14,,,1,100,,6907,14,,,1,100,,6896,14,,,1,102,,6908,14,,,1,100,,6889,14,,,1,105,,6897,14,,,1,96,,6895,14,,,1,98,,6898,14,,,1,101,,6903,14,,,1,101,,6904,14,,,1,100,,6899,14,,,1,100,,6900,14,,,1,100,,6902,14,,,1
3104,'DIM',617,,7789,24,,,1,102,,7790,24,,,1,100,,7788,24,,,1,100,,7794,24,,,1,100,,7795,24,,,1,100,,7793,24,,,1,100,,7791,24,,,1,103,,7779,24,,,1,101,,7792,24,,,1,100,,7778,24,,,1,101,,7777,24,,,1,99,,7782,24,,,1,98,,7784,24,,,1,103,,7783,24,,,1,96,,7785,24,,,1,101,,7781,24,,,1,100,,7780,24,,,1,98,,7786,24,,,1,102,,7787,24,,,1
3104,'SAM',518,,1137,24,,,1,99,,7805,24,,,1,102,,7808,24,,,1,100,,7807,24,,,1,100,,7810,24,,,1,100,,7813,24,,,1,100,,7814,24,,,1,100,,7809,24,,,1,102,,7804,24,,,1,101,,7811,24,,,1,101,,7806,24,,,1,101,,7812,24,,,1,100,,7800,24,,,1,98,,7802,24,,,1,100,,7798,24,,,1,99,,7803,24,,,1,100,,7796,24,,,1,100,,7797,24,,,1,98,,7799,24,,,1,102,,7801,24,,,1
3104,'SEM',441,,7823,24,,,1,77,,7824,24,,,1,90,,7835,24,,,1,21,,7837,24,,,1,23,,7817,24,,,1,73,,7836,24,,,1,28,,7833,24,,,1,69,,7831,24,,,1,35,,7832,24,,,1,61,,7834,24,,,1,100,,7815,24,,,1,101,,7816,24,,,1,100,,7819,24,,,1,101,,7838,24,,,1,100,,7818,24,,,1,102,,7821,24,,,1,100,,7822,24,,,1,96,,7820,24,,,1,105,,7825,24,,,1,97,,7830,24,,,1,105,,7829,24,,,1,100,,7826,24,,,1,102,,7827,24,,,1,100,,7828,24,,,1
3904,'DIM',818,,8142,14,,,1,112,,8136,14,,,1,82,,8143,14,,,1,30,,8146,14,,,1,73,,8137,14,,,1,27,,8135,14,,,1,73,,8145,14,,,1,29,,8140,14,,,1,74,,8129,14,,,1,27,,8144,14,,,1,70,,8138,14,,,1,31,,8139,14,,,1,72,,8128,14,,,1,30,,8141,14,,,1,71,,8124,14,,,1,31,,8125,14,,,1,68,,8130,14,,,1,28,,8131,14,,,1,70,,8132,14,,,1,43,,8133,14,,,1,98,,8126,14,,,1,100,,8134,14,,,1,100,,8127,14,,,1
3904,'SAM',818,,8162,14,,,1,112,,8155,14,,,1,82,,8166,14,,,1,30,,8156,14,,,1,70,,8147,14,,,1,30,,8153,14,,,1,76,,8159,14,,,1,26,,8157,14,,,1,74,,8163,14,,,1,27,,8154,14,,,1,70,,8160,14,,,1,31,,8161,14,,,1,71,,8167,14,,,1,31,,8158,14,,,1,72,,8164,14,,,1,24,,8165,14,,,1,74,,8168,14,,,1,28,,8169,14,,,1,70,,8148,14,,,1,86,,8149,14,,,1,57,,8151,14,,,1,98,,8150,14,,,1,100,,8152,14,,,1
3904,'SEM',613,,8193,14,,,1,27,,8186,14,,,1,14,,8192,14,,,1,51,,8174,14,,,1,29,,8189,14,,,1,71,,8170,14,,,1,31,,8187,14,,,1,70,,8194,14,,,1,35,,8172,14,,,1,67,,8173,14,,,1,33,,8184,14,,,1,69,,8188,14,,,1,31,,8190,14,,,1,68,,8181,14,,,1,32,,8185,14,,,1,67,,8191,14,,,1,38,,8171,14,,,1,74,,8176,14,,,1,30,,8178,14,,,1,71,,8179,14,,,1,101,,8195,14,,,1,112,,8182,14,,,1,99,,8183,14,,,1,105,,8175,14,,,1,100,,8177,14,,,1,94,,8180,14,,,1
4504,'DIM',615,,8845,14,,,1,100,,8838,14,,,1,99,,8846,14,,,1,101,,8848,14,,,1,99,,8852,14,,,1,97,,8853,14,,,1,102,,8849,14,,,1,98,,8844,14,,,1,108,,8842,14,,,1,98,,8836,14,,,1,100,,8851,14,,,1,96,,8847,14,,,1,101,,8850,14,,,1,103,,8837,14,,,1,101,,8843,14,,,1,101,,8839,14,,,1,100,,8840,14,,,1,100,,8841,14,,,1
4504,'SAM',615,,2249,14,,,1,100,,8867,14,,,1,99,,8864,14,,,1,101,,8868,14,,,1,99,,8866,14,,,1,101,,8855,14,,,1,97,,8865,14,,,1,102,,8854,14,,,1,104,,8860,14,,,1,101,,8869,14,,,1,98,,8857,14,,,1,96,,8870,14,,,1,101,,8858,14,,,1,103,,8862,14,,,1,101,,8856,14,,,1,101,,8861,14,,,1,100,,8859,14,,,1,100,,8863,14,,,1
4504,'SEM',532,,8890,14,,,1,15,,8891,14,,,1,80,,8896,14,,,1,84,,8876,14,,,1,18,,8874,14,,,1,18,,8872,14,,,1,57,,8889,14,,,1,51,,8875,14,,,1,146,,8893,14,,,1,111,,8888,14,,,1,96,,8878,14,,,1,94,,8877,14,,,1,100,,8894,14,,,1,42,,8873,14,,,1,65,,8871,14,,,1,31,,8892,14,,,1,70,,8895,14,,,1,38,,8880,14,,,1,77,,8883,14,,,1,81,,8884,14,,,1,104,,8882,14,,,1,105,,8881,14,,,1,102,,8885,14,,,1,90,,8887,14,,,1,100,,8879,14,,,1,95,,8886,14,,,1
