1703,'DIM',626,,6972,26,,,1,89,,6965,26,,,1,100,,100,26,,,1,101,,6967,26,,,1,97,,6968,26,,,1,101,,6964,26,,,1,100,,6970,26,,,1,99,,6966,26,,,1,102,,6969,26,,,1,100,,6971,26,,,1,102,,6954,26,,,1,98,,6958,26,,,1,99,,6957,26,,,1,101,,6956,26,,,1,98,,6959,26,,,1,99,,6962,26,,,1,101,,6955,26,,,1,100,,6960,26,,,1,102,,6961,26,,,1,119,,6963,26,,,1
1703,'SAM',548,,6984,26,,,1,78,,6990,26,,,1,89,,121,26,,,1,100,,6981,26,,,1,101,,6983,26,,,1,97,,6985,26,,,1,100,,6989,26,,,1,101,,6987,26,,,1,100,,6982,26,,,1,101,,6988,26,,,1,100,,6986,26,,,1,102,,6991,26,,,1,99,,6992,26,,,1,99,,6973,26,,,1,100,,6978,26,,,1,98,,6975,26,,,1,99,,6974,26,,,1,101,,6976,26,,,1,100,,6979,26,,,1,102,,6980,26,,,1,119,,6977,26,,,1
1703,'SEM',608,,7010,26,,,1,103,,7012,26,,,1,105,,7011,26,,,1,96,,6996,26,,,1,101,,7009,26,,,1,100,,7008,26,,,1,100,,7014,26,,,1,101,,6997,26,,,1,100,,6994,26,,,1,98,,7013,26,,,1,35,,7016,26,,,1,60,,7015,26,,,1,36,,6993,26,,,1,63,,7004,26,,,1,38,,6995,26,,,1,79,,6998,26,,,1,30,,7001,26,,,1,68,,7006,26,,,1,99,,7007,26,,,1,100,,6999,26,,,1,100,,7000,26,,,1,100,,7002,26,,,1,99,,7003,26,,,1,103,,7005,26,,,1
3103,'DIM',645,,7902,28,,,1,100,,7901,28,,,1,99,,1058,28,,,1,99,,7906,28,,,1,99,,7905,28,,,1,100,,7903,28,,,1,102,,7892,28,,,1,101,,7904,28,,,1,99,,7891,28,,,1,102,,7890,28,,,1,99,,7895,28,,,1,98,,7897,28,,,1,103,,7896,28,,,1,96,,7898,28,,,1,101,,7894,28,,,1,100,,7893,28,,,1,100,,7899,28,,,1,101,,7900,28,,,1
3103,'SAM',645,,7919,28,,,1,100,,7918,28,,,1,99,,1075,28,,,1,99,,7923,28,,,1,99,,7924,28,,,1,100,,7920,28,,,1,100,,7916,28,,,1,102,,7921,28,,,1,100,,7917,28,,,1,102,,7922,28,,,1,100,,7911,28,,,1,98,,7913,28,,,1,100,,7909,28,,,1,99,,7914,28,,,1,100,,7907,28,,,1,100,,7908,28,,,1,100,,7910,28,,,1,102,,7912,28,,,1,95,,7915,28,,,1
3103,'SEM',641,,7946,28,,,1,99,,7944,28,,,1,100,,7945,28,,,1,101,,7925,28,,,1,101,,7926,28,,,1,100,,7928,28,,,1,100,,7947,28,,,1,100,,7927,28,,,1,101,,7932,28,,,1,98,,7933,28,,,1,11,,7934,28,,,1,77,,7929,28,,,1,29,,7938,28,,,1,80,,7935,28,,,1,69,,7931,28,,,1,36,,7943,28,,,1,69,,7930,28,,,1,36,,7942,28,,,1,100,,7936,28,,,1,101,,7939,28,,,1,100,,7940,28,,,1,97,,7937,28,,,1,154,,7941,28,,,1
7303,'DIM',700,,10755,26,,,1,100,,10752,26,,,1,100,,10753,26,,,1,58,,10756,26,,,1,100,,10759,26,,,1,100,,10754,26,,,1,100,,10757,26,,,1,142,,10751,26,,,1,59,,10758,26,,,1,142,,10760,26,,,1,99,,10745,26,,,1,59,,10742,26,,,1,141,,10748,26,,,1,58,,10744,26,,,1,100,,10743,26,,,1,100,,10746,26,,,1,100,,10747,26,,,1,142,,10750,26,,,1,105,,10749,26,,,1
7303,'SAM',606,,10775,26,,,1,94,,10772,26,,,1,100,,10771,26,,,1,100,,10776,26,,,1,58,,10778,26,,,1,101,,10774,26,,,1,99,,10764,26,,,1,100,,10777,26,,,1,142,,10773,26,,,1,59,,10779,26,,,1,142,,10780,26,,,1,101,,10763,26,,,1,98,,10761,26,,,1,59,,10762,26,,,1,99,,10766,26,,,1,100,,10765,26,,,1,100,,4040,26,,,1,100,,10767,26,,,1,142,,4041,26,,,1,105,,10768,26,,,1,100,,10770,26,,,1,100,,10769,26,,,1
7303,'SEM',553,,10817,26,,,1,66,,10814,26,,,1,39,,10813,26,,,1,50,,10818,26,,,1,39,,10807,26,,,1,56,,10783,26,,,1,43,,10815,26,,,1,12,,10782,26,,,1,70,,10800,26,,,1,31,,10816,26,,,1,69,,10784,26,,,1,31,,10789,26,,,1,69,,10799,26,,,1,72,,10790,26,,,1,29,,10819,26,,,1,30,,10785,26,,,1,70,,10788,26,,,1,30,,10794,26,,,1,70,,10781,26,,,1,30,,10791,26,,,1,75,,10820,26,,,1,25,,10801,26,,,1,55,,10793,26,,,1,21,,10786,26,,,1,16,,10787,26,,,1,63,,10797,26,,,1,16,,10795,26,,,1,70,,10808,26,,,1,15,,10796,26,,,1,16,,10792,26,,,1,72,,10802,26,,,1,30,,10805,26,,,1,72,,10798,26,,,1,99,,10810,26,,,1,100,,10803,26,,,1,99,,10809,26,,,1,100,,10804,26,,,1,41,,10806,26,,,1,95,,10811,26,,,1,161,,10812,26,,,1
7401,'DIM',730,,10911,26,,,2,99,,10912,26,,,2,102,,10915,26,,,2,97,,10914,26,,,2,101,,10916,26,,,2,100,,10913,26,,,2,101,,10910,26,,,2,99,,10909,26,,,2,102,,10917,26,,,2,99,,10903,26,,,2,102,,10904,26,,,2,99,,10906,26,,,2,98,,10907,26,,,2,99,,10908,26,,,2,101,,10902,26,,,2,99,,10901,26,,,2,101,,10905,26,,,2
7401,'SAM',730,,10926,26,,,2,99,,10928,26,,,2,102,,10927,26,,,2,98,,10930,26,,,2,100,,10932,26,,,2,100,,10934,26,,,2,102,,10929,26,,,2,98,,10933,26,,,2,101,,10931,26,,,2,100,,10918,26,,,2,101,,10921,26,,,2,101,,10923,26,,,2,98,,10922,26,,,2,98,,10924,26,,,2,101,,10919,26,,,2,99,,10925,26,,,2,101,,10920,26,,,2
7401,'SEM',633,,10950,26,,,2,95,,10935,26,,,2,101,,10949,26,,,2,103,,10939,26,,,2,101,,10940,26,,,2,101,,10953,26,,,2,99,,10938,26,,,2,101,,10952,26,,,2,100,,10951,26,,,2,93,,10937,26,,,2,94,,10941,26,,,2,101,,10936,26,,,2,30,,10943,26,,,2,84,,10948,26,,,2,99,,10942,26,,,2,101,,10945,26,,,2,100,,10946,26,,,2,99,,10944,26,,,2,100,,12005,26,,,2,95,,10947,26,,,2
