1704,'DIM',501,,7029,22,,,1,50,,7030,22,,,1,100,,7034,22,,,1,102,,7028,22,,,1,100,,165,22,,,1,100,,7032,22,,,1,101,,7033,22,,,1,100,,7035,22,,,1,101,,7036,22,,,1,101,,7031,22,,,1,102,,7017,22,,,1,99,,7018,22,,,1,100,,7021,22,,,1,101,,7023,22,,,1,99,,7022,22,,,1,98,,7020,22,,,1,100,,7024,22,,,1,100,,7027,22,,,1,99,,7019,22,,,1,99,,7025,22,,,1,96,,7026,22,,,1
1704,'SAM',501,,7049,22,,,1,50,,7050,22,,,1,100,,7056,22,,,1,102,,7053,22,,,1,100,,7048,22,,,1,100,,7052,22,,,1,101,,7057,22,,,1,100,,7055,22,,,1,101,,7054,22,,,1,101,,7051,22,,,1,101,,7038,22,,,1,100,,7039,22,,,1,101,,7041,22,,,1,100,,7043,22,,,1,99,,7037,22,,,1,98,,7045,22,,,1,100,,7042,22,,,1,100,,7040,22,,,1,99,,7044,22,,,1,99,,7046,22,,,1,96,,7047,22,,,1
1704,'SEM',513,,7072,22,,,1,92,,7077,22,,,1,22,,7080,22,,,1,22,,7059,22,,,1,67,,7063,22,,,1,35,,7064,22,,,1,61,,7058,22,,,1,98,,7061,22,,,1,44,,7062,22,,,1,100,,7065,22,,,1,100,,7076,22,,,1,100,,7078,22,,,1,100,,7067,22,,,1,102,,7079,22,,,1,101,,7060,22,,,1,145,,7068,22,,,1,55,,7066,22,,,1,98,,7069,22,,,1,101,,7074,22,,,1,100,,7075,22,,,1,100,,7070,22,,,1,100,,7071,22,,,1,100,,7073,22,,,1
3104,'DIM',621,,7960,32,,,1,102,,7961,32,,,1,100,,7959,32,,,1,101,,7965,32,,,1,100,,7966,32,,,1,100,,7964,32,,,1,100,,7962,32,,,1,103,,7950,32,,,1,101,,7963,32,,,1,100,,7949,32,,,1,101,,7948,32,,,1,99,,7953,32,,,1,98,,7955,32,,,1,103,,7954,32,,,1,96,,7956,32,,,1,100,,7952,32,,,1,100,,7951,32,,,1,98,,7957,32,,,1,102,,7958,32,,,1
3104,'SAM',521,,1137,32,,,1,100,,7976,32,,,1,102,,7979,32,,,1,100,,7978,32,,,1,101,,7981,32,,,1,100,,7984,32,,,1,100,,7985,32,,,1,100,,7980,32,,,1,102,,7975,32,,,1,101,,7982,32,,,1,101,,7977,32,,,1,101,,7983,32,,,1,100,,7971,32,,,1,98,,7973,32,,,1,100,,7969,32,,,1,99,,7974,32,,,1,99,,7967,32,,,1,100,,7968,32,,,1,98,,7970,32,,,1,102,,7972,32,,,1
3104,'SEM',445,,7994,32,,,1,77,,7995,32,,,1,90,,8006,32,,,1,21,,8008,32,,,1,23,,7988,32,,,1,74,,8007,32,,,1,28,,8004,32,,,1,69,,8002,32,,,1,75,,8003,32,,,1,21,,8005,32,,,1,100,,7986,32,,,1,102,,7987,32,,,1,100,,7990,32,,,1,101,,8009,32,,,1,100,,7989,32,,,1,102,,7992,32,,,1,100,,7993,32,,,1,96,,7991,32,,,1,104,,7996,32,,,1,97,,8001,32,,,1,105,,8000,32,,,1,99,,7997,32,,,1,102,,7998,32,,,1,100,,7999,32,,,1
3904,'DIM',823,,8313,22,,,1,112,,8307,22,,,1,82,,8314,22,,,1,30,,8317,22,,,1,73,,8308,22,,,1,27,,8306,22,,,1,73,,8316,22,,,1,29,,8311,22,,,1,74,,8300,22,,,1,27,,8315,22,,,1,70,,8309,22,,,1,31,,8310,22,,,1,72,,8299,22,,,1,30,,8312,22,,,1,71,,8295,22,,,1,31,,8296,22,,,1,68,,8301,22,,,1,28,,8302,22,,,1,69,,8303,22,,,1,83,,8304,22,,,1,98,,8297,22,,,1,100,,8305,22,,,1,100,,8298,22,,,1
3904,'SAM',823,,8333,22,,,1,112,,8326,22,,,1,82,,8337,22,,,1,30,,8327,22,,,1,70,,8318,22,,,1,30,,8324,22,,,1,76,,8330,22,,,1,26,,8328,22,,,1,74,,8334,22,,,1,27,,8325,22,,,1,70,,8331,22,,,1,31,,8332,22,,,1,71,,8338,22,,,1,31,,8329,22,,,1,72,,8335,22,,,1,24,,8336,22,,,1,74,,8339,22,,,1,28,,8340,22,,,1,69,,8319,22,,,1,86,,8320,22,,,1,97,,8322,22,,,1,98,,8321,22,,,1,100,,8323,22,,,1
3904,'SEM',617,,8364,22,,,1,27,,8357,22,,,1,14,,8363,22,,,1,51,,8345,22,,,1,29,,8360,22,,,1,71,,8341,22,,,1,31,,8358,22,,,1,70,,8365,22,,,1,35,,8343,22,,,1,68,,8344,22,,,1,33,,8355,22,,,1,69,,8359,22,,,1,31,,8361,22,,,1,68,,8352,22,,,1,32,,8356,22,,,1,67,,8362,22,,,1,38,,8342,22,,,1,74,,8347,22,,,1,30,,8349,22,,,1,71,,8350,22,,,1,102,,8366,22,,,1,111,,8353,22,,,1,99,,8354,22,,,1,104,,8346,22,,,1,100,,8348,22,,,1,94,,8351,22,,,1
7304,'DIM',536,,10839,50,,,1,70,,10828,50,,,1,102,,10832,50,,,1,101,,10835,50,,,1,100,,10831,50,,,1,101,,10833,50,,,1,100,,10836,50,,,1,100,,10840,50,,,1,102,,10834,50,,,1,101,,10837,50,,,1,101,,10830,50,,,1,100,,10838,50,,,1,100,,10841,50,,,1,100,,10824,50,,,1,99,,10821,50,,,1,97,,10827,50,,,1,100,,10823,50,,,1,99,,10822,50,,,1,99,,10825,50,,,1,101,,10826,50,,,1,99,,10829,50,,,1
7304,'SAM',536,,10861,50,,,1,70,,10851,50,,,1,102,,10856,50,,,1,101,,10853,50,,,1,100,,10852,50,,,1,101,,10857,50,,,1,100,,10859,50,,,1,101,,10855,50,,,1,101,,10845,50,,,1,101,,10858,50,,,1,101,,10854,50,,,1,100,,10860,50,,,1,100,,10862,50,,,1,100,,10844,50,,,1,98,,10842,50,,,1,98,,10843,50,,,1,100,,10847,50,,,1,99,,10846,50,,,1,99,,4131,50,,,1,101,,10848,50,,,1,99,,4133,50,,,1,100,,10849,50,,,1,99,,10850,50,,,1
7304,'SEM',458,,10894,50,,,1,81,,10891,50,,,1,81,,10897,50,,,1,18,,10900,50,,,1,71,,10896,50,,,1,14,,10893,50,,,1,14,,10869,50,,,1,68,,10871,50,,,1,14,,10892,50,,,1,15,,10898,50,,,1,25,,10887,50,,,1,71,,10865,50,,,1,80,,10864,50,,,1,29,,10880,50,,,1,70,,10895,50,,,1,30,,10866,50,,,1,70,,10870,50,,,1,36,,10879,50,,,1,66,,10872,50,,,1,30,,10899,50,,,1,70,,10867,50,,,1,30,,10868,50,,,1,72,,10876,50,,,1,31,,10863,50,,,1,72,,10873,50,,,1,39,,10883,50,,,1,62,,10881,50,,,1,28,,10875,50,,,1,69,,10882,50,,,1,37,,10877,50,,,1,60,,10888,50,,,1,30,,10874,50,,,1,70,,10884,50,,,1,30,,10886,50,,,1,73,,10878,50,,,1,97,,10890,50,,,1,100,,10885,50,,,1,103,,10889,50,,,1
7402,'DIM',636,,10961,63,,,2,101,,10964,63,,,2,101,,6451,63,,,2,100,,10965,63,,,2,101,,10963,63,,,2,100,,10962,63,,,2,101,,10968,63,,,2,100,,10967,63,,,2,103,,10969,63,,,2,99,,10966,63,,,2,99,,10956,63,,,2,103,,10955,63,,,2,98,,10957,63,,,2,98,,10958,63,,,2,100,,6443,63,,,2,100,,10959,63,,,2,99,,10960,63,,,2
7402,'SAM',636,,10977,63,,,2,101,,10981,63,,,2,101,,10979,63,,,2,100,,10976,63,,,2,101,,10980,63,,,2,100,,10982,63,,,2,101,,10985,63,,,2,101,,10978,63,,,2,100,,10983,63,,,2,101,,10986,63,,,2,100,,10984,63,,,2,101,,10970,63,,,2,99,,10972,63,,,2,98,,10974,63,,,2,100,,10973,63,,,2,100,,10975,63,,,2,99,,10971,63,,,2
7402,'SEM',555,,11000,63,,,2,88,,11005,63,,,2,60,,10988,63,,,2,40,,10999,63,,,2,100,,10989,63,,,2,99,,10987,63,,,2,99,,10991,63,,,2,101,,11001,63,,,2,97,,11004,63,,,2,100,,10990,63,,,2,101,,11003,63,,,2,102,,11002,63,,,2,100,,10992,63,,,2,97,,10993,63,,,2,100,,10996,63,,,2,99,,10998,63,,,2,99,,10994,63,,,2,103,,10995,63,,,2,99,,10997,63,,,2
