1703,'DIM',624,,6972,21,,,1,89,,6965,21,,,1,99,,100,21,,,1,101,,6967,21,,,1,97,,6968,21,,,1,101,,6964,21,,,1,100,,6970,21,,,1,99,,6966,21,,,1,102,,6969,21,,,1,100,,6971,21,,,1,102,,6954,21,,,1,98,,6958,21,,,1,99,,6957,21,,,1,101,,6956,21,,,1,99,,6959,21,,,1,99,,6962,21,,,1,101,,6955,21,,,1,100,,6960,21,,,1,102,,6961,21,,,1,119,,6963,21,,,1
1703,'SAM',546,,6984,21,,,1,78,,6990,21,,,1,89,,121,21,,,1,99,,6981,21,,,1,101,,6983,21,,,1,97,,6985,21,,,1,100,,6989,21,,,1,101,,6987,21,,,1,100,,6982,21,,,1,101,,6988,21,,,1,100,,6986,21,,,1,102,,6991,21,,,1,99,,6992,21,,,1,99,,6973,21,,,1,100,,6978,21,,,1,99,,6975,21,,,1,99,,6974,21,,,1,101,,6976,21,,,1,100,,6979,21,,,1,102,,6980,21,,,1,119,,6977,21,,,1
1703,'SEM',606,,7010,21,,,1,102,,7012,21,,,1,105,,7011,21,,,1,96,,6996,21,,,1,101,,7009,21,,,1,100,,7008,21,,,1,100,,7014,21,,,1,101,,6997,21,,,1,100,,6994,21,,,1,98,,7013,21,,,1,35,,7016,21,,,1,60,,7015,21,,,1,36,,6993,21,,,1,63,,7004,21,,,1,38,,6995,21,,,1,79,,6998,21,,,1,30,,7001,21,,,1,68,,7006,21,,,1,99,,7007,21,,,1,100,,6999,21,,,1,100,,7000,21,,,1,100,,7002,21,,,1,100,,7003,21,,,1,103,,7005,21,,,1
3103,'DIM',643,,7902,23,,,1,99,,7901,23,,,1,99,,1058,23,,,1,99,,7906,23,,,1,99,,7905,23,,,1,100,,7903,23,,,1,102,,7892,23,,,1,101,,7904,23,,,1,99,,7891,23,,,1,102,,7890,23,,,1,99,,7895,23,,,1,98,,7897,23,,,1,103,,7896,23,,,1,97,,7898,23,,,1,101,,7894,23,,,1,100,,7893,23,,,1,100,,7899,23,,,1,101,,7900,23,,,1
3103,'SAM',643,,7919,23,,,1,99,,7918,23,,,1,99,,1075,23,,,1,99,,7923,23,,,1,99,,7924,23,,,1,100,,7920,23,,,1,100,,7916,23,,,1,102,,7921,23,,,1,100,,7917,23,,,1,102,,7922,23,,,1,100,,7911,23,,,1,98,,7913,23,,,1,100,,7909,23,,,1,100,,7914,23,,,1,100,,7907,23,,,1,100,,7908,23,,,1,100,,7910,23,,,1,102,,7912,23,,,1,95,,7915,23,,,1
3103,'SEM',638,,7946,23,,,1,99,,7944,23,,,1,100,,7945,23,,,1,101,,7925,23,,,1,101,,7926,23,,,1,100,,7928,23,,,1,100,,7947,23,,,1,100,,7927,23,,,1,101,,7932,23,,,1,98,,7933,23,,,1,11,,7934,23,,,1,77,,7929,23,,,1,29,,7938,23,,,1,80,,7935,23,,,1,69,,7931,23,,,1,36,,7943,23,,,1,69,,7930,23,,,1,36,,7942,23,,,1,100,,7936,23,,,1,101,,7939,23,,,1,100,,7940,23,,,1,98,,7937,23,,,1,114,,7941,23,,,1
7303,'DIM',658,,10755,21,,,1,99,,10752,21,,,1,100,,10753,21,,,1,98,,10756,21,,,1,100,,10759,21,,,1,100,,10754,21,,,1,100,,10757,21,,,1,102,,10751,21,,,1,99,,10758,21,,,1,102,,10760,21,,,1,99,,10745,21,,,1,99,,10742,21,,,1,101,,10748,21,,,1,99,,10744,21,,,1,100,,10743,21,,,1,100,,10746,21,,,1,100,,10747,21,,,1,102,,10750,21,,,1,145,,10749,21,,,1
7303,'SAM',604,,10775,21,,,1,54,,10772,21,,,1,99,,10771,21,,,1,100,,10776,21,,,1,98,,10778,21,,,1,101,,10774,21,,,1,99,,10764,21,,,1,100,,10777,21,,,1,102,,10773,21,,,1,99,,10779,21,,,1,102,,10780,21,,,1,101,,10763,21,,,1,98,,10761,21,,,1,99,,10762,21,,,1,100,,10766,21,,,1,100,,10765,21,,,1,100,,4040,21,,,1,100,,10767,21,,,1,102,,4041,21,,,1,145,,10768,21,,,1,100,,10770,21,,,1,100,,10769,21,,,1
7303,'SEM',551,,10817,21,,,1,66,,10814,21,,,1,38,,10813,21,,,1,50,,10818,21,,,1,39,,10807,21,,,1,56,,10783,21,,,1,43,,10815,21,,,1,12,,10782,21,,,1,70,,10800,21,,,1,31,,10816,21,,,1,69,,10784,21,,,1,31,,10789,21,,,1,69,,10799,21,,,1,32,,10790,21,,,1,69,,10819,21,,,1,30,,10785,21,,,1,70,,10788,21,,,1,30,,10794,21,,,1,70,,10781,21,,,1,30,,10791,21,,,1,75,,10820,21,,,1,25,,10801,21,,,1,55,,10793,21,,,1,21,,10786,21,,,1,16,,10787,21,,,1,63,,10797,21,,,1,16,,10795,21,,,1,30,,10808,21,,,1,55,,10796,21,,,1,16,,10792,21,,,1,72,,10802,21,,,1,30,,10805,21,,,1,72,,10798,21,,,1,99,,10810,21,,,1,100,,10803,21,,,1,100,,10809,21,,,1,100,,10804,21,,,1,41,,10806,21,,,1,95,,10811,21,,,1,121,,10812,21,,,1
7401,'DIM',728,,10911,21,,,2,99,,10912,21,,,2,101,,10915,21,,,2,97,,10914,21,,,2,101,,10916,21,,,2,100,,10913,21,,,2,101,,10910,21,,,2,99,,10909,21,,,2,102,,10917,21,,,2,99,,10903,21,,,2,102,,10904,21,,,2,99,,10906,21,,,2,99,,10907,21,,,2,99,,10908,21,,,2,101,,10902,21,,,2,99,,10901,21,,,2,101,,10905,21,,,2
7401,'SAM',728,,10926,21,,,2,99,,10928,21,,,2,101,,10927,21,,,2,98,,10930,21,,,2,100,,10932,21,,,2,100,,10934,21,,,2,102,,10929,21,,,2,98,,10933,21,,,2,101,,10931,21,,,2,100,,10918,21,,,2,101,,10921,21,,,2,101,,10923,21,,,2,99,,10922,21,,,2,98,,10924,21,,,2,101,,10919,21,,,2,99,,10925,21,,,2,101,,10920,21,,,2
7401,'SEM',630,,10950,21,,,2,95,,10935,21,,,2,101,,10949,21,,,2,103,,10939,21,,,2,101,,10940,21,,,2,101,,10953,21,,,2,99,,10938,21,,,2,101,,10952,21,,,2,100,,10951,21,,,2,93,,10937,21,,,2,94,,10941,21,,,2,101,,10936,21,,,2,30,,10943,21,,,2,84,,10948,21,,,2,99,,10942,21,,,2,101,,10945,21,,,2,100,,10946,21,,,2,100,,10944,21,,,2,100,,10954,21,,,2,95,,10947,21,,,2
