4604,'DIM',548,,2335,56,,,1,95,,2346,56,,,1,101,,2337,56,,,1,99,,2349,56,,,1,107,,2351,56,,,1,106,,2342,56,,,1,98,,2352,56,,,1,102,,2353,56,,,1,100,,2345,56,,,1,96,,2347,56,,,1,104,,2350,56,,,1,94,,2348,56,,,1,106,,2338,56,,,1,99,,2344,56,,,1,98,,2336,56,,,1,99,,2340,56,,,1,99,,2343,56,,,1,98,,2341,56,,,1,100,,2339,56,,,1
4604,'SAM',549,,2357,56,,,1,100,,2364,56,,,1,95,,2365,56,,,1,99,,2367,56,,,1,107,,2370,56,,,1,101,,2373,56,,,1,103,,2369,56,,,1,103,,2372,56,,,1,97,,2356,56,,,1,98,,2366,56,,,1,104,,2368,56,,,1,94,,2359,56,,,1,106,,2358,56,,,1,99,,2371,56,,,1,98,,2354,56,,,1,99,,2355,56,,,1,99,,2362,56,,,1,98,,2363,56,,,1,100,,2360,56,,,1,98,,2361,56,,,1
4604,'SEM',506,,2374,56,,,1,45,,2395,56,,,1,70,,2401,56,,,1,31,,5298,56,,,1,53,,2377,56,,,1,13,,2382,56,,,1,11,,5364,56,,,1,74,,2397,56,,,1,27,,5599,56,,,1,28,,5598,56,,,1,70,,2383,56,,,1,29,,2398,56,,,1,70,,2386,56,,,1,30,,2375,56,,,1,70,,2385,56,,,1,30,,2400,56,,,1,70,,2399,56,,,1,30,,2381,56,,,1,70,,2396,56,,,1,26,,2384,56,,,1,75,,5597,56,,,1,31,,2403,56,,,1,78,,2387,56,,,1,75,,2378,56,,,1,37,,2376,56,,,1,59,,2391,56,,,1,94,,2379,56,,,1,49,,2390,56,,,1,99,,2394,56,,,1,101,,2393,56,,,1,100,,2388,56,,,1,101,,2389,56,,,1,97,,2392,56,,,1
6002,'DIM',725,,3197,47,,,1,104,,3210,47,,,1,100,,3209,47,,,1,103,,3198,47,,,1,102,,3208,47,,,1,101,,3212,47,,,1,101,,3204,47,,,1,100,,3211,47,,,1,100,,3213,47,,,1,101,,3201,47,,,1,95,,3214,47,,,1,99,,3203,47,,,1,100,,3200,47,,,1,98,,3199,47,,,1,99,,3202,47,,,1,98,,3207,47,,,1,100,,3205,47,,,1,99,,3206,47,,,1
6002,'SAM',725,,3226,47,,,1,104,,3215,47,,,1,100,,3228,47,,,1,103,,3222,47,,,1,102,,3225,47,,,1,101,,3231,47,,,1,101,,3229,47,,,1,100,,3227,47,,,1,100,,3230,47,,,1,101,,3217,47,,,1,95,,5376,47,,,1,99,,3216,47,,,1,100,,3223,47,,,1,98,,3219,47,,,1,99,,3218,47,,,1,98,,3221,47,,,1,100,,3220,47,,,1,99,,3224,47,,,1
6002,'SEM',709,,3235,47,,,1,98,,3234,47,,,1,100,,3233,47,,,1,99,,3251,47,,,1,102,,3239,47,,,1,99,,3250,47,,,1,100,,3241,47,,,1,100,,3236,47,,,1,102,,3238,47,,,1,101,,3237,47,,,1,104,,3243,47,,,1,97,,3242,47,,,1,92,,3244,47,,,1,54,,3247,47,,,1,143,,3245,47,,,1,58,,3240,47,,,1,99,,3248,47,,,1,88,,3246,47,,,1,100,,3249,47,,,1
15104,'DIM',622,,4758,41,,,2,110,,4775,41,,,2,22,,4779,41,,,2,65,,4759,41,,,2,31,,4777,41,,,2,76,,4784,41,,,2,32,,4786,41,,,2,70,,4781,41,,,2,72,,4780,41,,,2,34,,4773,41,,,2,72,,4789,41,,,2,31,,4774,41,,,2,72,,4787,41,,,2,37,,4785,41,,,2,71,,4778,41,,,2,31,,4782,41,,,2,72,,4776,41,,,2,26,,4783,41,,,2,82,,4760,41,,,2,79,,4762,41,,,2,26,,4761,41,,,2,72,,4768,41,,,2,18,,4788,41,,,2,29,,4790,41,,,2,72,,4771,41,,,2,30,,4763,41,,,2,68,,4769,41,,,2,29,,4766,41,,,2,71,,4772,41,,,2,79,,4765,41,,,2,56,,4764,41,,,2,99,,4767,41,,,2,73,,4770,41,,,2
15104,'SAM',623,,4806,41,,,2,109,,4808,41,,,2,22,,4810,41,,,2,65,,4807,41,,,2,32,,4809,41,,,2,75,,4814,41,,,2,32,,4816,41,,,2,70,,4817,41,,,2,72,,4818,41,,,2,34,,4819,41,,,2,72,,4820,41,,,2,31,,4791,41,,,2,72,,4812,41,,,2,37,,4811,41,,,2,71,,4813,41,,,2,31,,4805,41,,,2,72,,4815,41,,,2,25,,4792,41,,,2,83,,4823,41,,,2,79,,4821,41,,,2,26,,4822,41,,,2,72,,4801,41,,,2,18,,4796,41,,,2,29,,4797,41,,,2,72,,4803,41,,,2,30,,4793,41,,,2,68,,4802,41,,,2,29,,4798,41,,,2,71,,4804,41,,,2,79,,4795,41,,,2,56,,4794,41,,,2,99,,4799,41,,,2,73,,4800,41,,,2
15104,'SEM',455,,4857,41,,,2,72,,4836,41,,,2,10,,4852,41,,,2,77,,4870,41,,,2,14,,4874,41,,,2,16,,4880,41,,,2,11,,4825,41,,,2,51,,4830,41,,,2,9,,5480,41,,,2,9,,4837,41,,,2,11,,5481,41,,,2,12,,4877,41,,,2,12,,4867,41,,,2,56,,4872,41,,,2,15,,4871,41,,,2,11,,4875,41,,,2,60,,4826,41,,,2,18,,4838,41,,,2,24,,4835,41,,,2,60,,4873,41,,,2,23,,4841,41,,,2,17,,4833,41,,,2,65,,4881,41,,,2,21,,4851,41,,,2,22,,4868,41,,,2,60,,4869,41,,,2,20,,5482,41,,,2,20,,4878,41,,,2,66,,4876,41,,,2,24,,4879,41,,,2,61,,4824,41,,,2,22,,4827,41,,,2,18,,4842,41,,,2,66,,4831,41,,,2,23,,4839,41,,,2,21,,4828,41,,,2,62,,4834,41,,,2,19,,4829,41,,,2,20,,4832,41,,,2,62,,4847,41,,,2,16,,4846,41,,,2,19,,4843,41,,,2,58,,4859,41,,,2,13,,4840,41,,,2,13,,4849,41,,,2,13,,4856,41,,,2,61,,4853,41,,,2,20,,4848,41,,,2,19,,4862,41,,,2,68,,4860,41,,,2,29,,4844,41,,,2,74,,4845,41,,,2,28,,4865,41,,,2,70,,4850,41,,,2,29,,4854,41,,,2,70,,4855,41,,,2,25,,4858,41,,,2,18,,4861,41,,,2,78,,4864,41,,,2,80,,4863,41,,,2
25104,'SEM',700,,4987,25,,,1,10,,4985,25,,,1,9,,4989,25,,,1,10,,4986,25,,,1,12,,5486,25,,,1,12,,4982,25,,,1,54,,4988,25,,,1,15,,4983,25,,,1,28,,4984,25,,,1
