202,'SAM',2618,,6879,4,,,1,41,,6880,4,,,1
202,'SEM',517,,6885,4,,,1,30,,6886,4,,,1,55,,6881,4,,,1,1999,,6882,4,,,1,41,,6883,4,,,1,81,,6884,4,,,1
1703,'DIM',612,,6972,2,,,1,89,,6965,2,,,1,99,,100,2,,,1,100,,6967,2,,,1,57,,6968,2,,,1,101,,6964,2,,,1,100,,6970,2,,,1,99,,6966,2,,,1,101,,6969,2,,,1,100,,6971,2,,,1,142,,6954,2,,,1,59,,6958,2,,,1,99,,6957,2,,,1,101,,6956,2,,,1,99,,6959,2,,,1,100,,6962,2,,,1,101,,6955,2,,,1,100,,6960,2,,,1,142,,6961,2,,,1,120,,6963,2,,,1
1703,'SAM',535,,6984,2,,,1,77,,6990,2,,,1,89,,121,2,,,1,99,,6981,2,,,1,100,,6983,2,,,1,57,,6985,2,,,1,100,,6989,2,,,1,101,,6987,2,,,1,100,,6982,2,,,1,100,,6988,2,,,1,100,,6986,2,,,1,142,,6991,2,,,1,100,,6992,2,,,1,59,,6973,2,,,1,100,,6978,2,,,1,99,,6975,2,,,1,100,,6974,2,,,1,101,,6976,2,,,1,100,,6979,2,,,1,142,,6980,2,,,1,120,,6977,2,,,1
1703,'SEM',554,,7010,2,,,1,102,,7012,2,,,1,145,,7011,2,,,1,55,,6996,2,,,1,100,,7009,2,,,1,100,,7008,2,,,1,100,,7014,2,,,1,100,,6997,2,,,1,100,,6994,2,,,1,98,,7013,2,,,1,75,,7016,2,,,1,20,,7015,2,,,1,76,,6993,2,,,1,23,,7004,2,,,1,78,,6995,2,,,1,80,,6998,2,,,1,30,,7001,2,,,1,69,,7006,2,,,1,99,,7007,2,,,1,100,,6999,2,,,1,101,,7000,2,,,1,100,,7002,2,,,1,100,,7003,2,,,1,104,,7005,2,,,1
2201,'DIM',625,,7194,2,,,2,101,,7198,2,,,2,104,,7197,2,,,2,98,,7196,2,,,2,101,,7193,2,,,2,100,,7195,2,,,2,101,,7200,2,,,2,101,,7202,2,,,2,96,,7199,2,,,2,105,,7201,2,,,2,99,,7187,2,,,2,100,,7189,2,,,2,97,,7188,2,,,2,102,,7191,2,,,2,100,,7190,2,,,2,100,,7192,2,,,2
2201,'SAM',625,,7211,2,,,2,101,,7213,2,,,2,104,,7210,2,,,2,98,,7212,2,,,2,102,,7215,2,,,2,100,,7219,2,,,2,101,,7218,2,,,2,100,,7214,2,,,2,96,,7216,2,,,2,102,,7217,2,,,2,102,,7204,2,,,2,101,,7207,2,,,2,96,,7205,2,,,2,102,,7203,2,,,2,100,,7209,2,,,2,100,,7208,2,,,2,100,,7206,2,,,2
2201,'SEM',619,,7234,2,,,2,99,,7223,2,,,2,95,,7221,2,,,2,40,,7220,2,,,2,74,,7236,2,,,2,101,,7222,2,,,2,100,,7235,2,,,2,100,,7237,2,,,2,100,,7225,2,,,2,96,,7226,2,,,2,104,,7224,2,,,2,100,,7230,2,,,2,100,,7228,2,,,2,99,,7227,2,,,2,99,,7229,2,,,2,104,,7233,2,,,2,100,,7231,2,,,2,95,,7232,2,,,2,99,,11959,2,,,2
2703,'DIM',854,,7780,2,,,2,100,,7783,2,,,2,98,,7785,2,,,2,102,,7779,2,,,2,95,,7787,2,,,2,106,,7782,2,,,2,101,,7784,2,,,2,100,,7781,2,,,2,100,,7786,2,,,2,100,,7773,2,,,2,100,,7775,2,,,2,98,,7774,2,,,2,100,,7778,2,,,2,100,,7772,2,,,2,102,,7771,2,,,2,100,,7776,2,,,2,100,,7777,2,,,2
2703,'SAM',654,,7797,2,,,2,100,,7798,2,,,2,100,,7796,2,,,2,100,,7806,2,,,2,100,,7800,2,,,2,100,,7803,2,,,2,94,,7799,2,,,2,107,,7801,2,,,2,102,,7802,2,,,2,99,,7795,2,,,2,94,,7804,2,,,2,106,,7805,2,,,2,100,,7790,2,,,2,98,,7793,2,,,2,100,,7788,2,,,2,100,,7789,2,,,2,102,,7791,2,,,2,100,,7792,2,,,2,100,,7794,2,,,2
2703,'SEM',801,,7823,2,,,2,50,,7809,2,,,2,100,,7815,2,,,2,100,,7808,2,,,2,99,,7825,2,,,2,90,,7822,2,,,2,103,,7826,2,,,2,100,,7812,2,,,2,81,,7810,2,,,2,81,,7824,2,,,2,15,,7807,2,,,2,30,,7814,2,,,2,80,,7811,2,,,2,25,,7821,2,,,2,96,,7818,2,,,2,87,,7820,2,,,2,103,,7817,2,,,2,102,,7813,2,,,2,100,,7816,2,,,2,100,,11960,2,,,2,100,,7819,2,,,2
3103,'DIM',631,,7902,4,,,1,99,,7901,4,,,1,98,,1058,4,,,1,99,,7906,4,,,1,99,,7905,4,,,1,100,,7903,4,,,1,102,,7892,4,,,1,100,,7904,4,,,1,99,,7891,4,,,1,102,,7890,4,,,1,99,,7895,4,,,1,99,,7897,4,,,1,103,,7896,4,,,1,97,,7898,4,,,1,101,,7894,4,,,1,101,,7893,4,,,1,100,,7899,4,,,1,101,,7900,4,,,1
3103,'SAM',631,,7919,4,,,1,99,,7918,4,,,1,98,,1075,4,,,1,99,,7923,4,,,1,99,,7924,4,,,1,100,,7920,4,,,1,100,,7916,4,,,1,101,,7921,4,,,1,100,,7917,4,,,1,102,,7922,4,,,1,100,,7911,4,,,1,99,,7913,4,,,1,100,,7909,4,,,1,100,,7914,4,,,1,100,,7907,4,,,1,101,,7908,4,,,1,100,,7910,4,,,1,102,,7912,4,,,1,95,,7915,4,,,1
3103,'SEM',626,,7946,4,,,1,99,,7944,4,,,1,100,,7945,4,,,1,99,,7925,4,,,1,101,,7926,4,,,1,100,,7928,4,,,1,100,,7947,4,,,1,100,,7927,4,,,1,100,,7932,4,,,1,98,,7933,4,,,1,11,,7934,4,,,1,76,,7929,4,,,1,30,,7938,4,,,1,80,,7935,4,,,1,30,,7931,4,,,1,76,,7943,4,,,1,30,,7930,4,,,1,76,,7942,4,,,1,100,,7936,4,,,1,101,,7939,4,,,1,101,,7940,4,,,1,98,,7937,4,,,1,114,,7941,4,,,1
4303,'DIM',631,,8818,2,,,1,100,,8820,2,,,1,100,,8824,2,,,1,100,,8822,2,,,1,105,,8823,2,,,1,101,,8821,2,,,1,100,,8827,2,,,1,99,,8825,2,,,1,103,,8826,2,,,1,97,,8808,2,,,1,100,,8809,2,,,1,104,,8811,2,,,1,92,,8814,2,,,1,99,,8813,2,,,1,100,,8810,2,,,1,100,,8812,2,,,1,100,,8819,2,,,1,100,,8815,2,,,1,100,,8817,2,,,1,100,,8816,2,,,1
4303,'SAM',631,,8839,2,,,1,100,,8829,2,,,1,100,,8844,2,,,1,100,,8830,2,,,1,105,,8831,2,,,1,101,,8842,2,,,1,100,,8840,2,,,1,99,,8845,2,,,1,102,,8841,2,,,1,101,,8843,2,,,1,99,,8828,2,,,1,98,,8846,2,,,1,96,,8835,2,,,1,99,,8832,2,,,1,100,,2041,2,,,1,100,,8833,2,,,1,100,,8834,2,,,1,100,,8838,2,,,1,100,,8836,2,,,1,100,,8837,2,,,1
4303,'SEM',631,,8866,2,,,1,100,,8867,2,,,1,81,,8850,2,,,1,104,,8868,2,,,1,31,,8849,2,,,1,69,,8864,2,,,1,30,,8856,2,,,1,70,,8852,2,,,1,30,,8870,2,,,1,70,,8869,2,,,1,30,,8865,2,,,1,72,,8853,2,,,1,28,,8854,2,,,1,70,,8858,2,,,1,30,,8871,2,,,1,70,,8848,2,,,1,25,,8855,2,,,1,70,,8851,2,,,1,19,,8872,2,,,1,76,,8857,2,,,1,31,,8847,2,,,1,71,,8861,2,,,1,102,,8862,2,,,1,101,,8863,2,,,1,101,,11970,2,,,1,101,,11971,2,,,1,110,,8859,2,,,1,106,,8860,2,,,1
4803,'DIM',701,,9218,2,,,1,102,,9222,2,,,1,102,,9226,2,,,1,99,,9209,2,,,1,102,,9219,2,,,1,101,,9220,2,,,1,95,,9225,2,,,1,105,,9221,2,,,1,99,,9223,2,,,1,100,,9210,2,,,1,100,,9224,2,,,1,100,,9212,2,,,1,95,,9216,2,,,1,100,,9215,2,,,1,101,,9214,2,,,1,99,,2438,2,,,1,100,,9211,2,,,1,35,,9213,2,,,1,121,,9217,2,,,1
4803,'SAM',601,,2450,2,,,1,100,,9238,2,,,1,101,,9241,2,,,1,103,,9245,2,,,1,99,,9236,2,,,1,101,,9244,2,,,1,101,,9239,2,,,1,94,,9242,2,,,1,106,,9240,2,,,1,100,,9237,2,,,1,100,,9243,2,,,1,100,,9230,2,,,1,100,,9232,2,,,1,95,,9228,2,,,1,100,,9227,2,,,1,99,,9229,2,,,1,101,,9234,2,,,1,100,,9235,2,,,1,35,,9231,2,,,1,121,,9233,2,,,1
4803,'SEM',556,,9265,2,,,1,60,,9267,2,,,1,37,,9258,2,,,1,73,,9268,2,,,1,30,,9271,2,,,1,64,,9254,2,,,1,80,,9253,2,,,1,30,,9248,2,,,1,95,,9255,2,,,1,100,,9250,2,,,1,100,,9249,2,,,1,100,,9269,2,,,1,80,,9246,2,,,1,101,,9251,2,,,1,35,,9266,2,,,1,64,,9247,2,,,1,30,,9270,2,,,1,70,,9259,2,,,1,30,,9252,2,,,1,70,,9260,2,,,1,95,,9264,2,,,1,100,,9256,2,,,1,100,,9257,2,,,1,100,,11981,2,,,1,100,,9262,2,,,1,59,,9261,2,,,1,91,,9263,2,,,1,73,,11982,2,,,1
5801,'DIM',521,,9832,2,,,2,100,,9814,2,,,2,90,,9823,2,,,2,98,,9826,2,,,2,99,,9829,2,,,2,100,,9822,2,,,2,102,,9831,2,,,2,98,,9828,2,,,2,103,,9825,2,,,2,99,,9827,2,,,2,102,,9824,2,,,2,99,,9817,2,,,2,101,,9830,2,,,2,99,,9813,2,,,2,99,,9821,2,,,2,99,,9816,2,,,2,101,,9815,2,,,2,100,,9819,2,,,2,100,,9818,2,,,2,110,,9820,2,,,2
5801,'SAM',521,,9852,2,,,2,100,,9844,2,,,2,90,,9843,2,,,2,98,,9848,2,,,2,100,,9846,2,,,2,99,,9849,2,,,2,102,,9851,2,,,2,98,,9833,2,,,2,101,,9842,2,,,2,101,,9847,2,,,2,101,,9845,2,,,2,101,,9850,2,,,2,100,,9836,2,,,2,100,,9840,2,,,2,98,,9834,2,,,2,99,,9841,2,,,2,101,,9837,2,,,2,100,,9839,2,,,2,100,,9835,2,,,2,110,,9838,2,,,2
5801,'SEM',511,,9866,2,,,2,28,,9863,2,,,2,82,,9875,2,,,2,82,,9864,2,,,2,45,,9870,2,,,2,85,,9857,2,,,2,99,,9876,2,,,2,100,,9853,2,,,2,100,,9858,2,,,2,100,,9874,2,,,2,100,,9854,2,,,2,86,,9865,2,,,2,31,,9855,2,,,2,72,,9877,2,,,2,28,,9860,2,,,2,75,,9862,2,,,2,28,,9861,2,,,2,68,,9856,2,,,2,29,,9873,2,,,2,70,,9859,2,,,2,30,,9872,2,,,2,100,,11991,2,,,2,100,,9868,2,,,2,100,,9867,2,,,2,100,,9869,2,,,2,100,,9871,2,,,2
6002,'DIM',651,,9994,2,,,1,99,,10003,2,,,1,99,,10001,2,,,1,100,,10002,2,,,1,100,,10004,2,,,1,100,,10007,2,,,1,100,,10005,2,,,1,100,,10008,2,,,1,100,,10006,2,,,1,99,,10009,2,,,1,99,,10010,2,,,1,101,,9996,2,,,1,101,,9998,2,,,1,101,,9997,2,,,1,101,,9999,2,,,1,100,,9993,2,,,1,100,,9995,2,,,1,100,,10000,2,,,1
6002,'SAM',651,,10022,2,,,1,99,,10013,2,,,1,99,,10025,2,,,1,100,,10027,2,,,1,100,,10023,2,,,1,100,,10026,2,,,1,100,,10024,2,,,1,100,,10012,2,,,1,100,,10028,2,,,1,99,,10011,2,,,1,99,,10015,2,,,1,103,,10020,2,,,1,99,,10016,2,,,1,101,,10017,2,,,1,101,,10021,2,,,1,100,,10014,2,,,1,100,,10018,2,,,1,100,,10019,2,,,1
6002,'SEM',621,,10045,2,,,1,100,,10043,2,,,1,100,,10030,2,,,1,99,,10046,2,,,1,100,,10044,2,,,1,101,,10035,2,,,1,100,,10029,2,,,1,99,,10031,2,,,1,101,,10042,2,,,1,98,,10032,2,,,1,101,,10037,2,,,1,107,,10034,2,,,1,94,,10040,2,,,1,101,,10038,2,,,1,99,,10033,2,,,1,100,,10036,2,,,1,100,,10039,2,,,1,90,,10041,2,,,1,100,,11993,2,,,1
7002,'DIM',655,,10662,2,,,1,101,,10669,2,,,1,100,,3943,2,,,1,100,,10665,2,,,1,68,,10666,2,,,1,33,,10668,2,,,1,69,,10658,2,,,1,25,,10667,2,,,1,75,,10664,2,,,1,25,,10673,2,,,1,79,,10671,2,,,1,27,,10674,2,,,1,76,,10656,2,,,1,25,,10670,2,,,1,71,,10676,2,,,1,23,,10672,2,,,1,78,,10675,2,,,1,28,,10660,2,,,1,76,,10678,2,,,1,74,,3946,2,,,1,97,,10677,2,,,1,95,,10655,2,,,1,55,,10657,2,,,1,101,,10661,2,,,1,100,,10659,2,,,1,103,,10663,2,,,1
7002,'SAM',654,,10705,2,,,1,102,,10685,2,,,1,100,,10693,2,,,1,100,,10692,2,,,1,65,,10701,2,,,1,36,,10706,2,,,1,69,,10703,2,,,1,24,,10697,2,,,1,75,,10696,2,,,1,26,,10695,2,,,1,79,,10698,2,,,1,75,,10694,2,,,1,27,,10704,2,,,1,25,,10702,2,,,1,68,,10700,2,,,1,26,,10699,2,,,1,79,,10688,2,,,1,29,,10684,2,,,1,76,,10686,2,,,1,74,,10681,2,,,1,96,,10690,2,,,1,95,,10682,2,,,1,56,,10683,2,,,1,100,,10689,2,,,1,100,,10687,2,,,1,103,,10691,2,,,1
7002,'SEM',528,,10714,2,,,1,96,,10734,2,,,1,26,,10735,2,,,1,73,,10713,2,,,1,36,,10716,2,,,1,67,,10718,2,,,1,30,,10733,2,,,1,70,,10711,2,,,1,30,,10740,2,,,1,70,,10719,2,,,1,27,,10741,2,,,1,73,,10736,2,,,1,26,,10738,2,,,1,74,,10737,2,,,1,29,,10712,2,,,1,70,,10739,2,,,1,24,,10732,2,,,1,76,,10717,2,,,1,31,,10720,2,,,1,70,,10715,2,,,1,30,,10709,2,,,1,73,,10710,2,,,1,28,,10723,2,,,1,73,,10724,2,,,1,26,,10728,2,,,1,73,,10727,2,,,1,91,,10725,2,,,1,83,,10729,2,,,1,54,,10721,2,,,1,152,,10726,2,,,1,106,,10722,2,,,1,100,,10731,2,,,1,105,,10730,2,,,1
7303,'DIM',646,,10755,2,,,1,99,,10752,2,,,1,99,,10753,2,,,1,98,,10756,2,,,1,100,,10759,2,,,1,100,,10754,2,,,1,100,,10757,2,,,1,101,,10751,2,,,1,99,,10758,2,,,1,102,,10760,2,,,1,99,,10745,2,,,1,100,,10742,2,,,1,101,,10748,2,,,1,99,,10744,2,,,1,100,,10743,2,,,1,101,,10746,2,,,1,100,,10747,2,,,1,102,,10750,2,,,1,105,,10749,2,,,1
7303,'SAM',553,,10775,2,,,1,93,,10772,2,,,1,99,,10771,2,,,1,99,,10776,2,,,1,98,,10778,2,,,1,101,,10774,2,,,1,99,,10764,2,,,1,100,,10777,2,,,1,101,,10773,2,,,1,99,,10779,2,,,1,102,,10780,2,,,1,101,,10763,2,,,1,99,,10761,2,,,1,99,,10762,2,,,1,100,,10766,2,,,1,100,,10765,2,,,1,101,,4040,2,,,1,100,,10767,2,,,1,102,,4041,2,,,1,105,,10768,2,,,1,100,,10770,2,,,1,100,,10769,2,,,1
7303,'SEM',539,,10817,2,,,1,66,,10814,2,,,1,38,,10813,2,,,1,10,,10818,2,,,1,78,,10807,2,,,1,15,,10783,2,,,1,83,,10815,2,,,1,12,,10782,2,,,1,70,,10800,2,,,1,31,,10816,2,,,1,69,,10784,2,,,1,31,,10789,2,,,1,69,,10799,2,,,1,31,,10790,2,,,1,69,,10819,2,,,1,30,,10785,2,,,1,70,,10788,2,,,1,30,,10794,2,,,1,70,,10781,2,,,1,30,,10791,2,,,1,75,,10820,2,,,1,24,,10801,2,,,1,15,,10793,2,,,1,61,,10786,2,,,1,16,,10787,2,,,1,23,,10797,2,,,1,57,,10795,2,,,1,30,,10808,2,,,1,16,,10796,2,,,1,56,,10792,2,,,1,33,,10802,2,,,1,70,,10805,2,,,1,32,,10798,2,,,1,100,,10810,2,,,1,100,,10803,2,,,1,100,,10809,2,,,1,100,,10804,2,,,1,81,,10806,2,,,1,95,,10811,2,,,1,121,,10812,2,,,1
7401,'DIM',716,,10911,2,,,2,98,,10912,2,,,2,101,,10915,2,,,2,97,,10914,2,,,2,101,,10916,2,,,2,100,,10913,2,,,2,100,,10910,2,,,2,99,,10909,2,,,2,102,,10917,2,,,2,99,,10903,2,,,2,102,,10904,2,,,2,99,,10906,2,,,2,100,,10907,2,,,2,99,,10908,2,,,2,101,,10902,2,,,2,100,,10901,2,,,2,101,,10905,2,,,2
7401,'SAM',716,,10926,2,,,2,98,,10928,2,,,2,101,,10927,2,,,2,98,,10930,2,,,2,100,,10932,2,,,2,100,,10934,2,,,2,101,,10929,2,,,2,98,,10933,2,,,2,101,,10931,2,,,2,100,,10918,2,,,2,101,,10921,2,,,2,101,,10923,2,,,2,100,,10922,2,,,2,98,,10924,2,,,2,101,,10919,2,,,2,100,,10925,2,,,2,101,,10920,2,,,2
7401,'SEM',618,,10950,2,,,2,95,,10935,2,,,2,100,,10949,2,,,2,103,,10939,2,,,2,101,,10940,2,,,2,101,,10953,2,,,2,98,,10938,2,,,2,101,,10952,2,,,2,100,,10951,2,,,2,93,,10937,2,,,2,93,,10941,2,,,2,101,,10936,2,,,2,30,,10943,2,,,2,85,,10948,2,,,2,101,,10942,2,,,2,101,,10945,2,,,2,100,,10946,2,,,2,100,,10944,2,,,2,100,,12005,2,,,2,95,,10947,2,,,2
22201,'DIM',1357,,11652,2,,,2,854,,11650,2,,,2,43,,11651,2,,,2
22201,'SAM',1357,,11657,2,,,2,854,,11653,2,,,2,43,,11654,2,,,2,100,,11656,2,,,2,152,,11655,2,,,2
22201,'SEM',658,,11658,2,,,2,50,,11659,2,,,2,643,,11660,2,,,2,100,,11661,2,,,2,106,,11665,2,,,2,100,,11663,2,,,2,90,,11662,2,,,2,666,,11664,2,,,2
32201,'DIM',506,,11767,3,,,2,799,,11769,2,,,2,802,,11768,2,,,2
32201,'SAM',506,,11770,3,,,2,799,,11771,2,,,2
32201,'SEM',507,,11772,3,,,2,19,,11773,3,,,2,27,,11774,3,,,2,754,,11775,2,,,2,800,,11776,2,,,2
33503,'DIM',2634,,11780,2,,,2
33503,'SAM',2634,,11781,2,,,2
33503,'SEM',2403,,12018,2,,,2,233,,12017,2,,,2
34503,'SEM',432,,11786,4,,,1,100,,11787,4,,,1
