1704,'DIM',506,,159,31,,,1,50,,160,31,,,1,102,,166,31,,,1,100,,157,31,,,1,101,,165,31,,,1,141,,164,31,,,1,101,,161,31,,,1,102,,162,31,,,1,101,,168,31,,,1,100,,158,31,,,1,101,,167,31,,,1,100,,148,31,,,1,99,,163,31,,,1,99,,154,31,,,1,99,,150,31,,,1,98,,149,31,,,1,100,,153,31,,,1,59,,151,31,,,1,99,,152,31,,,1,99,,155,31,,,1,96,,156,31,,,1
1704,'SAM',506,,184,31,,,1,50,,185,31,,,1,102,,188,31,,,1,100,,187,31,,,1,101,,181,31,,,1,141,,175,31,,,1,59,,183,31,,,1,144,,182,31,,,1,101,,186,31,,,1,101,,174,31,,,1,100,,170,31,,,1,100,,189,31,,,1,99,,173,31,,,1,100,,176,31,,,1,98,,169,31,,,1,98,,177,31,,,1,100,,179,31,,,1,59,,171,31,,,1,99,,172,31,,,1,97,,6704,31,,,1,98,,178,31,,,1
1704,'SEM',518,,200,31,,,1,92,,209,31,,,1,21,,201,31,,,1,22,,193,31,,,1,66,,197,31,,,1,36,,211,31,,,1,61,,212,31,,,1,102,,194,31,,,1,84,,191,31,,,1,99,,5424,31,,,1,100,,199,31,,,1,100,,210,31,,,1,101,,195,31,,,1,103,,192,31,,,1,106,,196,31,,,1,97,,198,31,,,1,100,,206,31,,,1,95,,205,31,,,1,99,,207,31,,,1,100,,208,31,,,1,99,,203,31,,,1,58,,202,31,,,1,141,,204,31,,,1
3104,'DIM',627,,1113,41,,,1,102,,1115,41,,,1,99,,1116,41,,,1,101,,1119,41,,,1,101,,1120,41,,,1,102,,1121,41,,,1,101,,1117,41,,,1,102,,1114,41,,,1,101,,1118,41,,,1,100,,1103,41,,,1,99,,1105,41,,,1,99,,1107,41,,,1,99,,1111,41,,,1,99,,1112,41,,,1,98,,1106,41,,,1,100,,1104,41,,,1,98,,1109,41,,,1,99,,1108,41,,,1,102,,1110,41,,,1
3104,'SAM',526,,1137,41,,,1,102,,1132,41,,,1,100,,1134,41,,,1,100,,1138,41,,,1,101,,1136,41,,,1,100,,1139,41,,,1,102,,1140,41,,,1,103,,1133,41,,,1,100,,1141,41,,,1,101,,1135,41,,,1,100,,1122,41,,,1,100,,1124,41,,,1,99,,1127,41,,,1,100,,1128,41,,,1,98,,1123,41,,,1,98,,1126,41,,,1,100,,6708,41,,,1,98,,1131,41,,,1,99,,1125,41,,,1,100,,1129,41,,,1
3104,'SEM',455,,1161,41,,,1,72,,1147,41,,,1,90,,1162,41,,,1,20,,1164,41,,,1,64,,1144,41,,,1,30,,1142,41,,,1,71,,1148,41,,,1,33,,1165,41,,,1,72,,1158,41,,,1,25,,1159,41,,,1,99,,1155,41,,,1,100,,1163,41,,,1,100,,5930,41,,,1,101,,1143,41,,,1,100,,1146,41,,,1,102,,1145,41,,,1,100,,5564,41,,,1,100,,5863,41,,,1,99,,1156,41,,,1,99,,1157,41,,,1,106,,1154,41,,,1,100,,1149,41,,,1,98,,1153,41,,,1,100,,1151,41,,,1
7304,'DIM',541,,4121,59,,,1,70,,4110,59,,,1,103,,4116,59,,,1,99,,4111,59,,,1,101,,4118,59,,,1,101,,4114,59,,,1,101,,4112,59,,,1,102,,4120,59,,,1,101,,4122,59,,,1,101,,4115,59,,,1,101,,4117,59,,,1,99,,4113,59,,,1,100,,4119,59,,,1,98,,4123,59,,,1,99,,4103,59,,,1,98,,4108,59,,,1,100,,4105,59,,,1,99,,4104,59,,,1,98,,4106,59,,,1,101,,4107,59,,,1,99,,4109,59,,,1
7304,'SAM',541,,4146,59,,,1,71,,4132,59,,,1,101,,4137,59,,,1,100,,4130,59,,,1,101,,4138,59,,,1,101,,4143,59,,,1,100,,4142,59,,,1,103,,4141,59,,,1,101,,4140,59,,,1,101,,4139,59,,,1,100,,4126,59,,,1,100,,4145,59,,,1,100,,4144,59,,,1,99,,4124,59,,,1,98,,6757,59,,,1,98,,4125,59,,,1,100,,4135,59,,,1,99,,4127,59,,,1,98,,4131,59,,,1,101,,4129,59,,,1,99,,4133,59,,,1,100,,4136,59,,,1,99,,6756,59,,,1
7304,'SEM',503,,4179,59,,,1,43,,4174,59,,,1,78,,4181,59,,,1,20,,4186,59,,,1,69,,4153,59,,,1,12,,5379,59,,,1,12,,4178,59,,,1,12,,4158,59,,,1,60,,4162,59,,,1,16,,4185,59,,,1,15,,4147,59,,,1,66,,4182,59,,,1,30,,4156,59,,,1,80,,4184,59,,,1,28,,4160,59,,,1,72,,4149,59,,,1,31,,5902,59,,,1,70,,5380,59,,,1,35,,4183,59,,,1,64,,4180,59,,,1,32,,4187,59,,,1,69,,4150,59,,,1,34,,4157,59,,,1,68,,4151,59,,,1,39,,4154,59,,,1,49,,4152,59,,,1,19,,4148,59,,,1,76,,4155,59,,,1,20,,5531,59,,,1,27,,4161,59,,,1,74,,4159,59,,,1,34,,4171,59,,,1,61,,4175,59,,,1,32,,4165,59,,,1,67,,4168,59,,,1,30,,4170,59,,,1,71,,4173,59,,,1,28,,4163,59,,,1,70,,4167,59,,,1,30,,4164,59,,,1,70,,4169,59,,,1,100,,4172,59,,,1,95,,4176,59,,,1
7402,'DIM',643,,6446,72,,,2,101,,6449,72,,,2,99,,6451,72,,,2,101,,6447,72,,,2,102,,6450,72,,,2,101,,6448,72,,,2,101,,6444,72,,,2,101,,6453,72,,,2,100,,6445,72,,,2,101,,6438,72,,,2,100,,6452,72,,,2,99,,6442,72,,,2,99,,6437,72,,,2,97,,6439,72,,,2,100,,6443,72,,,2,99,,6440,72,,,2,99,,6441,72,,,2
7402,'SAM',643,,6464,72,,,2,100,,6468,72,,,2,100,,6462,72,,,2,101,,6466,72,,,2,100,,6461,72,,,2,103,,6455,72,,,2,101,,6467,72,,,2,101,,6465,72,,,2,101,,6469,72,,,2,100,,6463,72,,,2,99,,6470,72,,,2,100,,6457,72,,,2,99,,6456,72,,,2,97,,6458,72,,,2,100,,6454,72,,,2,99,,6459,72,,,2,99,,6460,72,,,2
7402,'SEM',602,,6487,72,,,2,48,,6489,72,,,2,57,,6476,72,,,2,37,,6488,72,,,2,105,,6479,72,,,2,99,,6471,72,,,2,98,,6477,72,,,2,99,,6478,72,,,2,99,,6472,72,,,2,100,,6474,72,,,2,102,,6475,72,,,2,101,,6473,72,,,2,101,,6482,72,,,2,104,,6483,72,,,2,98,,6484,72,,,2,93,,6485,72,,,2,100,,6480,72,,,2,101,,6486,72,,,2,97,,6481,72,,,2
