3703,'DIM',642,,8121,39,,,2,75,,8122,39,,,2,101,,8120,39,,,2,100,,8119,39,,,2,100,,8127,39,,,2,100,,8126,39,,,2,101,,8116,39,,,2,100,,8117,39,,,2,105,,8128,39,,,2,96,,8124,39,,,2,99,,8125,39,,,2,100,,8123,39,,,2,90,,8118,39,,,2
3703,'SAM',642,,1290,39,,,2,75,,8134,39,,,2,101,,8131,39,,,2,100,,8135,39,,,2,100,,8138,39,,,2,100,,8136,39,,,2,101,,8139,39,,,2,101,,8132,39,,,2,99,,8130,39,,,2,102,,8133,39,,,2,99,,8129,39,,,2,99,,8137,39,,,2,90,,8140,39,,,2
3703,'SEM',604,,8157,39,,,2,15,,8145,39,,,2,17,,1324,39,,,2,15,,8156,39,,,2,54,,8161,39,,,2,16,,8165,39,,,2,20,,8142,39,,,2,76,,8146,39,,,2,39,,8160,39,,,2,68,,8166,39,,,2,99,,8144,39,,,2,100,,8163,39,,,2,100,,8147,39,,,2,100,,8158,39,,,2,102,,8164,39,,,2,82,,8162,39,,,2,20,,8143,39,,,2,26,,8159,39,,,2,72,,8141,39,,,2,32,,8167,39,,,2,102,,8148,39,,,2,98,,8154,39,,,2,102,,8149,39,,,2,100,,8153,39,,,2,100,,8155,39,,,2,99,,8150,39,,,2,97,,8152,39,,,2,102,,8151,39,,,2
6303,'DIM',759,,10176,37,,,1,141,,10178,37,,,1,102,,10169,37,,,1,98,,10177,37,,,1,103,,10181,37,,,1,56,,10179,37,,,1,143,,10182,37,,,1,103,,10180,37,,,1,100,,10183,37,,,1,100,,10184,37,,,1,100,,10170,37,,,1,97,,10166,37,,,1,98,,10167,37,,,1,59,,10172,37,,,1,100,,10168,37,,,1,100,,10173,37,,,1,99,,10171,37,,,1,100,,10174,37,,,1,97,,10175,37,,,1
6303,'SAM',658,,10198,37,,,1,101,,10202,37,,,1,141,,10199,37,,,1,102,,10197,37,,,1,98,,10201,37,,,1,103,,10200,37,,,1,56,,10204,37,,,1,143,,10203,37,,,1,103,,10185,37,,,1,102,,10186,37,,,1,98,,10187,37,,,1,100,,10189,37,,,1,97,,10188,37,,,1,98,,10193,37,,,1,59,,10190,37,,,1,100,,10191,37,,,1,100,,10194,37,,,1,99,,10192,37,,,1,100,,10195,37,,,1,97,,10196,37,,,1
6303,'SEM',618,,10220,37,,,1,21,,10230,37,,,1,16,,10231,37,,,1,77,,10237,37,,,1,14,,10235,37,,,1,74,,10209,37,,,1,23,,10211,37,,,1,73,,10212,37,,,1,33,,10205,37,,,1,65,,10208,37,,,1,33,,10234,37,,,1,67,,10222,37,,,1,32,,10238,37,,,1,66,,10232,37,,,1,38,,10206,37,,,1,67,,10207,37,,,1,31,,10236,37,,,1,70,,10233,37,,,1,33,,10239,37,,,1,72,,10214,37,,,1,26,,10213,37,,,1,74,,10218,37,,,1,19,,10216,37,,,1,65,,10210,37,,,1,32,,10219,37,,,1,80,,10217,37,,,1,96,,10215,37,,,1,41,,10223,37,,,1,93,,10226,37,,,1,94,,10221,37,,,1,88,,10224,37,,,1,104,,10225,37,,,1,99,,10229,37,,,1,104,,10227,37,,,1,94,,10228,37,,,1
6503,'DIM',719,,10321,13,,,2,101,,10323,13,,,2,100,,10325,13,,,2,100,,10327,13,,,2,103,,10324,13,,,2,97,,10322,13,,,2,107,,10310,13,,,2,100,,10326,13,,,2,96,,10328,13,,,2,98,,10313,13,,,2,102,,10315,13,,,2,98,,10314,13,,,2,99,,10317,13,,,2,100,,10319,13,,,2,99,,10311,13,,,2,100,,10312,13,,,2,100,,10318,13,,,2,99,,10320,13,,,2,100,,10316,13,,,2
6503,'SAM',719,,10342,13,,,2,101,,10345,13,,,2,100,,10344,13,,,2,100,,10346,13,,,2,102,,10347,13,,,2,97,,10349,13,,,2,108,,10348,13,,,2,99,,10343,13,,,2,97,,10329,13,,,2,98,,10331,13,,,2,102,,10334,13,,,2,100,,10337,13,,,2,97,,10341,13,,,2,100,,10339,13,,,2,99,,10333,13,,,2,100,,10330,13,,,2,100,,10332,13,,,2,99,,10335,13,,,2,100,,10336,13,,,2,85,,10338,13,,,2,35,,10340,13,,,2
6503,'SEM',508,,10385,1,,,2,97,,10359,13,,,2,27,,10351,13,,,2,27,,10376,13,,,2,64,,10352,13,,,2,24,,10354,13,,,2,78,,10367,13,,,2,26,,10382,13,,,2,78,,10355,13,,,2,25,,10356,13,,,2,70,,10373,13,,,2,30,,10357,13,,,2,70,,10380,13,,,2,31,,10377,13,,,2,70,,10378,13,,,2,30,,10379,13,,,2,70,,10358,13,,,2,30,,10361,13,,,2,70,,10353,13,,,2,30,,10365,13,,,2,74,,10366,13,,,2,71,,10350,13,,,2,25,,10360,13,,,2,25,,10370,13,,,2,54,,10381,13,,,2,15,,10371,13,,,2,14,,10372,13,,,2,15,,10368,13,,,2,53,,10374,13,,,2,17,,10369,13,,,2,33,,10363,13,,,2,103,,10362,13,,,2,99,,10364,13,,,2,100,,11999,13,,,2,100,,12000,13,,,2,99,,10375,13,,,2
7001,'DIM',713,,10584,29,,,1,101,,10574,29,,,1,99,,10582,29,,,1,100,,10585,29,,,1,28,,10588,29,,,1,71,,10583,29,,,1,30,,10590,29,,,1,68,,10589,29,,,1,30,,10586,29,,,1,75,,10587,29,,,1,29,,10591,29,,,1,67,,10567,29,,,1,34,,10592,29,,,1,65,,10570,29,,,1,35,,10571,29,,,1,67,,10572,29,,,1,33,,10569,29,,,1,73,,10575,29,,,1,33,,10578,29,,,1,70,,10573,29,,,1,94,,10579,29,,,1,99,,10576,29,,,1,100,,10568,29,,,1,99,,10580,29,,,1,100,,10581,29,,,1,100,,10577,29,,,1
7001,'SAM',713,,10609,29,,,1,101,,10614,29,,,1,99,,10616,29,,,1,100,,10617,29,,,1,27,,10615,29,,,1,72,,10593,29,,,1,29,,10618,29,,,1,69,,10613,29,,,1,30,,10594,29,,,1,74,,10610,29,,,1,28,,10595,29,,,1,73,,10611,29,,,1,30,,10597,29,,,1,65,,10612,29,,,1,33,,10600,29,,,1,69,,10602,29,,,1,33,,10599,29,,,1,74,,10601,29,,,1,32,,10605,29,,,1,70,,10603,29,,,1,94,,10607,29,,,1,99,,10596,29,,,1,100,,10598,29,,,1,98,,10608,29,,,1,101,,10606,29,,,1,100,,10604,29,,,1
7001,'SEM',525,,10645,29,,,1,32,,10623,29,,,1,66,,10646,29,,,1,18,,10647,29,,,1,18,,10642,29,,,1,68,,10653,29,,,1,24,,10634,29,,,1,65,,10620,29,,,1,29,,10652,29,,,1,70,,10649,29,,,1,31,,10650,29,,,1,69,,10631,29,,,1,31,,10654,29,,,1,69,,10622,29,,,1,32,,10627,29,,,1,68,,10651,29,,,1,30,,10621,29,,,1,69,,10619,29,,,1,32,,10648,29,,,1,70,,10626,29,,,1,38,,10629,29,,,1,64,,10625,29,,,1,10,,10632,29,,,1,89,,10624,29,,,1,37,,10636,29,,,1,67,,10639,29,,,1,35,,10640,29,,,1,66,,10628,29,,,1,79,,10637,29,,,1,45,,10633,29,,,1,74,,10630,29,,,1,108,,10638,29,,,1,99,,10635,29,,,1,100,,10643,29,,,1,99,,10641,29,,,1,128,,10644,29,,,1
7602,'DIM',612,,5136,13,,,2,96,,11115,13,,,2,100,,11125,13,,,2,101,,11127,13,,,2,30,,11123,13,,,2,70,,11124,13,,,2,30,,11105,13,,,2,70,,11128,13,,,2,30,,11126,13,,,2,70,,11114,13,,,2,32,,11129,13,,,2,72,,11130,13,,,2,27,,11106,13,,,2,74,,11116,13,,,2,33,,11108,13,,,2,64,,11109,13,,,2,30,,11111,13,,,2,70,,11107,13,,,2,30,,4405,13,,,2,70,,4422,13,,,2,30,,11112,13,,,2,74,,11120,13,,,2,94,,11121,13,,,2,100,,11113,13,,,2,101,,11122,13,,,2,101,,11110,13,,,2,99,,11117,13,,,2,99,,11119,13,,,2,100,,11118,13,,,2
7602,'SAM',612,,11148,13,,,2,96,,11147,13,,,2,100,,11151,13,,,2,101,,11153,13,,,2,30,,11158,13,,,2,70,,11146,13,,,2,30,,11155,13,,,2,70,,11154,13,,,2,30,,11160,13,,,2,70,,11132,13,,,2,30,,11149,13,,,2,74,,11131,13,,,2,27,,11150,13,,,2,74,,11157,13,,,2,33,,11133,13,,,2,64,,11134,13,,,2,30,,11156,13,,,2,70,,11137,13,,,2,30,,11159,13,,,2,70,,11135,13,,,2,30,,11152,13,,,2,75,,11140,13,,,2,93,,11142,13,,,2,100,,11138,13,,,2,101,,11136,13,,,2,101,,11141,13,,,2,99,,11139,13,,,2,99,,11144,13,,,2,100,,11143,13,,,2,101,,11145,13,,,2
7602,'SEM',556,,11161,13,,,2,62,,11190,13,,,2,16,,4470,13,,,2,11,,11188,13,,,2,64,,11192,13,,,2,19,,11194,13,,,2,22,,11168,13,,,2,61,,11162,13,,,2,34,,11189,13,,,2,68,,11193,13,,,2,31,,11186,13,,,2,72,,11163,13,,,2,30,,11191,13,,,2,70,,11167,13,,,2,29,,11187,13,,,2,72,,11166,13,,,2,30,,11171,13,,,2,71,,11196,13,,,2,28,,11172,13,,,2,70,,11164,13,,,2,35,,11195,13,,,2,65,,11165,13,,,2,24,,11169,13,,,2,66,,11176,13,,,2,25,,11177,13,,,2,25,,11180,13,,,2,65,,11182,13,,,2,24,,11178,13,,,2,60,,11174,13,,,2,34,,11170,13,,,2,70,,11181,13,,,2,31,,11184,13,,,2,100,,11173,13,,,2,100,,11175,13,,,2,99,,11183,13,,,2,103,,11179,13,,,2,109,,11185,13,,,2
