4202,'DIM',509,,8661,74,,,2,41,,8702,74,,,2,66,,8672,74,,,2,30,,8660,74,,,2,71,,8684,74,,,2,30,,8682,74,,,2,72,,8703,74,,,2,32,,8687,74,,,2,71,,8683,74,,,2,31,,8691,74,,,2,71,,8695,74,,,2,23,,8701,74,,,2,62,,8697,74,,,2,21,,8688,74,,,2,22,,8693,74,,,2,59,,8689,74,,,2,20,,8692,74,,,2,18,,8677,74,,,2,63,,8680,74,,,2,20,,8679,74,,,2,22,,8681,74,,,2,59,,8686,74,,,2,20,,8685,74,,,2,18,,8705,74,,,2,62,,8698,74,,,2,21,,8694,74,,,2,21,,8690,74,,,2,61,,8700,74,,,2,19,,8665,74,,,2,20,,8666,74,,,2,61,,8667,74,,,2,23,,8699,74,,,2,76,,8696,74,,,2,35,,8704,74,,,2,69,,8676,74,,,2,30,,8663,74,,,2,72,,8662,74,,,2,30,,8671,74,,,2,69,,8659,74,,,2,27,,8668,74,,,2,68,,8678,74,,,2,28,,8664,74,,,2,71,,8670,74,,,2,30,,8674,74,,,2,67,,8675,74,,,2,30,,8669,74,,,2,77,,8673,74,,,2
4202,'SAM',509,,8708,74,,,2,41,,8710,74,,,2,66,,8728,74,,,2,30,,8706,74,,,2,71,,8736,74,,,2,30,,8734,74,,,2,72,,8711,74,,,2,32,,8742,74,,,2,71,,8738,74,,,2,31,,8737,74,,,2,71,,8741,74,,,2,23,,8753,74,,,2,62,,8747,74,,,2,21,,8751,74,,,2,21,,8746,74,,,2,60,,8749,74,,,2,20,,8731,74,,,2,18,,8744,74,,,2,62,,8735,74,,,2,21,,8727,74,,,2,21,,8733,74,,,2,60,,8707,74,,,2,20,,8740,74,,,2,18,,8739,74,,,2,62,,8732,74,,,2,21,,8743,74,,,2,21,,8709,74,,,2,60,,8745,74,,,2,19,,8748,74,,,2,21,,8714,74,,,2,61,,8750,74,,,2,23,,8752,74,,,2,75,,8720,74,,,2,35,,8722,74,,,2,70,,8724,74,,,2,30,,8726,74,,,2,75,,8712,74,,,2,27,,8715,74,,,2,69,,8729,74,,,2,27,,8717,74,,,2,68,,8719,74,,,2,31,,8713,74,,,2,67,,8716,74,,,2,30,,8718,74,,,2,68,,8721,74,,,2,30,,8723,74,,,2,77,,8725,74,,,2,30,,8730,74,,,2
4202,'SEM',509,,8792,74,,,2,97,,8794,74,,,2,33,,8798,74,,,2,16,,8801,74,,,2,56,,8754,74,,,2,10,,8756,74,,,2,11,,8759,74,,,2,9,,8762,74,,,2,10,,8800,74,,,2,52,,8797,74,,,2,20,,8757,74,,,2,18,,8771,74,,,2,61,,8758,74,,,2,22,,8802,74,,,2,22,,8799,74,,,2,59,,8760,74,,,2,21,,8793,74,,,2,20,,8755,74,,,2,59,,8796,74,,,2,21,,8764,74,,,2,20,,8787,74,,,2,61,,8795,74,,,2,24,,8765,74,,,2,17,,8785,74,,,2,64,,8767,74,,,2,20,,8769,74,,,2,20,,8770,74,,,2,63,,8763,74,,,2,17,,8772,74,,,2,21,,8773,74,,,2,60,,8774,74,,,2,21,,8761,74,,,2,21,,8776,74,,,2,60,,8803,74,,,2,20,,8779,74,,,2,20,,8780,74,,,2,60,,8781,74,,,2,21,,8783,74,,,2,17,,8806,74,,,2,64,,8786,74,,,2,20,,8766,74,,,2,63,,8775,74,,,2,24,,8768,74,,,2,19,,8790,74,,,2,70,,8805,74,,,2,45,,8807,74,,,2,76,,8791,74,,,2,67,,8777,74,,,2,29,,8778,74,,,2,29,,8782,74,,,2,66,,8784,74,,,2,77,,8789,74,,,2,27,,8804,74,,,2,71,,8788,74,,,2
4804,'DIM',607,,9283,56,,,1,110,,9287,56,,,1,103,,9284,56,,,1,108,,9288,56,,,1,107,,9291,56,,,1,101,,9274,56,,,1,103,,9285,56,,,1,100,,9286,56,,,1,97,,9290,56,,,1,105,,9276,56,,,1,101,,9289,56,,,1,101,,9275,56,,,1,97,,9281,56,,,1,95,,9277,56,,,1,95,,9282,56,,,1,97,,9279,56,,,1,100,,9278,56,,,1,95,,9280,56,,,1
4804,'SAM',607,,9302,56,,,1,110,,2518,56,,,1,103,,9304,56,,,1,107,,9306,56,,,1,108,,9310,56,,,1,101,,9303,56,,,1,102,,9309,56,,,1,100,,9305,56,,,1,97,,9307,56,,,1,106,,9308,56,,,1,101,,9295,56,,,1,101,,9298,56,,,1,97,,9296,56,,,1,95,,9299,56,,,1,95,,9293,56,,,1,97,,9292,56,,,1,98,,9294,56,,,1,97,,9300,56,,,1,97,,9301,56,,,1,33,,9297,56,,,1
4804,'SEM',538,,9313,56,,,1,81,,9330,56,,,1,31,,9311,56,,,1,73,,9314,56,,,1,27,,9318,56,,,1,79,,9332,56,,,1,30,,9331,56,,,1,70,,9334,56,,,1,30,,9321,56,,,1,71,,9320,56,,,1,71,,9315,56,,,1,101,,9322,56,,,1,100,,9333,56,,,1,100,,9319,56,,,1,102,,9316,56,,,1,39,,9312,56,,,1,107,,9317,56,,,1,96,,9327,56,,,1,67,,9329,56,,,1,102,,9325,56,,,1,114,,9328,56,,,1,100,,9323,56,,,1,98,,9324,56,,,1,96,,9335,56,,,1,97,,9326,56,,,1
5802,'DIM',624,,9883,54,,,2,101,,9890,54,,,2,93,,9887,54,,,2,100,,9891,54,,,2,100,,9894,54,,,2,99,,9886,54,,,2,101,,9896,54,,,2,100,,9893,54,,,2,102,,9889,54,,,2,99,,9892,54,,,2,101,,9888,54,,,2,98,,9882,54,,,2,101,,9895,54,,,2,100,,9879,54,,,2,100,,9885,54,,,2,98,,9881,54,,,2,98,,9880,54,,,2,98,,9884,54,,,2
5802,'SAM',624,,9914,54,,,2,101,,9906,54,,,2,93,,9905,54,,,2,100,,9910,54,,,2,100,,9908,54,,,2,99,,9911,54,,,2,101,,9913,54,,,2,100,,9897,54,,,2,99,,9904,54,,,2,101,,9909,54,,,2,101,,9907,54,,,2,100,,9912,54,,,2,100,,9899,54,,,2,100,,9902,54,,,2,100,,9898,54,,,2,98,,9903,54,,,2,98,,9900,54,,,2,98,,9901,54,,,2
5802,'SEM',544,,9932,54,,,2,75,,9926,54,,,2,22,,9925,54,,,2,80,,9933,54,,,2,35,,9935,54,,,2,69,,9918,54,,,2,33,,9917,54,,,2,83,,9921,54,,,2,100,,9936,54,,,2,100,,9915,54,,,2,100,,9922,54,,,2,100,,9934,54,,,2,100,,9916,54,,,2,65,,9919,54,,,2,29,,9923,54,,,2,104,,9929,54,,,2,72,,9920,54,,,2,93,,9924,54,,,2,96,,9930,54,,,2,58,,9937,54,,,2,100,,9931,54,,,2,97,,9928,54,,,2,99,,9927,54,,,2
7001,'DIM',740,,10584,74,,,1,101,,10574,74,,,1,99,,10582,74,,,1,100,,10585,74,,,1,69,,10588,74,,,1,31,,10583,74,,,1,70,,10590,74,,,1,28,,10589,74,,,1,70,,10586,74,,,1,35,,10587,74,,,1,69,,10591,74,,,1,27,,10567,74,,,1,74,,10592,74,,,1,25,,10570,74,,,1,75,,10571,74,,,1,27,,10572,74,,,1,73,,10569,74,,,1,33,,10575,74,,,1,73,,10578,74,,,1,30,,10573,74,,,1,94,,10579,74,,,1,98,,10576,74,,,1,100,,10568,74,,,1,99,,10580,74,,,1,100,,10581,74,,,1,99,,10577,74,,,1
7001,'SAM',740,,10609,74,,,1,101,,10614,74,,,1,99,,10616,74,,,1,100,,10617,74,,,1,68,,10615,74,,,1,32,,10593,74,,,1,69,,10618,74,,,1,29,,10613,74,,,1,70,,10594,74,,,1,34,,10610,74,,,1,68,,10595,74,,,1,33,,10611,74,,,1,70,,10597,74,,,1,25,,10612,74,,,1,73,,10600,74,,,1,29,,10602,74,,,1,73,,10599,74,,,1,34,,10601,74,,,1,72,,10605,74,,,1,30,,10603,74,,,1,94,,10607,74,,,1,98,,10596,74,,,1,100,,10598,74,,,1,98,,10608,74,,,1,101,,10606,74,,,1,99,,10604,74,,,1
7001,'SEM',551,,10645,74,,,1,73,,10623,74,,,1,28,,10646,74,,,1,58,,10647,74,,,1,19,,10642,74,,,1,28,,10653,74,,,1,64,,10634,74,,,1,24,,10620,74,,,1,69,,10652,74,,,1,30,,10649,74,,,1,71,,10650,74,,,1,29,,10631,74,,,1,71,,10654,74,,,1,29,,10622,74,,,1,72,,10627,74,,,1,28,,10651,74,,,1,70,,10621,74,,,1,30,,10619,74,,,1,72,,10648,74,,,1,30,,10626,74,,,1,79,,10629,74,,,1,24,,10625,74,,,1,51,,10632,74,,,1,49,,10624,74,,,1,77,,10636,74,,,1,27,,10639,74,,,1,73,,10640,74,,,1,26,,10628,74,,,1,78,,10637,74,,,1,84,,10633,74,,,1,33,,10630,74,,,1,108,,10638,74,,,1,99,,10635,74,,,1,99,,10643,74,,,1,99,,10641,74,,,1,167,,10644,74,,,1
