5504,'SEM',635,,9646,58,,,2,21,,9651,28,,,2,49,,9634,58,,,2,11,,9635,58,,,2,93,,9649,58,,,2,30,,9644,58,,,2,95,,9643,58,,,2,97,,9636,58,,,2,99,,9645,58,,,2,94,,9650,58,,,2,102,,9637,58,,,2,104,,9647,58,,,2,103,,9648,58,,,2,98,,9638,58,,,2,98,,9639,58,,,2,100,,9641,58,,,2,102,,9640,58,,,2,93,,9642,58,,,2
6602,'DIM',707,,10529,10,,,1,104,,10524,10,,,1,101,,10527,10,,,1,100,,10532,10,,,1,100,,10531,10,,,1,101,,10525,10,,,1,100,,10523,10,,,1,133,,10526,10,,,1,99,,10528,10,,,1,70,,10530,10,,,1,31,,10518,10,,,1,70,,10519,10,,,1,30,,10517,10,,,1,69,,10521,10,,,1,101,,10522,10,,,1,100,,10520,10,,,1,99,,10515,10,,,1,98,,10516,10,,,1
6602,'SAM',707,,10544,10,,,1,104,,10542,10,,,1,101,,10536,10,,,1,100,,10533,10,,,1,100,,10548,10,,,1,101,,10549,10,,,1,100,,10547,10,,,1,133,,10550,10,,,1,99,,10538,10,,,1,70,,10534,10,,,1,31,,10540,10,,,1,71,,10541,10,,,1,29,,10539,10,,,1,74,,10543,10,,,1,97,,10535,10,,,1,99,,10537,10,,,1,99,,10546,10,,,1,98,,10545,10,,,1
6602,'SEM',647,,10552,10,,,1,103,,10564,10,,,1,104,,10562,10,,,1,105,,10561,10,,,1,141,,10553,10,,,1,101,,10551,10,,,1,99,,10563,10,,,1,102,,10554,10,,,1,28,,5375,10,,,1,91,,10558,10,,,1,101,,10559,10,,,1,101,,10560,10,,,1,96,,10555,10,,,1,104,,10556,10,,,1,99,,10557,10,,,1,97,,10566,10,,,1,40,,10565,10,,,1
25504,'DIM',635,,11726,58,,,2,100,,11729,58,,,2,102,,11731,58,,,2,100,,11730,58,,,2,102,,11732,58,,,2,99,,11727,58,,,2,100,,11733,58,,,2,102,,11728,58,,,2,100,,11734,58,,,2,102,,11720,58,,,2,100,,11735,58,,,2,100,,11721,58,,,2,101,,11736,58,,,2,99,,11724,58,,,2,98,,11737,58,,,2,97,,11725,58,,,2,98,,11723,58,,,2,98,,11722,58,,,2
25504,'SAM',635,,11746,58,,,2,100,,11751,58,,,2,102,,11742,58,,,2,100,,11752,58,,,2,102,,11743,58,,,2,99,,11747,58,,,2,100,,11749,58,,,2,102,,11748,58,,,2,100,,11750,58,,,2,102,,11738,58,,,2,100,,11753,58,,,2,100,,11739,58,,,2,101,,11754,58,,,2,99,,11745,58,,,2,98,,11740,58,,,2,97,,5119,58,,,2,98,,11741,58,,,2,98,,11744,58,,,2
25504,'SEM',510,,11755,58,,,2,33,,11758,58,,,2,1571,,11757,58,,,2,97,,11759,58,,,2,94,,11756,58,,,2,54,,11760,58,,,2
71304,'DIM',547,,11816,10,,,2,182,,11817,10,,,2
71304,'SAM',613,,11818,10,,,2,26,,11819,10,,,2,65,,11820,10,,,2
71304,'SEM',559,,11837,10,,,2,69,,11826,10,,,2,77,,11828,10,,,2,26,,11821,10,,,2,28,,11827,10,,,2,70,,11838,10,,,2,100,,11829,10,,,2,95,,11831,10,,,2,100,,11822,10,,,2,100,,11824,10,,,2,100,,11823,10,,,2,100,,11825,10,,,2,100,,11830,10,,,2,89,,11839,10,,,2,104,,11840,10,,,2,99,,11841,10,,,2,100,,11832,10,,,2,100,,11842,10,,,2,100,,11833,10,,,2,100,,11834,10,,,2,100,,11836,10,,,2,109,,11835,10,,,2
