202,'SAM',2618,,6879,5,,,1,41,,6880,5,,,1
202,'SEM',517,,6885,5,,,1,30,,6886,5,,,1,55,,6881,5,,,1,1999,,6882,5,,,1,41,,6883,5,,,1,81,,6884,5,,,1
1703,'DIM',612,,6972,3,,,1,89,,6965,3,,,1,99,,100,3,,,1,101,,6967,3,,,1,57,,6968,3,,,1,101,,6964,3,,,1,100,,6970,3,,,1,99,,6966,3,,,1,101,,6969,3,,,1,100,,6971,3,,,1,142,,6954,3,,,1,99,,6958,3,,,1,59,,6957,3,,,1,141,,6956,3,,,1,59,,6959,3,,,1,99,,6962,3,,,1,101,,6955,3,,,1,100,,6960,3,,,1,142,,6961,3,,,1,120,,6963,3,,,1
1703,'SAM',535,,6984,3,,,1,77,,6990,3,,,1,89,,121,3,,,1,99,,6981,3,,,1,101,,6983,3,,,1,57,,6985,3,,,1,100,,6989,3,,,1,101,,6987,3,,,1,100,,6982,3,,,1,100,,6988,3,,,1,100,,6986,3,,,1,142,,6991,3,,,1,100,,6992,3,,,1,99,,6973,3,,,1,100,,6978,3,,,1,59,,6975,3,,,1,99,,6974,3,,,1,101,,6976,3,,,1,100,,6979,3,,,1,142,,6980,3,,,1,120,,6977,3,,,1
1703,'SEM',554,,7010,3,,,1,102,,7012,3,,,1,145,,7011,3,,,1,56,,6996,3,,,1,100,,7009,3,,,1,100,,7008,3,,,1,100,,7014,3,,,1,100,,6997,3,,,1,100,,6994,3,,,1,98,,7013,3,,,1,75,,7016,3,,,1,20,,7015,3,,,1,76,,6993,3,,,1,23,,7004,3,,,1,78,,6995,3,,,1,80,,6998,3,,,1,30,,7001,3,,,1,69,,7006,3,,,1,99,,7007,3,,,1,100,,6999,3,,,1,100,,7000,3,,,1,100,,7002,3,,,1,100,,7003,3,,,1,104,,7005,3,,,1
2201,'DIM',626,,7194,3,,,2,101,,7198,3,,,2,104,,7197,3,,,2,98,,7196,3,,,2,101,,7193,3,,,2,100,,7195,3,,,2,101,,7200,3,,,2,101,,7202,3,,,2,96,,7199,3,,,2,105,,7201,3,,,2,99,,7187,3,,,2,100,,7189,3,,,2,97,,7188,3,,,2,102,,7191,3,,,2,100,,7190,3,,,2,100,,7192,3,,,2
2201,'SAM',626,,7211,3,,,2,101,,7213,3,,,2,104,,7210,3,,,2,98,,7212,3,,,2,102,,7215,3,,,2,100,,7219,3,,,2,101,,7218,3,,,2,100,,7214,3,,,2,96,,7216,3,,,2,102,,7217,3,,,2,102,,7204,3,,,2,101,,7207,3,,,2,96,,7205,3,,,2,102,,7203,3,,,2,100,,7209,3,,,2,100,,7208,3,,,2,100,,7206,3,,,2
2201,'SEM',620,,7234,3,,,2,99,,7223,3,,,2,95,,7221,3,,,2,40,,7220,3,,,2,74,,7236,3,,,2,101,,7222,3,,,2,100,,7235,3,,,2,100,,7237,3,,,2,100,,7225,3,,,2,96,,7226,3,,,2,104,,7224,3,,,2,100,,7230,3,,,2,100,,7228,3,,,2,99,,7227,3,,,2,99,,7229,3,,,2,104,,7233,3,,,2,100,,7231,3,,,2,95,,7232,3,,,2,99,,7238,3,,,2
2703,'DIM',855,,7780,3,,,2,100,,7783,3,,,2,98,,7785,3,,,2,102,,7779,3,,,2,95,,7787,3,,,2,106,,7782,3,,,2,101,,7784,3,,,2,100,,7781,3,,,2,100,,7786,3,,,2,100,,7773,3,,,2,100,,7775,3,,,2,98,,7774,3,,,2,100,,7778,3,,,2,100,,7772,3,,,2,102,,7771,3,,,2,100,,7776,3,,,2,100,,7777,3,,,2
2703,'SAM',655,,7797,3,,,2,100,,7798,3,,,2,100,,7796,3,,,2,100,,7806,3,,,2,100,,7800,3,,,2,100,,7803,3,,,2,94,,7799,3,,,2,107,,7801,3,,,2,102,,7802,3,,,2,99,,7795,3,,,2,94,,7804,3,,,2,106,,7805,3,,,2,100,,7790,3,,,2,98,,7793,3,,,2,100,,7788,3,,,2,100,,7789,3,,,2,102,,7791,3,,,2,100,,7792,3,,,2,100,,7794,3,,,2
2703,'SEM',802,,7823,3,,,2,50,,7809,3,,,2,100,,7815,3,,,2,100,,7808,3,,,2,99,,7825,3,,,2,90,,7822,3,,,2,103,,7826,3,,,2,100,,7812,3,,,2,81,,7810,3,,,2,81,,7824,3,,,2,15,,7807,3,,,2,30,,7814,3,,,2,80,,7811,3,,,2,25,,7821,3,,,2,96,,7818,3,,,2,87,,7820,3,,,2,103,,7817,3,,,2,102,,7813,3,,,2,100,,7816,3,,,2,100,,7827,3,,,2,100,,7819,3,,,2
3103,'DIM',631,,7902,5,,,1,99,,7901,5,,,1,99,,1058,5,,,1,99,,7906,5,,,1,99,,7905,5,,,1,100,,7903,5,,,1,102,,7892,5,,,1,100,,7904,5,,,1,99,,7891,5,,,1,102,,7890,5,,,1,99,,7895,5,,,1,99,,7897,5,,,1,103,,7896,5,,,1,97,,7898,5,,,1,101,,7894,5,,,1,100,,7893,5,,,1,100,,7899,5,,,1,101,,7900,5,,,1
3103,'SAM',631,,7919,5,,,1,99,,7918,5,,,1,99,,1075,5,,,1,99,,7923,5,,,1,99,,7924,5,,,1,100,,7920,5,,,1,100,,7916,5,,,1,101,,7921,5,,,1,100,,7917,5,,,1,102,,7922,5,,,1,100,,7911,5,,,1,99,,7913,5,,,1,100,,7909,5,,,1,100,,7914,5,,,1,100,,7907,5,,,1,100,,7908,5,,,1,100,,7910,5,,,1,102,,7912,5,,,1,95,,7915,5,,,1
3103,'SEM',626,,7946,5,,,1,99,,7944,5,,,1,100,,7945,5,,,1,100,,7925,5,,,1,101,,7926,5,,,1,100,,7928,5,,,1,100,,7947,5,,,1,100,,7927,5,,,1,100,,7932,5,,,1,98,,7933,5,,,1,11,,7934,5,,,1,76,,7929,5,,,1,30,,7938,5,,,1,80,,7935,5,,,1,30,,7931,5,,,1,76,,7943,5,,,1,30,,7930,5,,,1,76,,7942,5,,,1,100,,7936,5,,,1,101,,7939,5,,,1,100,,7940,5,,,1,98,,7937,5,,,1,114,,7941,5,,,1
4303,'DIM',632,,8818,3,,,1,100,,8820,3,,,1,100,,8824,3,,,1,100,,8822,3,,,1,105,,8823,3,,,1,101,,8821,3,,,1,100,,8827,3,,,1,99,,8825,3,,,1,103,,8826,3,,,1,97,,8808,3,,,1,100,,8809,3,,,1,104,,8811,3,,,1,92,,8814,3,,,1,99,,8813,3,,,1,100,,8810,3,,,1,100,,8812,3,,,1,100,,8819,3,,,1,100,,8815,3,,,1,100,,8817,3,,,1,100,,8816,3,,,1
4303,'SAM',632,,8839,3,,,1,100,,8829,3,,,1,100,,8844,3,,,1,100,,8830,3,,,1,105,,8831,3,,,1,101,,8842,3,,,1,100,,8840,3,,,1,99,,8845,3,,,1,102,,8841,3,,,1,101,,8843,3,,,1,99,,8828,3,,,1,98,,8846,3,,,1,96,,8835,3,,,1,99,,8832,3,,,1,100,,2041,3,,,1,100,,8833,3,,,1,100,,8834,3,,,1,100,,8838,3,,,1,100,,8836,3,,,1,100,,8837,3,,,1
4303,'SEM',632,,8866,3,,,1,100,,8867,3,,,1,81,,8850,3,,,1,104,,8868,3,,,1,31,,8849,3,,,1,69,,8864,3,,,1,30,,8856,3,,,1,70,,8852,3,,,1,30,,8870,3,,,1,70,,8869,3,,,1,30,,8865,3,,,1,72,,8853,3,,,1,28,,8854,3,,,1,70,,8858,3,,,1,30,,8871,3,,,1,70,,8848,3,,,1,25,,8855,3,,,1,70,,8851,3,,,1,19,,8872,3,,,1,76,,8857,3,,,1,31,,8847,3,,,1,71,,8861,3,,,1,102,,8862,3,,,1,101,,8863,3,,,1,101,,8873,3,,,1,101,,8874,3,,,1,110,,8859,3,,,1,106,,8860,3,,,1
4803,'DIM',702,,9218,3,,,1,102,,9222,3,,,1,102,,9226,3,,,1,99,,9209,3,,,1,102,,9219,3,,,1,101,,9220,3,,,1,95,,9225,3,,,1,105,,9221,3,,,1,99,,9223,3,,,1,100,,9210,3,,,1,100,,9224,3,,,1,100,,9212,3,,,1,95,,9216,3,,,1,100,,9215,3,,,1,101,,9214,3,,,1,99,,2438,3,,,1,100,,9211,3,,,1,35,,9213,3,,,1,121,,9217,3,,,1
4803,'SAM',602,,2450,3,,,1,100,,9238,3,,,1,101,,9241,3,,,1,103,,9245,3,,,1,99,,9236,3,,,1,101,,9244,3,,,1,101,,9239,3,,,1,94,,9242,3,,,1,106,,9240,3,,,1,100,,9237,3,,,1,100,,9243,3,,,1,100,,9230,3,,,1,100,,9232,3,,,1,95,,9228,3,,,1,100,,9227,3,,,1,99,,9229,3,,,1,101,,9234,3,,,1,100,,9235,3,,,1,35,,9231,3,,,1,121,,9233,3,,,1
4803,'SEM',557,,9265,3,,,1,60,,9267,3,,,1,37,,9258,3,,,1,73,,9268,3,,,1,30,,9271,3,,,1,64,,9254,3,,,1,80,,9253,3,,,1,30,,9248,3,,,1,95,,9255,3,,,1,100,,9250,3,,,1,100,,9249,3,,,1,100,,9269,3,,,1,80,,9246,3,,,1,101,,9251,3,,,1,35,,9266,3,,,1,64,,9247,3,,,1,30,,9270,3,,,1,70,,9259,3,,,1,30,,9252,3,,,1,70,,9260,3,,,1,95,,9264,3,,,1,100,,9256,3,,,1,100,,9257,3,,,1,100,,9273,3,,,1,100,,9262,3,,,1,99,,9261,3,,,1,51,,9263,3,,,1,73,,9272,3,,,1
5801,'DIM',522,,9832,3,,,2,100,,9814,3,,,2,90,,9823,3,,,2,98,,9826,3,,,2,99,,9829,3,,,2,100,,9822,3,,,2,102,,9831,3,,,2,98,,9828,3,,,2,103,,9825,3,,,2,99,,9827,3,,,2,102,,9824,3,,,2,99,,9817,3,,,2,101,,9830,3,,,2,99,,9813,3,,,2,99,,9821,3,,,2,99,,9816,3,,,2,101,,9815,3,,,2,100,,9819,3,,,2,100,,9818,3,,,2,110,,9820,3,,,2
5801,'SAM',522,,9852,3,,,2,100,,9844,3,,,2,90,,9843,3,,,2,98,,9848,3,,,2,100,,9846,3,,,2,99,,9849,3,,,2,102,,9851,3,,,2,98,,9833,3,,,2,101,,9842,3,,,2,101,,9847,3,,,2,101,,9845,3,,,2,101,,9850,3,,,2,100,,9836,3,,,2,100,,9840,3,,,2,98,,9834,3,,,2,99,,9841,3,,,2,101,,9837,3,,,2,100,,9839,3,,,2,100,,9835,3,,,2,110,,9838,3,,,2
5801,'SEM',512,,9866,3,,,2,28,,9863,3,,,2,82,,9875,3,,,2,82,,9864,3,,,2,45,,9870,3,,,2,85,,9857,3,,,2,99,,9876,3,,,2,100,,9853,3,,,2,100,,9858,3,,,2,100,,9874,3,,,2,100,,9854,3,,,2,86,,9865,3,,,2,31,,9855,3,,,2,72,,9877,3,,,2,28,,9860,3,,,2,75,,9862,3,,,2,28,,9861,3,,,2,68,,9856,3,,,2,29,,9873,3,,,2,70,,9859,3,,,2,30,,9872,3,,,2,100,,9878,3,,,2,100,,9868,3,,,2,100,,9867,3,,,2,100,,9869,3,,,2,100,,9871,3,,,2
6002,'DIM',652,,9994,3,,,1,99,,10003,3,,,1,99,,10001,3,,,1,100,,10002,3,,,1,100,,10004,3,,,1,100,,10007,3,,,1,100,,10005,3,,,1,100,,10008,3,,,1,100,,10006,3,,,1,99,,10009,3,,,1,99,,10010,3,,,1,101,,9996,3,,,1,101,,9998,3,,,1,101,,9997,3,,,1,101,,9999,3,,,1,100,,9993,3,,,1,100,,9995,3,,,1,100,,10000,3,,,1
6002,'SAM',652,,10022,3,,,1,99,,10013,3,,,1,99,,10025,3,,,1,100,,10027,3,,,1,100,,10023,3,,,1,100,,10026,3,,,1,100,,10024,3,,,1,100,,10012,3,,,1,100,,10028,3,,,1,99,,10011,3,,,1,99,,10015,3,,,1,103,,10020,3,,,1,99,,10016,3,,,1,101,,10017,3,,,1,101,,10021,3,,,1,100,,10014,3,,,1,100,,10018,3,,,1,100,,10019,3,,,1
6002,'SEM',622,,10045,3,,,1,100,,10043,3,,,1,100,,10030,3,,,1,99,,10046,3,,,1,100,,10044,3,,,1,101,,10035,3,,,1,100,,10029,3,,,1,99,,10031,3,,,1,101,,10042,3,,,1,98,,10032,3,,,1,101,,10037,3,,,1,107,,10034,3,,,1,94,,10040,3,,,1,101,,10038,3,,,1,99,,10033,3,,,1,100,,10036,3,,,1,100,,10039,3,,,1,90,,10041,3,,,1,100,,10047,3,,,1
7002,'DIM',656,,10662,3,,,1,101,,10669,3,,,1,100,,3943,3,,,1,100,,10665,3,,,1,68,,10666,3,,,1,33,,10668,3,,,1,69,,10658,3,,,1,25,,10667,3,,,1,75,,10664,3,,,1,25,,10673,3,,,1,79,,10671,3,,,1,27,,10674,3,,,1,76,,10656,3,,,1,25,,10670,3,,,1,71,,10676,3,,,1,23,,10672,3,,,1,78,,10675,3,,,1,28,,10660,3,,,1,76,,10678,3,,,1,74,,3946,3,,,1,97,,10677,3,,,1,95,,10655,3,,,1,55,,10657,3,,,1,101,,10661,3,,,1,100,,10659,3,,,1,143,,10663,3,,,1
7002,'SAM',655,,10705,3,,,1,102,,10685,3,,,1,100,,10693,3,,,1,100,,10692,3,,,1,65,,10701,3,,,1,36,,10706,3,,,1,69,,10703,3,,,1,24,,10697,3,,,1,75,,10696,3,,,1,26,,10695,3,,,1,79,,10698,3,,,1,75,,10694,3,,,1,27,,10704,3,,,1,25,,10702,3,,,1,68,,10700,3,,,1,26,,10699,3,,,1,79,,10688,3,,,1,69,,10684,3,,,1,36,,10686,3,,,1,74,,10681,3,,,1,96,,10690,3,,,1,95,,10682,3,,,1,56,,10683,3,,,1,100,,10689,3,,,1,100,,10687,3,,,1,143,,10691,3,,,1
7002,'SEM',529,,10714,3,,,1,96,,10734,3,,,1,26,,10735,3,,,1,73,,10713,3,,,1,76,,10716,3,,,1,27,,10718,3,,,1,30,,10733,3,,,1,70,,10711,3,,,1,30,,10740,3,,,1,70,,10719,3,,,1,27,,10741,3,,,1,73,,10736,3,,,1,26,,10738,3,,,1,74,,10737,3,,,1,29,,10712,3,,,1,70,,10739,3,,,1,24,,10732,3,,,1,76,,10717,3,,,1,31,,10720,3,,,1,70,,10715,3,,,1,30,,10709,3,,,1,73,,10710,3,,,1,28,,10723,3,,,1,73,,10724,3,,,1,26,,10728,3,,,1,73,,10727,3,,,1,91,,10725,3,,,1,83,,10729,3,,,1,54,,10721,3,,,1,152,,10726,3,,,1,106,,10722,3,,,1,100,,10731,3,,,1,105,,10730,3,,,1
7303,'DIM',646,,10755,3,,,1,99,,10752,3,,,1,100,,10753,3,,,1,98,,10756,3,,,1,100,,10759,3,,,1,100,,10754,3,,,1,100,,10757,3,,,1,101,,10751,3,,,1,99,,10758,3,,,1,102,,10760,3,,,1,99,,10745,3,,,1,100,,10742,3,,,1,101,,10748,3,,,1,99,,10744,3,,,1,100,,10743,3,,,1,100,,10746,3,,,1,100,,10747,3,,,1,102,,10750,3,,,1,105,,10749,3,,,1
7303,'SAM',553,,10775,3,,,1,93,,10772,3,,,1,99,,10771,3,,,1,100,,10776,3,,,1,98,,10778,3,,,1,101,,10774,3,,,1,99,,10764,3,,,1,100,,10777,3,,,1,101,,10773,3,,,1,99,,10779,3,,,1,102,,10780,3,,,1,101,,10763,3,,,1,99,,10761,3,,,1,99,,10762,3,,,1,100,,10766,3,,,1,100,,10765,3,,,1,100,,4040,3,,,1,100,,10767,3,,,1,102,,4041,3,,,1,105,,10768,3,,,1,100,,10770,3,,,1,100,,10769,3,,,1
7303,'SEM',539,,10817,3,,,1,66,,10814,3,,,1,38,,10813,3,,,1,10,,10818,3,,,1,78,,10807,3,,,1,16,,10783,3,,,1,83,,10815,3,,,1,12,,10782,3,,,1,70,,10800,3,,,1,31,,10816,3,,,1,69,,10784,3,,,1,31,,10789,3,,,1,69,,10799,3,,,1,31,,10790,3,,,1,69,,10819,3,,,1,30,,10785,3,,,1,70,,10788,3,,,1,30,,10794,3,,,1,70,,10781,3,,,1,30,,10791,3,,,1,75,,10820,3,,,1,24,,10801,3,,,1,15,,10793,3,,,1,61,,10786,3,,,1,16,,10787,3,,,1,23,,10797,3,,,1,57,,10795,3,,,1,30,,10808,3,,,1,15,,10796,3,,,1,56,,10792,3,,,1,33,,10802,3,,,1,70,,10805,3,,,1,32,,10798,3,,,1,100,,10810,3,,,1,100,,10803,3,,,1,100,,10809,3,,,1,100,,10804,3,,,1,81,,10806,3,,,1,95,,10811,3,,,1,121,,10812,3,,,1
7401,'DIM',716,,10911,3,,,2,99,,10912,3,,,2,101,,10915,3,,,2,97,,10914,3,,,2,101,,10916,3,,,2,100,,10913,3,,,2,100,,10910,3,,,2,99,,10909,3,,,2,102,,10917,3,,,2,99,,10903,3,,,2,102,,10904,3,,,2,99,,10906,3,,,2,100,,10907,3,,,2,99,,10908,3,,,2,101,,10902,3,,,2,99,,10901,3,,,2,101,,10905,3,,,2
7401,'SAM',716,,10926,3,,,2,99,,10928,3,,,2,101,,10927,3,,,2,98,,10930,3,,,2,100,,10932,3,,,2,100,,10934,3,,,2,101,,10929,3,,,2,98,,10933,3,,,2,101,,10931,3,,,2,100,,10918,3,,,2,101,,10921,3,,,2,101,,10923,3,,,2,100,,10922,3,,,2,98,,10924,3,,,2,101,,10919,3,,,2,99,,10925,3,,,2,101,,10920,3,,,2
7401,'SEM',618,,10950,3,,,2,95,,10935,3,,,2,100,,10949,3,,,2,103,,10939,3,,,2,101,,10940,3,,,2,101,,10953,3,,,2,99,,10938,3,,,2,101,,10952,3,,,2,100,,10951,3,,,2,93,,10937,3,,,2,93,,10941,3,,,2,101,,10936,3,,,2,30,,10943,3,,,2,85,,10948,3,,,2,100,,10942,3,,,2,101,,10945,3,,,2,100,,10946,3,,,2,100,,10944,3,,,2,100,,10954,3,,,2,95,,10947,3,,,2
22201,'DIM',1358,,11652,3,,,2,854,,11650,3,,,2,43,,11651,3,,,2
22201,'SAM',1358,,11657,3,,,2,854,,11653,3,,,2,43,,11654,3,,,2,100,,11656,3,,,2,152,,11655,3,,,2
22201,'SEM',659,,11658,3,,,2,50,,11659,3,,,2,643,,11660,3,,,2,100,,11661,3,,,2,106,,11665,3,,,2,100,,11663,3,,,2,90,,11662,3,,,2,666,,11664,3,,,2
32201,'DIM',507,,11767,4,,,2,799,,11769,3,,,2,802,,11768,3,,,2
32201,'SAM',507,,11770,4,,,2,799,,11771,3,,,2
32201,'SEM',508,,11772,4,,,2,19,,11773,4,,,2,27,,11774,4,,,2,754,,11775,3,,,2,800,,11776,3,,,2
34503,'SEM',432,,11786,5,,,1,100,,11787,5,,,1
