2201,'DIM',646,,7194,45,,,2,101,,7198,45,,,2,104,,7197,45,,,2,99,,7196,45,,,2,101,,7193,45,,,2,99,,7195,45,,,2,101,,7200,45,,,2,102,,7202,45,,,2,96,,7199,45,,,2,105,,7201,45,,,2,99,,7187,45,,,2,100,,7189,45,,,2,97,,7188,45,,,2,102,,7191,45,,,2,100,,7190,45,,,2,100,,7192,45,,,2
2201,'SAM',646,,7211,45,,,2,101,,7213,45,,,2,104,,7210,45,,,2,99,,7212,45,,,2,102,,7215,45,,,2,99,,7219,45,,,2,101,,7218,45,,,2,101,,7214,45,,,2,96,,7216,45,,,2,102,,7217,45,,,2,102,,7204,45,,,2,101,,7207,45,,,2,96,,7205,45,,,2,102,,7203,45,,,2,100,,7209,45,,,2,100,,7208,45,,,2,100,,7206,45,,,2
2201,'SEM',641,,7234,45,,,2,100,,7223,45,,,2,94,,7221,45,,,2,80,,7220,45,,,2,34,,7236,45,,,2,101,,7222,45,,,2,100,,7235,45,,,2,100,,7237,45,,,2,100,,7225,45,,,2,96,,7226,45,,,2,105,,7224,45,,,2,100,,7230,45,,,2,100,,7228,45,,,2,99,,7227,45,,,2,98,,7229,45,,,2,104,,7233,45,,,2,100,,7231,45,,,2,95,,7232,45,,,2,98,,7238,45,,,2
5001,'DIM',547,,9340,52,,,1,100,,9348,52,,,1,101,,9336,52,,,1,98,,9353,52,,,1,101,,9345,52,,,1,73,,9355,52,,,1,37,,9347,52,,,1,64,,9360,52,,,1,79,,9358,52,,,1,22,,9359,52,,,1,35,,9361,52,,,1,69,,9346,52,,,1,32,,9349,52,,,1,76,,9362,52,,,1,69,,9351,52,,,1,34,,9350,52,,,1,70,,9356,52,,,1,23,,9354,52,,,1,74,,9352,52,,,1,41,,9357,52,,,1,58,,9338,52,,,1,99,,9341,52,,,1,98,,9344,52,,,1,100,,9337,52,,,1,59,,9342,52,,,1,98,,9339,52,,,1,100,,9343,52,,,1
5001,'SAM',547,,9370,52,,,1,100,,9373,52,,,1,101,,9364,52,,,1,98,,9385,52,,,1,101,,9383,52,,,1,79,,9388,52,,,1,30,,9381,52,,,1,65,,9365,52,,,1,79,,9389,52,,,1,22,,9387,52,,,1,35,,9366,52,,,1,69,,9377,52,,,1,32,,9379,52,,,1,76,,9382,52,,,1,69,,9378,52,,,1,34,,9380,52,,,1,70,,9368,52,,,1,23,,9369,52,,,1,74,,9363,52,,,1,39,,9384,52,,,1,61,,9386,52,,,1,98,,9374,52,,,1,98,,9376,52,,,1,100,,9375,52,,,1,59,,9371,52,,,1,98,,9367,52,,,1,100,,9372,52,,,1
5001,'SEM',539,,9411,52,,,1,107,,9416,52,,,1,76,,9412,52,,,1,24,,9391,52,,,1,77,,9390,52,,,1,24,,9393,52,,,1,71,,9419,52,,,1,26,,9420,52,,,1,73,,9415,52,,,1,27,,9392,52,,,1,73,,9396,52,,,1,28,,9414,52,,,1,72,,9402,52,,,1,32,,9417,52,,,1,70,,9397,52,,,1,32,,9413,52,,,1,68,,9418,52,,,1,30,,9395,52,,,1,84,,9394,52,,,1,67,,9405,52,,,1,36,,9398,52,,,1,70,,9399,52,,,1,29,,9404,52,,,1,66,,9400,52,,,1,35,,9403,52,,,1,69,,9406,52,,,1,35,,9407,52,,,1,104,,9421,52,,,1,103,,9401,52,,,1,103,,9409,52,,,1,105,,9408,52,,,1,146,,9410,52,,,1,49,,9422,42,,,1
5801,'DIM',548,,9832,60,,,2,101,,9814,60,,,2,91,,9823,60,,,2,101,,9826,60,,,2,99,,9829,60,,,2,100,,9822,60,,,2,102,,9831,60,,,2,98,,9828,60,,,2,103,,9825,60,,,2,99,,9827,60,,,2,102,,9824,60,,,2,99,,9817,60,,,2,101,,9830,60,,,2,99,,9813,60,,,2,99,,9821,60,,,2,99,,9816,60,,,2,100,,9815,60,,,2,100,,9819,60,,,2,98,,9818,60,,,2,110,,9820,60,,,2
5801,'SAM',548,,9852,60,,,2,101,,9844,60,,,2,91,,9843,60,,,2,101,,9848,60,,,2,100,,9846,60,,,2,99,,9849,60,,,2,102,,9851,60,,,2,98,,9833,60,,,2,101,,9842,60,,,2,101,,9847,60,,,2,101,,9845,60,,,2,101,,9850,60,,,2,100,,9836,60,,,2,100,,9840,60,,,2,98,,9834,60,,,2,99,,9841,60,,,2,100,,9837,60,,,2,100,,9839,60,,,2,98,,9835,60,,,2,110,,9838,60,,,2
5801,'SEM',539,,9866,60,,,2,68,,9863,60,,,2,42,,9875,60,,,2,86,,9864,60,,,2,86,,9870,60,,,2,85,,9857,60,,,2,99,,9876,60,,,2,100,,9853,60,,,2,100,,9858,60,,,2,100,,9874,60,,,2,100,,9854,60,,,2,47,,9865,60,,,2,71,,9855,60,,,2,32,,9877,60,,,2,69,,9860,60,,,2,35,,9862,60,,,2,69,,9861,60,,,2,27,,9856,60,,,2,69,,9873,60,,,2,29,,9859,60,,,2,70,,9872,60,,,2,100,,9878,60,,,2,99,,9868,60,,,2,99,,9867,60,,,2,98,,9869,60,,,2,98,,9871,60,,,2
22201,'DIM',1418,,11652,45,,,2,815,,11650,45,,,2,83,,11651,45,,,2
22201,'SAM',1418,,11657,45,,,2,815,,11653,45,,,2,83,,11654,45,,,2,100,,11656,45,,,2,112,,11655,45,,,2
22201,'SEM',721,,11658,45,,,2,10,,11659,45,,,2,683,,11660,45,,,2,100,,11661,45,,,2,106,,11665,45,,,2,100,,11663,45,,,2,90,,11662,45,,,2,625,,11664,45,,,2
32201,'DIM',526,,11767,46,,,2,802,,11769,45,,,2,802,,11768,45,,,2
32201,'SAM',526,,11770,46,,,2,802,,11771,45,,,2
32201,'SEM',529,,11772,46,,,2,19,,11773,46,,,2,67,,11774,46,,,2,714,,11775,45,,,2,801,,11776,45,,,2
