2202,'DIM',728,,7249,39,,,2,100,,7248,39,,,2,100,,7247,39,,,2,100,,6315,39,,,2,101,,7250,39,,,2,100,,7252,39,,,2,96,,7251,39,,,2,106,,7246,39,,,2,98,,7240,39,,,2,114,,7253,39,,,2,88,,7242,39,,,2,100,,7243,39,,,2,98,,7245,39,,,2,101,,7244,39,,,2,100,,7239,39,,,2,100,,7241,39,,,2
2202,'SAM',630,,7270,23,,,2,98,,7264,39,,,2,100,,7261,39,,,2,100,,7260,39,,,2,98,,7266,39,,,2,103,,7265,39,,,2,100,,7263,39,,,2,96,,7269,39,,,2,104,,7262,39,,,2,100,,7268,39,,,2,112,,7267,39,,,2,90,,7255,39,,,2,100,,7257,39,,,2,98,,7254,39,,,2,101,,7256,39,,,2,100,,7259,39,,,2,100,,7258,39,,,2
2202,'SEM',606,,6230,39,,,2,18,,7282,39,,,2,105,,7289,39,,,2,71,,7279,39,,,2,30,,7271,39,,,2,98,,7273,39,,,2,31,,7272,39,,,2,69,,7290,39,,,2,101,,7277,39,,,2,100,,7288,39,,,2,100,,7291,39,,,2,102,,7276,39,,,2,100,,7278,39,,,2,102,,7274,39,,,2,24,,7275,39,,,2,75,,7281,39,,,2,99,,7280,39,,,2,100,,7287,39,,,2,101,,7286,39,,,2,97,,7284,39,,,2,107,,7283,39,,,2,96,,7285,39,,,2
5802,'DIM',607,,9883,16,,,2,100,,9890,16,,,2,51,,9887,16,,,2,100,,9891,16,,,2,100,,9894,16,,,2,99,,9886,16,,,2,101,,9896,16,,,2,100,,9893,16,,,2,101,,9889,16,,,2,99,,9892,16,,,2,101,,9888,16,,,2,99,,9882,16,,,2,101,,9895,16,,,2,141,,9879,16,,,2,100,,9885,16,,,2,59,,9881,16,,,2,99,,9880,16,,,2,98,,9884,16,,,2
5802,'SAM',607,,9914,16,,,2,100,,9906,16,,,2,51,,9905,16,,,2,100,,9910,16,,,2,100,,9908,16,,,2,99,,9911,16,,,2,101,,9913,16,,,2,100,,9897,16,,,2,98,,9904,16,,,2,101,,9909,16,,,2,101,,9907,16,,,2,101,,9912,16,,,2,100,,9899,16,,,2,141,,9902,16,,,2,100,,9898,16,,,2,59,,9903,16,,,2,99,,9900,16,,,2,98,,9901,16,,,2
5802,'SEM',525,,9932,16,,,2,34,,9926,16,,,2,62,,9925,16,,,2,80,,9933,16,,,2,35,,9935,16,,,2,69,,9918,16,,,2,33,,9917,16,,,2,83,,9921,16,,,2,99,,9936,16,,,2,100,,9915,16,,,2,100,,9922,16,,,2,100,,9934,16,,,2,101,,9916,16,,,2,25,,9919,16,,,2,69,,9923,16,,,2,102,,9929,16,,,2,33,,9920,16,,,2,94,,9924,16,,,2,96,,9930,16,,,2,100,,11992,16,,,2,100,,9931,16,,,2,98,,9928,16,,,2,99,,9927,16,,,2
22202,'DIM',1442,,4994,28,,,2
22202,'SAM',1442,,11668,28,,,2,898,,11666,28,,,2,100,,11667,28,,,2
22202,'SEM',542,,11675,28,,,2,159,,11670,28,,,2,41,,11671,28,,,2,767,,11674,28,,,2,35,,11669,28,,,2,703,,11672,28,,,2,65,,11673,28,,,2
32202,'SAM',2555,,11777,22,,,2
32202,'SEM',2424,,12016,22,,,2,84,,11778,22,,,2
