1703,'DIM',619,,102,13,,,1,89,,94,13,,,1,99,,97,13,,,1,101,,96,13,,,1,97,,98,13,,,1,101,,93,13,,,1,100,,100,13,,,1,99,,95,13,,,1,102,,99,13,,,1,100,,101,13,,,1,102,,83,13,,,1,98,,87,13,,,1,99,,86,13,,,1,101,,85,13,,,1,99,,88,13,,,1,99,,91,13,,,1,101,,84,13,,,1,100,,89,13,,,1,102,,90,13,,,1,120,,92,13,,,1
1703,'SAM',541,,114,13,,,1,78,,121,13,,,1,89,,115,13,,,1,99,,111,13,,,1,101,,113,13,,,1,97,,116,13,,,1,100,,120,13,,,1,101,,118,13,,,1,100,,112,13,,,1,101,,119,13,,,1,100,,117,13,,,1,102,,122,13,,,1,99,,123,13,,,1,99,,103,13,,,1,100,,108,13,,,1,99,,105,13,,,1,99,,104,13,,,1,101,,106,13,,,1,100,,109,13,,,1,102,,110,13,,,1,120,,107,13,,,1
1703,'SEM',601,,140,13,,,1,102,,142,13,,,1,105,,141,13,,,1,96,,127,13,,,1,100,,139,13,,,1,100,,138,13,,,1,100,,144,13,,,1,101,,128,13,,,1,100,,125,13,,,1,98,,143,13,,,1,35,,146,13,,,1,20,,145,13,,,1,76,,124,13,,,1,23,,135,13,,,1,78,,126,13,,,1,80,,129,13,,,1,30,,132,13,,,1,68,,137,13,,,1,99,,5221,13,,,1,100,,130,13,,,1,100,,131,13,,,1,100,,133,13,,,1,100,,134,13,,,1,104,,136,13,,,1
2703,'DIM',902,,925,13,,,2,100,,928,13,,,2,98,,930,13,,,2,102,,924,13,,,2,55,,932,13,,,2,146,,927,13,,,2,101,,929,13,,,2,100,,926,13,,,2,100,,931,13,,,2,100,,918,13,,,2,100,,920,13,,,2,98,,919,13,,,2,100,,923,13,,,2,100,,917,13,,,2,102,,916,13,,,2,100,,921,13,,,2,100,,922,13,,,2
2703,'SAM',702,,942,13,,,2,100,,943,13,,,2,100,,941,13,,,2,100,,951,13,,,2,100,,945,13,,,2,100,,948,13,,,2,54,,944,13,,,2,147,,946,13,,,2,102,,947,13,,,2,99,,940,13,,,2,54,,949,13,,,2,146,,950,13,,,2,100,,935,13,,,2,98,,938,13,,,2,100,,933,13,,,2,100,,934,13,,,2,102,,936,13,,,2,100,,937,13,,,2,100,,939,13,,,2
2703,'SEM',808,,969,13,,,2,50,,954,13,,,2,100,,5302,13,,,2,100,,953,13,,,2,99,,971,13,,,2,91,,968,13,,,2,103,,972,13,,,2,100,,957,13,,,2,81,,5386,13,,,2,82,,970,13,,,2,15,,952,13,,,2,30,,959,13,,,2,79,,956,13,,,2,65,,967,13,,,2,56,,963,13,,,2,87,,966,13,,,2,103,,962,13,,,2,102,,958,13,,,2,99,,961,13,,,2,100,,964,13,,,2,100,,965,13,,,2
3103,'DIM',638,,1047,15,,,1,99,,1046,15,,,1,99,,1051,15,,,1,99,,1052,15,,,1,99,,1050,15,,,1,100,,1048,15,,,1,102,,1037,15,,,1,101,,1049,15,,,1,99,,1036,15,,,1,102,,1035,15,,,1,99,,1040,15,,,1,98,,1042,15,,,1,103,,1041,15,,,1,97,,1043,15,,,1,101,,1039,15,,,1,100,,1038,15,,,1,100,,1044,15,,,1,101,,1045,15,,,1
3103,'SAM',638,,1065,15,,,1,99,,1064,15,,,1,99,,1067,15,,,1,99,,1070,15,,,1,99,,1071,15,,,1,100,,1066,15,,,1,100,,1062,15,,,1,102,,1068,15,,,1,100,,1063,15,,,1,102,,1069,15,,,1,100,,1057,15,,,1,98,,1059,15,,,1,100,,1055,15,,,1,100,,1060,15,,,1,100,,1053,15,,,1,100,,1054,15,,,1,100,,1056,15,,,1,102,,1058,15,,,1,95,,1061,15,,,1
3103,'SEM',633,,1093,15,,,1,99,,1091,15,,,1,100,,1092,15,,,1,100,,1072,15,,,1,101,,1073,15,,,1,100,,1075,15,,,1,100,,1094,15,,,1,100,,1074,15,,,1,101,,1079,15,,,1,98,,1080,15,,,1,11,,1081,15,,,1,76,,1076,15,,,1,30,,1085,15,,,1,80,,1082,15,,,1,30,,1078,15,,,1,76,,1090,15,,,1,69,,1077,15,,,1,36,,1089,15,,,1,100,,1083,15,,,1,101,,1086,15,,,1,100,,1087,15,,,1,98,,1084,15,,,1,114,,1088,15,,,1
4303,'DIM',637,,1973,13,,,1,101,,1975,13,,,1,100,,1979,13,,,1,100,,1977,13,,,1,106,,1978,13,,,1,101,,1976,13,,,1,100,,1982,13,,,1,100,,1980,13,,,1,103,,1981,13,,,1,97,,1963,13,,,1,99,,1964,13,,,1,104,,1966,13,,,1,91,,1969,13,,,1,99,,1968,13,,,1,100,,1965,13,,,1,100,,1967,13,,,1,100,,1974,13,,,1,100,,1970,13,,,1,99,,1972,13,,,1,100,,1971,13,,,1
4303,'SAM',637,,1995,13,,,1,101,,1984,13,,,1,100,,2000,13,,,1,100,,1985,13,,,1,106,,1986,13,,,1,101,,1998,13,,,1,100,,1996,13,,,1,100,,2001,13,,,1,102,,1997,13,,,1,101,,1999,13,,,1,98,,1983,13,,,1,98,,2002,13,,,1,95,,1990,13,,,1,99,,1987,13,,,1,100,,1991,13,,,1,100,,1988,13,,,1,100,,1989,13,,,1,100,,1994,13,,,1,99,,1992,13,,,1,100,,1993,13,,,1
4303,'SEM',638,,2022,13,,,1,100,,2023,13,,,1,81,,2006,13,,,1,104,,2024,13,,,1,31,,2005,13,,,1,69,,2020,13,,,1,30,,5492,13,,,1,71,,2008,13,,,1,30,,2026,13,,,1,70,,2025,13,,,1,30,,2021,13,,,1,72,,2009,13,,,1,28,,2010,13,,,1,70,,2014,13,,,1,30,,2027,13,,,1,70,,2004,13,,,1,25,,2011,13,,,1,70,,2007,13,,,1,19,,2028,13,,,1,76,,2013,13,,,1,31,,2003,13,,,1,71,,2017,13,,,1,101,,2018,13,,,1,101,,2019,13,,,1,101,,5230,13,,,1,101,,5231,13,,,1,109,,2015,13,,,1,106,,2016,13,,,1
7303,'DIM',653,,3922,13,,,1,99,,3919,13,,,1,100,,3920,13,,,1,98,,3923,13,,,1,100,,3926,13,,,1,100,,3921,13,,,1,100,,3924,13,,,1,102,,3918,13,,,1,99,,3925,13,,,1,102,,3927,13,,,1,99,,3912,13,,,1,99,,3909,13,,,1,101,,3915,13,,,1,99,,3911,13,,,1,100,,3910,13,,,1,100,,3913,13,,,1,100,,3914,13,,,1,102,,3917,13,,,1,105,,3916,13,,,1
7303,'SAM',559,,3944,13,,,1,94,,3941,13,,,1,99,,3940,13,,,1,100,,3945,13,,,1,98,,3947,13,,,1,101,,3943,13,,,1,99,,3931,13,,,1,100,,3946,13,,,1,102,,3942,13,,,1,99,,3948,13,,,1,102,,3949,13,,,1,101,,3930,13,,,1,98,,3928,13,,,1,99,,3929,13,,,1,100,,3933,13,,,1,100,,3932,13,,,1,100,,3934,13,,,1,100,,3935,13,,,1,102,,3938,13,,,1,105,,3936,13,,,1,100,,3939,13,,,1,100,,3937,13,,,1
7303,'SEM',546,,3984,13,,,1,66,,3981,13,,,1,38,,3980,13,,,1,50,,3985,13,,,1,39,,3974,13,,,1,16,,5506,13,,,1,83,,5409,13,,,1,12,,3951,13,,,1,70,,5507,13,,,1,31,,3983,13,,,1,69,,3953,13,,,1,31,,5505,13,,,1,69,,3967,13,,,1,31,,5265,13,,,1,69,,3986,13,,,1,30,,5504,13,,,1,70,,3957,13,,,1,30,,3962,13,,,1,70,,3950,13,,,1,30,,3959,13,,,1,75,,3987,13,,,1,24,,3969,13,,,1,55,,3961,13,,,1,21,,3955,13,,,1,16,,3956,13,,,1,63,,3965,13,,,1,17,,5508,13,,,1,30,,3975,13,,,1,55,,3964,13,,,1,16,,3960,13,,,1,33,,3970,13,,,1,70,,3972,13,,,1,32,,3966,13,,,1,99,,3977,13,,,1,100,,5266,13,,,1,100,,3976,13,,,1,100,,3971,13,,,1,81,,3973,13,,,1,95,,3978,13,,,1,121,,3979,13,,,1
7401,'DIM',723,,4082,13,,,2,99,,4083,13,,,2,101,,4086,13,,,2,97,,4085,13,,,2,101,,4087,13,,,2,100,,4084,13,,,2,101,,4081,13,,,2,99,,4080,13,,,2,102,,4088,13,,,2,99,,4074,13,,,2,102,,4075,13,,,2,99,,4077,13,,,2,99,,4078,13,,,2,99,,4079,13,,,2,101,,4073,13,,,2,99,,4072,13,,,2,101,,4076,13,,,2
7401,'SAM',723,,4097,13,,,2,99,,4099,13,,,2,101,,4098,13,,,2,98,,4101,13,,,2,100,,4103,13,,,2,100,,4105,13,,,2,102,,4100,13,,,2,98,,4104,13,,,2,101,,4102,13,,,2,100,,4089,13,,,2,101,,4092,13,,,2,101,,4094,13,,,2,99,,4093,13,,,2,98,,4095,13,,,2,101,,4090,13,,,2,99,,4096,13,,,2,101,,4091,13,,,2
7401,'SEM',625,,4121,13,,,2,95,,4106,13,,,2,101,,4120,13,,,2,103,,4110,13,,,2,101,,4111,13,,,2,101,,4124,13,,,2,99,,4109,13,,,2,101,,4123,13,,,2,100,,4122,13,,,2,93,,4108,13,,,2,93,,4112,13,,,2,101,,4107,13,,,2,30,,4114,13,,,2,85,,4119,13,,,2,99,,4113,13,,,2,101,,4116,13,,,2,100,,4117,13,,,2,100,,4115,13,,,2,100,,5271,13,,,2,95,,4118,13,,,2
33503,'DIM',2641,,4963,4,,,2
33503,'SAM',2641,,4964,4,,,2
33503,'SEM',2643,,4966,4,,,2
