2202,'DIM',725,,383,31,,,2,100,,382,31,,,2,100,,381,31,,,2,100,,387,31,,,2,101,,384,31,,,2,100,,386,31,,,2,96,,385,31,,,2,106,,380,31,,,2,98,,374,31,,,2,114,,388,31,,,2,88,,376,31,,,2,100,,377,31,,,2,98,,379,31,,,2,101,,378,31,,,2,100,,373,31,,,2,100,,375,31,,,2
2202,'SAM',627,,405,15,,,2,98,,399,31,,,2,100,,396,31,,,2,100,,395,31,,,2,98,,401,31,,,2,103,,400,31,,,2,100,,398,31,,,2,96,,404,31,,,2,104,,397,31,,,2,100,,403,31,,,2,112,,402,31,,,2,90,,390,31,,,2,100,,392,31,,,2,98,,389,31,,,2,101,,391,31,,,2,100,,394,31,,,2,100,,393,31,,,2
2202,'SEM',602,,416,31,,,2,18,,418,31,,,2,105,,425,31,,,2,31,,414,31,,,2,70,,406,31,,,2,98,,408,31,,,2,31,,407,31,,,2,69,,426,31,,,2,101,,412,31,,,2,100,,424,31,,,2,100,,427,31,,,2,102,,411,31,,,2,100,,413,31,,,2,102,,409,31,,,2,24,,410,31,,,2,75,,417,31,,,2,99,,415,31,,,2,100,,423,31,,,2,101,,422,31,,,2,98,,420,31,,,2,107,,419,31,,,2,96,,421,31,,,2
5002,'DIM',604,,2603,8,,,1,100,,2587,8,,,1,100,,2585,8,,,1,96,,2601,8,,,1,107,,2594,8,,,1,25,,2604,8,,,1,77,,2596,8,,,1,24,,2608,8,,,1,79,,2606,8,,,1,22,,2607,8,,,1,75,,2609,8,,,1,29,,2595,8,,,1,72,,2597,8,,,1,36,,2610,8,,,1,69,,2599,8,,,1,34,,2598,8,,,1,70,,2605,8,,,1,26,,2602,8,,,1,71,,2600,8,,,1,100,,2588,8,,,1,99,,2590,8,,,1,99,,2593,8,,,1,99,,2586,8,,,1,98,,2591,8,,,1,98,,2589,8,,,1,100,,2592,8,,,1
5002,'SAM',604,,2618,8,,,1,100,,2621,8,,,1,100,,2612,8,,,1,99,,2633,8,,,1,104,,2632,8,,,1,25,,2631,8,,,1,76,,2629,8,,,1,25,,2613,8,,,1,79,,2636,8,,,1,22,,2635,8,,,1,75,,2614,8,,,1,29,,2625,8,,,1,72,,2627,8,,,1,36,,2630,8,,,1,69,,2626,8,,,1,34,,2628,8,,,1,70,,2616,8,,,1,26,,2617,8,,,1,71,,2611,8,,,1,100,,2634,8,,,1,99,,2622,8,,,1,99,,2624,8,,,1,99,,2623,8,,,1,98,,2619,8,,,1,98,,2615,8,,,1,100,,2620,8,,,1
5002,'SEM',452,,2643,8,,,1,75,,2665,8,,,1,30,,2661,8,,,1,70,,2637,8,,,1,75,,2669,8,,,1,31,,2662,8,,,1,24,,2638,8,,,1,75,,2655,8,,,1,26,,2641,8,,,1,71,,2667,8,,,1,26,,2668,8,,,1,73,,2664,8,,,1,27,,2640,8,,,1,73,,2644,8,,,1,28,,2663,8,,,1,72,,2652,8,,,1,72,,2666,8,,,1,30,,2645,8,,,1,70,,2648,8,,,1,41,,2639,8,,,1,67,,5495,8,,,1,37,,2642,8,,,1,72,,2656,8,,,1,31,,2646,8,,,1,70,,2647,8,,,1,30,,2654,8,,,1,70,,2650,8,,,1,30,,2653,8,,,1,105,,2657,8,,,1,105,,5241,8,,,1,101,,2651,8,,,1,150,,2659,8,,,1,105,,2658,8,,,1,98,,2660,8,,,1
5802,'DIM',603,,3047,8,,,2,100,,3054,8,,,2,51,,3051,8,,,2,100,,3055,8,,,2,100,,3058,8,,,2,99,,3050,8,,,2,101,,3060,8,,,2,100,,3057,8,,,2,101,,3053,8,,,2,99,,3056,8,,,2,101,,3052,8,,,2,99,,3046,8,,,2,101,,3059,8,,,2,101,,3043,8,,,2,100,,3049,8,,,2,99,,3045,8,,,2,99,,3044,8,,,2,99,,3048,8,,,2
5802,'SAM',603,,3078,8,,,2,100,,3070,8,,,2,51,,3069,8,,,2,100,,3074,8,,,2,100,,3072,8,,,2,99,,3075,8,,,2,101,,3077,8,,,2,100,,3061,8,,,2,98,,3068,8,,,2,101,,3073,8,,,2,101,,3071,8,,,2,101,,3076,8,,,2,100,,3063,8,,,2,101,,3066,8,,,2,100,,3062,8,,,2,99,,3067,8,,,2,99,,3064,8,,,2,99,,3065,8,,,2
5802,'SEM',522,,3096,8,,,2,34,,3090,8,,,2,62,,3089,8,,,2,39,,3097,8,,,2,75,,3099,8,,,2,69,,3082,8,,,2,33,,5501,8,,,2,83,,3085,8,,,2,99,,3100,8,,,2,100,,3079,8,,,2,100,,3086,8,,,2,100,,3098,8,,,2,101,,3080,8,,,2,25,,3083,8,,,2,69,,3087,8,,,2,102,,3093,8,,,2,33,,3084,8,,,2,94,,3088,8,,,2,96,,3094,8,,,2,100,,5247,8,,,2,100,,3095,8,,,2,98,,3092,8,,,2,99,,3091,8,,,2
22202,'DIM',1439,,4846,20,,,2
22202,'SAM',1439,,4849,20,,,2,898,,4847,20,,,2,100,,4848,20,,,2
22202,'SEM',539,,4856,20,,,2,119,,4851,20,,,2,81,,4852,20,,,2,767,,4855,20,,,2,35,,4850,20,,,2,703,,4853,20,,,2,65,,4854,20,,,2
32202,'SAM',2552,,4960,14,,,2
32202,'SEM',2421,,4961,14,,,2,84,,4962,14,,,2
