201,'SAM',2556,,1,14,,,1,81,,3,14,,,1,84,,2,14,,,1
201,'SEM',2517,,4,14,,,1,24,,5,14,,,1,81,,5216,14,,,1,81,,5217,14,,,1
1704,'DIM',513,,160,47,,,1,90,,161,47,,,1,101,,166,47,,,1,103,,159,47,,,1,102,,164,47,,,1,101,,163,47,,,1,102,,165,47,,,1,100,,167,47,,,1,101,,168,47,,,1,101,,162,47,,,1,102,,148,47,,,1,99,,149,47,,,1,100,,152,47,,,1,100,,154,47,,,1,98,,153,47,,,1,98,,151,47,,,1,100,,155,47,,,1,98,,158,47,,,1,98,,150,47,,,1,98,,156,47,,,1,96,,157,47,,,1
1704,'SAM',513,,181,47,,,1,90,,182,47,,,1,101,,188,47,,,1,103,,185,47,,,1,102,,180,47,,,1,101,,184,47,,,1,102,,189,47,,,1,100,,187,47,,,1,101,,186,47,,,1,101,,183,47,,,1,101,,170,47,,,1,100,,171,47,,,1,101,,173,47,,,1,99,,175,47,,,1,98,,169,47,,,1,98,,177,47,,,1,100,,174,47,,,1,98,,172,47,,,1,98,,176,47,,,1,98,,178,47,,,1,96,,179,47,,,1
1704,'SEM',526,,204,47,,,1,94,,208,47,,,1,23,,211,47,,,1,62,,191,47,,,1,27,,195,47,,,1,76,,196,47,,,1,21,,190,47,,,1,98,,193,47,,,1,85,,194,47,,,1,100,,197,47,,,1,100,,207,47,,,1,100,,209,47,,,1,100,,199,47,,,1,102,,210,47,,,1,101,,192,47,,,1,105,,200,47,,,1,95,,198,47,,,1,97,,201,47,,,1,100,,206,47,,,1,100,,5222,47,,,1,99,,202,47,,,1,99,,203,47,,,1,98,,205,47,,,1
2704,'DIM',801,,991,52,,,2,101,,992,52,,,2,100,,987,52,,,2,99,,989,52,,,2,99,,990,52,,,2,103,,986,52,,,2,55,,993,52,,,2,147,,988,52,,,2,100,,979,52,,,2,100,,983,52,,,2,100,,984,52,,,2,98,,980,52,,,2,100,,982,52,,,2,98,,981,52,,,2,100,,985,52,,,2,100,,978,52,,,2
2704,'SAM',700,,1006,52,,,2,101,,1002,52,,,2,101,,1003,52,,,2,100,,1001,52,,,2,99,,1010,52,,,2,101,,1005,52,,,2,101,,1008,52,,,2,54,,1004,52,,,2,148,,1007,52,,,2,100,,997,52,,,2,100,,998,52,,,2,53,,1000,52,,,2,145,,1009,52,,,2,100,,996,52,,,2,98,,999,52,,,2,100,,994,52,,,2,100,,995,52,,,2
2704,'SEM',624,,1032,52,,,2,28,,1012,52,,,2,68,,1029,52,,,2,29,,1015,52,,,2,67,,1016,52,,,2,28,,1034,52,,,2,66,,1031,52,,,2,49,,1030,52,,,2,100,,1019,52,,,2,148,,1011,52,,,2,95,,1033,52,,,2,48,,1014,52,,,2,106,,1013,52,,,2,147,,1024,52,,,2,37,,1025,52,,,2,80,,1020,52,,,2,13,,1017,52,,,2,70,,1018,52,,,2,31,,1022,52,,,2,75,,1027,52,,,2,100,,1023,52,,,2,45,,1026,52,,,2,94,,1021,52,,,2,104,,1028,52,,,2
3104,'DIM',633,,1107,57,,,1,104,,1108,57,,,1,101,,1106,57,,,1,102,,1112,57,,,1,102,,1113,57,,,1,100,,1111,57,,,1,100,,1109,57,,,1,103,,1097,57,,,1,101,,1110,57,,,1,100,,1096,57,,,1,101,,1095,57,,,1,99,,1100,57,,,1,97,,1102,57,,,1,102,,1101,57,,,1,96,,1103,57,,,1,99,,1099,57,,,1,99,,1098,57,,,1,97,,1104,57,,,1,101,,1105,57,,,1
3104,'SAM',533,,1130,57,,,1,100,,1123,57,,,1,104,,1126,57,,,1,101,,1125,57,,,1,102,,1128,57,,,1,102,,1132,57,,,1,100,,1133,57,,,1,100,,1127,57,,,1,102,,1122,57,,,1,101,,1129,57,,,1,101,,1124,57,,,1,101,,1131,57,,,1,100,,1118,57,,,1,97,,1120,57,,,1,99,,1116,57,,,1,99,,1121,57,,,1,98,,1114,57,,,1,99,,1115,57,,,1,97,,1117,57,,,1,101,,1119,57,,,1
3104,'SEM',458,,1142,57,,,1,77,,1143,57,,,1,92,,1154,57,,,1,22,,1156,57,,,1,64,,1136,57,,,1,34,,1155,57,,,1,68,,1152,57,,,1,29,,1150,57,,,1,75,,1151,57,,,1,22,,1153,57,,,1,100,,1134,57,,,1,102,,1135,57,,,1,100,,1138,57,,,1,101,,1157,57,,,1,100,,1137,57,,,1,102,,1140,57,,,1,100,,1141,57,,,1,96,,1139,57,,,1,103,,1144,57,,,1,96,,1149,57,,,1,105,,1148,57,,,1,98,,1145,57,,,1,101,,1146,57,,,1,100,,1147,57,,,1
4304,'DIM',509,,2049,32,,,1,103,,2043,32,,,1,100,,2039,32,,,1,102,,2041,32,,,1,102,,2046,32,,,1,101,,2044,32,,,1,106,,2045,32,,,1,100,,2042,32,,,1,100,,2050,32,,,1,100,,2047,32,,,1,104,,2048,32,,,1,99,,2031,32,,,1,99,,2032,32,,,1,101,,2034,32,,,1,93,,2037,32,,,1,98,,2036,32,,,1,99,,2033,32,,,1,99,,2035,32,,,1,100,,2040,32,,,1,100,,2038,32,,,1
4304,'SAM',509,,2068,32,,,1,103,,2065,32,,,1,100,,2062,32,,,1,102,,2052,32,,,1,102,,2069,32,,,1,101,,2053,32,,,1,106,,2054,32,,,1,100,,2066,32,,,1,100,,2063,32,,,1,100,,2070,32,,,1,103,,2064,32,,,1,101,,2067,32,,,1,98,,2051,32,,,1,97,,2071,32,,,1,97,,2058,32,,,1,98,,2055,32,,,1,99,,2059,32,,,1,99,,2056,32,,,1,100,,2057,32,,,1,100,,2061,32,,,1,98,,2060,32,,,1
4304,'SEM',526,,2091,32,,,1,76,,2097,32,,,1,35,,2072,32,,,1,66,,2074,32,,,1,21,,2095,32,,,1,31,,2073,32,,,1,73,,2096,32,,,1,73,,2077,32,,,1,35,,2092,32,,,1,68,,2098,32,,,1,31,,2076,32,,,1,70,,2093,32,,,1,30,,2083,32,,,1,70,,2079,32,,,1,30,,2100,32,,,1,70,,2099,32,,,1,30,,2094,32,,,1,72,,2080,32,,,1,29,,2081,32,,,1,70,,2085,32,,,1,36,,2101,32,,,1,66,,2075,32,,,1,26,,2082,32,,,1,70,,2078,32,,,1,96,,2084,32,,,1,56,,2087,32,,,1,100,,2089,32,,,1,101,,2090,32,,,1,99,,5232,32,,,1,101,,5233,32,,,1,150,,2086,32,,,1,20,,2088,32,,,1
4804,'DIM',610,,2444,62,,,1,110,,2448,62,,,1,103,,2445,62,,,1,109,,2449,62,,,1,107,,2452,62,,,1,101,,2435,62,,,1,103,,2446,62,,,1,100,,2447,62,,,1,97,,2451,62,,,1,105,,2437,62,,,1,101,,2450,62,,,1,101,,2436,62,,,1,97,,2442,62,,,1,95,,2438,62,,,1,94,,2443,62,,,1,97,,2440,62,,,1,100,,2439,62,,,1,95,,2441,62,,,1
4804,'SAM',610,,2464,62,,,1,110,,2453,62,,,1,103,,2466,62,,,1,108,,2468,62,,,1,108,,2472,62,,,1,101,,2465,62,,,1,102,,2471,62,,,1,100,,2467,62,,,1,97,,2469,62,,,1,106,,2470,62,,,1,101,,2457,62,,,1,101,,2460,62,,,1,97,,2458,62,,,1,95,,2461,62,,,1,94,,2455,62,,,1,97,,2454,62,,,1,98,,2456,62,,,1,97,,2462,62,,,1,97,,2463,62,,,1,33,,2459,62,,,1
4804,'SEM',541,,2475,62,,,1,81,,2493,62,,,1,32,,2473,62,,,1,73,,2476,62,,,1,27,,2480,62,,,1,79,,2495,62,,,1,70,,2494,62,,,1,30,,2497,62,,,1,70,,2483,62,,,1,31,,2482,62,,,1,71,,2477,62,,,1,101,,2484,62,,,1,100,,2496,62,,,1,100,,2481,62,,,1,102,,2478,62,,,1,39,,2474,62,,,1,107,,2479,62,,,1,96,,2490,62,,,1,67,,2492,62,,,1,102,,2487,62,,,1,114,,2491,62,,,1,99,,2485,62,,,1,98,,2486,62,,,1,96,,2488,62,,,1,97,,2489,62,,,1
5802,'DIM',627,,3047,60,,,2,101,,3054,60,,,2,93,,3051,60,,,2,100,,3055,60,,,2,100,,3058,60,,,2,99,,3050,60,,,2,101,,3060,60,,,2,100,,3057,60,,,2,102,,3053,60,,,2,99,,3056,60,,,2,101,,3052,60,,,2,99,,3046,60,,,2,101,,3059,60,,,2,100,,3043,60,,,2,99,,3049,60,,,2,98,,3045,60,,,2,98,,3044,60,,,2,98,,3048,60,,,2
5802,'SAM',627,,3078,60,,,2,101,,3070,60,,,2,93,,3069,60,,,2,100,,3074,60,,,2,100,,3072,60,,,2,99,,3075,60,,,2,101,,3077,60,,,2,100,,3061,60,,,2,99,,3068,60,,,2,101,,3073,60,,,2,101,,3071,60,,,2,101,,3076,60,,,2,100,,3063,60,,,2,100,,3066,60,,,2,99,,3062,60,,,2,98,,3067,60,,,2,98,,3064,60,,,2,98,,3065,60,,,2
5802,'SEM',547,,3096,60,,,2,75,,3090,60,,,2,22,,3089,60,,,2,80,,3097,60,,,2,35,,3099,60,,,2,69,,3082,60,,,2,73,,3081,60,,,2,43,,3085,60,,,2,100,,3100,60,,,2,100,,3079,60,,,2,100,,3086,60,,,2,100,,3098,60,,,2,100,,3080,60,,,2,65,,3083,60,,,2,30,,3087,60,,,2,104,,3093,60,,,2,71,,3084,60,,,2,93,,3088,60,,,2,96,,3094,60,,,2,98,,5247,60,,,2,100,,3095,60,,,2,57,,3092,60,,,2,99,,3091,60,,,2
6001,'DIM',815,,3103,56,,,1,104,,3111,56,,,1,102,,3109,56,,,1,104,,3110,56,,,1,102,,3112,56,,,1,102,,3115,56,,,1,102,,3113,56,,,1,100,,3116,56,,,1,100,,3114,56,,,1,102,,3117,56,,,1,91,,3118,56,,,1,99,,3105,56,,,1,98,,3107,56,,,1,97,,3106,56,,,1,99,,3108,56,,,1,99,,3102,56,,,1,100,,3104,56,,,1
6001,'SAM',711,,3125,56,,,1,104,,3130,56,,,1,104,,3121,56,,,1,102,,3133,56,,,1,103,,3135,56,,,1,103,,3131,56,,,1,102,,3134,56,,,1,102,,3132,56,,,1,100,,3120,56,,,1,100,,3136,56,,,1,102,,3119,56,,,1,91,,3123,56,,,1,100,,3128,56,,,1,97,,3124,56,,,1,97,,3126,56,,,1,99,,3129,56,,,1,99,,3122,56,,,1,100,,3127,56,,,1
6001,'SEM',557,,3151,56,,,1,143,,3137,56,,,1,47,,3155,56,,,1,78,,3149,56,,,1,77,,3153,56,,,1,101,,3139,56,,,1,101,,3156,56,,,1,101,,3154,56,,,1,104,,3140,56,,,1,100,,3138,56,,,1,101,,3150,56,,,1,102,,3152,56,,,1,99,,3141,56,,,1,102,,3145,56,,,1,96,,3143,56,,,1,49,,3148,56,,,1,98,,3146,56,,,1,98,,3142,56,,,1,98,,3144,56,,,1,94,,3147,56,,,1
7001,'DIM',743,,3749,80,,,1,101,,3739,80,,,1,99,,3747,80,,,1,100,,3750,80,,,1,69,,3753,80,,,1,31,,3748,80,,,1,70,,3755,80,,,1,28,,3754,80,,,1,70,,3751,80,,,1,35,,3752,80,,,1,69,,3756,80,,,1,27,,3732,80,,,1,74,,3757,80,,,1,25,,3735,80,,,1,75,,3736,80,,,1,27,,3737,80,,,1,73,,3734,80,,,1,33,,3740,80,,,1,73,,3743,80,,,1,30,,3738,80,,,1,94,,3744,80,,,1,98,,3741,80,,,1,100,,3733,80,,,1,99,,3745,80,,,1,100,,3746,80,,,1,99,,3742,80,,,1
7001,'SAM',743,,3774,80,,,1,101,,3779,80,,,1,99,,3781,80,,,1,100,,3782,80,,,1,68,,3780,80,,,1,32,,3758,80,,,1,69,,3783,80,,,1,29,,3778,80,,,1,70,,3759,80,,,1,34,,3775,80,,,1,68,,3760,80,,,1,33,,3776,80,,,1,70,,3762,80,,,1,25,,3777,80,,,1,73,,3765,80,,,1,29,,3767,80,,,1,73,,3764,80,,,1,34,,3766,80,,,1,72,,3770,80,,,1,30,,3768,80,,,1,94,,3772,80,,,1,98,,3761,80,,,1,100,,3763,80,,,1,98,,3773,80,,,1,101,,3771,80,,,1,99,,3769,80,,,1
7001,'SEM',554,,3810,80,,,1,73,,3788,80,,,1,29,,3811,80,,,1,58,,3812,80,,,1,19,,3807,80,,,1,68,,3818,80,,,1,24,,3799,80,,,1,24,,3785,80,,,1,69,,3817,80,,,1,30,,3814,80,,,1,71,,3815,80,,,1,29,,3796,80,,,1,71,,3819,80,,,1,29,,3787,80,,,1,72,,3792,80,,,1,28,,3816,80,,,1,70,,3786,80,,,1,30,,3784,80,,,1,72,,3813,80,,,1,30,,3791,80,,,1,79,,3794,80,,,1,24,,3790,80,,,1,51,,3797,80,,,1,49,,3789,80,,,1,77,,3801,80,,,1,27,,3804,80,,,1,73,,3805,80,,,1,25,,3793,80,,,1,78,,3802,80,,,1,84,,3798,80,,,1,33,,3795,80,,,1,108,,3803,80,,,1,99,,3800,80,,,1,99,,3808,80,,,1,99,,3806,80,,,1,167,,3809,80,,,1
7304,'DIM',548,,4008,75,,,1,70,,3997,75,,,1,103,,4001,75,,,1,101,,4004,75,,,1,103,,4000,75,,,1,102,,4002,75,,,1,100,,4005,75,,,1,100,,4009,75,,,1,102,,4003,75,,,1,101,,4006,75,,,1,101,,3999,75,,,1,100,,4007,75,,,1,100,,4010,75,,,1,99,,3993,75,,,1,99,,3990,75,,,1,97,,3996,75,,,1,99,,3992,75,,,1,99,,3991,75,,,1,97,,3994,75,,,1,100,,3995,75,,,1,99,,3998,75,,,1
7304,'SAM',548,,4032,75,,,1,70,,4022,75,,,1,103,,4027,75,,,1,101,,4024,75,,,1,103,,4023,75,,,1,102,,4028,75,,,1,100,,4030,75,,,1,101,,4026,75,,,1,101,,4014,75,,,1,101,,4029,75,,,1,101,,4025,75,,,1,100,,4031,75,,,1,100,,4033,75,,,1,99,,4013,75,,,1,98,,4011,75,,,1,98,,4012,75,,,1,99,,4016,75,,,1,99,,4015,75,,,1,97,,4017,75,,,1,100,,4018,75,,,1,99,,4020,75,,,1,100,,4019,75,,,1,99,,4021,75,,,1
7304,'SEM',511,,4063,75,,,1,42,,4060,75,,,1,82,,4066,75,,,1,18,,4069,75,,,1,72,,4065,75,,,1,15,,4062,75,,,1,14,,4040,75,,,1,68,,4042,75,,,1,14,,4061,75,,,1,15,,4067,75,,,1,65,,4056,75,,,1,31,,4036,75,,,1,80,,4035,75,,,1,29,,4050,75,,,1,70,,4064,75,,,1,30,,4037,75,,,1,71,,5270,75,,,1,76,,4049,75,,,1,26,,5268,75,,,1,30,,4068,75,,,1,70,,4038,75,,,1,30,,4039,75,,,1,73,,4046,75,,,1,71,,4034,75,,,1,32,,4043,75,,,1,79,,4053,75,,,1,22,,4051,75,,,1,67,,4045,75,,,1,29,,4052,75,,,1,76,,4047,75,,,1,20,,4057,75,,,1,29,,4044,75,,,1,70,,4054,75,,,1,29,,4055,75,,,1,73,,4048,75,,,1,96,,4059,75,,,1,99,,5269,75,,,1,102,,4058,75,,,1
7402,'DIM',649,,4133,88,,,2,103,,4136,88,,,2,101,,4138,88,,,2,102,,4137,88,,,2,102,,4135,88,,,2,100,,4134,88,,,2,101,,4141,88,,,2,100,,4140,88,,,2,143,,4142,88,,,2,99,,4139,88,,,2,59,,4127,88,,,2,141,,4126,88,,,2,58,,4128,88,,,2,98,,4130,88,,,2,99,,4129,88,,,2,100,,4131,88,,,2,97,,4132,88,,,2
7402,'SAM',649,,4150,88,,,2,103,,4154,88,,,2,101,,4152,88,,,2,102,,4149,88,,,2,102,,4153,88,,,2,100,,4155,88,,,2,101,,4158,88,,,2,101,,4151,88,,,2,100,,4156,88,,,2,141,,4159,88,,,2,100,,4157,88,,,2,59,,4143,88,,,2,99,,4145,88,,,2,98,,4147,88,,,2,99,,4146,88,,,2,100,,4148,88,,,2,97,,4144,88,,,2
7402,'SEM',609,,4173,88,,,2,50,,4178,88,,,2,60,,4161,88,,,2,82,,4172,88,,,2,100,,4162,88,,,2,99,,4160,88,,,2,59,,4164,88,,,2,141,,4174,88,,,2,57,,4177,88,,,2,100,,4163,88,,,2,101,,4176,88,,,2,142,,4175,88,,,2,100,,4165,88,,,2,57,,4166,88,,,2,100,,4169,88,,,2,97,,4171,88,,,2,99,,4167,88,,,2,102,,4168,88,,,2,97,,4170,88,,,2
34504,'SEM',2528,,5290,37,,,1,118,,4975,37,,,1
