1703,'DIM',629,,6972,32,,,1,89,,6965,32,,,1,100,,100,32,,,1,102,,6967,32,,,1,97,,6968,32,,,1,102,,6964,32,,,1,100,,6970,32,,,1,99,,6966,32,,,1,102,,6969,32,,,1,100,,6971,32,,,1,102,,6954,32,,,1,98,,6958,32,,,1,98,,6957,32,,,1,101,,6956,32,,,1,98,,6959,32,,,1,99,,6962,32,,,1,100,,6955,32,,,1,100,,6960,32,,,1,102,,6961,32,,,1,118,,6963,32,,,1
1703,'SAM',551,,6984,32,,,1,78,,6990,32,,,1,89,,121,32,,,1,100,,6981,32,,,1,102,,6983,32,,,1,97,,6985,32,,,1,101,,6989,32,,,1,101,,6987,32,,,1,100,,6982,32,,,1,101,,6988,32,,,1,100,,6986,32,,,1,102,,6991,32,,,1,99,,6992,32,,,1,98,,6973,32,,,1,100,,6978,32,,,1,98,,6975,32,,,1,99,,6974,32,,,1,100,,6976,32,,,1,100,,6979,32,,,1,102,,6980,32,,,1,118,,6977,32,,,1
1703,'SEM',611,,7010,32,,,1,103,,7012,32,,,1,106,,7011,32,,,1,96,,6996,32,,,1,101,,7009,32,,,1,101,,7008,32,,,1,100,,7014,32,,,1,101,,6997,32,,,1,100,,6994,32,,,1,98,,7013,32,,,1,35,,7016,32,,,1,60,,7015,32,,,1,36,,6993,32,,,1,63,,7004,32,,,1,38,,6995,32,,,1,79,,6998,32,,,1,30,,7001,32,,,1,67,,7006,32,,,1,99,,7007,32,,,1,100,,6999,32,,,1,100,,7000,32,,,1,99,,7002,32,,,1,99,,7003,32,,,1,103,,7005,32,,,1
3103,'DIM',648,,7902,34,,,1,100,,7901,34,,,1,100,,1058,34,,,1,100,,7906,34,,,1,99,,7905,34,,,1,100,,7903,34,,,1,102,,7892,34,,,1,101,,7904,34,,,1,99,,7891,34,,,1,102,,7890,34,,,1,99,,7895,34,,,1,98,,7897,34,,,1,103,,7896,34,,,1,96,,7898,34,,,1,101,,7894,34,,,1,100,,7893,34,,,1,99,,7899,34,,,1,100,,7900,34,,,1
3103,'SAM',648,,7919,34,,,1,100,,7918,34,,,1,100,,1075,34,,,1,100,,7923,34,,,1,99,,7924,34,,,1,100,,7920,34,,,1,100,,7916,34,,,1,102,,7921,34,,,1,100,,7917,34,,,1,102,,7922,34,,,1,100,,7911,34,,,1,98,,7913,34,,,1,100,,7909,34,,,1,99,,7914,34,,,1,100,,7907,34,,,1,100,,7908,34,,,1,99,,7910,34,,,1,101,,7912,34,,,1,95,,7915,34,,,1
3103,'SEM',644,,7946,34,,,1,100,,7944,34,,,1,101,,7945,34,,,1,101,,7925,34,,,1,101,,7926,34,,,1,100,,7928,34,,,1,100,,7947,34,,,1,100,,7927,34,,,1,101,,7932,34,,,1,98,,7933,34,,,1,11,,7934,34,,,1,77,,7929,34,,,1,69,,7938,34,,,1,40,,7935,34,,,1,69,,7931,34,,,1,36,,7943,34,,,1,69,,7930,34,,,1,36,,7942,34,,,1,100,,7936,34,,,1,101,,7939,34,,,1,99,,7940,34,,,1,96,,7937,34,,,1,154,,7941,34,,,1
3903,'DIM',852,,1407,45,,,1,100,,8236,55,,,1,70,,8241,55,,,1,31,,8242,55,,,1,70,,8239,55,,,1,34,,8240,55,,,1,66,,8243,55,,,1,29,,8233,55,,,1,71,,8237,55,,,1,30,,8234,55,,,1,70,,8220,55,,,1,30,,8223,55,,,1,72,,8226,55,,,1,30,,8238,55,,,1,71,,8227,55,,,1,30,,8228,55,,,1,65,,8229,55,,,1,18,,8235,55,,,1,10,,8230,55,,,1,64,,8224,55,,,1,25,,8231,55,,,1,99,,8221,55,,,1,100,,8232,55,,,1,98,,8222,55,,,1,104,,8225,55,,,1
3903,'SAM',852,,8268,45,,,1,100,,8263,55,,,1,70,,8267,55,,,1,31,,8244,55,,,1,70,,8258,55,,,1,34,,8261,55,,,1,66,,8260,55,,,1,30,,8245,55,,,1,70,,8259,55,,,1,30,,8262,55,,,1,70,,8246,55,,,1,30,,8265,55,,,1,72,,8249,55,,,1,30,,8250,55,,,1,71,,8252,55,,,1,30,,8266,55,,,1,65,,8253,55,,,1,18,,8264,55,,,1,11,,8251,55,,,1,63,,8248,55,,,1,29,,8247,55,,,1,97,,8255,55,,,1,98,,8254,55,,,1,98,,8257,55,,,1,104,,8256,55,,,1
3903,'SEM',744,,8291,55,,,1,100,,8273,55,,,1,104,,8271,55,,,1,73,,8275,55,,,1,29,,8292,55,,,1,71,,8293,55,,,1,29,,8286,55,,,1,71,,8290,55,,,1,27,,8294,55,,,1,78,,8270,55,,,1,33,,8277,55,,,1,67,,8279,55,,,1,32,,8280,55,,,1,75,,8269,55,,,1,78,,8287,55,,,1,23,,8281,55,,,1,68,,8272,55,,,1,25,,8274,55,,,1,73,,8282,55,,,1,39,,8283,55,,,1,79,,8276,55,,,1,98,,8278,55,,,1,95,,8284,55,,,1,103,,8288,55,,,1,96,,8285,55,,,1,47,,8289,55,,,1
7303,'DIM',703,,10755,32,,,1,100,,10752,32,,,1,102,,10753,32,,,1,98,,10756,32,,,1,100,,10759,32,,,1,100,,10754,32,,,1,100,,10757,32,,,1,102,,10751,32,,,1,99,,10758,32,,,1,102,,10760,32,,,1,99,,10745,32,,,1,99,,10742,32,,,1,101,,10748,32,,,1,97,,10744,32,,,1,100,,10743,32,,,1,100,,10746,32,,,1,99,,10747,32,,,1,102,,10750,32,,,1,105,,10749,32,,,1
7303,'SAM',609,,10775,32,,,1,94,,10772,32,,,1,100,,10771,32,,,1,102,,10776,32,,,1,98,,10778,32,,,1,101,,10774,32,,,1,99,,10764,32,,,1,100,,10777,32,,,1,102,,10773,32,,,1,99,,10779,32,,,1,102,,10780,32,,,1,101,,10763,32,,,1,98,,10761,32,,,1,99,,10762,32,,,1,98,,10766,32,,,1,100,,10765,32,,,1,100,,4040,32,,,1,99,,10767,32,,,1,102,,4041,32,,,1,105,,10768,32,,,1,100,,10770,32,,,1,100,,10769,32,,,1
7303,'SEM',557,,10817,32,,,1,66,,10814,32,,,1,79,,10813,32,,,1,10,,10818,32,,,1,39,,10807,32,,,1,56,,10783,32,,,1,43,,10815,32,,,1,52,,10782,32,,,1,31,,10800,32,,,1,71,,10816,32,,,1,29,,10784,32,,,1,71,,10789,32,,,1,29,,10799,32,,,1,72,,10790,32,,,1,29,,10819,32,,,1,70,,10785,32,,,1,30,,10788,32,,,1,70,,10794,32,,,1,30,,10781,32,,,1,70,,10791,32,,,1,35,,10820,32,,,1,65,,10801,32,,,1,15,,10793,32,,,1,22,,10786,32,,,1,16,,10787,32,,,1,63,,10797,32,,,1,16,,10795,32,,,1,69,,10808,32,,,1,15,,10796,32,,,1,16,,10792,32,,,1,72,,10802,32,,,1,30,,10805,32,,,1,72,,10798,32,,,1,99,,10810,32,,,1,100,,10803,32,,,1,98,,10809,32,,,1,99,,10804,32,,,1,41,,10806,32,,,1,95,,10811,32,,,1,161,,10812,32,,,1
7401,'DIM',733,,10911,32,,,2,100,,10912,32,,,2,102,,10915,32,,,2,98,,10914,32,,,2,101,,10916,32,,,2,100,,10913,32,,,2,101,,10910,32,,,2,99,,10909,32,,,2,102,,10917,32,,,2,98,,10903,32,,,2,102,,10904,32,,,2,99,,10906,32,,,2,98,,10907,32,,,2,99,,10908,32,,,2,101,,10902,32,,,2,99,,10901,32,,,2,100,,10905,32,,,2
7401,'SAM',733,,10926,32,,,2,100,,10928,32,,,2,102,,10927,32,,,2,99,,10930,32,,,2,100,,10932,32,,,2,100,,10934,32,,,2,102,,10929,32,,,2,98,,10933,32,,,2,101,,10931,32,,,2,99,,10918,32,,,2,101,,10921,32,,,2,101,,10923,32,,,2,98,,10922,32,,,2,98,,10924,32,,,2,101,,10919,32,,,2,99,,10925,32,,,2,100,,10920,32,,,2
7401,'SEM',636,,10950,32,,,2,96,,10935,32,,,2,101,,10949,32,,,2,103,,10939,32,,,2,101,,10940,32,,,2,101,,10953,32,,,2,100,,10938,32,,,2,101,,10952,32,,,2,100,,10951,32,,,2,93,,10937,32,,,2,95,,10941,32,,,2,101,,10936,32,,,2,30,,10943,32,,,2,82,,10948,32,,,2,99,,10942,32,,,2,101,,10945,32,,,2,100,,10946,32,,,2,99,,10944,32,,,2,99,,10954,32,,,2,95,,10947,32,,,2
