4002,'DIM',754,,8442,1,,,1,100,,8451,1,,,1,100,,8453,1,,,1,99,,8454,1,,,1,99,,8452,1,,,1,101,,8455,1,,,1,101,,8450,1,,,1,100,,8449,1,,,1,100,,8439,1,,,1,103,,8445,1,,,1,97,,8448,1,,,1,100,,8446,1,,,1,100,,8441,1,,,1,100,,8440,1,,,1,100,,8443,1,,,1,100,,8444,1,,,1,94,,8447,1,,,1
4002,'SAM',654,,8462,1,,,1,100,,1633,1,,,1,100,,8470,1,,,1,100,,8467,1,,,1,95,,8468,1,,,1,104,,8466,1,,,1,100,,8471,1,,,1,101,,8469,1,,,1,99,,8463,1,,,1,101,,8472,1,,,1,103,,8456,1,,,1,97,,8464,1,,,1,100,,8457,1,,,1,100,,8459,1,,,1,100,,8465,1,,,1,100,,8458,1,,,1,100,,8460,1,,,1,94,,8461,1,,,1
4002,'SEM',625,,8476,1,,,1,85,,8504,1,,,1,23,,8502,1,,,1,17,,8491,1,,,1,69,,8481,1,,,1,24,,8475,1,,,1,77,,8477,1,,,1,30,,8482,1,,,1,70,,8499,1,,,1,30,,8483,1,,,1,70,,8501,1,,,1,30,,8498,1,,,1,70,,8479,1,,,1,30,,8500,1,,,1,75,,8474,1,,,1,75,,8480,1,,,1,20,,8478,1,,,1,30,,8473,1,,,1,70,,8487,1,,,1,30,,8503,1,,,1,71,,8488,1,,,1,29,,8484,1,,,1,76,,8492,1,,,1,33,,8485,1,,,1,72,,8493,1,,,1,70,,8490,1,,,1,29,,8494,1,,,1,100,,8489,1,,,1,100,,8486,1,,,1,106,,8495,1,,,1,89,,8496,1,,,1,100,,8497,1,,,1
4503,'DIM',635,,8950,1,,,1,100,,8960,1,,,1,101,,8958,1,,,1,98,,8964,1,,,1,101,,8959,1,,,1,98,,8962,1,,,1,105,,8952,1,,,1,100,,8956,1,,,1,98,,8949,1,,,1,102,,8947,1,,,1,92,,8961,1,,,1,102,,8963,1,,,1,104,,8948,1,,,1,102,,8957,1,,,1,102,,8951,1,,,1,99,,8954,1,,,1,99,,8955,1,,,1,102,,8953,1,,,1
4503,'SAM',635,,8978,1,,,1,100,,8974,1,,,1,101,,8977,1,,,1,98,,8976,1,,,1,101,,8966,1,,,1,97,,8975,1,,,1,106,,8979,1,,,1,99,,8970,1,,,1,101,,8981,1,,,1,101,,8980,1,,,1,91,,8982,1,,,1,105,,8965,1,,,1,101,,8972,1,,,1,102,,8967,1,,,1,102,,8971,1,,,1,99,,8969,1,,,1,99,,8973,1,,,1,102,,8968,1,,,1
4503,'SEM',622,,8988,1,,,1,18,,8986,1,,,1,74,,8983,1,,,1,26,,9003,1,,,1,67,,8987,1,,,1,39,,8985,1,,,1,65,,9004,1,,,1,110,,9002,1,,,1,100,,8991,1,,,1,95,,8989,1,,,1,100,,9005,1,,,1,101,,8984,1,,,1,105,,9006,1,,,1,25,,8993,1,,,1,88,,8996,1,,,1,19,,8990,1,,,1,58,,8997,1,,,1,33,,8999,1,,,1,80,,8995,1,,,1,100,,8994,1,,,1,100,,8998,1,,,1,100,,9001,1,,,1,100,,8992,1,,,1,95,,9000,1,,,1
7602,'DIM',603,,5136,1,,,2,56,,11115,1,,,2,100,,11125,1,,,2,100,,11127,1,,,2,70,,11123,1,,,2,30,,11124,1,,,2,70,,11105,1,,,2,30,,11128,1,,,2,70,,11126,1,,,2,29,,11114,1,,,2,72,,11129,1,,,2,72,,11130,1,,,2,27,,11106,1,,,2,73,,11116,1,,,2,33,,11108,1,,,2,24,,11109,1,,,2,70,,11111,1,,,2,30,,11107,1,,,2,70,,4405,1,,,2,30,,4422,1,,,2,70,,11112,1,,,2,75,,11120,1,,,2,54,,11121,1,,,2,100,,11113,1,,,2,101,,11122,1,,,2,141,,11110,1,,,2,100,,11117,1,,,2,100,,11119,1,,,2,100,,11118,1,,,2
7602,'SAM',603,,11148,1,,,2,56,,11147,1,,,2,100,,11151,1,,,2,100,,11153,1,,,2,70,,11158,1,,,2,30,,11146,1,,,2,70,,11155,1,,,2,30,,11154,1,,,2,70,,11160,1,,,2,29,,11132,1,,,2,70,,11149,1,,,2,74,,11131,1,,,2,27,,11150,1,,,2,73,,11157,1,,,2,33,,11133,1,,,2,24,,11134,1,,,2,70,,11156,1,,,2,30,,11137,1,,,2,70,,11159,1,,,2,30,,11135,1,,,2,70,,11152,1,,,2,76,,11140,1,,,2,53,,11142,1,,,2,100,,11138,1,,,2,101,,11136,1,,,2,141,,11141,1,,,2,100,,11139,1,,,2,100,,11144,1,,,2,100,,11143,1,,,2,101,,11145,1,,,2
7602,'SEM',546,,11161,1,,,2,62,,11190,1,,,2,16,,4470,1,,,2,11,,11188,1,,,2,24,,11192,1,,,2,58,,11194,1,,,2,21,,11168,1,,,2,21,,11162,1,,,2,75,,11189,1,,,2,68,,11193,1,,,2,31,,11186,1,,,2,72,,11163,1,,,2,30,,11191,1,,,2,70,,11167,1,,,2,29,,11187,1,,,2,71,,11166,1,,,2,30,,11171,1,,,2,71,,11196,1,,,2,28,,11172,1,,,2,70,,11164,1,,,2,35,,11195,1,,,2,65,,11165,1,,,2,24,,11169,1,,,2,26,,11176,1,,,2,65,,11177,1,,,2,25,,11180,1,,,2,65,,11182,1,,,2,25,,11178,1,,,2,20,,11174,1,,,2,74,,11170,1,,,2,30,,11181,1,,,2,71,,11184,1,,,2,100,,11173,1,,,2,100,,11175,1,,,2,100,,11183,1,,,2,103,,11179,1,,,2,109,,11185,1,,,2
34503,'SEM',440,,11786,20,,,1,101,,11787,20,,,1
