4202,'DIM',502,,8661,57,,,2,41,,8702,57,,,2,65,,8672,57,,,2,30,,8660,57,,,2,70,,8684,57,,,2,29,,8682,57,,,2,70,,8703,57,,,2,31,,8687,57,,,2,71,,8683,57,,,2,31,,8691,57,,,2,71,,8695,57,,,2,23,,8701,57,,,2,22,,8697,57,,,2,61,,8688,57,,,2,22,,8693,57,,,2,19,,8689,57,,,2,60,,8692,57,,,2,18,,8677,57,,,2,23,,8680,57,,,2,60,,8679,57,,,2,22,,8681,57,,,2,59,,8686,57,,,2,20,,8685,57,,,2,18,,8705,57,,,2,62,,8698,57,,,2,21,,8694,57,,,2,21,,8690,57,,,2,61,,8700,57,,,2,20,,8665,57,,,2,20,,8666,57,,,2,61,,8667,57,,,2,23,,8699,57,,,2,76,,8696,57,,,2,35,,8704,57,,,2,69,,8676,57,,,2,30,,8663,57,,,2,72,,8662,57,,,2,30,,8671,57,,,2,70,,8659,57,,,2,28,,8668,57,,,2,68,,8678,57,,,2,29,,8664,57,,,2,71,,8670,57,,,2,30,,8674,57,,,2,68,,8675,57,,,2,30,,8669,57,,,2,77,,8673,57,,,2
4202,'SAM',502,,8708,57,,,2,41,,8710,57,,,2,65,,8728,57,,,2,30,,8706,57,,,2,70,,8736,57,,,2,29,,8734,57,,,2,70,,8711,57,,,2,31,,8742,57,,,2,71,,8738,57,,,2,31,,8737,57,,,2,71,,8741,57,,,2,23,,8753,57,,,2,22,,8747,57,,,2,61,,8751,57,,,2,21,,8746,57,,,2,20,,8749,57,,,2,60,,8731,57,,,2,18,,8744,57,,,2,22,,8735,57,,,2,61,,8727,57,,,2,21,,8733,57,,,2,60,,8707,57,,,2,20,,8740,57,,,2,18,,8739,57,,,2,62,,8732,57,,,2,21,,8743,57,,,2,21,,8709,57,,,2,60,,8745,57,,,2,20,,8748,57,,,2,21,,8714,57,,,2,61,,8750,57,,,2,23,,8752,57,,,2,75,,8720,57,,,2,35,,8722,57,,,2,70,,8724,57,,,2,30,,8726,57,,,2,75,,8712,57,,,2,27,,8715,57,,,2,70,,8729,57,,,2,28,,8717,57,,,2,68,,8719,57,,,2,32,,8713,57,,,2,67,,8716,57,,,2,30,,8718,57,,,2,69,,8721,57,,,2,30,,8723,57,,,2,77,,8725,57,,,2,30,,8730,57,,,2
4202,'SEM',500,,8792,57,,,2,57,,8794,57,,,2,72,,8798,57,,,2,16,,8801,57,,,2,55,,8754,57,,,2,10,,8756,57,,,2,11,,8759,57,,,2,9,,8762,57,,,2,10,,8800,57,,,2,11,,8797,57,,,2,60,,8757,57,,,2,18,,8771,57,,,2,21,,8758,57,,,2,62,,8802,57,,,2,22,,8799,57,,,2,19,,8760,57,,,2,61,,8793,57,,,2,20,,8755,57,,,2,19,,8796,57,,,2,61,,8764,57,,,2,20,,8787,57,,,2,21,,8795,57,,,2,64,,8765,57,,,2,16,,8785,57,,,2,24,,8767,57,,,2,60,,8769,57,,,2,20,,8770,57,,,2,63,,8763,57,,,2,16,,8772,57,,,2,21,,8773,57,,,2,20,,8774,57,,,2,61,,8761,57,,,2,21,,8776,57,,,2,60,,8803,57,,,2,20,,8779,57,,,2,20,,8780,57,,,2,60,,8781,57,,,2,22,,8783,57,,,2,18,,8806,57,,,2,64,,8786,57,,,2,20,,8766,57,,,2,23,,8775,57,,,2,64,,8768,57,,,2,19,,8790,57,,,2,71,,8805,57,,,2,45,,8807,57,,,2,76,,8791,57,,,2,29,,8777,57,,,2,69,,8778,57,,,2,30,,8782,57,,,2,66,,8784,57,,,2,37,,8789,57,,,2,67,,8804,57,,,2,32,,8788,57,,,2
5202,'DIM',643,,9576,101,,,2,111,,9571,101,,,2,100,,9572,101,,,2,100,,9573,101,,,2,98,,9578,101,,,2,102,,9577,101,,,2,99,,9574,101,,,2,101,,9570,101,,,2,102,,9575,101,,,2,96,,9569,101,,,2,105,,9579,101,,,2,100,,9567,101,,,2,99,,9580,101,,,2,100,,9564,101,,,2,98,,9565,101,,,2,100,,9566,101,,,2,100,,9568,101,,,2
5202,'SAM',643,,9592,101,,,2,111,,9588,101,,,2,100,,9591,101,,,2,100,,9587,101,,,2,99,,9589,101,,,2,101,,9597,101,,,2,99,,9595,101,,,2,102,,9596,101,,,2,102,,9593,101,,,2,100,,9590,101,,,2,97,,9594,101,,,2,103,,9584,101,,,2,100,,9585,101,,,2,99,,9586,101,,,2,98,,9581,101,,,2,100,,9582,101,,,2,100,,9583,101,,,2
5202,'SEM',607,,9608,101,,,2,52,,9616,101,,,2,65,,9599,101,,,2,31,,9612,101,,,2,103,,9609,101,,,2,100,,9610,101,,,2,100,,9611,101,,,2,97,,9598,101,,,2,103,,9613,101,,,2,100,,9615,101,,,2,101,,9614,101,,,2,141,,9600,101,,,2,59,,9601,101,,,2,100,,9602,101,,,2,99,,9607,101,,,2,100,,9606,101,,,2,101,,9603,101,,,2,100,,9604,101,,,2,96,,9605,101,,,2
5802,'DIM',610,,9883,21,,,2,100,,9890,21,,,2,91,,9887,21,,,2,100,,9891,21,,,2,100,,9894,21,,,2,99,,9886,21,,,2,101,,9896,21,,,2,100,,9893,21,,,2,101,,9889,21,,,2,99,,9892,21,,,2,101,,9888,21,,,2,99,,9882,21,,,2,101,,9895,21,,,2,101,,9879,21,,,2,100,,9885,21,,,2,99,,9881,21,,,2,99,,9880,21,,,2,58,,9884,21,,,2
5802,'SAM',610,,9914,21,,,2,100,,9906,21,,,2,91,,9905,21,,,2,100,,9910,21,,,2,100,,9908,21,,,2,99,,9911,21,,,2,101,,9913,21,,,2,100,,9897,21,,,2,58,,9904,21,,,2,141,,9909,21,,,2,101,,9907,21,,,2,101,,9912,21,,,2,100,,9899,21,,,2,101,,9902,21,,,2,100,,9898,21,,,2,99,,9903,21,,,2,99,,9900,21,,,2,58,,9901,21,,,2
5802,'SEM',528,,9932,21,,,2,74,,9926,21,,,2,22,,9925,21,,,2,80,,9933,21,,,2,35,,9935,21,,,2,69,,9918,21,,,2,33,,9917,21,,,2,83,,9921,21,,,2,99,,9936,21,,,2,100,,9915,21,,,2,100,,9922,21,,,2,100,,9934,21,,,2,101,,9916,21,,,2,25,,9919,21,,,2,69,,9923,21,,,2,102,,9929,21,,,2,33,,9920,21,,,2,94,,9924,21,,,2,96,,9930,21,,,2,100,,9937,21,,,2,100,,9931,21,,,2,98,,9928,21,,,2,99,,9927,21,,,2
25202,'SEM',537,,11680,53,,,2,99,,11682,53,,,2,181,,11681,53,,,2
