5504,'SEM',640,,9646,65,,,2,61,,9651,35,,,2,9,,9634,65,,,2,11,,9635,65,,,2,93,,9649,65,,,2,30,,9644,65,,,2,95,,9643,65,,,2,97,,9636,65,,,2,99,,9645,65,,,2,94,,9650,65,,,2,103,,9637,65,,,2,105,,9647,65,,,2,103,,9648,65,,,2,98,,9638,65,,,2,97,,9639,65,,,2,100,,9641,65,,,2,102,,9640,65,,,2,92,,9642,65,,,2
15104,'DIM',628,,11494,51,,,2,98,,11514,51,,,2,25,,11507,51,,,2,66,,11511,51,,,2,32,,11495,51,,,2,74,,11506,51,,,2,29,,11515,51,,,2,73,,11508,51,,,2,32,,11512,51,,,2,73,,11517,51,,,2,71,,11516,51,,,2,31,,11519,51,,,2,73,,11513,51,,,2,34,,11510,51,,,2,72,,11518,51,,,2,32,,11489,51,,,2,74,,11509,51,,,2,33,,11497,51,,,2,72,,11520,51,,,2,31,,11521,51,,,2,75,,11490,51,,,2,31,,11502,51,,,2,71,,11504,51,,,2,29,,11492,51,,,2,70,,11499,51,,,2,30,,11500,51,,,2,70,,11503,51,,,2,27,,11491,51,,,2,69,,11493,51,,,2,31,,11496,51,,,2,97,,11498,51,,,2,98,,11501,51,,,2,73,,11505,51,,,2
15104,'SAM',628,,11538,51,,,2,98,,11546,51,,,2,25,,11541,51,,,2,66,,11543,51,,,2,32,,11539,51,,,2,74,,11540,51,,,2,30,,11547,51,,,2,72,,11542,51,,,2,32,,11544,51,,,2,73,,11550,51,,,2,71,,11549,51,,,2,31,,11551,51,,,2,73,,11545,51,,,2,34,,11537,51,,,2,72,,11531,51,,,2,32,,11552,51,,,2,74,,11548,51,,,2,33,,11522,51,,,2,72,,11554,51,,,2,31,,11526,51,,,2,75,,11553,51,,,2,31,,11529,51,,,2,71,,11523,51,,,2,29,,11524,51,,,2,70,,11535,51,,,2,30,,11528,51,,,2,70,,11530,51,,,2,27,,11534,51,,,2,69,,11525,51,,,2,31,,11536,51,,,2,97,,11527,51,,,2,98,,11533,51,,,2,73,,11532,51,,,2
15104,'SEM',502,,11590,51,,,2,30,,11572,51,,,2,21,,11588,51,,,2,65,,11591,51,,,2,21,,11593,51,,,2,11,,11597,51,,,2,55,,11601,38,,,2,12,,11556,51,,,2,12,,11603,38,,,2,13,,11573,51,,,2,11,,11589,51,,,2,54,,11600,38,,,2,13,,11564,51,,,2,10,,11592,51,,,2,15,,11602,38,,,2,56,,11598,51,,,2,19,,11563,51,,,2,21,,11586,51,,,2,60,,11594,51,,,2,21,,11559,51,,,2,20,,11584,51,,,2,60,,11596,51,,,2,20,,11599,51,,,2,21,,11557,51,,,2,60,,11587,51,,,2,20,,11565,51,,,2,20,,11567,51,,,2,61,,11595,51,,,2,21,,11561,51,,,2,25,,11569,51,,,2,56,,11570,51,,,2,24,,11560,51,,,2,20,,11575,51,,,2,61,,11555,51,,,2,20,,11562,51,,,2,23,,11576,51,,,2,60,,11558,51,,,2,23,,11571,51,,,2,21,,11574,51,,,2,71,,11577,51,,,2,25,,11566,51,,,2,78,,11578,51,,,2,84,,11568,51,,,2,103,,11583,51,,,2,104,,11579,51,,,2,94,,11581,51,,,2,100,,11580,51,,,2,94,,11582,51,,,2,118,,11585,51,,,2
25504,'DIM',639,,11726,65,,,2,100,,11729,65,,,2,103,,11731,65,,,2,100,,11730,65,,,2,102,,11732,65,,,2,100,,11727,65,,,2,100,,11733,65,,,2,102,,11728,65,,,2,100,,11734,65,,,2,102,,11720,65,,,2,100,,11735,65,,,2,100,,11721,65,,,2,100,,11736,65,,,2,99,,11724,65,,,2,98,,11737,65,,,2,96,,11725,65,,,2,98,,11723,65,,,2,98,,11722,65,,,2
25504,'SAM',639,,11746,65,,,2,100,,11751,65,,,2,103,,11742,65,,,2,100,,11752,65,,,2,102,,11743,65,,,2,100,,11747,65,,,2,100,,11749,65,,,2,102,,11748,65,,,2,100,,11750,65,,,2,102,,11738,65,,,2,100,,11753,65,,,2,100,,11739,65,,,2,100,,11754,65,,,2,99,,11745,65,,,2,98,,11740,65,,,2,96,,5119,65,,,2,98,,11741,65,,,2,98,,11744,65,,,2
25504,'SEM',514,,11755,65,,,2,33,,11758,65,,,2,1572,,11757,65,,,2,97,,11759,65,,,2,94,,11756,65,,,2,93,,11760,65,,,2
71304,'DIM',551,,11816,17,,,2,182,,11817,17,,,2
71304,'SAM',617,,11818,17,,,2,26,,11819,17,,,2,65,,11820,17,,,2
71304,'SEM',604,,11837,17,,,2,29,,11826,17,,,2,77,,11828,17,,,2,27,,11821,17,,,2,68,,11827,17,,,2,30,,11838,17,,,2,100,,11829,17,,,2,95,,11831,17,,,2,100,,11822,17,,,2,100,,11824,17,,,2,100,,11823,17,,,2,100,,11825,17,,,2,100,,11830,17,,,2,89,,11839,17,,,2,104,,11840,17,,,2,99,,11841,17,,,2,100,,11832,17,,,2,99,,11842,17,,,2,100,,11833,17,,,2,100,,11834,17,,,2,100,,11836,17,,,2,109,,11835,17,,,2
