4201,'DIM',520,,1664,28,,,2,104,,1688,28,,,2,30,,1707,28,,,2,70,,1693,28,,,2,31,,1689,28,,,2,71,,1696,28,,,2,30,,1700,28,,,2,71,,1703,28,,,2,31,,1694,28,,,2,66,,1698,28,,,2,76,,1697,28,,,2,20,,1681,28,,,2,23,,1686,28,,,2,58,,1685,28,,,2,22,,1687,28,,,2,18,,1691,28,,,2,60,,1690,28,,,2,19,,1710,28,,,2,22,,1704,28,,,2,61,,1699,28,,,2,20,,1695,28,,,2,21,,1706,28,,,2,60,,1668,28,,,2,20,,1670,28,,,2,20,,1671,28,,,2,61,,1705,28,,,2,19,,1692,28,,,2,21,,1701,28,,,2,60,,1669,28,,,2,15,,1709,28,,,2,15,,1708,28,,,2,14,,1680,28,,,2,52,,1702,28,,,2,18,,1666,28,,,2,32,,1665,28,,,2,70,,1676,28,,,2,29,,1663,28,,,2,70,,1672,28,,,2,29,,1683,28,,,2,70,,1667,28,,,2,31,,1674,28,,,2,70,,1678,28,,,2,30,,1679,28,,,2,70,,1673,28,,,2,34,,1677,28,,,2,68,,1675,28,,,2,34,,1682,28,,,2,75,,1684,28,,,2
4201,'SAM',520,,1711,28,,,2,104,,1739,28,,,2,30,,1714,28,,,2,70,,1746,28,,,2,31,,1742,28,,,2,71,,1741,28,,,2,30,,1745,28,,,2,71,,1752,28,,,2,31,,1757,28,,,2,65,,1750,28,,,2,77,,1736,28,,,2,20,,1748,28,,,2,22,,1740,28,,,2,59,,1731,28,,,2,21,,1738,28,,,2,19,,1712,28,,,2,60,,1744,28,,,2,19,,1743,28,,,2,22,,1737,28,,,2,61,,1747,28,,,2,20,,1713,28,,,2,20,,1749,28,,,2,60,,1753,28,,,2,21,,1717,28,,,2,20,,1755,28,,,2,61,,1758,28,,,2,20,,1759,28,,,2,19,,1723,28,,,2,61,,1756,28,,,2,14,,1725,28,,,2,16,,1751,28,,,2,14,,1727,28,,,2,54,,1754,28,,,2,16,,1730,28,,,2,36,,1715,28,,,2,66,,1718,28,,,2,29,,1734,28,,,2,70,,1720,28,,,2,29,,1722,28,,,2,73,,1716,28,,,2,27,,1719,28,,,2,70,,1721,28,,,2,31,,1724,28,,,2,70,,1726,28,,,2,34,,1728,28,,,2,68,,1735,28,,,2,34,,1729,28,,,2,75,,1733,28,,,2,70,,1732,28,,,2
4201,'SEM',625,,1808,28,,,2,30,,1762,28,,,2,57,,1803,28,,,2,21,,1806,28,,,2,23,,1809,28,,,2,62,,1807,28,,,2,19,,1763,28,,,2,19,,1802,28,,,2,62,,1760,28,,,2,19,,1766,28,,,2,19,,1792,28,,,2,63,,1804,28,,,2,18,,1805,28,,,2,63,,1768,28,,,2,17,,5310,28,,,2,23,,1770,28,,,2,60,,1771,28,,,2,19,,1772,28,,,2,22,,1765,28,,,2,15,,1774,28,,,2,63,,1775,28,,,2,19,,1776,28,,,2,21,,1764,28,,,2,61,,5456,28,,,2,20,,1810,28,,,2,19,,1784,28,,,2,61,,1785,28,,,2,20,,1786,28,,,2,15,,1788,28,,,2,53,,1761,28,,,2,13,,1767,28,,,2,11,,1779,28,,,2,13,,1791,28,,,2,14,,1793,28,,,2,55,,1782,28,,,2,14,,1778,28,,,2,14,,1777,28,,,2,14,,1797,28,,,2,55,,1799,28,,,2,15,,1769,28,,,2,14,,1801,28,,,2,63,,1794,28,,,2,13,,1798,28,,,2,21,,1773,28,,,2,67,,1800,28,,,2,31,,1781,28,,,2,67,,1783,28,,,2,33,,1787,28,,,2,67,,1789,28,,,2,31,,1813,14,,,2,75,,5226,28,,,2,23,,1812,14,,,2,70,,1796,28,,,2,44,,1795,28,,,2
4803,'DIM',704,,2378,8,,,1,103,,2382,8,,,1,102,,2386,8,,,1,99,,2368,8,,,1,102,,2379,8,,,1,101,,2380,8,,,1,95,,2385,8,,,1,105,,2381,8,,,1,99,,2383,8,,,1,100,,2369,8,,,1,100,,2384,8,,,1,100,,2371,8,,,1,95,,2376,8,,,1,100,,2374,8,,,1,100,,2373,8,,,1,99,,2375,8,,,1,100,,2370,8,,,1,35,,2372,8,,,1,161,,2377,8,,,1
4803,'SAM',604,,2387,8,,,1,100,,2399,8,,,1,102,,2402,8,,,1,103,,2406,8,,,1,99,,2397,8,,,1,101,,2405,8,,,1,101,,2400,8,,,1,94,,2403,8,,,1,106,,2401,8,,,1,100,,2398,8,,,1,100,,2404,8,,,1,100,,2391,8,,,1,100,,2393,8,,,1,95,,2389,8,,,1,100,,2388,8,,,1,98,,2390,8,,,1,101,,2395,8,,,1,100,,2396,8,,,1,35,,2392,8,,,1,161,,2394,8,,,1
4803,'SEM',559,,2427,8,,,1,60,,2429,8,,,1,37,,2419,8,,,1,73,,2430,8,,,1,71,,2433,8,,,1,24,,2415,8,,,1,80,,5458,8,,,1,30,,2409,8,,,1,95,,2416,8,,,1,100,,2411,8,,,1,100,,2410,8,,,1,100,,2431,8,,,1,80,,2407,8,,,1,101,,2412,8,,,1,35,,2428,8,,,1,64,,2408,8,,,1,30,,2432,8,,,1,70,,2420,8,,,1,30,,2413,8,,,1,70,,2421,8,,,1,95,,2425,8,,,1,100,,2417,8,,,1,100,,2418,8,,,1,99,,2422,8,,,1,100,,2423,8,,,1,99,,5239,8,,,1,51,,2424,8,,,1,73,,2426,8,,,1
5801,'DIM',524,,2996,8,,,2,100,,2978,8,,,2,90,,2987,8,,,2,99,,2990,8,,,2,99,,2993,8,,,2,100,,2986,8,,,2,102,,2995,8,,,2,98,,2992,8,,,2,103,,2989,8,,,2,99,,2991,8,,,2,102,,2988,8,,,2,99,,2981,8,,,2,101,,2994,8,,,2,99,,2977,8,,,2,99,,2985,8,,,2,99,,2980,8,,,2,101,,2979,8,,,2,100,,2983,8,,,2,99,,2982,8,,,2,110,,2984,8,,,2
5801,'SAM',524,,3016,8,,,2,100,,3008,8,,,2,90,,3007,8,,,2,99,,3012,8,,,2,100,,3010,8,,,2,99,,3013,8,,,2,102,,3015,8,,,2,98,,2997,8,,,2,101,,3006,8,,,2,101,,3011,8,,,2,101,,3009,8,,,2,101,,3014,8,,,2,100,,3000,8,,,2,100,,3004,8,,,2,98,,2998,8,,,2,99,,3005,8,,,2,101,,3001,8,,,2,100,,3003,8,,,2,99,,2999,8,,,2,110,,3002,8,,,2
5801,'SEM',514,,3030,8,,,2,28,,3027,8,,,2,82,,3038,8,,,2,82,,3028,8,,,2,46,,3034,8,,,2,85,,3021,8,,,2,99,,3039,8,,,2,100,,3017,8,,,2,100,,3022,8,,,2,100,,3037,8,,,2,100,,3018,8,,,2,86,,3029,8,,,2,31,,3019,8,,,2,72,,3040,8,,,2,28,,3024,8,,,2,75,,5462,8,,,2,28,,3025,8,,,2,68,,3020,8,,,2,29,,3036,8,,,2,70,,3023,8,,,2,30,,5245,8,,,2,100,,5246,8,,,2,100,,3032,8,,,2,99,,3031,8,,,2,100,,3033,8,,,2,100,,3035,8,,,2
7002,'DIM',658,,3827,8,,,1,142,,3834,8,,,1,100,,3839,8,,,1,100,,3830,8,,,1,28,,3831,8,,,1,73,,3833,8,,,1,29,,3823,8,,,1,25,,3832,8,,,1,75,,3829,8,,,1,25,,3838,8,,,1,79,,3836,8,,,1,67,,3840,8,,,1,36,,3821,8,,,1,65,,3835,8,,,1,31,,3843,8,,,1,23,,3837,8,,,1,78,,3842,8,,,1,68,,3825,8,,,1,36,,3845,8,,,1,74,,3841,8,,,1,97,,3844,8,,,1,95,,3820,8,,,1,55,,3822,8,,,1,141,,3826,8,,,1,59,,3824,8,,,1,143,,3828,8,,,1
7002,'SAM',657,,3872,8,,,1,143,,3852,8,,,1,100,,3860,8,,,1,100,,3859,8,,,1,25,,3868,8,,,1,76,,3873,8,,,1,29,,3870,8,,,1,24,,3864,8,,,1,75,,3863,8,,,1,26,,3862,8,,,1,79,,3865,8,,,1,75,,3861,8,,,1,27,,3871,8,,,1,65,,3869,8,,,1,28,,3867,8,,,1,26,,3866,8,,,1,79,,3855,8,,,1,69,,3851,8,,,1,36,,3853,8,,,1,74,,3848,8,,,1,96,,3857,8,,,1,95,,3849,8,,,1,96,,3850,8,,,1,100,,3856,8,,,1,59,,3854,8,,,1,143,,3858,8,,,1
7002,'SEM',532,,3881,8,,,1,96,,3901,8,,,1,26,,3902,8,,,1,73,,3880,8,,,1,76,,3883,8,,,1,27,,3885,8,,,1,70,,3900,8,,,1,30,,3878,8,,,1,70,,3907,8,,,1,30,,3886,8,,,1,27,,3908,8,,,1,73,,3903,8,,,1,26,,3905,8,,,1,74,,3904,8,,,1,29,,3879,8,,,1,70,,3906,8,,,1,24,,3899,8,,,1,76,,3884,8,,,1,71,,3887,8,,,1,30,,5408,8,,,1,70,,3876,8,,,1,33,,3877,8,,,1,68,,3890,8,,,1,33,,3891,8,,,1,66,,3895,8,,,1,33,,3894,8,,,1,91,,3892,8,,,1,83,,3896,8,,,1,94,,3888,8,,,1,112,,3893,8,,,1,106,,3889,8,,,1,99,,3898,8,,,1,105,,3897,8,,,1
