1704,'DIM',459,,7029,18,,,1,90,,7030,18,,,1,100,,7034,18,,,1,102,,7028,18,,,1,100,,165,18,,,1,100,,7032,18,,,1,101,,7033,18,,,1,100,,7035,18,,,1,101,,7036,18,,,1,101,,7031,18,,,1,102,,7017,18,,,1,99,,7018,18,,,1,100,,7021,18,,,1,101,,7023,18,,,1,98,,7022,18,,,1,98,,7020,18,,,1,100,,7024,18,,,1,101,,7027,18,,,1,99,,7019,18,,,1,99,,7025,18,,,1,96,,7026,18,,,1
1704,'SAM',459,,7049,18,,,1,90,,7050,18,,,1,100,,7056,18,,,1,102,,7053,18,,,1,100,,7048,18,,,1,100,,7052,18,,,1,101,,7057,18,,,1,100,,7055,18,,,1,101,,7054,18,,,1,101,,7051,18,,,1,101,,7038,18,,,1,100,,7039,18,,,1,101,,7041,18,,,1,100,,7043,18,,,1,98,,7037,18,,,1,98,,7045,18,,,1,100,,7042,18,,,1,101,,7040,18,,,1,99,,7044,18,,,1,99,,7046,18,,,1,96,,7047,18,,,1
1704,'SEM',511,,7072,18,,,1,92,,7077,18,,,1,22,,7080,18,,,1,22,,7059,18,,,1,66,,7063,18,,,1,35,,7064,18,,,1,61,,7058,18,,,1,98,,7061,18,,,1,45,,7062,18,,,1,100,,7065,18,,,1,100,,7076,18,,,1,100,,7078,18,,,1,100,,7067,18,,,1,102,,7079,18,,,1,100,,7060,18,,,1,105,,7068,18,,,1,96,,7066,18,,,1,97,,7069,18,,,1,101,,7074,18,,,1,101,,7075,18,,,1,100,,7070,18,,,1,100,,7071,18,,,1,100,,7073,18,,,1
3104,'DIM',619,,7960,28,,,1,102,,7961,28,,,1,100,,7959,28,,,1,100,,7965,28,,,1,101,,7966,28,,,1,100,,7964,28,,,1,100,,7962,28,,,1,103,,7950,28,,,1,101,,7963,28,,,1,100,,7949,28,,,1,101,,7948,28,,,1,99,,7953,28,,,1,98,,7955,28,,,1,102,,7954,28,,,1,96,,7956,28,,,1,101,,7952,28,,,1,100,,7951,28,,,1,98,,7957,28,,,1,102,,7958,28,,,1
3104,'SAM',520,,1137,28,,,1,99,,7976,28,,,1,102,,7979,28,,,1,100,,7978,28,,,1,100,,7981,28,,,1,101,,7984,28,,,1,100,,7985,28,,,1,100,,7980,28,,,1,102,,7975,28,,,1,101,,7982,28,,,1,101,,7977,28,,,1,101,,7983,28,,,1,100,,7971,28,,,1,98,,7973,28,,,1,99,,7969,28,,,1,99,,7974,28,,,1,100,,7967,28,,,1,100,,7968,28,,,1,98,,7970,28,,,1,102,,7972,28,,,1
3104,'SEM',443,,7994,28,,,1,77,,7995,28,,,1,90,,8006,28,,,1,21,,8008,28,,,1,23,,7988,28,,,1,73,,8007,28,,,1,28,,8004,28,,,1,69,,8002,28,,,1,35,,8003,28,,,1,62,,8005,28,,,1,100,,7986,28,,,1,101,,7987,28,,,1,100,,7990,28,,,1,101,,8009,28,,,1,100,,7989,28,,,1,102,,7992,28,,,1,100,,7993,28,,,1,96,,7991,28,,,1,104,,7996,28,,,1,97,,8001,28,,,1,105,,8000,28,,,1,100,,7997,28,,,1,102,,7998,28,,,1,100,,7999,28,,,1
3904,'DIM',820,,8313,18,,,1,112,,8307,18,,,1,82,,8314,18,,,1,30,,8317,18,,,1,73,,8308,18,,,1,27,,8306,18,,,1,73,,8316,18,,,1,29,,8311,18,,,1,74,,8300,18,,,1,27,,8315,18,,,1,70,,8309,18,,,1,31,,8310,18,,,1,72,,8299,18,,,1,30,,8312,18,,,1,71,,8295,18,,,1,31,,8296,18,,,1,68,,8301,18,,,1,28,,8302,18,,,1,70,,8303,18,,,1,83,,8304,18,,,1,58,,8297,18,,,1,100,,8305,18,,,1,100,,8298,18,,,1
3904,'SAM',820,,8333,18,,,1,112,,8326,18,,,1,82,,8337,18,,,1,30,,8327,18,,,1,70,,8318,18,,,1,30,,8324,18,,,1,76,,8330,18,,,1,26,,8328,18,,,1,74,,8334,18,,,1,27,,8325,18,,,1,70,,8331,18,,,1,31,,8332,18,,,1,71,,8338,18,,,1,31,,8329,18,,,1,72,,8335,18,,,1,24,,8336,18,,,1,74,,8339,18,,,1,28,,8340,18,,,1,70,,8319,18,,,1,86,,8320,18,,,1,97,,8322,18,,,1,58,,8321,18,,,1,100,,8323,18,,,1
3904,'SEM',615,,8364,18,,,1,27,,8357,18,,,1,14,,8363,18,,,1,51,,8345,18,,,1,29,,8360,18,,,1,71,,8341,18,,,1,31,,8358,18,,,1,70,,8365,18,,,1,35,,8343,18,,,1,67,,8344,18,,,1,33,,8355,18,,,1,69,,8359,18,,,1,31,,8361,18,,,1,68,,8352,18,,,1,32,,8356,18,,,1,67,,8362,18,,,1,38,,8342,18,,,1,74,,8347,18,,,1,30,,8349,18,,,1,71,,8350,18,,,1,102,,8366,18,,,1,111,,8353,18,,,1,99,,8354,18,,,1,105,,8346,18,,,1,100,,8348,18,,,1,94,,8351,18,,,1
4504,'DIM',617,,9016,18,,,1,100,,9009,18,,,1,99,,9017,18,,,1,101,,9019,18,,,1,99,,9023,18,,,1,97,,9024,18,,,1,102,,9020,18,,,1,98,,9015,18,,,1,108,,9013,18,,,1,98,,9007,18,,,1,100,,9022,18,,,1,96,,9018,18,,,1,101,,9021,18,,,1,103,,9008,18,,,1,101,,9014,18,,,1,101,,9010,18,,,1,100,,9011,18,,,1,100,,9012,18,,,1
4504,'SAM',617,,2249,18,,,1,100,,9038,18,,,1,99,,9035,18,,,1,101,,9039,18,,,1,99,,9037,18,,,1,101,,9026,18,,,1,97,,9036,18,,,1,102,,9025,18,,,1,104,,9031,18,,,1,101,,9040,18,,,1,98,,9028,18,,,1,96,,9041,18,,,1,101,,9029,18,,,1,103,,9033,18,,,1,101,,9027,18,,,1,101,,9032,18,,,1,100,,9030,18,,,1,100,,9034,18,,,1
4504,'SEM',534,,9061,18,,,1,15,,9062,18,,,1,80,,9067,18,,,1,84,,9047,18,,,1,19,,9045,18,,,1,18,,9043,18,,,1,56,,9060,18,,,1,51,,9046,18,,,1,146,,9064,18,,,1,111,,9059,18,,,1,96,,9049,18,,,1,94,,9048,18,,,1,100,,9065,18,,,1,42,,9044,18,,,1,65,,9042,18,,,1,31,,9063,18,,,1,70,,9066,18,,,1,38,,9051,18,,,1,77,,9054,18,,,1,81,,9055,18,,,1,104,,9053,18,,,1,105,,9052,18,,,1,102,,9056,18,,,1,90,,9058,18,,,1,100,,9050,18,,,1,95,,9057,18,,,1
7304,'DIM',534,,10839,46,,,1,70,,10828,46,,,1,102,,10832,46,,,1,100,,10835,46,,,1,101,,10831,46,,,1,100,,10833,46,,,1,100,,10836,46,,,1,100,,10840,46,,,1,102,,10834,46,,,1,101,,10837,46,,,1,101,,10830,46,,,1,100,,10838,46,,,1,100,,10841,46,,,1,100,,10824,46,,,1,99,,10821,46,,,1,98,,10827,46,,,1,100,,10823,46,,,1,99,,10822,46,,,1,99,,10825,46,,,1,101,,10826,46,,,1,99,,10829,46,,,1
7304,'SAM',534,,10861,46,,,1,70,,10851,46,,,1,102,,10856,46,,,1,100,,10853,46,,,1,101,,10852,46,,,1,100,,10857,46,,,1,100,,10859,46,,,1,101,,10855,46,,,1,101,,10845,46,,,1,101,,10858,46,,,1,101,,10854,46,,,1,100,,10860,46,,,1,100,,10862,46,,,1,100,,10844,46,,,1,98,,10842,46,,,1,99,,10843,46,,,1,100,,10847,46,,,1,99,,10846,46,,,1,99,,4131,46,,,1,101,,10848,46,,,1,99,,4133,46,,,1,100,,10849,46,,,1,99,,10850,46,,,1
7304,'SEM',456,,10894,46,,,1,81,,10891,46,,,1,81,,10897,46,,,1,18,,10900,46,,,1,71,,10896,46,,,1,14,,10893,46,,,1,13,,10869,46,,,1,68,,10871,46,,,1,14,,10892,46,,,1,15,,10898,46,,,1,25,,10887,46,,,1,71,,10865,46,,,1,80,,10864,46,,,1,29,,10880,46,,,1,70,,10895,46,,,1,30,,10866,46,,,1,71,,10870,46,,,1,36,,10879,46,,,1,65,,10872,46,,,1,30,,10899,46,,,1,70,,10867,46,,,1,30,,10868,46,,,1,72,,10876,46,,,1,31,,10863,46,,,1,72,,10873,46,,,1,39,,10883,46,,,1,62,,10881,46,,,1,29,,10875,46,,,1,69,,10882,46,,,1,36,,10877,46,,,1,60,,10888,46,,,1,30,,10874,46,,,1,70,,10884,46,,,1,30,,10886,46,,,1,73,,10878,46,,,1,98,,10890,46,,,1,99,,10885,46,,,1,104,,10889,46,,,1
