1703,'DIM',621,,102,17,,,1,89,,94,17,,,1,99,,97,17,,,1,101,,96,17,,,1,97,,98,17,,,1,101,,93,17,,,1,100,,100,17,,,1,99,,95,17,,,1,102,,99,17,,,1,100,,101,17,,,1,102,,83,17,,,1,98,,87,17,,,1,99,,86,17,,,1,101,,85,17,,,1,99,,88,17,,,1,99,,91,17,,,1,101,,84,17,,,1,100,,89,17,,,1,102,,90,17,,,1,120,,92,17,,,1
1703,'SAM',543,,114,17,,,1,78,,121,17,,,1,89,,115,17,,,1,99,,111,17,,,1,101,,113,17,,,1,97,,116,17,,,1,100,,120,17,,,1,101,,118,17,,,1,100,,112,17,,,1,101,,119,17,,,1,100,,117,17,,,1,102,,122,17,,,1,99,,123,17,,,1,99,,103,17,,,1,100,,108,17,,,1,99,,105,17,,,1,99,,104,17,,,1,101,,106,17,,,1,100,,109,17,,,1,102,,110,17,,,1,120,,107,17,,,1
1703,'SEM',603,,140,17,,,1,102,,142,17,,,1,105,,141,17,,,1,96,,127,17,,,1,101,,139,17,,,1,100,,138,17,,,1,100,,144,17,,,1,101,,128,17,,,1,100,,125,17,,,1,98,,143,17,,,1,35,,146,17,,,1,60,,145,17,,,1,36,,124,17,,,1,63,,135,17,,,1,38,,126,17,,,1,79,,129,17,,,1,30,,132,17,,,1,68,,137,17,,,1,99,,5221,17,,,1,100,,130,17,,,1,100,,131,17,,,1,100,,133,17,,,1,100,,134,17,,,1,104,,136,17,,,1
2703,'DIM',904,,925,17,,,2,100,,928,17,,,2,98,,930,17,,,2,102,,924,17,,,2,55,,932,17,,,2,146,,927,17,,,2,101,,929,17,,,2,100,,926,17,,,2,100,,931,17,,,2,100,,918,17,,,2,100,,920,17,,,2,98,,919,17,,,2,100,,923,17,,,2,100,,917,17,,,2,102,,916,17,,,2,100,,921,17,,,2,100,,922,17,,,2
2703,'SAM',704,,942,17,,,2,100,,943,17,,,2,100,,941,17,,,2,100,,951,17,,,2,100,,945,17,,,2,100,,948,17,,,2,54,,944,17,,,2,147,,946,17,,,2,102,,947,17,,,2,99,,940,17,,,2,94,,949,17,,,2,106,,950,17,,,2,100,,935,17,,,2,98,,938,17,,,2,100,,933,17,,,2,100,,934,17,,,2,102,,936,17,,,2,100,,937,17,,,2,100,,939,17,,,2
2703,'SEM',810,,969,17,,,2,90,,954,17,,,2,100,,5302,17,,,2,100,,953,17,,,2,59,,971,17,,,2,91,,968,17,,,2,103,,972,17,,,2,100,,957,17,,,2,81,,5386,17,,,2,82,,970,17,,,2,15,,952,17,,,2,70,,959,17,,,2,39,,956,17,,,2,65,,967,17,,,2,96,,963,17,,,2,47,,966,17,,,2,103,,962,17,,,2,102,,958,17,,,2,99,,961,17,,,2,100,,964,17,,,2,100,,965,17,,,2
3103,'DIM',640,,1047,19,,,1,99,,1046,19,,,1,99,,1051,19,,,1,99,,1052,19,,,1,99,,1050,19,,,1,100,,1048,19,,,1,102,,1037,19,,,1,101,,1049,19,,,1,99,,1036,19,,,1,102,,1035,19,,,1,99,,1040,19,,,1,98,,1042,19,,,1,103,,1041,19,,,1,97,,1043,19,,,1,101,,1039,19,,,1,100,,1038,19,,,1,100,,1044,19,,,1,101,,1045,19,,,1
3103,'SAM',640,,1065,19,,,1,99,,1064,19,,,1,99,,1067,19,,,1,99,,1070,19,,,1,99,,1071,19,,,1,100,,1066,19,,,1,100,,1062,19,,,1,102,,1068,19,,,1,100,,1063,19,,,1,102,,1069,19,,,1,100,,1057,19,,,1,98,,1059,19,,,1,100,,1055,19,,,1,100,,1060,19,,,1,100,,1053,19,,,1,100,,1054,19,,,1,100,,1056,19,,,1,102,,1058,19,,,1,95,,1061,19,,,1
3103,'SEM',635,,1093,19,,,1,99,,1091,19,,,1,100,,1092,19,,,1,101,,1072,19,,,1,101,,1073,19,,,1,100,,1075,19,,,1,100,,1094,19,,,1,100,,1074,19,,,1,101,,1079,19,,,1,98,,1080,19,,,1,11,,1081,19,,,1,76,,1076,19,,,1,30,,1085,19,,,1,80,,1082,19,,,1,69,,1078,19,,,1,36,,1090,19,,,1,69,,1077,19,,,1,36,,1089,19,,,1,100,,1083,19,,,1,101,,1086,19,,,1,100,,1087,19,,,1,98,,1084,19,,,1,114,,1088,19,,,1
3903,'DIM',836,,1395,16,,,1,100,,1387,26,,,1,70,,1392,26,,,1,31,,1393,26,,,1,70,,1390,26,,,1,34,,1391,26,,,1,66,,1394,26,,,1,29,,1384,26,,,1,71,,1388,26,,,1,30,,1385,26,,,1,70,,1371,26,,,1,30,,1374,26,,,1,72,,1377,26,,,1,30,,1389,26,,,1,71,,1378,26,,,1,31,,1379,26,,,1,65,,1380,26,,,1,18,,1386,26,,,1,10,,1381,26,,,1,24,,1375,26,,,1,65,,1382,26,,,1,99,,1372,26,,,1,100,,1383,26,,,1,98,,1373,26,,,1,104,,1376,26,,,1
3903,'SAM',836,,1420,16,,,1,100,,1415,26,,,1,70,,1419,26,,,1,31,,1396,26,,,1,70,,1410,26,,,1,34,,1413,26,,,1,66,,1412,26,,,1,30,,1397,26,,,1,70,,1411,26,,,1,30,,1414,26,,,1,70,,1398,26,,,1,30,,1417,26,,,1,72,,1401,26,,,1,30,,1402,26,,,1,71,,1404,26,,,1,31,,1418,26,,,1,65,,1405,26,,,1,18,,1416,26,,,1,11,,1403,26,,,1,23,,1400,26,,,1,69,,1399,26,,,1,97,,1407,26,,,1,98,,1406,26,,,1,98,,1409,26,,,1,104,,1408,26,,,1
3903,'SEM',728,,1443,26,,,1,100,,1425,26,,,1,104,,5390,26,,,1,73,,1427,26,,,1,29,,5389,26,,,1,71,,1445,26,,,1,29,,1438,26,,,1,71,,5388,26,,,1,27,,1446,26,,,1,77,,1422,26,,,1,33,,1429,26,,,1,67,,1431,26,,,1,31,,1432,26,,,1,75,,1421,26,,,1,38,,1439,26,,,1,63,,1433,26,,,1,28,,1424,26,,,1,65,,1426,26,,,1,33,,1434,26,,,1,80,,1435,26,,,1,79,,1428,26,,,1,58,,1430,26,,,1,96,,1436,26,,,1,103,,1440,26,,,1,97,,1437,26,,,1,88,,1441,26,,,1
4303,'DIM',639,,1973,17,,,1,101,,1975,17,,,1,100,,1979,17,,,1,100,,1977,17,,,1,106,,1978,17,,,1,101,,1976,17,,,1,100,,1982,17,,,1,100,,1980,17,,,1,103,,1981,17,,,1,97,,1963,17,,,1,99,,1964,17,,,1,104,,1966,17,,,1,91,,1969,17,,,1,99,,1968,17,,,1,100,,1965,17,,,1,100,,1967,17,,,1,100,,1974,17,,,1,100,,1970,17,,,1,99,,1972,17,,,1,100,,1971,17,,,1
4303,'SAM',639,,1995,17,,,1,101,,1984,17,,,1,100,,2000,17,,,1,100,,1985,17,,,1,106,,1986,17,,,1,101,,1998,17,,,1,100,,1996,17,,,1,100,,2001,17,,,1,102,,1997,17,,,1,101,,1999,17,,,1,98,,1983,17,,,1,98,,2002,17,,,1,95,,1990,17,,,1,99,,1987,17,,,1,100,,1991,17,,,1,100,,1988,17,,,1,100,,1989,17,,,1,100,,1994,17,,,1,99,,1992,17,,,1,100,,1993,17,,,1
4303,'SEM',640,,2022,17,,,1,100,,2023,17,,,1,81,,2006,17,,,1,104,,2024,17,,,1,31,,2005,17,,,1,69,,2020,17,,,1,30,,2012,17,,,1,71,,2008,17,,,1,30,,2026,17,,,1,70,,2025,17,,,1,30,,2021,17,,,1,72,,2009,17,,,1,28,,2010,17,,,1,70,,2014,17,,,1,30,,2027,17,,,1,70,,2004,17,,,1,25,,2011,17,,,1,70,,2007,17,,,1,19,,2028,17,,,1,76,,2013,17,,,1,31,,2003,17,,,1,71,,2017,17,,,1,101,,2018,17,,,1,101,,2019,17,,,1,101,,5230,17,,,1,101,,5231,17,,,1,109,,2015,17,,,1,106,,2016,17,,,1
7303,'DIM',655,,3922,17,,,1,99,,3919,17,,,1,100,,3920,17,,,1,98,,3923,17,,,1,100,,3926,17,,,1,100,,3921,17,,,1,100,,3924,17,,,1,102,,3918,17,,,1,99,,3925,17,,,1,102,,3927,17,,,1,99,,3912,17,,,1,99,,3909,17,,,1,101,,3915,17,,,1,99,,3911,17,,,1,100,,3910,17,,,1,100,,3913,17,,,1,100,,3914,17,,,1,102,,3917,17,,,1,145,,3916,17,,,1
7303,'SAM',601,,3944,17,,,1,54,,3941,17,,,1,99,,3940,17,,,1,100,,3945,17,,,1,98,,3947,17,,,1,101,,3943,17,,,1,99,,3931,17,,,1,100,,3946,17,,,1,102,,3942,17,,,1,99,,3948,17,,,1,102,,3949,17,,,1,101,,3930,17,,,1,98,,3928,17,,,1,99,,3929,17,,,1,100,,3933,17,,,1,100,,3932,17,,,1,100,,3934,17,,,1,100,,3935,17,,,1,102,,3938,17,,,1,145,,3936,17,,,1,100,,3939,17,,,1,100,,3937,17,,,1
7303,'SEM',548,,3984,17,,,1,66,,3981,17,,,1,38,,3980,17,,,1,50,,3985,17,,,1,39,,3974,17,,,1,16,,3952,17,,,1,83,,5409,17,,,1,12,,3951,17,,,1,70,,3968,17,,,1,31,,3983,17,,,1,69,,3953,17,,,1,31,,5410,17,,,1,69,,3967,17,,,1,32,,5265,17,,,1,69,,3986,17,,,1,30,,3954,17,,,1,70,,3957,17,,,1,30,,3962,17,,,1,70,,3950,17,,,1,30,,3959,17,,,1,75,,3987,17,,,1,24,,3969,17,,,1,55,,3961,17,,,1,21,,3955,17,,,1,16,,3956,17,,,1,63,,3965,17,,,1,17,,3963,17,,,1,30,,3975,17,,,1,55,,3964,17,,,1,16,,3960,17,,,1,32,,3970,17,,,1,70,,3972,17,,,1,32,,3966,17,,,1,99,,3977,17,,,1,100,,5266,17,,,1,100,,3976,17,,,1,100,,3971,17,,,1,81,,3973,17,,,1,95,,3978,17,,,1,121,,3979,17,,,1
7401,'DIM',725,,4082,17,,,2,99,,4083,17,,,2,101,,4086,17,,,2,97,,4085,17,,,2,101,,4087,17,,,2,100,,4084,17,,,2,101,,4081,17,,,2,99,,4080,17,,,2,102,,4088,17,,,2,99,,4074,17,,,2,102,,4075,17,,,2,99,,4077,17,,,2,99,,4078,17,,,2,99,,4079,17,,,2,101,,4073,17,,,2,99,,4072,17,,,2,101,,4076,17,,,2
7401,'SAM',725,,4097,17,,,2,99,,4099,17,,,2,101,,4098,17,,,2,98,,4101,17,,,2,100,,4103,17,,,2,100,,4105,17,,,2,102,,4100,17,,,2,98,,4104,17,,,2,101,,4102,17,,,2,100,,4089,17,,,2,101,,4092,17,,,2,101,,4094,17,,,2,99,,4093,17,,,2,98,,4095,17,,,2,101,,4090,17,,,2,99,,4096,17,,,2,101,,4091,17,,,2
7401,'SEM',627,,4121,17,,,2,95,,4106,17,,,2,101,,4120,17,,,2,103,,4110,17,,,2,101,,4111,17,,,2,101,,4124,17,,,2,99,,4109,17,,,2,101,,4123,17,,,2,100,,4122,17,,,2,93,,4108,17,,,2,94,,4112,17,,,2,101,,4107,17,,,2,30,,4114,17,,,2,84,,4119,17,,,2,99,,4113,17,,,2,101,,4116,17,,,2,100,,4117,17,,,2,100,,4115,17,,,2,100,,5271,17,,,2,95,,4118,17,,,2
