4603,'DIM',644,,2263,15,0,6,1,105,,2277,15,0,6,1,106,,2279,15,0,6,1,100,,2268,15,0,6,1,101,,2280,15,0,6,1,100,,2281,15,0,6,1,100,,2274,15,0,6,1,97,,2275,15,0,6,1,105,,2278,15,0,6,1,94,,2276,15,0,6,1,105,,2264,15,0,6,1,100,,2272,15,0,6,1,99,,2262,15,0,6,1,100,,2266,15,0,6,1,99,,2270,15,0,6,1,100,,2267,15,0,6,1,100,,2265,15,0,6,1,100,,2271,15,0,6,1,93,,2269,15,0,6,1,154,,2273,15,0,6,1
4603,'SAM',645,,2293,15,0,6,1,104,,2295,15,0,6,1,106,,2298,15,0,6,1,100,,2301,15,0,6,1,101,,2297,15,0,6,1,102,,2300,15,0,6,1,97,,2284,15,0,6,1,98,,2294,15,0,6,1,105,,2296,15,0,6,1,94,,2286,15,0,6,1,105,,2285,15,0,6,1,100,,2299,15,0,6,1,99,,2282,15,0,6,1,100,,2283,15,0,6,1,99,,2291,15,0,6,1,100,,2292,15,0,6,1,100,,2287,15,0,6,1,100,,2288,15,0,6,1,99,,2290,15,0,6,1,149,,2289,15,0,6,1
4603,'SEM',655,,2329,15,0,6,1,100,,2333,15,0,6,1,67,,2310,15,0,6,1,35,,2330,15,0,6,1,66,,2313,15,0,6,1,35,,2303,15,0,6,1,70,,2312,15,0,6,1,30,,2332,15,0,6,1,70,,2331,15,0,6,1,30,,2308,15,0,6,1,70,,2328,15,0,6,1,24,,2311,15,0,6,1,75,,2307,15,0,6,1,31,,2334,15,0,6,1,74,,2315,15,0,6,1,70,,2309,15,0,6,1,18,,2302,15,0,6,1,18,,2304,15,0,6,1,62,,5297,15,0,6,1,16,,2316,15,0,6,1,14,,2317,15,0,6,1,22,,2306,15,0,6,1,58,,2324,15,0,6,1,19,,2305,15,0,6,1,20,,2321,15,0,6,1,66,,2314,15,0,6,1,31,,2327,15,0,6,1,73,,2318,15,0,6,1,34,,2323,15,0,6,1,100,,2319,15,0,6,1,103,,2320,15,0,6,1,95,,2325,15,0,6,1,104,,2322,15,0,6,1,103,,2326,15,0,6,1
6001,'DIM',742,,3143,11,0,7,1,106,,3155,11,0,7,1,100,,3154,11,0,7,1,103,,3144,11,0,7,1,102,,3153,11,0,7,1,101,,3157,11,0,7,1,103,,3150,11,0,7,1,101,,3156,11,0,7,1,101,,3158,11,0,7,1,100,,3147,11,0,7,1,91,,3159,11,0,7,1,100,,3149,11,0,7,1,100,,3146,11,0,7,1,97,,3145,11,0,7,1,99,,3148,11,0,7,1,98,,3152,11,0,7,1,100,,3151,11,0,7,1
6001,'SAM',645,,3169,11,0,7,1,97,,3171,11,0,7,1,106,,3160,11,0,7,1,100,,3173,11,0,7,1,103,,3167,11,0,7,1,102,,3170,11,0,7,1,101,,3176,11,0,7,1,103,,3174,11,0,7,1,101,,3172,11,0,7,1,101,,3175,11,0,7,1,100,,3162,11,0,7,1,91,,3177,11,0,7,1,100,,3161,11,0,7,1,100,,3168,11,0,7,1,97,,3164,11,0,7,1,99,,3163,11,0,7,1,98,,3166,11,0,7,1,100,,3165,11,0,7,1
6001,'SEM',529,,3196,11,0,7,1,100,,3178,11,0,7,1,98,,3182,11,0,7,1,30,,3184,11,0,7,1,69,,3180,11,0,7,1,101,,5375,11,0,7,1,99,,3195,11,0,7,1,100,,3185,11,0,7,1,101,,3194,11,0,7,1,100,,3181,11,0,7,1,100,,3183,11,0,7,1,102,,3189,11,0,7,1,102,,5306,11,0,7,1,104,,3188,11,0,7,1,96,,3187,11,0,7,1,99,,3191,11,0,7,1,85,,3192,11,0,7,1,103,,3190,11,0,7,1,98,,3186,11,0,7,1,99,,3193,11,0,7,1
15103,'DIM',637,,4649,14,0,6,2,21,,4653,14,0,6,2,64,,4631,14,0,6,2,29,,4651,14,0,6,2,74,,4658,14,0,6,2,31,,4661,14,0,6,2,69,,4655,14,0,6,2,31,,4654,14,0,6,2,75,,4647,14,0,6,2,71,,4665,14,0,6,2,30,,4648,14,0,6,2,72,,4663,14,0,6,2,36,,4659,14,0,6,2,73,,4652,14,0,6,2,31,,4656,14,0,6,2,72,,4650,14,0,6,2,42,,4660,14,0,6,2,66,,4632,14,0,6,2,79,,4662,14,0,6,2,26,,4633,14,0,6,2,71,,4657,14,0,6,2,20,,4664,14,0,6,2,21,,4666,14,0,6,2,70,,4634,14,0,6,2,43,,4635,14,0,6,2,70,,4643,14,0,6,2,29,,4639,14,0,6,2,73,,4646,14,0,6,2,76,,4638,14,0,6,2,22,,4645,14,0,6,2,76,,4636,14,0,6,2,30,,4642,14,0,6,2,70,,4640,14,0,6,2,52,,4637,14,0,6,2,99,,4641,14,0,6,2,71,,4644,14,0,6,2
15103,'SAM',637,,4688,14,0,6,2,21,,4690,14,0,6,2,64,,4686,14,0,6,2,29,,4689,14,0,6,2,74,,4694,14,0,6,2,31,,4696,14,0,6,2,69,,4697,14,0,6,2,31,,4698,14,0,6,2,75,,4699,14,0,6,2,71,,4700,14,0,6,2,30,,4668,14,0,6,2,72,,4692,14,0,6,2,36,,4691,14,0,6,2,73,,4693,14,0,6,2,31,,4685,14,0,6,2,72,,4667,14,0,6,2,42,,4687,14,0,6,2,66,,4703,14,0,6,2,79,,4702,14,0,6,2,26,,4695,14,0,6,2,71,,4669,14,0,6,2,20,,4674,14,0,6,2,21,,4675,14,0,6,2,70,,4701,14,0,6,2,43,,4670,14,0,6,2,70,,4681,14,0,6,2,29,,4676,14,0,6,2,73,,4683,14,0,6,2,76,,4673,14,0,6,2,22,,4682,14,0,6,2,76,,4671,14,0,6,2,30,,4679,14,0,6,2,70,,4677,14,0,6,2,52,,4672,14,0,6,2,99,,4678,14,0,6,2,71,,4680,14,0,6,2,101,,4684,14,0,6,2
15103,'SEM',604,,4749,14,0,6,2,21,,4717,14,0,6,2,17,,4754,14,0,6,2,13,,4745,14,0,6,2,62,,4748,14,0,6,2,19,,4751,14,0,6,2,21,,4706,14,0,6,2,59,,4709,14,0,6,2,23,,4753,14,0,6,2,62,,4755,14,0,6,2,20,,4721,14,0,6,2,15,,4705,14,0,6,2,69,,4757,14,0,6,2,20,,4727,14,0,6,2,22,,4716,14,0,6,2,60,,4750,14,0,6,2,20,,4744,14,0,6,2,20,,4713,14,0,6,2,66,,4733,14,0,6,2,21,,4730,14,0,6,2,23,,4746,14,0,6,2,61,,4747,14,0,6,2,20,,4752,14,0,6,2,20,,4756,14,0,6,2,65,,4712,14,0,6,2,19,,4711,14,0,6,2,59,,4714,14,0,6,2,19,,4704,14,0,6,2,19,,4707,14,0,6,2,16,,4722,14,0,6,2,60,,5319,14,0,6,2,15,,4710,14,0,6,2,15,,5320,14,0,6,2,55,,4719,14,0,6,2,14,,4708,14,0,6,2,15,,4715,14,0,6,2,12,,4735,14,0,6,2,15,,4718,14,0,6,2,53,,4720,14,0,6,2,16,,4726,14,0,6,2,21,,4725,14,0,6,2,67,,4738,14,0,6,2,30,,4728,14,0,6,2,69,,4731,14,0,6,2,36,,4742,14,0,6,2,68,,4739,14,0,6,2,26,,4723,14,0,6,2,74,,4724,14,0,6,2,29,,4737,14,0,6,2,68,,4729,14,0,6,2,32,,4732,14,0,6,2,70,,4734,14,0,6,2,36,,4736,14,0,6,2,78,,4741,14,0,6,2,80,,4740,14,0,6,2,31,,4743,14,0,6,2
25103,'SEM',1532,,5403,10,0,6,1,15,,5402,10,0,6,1,58,,4981,10,0,6,1,20,,4977,10,0,6,1,11,,4979,10,0,6,1,15,,4978,10,0,6,1,55,,4980,10,0,6,1
