1703,'DIM',631,,6972,38,,,1,89,,6965,38,,,1,101,,100,38,,,1,102,,6967,38,,,1,97,,6968,38,,,1,102,,6964,38,,,1,100,,6970,38,,,1,99,,6966,38,,,1,102,,6969,38,,,1,100,,6971,38,,,1,102,,6954,38,,,1,98,,6958,38,,,1,98,,6957,38,,,1,101,,6956,38,,,1,98,,6959,38,,,1,99,,6962,38,,,1,100,,6955,38,,,1,100,,6960,38,,,1,102,,6961,38,,,1,117,,6963,38,,,1
1703,'SAM',553,,6984,38,,,1,78,,6990,38,,,1,89,,121,38,,,1,101,,6981,38,,,1,102,,6983,38,,,1,97,,6985,38,,,1,101,,6989,38,,,1,101,,6987,38,,,1,100,,6982,38,,,1,101,,6988,38,,,1,100,,6986,38,,,1,102,,6991,38,,,1,99,,6992,38,,,1,98,,6973,38,,,1,100,,6978,38,,,1,98,,6975,38,,,1,99,,6974,38,,,1,100,,6976,38,,,1,100,,6979,38,,,1,102,,6980,38,,,1,117,,6977,38,,,1
1703,'SEM',613,,7010,38,,,1,104,,7012,38,,,1,106,,7011,38,,,1,96,,6996,38,,,1,101,,7009,38,,,1,101,,7008,38,,,1,100,,7014,38,,,1,101,,6997,38,,,1,100,,6994,38,,,1,99,,7013,38,,,1,35,,7016,38,,,1,60,,7015,38,,,1,36,,6993,38,,,1,63,,7004,38,,,1,37,,6995,38,,,1,79,,6998,38,,,1,70,,7001,38,,,1,27,,7006,38,,,1,99,,7007,38,,,1,100,,6999,38,,,1,100,,7000,38,,,1,99,,7002,38,,,1,99,,7003,38,,,1,102,,7005,38,,,1
3103,'DIM',650,,7902,40,,,1,101,,7901,40,,,1,100,,1058,40,,,1,100,,7906,40,,,1,100,,7905,40,,,1,100,,7903,40,,,1,102,,7892,40,,,1,101,,7904,40,,,1,99,,7891,40,,,1,101,,7890,40,,,1,99,,7895,40,,,1,98,,7897,40,,,1,103,,7896,40,,,1,96,,7898,40,,,1,101,,7894,40,,,1,100,,7893,40,,,1,99,,7899,40,,,1,100,,7900,40,,,1
3103,'SAM',650,,7919,40,,,1,101,,7918,40,,,1,100,,1075,40,,,1,100,,7923,40,,,1,100,,7924,40,,,1,100,,7920,40,,,1,100,,7916,40,,,1,102,,7921,40,,,1,100,,7917,40,,,1,101,,7922,40,,,1,100,,7911,40,,,1,98,,7913,40,,,1,100,,7909,40,,,1,99,,7914,40,,,1,100,,7907,40,,,1,100,,7908,40,,,1,99,,7910,40,,,1,101,,7912,40,,,1,95,,7915,40,,,1
3103,'SEM',647,,7946,40,,,1,100,,7944,40,,,1,101,,7945,40,,,1,101,,7925,40,,,1,101,,7926,40,,,1,100,,7928,40,,,1,100,,7947,40,,,1,100,,7927,40,,,1,102,,7932,40,,,1,98,,7933,40,,,1,51,,7934,40,,,1,37,,7929,40,,,1,69,,7938,40,,,1,40,,7935,40,,,1,68,,7931,40,,,1,36,,7943,40,,,1,69,,7930,40,,,1,36,,7942,40,,,1,100,,7936,40,,,1,101,,7939,40,,,1,99,,7940,40,,,1,96,,7937,40,,,1,154,,7941,40,,,1
3903,'DIM',854,,1407,51,,,1,100,,8236,61,,,1,70,,8241,61,,,1,31,,8242,61,,,1,70,,8239,61,,,1,34,,8240,61,,,1,66,,8243,61,,,1,29,,8233,61,,,1,71,,8237,61,,,1,30,,8234,61,,,1,71,,8220,61,,,1,30,,8223,61,,,1,72,,8226,61,,,1,30,,8238,61,,,1,71,,8227,61,,,1,30,,8228,61,,,1,65,,8229,61,,,1,18,,8235,61,,,1,10,,8230,61,,,1,64,,8224,61,,,1,25,,8231,61,,,1,98,,8221,61,,,1,100,,8232,61,,,1,98,,8222,61,,,1,104,,8225,61,,,1
3903,'SAM',854,,8268,51,,,1,100,,8263,61,,,1,70,,8267,61,,,1,31,,8244,61,,,1,70,,8258,61,,,1,34,,8261,61,,,1,66,,8260,61,,,1,30,,8245,61,,,1,70,,8259,61,,,1,30,,8262,61,,,1,71,,8246,61,,,1,30,,8265,61,,,1,72,,8249,61,,,1,30,,8250,61,,,1,71,,8252,61,,,1,30,,8266,61,,,1,65,,8253,61,,,1,18,,8264,61,,,1,11,,8251,61,,,1,63,,8248,61,,,1,29,,8247,61,,,1,96,,8255,61,,,1,98,,8254,61,,,1,98,,8257,61,,,1,104,,8256,61,,,1
3903,'SEM',746,,8291,61,,,1,101,,8273,61,,,1,104,,8271,61,,,1,72,,8275,61,,,1,29,,8292,61,,,1,71,,8293,61,,,1,29,,8286,61,,,1,71,,8290,61,,,1,28,,8294,61,,,1,78,,8270,61,,,1,73,,8277,61,,,1,27,,8279,61,,,1,72,,8280,61,,,1,35,,8269,61,,,1,78,,8287,61,,,1,23,,8281,61,,,1,68,,8272,61,,,1,25,,8274,61,,,1,73,,8282,61,,,1,39,,8283,61,,,1,79,,8276,61,,,1,98,,8278,61,,,1,95,,8284,61,,,1,103,,8288,61,,,1,95,,8285,61,,,1,47,,8289,61,,,1
4503,'DIM',658,,8950,39,,,1,100,,8960,39,,,1,101,,8958,39,,,1,99,,8964,39,,,1,101,,8959,39,,,1,98,,8962,39,,,1,145,,8952,39,,,1,101,,8956,39,,,1,98,,8949,39,,,1,102,,8947,39,,,1,52,,8961,39,,,1,102,,8963,39,,,1,143,,8948,39,,,1,102,,8957,39,,,1,101,,8951,39,,,1,99,,8954,39,,,1,99,,8955,39,,,1,101,,8953,39,,,1
4503,'SAM',658,,8978,39,,,1,100,,8974,39,,,1,101,,8977,39,,,1,99,,8976,39,,,1,101,,8966,39,,,1,97,,8975,39,,,1,146,,8979,39,,,1,100,,8970,39,,,1,101,,8981,39,,,1,101,,8980,39,,,1,51,,8982,39,,,1,145,,8965,39,,,1,100,,8972,39,,,1,102,,8967,39,,,1,101,,8971,39,,,1,99,,8969,39,,,1,99,,8973,39,,,1,101,,8968,39,,,1
4503,'SEM',649,,8988,39,,,1,58,,8986,39,,,1,34,,8983,39,,,1,68,,9003,39,,,1,25,,8987,39,,,1,79,,8985,39,,,1,25,,9004,39,,,1,110,,9002,39,,,1,100,,8991,39,,,1,95,,8989,39,,,1,100,,9005,39,,,1,103,,8984,39,,,1,106,,9006,39,,,1,68,,8993,39,,,1,87,,8996,39,,,1,18,,8990,39,,,1,17,,8997,39,,,1,71,,8999,39,,,1,39,,8995,39,,,1,98,,8994,39,,,1,100,,8998,39,,,1,100,,9001,39,,,1,99,,8992,39,,,1,95,,9000,39,,,1
