1703,'DIM',634,,6972,47,,,1,89,,6965,47,,,1,101,,100,47,,,1,102,,6967,47,,,1,97,,6968,47,,,1,103,,6964,47,,,1,100,,6970,47,,,1,100,,6966,47,,,1,102,,6969,47,,,1,100,,6971,47,,,1,102,,6954,47,,,1,98,,6958,47,,,1,98,,6957,47,,,1,101,,6956,47,,,1,98,,6959,47,,,1,98,,6962,47,,,1,100,,6955,47,,,1,100,,6960,47,,,1,102,,6961,47,,,1,116,,6963,47,,,1
1703,'SAM',556,,6984,47,,,1,78,,6990,47,,,1,89,,121,47,,,1,101,,6981,47,,,1,102,,6983,47,,,1,97,,6985,47,,,1,102,,6989,47,,,1,101,,6987,47,,,1,101,,6982,47,,,1,101,,6988,47,,,1,100,,6986,47,,,1,102,,6991,47,,,1,99,,6992,47,,,1,98,,6973,47,,,1,100,,6978,47,,,1,98,,6975,47,,,1,98,,6974,47,,,1,100,,6976,47,,,1,100,,6979,47,,,1,102,,6980,47,,,1,116,,6977,47,,,1
1703,'SEM',617,,7010,47,,,1,104,,7012,47,,,1,106,,7011,47,,,1,96,,6996,47,,,1,101,,7009,47,,,1,101,,7008,47,,,1,101,,7014,47,,,1,101,,6997,47,,,1,100,,6994,47,,,1,99,,7013,47,,,1,75,,7016,47,,,1,20,,7015,47,,,1,36,,6993,47,,,1,63,,7004,47,,,1,37,,6995,47,,,1,79,,6998,47,,,1,70,,7001,47,,,1,27,,7006,47,,,1,99,,7007,47,,,1,100,,6999,47,,,1,99,,7000,47,,,1,99,,7002,47,,,1,99,,7003,47,,,1,102,,7005,47,,,1
3903,'DIM',857,,1407,60,,,1,100,,8236,70,,,1,70,,8241,70,,,1,31,,8242,70,,,1,70,,8239,70,,,1,74,,8240,70,,,1,26,,8243,70,,,1,30,,8233,70,,,1,71,,8237,70,,,1,30,,8234,70,,,1,71,,8220,70,,,1,70,,8223,70,,,1,32,,8226,70,,,1,70,,8238,70,,,1,31,,8227,70,,,1,70,,8228,70,,,1,25,,8229,70,,,1,18,,8235,70,,,1,10,,8230,70,,,1,64,,8224,70,,,1,25,,8231,70,,,1,99,,8221,70,,,1,99,,8232,70,,,1,98,,8222,70,,,1,104,,8225,70,,,1
3903,'SAM',857,,8268,60,,,1,100,,8263,70,,,1,70,,8267,70,,,1,31,,8244,70,,,1,70,,8258,70,,,1,74,,8261,70,,,1,26,,8260,70,,,1,31,,8245,70,,,1,70,,8259,70,,,1,30,,8262,70,,,1,71,,8246,70,,,1,70,,8265,70,,,1,32,,8249,70,,,1,70,,8250,70,,,1,31,,8252,70,,,1,70,,8266,70,,,1,25,,8253,70,,,1,18,,8264,70,,,1,11,,8251,70,,,1,63,,8248,70,,,1,29,,8247,70,,,1,97,,8255,70,,,1,97,,8254,70,,,1,98,,8257,70,,,1,104,,8256,70,,,1
3903,'SEM',750,,8291,70,,,1,101,,8273,70,,,1,104,,8271,70,,,1,72,,8275,70,,,1,29,,8292,70,,,1,71,,8293,70,,,1,29,,8286,70,,,1,71,,8290,70,,,1,28,,8294,70,,,1,78,,8270,70,,,1,74,,8277,70,,,1,27,,8279,70,,,1,72,,8280,70,,,1,35,,8269,70,,,1,78,,8287,70,,,1,23,,8281,70,,,1,68,,8272,70,,,1,24,,8274,70,,,1,73,,8282,70,,,1,39,,8283,70,,,1,79,,8276,70,,,1,99,,8278,70,,,1,95,,8284,70,,,1,102,,8288,70,,,1,95,,8285,70,,,1,86,,8289,70,,,1
4503,'DIM',701,,8950,48,,,1,100,,8960,48,,,1,101,,8958,48,,,1,99,,8964,48,,,1,101,,8959,48,,,1,98,,8962,48,,,1,105,,8952,48,,,1,101,,8956,48,,,1,98,,8949,48,,,1,102,,8947,48,,,1,52,,8961,48,,,1,142,,8963,48,,,1,103,,8948,48,,,1,102,,8957,48,,,1,101,,8951,48,,,1,99,,8954,48,,,1,99,,8955,48,,,1,101,,8953,48,,,1
4503,'SAM',701,,8978,48,,,1,100,,8974,48,,,1,101,,8977,48,,,1,99,,8976,48,,,1,101,,8966,48,,,1,57,,8975,48,,,1,146,,8979,48,,,1,100,,8970,48,,,1,101,,8981,48,,,1,101,,8980,48,,,1,51,,8982,48,,,1,145,,8965,48,,,1,100,,8972,48,,,1,102,,8967,48,,,1,101,,8971,48,,,1,99,,8969,48,,,1,99,,8973,48,,,1,101,,8968,48,,,1
4503,'SEM',652,,8988,48,,,1,58,,8986,48,,,1,35,,8983,48,,,1,68,,9003,48,,,1,25,,8987,48,,,1,79,,8985,48,,,1,25,,9004,48,,,1,110,,9002,48,,,1,100,,8991,48,,,1,96,,8989,48,,,1,100,,9005,48,,,1,103,,8984,48,,,1,106,,9006,48,,,1,68,,8993,48,,,1,87,,8996,48,,,1,18,,8990,48,,,1,17,,8997,48,,,1,71,,8999,48,,,1,39,,8995,48,,,1,97,,8994,48,,,1,100,,8998,48,,,1,100,,9001,48,,,1,99,,8992,48,,,1,95,,9000,48,,,1
7401,'DIM',742,,10911,49,,,2,100,,10912,49,,,2,102,,10915,49,,,2,98,,10914,49,,,2,101,,10916,49,,,2,100,,10913,49,,,2,101,,10910,49,,,2,99,,10909,49,,,2,102,,10917,49,,,2,98,,10903,49,,,2,102,,10904,49,,,2,99,,10906,49,,,2,98,,10907,49,,,2,99,,10908,49,,,2,101,,10902,49,,,2,99,,10901,49,,,2,100,,10905,49,,,2
7401,'SAM',742,,10926,49,,,2,100,,10928,49,,,2,102,,10927,49,,,2,99,,10930,49,,,2,100,,10932,49,,,2,100,,10934,49,,,2,102,,10929,49,,,2,98,,10933,49,,,2,101,,10931,49,,,2,99,,10918,49,,,2,101,,10921,49,,,2,101,,10923,49,,,2,98,,10922,49,,,2,98,,10924,49,,,2,101,,10919,49,,,2,99,,10925,49,,,2,100,,10920,49,,,2
7401,'SEM',645,,10950,49,,,2,96,,10935,49,,,2,101,,10949,49,,,2,103,,10939,49,,,2,101,,10940,49,,,2,101,,10953,49,,,2,100,,10938,49,,,2,101,,10952,49,,,2,100,,10951,49,,,2,93,,10937,49,,,2,95,,10941,49,,,2,101,,10936,49,,,2,70,,10943,49,,,2,42,,10948,49,,,2,99,,10942,49,,,2,101,,10945,49,,,2,100,,10946,49,,,2,99,,10944,49,,,2,99,,12005,49,,,2,95,,10947,49,,,2
