1704,'DIM',456,,7029,12,,,1,90,,7030,12,,,1,100,,7034,12,,,1,102,,7028,12,,,1,99,,165,12,,,1,100,,7032,12,,,1,101,,7033,12,,,1,100,,7035,12,,,1,101,,7036,12,,,1,101,,7031,12,,,1,102,,7017,12,,,1,99,,7018,12,,,1,100,,7021,12,,,1,101,,7023,12,,,1,99,,7022,12,,,1,98,,7020,12,,,1,100,,7024,12,,,1,101,,7027,12,,,1,99,,7019,12,,,1,99,,7025,12,,,1,96,,7026,12,,,1
1704,'SAM',456,,7049,12,,,1,90,,7050,12,,,1,100,,7056,12,,,1,102,,7053,12,,,1,99,,7048,12,,,1,100,,7052,12,,,1,101,,7057,12,,,1,100,,7055,12,,,1,101,,7054,12,,,1,101,,7051,12,,,1,101,,7038,12,,,1,100,,7039,12,,,1,101,,7041,12,,,1,100,,7043,12,,,1,99,,7037,12,,,1,98,,7045,12,,,1,100,,7042,12,,,1,101,,7040,12,,,1,99,,7044,12,,,1,99,,7046,12,,,1,96,,7047,12,,,1
1704,'SEM',508,,7072,12,,,1,92,,7077,12,,,1,22,,7080,12,,,1,22,,7059,12,,,1,66,,7063,12,,,1,35,,7064,12,,,1,61,,7058,12,,,1,98,,7061,12,,,1,44,,7062,12,,,1,100,,7065,12,,,1,100,,7076,12,,,1,100,,7078,12,,,1,100,,7067,12,,,1,102,,7079,12,,,1,100,,7060,12,,,1,105,,7068,12,,,1,96,,7066,12,,,1,98,,7069,12,,,1,101,,7074,12,,,1,101,,7075,12,,,1,100,,7070,12,,,1,100,,7071,12,,,1,100,,7073,12,,,1
3104,'DIM',616,,7960,22,,,1,102,,7961,22,,,1,100,,7959,22,,,1,100,,7965,22,,,1,100,,7966,22,,,1,100,,7964,22,,,1,100,,7962,22,,,1,103,,7950,22,,,1,101,,7963,22,,,1,100,,7949,22,,,1,101,,7948,22,,,1,99,,7953,22,,,1,98,,7955,22,,,1,103,,7954,22,,,1,96,,7956,22,,,1,101,,7952,22,,,1,100,,7951,22,,,1,98,,7957,22,,,1,102,,7958,22,,,1
3104,'SAM',517,,1137,22,,,1,99,,7976,22,,,1,102,,7979,22,,,1,100,,7978,22,,,1,100,,7981,22,,,1,100,,7984,22,,,1,100,,7985,22,,,1,100,,7980,22,,,1,102,,7975,22,,,1,101,,7982,22,,,1,101,,7977,22,,,1,101,,7983,22,,,1,100,,7971,22,,,1,98,,7973,22,,,1,100,,7969,22,,,1,99,,7974,22,,,1,100,,7967,22,,,1,100,,7968,22,,,1,98,,7970,22,,,1,102,,7972,22,,,1
3104,'SEM',440,,7994,22,,,1,77,,7995,22,,,1,90,,8006,22,,,1,21,,8008,22,,,1,23,,7988,22,,,1,73,,8007,22,,,1,28,,8004,22,,,1,69,,8002,22,,,1,35,,8003,22,,,1,61,,8005,22,,,1,100,,7986,22,,,1,101,,7987,22,,,1,100,,7990,22,,,1,101,,8009,22,,,1,100,,7989,22,,,1,102,,7992,22,,,1,100,,7993,22,,,1,96,,7991,22,,,1,105,,7996,22,,,1,97,,8001,22,,,1,105,,8000,22,,,1,100,,7997,22,,,1,102,,7998,22,,,1,100,,7999,22,,,1
3904,'DIM',817,,8313,12,,,1,112,,8307,12,,,1,82,,8314,12,,,1,30,,8317,12,,,1,73,,8308,12,,,1,27,,8306,12,,,1,73,,8316,12,,,1,29,,8311,12,,,1,74,,8300,12,,,1,27,,8315,12,,,1,70,,8309,12,,,1,31,,8310,12,,,1,72,,8299,12,,,1,30,,8312,12,,,1,71,,8295,12,,,1,31,,8296,12,,,1,68,,8301,12,,,1,28,,8302,12,,,1,70,,8303,12,,,1,43,,8304,12,,,1,98,,8297,12,,,1,100,,8305,12,,,1,100,,8298,12,,,1
3904,'SAM',817,,8333,12,,,1,112,,8326,12,,,1,82,,8337,12,,,1,30,,8327,12,,,1,70,,8318,12,,,1,30,,8324,12,,,1,76,,8330,12,,,1,26,,8328,12,,,1,74,,8334,12,,,1,27,,8325,12,,,1,70,,8331,12,,,1,31,,8332,12,,,1,71,,8338,12,,,1,31,,8329,12,,,1,72,,8335,12,,,1,24,,8336,12,,,1,74,,8339,12,,,1,28,,8340,12,,,1,70,,8319,12,,,1,86,,8320,12,,,1,57,,8322,12,,,1,98,,8321,12,,,1,100,,8323,12,,,1
3904,'SEM',612,,8364,12,,,1,27,,8357,12,,,1,14,,8363,12,,,1,51,,8345,12,,,1,29,,8360,12,,,1,71,,8341,12,,,1,31,,8358,12,,,1,70,,8365,12,,,1,35,,8343,12,,,1,67,,8344,12,,,1,33,,8355,12,,,1,69,,8359,12,,,1,31,,8361,12,,,1,68,,8352,12,,,1,32,,8356,12,,,1,67,,8362,12,,,1,38,,8342,12,,,1,74,,8347,12,,,1,30,,8349,12,,,1,71,,8350,12,,,1,101,,8366,12,,,1,112,,8353,12,,,1,99,,8354,12,,,1,105,,8346,12,,,1,100,,8348,12,,,1,94,,8351,12,,,1
4504,'DIM',614,,9016,12,,,1,100,,9009,12,,,1,99,,9017,12,,,1,101,,9019,12,,,1,99,,9023,12,,,1,97,,9024,12,,,1,102,,9020,12,,,1,98,,9015,12,,,1,108,,9013,12,,,1,98,,9007,12,,,1,100,,9022,12,,,1,96,,9018,12,,,1,101,,9021,12,,,1,103,,9008,12,,,1,101,,9014,12,,,1,101,,9010,12,,,1,100,,9011,12,,,1,100,,9012,12,,,1
4504,'SAM',614,,2249,12,,,1,100,,9038,12,,,1,99,,9035,12,,,1,101,,9039,12,,,1,99,,9037,12,,,1,101,,9026,12,,,1,97,,9036,12,,,1,102,,9025,12,,,1,104,,9031,12,,,1,101,,9040,12,,,1,98,,9028,12,,,1,96,,9041,12,,,1,101,,9029,12,,,1,103,,9033,12,,,1,101,,9027,12,,,1,101,,9032,12,,,1,100,,9030,12,,,1,100,,9034,12,,,1
4504,'SEM',531,,9061,12,,,1,15,,9062,12,,,1,80,,9067,12,,,1,84,,9047,12,,,1,18,,9045,12,,,1,18,,9043,12,,,1,57,,9060,12,,,1,51,,9046,12,,,1,146,,9064,12,,,1,111,,9059,12,,,1,96,,9049,12,,,1,94,,9048,12,,,1,100,,9065,12,,,1,42,,9044,12,,,1,65,,9042,12,,,1,31,,9063,12,,,1,70,,9066,12,,,1,38,,9051,12,,,1,77,,9054,12,,,1,81,,9055,12,,,1,104,,9053,12,,,1,105,,9052,12,,,1,102,,9056,12,,,1,90,,9058,12,,,1,100,,9050,12,,,1,95,,9057,12,,,1
