1704,'DIM',455,,7029,9,,,1,90,,7030,9,,,1,100,,7034,9,,,1,102,,7028,9,,,1,99,,165,9,,,1,100,,7032,9,,,1,101,,7033,9,,,1,100,,7035,9,,,1,101,,7036,9,,,1,101,,7031,9,,,1,102,,7017,9,,,1,99,,7018,9,,,1,100,,7021,9,,,1,101,,7023,9,,,1,99,,7022,9,,,1,98,,7020,9,,,1,100,,7024,9,,,1,101,,7027,9,,,1,99,,7019,9,,,1,99,,7025,9,,,1,96,,7026,9,,,1
1704,'SAM',455,,7049,9,,,1,90,,7050,9,,,1,100,,7056,9,,,1,102,,7053,9,,,1,99,,7048,9,,,1,100,,7052,9,,,1,101,,7057,9,,,1,100,,7055,9,,,1,101,,7054,9,,,1,101,,7051,9,,,1,101,,7038,9,,,1,100,,7039,9,,,1,101,,7041,9,,,1,100,,7043,9,,,1,99,,7037,9,,,1,98,,7045,9,,,1,100,,7042,9,,,1,101,,7040,9,,,1,99,,7044,9,,,1,99,,7046,9,,,1,96,,7047,9,,,1
1704,'SEM',507,,7072,9,,,1,52,,7077,9,,,1,62,,7080,9,,,1,22,,7059,9,,,1,66,,7063,9,,,1,35,,7064,9,,,1,61,,7058,9,,,1,98,,7061,9,,,1,44,,7062,9,,,1,100,,7065,9,,,1,100,,7076,9,,,1,100,,7078,9,,,1,100,,7067,9,,,1,102,,7079,9,,,1,100,,7060,9,,,1,105,,7068,9,,,1,96,,7066,9,,,1,98,,7069,9,,,1,101,,7074,9,,,1,101,,7075,9,,,1,100,,7070,9,,,1,100,,7071,9,,,1,100,,7073,9,,,1
3104,'DIM',615,,7960,19,,,1,102,,7961,19,,,1,100,,7959,19,,,1,100,,7965,19,,,1,100,,7966,19,,,1,100,,7964,19,,,1,100,,7962,19,,,1,103,,7950,19,,,1,101,,7963,19,,,1,100,,7949,19,,,1,101,,7948,19,,,1,99,,7953,19,,,1,98,,7955,19,,,1,103,,7954,19,,,1,96,,7956,19,,,1,101,,7952,19,,,1,100,,7951,19,,,1,98,,7957,19,,,1,102,,7958,19,,,1
3104,'SAM',516,,1137,19,,,1,99,,7976,19,,,1,102,,7979,19,,,1,100,,7978,19,,,1,100,,7981,19,,,1,100,,7984,19,,,1,100,,7985,19,,,1,100,,7980,19,,,1,102,,7975,19,,,1,101,,7982,19,,,1,101,,7977,19,,,1,101,,7983,19,,,1,100,,7971,19,,,1,98,,7973,19,,,1,100,,7969,19,,,1,99,,7974,19,,,1,100,,7967,19,,,1,100,,7968,19,,,1,98,,7970,19,,,1,102,,7972,19,,,1
3104,'SEM',439,,7994,19,,,1,77,,7995,19,,,1,90,,8006,19,,,1,21,,8008,19,,,1,23,,7988,19,,,1,73,,8007,19,,,1,28,,8004,19,,,1,69,,8002,19,,,1,35,,8003,19,,,1,61,,8005,19,,,1,100,,7986,19,,,1,101,,7987,19,,,1,100,,7990,19,,,1,101,,8009,19,,,1,100,,7989,19,,,1,102,,7992,19,,,1,100,,7993,19,,,1,96,,7991,19,,,1,105,,7996,19,,,1,97,,8001,19,,,1,105,,8000,19,,,1,100,,7997,19,,,1,102,,7998,19,,,1,100,,7999,19,,,1
3904,'DIM',816,,8313,9,,,1,112,,8307,9,,,1,82,,8314,9,,,1,30,,8317,9,,,1,73,,8308,9,,,1,27,,8306,9,,,1,73,,8316,9,,,1,29,,8311,9,,,1,74,,8300,9,,,1,27,,8315,9,,,1,70,,8309,9,,,1,31,,8310,9,,,1,72,,8299,9,,,1,30,,8312,9,,,1,71,,8295,9,,,1,31,,8296,9,,,1,68,,8301,9,,,1,28,,8302,9,,,1,70,,8303,9,,,1,43,,8304,9,,,1,98,,8297,9,,,1,100,,8305,9,,,1,100,,8298,9,,,1
3904,'SAM',816,,8333,9,,,1,112,,8326,9,,,1,82,,8337,9,,,1,30,,8327,9,,,1,70,,8318,9,,,1,30,,8324,9,,,1,76,,8330,9,,,1,26,,8328,9,,,1,74,,8334,9,,,1,27,,8325,9,,,1,70,,8331,9,,,1,31,,8332,9,,,1,71,,8338,9,,,1,31,,8329,9,,,1,72,,8335,9,,,1,24,,8336,9,,,1,74,,8339,9,,,1,28,,8340,9,,,1,70,,8319,9,,,1,86,,8320,9,,,1,57,,8322,9,,,1,98,,8321,9,,,1,100,,8323,9,,,1
3904,'SEM',611,,8364,9,,,1,27,,8357,9,,,1,14,,8363,9,,,1,51,,8345,9,,,1,29,,8360,9,,,1,71,,8341,9,,,1,31,,8358,9,,,1,70,,8365,9,,,1,35,,8343,9,,,1,67,,8344,9,,,1,33,,8355,9,,,1,69,,8359,9,,,1,31,,8361,9,,,1,68,,8352,9,,,1,32,,8356,9,,,1,67,,8362,9,,,1,38,,8342,9,,,1,74,,8347,9,,,1,30,,8349,9,,,1,71,,8350,9,,,1,101,,8366,9,,,1,112,,8353,9,,,1,99,,8354,9,,,1,105,,8346,9,,,1,100,,8348,9,,,1,94,,8351,9,,,1
4504,'DIM',613,,9016,9,,,1,100,,9009,9,,,1,99,,9017,9,,,1,101,,9019,9,,,1,99,,9023,9,,,1,97,,9024,9,,,1,102,,9020,9,,,1,98,,9015,9,,,1,108,,9013,9,,,1,98,,9007,9,,,1,100,,9022,9,,,1,96,,9018,9,,,1,101,,9021,9,,,1,103,,9008,9,,,1,101,,9014,9,,,1,101,,9010,9,,,1,100,,9011,9,,,1,100,,9012,9,,,1
4504,'SAM',613,,2249,9,,,1,100,,9038,9,,,1,99,,9035,9,,,1,101,,9039,9,,,1,99,,9037,9,,,1,101,,9026,9,,,1,97,,9036,9,,,1,102,,9025,9,,,1,104,,9031,9,,,1,101,,9040,9,,,1,98,,9028,9,,,1,96,,9041,9,,,1,101,,9029,9,,,1,103,,9033,9,,,1,101,,9027,9,,,1,101,,9032,9,,,1,100,,9030,9,,,1,100,,9034,9,,,1
4504,'SEM',530,,9061,9,,,1,15,,9062,9,,,1,80,,9067,9,,,1,84,,9047,9,,,1,18,,9045,9,,,1,18,,9043,9,,,1,57,,9060,9,,,1,51,,9046,9,,,1,106,,9064,9,,,1,151,,9059,9,,,1,96,,9049,9,,,1,94,,9048,9,,,1,100,,9065,9,,,1,42,,9044,9,,,1,65,,9042,9,,,1,31,,9063,9,,,1,70,,9066,9,,,1,38,,9051,9,,,1,77,,9054,9,,,1,81,,9055,9,,,1,104,,9053,9,,,1,105,,9052,9,,,1,102,,9056,9,,,1,90,,9058,9,,,1,100,,9050,9,,,1,95,,9057,9,,,1
