4603,'DIM',643,,2263,13,,,1,105,,2277,13,,,1,106,,2279,13,,,1,100,,2268,13,,,1,101,,2280,13,,,1,100,,2281,13,,,1,100,,2274,13,,,1,97,,2275,13,,,1,105,,2278,13,,,1,94,,2276,13,,,1,105,,2264,13,,,1,100,,2272,13,,,1,99,,2262,13,,,1,100,,2266,13,,,1,99,,2270,13,,,1,100,,2267,13,,,1,100,,2265,13,,,1,100,,2271,13,,,1,93,,2269,13,,,1,154,,2273,13,,,1
4603,'SAM',644,,2293,13,,,1,104,,2295,13,,,1,106,,2298,13,,,1,100,,2301,13,,,1,101,,2297,13,,,1,102,,2300,13,,,1,97,,2284,13,,,1,98,,2294,13,,,1,105,,2296,13,,,1,94,,2286,13,,,1,105,,2285,13,,,1,100,,2299,13,,,1,99,,2282,13,,,1,100,,2283,13,,,1,99,,2291,13,,,1,100,,2292,13,,,1,100,,2287,13,,,1,100,,2288,13,,,1,99,,2290,13,,,1,149,,2289,13,,,1
4603,'SEM',654,,2329,13,,,1,100,,5595,13,,,1,67,,2310,13,,,1,35,,2330,13,,,1,66,,2313,13,,,1,35,,2303,13,,,1,70,,2312,13,,,1,30,,2332,13,,,1,70,,2331,13,,,1,30,,2308,13,,,1,70,,2328,13,,,1,24,,2311,13,,,1,75,,5594,13,,,1,30,,5596,13,,,1,74,,2315,13,,,1,70,,2309,13,,,1,18,,2302,13,,,1,18,,2304,13,,,1,22,,5297,13,,,1,56,,2316,13,,,1,14,,2317,13,,,1,22,,2306,13,,,1,58,,2324,13,,,1,19,,2305,13,,,1,20,,2321,13,,,1,67,,2314,13,,,1,31,,2327,13,,,1,73,,2318,13,,,1,34,,2323,13,,,1,100,,2319,13,,,1,103,,2320,13,,,1,95,,2325,13,,,1,104,,2322,13,,,1,103,,2326,13,,,1
6001,'DIM',741,,3143,9,,,1,105,,3155,9,,,1,100,,3154,9,,,1,103,,3144,9,,,1,102,,3153,9,,,1,101,,3157,9,,,1,103,,3150,9,,,1,101,,3156,9,,,1,101,,3158,9,,,1,100,,3147,9,,,1,92,,3159,9,,,1,100,,3149,9,,,1,100,,3146,9,,,1,97,,3145,9,,,1,99,,3148,9,,,1,98,,3152,9,,,1,100,,3151,9,,,1
6001,'SAM',644,,3169,9,,,1,97,,3171,9,,,1,105,,3160,9,,,1,100,,3173,9,,,1,103,,3167,9,,,1,102,,3170,9,,,1,101,,3176,9,,,1,103,,3174,9,,,1,101,,3172,9,,,1,101,,3175,9,,,1,100,,3162,9,,,1,92,,3177,9,,,1,100,,3161,9,,,1,100,,3168,9,,,1,97,,3164,9,,,1,99,,3163,9,,,1,98,,3166,9,,,1,100,,3165,9,,,1
6001,'SEM',528,,3196,9,,,1,100,,3178,9,,,1,97,,3182,9,,,1,30,,5614,9,,,1,69,,3180,9,,,1,101,,5375,9,,,1,99,,3195,9,,,1,100,,3185,9,,,1,101,,3194,9,,,1,100,,3181,9,,,1,100,,3183,9,,,1,102,,3189,9,,,1,102,,5531,9,,,1,104,,3188,9,,,1,96,,3187,9,,,1,99,,3191,9,,,1,86,,3192,9,,,1,103,,3190,9,,,1,98,,3186,9,,,1,99,,3193,9,,,1
15103,'DIM',636,,4649,12,,,2,21,,4653,12,,,2,64,,4631,12,,,2,29,,4651,12,,,2,74,,4658,12,,,2,31,,4661,12,,,2,69,,4655,12,,,2,31,,4654,12,,,2,75,,4647,12,,,2,71,,4665,12,,,2,30,,4648,12,,,2,72,,4663,12,,,2,35,,4659,12,,,2,73,,4652,12,,,2,31,,4656,12,,,2,72,,4650,12,,,2,42,,4660,12,,,2,66,,4632,12,,,2,79,,4662,12,,,2,26,,4633,12,,,2,31,,4657,12,,,2,60,,4664,12,,,2,21,,4666,12,,,2,71,,4634,12,,,2,43,,4635,12,,,2,70,,4643,12,,,2,29,,4639,12,,,2,73,,4646,12,,,2,76,,4638,12,,,2,22,,4645,12,,,2,36,,4636,12,,,2,70,,4642,12,,,2,30,,4640,12,,,2,93,,4637,12,,,2,99,,4641,12,,,2,71,,4644,12,,,2
15103,'SAM',636,,4688,12,,,2,21,,4690,12,,,2,64,,4686,12,,,2,29,,4689,12,,,2,74,,4694,12,,,2,31,,4696,12,,,2,69,,4697,12,,,2,31,,4698,12,,,2,75,,4699,12,,,2,71,,4700,12,,,2,30,,4668,12,,,2,72,,4692,12,,,2,35,,4691,12,,,2,73,,4693,12,,,2,31,,4685,12,,,2,72,,4667,12,,,2,42,,4687,12,,,2,66,,4703,12,,,2,79,,4702,12,,,2,26,,4695,12,,,2,31,,4669,12,,,2,60,,4674,12,,,2,21,,4675,12,,,2,71,,4701,12,,,2,43,,4670,12,,,2,70,,4681,12,,,2,29,,4676,12,,,2,73,,4683,12,,,2,76,,4673,12,,,2,22,,4682,12,,,2,36,,4671,12,,,2,70,,4679,12,,,2,30,,4677,12,,,2,93,,4672,12,,,2,99,,4678,12,,,2,71,,4680,12,,,2,101,,4684,12,,,2
15103,'SEM',604,,4749,12,,,2,21,,4717,12,,,2,16,,4754,12,,,2,13,,4745,12,,,2,62,,4748,12,,,2,19,,4751,12,,,2,21,,4706,12,,,2,59,,4709,12,,,2,23,,4753,12,,,2,62,,4755,12,,,2,20,,4721,12,,,2,15,,4705,12,,,2,69,,4757,12,,,2,20,,4727,12,,,2,22,,4716,12,,,2,60,,4750,12,,,2,20,,4744,12,,,2,20,,4713,12,,,2,66,,4733,12,,,2,21,,4730,12,,,2,23,,4746,12,,,2,60,,5540,12,,,2,20,,5635,12,,,2,20,,4756,12,,,2,65,,5634,12,,,2,19,,4711,12,,,2,19,,4714,12,,,2,59,,4704,12,,,2,19,,4707,12,,,2,16,,4722,12,,,2,60,,5319,12,,,2,15,,4710,12,,,2,15,,5320,12,,,2,15,,4719,12,,,2,54,,4708,12,,,2,15,,4715,12,,,2,12,,4735,12,,,2,15,,4718,12,,,2,54,,4720,12,,,2,16,,4726,12,,,2,21,,4725,12,,,2,67,,4738,12,,,2,30,,4728,12,,,2,69,,4731,12,,,2,36,,4742,12,,,2,68,,4739,12,,,2,26,,4723,12,,,2,74,,4724,12,,,2,29,,4737,12,,,2,68,,4729,12,,,2,32,,4732,12,,,2,70,,4734,12,,,2,36,,4736,12,,,2,78,,4741,12,,,2,80,,4740,12,,,2,32,,4743,12,,,2
25103,'SEM',1530,,5403,8,,,1,15,,5402,8,,,1,58,,4981,8,,,1,20,,4977,8,,,1,11,,4979,8,,,1,15,,4978,8,,,1,55,,4980,8,,,1
