2201,'DIM',644,,7194,41,,,2,101,,7198,41,,,2,104,,7197,41,,,2,99,,7196,41,,,2,101,,7193,41,,,2,99,,7195,41,,,2,101,,7200,41,,,2,102,,7202,41,,,2,96,,7199,41,,,2,105,,7201,41,,,2,99,,7187,41,,,2,100,,7189,41,,,2,97,,7188,41,,,2,102,,7191,41,,,2,100,,7190,41,,,2,100,,7192,41,,,2
2201,'SAM',644,,7211,41,,,2,101,,7213,41,,,2,104,,7210,41,,,2,99,,7212,41,,,2,102,,7215,41,,,2,99,,7219,41,,,2,101,,7218,41,,,2,101,,7214,41,,,2,96,,7216,41,,,2,102,,7217,41,,,2,102,,7204,41,,,2,101,,7207,41,,,2,96,,7205,41,,,2,102,,7203,41,,,2,100,,7209,41,,,2,100,,7208,41,,,2,100,,7206,41,,,2
2201,'SEM',639,,7234,41,,,2,100,,7223,41,,,2,94,,7221,41,,,2,80,,7220,41,,,2,34,,7236,41,,,2,101,,7222,41,,,2,100,,7235,41,,,2,100,,7237,41,,,2,100,,7225,41,,,2,96,,7226,41,,,2,105,,7224,41,,,2,100,,7230,41,,,2,100,,7228,41,,,2,99,,7227,41,,,2,98,,7229,41,,,2,104,,7233,41,,,2,100,,7231,41,,,2,95,,7232,41,,,2,98,,7238,41,,,2
5001,'DIM',545,,9340,48,,,1,100,,9348,48,,,1,101,,9336,48,,,1,98,,9353,48,,,1,101,,9345,48,,,1,73,,9355,48,,,1,37,,9347,48,,,1,64,,9360,48,,,1,39,,9358,48,,,1,62,,9359,48,,,1,35,,9361,48,,,1,69,,9346,48,,,1,32,,9349,48,,,1,76,,9362,48,,,1,69,,9351,48,,,1,34,,9350,48,,,1,70,,9356,48,,,1,23,,9354,48,,,1,74,,9352,48,,,1,41,,9357,48,,,1,58,,9338,48,,,1,99,,9341,48,,,1,58,,9344,48,,,1,100,,9337,48,,,1,99,,9342,48,,,1,98,,9339,48,,,1,100,,9343,48,,,1
5001,'SAM',545,,9370,48,,,1,100,,9373,48,,,1,101,,9364,48,,,1,98,,9385,48,,,1,101,,9383,48,,,1,79,,9388,48,,,1,30,,9381,48,,,1,65,,9365,48,,,1,39,,9389,48,,,1,62,,9387,48,,,1,35,,9366,48,,,1,69,,9377,48,,,1,32,,9379,48,,,1,76,,9382,48,,,1,69,,9378,48,,,1,34,,9380,48,,,1,70,,9368,48,,,1,23,,9369,48,,,1,74,,9363,48,,,1,39,,9384,48,,,1,61,,9386,48,,,1,98,,9374,48,,,1,58,,9376,48,,,1,100,,9375,48,,,1,99,,9371,48,,,1,98,,9367,48,,,1,100,,9372,48,,,1
5001,'SEM',537,,9411,48,,,1,107,,9416,48,,,1,76,,9412,48,,,1,24,,9391,48,,,1,77,,9390,48,,,1,24,,9393,48,,,1,71,,9419,48,,,1,26,,9420,48,,,1,73,,9415,48,,,1,27,,9392,48,,,1,73,,9396,48,,,1,28,,9414,48,,,1,72,,9402,48,,,1,32,,9417,48,,,1,70,,9397,48,,,1,32,,9413,48,,,1,68,,9418,48,,,1,30,,9395,48,,,1,84,,9394,48,,,1,27,,9405,48,,,1,76,,9398,48,,,1,70,,9399,48,,,1,29,,9404,48,,,1,26,,9400,48,,,1,75,,9403,48,,,1,69,,9406,48,,,1,35,,9407,48,,,1,104,,9421,48,,,1,103,,9401,48,,,1,103,,9409,48,,,1,105,,9408,48,,,1,106,,9410,48,,,1,89,,9422,38,,,1
5801,'DIM',546,,9832,56,,,2,101,,9814,56,,,2,91,,9823,56,,,2,101,,9826,56,,,2,99,,9829,56,,,2,100,,9822,56,,,2,102,,9831,56,,,2,98,,9828,56,,,2,103,,9825,56,,,2,99,,9827,56,,,2,102,,9824,56,,,2,99,,9817,56,,,2,101,,9830,56,,,2,99,,9813,56,,,2,99,,9821,56,,,2,99,,9816,56,,,2,100,,9815,56,,,2,100,,9819,56,,,2,98,,9818,56,,,2,110,,9820,56,,,2
5801,'SAM',546,,9852,56,,,2,101,,9844,56,,,2,91,,9843,56,,,2,101,,9848,56,,,2,100,,9846,56,,,2,99,,9849,56,,,2,102,,9851,56,,,2,98,,9833,56,,,2,101,,9842,56,,,2,101,,9847,56,,,2,101,,9845,56,,,2,101,,9850,56,,,2,100,,9836,56,,,2,100,,9840,56,,,2,98,,9834,56,,,2,99,,9841,56,,,2,100,,9837,56,,,2,100,,9839,56,,,2,98,,9835,56,,,2,110,,9838,56,,,2
5801,'SEM',537,,9866,56,,,2,68,,9863,56,,,2,42,,9875,56,,,2,85,,9864,56,,,2,86,,9870,56,,,2,85,,9857,56,,,2,99,,9876,56,,,2,100,,9853,56,,,2,100,,9858,56,,,2,100,,9874,56,,,2,100,,9854,56,,,2,47,,9865,56,,,2,71,,9855,56,,,2,32,,9877,56,,,2,69,,9860,56,,,2,35,,9862,56,,,2,69,,9861,56,,,2,27,,9856,56,,,2,69,,9873,56,,,2,29,,9859,56,,,2,70,,9872,56,,,2,100,,9878,56,,,2,99,,9868,56,,,2,99,,9867,56,,,2,99,,9869,56,,,2,98,,9871,56,,,2
22201,'DIM',1416,,11652,41,,,2,815,,11650,41,,,2,83,,11651,41,,,2
22201,'SAM',1416,,11657,41,,,2,815,,11653,41,,,2,83,,11654,41,,,2,100,,11656,41,,,2,112,,11655,41,,,2
22201,'SEM',719,,11658,41,,,2,10,,11659,41,,,2,683,,11660,41,,,2,100,,11661,41,,,2,106,,11665,41,,,2,100,,11663,41,,,2,90,,11662,41,,,2,625,,11664,41,,,2
32201,'DIM',524,,11767,42,,,2,802,,11769,41,,,2,802,,11768,41,,,2
32201,'SAM',524,,11770,42,,,2,802,,11771,41,,,2
32201,'SEM',526,,11772,42,,,2,19,,11773,42,,,2,67,,11774,42,,,2,715,,11775,41,,,2,801,,11776,41,,,2
