1704,'DIM',454,,7029,6,,,1,89,,7030,6,,,1,100,,7034,6,,,1,102,,7028,6,,,1,99,,165,6,,,1,100,,7032,6,,,1,101,,7033,6,,,1,100,,7035,6,,,1,101,,7036,6,,,1,101,,7031,6,,,1,102,,7017,6,,,1,99,,7018,6,,,1,100,,7021,6,,,1,101,,7023,6,,,1,99,,7022,6,,,1,98,,7020,6,,,1,100,,7024,6,,,1,101,,7027,6,,,1,99,,7019,6,,,1,100,,7025,6,,,1,96,,7026,6,,,1
1704,'SAM',454,,7049,6,,,1,89,,7050,6,,,1,100,,7056,6,,,1,102,,7053,6,,,1,99,,7048,6,,,1,100,,7052,6,,,1,101,,7057,6,,,1,100,,7055,6,,,1,101,,7054,6,,,1,101,,7051,6,,,1,101,,7038,6,,,1,100,,7039,6,,,1,101,,7041,6,,,1,100,,7043,6,,,1,99,,7037,6,,,1,98,,7045,6,,,1,100,,7042,6,,,1,101,,7040,6,,,1,99,,7044,6,,,1,100,,7046,6,,,1,96,,7047,6,,,1
1704,'SEM',505,,7072,6,,,1,52,,7077,6,,,1,62,,7080,6,,,1,22,,7059,6,,,1,66,,7063,6,,,1,35,,7064,6,,,1,61,,7058,6,,,1,98,,7061,6,,,1,44,,7062,6,,,1,100,,7065,6,,,1,100,,7076,6,,,1,100,,7078,6,,,1,100,,7067,6,,,1,102,,7079,6,,,1,100,,7060,6,,,1,105,,7068,6,,,1,96,,7066,6,,,1,98,,7069,6,,,1,101,,7074,6,,,1,101,,7075,6,,,1,100,,7070,6,,,1,100,,7071,6,,,1,100,,7073,6,,,1
3904,'DIM',814,,8313,6,,,1,112,,8307,6,,,1,82,,8314,6,,,1,30,,8317,6,,,1,73,,8308,6,,,1,27,,8306,6,,,1,73,,8316,6,,,1,29,,8311,6,,,1,74,,8300,6,,,1,27,,8315,6,,,1,70,,8309,6,,,1,31,,8310,6,,,1,72,,8299,6,,,1,30,,8312,6,,,1,71,,8295,6,,,1,31,,8296,6,,,1,68,,8301,6,,,1,28,,8302,6,,,1,70,,8303,6,,,1,43,,8304,6,,,1,98,,8297,6,,,1,100,,8305,6,,,1,100,,8298,6,,,1
3904,'SAM',814,,8333,6,,,1,112,,8326,6,,,1,82,,8337,6,,,1,30,,8327,6,,,1,70,,8318,6,,,1,30,,8324,6,,,1,76,,8330,6,,,1,26,,8328,6,,,1,74,,8334,6,,,1,27,,8325,6,,,1,70,,8331,6,,,1,31,,8332,6,,,1,71,,8338,6,,,1,31,,8329,6,,,1,72,,8335,6,,,1,24,,8336,6,,,1,74,,8339,6,,,1,28,,8340,6,,,1,70,,8319,6,,,1,46,,8320,6,,,1,97,,8322,6,,,1,98,,8321,6,,,1,100,,8323,6,,,1
3904,'SEM',609,,8364,6,,,1,27,,8357,6,,,1,14,,8363,6,,,1,51,,8345,6,,,1,29,,8360,6,,,1,71,,8341,6,,,1,31,,8358,6,,,1,70,,8365,6,,,1,35,,8343,6,,,1,67,,8344,6,,,1,33,,8355,6,,,1,69,,8359,6,,,1,31,,8361,6,,,1,68,,8352,6,,,1,32,,8356,6,,,1,67,,8362,6,,,1,38,,8342,6,,,1,74,,8347,6,,,1,30,,8349,6,,,1,71,,8350,6,,,1,101,,8366,6,,,1,112,,8353,6,,,1,99,,8354,6,,,1,105,,8346,6,,,1,100,,8348,6,,,1,94,,8351,6,,,1
4504,'DIM',611,,9016,6,,,1,100,,9009,6,,,1,99,,9017,6,,,1,101,,9019,6,,,1,99,,9023,6,,,1,97,,9024,6,,,1,102,,9020,6,,,1,98,,9015,6,,,1,108,,9013,6,,,1,98,,9007,6,,,1,100,,9022,6,,,1,96,,9018,6,,,1,101,,9021,6,,,1,103,,9008,6,,,1,101,,9014,6,,,1,101,,9010,6,,,1,100,,9011,6,,,1,100,,9012,6,,,1
4504,'SAM',611,,2249,6,,,1,100,,9038,6,,,1,99,,9035,6,,,1,101,,9039,6,,,1,99,,9037,6,,,1,101,,9026,6,,,1,97,,9036,6,,,1,102,,9025,6,,,1,104,,9031,6,,,1,101,,9040,6,,,1,98,,9028,6,,,1,96,,9041,6,,,1,101,,9029,6,,,1,103,,9033,6,,,1,101,,9027,6,,,1,101,,9032,6,,,1,100,,9030,6,,,1,100,,9034,6,,,1
4504,'SEM',528,,9061,6,,,1,15,,9062,6,,,1,80,,9067,6,,,1,84,,9047,6,,,1,18,,9045,6,,,1,18,,9043,6,,,1,57,,9060,6,,,1,51,,9046,6,,,1,106,,9064,6,,,1,151,,9059,6,,,1,96,,9049,6,,,1,54,,9048,6,,,1,100,,9065,6,,,1,82,,9044,6,,,1,65,,9042,6,,,1,31,,9063,6,,,1,70,,9066,6,,,1,38,,9051,6,,,1,77,,9054,6,,,1,81,,9055,6,,,1,104,,9053,6,,,1,105,,9052,6,,,1,102,,9056,6,,,1,90,,9058,6,,,1,101,,9050,6,,,1,55,,9057,6,,,1
7402,'DIM',627,,10961,45,,,2,101,,10964,45,,,2,101,,6451,45,,,2,100,,10965,45,,,2,100,,10963,45,,,2,100,,10962,45,,,2,101,,10968,45,,,2,100,,10967,45,,,2,103,,10969,45,,,2,99,,10966,45,,,2,99,,10956,45,,,2,103,,10955,45,,,2,98,,10957,45,,,2,99,,10958,45,,,2,100,,6443,45,,,2,100,,10959,45,,,2,99,,10960,45,,,2
7402,'SAM',627,,10977,45,,,2,101,,10981,45,,,2,101,,10979,45,,,2,100,,10976,45,,,2,100,,10980,45,,,2,100,,10982,45,,,2,101,,10985,45,,,2,101,,10978,45,,,2,100,,10983,45,,,2,101,,10986,45,,,2,100,,10984,45,,,2,101,,10970,45,,,2,99,,10972,45,,,2,99,,10974,45,,,2,100,,10973,45,,,2,100,,10975,45,,,2,99,,10971,45,,,2
7402,'SEM',546,,11000,45,,,2,88,,11005,45,,,2,19,,10988,45,,,2,80,,10999,45,,,2,100,,10989,45,,,2,99,,10987,45,,,2,99,,10991,45,,,2,101,,11001,45,,,2,97,,11004,45,,,2,100,,10990,45,,,2,101,,11003,45,,,2,101,,11002,45,,,2,100,,10992,45,,,2,99,,10993,45,,,2,100,,10996,45,,,2,99,,10998,45,,,2,99,,10994,45,,,2,103,,10995,45,,,2,99,,10997,45,,,2
