4504,'DIM',633,,9016,47,,,1,100,,9009,47,,,1,100,,9017,47,,,1,101,,9019,47,,,1,99,,9023,47,,,1,97,,9024,47,,,1,102,,9020,47,,,1,98,,9015,47,,,1,108,,9013,47,,,1,98,,9007,47,,,1,100,,9022,47,,,1,96,,9018,47,,,1,101,,9021,47,,,1,102,,9008,47,,,1,101,,9014,47,,,1,101,,9010,47,,,1,100,,9011,47,,,1,99,,9012,47,,,1
4504,'SAM',633,,2249,47,,,1,100,,9038,47,,,1,100,,9035,47,,,1,101,,9039,47,,,1,99,,9037,47,,,1,101,,9026,47,,,1,97,,9036,47,,,1,102,,9025,47,,,1,104,,9031,47,,,1,101,,9040,47,,,1,98,,9028,47,,,1,96,,9041,47,,,1,101,,9029,47,,,1,102,,9033,47,,,1,101,,9027,47,,,1,101,,9032,47,,,1,100,,9030,47,,,1,99,,9034,47,,,1
4504,'SEM',551,,9061,47,,,1,55,,9062,47,,,1,43,,9067,47,,,1,84,,9047,47,,,1,19,,9045,47,,,1,58,,9043,47,,,1,16,,9060,47,,,1,90,,9046,47,,,1,106,,9064,47,,,1,112,,9059,47,,,1,96,,9049,47,,,1,94,,9048,47,,,1,100,,9065,47,,,1,83,,9044,47,,,1,25,,9042,47,,,1,72,,9063,47,,,1,30,,9066,47,,,1,78,,9051,47,,,1,35,,9054,47,,,1,81,,9055,47,,,1,102,,9053,47,,,1,104,,9052,47,,,1,102,,9056,47,,,1,90,,9058,47,,,1,100,,9050,47,,,1,95,,9057,47,,,1
5002,'DIM',621,,9440,38,,,1,100,,2653,38,,,1,102,,9423,38,,,1,96,,9438,38,,,1,107,,9431,38,,,1,25,,9441,38,,,1,77,,9433,38,,,1,24,,9445,38,,,1,79,,9443,38,,,1,22,,9444,38,,,1,75,,9446,38,,,1,29,,9432,38,,,1,73,,9434,38,,,1,76,,9447,38,,,1,29,,9436,38,,,1,74,,9435,38,,,1,30,,9442,38,,,1,66,,9439,38,,,1,31,,9437,38,,,1,99,,9425,38,,,1,99,,9427,38,,,1,99,,9430,38,,,1,99,,9424,38,,,1,97,,9428,38,,,1,98,,9426,38,,,1,99,,9429,38,,,1
5002,'SAM',621,,9455,38,,,1,100,,9458,38,,,1,102,,9449,38,,,1,99,,9470,38,,,1,104,,9469,38,,,1,25,,9468,38,,,1,76,,9466,38,,,1,25,,9450,38,,,1,79,,9473,38,,,1,22,,9472,38,,,1,75,,9451,38,,,1,29,,9462,38,,,1,73,,9464,38,,,1,76,,9467,38,,,1,29,,9463,38,,,1,74,,9465,38,,,1,30,,9453,38,,,1,66,,9454,38,,,1,31,,9448,38,,,1,99,,9471,38,,,1,99,,9459,38,,,1,99,,9461,38,,,1,99,,9460,38,,,1,97,,9456,38,,,1,98,,9452,38,,,1,99,,9457,38,,,1
5002,'SEM',510,,9480,38,,,1,36,,9502,38,,,1,71,,9498,38,,,1,30,,9474,38,,,1,76,,9506,38,,,1,32,,9499,38,,,1,63,,9475,38,,,1,35,,9492,38,,,1,66,,9478,38,,,1,31,,9504,38,,,1,66,,9505,38,,,1,33,,9501,38,,,1,68,,9477,38,,,1,33,,9481,38,,,1,68,,9500,38,,,1,32,,9489,38,,,1,72,,9503,38,,,1,30,,9482,38,,,1,70,,9485,38,,,1,82,,9476,38,,,1,26,,9486,38,,,1,77,,9479,38,,,1,33,,9493,38,,,1,70,,9483,38,,,1,29,,9484,38,,,1,69,,9491,38,,,1,29,,9487,38,,,1,70,,9490,38,,,1,105,,9494,38,,,1,104,,11986,38,,,1,101,,9488,38,,,1,110,,9496,38,,,1,103,,9495,38,,,1,97,,9497,38,,,1
6002,'DIM',703,,9994,20,,,1,100,,10003,20,,,1,99,,10001,20,,,1,100,,10002,20,,,1,100,,10004,20,,,1,100,,10007,20,,,1,101,,10005,20,,,1,100,,10008,20,,,1,100,,10006,20,,,1,99,,10009,20,,,1,99,,10010,20,,,1,100,,9996,20,,,1,101,,9998,20,,,1,101,,9997,20,,,1,101,,9999,20,,,1,100,,9993,20,,,1,100,,9995,20,,,1,99,,10000,20,,,1
6002,'SAM',703,,10022,20,,,1,100,,10013,20,,,1,99,,10025,20,,,1,100,,10027,20,,,1,100,,10023,20,,,1,100,,10026,20,,,1,101,,10024,20,,,1,100,,10012,20,,,1,100,,10028,20,,,1,99,,10011,20,,,1,99,,10015,20,,,1,102,,10020,20,,,1,99,,10016,20,,,1,101,,10017,20,,,1,101,,10021,20,,,1,100,,10014,20,,,1,100,,10018,20,,,1,99,,10019,20,,,1
6002,'SEM',634,,10045,20,,,1,100,,10043,20,,,1,101,,10030,20,,,1,99,,10046,20,,,1,100,,10044,20,,,1,102,,10035,20,,,1,100,,10029,20,,,1,99,,10031,20,,,1,101,,10042,20,,,1,99,,10032,20,,,1,101,,10037,20,,,1,106,,10034,20,,,1,93,,10040,20,,,1,100,,10038,20,,,1,99,,10033,20,,,1,100,,10036,20,,,1,99,,10039,20,,,1,90,,10041,20,,,1,100,,11993,20,,,1
34504,'SEM',2516,,11789,17,,,1,118,,11788,17,,,1
