2602,'DIM',627,,767,8,,,2,23,,789,8,,,2,67,,782,8,,,2,30,,785,8,,,2,70,,783,8,,,2,32,,796,8,,,2,69,,790,8,,,2,30,,784,8,,,2,66,,793,8,,,2,24,,786,8,,,2,20,,797,8,,,2,60,,778,8,,,2,19,,799,8,,,2,20,,792,8,,,2,59,,801,8,,,2,21,,758,8,,,2,19,,794,8,,,2,62,,781,8,,,2,19,,787,8,,,2,21,,788,8,,,2,62,,759,8,,,2,18,,760,8,,,2,20,,779,8,,,2,60,,780,8,,,2,19,,757,8,,,2,21,,795,8,,,2,60,,798,8,,,2,20,,791,8,,,2,62,,770,8,,,2,42,,775,8,,,2,70,,771,8,,,2,30,,768,8,,,2,70,,800,8,,,2,30,,802,8,,,2,70,,765,8,,,2,29,,761,8,,,2,70,,774,8,,,2,30,,762,8,,,2,71,,763,8,,,2,29,,773,8,,,2,69,,769,8,,,2,28,,764,8,,,2,71,,766,8,,,2,30,,772,8,,,2,85,,776,8,,,2,78,,777,8,,,2
2602,'SAM',627,,819,8,,,2,23,,837,8,,,2,67,,834,8,,,2,30,,839,8,,,2,70,,835,8,,,2,31,,842,8,,,2,70,,840,8,,,2,30,,848,8,,,2,65,,833,8,,,2,25,,844,8,,,2,20,,830,8,,,2,60,,849,8,,,2,19,,846,8,,,2,20,,807,8,,,2,59,,843,8,,,2,21,,838,8,,,2,20,,829,8,,,2,61,,831,8,,,2,21,,832,8,,,2,19,,804,8,,,2,62,,806,8,,,2,18,,808,8,,,2,20,,841,8,,,2,62,,847,8,,,2,16,,836,8,,,2,21,,809,8,,,2,61,,845,8,,,2,20,,813,8,,,2,62,,818,8,,,2,42,,822,8,,,2,70,,825,8,,,2,30,,828,8,,,2,71,,823,8,,,2,29,,805,8,,,2,70,,812,8,,,2,29,,811,8,,,2,70,,820,8,,,2,30,,814,8,,,2,70,,815,8,,,2,30,,826,8,,,2,69,,810,8,,,2,28,,816,8,,,2,71,,817,8,,,2,30,,827,8,,,2,85,,824,8,,,2,78,,821,8,,,2
2602,'SEM',510,,893,8,,,2,22,,908,8,,,2,74,,879,8,,,2,20,,851,8,,,2,17,,880,8,,,2,15,,895,8,,,2,50,,897,8,,,2,20,,905,8,,,2,14,,910,8,,,2,14,,859,8,,,2,58,,901,8,,,2,14,,853,8,,,2,9,,861,8,,,2,19,,913,8,,,2,55,,855,8,,,2,20,,896,8,,,2,20,,852,8,,,2,61,,909,8,,,2,21,,904,8,,,2,19,,857,8,,,2,60,,906,8,,,2,19,,860,8,,,2,18,,912,8,,,2,64,,898,8,,,2,22,,900,8,,,2,15,,907,8,,,2,65,,902,8,,,2,19,,914,8,,,2,14,,854,8,,,2,52,,899,8,,,2,27,,856,8,,,2,22,,903,8,,,2,57,,911,8,,,2,22,,858,8,,,2,21,,870,8,,,2,57,,872,8,,,2,12,,878,8,,,2,12,,863,8,,,2,13,,881,8,,,2,10,,883,8,,,2,51,,867,8,,,2,10,,885,8,,,2,10,,869,8,,,2,8,,862,8,,,2,14,,891,8,,,2,12,,892,8,,,2,54,,864,8,,,2,15,,877,8,,,2,20,,884,8,,,2,61,,865,8,,,2,19,,866,8,,,2,24,,882,8,,,2,60,,889,8,,,2,16,,894,8,,,2,30,,873,8,,,2,70,,868,8,,,2,74,,875,8,,,2,26,,871,8,,,2,29,,874,8,,,2,66,,887,8,,,2,25,,876,8,,,2,80,,886,8,,,2,29,,888,8,,,2,80,,890,8,,,2
3602,'SEM',1517,,1262,8,,,2,23,,1263,8,,,2,72,,1256,8,,,2,24,,1261,8,,,2,73,,1257,8,,,2,31,,1258,8,,,2,65,,1259,8,,,2,29,,1260,8,,,2
4603,'DIM',641,,2236,8,,,1,105,,2237,8,,,1,105,,2229,8,,,1,101,,2241,8,,,1,97,,2238,8,,,1,103,,2243,8,,,1,100,,2244,8,,,1,101,,2235,8,,,1,101,,2239,8,,,1,99,,2226,8,,,1,100,,2242,8,,,1,100,,2240,8,,,1,99,,2228,8,,,1,100,,2245,8,,,1,100,,2232,8,,,1,100,,2227,8,,,1,100,,2230,8,,,1,99,,2231,8,,,1,99,,2233,8,,,1,150,,2234,8,,,1
4603,'SAM',641,,2258,8,,,1,105,,2259,8,,,1,105,,2263,8,,,1,101,,2262,8,,,1,97,,2261,8,,,1,103,,2257,8,,,1,99,,2264,8,,,1,97,,2246,8,,,1,106,,2247,8,,,1,105,,2260,8,,,1,94,,2265,8,,,1,100,,2249,8,,,1,99,,2250,8,,,1,100,,2254,8,,,1,100,,2251,8,,,1,100,,2255,8,,,1,100,,2248,8,,,1,99,,2253,8,,,1,99,,2256,8,,,1,151,,2252,8,,,1
4603,'SEM',652,,2286,8,,,1,97,,2289,8,,,1,73,,2283,8,,,1,33,,2282,8,,,1,67,,2270,8,,,1,30,,2287,8,,,1,70,,2267,8,,,1,30,,2284,8,,,1,70,,2285,8,,,1,30,,2266,8,,,1,70,,2293,8,,,1,28,,2271,8,,,1,72,,2290,8,,,1,30,,2292,8,,,1,70,,2274,8,,,1,35,,2288,8,,,1,65,,2291,8,,,1,31,,2273,8,,,1,71,,2268,8,,,1,24,,2272,8,,,1,70,,2269,8,,,1,35,,2277,8,,,1,64,,2276,8,,,1,35,,2281,8,,,1,60,,2278,8,,,1,35,,5236,8,,,1,100,,2275,8,,,1,101,,5234,8,,,1,103,,2280,8,,,1,100,,5235,8,,,1,150,,2279,8,,,1
6001,'DIM',741,,3103,4,,,1,101,,3111,4,,,1,100,,3109,4,,,1,103,,3110,4,,,1,100,,3112,4,,,1,101,,3115,4,,,1,101,,3113,4,,,1,101,,3116,4,,,1,101,,3114,4,,,1,102,,3117,4,,,1,94,,3118,4,,,1,101,,3105,4,,,1,99,,3107,4,,,1,99,,3106,4,,,1,99,,3108,4,,,1,99,,3102,4,,,1,100,,3104,4,,,1
6001,'SAM',641,,3125,4,,,1,100,,3130,4,,,1,101,,3121,4,,,1,100,,3133,4,,,1,102,,3135,4,,,1,101,,3131,4,,,1,101,,3134,4,,,1,101,,3132,4,,,1,101,,3120,4,,,1,101,,3136,4,,,1,102,,3119,4,,,1,94,,3123,4,,,1,102,,3128,4,,,1,98,,3124,4,,,1,99,,3126,4,,,1,99,,3129,4,,,1,99,,3122,4,,,1,100,,3127,4,,,1
6001,'SEM',526,,3151,4,,,1,100,,3137,4,,,1,85,,3155,4,,,1,36,,3149,4,,,1,74,,3153,4,,,1,100,,3139,4,,,1,100,,3156,4,,,1,100,,3154,4,,,1,103,,3140,4,,,1,100,,3138,4,,,1,100,,3150,4,,,1,101,,3152,4,,,1,99,,3141,4,,,1,104,,3145,4,,,1,100,,3143,4,,,1,91,,3148,4,,,1,99,,3146,4,,,1,100,,3142,4,,,1,100,,3144,4,,,1,95,,3147,4,,,1
