3602,'SEM',1509,,8114,1,,,2,23,,8115,1,,,2,71,,8108,1,,,2,24,,8113,1,,,2,73,,8109,1,,,2,31,,8110,1,,,2,26,,8111,1,,,2,69,,8112,1,,,2
3904,'DIM',849,,8313,62,,,1,152,,8307,62,,,1,42,,8314,62,,,1,70,,8317,62,,,1,34,,8308,62,,,1,67,,8306,62,,,1,33,,8316,62,,,1,69,,8311,62,,,1,35,,8300,62,,,1,67,,8315,62,,,1,30,,8309,62,,,1,71,,8310,62,,,1,32,,8299,62,,,1,70,,8312,62,,,1,31,,8295,62,,,1,71,,8296,62,,,1,27,,8301,62,,,1,68,,8302,62,,,1,29,,8303,62,,,1,83,,8304,62,,,1,97,,8297,62,,,1,100,,8305,62,,,1,99,,8298,62,,,1
3904,'SAM',849,,8333,62,,,1,152,,8326,62,,,1,42,,8337,62,,,1,70,,8327,62,,,1,31,,8318,62,,,1,70,,8324,62,,,1,36,,8330,62,,,1,66,,8328,62,,,1,35,,8334,62,,,1,67,,8325,62,,,1,30,,8331,62,,,1,71,,8332,62,,,1,31,,8338,62,,,1,71,,8329,62,,,1,32,,8335,62,,,1,64,,8336,62,,,1,33,,8339,62,,,1,68,,8340,62,,,1,29,,8319,62,,,1,86,,8320,62,,,1,96,,8322,62,,,1,98,,8321,62,,,1,99,,8323,62,,,1
3904,'SEM',643,,8364,62,,,1,67,,8357,62,,,1,15,,8363,62,,,1,11,,8345,62,,,1,71,,8360,62,,,1,31,,8341,62,,,1,71,,8358,62,,,1,30,,8365,62,,,1,75,,8343,62,,,1,28,,8344,62,,,1,73,,8355,62,,,1,30,,8359,62,,,1,71,,8361,62,,,1,28,,8352,62,,,1,72,,8356,62,,,1,27,,8362,62,,,1,78,,8342,62,,,1,34,,8347,62,,,1,70,,8349,62,,,1,32,,8350,62,,,1,101,,8366,62,,,1,149,,8353,62,,,1,97,,8354,62,,,1,104,,8346,62,,,1,100,,8348,62,,,1,93,,8351,62,,,1
5002,'DIM',626,,9440,45,,,1,100,,2653,45,,,1,102,,9423,45,,,1,97,,9438,45,,,1,107,,9431,45,,,1,25,,9441,45,,,1,77,,9433,45,,,1,24,,9445,45,,,1,79,,9443,45,,,1,22,,9444,45,,,1,76,,9446,45,,,1,69,,9432,45,,,1,33,,9434,45,,,1,76,,9447,45,,,1,29,,9436,45,,,1,74,,9435,45,,,1,30,,9442,45,,,1,66,,9439,45,,,1,31,,9437,45,,,1,99,,9425,45,,,1,98,,9427,45,,,1,99,,9430,45,,,1,99,,9424,45,,,1,97,,9428,45,,,1,98,,9426,45,,,1,98,,9429,45,,,1
5002,'SAM',626,,9455,45,,,1,100,,9458,45,,,1,102,,9449,45,,,1,100,,9470,45,,,1,104,,9469,45,,,1,25,,9468,45,,,1,76,,9466,45,,,1,25,,9450,45,,,1,79,,9473,45,,,1,22,,9472,45,,,1,76,,9451,45,,,1,69,,9462,45,,,1,33,,9464,45,,,1,76,,9467,45,,,1,29,,9463,45,,,1,74,,9465,45,,,1,30,,9453,45,,,1,66,,9454,45,,,1,31,,9448,45,,,1,99,,9471,45,,,1,98,,9459,45,,,1,99,,9461,45,,,1,99,,9460,45,,,1,97,,9456,45,,,1,98,,9452,45,,,1,98,,9457,45,,,1
5002,'SEM',515,,9480,45,,,1,36,,9502,45,,,1,71,,9498,45,,,1,30,,9474,45,,,1,77,,9506,45,,,1,72,,9499,45,,,1,24,,9475,45,,,1,75,,9492,45,,,1,26,,9478,45,,,1,31,,9504,45,,,1,66,,9505,45,,,1,33,,9501,45,,,1,68,,9477,45,,,1,33,,9481,45,,,1,68,,9500,45,,,1,32,,9489,45,,,1,72,,9503,45,,,1,30,,9482,45,,,1,70,,9485,45,,,1,82,,9476,45,,,1,27,,9486,45,,,1,78,,9479,45,,,1,33,,9493,45,,,1,70,,9483,45,,,1,27,,9484,45,,,1,69,,9491,45,,,1,29,,9487,45,,,1,70,,9490,45,,,1,103,,9494,45,,,1,104,,11986,45,,,1,101,,9488,45,,,1,110,,9496,45,,,1,103,,9495,45,,,1,97,,9497,45,,,1
7001,'DIM',650,,10584,1,,,1,100,,10574,1,,,1,98,,10582,1,,,1,99,,10585,1,,,1,68,,10588,1,,,1,31,,10583,1,,,1,70,,10590,1,,,1,27,,10589,1,,,1,70,,10586,1,,,1,35,,10587,1,,,1,69,,10591,1,,,1,27,,10567,1,,,1,73,,10592,1,,,1,25,,10570,1,,,1,75,,10571,1,,,1,27,,10572,1,,,1,74,,10569,1,,,1,33,,10575,1,,,1,74,,10578,1,,,1,30,,10573,1,,,1,95,,10579,1,,,1,100,,10576,1,,,1,100,,10568,1,,,1,100,,10580,1,,,1,100,,10581,1,,,1,100,,10577,1,,,1
7001,'SAM',650,,10609,1,,,1,100,,10614,1,,,1,98,,10616,1,,,1,99,,10617,1,,,1,67,,10615,1,,,1,32,,10593,1,,,1,69,,10618,1,,,1,28,,10613,1,,,1,70,,10594,1,,,1,34,,10610,1,,,1,68,,10595,1,,,1,33,,10611,1,,,1,69,,10597,1,,,1,25,,10612,1,,,1,73,,10600,1,,,1,29,,10602,1,,,1,74,,10599,1,,,1,34,,10601,1,,,1,73,,10605,1,,,1,30,,10603,1,,,1,95,,10607,1,,,1,100,,10596,1,,,1,100,,10598,1,,,1,99,,10608,1,,,1,101,,10606,1,,,1,100,,10604,1,,,1
7001,'SEM',506,,10645,1,,,1,30,,10623,1,,,1,65,,10646,1,,,1,18,,10647,1,,,1,17,,10642,1,,,1,67,,10653,1,,,1,24,,10634,1,,,1,24,,10620,1,,,1,69,,10652,1,,,1,30,,10649,1,,,1,71,,10650,1,,,1,29,,10631,1,,,1,71,,10654,1,,,1,28,,10622,1,,,1,72,,10627,1,,,1,27,,10651,1,,,1,70,,10621,1,,,1,29,,10619,1,,,1,72,,10648,1,,,1,30,,10626,1,,,1,77,,10629,1,,,1,24,,10625,1,,,1,50,,10632,1,,,1,46,,10624,1,,,1,77,,10636,1,,,1,28,,10639,1,,,1,77,,10640,1,,,1,27,,10628,1,,,1,81,,10637,1,,,1,85,,10633,1,,,1,34,,10630,1,,,1,149,,10638,1,,,1,100,,10635,1,,,1,100,,10643,1,,,1,102,,10641,1,,,1,129,,10644,1,,,1
