1703,'DIM',630,,6972,35,,,1,89,,6965,35,,,1,101,,100,35,,,1,102,,6967,35,,,1,97,,6968,35,,,1,102,,6964,35,,,1,100,,6970,35,,,1,99,,6966,35,,,1,102,,6969,35,,,1,100,,6971,35,,,1,102,,6954,35,,,1,98,,6958,35,,,1,98,,6957,35,,,1,101,,6956,35,,,1,98,,6959,35,,,1,99,,6962,35,,,1,100,,6955,35,,,1,100,,6960,35,,,1,102,,6961,35,,,1,117,,6963,35,,,1
1703,'SAM',552,,6984,35,,,1,78,,6990,35,,,1,89,,121,35,,,1,101,,6981,35,,,1,102,,6983,35,,,1,97,,6985,35,,,1,101,,6989,35,,,1,101,,6987,35,,,1,100,,6982,35,,,1,101,,6988,35,,,1,100,,6986,35,,,1,102,,6991,35,,,1,99,,6992,35,,,1,98,,6973,35,,,1,100,,6978,35,,,1,98,,6975,35,,,1,99,,6974,35,,,1,100,,6976,35,,,1,100,,6979,35,,,1,102,,6980,35,,,1,117,,6977,35,,,1
1703,'SEM',612,,7010,35,,,1,104,,7012,35,,,1,106,,7011,35,,,1,96,,6996,35,,,1,101,,7009,35,,,1,101,,7008,35,,,1,100,,7014,35,,,1,101,,6997,35,,,1,100,,6994,35,,,1,99,,7013,35,,,1,35,,7016,35,,,1,60,,7015,35,,,1,36,,6993,35,,,1,63,,7004,35,,,1,37,,6995,35,,,1,79,,6998,35,,,1,70,,7001,35,,,1,27,,7006,35,,,1,99,,7007,35,,,1,100,,6999,35,,,1,100,,7000,35,,,1,99,,7002,35,,,1,99,,7003,35,,,1,102,,7005,35,,,1
3103,'DIM',649,,7902,37,,,1,101,,7901,37,,,1,100,,1058,37,,,1,100,,7906,37,,,1,100,,7905,37,,,1,100,,7903,37,,,1,102,,7892,37,,,1,101,,7904,37,,,1,99,,7891,37,,,1,101,,7890,37,,,1,99,,7895,37,,,1,98,,7897,37,,,1,103,,7896,37,,,1,96,,7898,37,,,1,101,,7894,37,,,1,100,,7893,37,,,1,99,,7899,37,,,1,100,,7900,37,,,1
3103,'SAM',649,,7919,37,,,1,101,,7918,37,,,1,100,,1075,37,,,1,100,,7923,37,,,1,100,,7924,37,,,1,100,,7920,37,,,1,100,,7916,37,,,1,102,,7921,37,,,1,100,,7917,37,,,1,101,,7922,37,,,1,100,,7911,37,,,1,98,,7913,37,,,1,100,,7909,37,,,1,99,,7914,37,,,1,100,,7907,37,,,1,100,,7908,37,,,1,99,,7910,37,,,1,101,,7912,37,,,1,95,,7915,37,,,1
3103,'SEM',646,,7946,37,,,1,100,,7944,37,,,1,101,,7945,37,,,1,101,,7925,37,,,1,101,,7926,37,,,1,100,,7928,37,,,1,100,,7947,37,,,1,100,,7927,37,,,1,102,,7932,37,,,1,98,,7933,37,,,1,51,,7934,37,,,1,37,,7929,37,,,1,69,,7938,37,,,1,40,,7935,37,,,1,68,,7931,37,,,1,36,,7943,37,,,1,69,,7930,37,,,1,36,,7942,37,,,1,100,,7936,37,,,1,101,,7939,37,,,1,99,,7940,37,,,1,96,,7937,37,,,1,154,,7941,37,,,1
3903,'DIM',853,,1407,48,,,1,100,,8236,58,,,1,70,,8241,58,,,1,31,,8242,58,,,1,70,,8239,58,,,1,34,,8240,58,,,1,66,,8243,58,,,1,29,,8233,58,,,1,71,,8237,58,,,1,30,,8234,58,,,1,71,,8220,58,,,1,30,,8223,58,,,1,72,,8226,58,,,1,30,,8238,58,,,1,71,,8227,58,,,1,30,,8228,58,,,1,65,,8229,58,,,1,18,,8235,58,,,1,10,,8230,58,,,1,64,,8224,58,,,1,25,,8231,58,,,1,98,,8221,58,,,1,100,,8232,58,,,1,98,,8222,58,,,1,104,,8225,58,,,1
3903,'SAM',853,,8268,48,,,1,100,,8263,58,,,1,70,,8267,58,,,1,31,,8244,58,,,1,70,,8258,58,,,1,34,,8261,58,,,1,66,,8260,58,,,1,30,,8245,58,,,1,70,,8259,58,,,1,30,,8262,58,,,1,71,,8246,58,,,1,30,,8265,58,,,1,72,,8249,58,,,1,30,,8250,58,,,1,71,,8252,58,,,1,30,,8266,58,,,1,65,,8253,58,,,1,18,,8264,58,,,1,11,,8251,58,,,1,63,,8248,58,,,1,29,,8247,58,,,1,96,,8255,58,,,1,98,,8254,58,,,1,98,,8257,58,,,1,104,,8256,58,,,1
3903,'SEM',745,,8291,58,,,1,101,,8273,58,,,1,104,,8271,58,,,1,72,,8275,58,,,1,29,,8292,58,,,1,71,,8293,58,,,1,29,,8286,58,,,1,71,,8290,58,,,1,28,,8294,58,,,1,78,,8270,58,,,1,73,,8277,58,,,1,27,,8279,58,,,1,72,,8280,58,,,1,35,,8269,58,,,1,78,,8287,58,,,1,23,,8281,58,,,1,68,,8272,58,,,1,25,,8274,58,,,1,73,,8282,58,,,1,39,,8283,58,,,1,79,,8276,58,,,1,98,,8278,58,,,1,95,,8284,58,,,1,103,,8288,58,,,1,95,,8285,58,,,1,47,,8289,58,,,1
4503,'DIM',657,,8950,36,,,1,100,,8960,36,,,1,101,,8958,36,,,1,99,,8964,36,,,1,101,,8959,36,,,1,98,,8962,36,,,1,145,,8952,36,,,1,101,,8956,36,,,1,98,,8949,36,,,1,102,,8947,36,,,1,52,,8961,36,,,1,102,,8963,36,,,1,103,,8948,36,,,1,142,,8957,36,,,1,101,,8951,36,,,1,99,,8954,36,,,1,99,,8955,36,,,1,101,,8953,36,,,1
4503,'SAM',657,,8978,36,,,1,100,,8974,36,,,1,101,,8977,36,,,1,99,,8976,36,,,1,101,,8966,36,,,1,97,,8975,36,,,1,146,,8979,36,,,1,100,,8970,36,,,1,101,,8981,36,,,1,101,,8980,36,,,1,51,,8982,36,,,1,105,,8965,36,,,1,100,,8972,36,,,1,142,,8967,36,,,1,101,,8971,36,,,1,99,,8969,36,,,1,99,,8973,36,,,1,101,,8968,36,,,1
4503,'SEM',648,,8988,36,,,1,58,,8986,36,,,1,34,,8983,36,,,1,68,,9003,36,,,1,25,,8987,36,,,1,79,,8985,36,,,1,25,,9004,36,,,1,110,,9002,36,,,1,100,,8991,36,,,1,95,,8989,36,,,1,100,,9005,36,,,1,103,,8984,36,,,1,106,,9006,36,,,1,68,,8993,36,,,1,87,,8996,36,,,1,18,,8990,36,,,1,17,,8997,36,,,1,71,,8999,36,,,1,39,,8995,36,,,1,98,,8994,36,,,1,100,,8998,36,,,1,100,,9001,36,,,1,99,,8992,36,,,1,95,,9000,36,,,1
7303,'DIM',705,,10755,35,,,1,100,,10752,35,,,1,102,,10753,35,,,1,98,,10756,35,,,1,100,,10759,35,,,1,100,,10754,35,,,1,100,,10757,35,,,1,102,,10751,35,,,1,99,,10758,35,,,1,102,,10760,35,,,1,99,,10745,35,,,1,99,,10742,35,,,1,101,,10748,35,,,1,97,,10744,35,,,1,100,,10743,35,,,1,100,,10746,35,,,1,99,,10747,35,,,1,102,,10750,35,,,1,105,,10749,35,,,1
7303,'SAM',611,,10775,35,,,1,94,,10772,35,,,1,100,,10771,35,,,1,102,,10776,35,,,1,98,,10778,35,,,1,101,,10774,35,,,1,99,,10764,35,,,1,100,,10777,35,,,1,102,,10773,35,,,1,99,,10779,35,,,1,102,,10780,35,,,1,101,,10763,35,,,1,98,,10761,35,,,1,99,,10762,35,,,1,98,,10766,35,,,1,100,,10765,35,,,1,100,,4040,35,,,1,99,,10767,35,,,1,102,,4041,35,,,1,105,,10768,35,,,1,100,,10770,35,,,1,100,,10769,35,,,1
7303,'SEM',558,,10817,35,,,1,66,,10814,35,,,1,80,,10813,35,,,1,10,,10818,35,,,1,39,,10807,35,,,1,56,,10783,35,,,1,43,,10815,35,,,1,52,,10782,35,,,1,31,,10800,35,,,1,71,,10816,35,,,1,29,,10784,35,,,1,71,,10789,35,,,1,29,,10799,35,,,1,72,,10790,35,,,1,29,,10819,35,,,1,70,,10785,35,,,1,30,,10788,35,,,1,70,,10794,35,,,1,30,,10781,35,,,1,70,,10791,35,,,1,35,,10820,35,,,1,65,,10801,35,,,1,15,,10793,35,,,1,22,,10786,35,,,1,16,,10787,35,,,1,63,,10797,35,,,1,16,,10795,35,,,1,69,,10808,35,,,1,15,,10796,35,,,1,16,,10792,35,,,1,72,,10802,35,,,1,30,,10805,35,,,1,72,,10798,35,,,1,99,,10810,35,,,1,100,,10803,35,,,1,98,,10809,35,,,1,99,,10804,35,,,1,41,,10806,35,,,1,95,,10811,35,,,1,161,,10812,35,,,1
