1704,'DIM',505,,7029,29,,,1,50,,7030,29,,,1,101,,7034,29,,,1,102,,7028,29,,,1,101,,165,29,,,1,100,,7032,29,,,1,141,,7033,29,,,1,100,,7035,29,,,1,101,,7036,29,,,1,101,,7031,29,,,1,102,,7017,29,,,1,99,,7018,29,,,1,100,,7021,29,,,1,101,,7023,29,,,1,98,,7022,29,,,1,98,,7020,29,,,1,100,,7024,29,,,1,59,,7027,29,,,1,99,,7019,29,,,1,99,,7025,29,,,1,96,,7026,29,,,1
1704,'SAM',505,,7049,29,,,1,50,,7050,29,,,1,101,,7056,29,,,1,102,,7053,29,,,1,101,,7048,29,,,1,100,,7052,29,,,1,141,,7057,29,,,1,100,,7055,29,,,1,101,,7054,29,,,1,101,,7051,29,,,1,101,,7038,29,,,1,100,,7039,29,,,1,101,,7041,29,,,1,100,,7043,29,,,1,98,,7037,29,,,1,98,,7045,29,,,1,100,,7042,29,,,1,59,,7040,29,,,1,99,,7044,29,,,1,99,,7046,29,,,1,96,,7047,29,,,1
1704,'SEM',517,,7072,29,,,1,93,,7077,29,,,1,22,,7080,29,,,1,22,,7059,29,,,1,67,,7063,29,,,1,35,,7064,29,,,1,61,,7058,29,,,1,98,,7061,29,,,1,85,,7062,29,,,1,100,,7065,29,,,1,100,,7076,29,,,1,100,,7078,29,,,1,100,,7067,29,,,1,102,,7079,29,,,1,101,,7060,29,,,1,105,,7068,29,,,1,95,,7066,29,,,1,97,,7069,29,,,1,101,,7074,29,,,1,100,,7075,29,,,1,100,,7070,29,,,1,100,,7071,29,,,1,99,,7073,29,,,1
3104,'DIM',625,,7960,39,,,1,103,,7961,39,,,1,100,,7959,39,,,1,101,,7965,39,,,1,101,,7966,39,,,1,100,,7964,39,,,1,100,,7962,39,,,1,103,,7950,39,,,1,101,,7963,39,,,1,100,,7949,39,,,1,101,,7948,39,,,1,99,,7953,39,,,1,98,,7955,39,,,1,102,,7954,39,,,1,96,,7956,39,,,1,100,,7952,39,,,1,99,,7951,39,,,1,98,,7957,39,,,1,102,,7958,39,,,1
3104,'SAM',525,,1137,39,,,1,100,,7976,39,,,1,103,,7979,39,,,1,100,,7978,39,,,1,101,,7981,39,,,1,101,,7984,39,,,1,100,,7985,39,,,1,100,,7980,39,,,1,102,,7975,39,,,1,101,,7982,39,,,1,101,,7977,39,,,1,101,,7983,39,,,1,100,,7971,39,,,1,98,,7973,39,,,1,99,,7969,39,,,1,99,,7974,39,,,1,99,,7967,39,,,1,99,,7968,39,,,1,98,,7970,39,,,1,102,,7972,39,,,1
3104,'SEM',449,,7994,39,,,1,77,,7995,39,,,1,91,,8006,39,,,1,21,,8008,39,,,1,63,,7988,39,,,1,34,,8007,39,,,1,68,,8004,39,,,1,29,,8002,39,,,1,75,,8003,39,,,1,22,,8005,39,,,1,100,,7986,39,,,1,102,,7987,39,,,1,100,,7990,39,,,1,101,,8009,39,,,1,100,,7989,39,,,1,102,,7992,39,,,1,100,,7993,39,,,1,96,,7991,39,,,1,103,,7996,39,,,1,97,,8001,39,,,1,105,,8000,39,,,1,99,,7997,39,,,1,102,,7998,39,,,1,100,,7999,39,,,1
7304,'DIM',540,,10839,57,,,1,70,,10828,57,,,1,102,,10832,57,,,1,101,,10835,57,,,1,101,,10831,57,,,1,101,,10833,57,,,1,100,,10836,57,,,1,100,,10840,57,,,1,102,,10834,57,,,1,101,,10837,57,,,1,101,,10830,57,,,1,100,,10838,57,,,1,100,,10841,57,,,1,100,,10824,57,,,1,99,,10821,57,,,1,97,,10827,57,,,1,100,,10823,57,,,1,99,,10822,57,,,1,98,,10825,57,,,1,101,,10826,57,,,1,99,,10829,57,,,1
7304,'SAM',540,,10861,57,,,1,70,,10851,57,,,1,102,,10856,57,,,1,101,,10853,57,,,1,101,,10852,57,,,1,101,,10857,57,,,1,100,,10859,57,,,1,101,,10855,57,,,1,101,,10845,57,,,1,101,,10858,57,,,1,101,,10854,57,,,1,100,,10860,57,,,1,100,,10862,57,,,1,100,,10844,57,,,1,98,,10842,57,,,1,98,,10843,57,,,1,100,,10847,57,,,1,99,,10846,57,,,1,98,,4131,57,,,1,101,,10848,57,,,1,99,,4133,57,,,1,100,,10849,57,,,1,99,,10850,57,,,1
7304,'SEM',502,,10894,57,,,1,41,,10891,57,,,1,82,,10897,57,,,1,18,,10900,57,,,1,71,,10896,57,,,1,14,,10893,57,,,1,14,,10869,57,,,1,68,,10871,57,,,1,14,,10892,57,,,1,15,,10898,57,,,1,65,,10887,57,,,1,31,,10865,57,,,1,80,,10864,57,,,1,29,,10880,57,,,1,70,,10895,57,,,1,30,,10866,57,,,1,71,,10870,57,,,1,36,,10879,57,,,1,66,,10872,57,,,1,30,,10899,57,,,1,70,,10867,57,,,1,30,,10868,57,,,1,72,,10876,57,,,1,31,,10863,57,,,1,72,,10873,57,,,1,79,,10883,57,,,1,22,,10881,57,,,1,28,,10875,57,,,1,69,,10882,57,,,1,36,,10877,57,,,1,60,,10888,57,,,1,30,,10874,57,,,1,70,,10884,57,,,1,30,,10886,57,,,1,73,,10878,57,,,1,97,,10890,57,,,1,99,,10885,57,,,1,103,,10889,57,,,1
7402,'DIM',641,,10961,70,,,2,101,,10964,70,,,2,101,,6451,70,,,2,101,,10965,70,,,2,101,,10963,70,,,2,100,,10962,70,,,2,101,,10968,70,,,2,100,,10967,70,,,2,103,,10969,70,,,2,99,,10966,70,,,2,99,,10956,70,,,2,102,,10955,70,,,2,98,,10957,70,,,2,98,,10958,70,,,2,100,,6443,70,,,2,100,,10959,70,,,2,98,,10960,70,,,2
7402,'SAM',641,,10977,70,,,2,101,,10981,70,,,2,101,,10979,70,,,2,101,,10976,70,,,2,101,,10980,70,,,2,100,,10982,70,,,2,101,,10985,70,,,2,101,,10978,70,,,2,100,,10983,70,,,2,101,,10986,70,,,2,100,,10984,70,,,2,100,,10970,70,,,2,99,,10972,70,,,2,98,,10974,70,,,2,100,,10973,70,,,2,100,,10975,70,,,2,98,,10971,70,,,2
7402,'SEM',559,,11000,70,,,2,89,,11005,70,,,2,60,,10988,70,,,2,41,,10999,70,,,2,100,,10989,70,,,2,99,,10987,70,,,2,99,,10991,70,,,2,101,,11001,70,,,2,97,,11004,70,,,2,100,,10990,70,,,2,101,,11003,70,,,2,102,,11002,70,,,2,100,,10992,70,,,2,97,,10993,70,,,2,100,,10996,70,,,2,98,,10998,70,,,2,99,,10994,70,,,2,103,,10995,70,,,2,98,,10997,70,,,2
