3703,'DIM',642,,8121,38,,,2,75,,8122,38,,,2,101,,8120,38,,,2,100,,8119,38,,,2,100,,8127,38,,,2,100,,8126,38,,,2,101,,8116,38,,,2,100,,8117,38,,,2,105,,8128,38,,,2,96,,8124,38,,,2,99,,8125,38,,,2,100,,8123,38,,,2,90,,8118,38,,,2
3703,'SAM',642,,1290,38,,,2,75,,8134,38,,,2,101,,8131,38,,,2,100,,8135,38,,,2,100,,8138,38,,,2,100,,8136,38,,,2,101,,8139,38,,,2,101,,8132,38,,,2,99,,8130,38,,,2,102,,8133,38,,,2,99,,8129,38,,,2,99,,8137,38,,,2,90,,8140,38,,,2
3703,'SEM',603,,8157,38,,,2,15,,8145,38,,,2,17,,1324,38,,,2,15,,8156,38,,,2,54,,8161,38,,,2,16,,8165,38,,,2,20,,8142,38,,,2,76,,8146,38,,,2,39,,8160,38,,,2,68,,8166,38,,,2,99,,8144,38,,,2,100,,8163,38,,,2,100,,8147,38,,,2,100,,8158,38,,,2,102,,8164,38,,,2,82,,8162,38,,,2,20,,8143,38,,,2,26,,8159,38,,,2,72,,8141,38,,,2,32,,8167,38,,,2,102,,8148,38,,,2,98,,8154,38,,,2,102,,8149,38,,,2,100,,8153,38,,,2,100,,8155,38,,,2,99,,8150,38,,,2,97,,8152,38,,,2,102,,8151,38,,,2
6303,'DIM',758,,10176,36,,,1,101,,10178,36,,,1,142,,10169,36,,,1,58,,10177,36,,,1,143,,10181,36,,,1,56,,10179,36,,,1,143,,10182,36,,,1,103,,10180,36,,,1,100,,10183,36,,,1,100,,10184,36,,,1,100,,10170,36,,,1,97,,10166,36,,,1,58,,10167,36,,,1,99,,10172,36,,,1,100,,10168,36,,,1,100,,10173,36,,,1,99,,10171,36,,,1,100,,10174,36,,,1,98,,10175,36,,,1
6303,'SAM',657,,10198,36,,,1,101,,10202,36,,,1,101,,10199,36,,,1,142,,10197,36,,,1,58,,10201,36,,,1,143,,10200,36,,,1,56,,10204,36,,,1,143,,10203,36,,,1,103,,10185,36,,,1,102,,10186,36,,,1,98,,10187,36,,,1,100,,10189,36,,,1,97,,10188,36,,,1,58,,10193,36,,,1,99,,10190,36,,,1,100,,10191,36,,,1,100,,10194,36,,,1,99,,10192,36,,,1,100,,10195,36,,,1,98,,10196,36,,,1
6303,'SEM',617,,10220,36,,,1,21,,10230,36,,,1,16,,10231,36,,,1,77,,10237,36,,,1,14,,10235,36,,,1,74,,10209,36,,,1,23,,10211,36,,,1,73,,10212,36,,,1,33,,10205,36,,,1,65,,10208,36,,,1,33,,10234,36,,,1,67,,10222,36,,,1,32,,10238,36,,,1,66,,10232,36,,,1,38,,10206,36,,,1,67,,10207,36,,,1,31,,10236,36,,,1,70,,10233,36,,,1,33,,10239,36,,,1,72,,10214,36,,,1,26,,10213,36,,,1,74,,10218,36,,,1,19,,10216,36,,,1,65,,10210,36,,,1,32,,10219,36,,,1,80,,10217,36,,,1,96,,10215,36,,,1,41,,10223,36,,,1,93,,10226,36,,,1,95,,10221,36,,,1,88,,10224,36,,,1,104,,10225,36,,,1,99,,10229,36,,,1,104,,10227,36,,,1,94,,10228,36,,,1
6503,'DIM',718,,10321,12,,,2,101,,10323,12,,,2,100,,10325,12,,,2,100,,10327,12,,,2,103,,10324,12,,,2,97,,10322,12,,,2,107,,10310,12,,,2,100,,10326,12,,,2,96,,10328,12,,,2,98,,10313,12,,,2,102,,10315,12,,,2,98,,10314,12,,,2,99,,10317,12,,,2,100,,10319,12,,,2,100,,10311,12,,,2,100,,10312,12,,,2,100,,10318,12,,,2,99,,10320,12,,,2,100,,10316,12,,,2
6503,'SAM',718,,10342,12,,,2,101,,10345,12,,,2,100,,10344,12,,,2,100,,10346,12,,,2,102,,10347,12,,,2,97,,10349,12,,,2,108,,10348,12,,,2,99,,10343,12,,,2,97,,10329,12,,,2,98,,10331,12,,,2,102,,10334,12,,,2,100,,10337,12,,,2,97,,10341,12,,,2,100,,10339,12,,,2,100,,10333,12,,,2,100,,10330,12,,,2,100,,10332,12,,,2,99,,10335,12,,,2,100,,10336,12,,,2,85,,10338,12,,,2,35,,10340,12,,,2
6503,'SEM',604,,10359,12,,,2,27,,10351,12,,,2,27,,10376,12,,,2,64,,10352,12,,,2,24,,10354,12,,,2,78,,10367,12,,,2,26,,10382,12,,,2,78,,10355,12,,,2,25,,10356,12,,,2,70,,10373,12,,,2,30,,10357,12,,,2,70,,10380,12,,,2,31,,10377,12,,,2,70,,10378,12,,,2,30,,10379,12,,,2,70,,10358,12,,,2,30,,10361,12,,,2,70,,10353,12,,,2,30,,10365,12,,,2,74,,10366,12,,,2,31,,10350,12,,,2,65,,10360,12,,,2,25,,10370,12,,,2,54,,10381,12,,,2,15,,10371,12,,,2,14,,10372,12,,,2,15,,10368,12,,,2,53,,10374,12,,,2,17,,10369,12,,,2,33,,10363,12,,,2,103,,10362,12,,,2,99,,10364,12,,,2,100,,11999,12,,,2,100,,12000,12,,,2,99,,10375,12,,,2
7602,'DIM',612,,5136,12,,,2,96,,11115,12,,,2,100,,11125,12,,,2,100,,11127,12,,,2,30,,11123,12,,,2,70,,11124,12,,,2,30,,11105,12,,,2,70,,11128,12,,,2,30,,11126,12,,,2,70,,11114,12,,,2,32,,11129,12,,,2,72,,11130,12,,,2,27,,11106,12,,,2,74,,11116,12,,,2,33,,11108,12,,,2,64,,11109,12,,,2,30,,11111,12,,,2,70,,11107,12,,,2,30,,4405,12,,,2,70,,4422,12,,,2,30,,11112,12,,,2,74,,11120,12,,,2,94,,11121,12,,,2,100,,11113,12,,,2,101,,11122,12,,,2,101,,11110,12,,,2,99,,11117,12,,,2,100,,11119,12,,,2,100,,11118,12,,,2
7602,'SAM',612,,11148,12,,,2,96,,11147,12,,,2,100,,11151,12,,,2,100,,11153,12,,,2,30,,11158,12,,,2,70,,11146,12,,,2,30,,11155,12,,,2,70,,11154,12,,,2,30,,11160,12,,,2,70,,11132,12,,,2,30,,11149,12,,,2,74,,11131,12,,,2,27,,11150,12,,,2,74,,11157,12,,,2,33,,11133,12,,,2,64,,11134,12,,,2,30,,11156,12,,,2,70,,11137,12,,,2,30,,11159,12,,,2,70,,11135,12,,,2,30,,11152,12,,,2,75,,11140,12,,,2,93,,11142,12,,,2,100,,11138,12,,,2,101,,11136,12,,,2,101,,11141,12,,,2,99,,11139,12,,,2,100,,11144,12,,,2,100,,11143,12,,,2,101,,11145,12,,,2
7602,'SEM',555,,11161,12,,,2,62,,11190,12,,,2,16,,4470,12,,,2,11,,11188,12,,,2,64,,11192,12,,,2,19,,11194,12,,,2,22,,11168,12,,,2,61,,11162,12,,,2,34,,11189,12,,,2,68,,11193,12,,,2,31,,11186,12,,,2,72,,11163,12,,,2,30,,11191,12,,,2,70,,11167,12,,,2,29,,11187,12,,,2,72,,11166,12,,,2,30,,11171,12,,,2,71,,11196,12,,,2,28,,11172,12,,,2,70,,11164,12,,,2,35,,11195,12,,,2,65,,11165,12,,,2,24,,11169,12,,,2,66,,11176,12,,,2,25,,11177,12,,,2,25,,11180,12,,,2,65,,11182,12,,,2,24,,11178,12,,,2,60,,11174,12,,,2,34,,11170,12,,,2,70,,11181,12,,,2,31,,11184,12,,,2,100,,11173,12,,,2,100,,11175,12,,,2,99,,11183,12,,,2,103,,11179,12,,,2,109,,11185,12,,,2
