4504,'DIM',635,,9016,50,,,1,100,,9009,50,,,1,100,,9017,50,,,1,101,,9019,50,,,1,99,,9023,50,,,1,97,,9024,50,,,1,103,,9020,50,,,1,98,,9015,50,,,1,108,,9013,50,,,1,98,,9007,50,,,1,100,,9022,50,,,1,96,,9018,50,,,1,100,,9021,50,,,1,102,,9008,50,,,1,101,,9014,50,,,1,101,,9010,50,,,1,100,,9011,50,,,1,99,,9012,50,,,1
4504,'SAM',635,,2249,50,,,1,100,,9038,50,,,1,100,,9035,50,,,1,101,,9039,50,,,1,99,,9037,50,,,1,101,,9026,50,,,1,98,,9036,50,,,1,102,,9025,50,,,1,104,,9031,50,,,1,101,,9040,50,,,1,98,,9028,50,,,1,96,,9041,50,,,1,100,,9029,50,,,1,102,,9033,50,,,1,101,,9027,50,,,1,101,,9032,50,,,1,100,,9030,50,,,1,99,,9034,50,,,1
4504,'SEM',552,,9061,50,,,1,55,,9062,50,,,1,44,,9067,50,,,1,84,,9047,50,,,1,19,,9045,50,,,1,58,,9043,50,,,1,17,,9060,50,,,1,90,,9046,50,,,1,106,,9064,50,,,1,112,,9059,50,,,1,96,,9049,50,,,1,94,,9048,50,,,1,100,,9065,50,,,1,83,,9044,50,,,1,25,,9042,50,,,1,72,,9063,50,,,1,30,,9066,50,,,1,78,,9051,50,,,1,34,,9054,50,,,1,81,,9055,50,,,1,102,,9053,50,,,1,104,,9052,50,,,1,102,,9056,50,,,1,90,,9058,50,,,1,100,,9050,50,,,1,95,,9057,50,,,1
5002,'DIM',622,,9440,41,,,1,100,,2653,41,,,1,102,,9423,41,,,1,97,,9438,41,,,1,107,,9431,41,,,1,25,,9441,41,,,1,77,,9433,41,,,1,24,,9445,41,,,1,79,,9443,41,,,1,22,,9444,41,,,1,75,,9446,41,,,1,29,,9432,41,,,1,73,,9434,41,,,1,76,,9447,41,,,1,29,,9436,41,,,1,74,,9435,41,,,1,30,,9442,41,,,1,66,,9439,41,,,1,31,,9437,41,,,1,99,,9425,41,,,1,99,,9427,41,,,1,99,,9430,41,,,1,99,,9424,41,,,1,97,,9428,41,,,1,98,,9426,41,,,1,98,,9429,41,,,1
5002,'SAM',622,,9455,41,,,1,100,,9458,41,,,1,102,,9449,41,,,1,100,,9470,41,,,1,104,,9469,41,,,1,25,,9468,41,,,1,76,,9466,41,,,1,25,,9450,41,,,1,79,,9473,41,,,1,22,,9472,41,,,1,75,,9451,41,,,1,29,,9462,41,,,1,73,,9464,41,,,1,76,,9467,41,,,1,29,,9463,41,,,1,74,,9465,41,,,1,30,,9453,41,,,1,66,,9454,41,,,1,31,,9448,41,,,1,99,,9471,41,,,1,99,,9459,41,,,1,99,,9461,41,,,1,99,,9460,41,,,1,97,,9456,41,,,1,98,,9452,41,,,1,98,,9457,41,,,1
5002,'SEM',511,,9480,41,,,1,36,,9502,41,,,1,71,,9498,41,,,1,30,,9474,41,,,1,77,,9506,41,,,1,32,,9499,41,,,1,63,,9475,41,,,1,35,,9492,41,,,1,66,,9478,41,,,1,31,,9504,41,,,1,66,,9505,41,,,1,33,,9501,41,,,1,68,,9477,41,,,1,33,,9481,41,,,1,68,,9500,41,,,1,32,,9489,41,,,1,72,,9503,41,,,1,30,,9482,41,,,1,70,,9485,41,,,1,82,,9476,41,,,1,26,,9486,41,,,1,78,,9479,41,,,1,33,,9493,41,,,1,70,,9483,41,,,1,28,,9484,41,,,1,69,,9491,41,,,1,29,,9487,41,,,1,70,,9490,41,,,1,104,,9494,41,,,1,104,,9507,41,,,1,101,,9488,41,,,1,110,,9496,41,,,1,103,,9495,41,,,1,97,,9497,41,,,1
6002,'DIM',704,,9994,23,,,1,101,,10003,23,,,1,99,,10001,23,,,1,100,,10002,23,,,1,100,,10004,23,,,1,100,,10007,23,,,1,101,,10005,23,,,1,100,,10008,23,,,1,100,,10006,23,,,1,99,,10009,23,,,1,99,,10010,23,,,1,100,,9996,23,,,1,101,,9998,23,,,1,101,,9997,23,,,1,101,,9999,23,,,1,100,,9993,23,,,1,100,,9995,23,,,1,98,,10000,23,,,1
6002,'SAM',704,,10022,23,,,1,101,,10013,23,,,1,99,,10025,23,,,1,100,,10027,23,,,1,100,,10023,23,,,1,100,,10026,23,,,1,101,,10024,23,,,1,100,,10012,23,,,1,100,,10028,23,,,1,99,,10011,23,,,1,99,,10015,23,,,1,102,,10020,23,,,1,99,,10016,23,,,1,101,,10017,23,,,1,101,,10021,23,,,1,100,,10014,23,,,1,100,,10018,23,,,1,98,,10019,23,,,1
6002,'SEM',636,,10045,23,,,1,100,,10043,23,,,1,101,,10030,23,,,1,100,,10046,23,,,1,100,,10044,23,,,1,102,,10035,23,,,1,100,,10029,23,,,1,99,,10031,23,,,1,101,,10042,23,,,1,99,,10032,23,,,1,101,,10037,23,,,1,106,,10034,23,,,1,92,,10040,23,,,1,100,,10038,23,,,1,99,,10033,23,,,1,100,,10036,23,,,1,99,,10039,23,,,1,89,,10041,23,,,1,100,,10047,23,,,1
34504,'SEM',2518,,11789,20,,,1,118,,11788,20,,,1
