1704,'DIM',500,,7029,21,,,1,50,,7030,21,,,1,101,,7034,21,,,1,102,,7028,21,,,1,100,,165,21,,,1,100,,7032,21,,,1,101,,7033,21,,,1,100,,7035,21,,,1,101,,7036,21,,,1,101,,7031,21,,,1,102,,7017,21,,,1,99,,7018,21,,,1,100,,7021,21,,,1,101,,7023,21,,,1,98,,7022,21,,,1,98,,7020,21,,,1,100,,7024,21,,,1,100,,7027,21,,,1,99,,7019,21,,,1,99,,7025,21,,,1,96,,7026,21,,,1
1704,'SAM',500,,7049,21,,,1,50,,7050,21,,,1,101,,7056,21,,,1,102,,7053,21,,,1,100,,7048,21,,,1,100,,7052,21,,,1,101,,7057,21,,,1,100,,7055,21,,,1,101,,7054,21,,,1,101,,7051,21,,,1,101,,7038,21,,,1,100,,7039,21,,,1,101,,7041,21,,,1,100,,7043,21,,,1,98,,7037,21,,,1,98,,7045,21,,,1,100,,7042,21,,,1,100,,7040,21,,,1,99,,7044,21,,,1,99,,7046,21,,,1,96,,7047,21,,,1
1704,'SEM',512,,7072,21,,,1,93,,7077,21,,,1,22,,7080,21,,,1,22,,7059,21,,,1,66,,7063,21,,,1,35,,7064,21,,,1,61,,7058,21,,,1,98,,7061,21,,,1,45,,7062,21,,,1,100,,7065,21,,,1,100,,7076,21,,,1,100,,7078,21,,,1,100,,7067,21,,,1,102,,7079,21,,,1,100,,7060,21,,,1,145,,7068,21,,,1,56,,7066,21,,,1,97,,7069,21,,,1,101,,7074,21,,,1,101,,7075,21,,,1,100,,7070,21,,,1,100,,7071,21,,,1,99,,7073,21,,,1
3104,'DIM',620,,7960,31,,,1,103,,7961,31,,,1,100,,7959,31,,,1,100,,7965,31,,,1,101,,7966,31,,,1,100,,7964,31,,,1,100,,7962,31,,,1,103,,7950,31,,,1,101,,7963,31,,,1,100,,7949,31,,,1,101,,7948,31,,,1,99,,7953,31,,,1,98,,7955,31,,,1,102,,7954,31,,,1,96,,7956,31,,,1,101,,7952,31,,,1,99,,7951,31,,,1,98,,7957,31,,,1,102,,7958,31,,,1
3104,'SAM',521,,1137,31,,,1,99,,7976,31,,,1,103,,7979,31,,,1,100,,7978,31,,,1,100,,7981,31,,,1,101,,7984,31,,,1,100,,7985,31,,,1,100,,7980,31,,,1,102,,7975,31,,,1,101,,7982,31,,,1,101,,7977,31,,,1,101,,7983,31,,,1,100,,7971,31,,,1,98,,7973,31,,,1,99,,7969,31,,,1,99,,7974,31,,,1,100,,7967,31,,,1,99,,7968,31,,,1,98,,7970,31,,,1,102,,7972,31,,,1
3104,'SEM',444,,7994,31,,,1,77,,7995,31,,,1,91,,8006,31,,,1,21,,8008,31,,,1,23,,7988,31,,,1,73,,8007,31,,,1,28,,8004,31,,,1,69,,8002,31,,,1,75,,8003,31,,,1,22,,8005,31,,,1,100,,7986,31,,,1,101,,7987,31,,,1,100,,7990,31,,,1,101,,8009,31,,,1,100,,7989,31,,,1,102,,7992,31,,,1,100,,7993,31,,,1,96,,7991,31,,,1,104,,7996,31,,,1,97,,8001,31,,,1,105,,8000,31,,,1,100,,7997,31,,,1,102,,7998,31,,,1,100,,7999,31,,,1
3904,'DIM',822,,8313,21,,,1,112,,8307,21,,,1,82,,8314,21,,,1,30,,8317,21,,,1,73,,8308,21,,,1,27,,8306,21,,,1,73,,8316,21,,,1,29,,8311,21,,,1,74,,8300,21,,,1,27,,8315,21,,,1,70,,8309,21,,,1,31,,8310,21,,,1,72,,8299,21,,,1,30,,8312,21,,,1,71,,8295,21,,,1,31,,8296,21,,,1,68,,8301,21,,,1,28,,8302,21,,,1,70,,8303,21,,,1,83,,8304,21,,,1,98,,8297,21,,,1,100,,8305,21,,,1,100,,8298,21,,,1
3904,'SAM',822,,8333,21,,,1,112,,8326,21,,,1,82,,8337,21,,,1,30,,8327,21,,,1,70,,8318,21,,,1,30,,8324,21,,,1,76,,8330,21,,,1,26,,8328,21,,,1,74,,8334,21,,,1,27,,8325,21,,,1,70,,8331,21,,,1,31,,8332,21,,,1,71,,8338,21,,,1,31,,8329,21,,,1,72,,8335,21,,,1,24,,8336,21,,,1,74,,8339,21,,,1,28,,8340,21,,,1,70,,8319,21,,,1,86,,8320,21,,,1,97,,8322,21,,,1,98,,8321,21,,,1,100,,8323,21,,,1
3904,'SEM',617,,8364,21,,,1,27,,8357,21,,,1,14,,8363,21,,,1,51,,8345,21,,,1,29,,8360,21,,,1,71,,8341,21,,,1,31,,8358,21,,,1,70,,8365,21,,,1,35,,8343,21,,,1,67,,8344,21,,,1,33,,8355,21,,,1,69,,8359,21,,,1,31,,8361,21,,,1,68,,8352,21,,,1,32,,8356,21,,,1,67,,8362,21,,,1,38,,8342,21,,,1,74,,8347,21,,,1,30,,8349,21,,,1,71,,8350,21,,,1,102,,8366,21,,,1,111,,8353,21,,,1,99,,8354,21,,,1,105,,8346,21,,,1,100,,8348,21,,,1,94,,8351,21,,,1
7304,'DIM',535,,10839,49,,,1,70,,10828,49,,,1,102,,10832,49,,,1,101,,10835,49,,,1,100,,10831,49,,,1,101,,10833,49,,,1,100,,10836,49,,,1,100,,10840,49,,,1,102,,10834,49,,,1,101,,10837,49,,,1,101,,10830,49,,,1,100,,10838,49,,,1,100,,10841,49,,,1,100,,10824,49,,,1,99,,10821,49,,,1,97,,10827,49,,,1,100,,10823,49,,,1,99,,10822,49,,,1,99,,10825,49,,,1,101,,10826,49,,,1,99,,10829,49,,,1
7304,'SAM',535,,10861,49,,,1,70,,10851,49,,,1,102,,10856,49,,,1,101,,10853,49,,,1,100,,10852,49,,,1,101,,10857,49,,,1,100,,10859,49,,,1,101,,10855,49,,,1,101,,10845,49,,,1,101,,10858,49,,,1,101,,10854,49,,,1,100,,10860,49,,,1,100,,10862,49,,,1,100,,10844,49,,,1,98,,10842,49,,,1,98,,10843,49,,,1,100,,10847,49,,,1,99,,10846,49,,,1,99,,4131,49,,,1,101,,10848,49,,,1,99,,4133,49,,,1,100,,10849,49,,,1,100,,10850,49,,,1
7304,'SEM',457,,10894,49,,,1,81,,10891,49,,,1,81,,10897,49,,,1,18,,10900,49,,,1,71,,10896,49,,,1,14,,10893,49,,,1,14,,10869,49,,,1,68,,10871,49,,,1,14,,10892,49,,,1,15,,10898,49,,,1,25,,10887,49,,,1,71,,10865,49,,,1,80,,10864,49,,,1,29,,10880,49,,,1,70,,10895,49,,,1,30,,10866,49,,,1,71,,10870,49,,,1,36,,10879,49,,,1,65,,10872,49,,,1,30,,10899,49,,,1,70,,10867,49,,,1,30,,10868,49,,,1,72,,10876,49,,,1,31,,10863,49,,,1,72,,10873,49,,,1,39,,10883,49,,,1,62,,10881,49,,,1,29,,10875,49,,,1,69,,10882,49,,,1,36,,10877,49,,,1,60,,10888,49,,,1,30,,10874,49,,,1,70,,10884,49,,,1,30,,10886,49,,,1,73,,10878,49,,,1,97,,10890,49,,,1,100,,10885,49,,,1,103,,10889,49,,,1
7402,'DIM',635,,10961,62,,,2,101,,10964,62,,,2,101,,6451,62,,,2,101,,10965,62,,,2,101,,10963,62,,,2,100,,10962,62,,,2,101,,10968,62,,,2,100,,10967,62,,,2,103,,10969,62,,,2,99,,10966,62,,,2,99,,10956,62,,,2,102,,10955,62,,,2,98,,10957,62,,,2,98,,10958,62,,,2,100,,6443,62,,,2,100,,10959,62,,,2,99,,10960,62,,,2
7402,'SAM',635,,10977,62,,,2,101,,10981,62,,,2,101,,10979,62,,,2,101,,10976,62,,,2,101,,10980,62,,,2,100,,10982,62,,,2,101,,10985,62,,,2,101,,10978,62,,,2,100,,10983,62,,,2,101,,10986,62,,,2,100,,10984,62,,,2,100,,10970,62,,,2,99,,10972,62,,,2,98,,10974,62,,,2,100,,10973,62,,,2,100,,10975,62,,,2,99,,10971,62,,,2
7402,'SEM',554,,11000,62,,,2,88,,11005,62,,,2,60,,10988,62,,,2,41,,10999,62,,,2,100,,10989,62,,,2,99,,10987,62,,,2,99,,10991,62,,,2,101,,11001,62,,,2,97,,11004,62,,,2,100,,10990,62,,,2,101,,11003,62,,,2,101,,11002,62,,,2,100,,10992,62,,,2,98,,10993,62,,,2,100,,10996,62,,,2,98,,10998,62,,,2,99,,10994,62,,,2,103,,10995,62,,,2,99,,10997,62,,,2
