'OCRE25DIM',2002,85200,4,'',1,10100,4,'',1,9900,4,'',1,10200,4,'',1,9800,4,'',1,10000,4,'',1,10300,4,'',1,9800,4,'',1,10100,4,'',1,9900,4,'',1,9900,4,'',1,10100,4,'',1,9900,4,'',1,10000,4,'',1,10000,4,'',1,10300,4,'',1
'OCRE25SAM',2002,65000,4,'',1,10200,4,'',1,10000,4,'',1,10100,4,'',1,9900,4,'',1,9800,4,'',1,10200,4,'',1,10000,4,'',1,10500,4,'',1,9800,4,'',1,9900,4,'',1,9900,4,'',1,9900,4,'',1,10100,4,'',1,9900,4,'',1,10000,4,'',1,10000,4,'',1,10300,4,'',1
'OCRE25SEM',2002,71100,4,'',1,9600,4,'',1,4400,4,'',1,10100,4,'',1,9900,4,'',1,10000,4,'',1,10100,4,'',1,10000,4,'',1,10100,4,'',1,10500,4,'',1,8700,4,'',1,7300,4,'',1,3000,4,'',1,9500,4,'',1,10200,4,'',1,9700,4,'',1,9900,4,'',1,10000,4,'',1,9400,4,'',1,11200,4,'',1
'OCTO25DIM',2002,85200,4,'',1,10100,4,'',1,9900,4,'',1,10000,4,'',1,10100,4,'',1,10500,4,'',1,9900,4,'',1,9800,4,'',1,9900,4,'',1,9900,4,'',1,9900,4,'',1,10100,4,'',1,9900,4,'',1,10000,4,'',1,10000,4,'',1,10300,4,'',1
'OCTO25SAM',2002,65000,4,'',1,10200,4,'',1,10000,4,'',1,10100,4,'',1,9900,4,'',1,10200,4,'',1,9800,4,'',1,10000,4,'',1,10500,4,'',1,9800,4,'',1,9900,4,'',1,9900,4,'',1,9900,4,'',1,10100,4,'',1,9900,4,'',1,10000,4,'',1,10000,4,'',1,10300,4,'',1
'OCTO25SEM',2002,71100,4,'',1,9200,4,'',1,4800,4,'',1,10100,4,'',1,9900,4,'',1,10000,4,'',1,10100,4,'',1,10000,4,'',1,10100,4,'',1,10500,4,'',1,8800,4,'',1,6700,4,'',1,3500,4,'',1,9500,4,'',1,9900,4,'',1,10000,4,'',1,9900,4,'',1,10000,4,'',1,9500,4,'',1,10900,4,'',1
'OCRE25DIM',31303,63900,,'',2
'OCRE25SAM',31303,63900,,'',2
'OCRE25SEM',31303,64100,,'',2,86700,,'',2
'OCTO25DIM',31303,63900,,'',2
'OCTO25SAM',31303,63900,,'',2
'OCTO25SEM',31303,64000,,'',2,86700,,'',2
