202,'SAM',2619,,6879,8,,,1,81,,6880,8,,,1
202,'SEM',519,,6885,8,,,1,30,,6886,8,,,1,55,,6881,8,,,1,1999,,6882,8,,,1,41,,6883,8,,,1,81,,6884,8,,,1
1703,'DIM',614,,6972,6,,,1,89,,6965,6,,,1,99,,100,6,,,1,101,,6967,6,,,1,97,,6968,6,,,1,101,,6964,6,,,1,100,,6970,6,,,1,99,,6966,6,,,1,101,,6969,6,,,1,100,,6971,6,,,1,102,,6954,6,,,1,99,,6958,6,,,1,99,,6957,6,,,1,101,,6956,6,,,1,99,,6959,6,,,1,99,,6962,6,,,1,101,,6955,6,,,1,100,,6960,6,,,1,102,,6961,6,,,1,120,,6963,6,,,1
1703,'SAM',537,,6984,6,,,1,77,,6990,6,,,1,89,,121,6,,,1,99,,6981,6,,,1,101,,6983,6,,,1,97,,6985,6,,,1,100,,6989,6,,,1,101,,6987,6,,,1,100,,6982,6,,,1,100,,6988,6,,,1,100,,6986,6,,,1,102,,6991,6,,,1,100,,6992,6,,,1,99,,6973,6,,,1,100,,6978,6,,,1,99,,6975,6,,,1,99,,6974,6,,,1,101,,6976,6,,,1,100,,6979,6,,,1,102,,6980,6,,,1,120,,6977,6,,,1
1703,'SEM',556,,7010,6,,,1,102,,7012,6,,,1,145,,7011,6,,,1,56,,6996,6,,,1,100,,7009,6,,,1,100,,7008,6,,,1,100,,7014,6,,,1,100,,6997,6,,,1,100,,6994,6,,,1,98,,7013,6,,,1,75,,7016,6,,,1,20,,7015,6,,,1,76,,6993,6,,,1,23,,7004,6,,,1,78,,6995,6,,,1,80,,6998,6,,,1,30,,7001,6,,,1,69,,7006,6,,,1,99,,7007,6,,,1,100,,6999,6,,,1,100,,7000,6,,,1,100,,7002,6,,,1,100,,7003,6,,,1,104,,7005,6,,,1
2703,'DIM',857,,7780,6,,,2,100,,7783,6,,,2,98,,7785,6,,,2,102,,7779,6,,,2,95,,7787,6,,,2,106,,7782,6,,,2,101,,7784,6,,,2,100,,7781,6,,,2,100,,7786,6,,,2,100,,7773,6,,,2,100,,7775,6,,,2,98,,7774,6,,,2,100,,7778,6,,,2,100,,7772,6,,,2,102,,7771,6,,,2,100,,7776,6,,,2,100,,7777,6,,,2
2703,'SAM',657,,7797,6,,,2,100,,7798,6,,,2,100,,7796,6,,,2,100,,7806,6,,,2,100,,7800,6,,,2,100,,7803,6,,,2,94,,7799,6,,,2,107,,7801,6,,,2,142,,7802,6,,,2,59,,7795,6,,,2,94,,7804,6,,,2,106,,7805,6,,,2,100,,7790,6,,,2,98,,7793,6,,,2,100,,7788,6,,,2,100,,7789,6,,,2,102,,7791,6,,,2,100,,7792,6,,,2,100,,7794,6,,,2
2703,'SEM',803,,7823,6,,,2,50,,7809,6,,,2,100,,7815,6,,,2,100,,7808,6,,,2,99,,7825,6,,,2,90,,7822,6,,,2,103,,7826,6,,,2,100,,7812,6,,,2,81,,7810,6,,,2,82,,7824,6,,,2,15,,7807,6,,,2,30,,7814,6,,,2,79,,7811,6,,,2,25,,7821,6,,,2,96,,7818,6,,,2,87,,7820,6,,,2,103,,7817,6,,,2,102,,7813,6,,,2,100,,7816,6,,,2,100,,11960,6,,,2,100,,7819,6,,,2
3103,'DIM',633,,7902,8,,,1,99,,7901,8,,,1,99,,1058,8,,,1,99,,7906,8,,,1,99,,7905,8,,,1,100,,7903,8,,,1,102,,7892,8,,,1,100,,7904,8,,,1,99,,7891,8,,,1,102,,7890,8,,,1,99,,7895,8,,,1,99,,7897,8,,,1,103,,7896,8,,,1,97,,7898,8,,,1,101,,7894,8,,,1,100,,7893,8,,,1,100,,7899,8,,,1,101,,7900,8,,,1
3103,'SAM',633,,7919,8,,,1,99,,7918,8,,,1,99,,1075,8,,,1,99,,7923,8,,,1,99,,7924,8,,,1,100,,7920,8,,,1,100,,7916,8,,,1,101,,7921,8,,,1,100,,7917,8,,,1,102,,7922,8,,,1,100,,7911,8,,,1,99,,7913,8,,,1,100,,7909,8,,,1,100,,7914,8,,,1,100,,7907,8,,,1,100,,7908,8,,,1,100,,7910,8,,,1,102,,7912,8,,,1,95,,7915,8,,,1
3103,'SEM',628,,7946,8,,,1,99,,7944,8,,,1,100,,7945,8,,,1,100,,7925,8,,,1,101,,7926,8,,,1,100,,7928,8,,,1,100,,7947,8,,,1,100,,7927,8,,,1,100,,7932,8,,,1,98,,7933,8,,,1,11,,7934,8,,,1,76,,7929,8,,,1,30,,7938,8,,,1,80,,7935,8,,,1,30,,7931,8,,,1,76,,7943,8,,,1,30,,7930,8,,,1,76,,7942,8,,,1,100,,7936,8,,,1,101,,7939,8,,,1,100,,7940,8,,,1,98,,7937,8,,,1,114,,7941,8,,,1
4303,'DIM',633,,8818,6,,,1,100,,8820,6,,,1,100,,8824,6,,,1,100,,8822,6,,,1,106,,8823,6,,,1,101,,8821,6,,,1,100,,8827,6,,,1,99,,8825,6,,,1,103,,8826,6,,,1,97,,8808,6,,,1,99,,8809,6,,,1,104,,8811,6,,,1,92,,8814,6,,,1,99,,8813,6,,,1,100,,8810,6,,,1,100,,8812,6,,,1,100,,8819,6,,,1,100,,8815,6,,,1,100,,8817,6,,,1,100,,8816,6,,,1
4303,'SAM',633,,8839,6,,,1,100,,8829,6,,,1,100,,8844,6,,,1,100,,8830,6,,,1,106,,8831,6,,,1,101,,8842,6,,,1,100,,8840,6,,,1,99,,8845,6,,,1,102,,8841,6,,,1,101,,8843,6,,,1,98,,8828,6,,,1,98,,8846,6,,,1,96,,8835,6,,,1,99,,8832,6,,,1,100,,2041,6,,,1,100,,8833,6,,,1,100,,8834,6,,,1,100,,8838,6,,,1,100,,8836,6,,,1,100,,8837,6,,,1
4303,'SEM',633,,8866,6,,,1,100,,8867,6,,,1,81,,8850,6,,,1,104,,8868,6,,,1,31,,8849,6,,,1,69,,8864,6,,,1,30,,8856,6,,,1,70,,8852,6,,,1,30,,8870,6,,,1,70,,8869,6,,,1,30,,8865,6,,,1,72,,8853,6,,,1,28,,8854,6,,,1,70,,8858,6,,,1,30,,8871,6,,,1,70,,8848,6,,,1,25,,8855,6,,,1,70,,8851,6,,,1,19,,8872,6,,,1,76,,8857,6,,,1,31,,8847,6,,,1,71,,8861,6,,,1,102,,8862,6,,,1,101,,8863,6,,,1,101,,11970,6,,,1,101,,11971,6,,,1,110,,8859,6,,,1,106,,8860,6,,,1
4803,'DIM',703,,9218,6,,,1,103,,9222,6,,,1,102,,9226,6,,,1,99,,9209,6,,,1,102,,9219,6,,,1,101,,9220,6,,,1,95,,9225,6,,,1,105,,9221,6,,,1,99,,9223,6,,,1,100,,9210,6,,,1,100,,9224,6,,,1,100,,9212,6,,,1,95,,9216,6,,,1,100,,9215,6,,,1,100,,9214,6,,,1,99,,2438,6,,,1,100,,9211,6,,,1,35,,9213,6,,,1,121,,9217,6,,,1
4803,'SAM',603,,2450,6,,,1,100,,9238,6,,,1,102,,9241,6,,,1,103,,9245,6,,,1,99,,9236,6,,,1,101,,9244,6,,,1,101,,9239,6,,,1,94,,9242,6,,,1,106,,9240,6,,,1,100,,9237,6,,,1,100,,9243,6,,,1,100,,9230,6,,,1,100,,9232,6,,,1,95,,9228,6,,,1,100,,9227,6,,,1,98,,9229,6,,,1,101,,9234,6,,,1,100,,9235,6,,,1,35,,9231,6,,,1,121,,9233,6,,,1
4803,'SEM',558,,9265,6,,,1,60,,9267,6,,,1,37,,9258,6,,,1,73,,9268,6,,,1,31,,9271,6,,,1,64,,9254,6,,,1,80,,9253,6,,,1,30,,9248,6,,,1,95,,9255,6,,,1,100,,9250,6,,,1,100,,9249,6,,,1,100,,9269,6,,,1,80,,9246,6,,,1,101,,9251,6,,,1,35,,9266,6,,,1,64,,9247,6,,,1,30,,9270,6,,,1,70,,9259,6,,,1,30,,9252,6,,,1,70,,9260,6,,,1,95,,9264,6,,,1,100,,9256,6,,,1,100,,9257,6,,,1,99,,11981,6,,,1,100,,9262,6,,,1,99,,9261,6,,,1,51,,9263,6,,,1,73,,11982,6,,,1
5801,'DIM',523,,9832,6,,,2,100,,9814,6,,,2,90,,9823,6,,,2,99,,9826,6,,,2,99,,9829,6,,,2,100,,9822,6,,,2,102,,9831,6,,,2,98,,9828,6,,,2,103,,9825,6,,,2,99,,9827,6,,,2,102,,9824,6,,,2,99,,9817,6,,,2,101,,9830,6,,,2,99,,9813,6,,,2,99,,9821,6,,,2,99,,9816,6,,,2,101,,9815,6,,,2,100,,9819,6,,,2,99,,9818,6,,,2,110,,9820,6,,,2
5801,'SAM',523,,9852,6,,,2,100,,9844,6,,,2,90,,9843,6,,,2,99,,9848,6,,,2,100,,9846,6,,,2,99,,9849,6,,,2,102,,9851,6,,,2,98,,9833,6,,,2,101,,9842,6,,,2,101,,9847,6,,,2,101,,9845,6,,,2,101,,9850,6,,,2,100,,9836,6,,,2,100,,9840,6,,,2,98,,9834,6,,,2,99,,9841,6,,,2,101,,9837,6,,,2,100,,9839,6,,,2,99,,9835,6,,,2,110,,9838,6,,,2
5801,'SEM',513,,9866,6,,,2,28,,9863,6,,,2,82,,9875,6,,,2,82,,9864,6,,,2,46,,9870,6,,,2,85,,9857,6,,,2,99,,9876,6,,,2,100,,9853,6,,,2,100,,9858,6,,,2,100,,9874,6,,,2,100,,9854,6,,,2,86,,9865,6,,,2,31,,9855,6,,,2,72,,9877,6,,,2,28,,9860,6,,,2,75,,9862,6,,,2,28,,9861,6,,,2,68,,9856,6,,,2,29,,9873,6,,,2,70,,9859,6,,,2,30,,9872,6,,,2,100,,11991,6,,,2,100,,9868,6,,,2,99,,9867,6,,,2,100,,9869,6,,,2,100,,9871,6,,,2
6002,'DIM',653,,9994,6,,,1,100,,10003,6,,,1,99,,10001,6,,,1,100,,10002,6,,,1,100,,10004,6,,,1,100,,10007,6,,,1,100,,10005,6,,,1,100,,10008,6,,,1,100,,10006,6,,,1,99,,10009,6,,,1,99,,10010,6,,,1,101,,9996,6,,,1,101,,9998,6,,,1,101,,9997,6,,,1,101,,9999,6,,,1,100,,9993,6,,,1,100,,9995,6,,,1,99,,10000,6,,,1
6002,'SAM',653,,10022,6,,,1,100,,10013,6,,,1,99,,10025,6,,,1,100,,10027,6,,,1,100,,10023,6,,,1,100,,10026,6,,,1,100,,10024,6,,,1,100,,10012,6,,,1,100,,10028,6,,,1,99,,10011,6,,,1,99,,10015,6,,,1,103,,10020,6,,,1,99,,10016,6,,,1,101,,10017,6,,,1,101,,10021,6,,,1,100,,10014,6,,,1,100,,10018,6,,,1,99,,10019,6,,,1
6002,'SEM',624,,10045,6,,,1,100,,10043,6,,,1,100,,10030,6,,,1,99,,10046,6,,,1,100,,10044,6,,,1,101,,10035,6,,,1,100,,10029,6,,,1,99,,10031,6,,,1,101,,10042,6,,,1,98,,10032,6,,,1,101,,10037,6,,,1,107,,10034,6,,,1,94,,10040,6,,,1,101,,10038,6,,,1,99,,10033,6,,,1,100,,10036,6,,,1,99,,10039,6,,,1,90,,10041,6,,,1,100,,11993,6,,,1
7002,'DIM',657,,10662,6,,,1,102,,10669,6,,,1,100,,3943,6,,,1,100,,10665,6,,,1,68,,10666,6,,,1,73,,10668,6,,,1,29,,10658,6,,,1,25,,10667,6,,,1,75,,10664,6,,,1,25,,10673,6,,,1,79,,10671,6,,,1,67,,10674,6,,,1,36,,10656,6,,,1,65,,10670,6,,,1,31,,10676,6,,,1,23,,10672,6,,,1,78,,10675,6,,,1,68,,10660,6,,,1,36,,10678,6,,,1,74,,3946,6,,,1,97,,10677,6,,,1,95,,10655,6,,,1,55,,10657,6,,,1,101,,10661,6,,,1,99,,10659,6,,,1,143,,10663,6,,,1
7002,'SAM',656,,10705,6,,,1,103,,10685,6,,,1,100,,10693,6,,,1,100,,10692,6,,,1,65,,10701,6,,,1,76,,10706,6,,,1,29,,10703,6,,,1,24,,10697,6,,,1,75,,10696,6,,,1,26,,10695,6,,,1,79,,10698,6,,,1,75,,10694,6,,,1,27,,10704,6,,,1,65,,10702,6,,,1,28,,10700,6,,,1,26,,10699,6,,,1,79,,10688,6,,,1,69,,10684,6,,,1,36,,10686,6,,,1,74,,10681,6,,,1,96,,10690,6,,,1,95,,10682,6,,,1,56,,10683,6,,,1,100,,10689,6,,,1,99,,10687,6,,,1,143,,10691,6,,,1
7002,'SEM',531,,10714,6,,,1,96,,10734,6,,,1,26,,10735,6,,,1,73,,10713,6,,,1,76,,10716,6,,,1,27,,10718,6,,,1,30,,10733,6,,,1,70,,10711,6,,,1,30,,10740,6,,,1,70,,10719,6,,,1,27,,10741,6,,,1,73,,10736,6,,,1,26,,10738,6,,,1,74,,10737,6,,,1,29,,10712,6,,,1,70,,10739,6,,,1,24,,10732,6,,,1,76,,10717,6,,,1,31,,10720,6,,,1,70,,10715,6,,,1,30,,10709,6,,,1,73,,10710,6,,,1,68,,10723,6,,,1,33,,10724,6,,,1,26,,10728,6,,,1,73,,10727,6,,,1,91,,10725,6,,,1,83,,10729,6,,,1,94,,10721,6,,,1,112,,10726,6,,,1,106,,10722,6,,,1,99,,10731,6,,,1,105,,10730,6,,,1
7303,'DIM',648,,10755,6,,,1,99,,10752,6,,,1,100,,10753,6,,,1,98,,10756,6,,,1,100,,10759,6,,,1,100,,10754,6,,,1,100,,10757,6,,,1,101,,10751,6,,,1,99,,10758,6,,,1,102,,10760,6,,,1,99,,10745,6,,,1,100,,10742,6,,,1,101,,10748,6,,,1,99,,10744,6,,,1,100,,10743,6,,,1,100,,10746,6,,,1,100,,10747,6,,,1,102,,10750,6,,,1,105,,10749,6,,,1
7303,'SAM',555,,10775,6,,,1,93,,10772,6,,,1,99,,10771,6,,,1,100,,10776,6,,,1,98,,10778,6,,,1,101,,10774,6,,,1,99,,10764,6,,,1,100,,10777,6,,,1,101,,10773,6,,,1,99,,10779,6,,,1,102,,10780,6,,,1,101,,10763,6,,,1,99,,10761,6,,,1,99,,10762,6,,,1,100,,10766,6,,,1,100,,10765,6,,,1,100,,4040,6,,,1,100,,10767,6,,,1,102,,4041,6,,,1,105,,10768,6,,,1,100,,10770,6,,,1,100,,10769,6,,,1
7303,'SEM',541,,10817,6,,,1,66,,10814,6,,,1,38,,10813,6,,,1,10,,10818,6,,,1,78,,10807,6,,,1,16,,10783,6,,,1,83,,10815,6,,,1,12,,10782,6,,,1,70,,10800,6,,,1,31,,10816,6,,,1,69,,10784,6,,,1,31,,10789,6,,,1,69,,10799,6,,,1,31,,10790,6,,,1,69,,10819,6,,,1,30,,10785,6,,,1,70,,10788,6,,,1,30,,10794,6,,,1,70,,10781,6,,,1,30,,10791,6,,,1,75,,10820,6,,,1,24,,10801,6,,,1,15,,10793,6,,,1,61,,10786,6,,,1,16,,10787,6,,,1,23,,10797,6,,,1,57,,10795,6,,,1,30,,10808,6,,,1,55,,10796,6,,,1,16,,10792,6,,,1,33,,10802,6,,,1,70,,10805,6,,,1,32,,10798,6,,,1,100,,10810,6,,,1,100,,10803,6,,,1,100,,10809,6,,,1,100,,10804,6,,,1,81,,10806,6,,,1,95,,10811,6,,,1,121,,10812,6,,,1
7401,'DIM',718,,10911,6,,,2,99,,10912,6,,,2,101,,10915,6,,,2,97,,10914,6,,,2,101,,10916,6,,,2,100,,10913,6,,,2,100,,10910,6,,,2,99,,10909,6,,,2,102,,10917,6,,,2,99,,10903,6,,,2,102,,10904,6,,,2,99,,10906,6,,,2,100,,10907,6,,,2,99,,10908,6,,,2,101,,10902,6,,,2,99,,10901,6,,,2,101,,10905,6,,,2
7401,'SAM',718,,10926,6,,,2,99,,10928,6,,,2,101,,10927,6,,,2,98,,10930,6,,,2,100,,10932,6,,,2,100,,10934,6,,,2,101,,10929,6,,,2,98,,10933,6,,,2,101,,10931,6,,,2,100,,10918,6,,,2,101,,10921,6,,,2,101,,10923,6,,,2,100,,10922,6,,,2,98,,10924,6,,,2,101,,10919,6,,,2,99,,10925,6,,,2,101,,10920,6,,,2
7401,'SEM',620,,10950,6,,,2,95,,10935,6,,,2,100,,10949,6,,,2,103,,10939,6,,,2,101,,10940,6,,,2,101,,10953,6,,,2,99,,10938,6,,,2,101,,10952,6,,,2,100,,10951,6,,,2,93,,10937,6,,,2,93,,10941,6,,,2,101,,10936,6,,,2,30,,10943,6,,,2,85,,10948,6,,,2,100,,10942,6,,,2,101,,10945,6,,,2,100,,10946,6,,,2,100,,10944,6,,,2,100,,12005,6,,,2,95,,10947,6,,,2
34503,'SEM',434,,11786,8,,,1,100,,11787,8,,,1
