1704,'DIM',510,,160,41,,,1,90,,161,41,,,1,101,,166,41,,,1,103,,159,41,,,1,101,,164,41,,,1,101,,163,41,,,1,101,,165,41,,,1,100,,167,41,,,1,101,,168,41,,,1,101,,162,41,,,1,102,,148,41,,,1,99,,149,41,,,1,100,,152,41,,,1,100,,154,41,,,1,98,,153,41,,,1,98,,151,41,,,1,100,,155,41,,,1,98,,158,41,,,1,99,,150,41,,,1,99,,156,41,,,1,56,,157,41,,,1
1704,'SAM',510,,181,41,,,1,90,,182,41,,,1,101,,188,41,,,1,103,,185,41,,,1,101,,180,41,,,1,101,,184,41,,,1,101,,189,41,,,1,100,,187,41,,,1,101,,186,41,,,1,101,,183,41,,,1,101,,170,41,,,1,100,,171,41,,,1,101,,173,41,,,1,99,,175,41,,,1,98,,169,41,,,1,98,,177,41,,,1,100,,174,41,,,1,98,,172,41,,,1,99,,176,41,,,1,99,,178,41,,,1,56,,179,41,,,1
1704,'SEM',522,,204,41,,,1,94,,208,41,,,1,22,,211,41,,,1,62,,191,41,,,1,27,,195,41,,,1,76,,196,41,,,1,21,,190,41,,,1,98,,193,41,,,1,85,,194,41,,,1,100,,197,41,,,1,100,,207,41,,,1,100,,209,41,,,1,100,,199,41,,,1,102,,210,41,,,1,101,,192,41,,,1,105,,200,41,,,1,95,,198,41,,,1,97,,201,41,,,1,100,,206,41,,,1,100,,5222,41,,,1,99,,202,41,,,1,100,,203,41,,,1,99,,205,41,,,1
2704,'DIM',757,,991,46,,,2,101,,992,46,,,2,100,,987,46,,,2,99,,989,46,,,2,98,,990,46,,,2,103,,986,46,,,2,95,,993,46,,,2,147,,988,46,,,2,100,,979,46,,,2,100,,983,46,,,2,100,,984,46,,,2,59,,980,46,,,2,100,,982,46,,,2,98,,981,46,,,2,100,,985,46,,,2,100,,978,46,,,2
2704,'SAM',656,,1006,46,,,2,101,,1002,46,,,2,101,,1003,46,,,2,100,,1001,46,,,2,99,,1010,46,,,2,100,,1005,46,,,2,101,,1008,46,,,2,94,,1004,46,,,2,148,,1007,46,,,2,100,,997,46,,,2,100,,998,46,,,2,53,,1000,46,,,2,106,,1009,46,,,2,100,,996,46,,,2,98,,999,46,,,2,100,,994,46,,,2,100,,995,46,,,2
2704,'SEM',620,,1032,46,,,2,28,,1012,46,,,2,68,,1029,46,,,2,28,,1015,46,,,2,67,,1016,46,,,2,28,,1034,46,,,2,66,,1031,46,,,2,49,,1030,46,,,2,100,,1019,46,,,2,148,,1011,46,,,2,55,,1033,46,,,2,88,,1014,46,,,2,106,,1013,46,,,2,107,,1024,46,,,2,77,,1025,46,,,2,80,,1020,46,,,2,13,,1017,46,,,2,30,,1018,46,,,2,71,,1022,46,,,2,75,,1027,46,,,2,100,,1023,46,,,2,45,,1026,46,,,2,95,,1021,46,,,2,104,,1028,46,,,2
3104,'DIM',630,,1107,51,,,1,104,,1108,51,,,1,100,,1106,51,,,1,102,,1112,51,,,1,101,,1113,51,,,1,100,,1111,51,,,1,100,,1109,51,,,1,103,,1097,51,,,1,101,,1110,51,,,1,100,,1096,51,,,1,101,,1095,51,,,1,99,,1100,51,,,1,97,,1102,51,,,1,102,,1101,51,,,1,96,,1103,51,,,1,99,,1099,51,,,1,99,,1098,51,,,1,98,,1104,51,,,1,102,,1105,51,,,1
3104,'SAM',530,,1130,51,,,1,100,,1123,51,,,1,104,,1126,51,,,1,100,,1125,51,,,1,102,,1128,51,,,1,101,,1132,51,,,1,100,,1133,51,,,1,100,,1127,51,,,1,102,,1122,51,,,1,101,,1129,51,,,1,101,,1124,51,,,1,101,,1131,51,,,1,100,,1118,51,,,1,97,,1120,51,,,1,99,,1116,51,,,1,99,,1121,51,,,1,98,,1114,51,,,1,99,,1115,51,,,1,98,,1117,51,,,1,102,,1119,51,,,1
3104,'SEM',454,,1142,51,,,1,77,,1143,51,,,1,92,,1154,51,,,1,21,,1156,51,,,1,64,,1136,51,,,1,34,,1155,51,,,1,68,,1152,51,,,1,29,,1150,51,,,1,75,,1151,51,,,1,22,,1153,51,,,1,100,,1134,51,,,1,102,,1135,51,,,1,100,,1138,51,,,1,101,,1157,51,,,1,100,,1137,51,,,1,102,,1140,51,,,1,100,,1141,51,,,1,96,,1139,51,,,1,103,,1144,51,,,1,96,,1149,51,,,1,105,,1148,51,,,1,99,,1145,51,,,1,101,,1146,51,,,1,100,,1147,51,,,1
4304,'DIM',506,,2049,26,,,1,103,,2043,26,,,1,100,,2039,26,,,1,102,,2041,26,,,1,102,,2046,26,,,1,100,,2044,26,,,1,106,,2045,26,,,1,100,,2042,26,,,1,100,,2050,26,,,1,100,,2047,26,,,1,104,,2048,26,,,1,99,,2031,26,,,1,99,,2032,26,,,1,101,,2034,26,,,1,94,,2037,26,,,1,98,,2036,26,,,1,99,,2033,26,,,1,99,,2035,26,,,1,100,,2040,26,,,1,100,,2038,26,,,1
4304,'SAM',506,,2068,26,,,1,103,,2065,26,,,1,100,,2062,26,,,1,102,,2052,26,,,1,102,,2069,26,,,1,100,,2053,26,,,1,106,,2054,26,,,1,100,,2066,26,,,1,100,,2063,26,,,1,100,,2070,26,,,1,103,,2064,26,,,1,101,,2067,26,,,1,98,,2051,26,,,1,97,,2071,26,,,1,98,,2058,26,,,1,98,,2055,26,,,1,99,,2059,26,,,1,99,,2056,26,,,1,100,,2057,26,,,1,100,,2061,26,,,1,98,,2060,26,,,1
4304,'SEM',523,,2091,26,,,1,35,,2097,26,,,1,75,,2072,26,,,1,25,,2074,26,,,1,61,,2095,26,,,1,31,,2073,26,,,1,73,,2096,26,,,1,33,,2077,26,,,1,75,,2092,26,,,1,28,,2098,26,,,1,71,,2076,26,,,1,70,,2093,26,,,1,30,,2083,26,,,1,70,,2079,26,,,1,30,,2100,26,,,1,70,,2099,26,,,1,30,,2094,26,,,1,72,,2080,26,,,1,29,,2081,26,,,1,70,,2085,26,,,1,36,,2101,26,,,1,66,,2075,26,,,1,26,,2082,26,,,1,30,,2078,26,,,1,96,,2084,26,,,1,97,,2087,26,,,1,100,,2089,26,,,1,101,,2090,26,,,1,99,,5232,26,,,1,101,,5233,26,,,1,150,,2086,26,,,1,20,,2088,26,,,1
6001,'DIM',812,,3103,50,,,1,103,,3111,50,,,1,102,,3109,50,,,1,104,,3110,50,,,1,101,,3112,50,,,1,102,,3115,50,,,1,102,,3113,50,,,1,100,,3116,50,,,1,100,,3114,50,,,1,102,,3117,50,,,1,92,,3118,50,,,1,99,,3105,50,,,1,98,,3107,50,,,1,97,,3106,50,,,1,99,,3108,50,,,1,99,,3102,50,,,1,100,,3104,50,,,1
6001,'SAM',709,,3125,50,,,1,103,,3130,50,,,1,103,,3121,50,,,1,102,,3133,50,,,1,103,,3135,50,,,1,102,,3131,50,,,1,102,,3134,50,,,1,102,,3132,50,,,1,100,,3120,50,,,1,100,,3136,50,,,1,102,,3119,50,,,1,92,,3123,50,,,1,100,,3128,50,,,1,97,,3124,50,,,1,97,,3126,50,,,1,99,,3129,50,,,1,99,,3122,50,,,1,100,,3127,50,,,1
6001,'SEM',554,,3151,50,,,1,101,,3137,50,,,1,87,,3155,50,,,1,78,,3149,50,,,1,37,,3153,50,,,1,101,,3139,50,,,1,101,,3156,50,,,1,141,,3154,50,,,1,104,,3140,50,,,1,100,,3138,50,,,1,101,,3150,50,,,1,102,,3152,50,,,1,99,,3141,50,,,1,102,,3145,50,,,1,96,,3143,50,,,1,49,,3148,50,,,1,98,,3146,50,,,1,98,,3142,50,,,1,99,,3144,50,,,1,94,,3147,50,,,1
7304,'DIM',545,,4008,69,,,1,70,,3997,69,,,1,103,,4001,69,,,1,101,,4004,69,,,1,102,,4000,69,,,1,101,,4002,69,,,1,100,,4005,69,,,1,100,,4009,69,,,1,102,,4003,69,,,1,101,,4006,69,,,1,101,,3999,69,,,1,100,,4007,69,,,1,100,,4010,69,,,1,99,,3993,69,,,1,99,,3990,69,,,1,97,,3996,69,,,1,99,,3992,69,,,1,99,,3991,69,,,1,98,,3994,69,,,1,101,,3995,69,,,1,99,,3998,69,,,1
7304,'SAM',545,,4032,69,,,1,70,,4022,69,,,1,103,,4027,69,,,1,101,,4024,69,,,1,102,,4023,69,,,1,101,,4028,69,,,1,100,,4030,69,,,1,101,,4026,69,,,1,101,,4014,69,,,1,101,,4029,69,,,1,101,,4025,69,,,1,100,,4031,69,,,1,100,,4033,69,,,1,99,,4013,69,,,1,98,,4011,69,,,1,98,,4012,69,,,1,99,,4016,69,,,1,99,,4015,69,,,1,98,,4017,69,,,1,101,,4018,69,,,1,99,,4020,69,,,1,100,,4019,69,,,1,99,,4021,69,,,1
7304,'SEM',507,,4063,69,,,1,42,,4060,69,,,1,82,,4066,69,,,1,18,,4069,69,,,1,71,,4065,69,,,1,15,,4062,69,,,1,14,,4040,69,,,1,68,,4042,69,,,1,14,,4061,69,,,1,15,,4067,69,,,1,65,,4056,69,,,1,31,,4036,69,,,1,80,,4035,69,,,1,29,,4050,69,,,1,70,,4064,69,,,1,30,,4037,69,,,1,71,,5270,69,,,1,36,,4049,69,,,1,66,,5268,69,,,1,30,,4068,69,,,1,70,,4038,69,,,1,30,,4039,69,,,1,73,,4046,69,,,1,31,,4034,69,,,1,72,,4043,69,,,1,79,,4053,69,,,1,22,,4051,69,,,1,27,,4045,69,,,1,69,,4052,69,,,1,76,,4047,69,,,1,20,,4057,69,,,1,29,,4044,69,,,1,70,,4054,69,,,1,30,,4055,69,,,1,73,,4048,69,,,1,96,,4059,69,,,1,99,,5269,69,,,1,103,,4058,69,,,1
7402,'DIM',646,,4133,82,,,2,102,,4136,82,,,2,101,,4138,82,,,2,101,,4137,82,,,2,102,,4135,82,,,2,100,,4134,82,,,2,101,,4141,82,,,2,100,,4140,82,,,2,103,,4142,82,,,2,99,,4139,82,,,2,99,,4127,82,,,2,101,,4126,82,,,2,98,,4128,82,,,2,98,,4130,82,,,2,99,,4129,82,,,2,100,,4131,82,,,2,98,,4132,82,,,2
7402,'SAM',646,,4150,82,,,2,102,,4154,82,,,2,101,,4152,82,,,2,101,,4149,82,,,2,102,,4153,82,,,2,100,,4155,82,,,2,101,,4158,82,,,2,101,,4151,82,,,2,100,,4156,82,,,2,101,,4159,82,,,2,100,,4157,82,,,2,99,,4143,82,,,2,99,,4145,82,,,2,98,,4147,82,,,2,99,,4146,82,,,2,100,,4148,82,,,2,98,,4144,82,,,2
7402,'SEM',605,,4173,82,,,2,49,,4178,82,,,2,60,,4161,82,,,2,42,,4172,82,,,2,100,,4162,82,,,2,99,,4160,82,,,2,99,,4164,82,,,2,101,,4174,82,,,2,97,,4177,82,,,2,100,,4163,82,,,2,101,,4176,82,,,2,102,,4175,82,,,2,100,,4165,82,,,2,97,,4166,82,,,2,100,,4169,82,,,2,97,,4171,82,,,2,99,,4167,82,,,2,102,,4168,82,,,2,98,,4170,82,,,2
