1704,'DIM',509,,7029,39,,,1,50,,7030,39,,,1,141,,7034,39,,,1,103,,7028,39,,,1,101,,165,39,,,1,101,,7032,39,,,1,101,,7033,39,,,1,100,,7035,39,,,1,101,,7036,39,,,1,101,,7031,39,,,1,102,,7017,39,,,1,99,,7018,39,,,1,100,,7021,39,,,1,100,,7023,39,,,1,98,,7022,39,,,1,98,,7020,39,,,1,100,,7024,39,,,1,98,,7027,39,,,1,99,,7019,39,,,1,99,,7025,39,,,1,56,,7026,39,,,1
1704,'SAM',509,,7049,39,,,1,50,,7050,39,,,1,141,,7056,39,,,1,103,,7053,39,,,1,101,,7048,39,,,1,101,,7052,39,,,1,101,,7057,39,,,1,100,,7055,39,,,1,101,,7054,39,,,1,101,,7051,39,,,1,101,,7038,39,,,1,100,,7039,39,,,1,101,,7041,39,,,1,99,,7043,39,,,1,98,,7037,39,,,1,98,,7045,39,,,1,100,,7042,39,,,1,98,,7040,39,,,1,99,,7044,39,,,1,99,,7046,39,,,1,56,,7047,39,,,1
1704,'SEM',521,,7072,39,,,1,94,,7077,39,,,1,22,,7080,39,,,1,22,,7059,39,,,1,67,,7063,39,,,1,76,,7064,39,,,1,21,,7058,39,,,1,98,,7061,39,,,1,85,,7062,39,,,1,100,,7065,39,,,1,100,,7076,39,,,1,100,,7078,39,,,1,100,,7067,39,,,1,102,,7079,39,,,1,101,,7060,39,,,1,105,,7068,39,,,1,95,,7066,39,,,1,97,,7069,39,,,1,100,,7074,39,,,1,100,,7075,39,,,1,99,,7070,39,,,1,100,,7071,39,,,1,99,,7073,39,,,1
2704,'DIM',756,,7846,44,,,2,101,,7847,44,,,2,100,,7842,44,,,2,99,,7844,44,,,2,98,,7845,44,,,2,103,,7841,44,,,2,95,,7848,44,,,2,107,,7843,44,,,2,100,,7834,44,,,2,100,,7838,44,,,2,100,,7839,44,,,2,99,,7835,44,,,2,100,,7837,44,,,2,98,,7836,44,,,2,100,,7840,44,,,2,100,,7833,44,,,2
2704,'SAM',655,,7861,44,,,2,101,,7857,44,,,2,101,,7858,44,,,2,100,,7856,44,,,2,99,,7865,44,,,2,100,,7860,44,,,2,101,,7863,44,,,2,94,,7859,44,,,2,108,,7862,44,,,2,100,,7852,44,,,2,100,,7853,44,,,2,93,,7855,44,,,2,106,,7864,44,,,2,100,,7851,44,,,2,98,,7854,44,,,2,100,,7849,44,,,2,100,,7850,44,,,2
2704,'SEM',619,,7887,44,,,2,28,,7867,44,,,2,68,,7884,44,,,2,28,,7870,44,,,2,67,,7871,44,,,2,28,,7889,44,,,2,66,,7886,44,,,2,49,,7885,44,,,2,100,,7874,44,,,2,148,,7866,44,,,2,55,,7888,44,,,2,88,,7869,44,,,2,106,,7868,44,,,2,107,,7879,44,,,2,77,,7880,44,,,2,80,,7875,44,,,2,13,,7872,44,,,2,30,,7873,44,,,2,71,,7877,44,,,2,75,,7882,44,,,2,100,,7878,44,,,2,45,,7881,44,,,2,95,,7876,44,,,2,104,,7883,44,,,2
3104,'DIM',629,,7960,49,,,1,104,,7961,49,,,1,100,,7959,49,,,1,102,,7965,49,,,1,101,,7966,49,,,1,100,,7964,49,,,1,100,,7962,49,,,1,103,,7950,49,,,1,101,,7963,49,,,1,100,,7949,49,,,1,101,,7948,49,,,1,99,,7953,49,,,1,97,,7955,49,,,1,102,,7954,49,,,1,96,,7956,49,,,1,99,,7952,49,,,1,99,,7951,49,,,1,98,,7957,49,,,1,102,,7958,49,,,1
3104,'SAM',529,,1137,49,,,1,100,,7976,49,,,1,104,,7979,49,,,1,100,,7978,49,,,1,102,,7981,49,,,1,101,,7984,49,,,1,100,,7985,49,,,1,100,,7980,49,,,1,102,,7975,49,,,1,101,,7982,49,,,1,101,,7977,49,,,1,101,,7983,49,,,1,100,,7971,49,,,1,97,,7973,49,,,1,99,,7969,49,,,1,99,,7974,49,,,1,98,,7967,49,,,1,99,,7968,49,,,1,98,,7970,49,,,1,102,,7972,49,,,1
3104,'SEM',453,,7994,49,,,1,77,,7995,49,,,1,92,,8006,49,,,1,21,,8008,49,,,1,64,,7988,49,,,1,34,,8007,49,,,1,68,,8004,49,,,1,29,,8002,49,,,1,75,,8003,49,,,1,22,,8005,49,,,1,100,,7986,49,,,1,102,,7987,49,,,1,100,,7990,49,,,1,101,,8009,49,,,1,100,,7989,49,,,1,102,,7992,49,,,1,100,,7993,49,,,1,96,,7991,49,,,1,103,,7996,49,,,1,96,,8001,49,,,1,105,,8000,49,,,1,99,,7997,49,,,1,101,,7998,49,,,1,100,,7999,49,,,1
3904,'DIM',840,,8313,49,,,1,112,,8307,49,,,1,82,,8314,49,,,1,70,,8317,49,,,1,33,,8308,49,,,1,67,,8306,49,,,1,33,,8316,49,,,1,69,,8311,49,,,1,34,,8300,49,,,1,67,,8315,49,,,1,30,,8309,49,,,1,71,,8310,49,,,1,32,,8299,49,,,1,70,,8312,49,,,1,31,,8295,49,,,1,71,,8296,49,,,1,28,,8301,49,,,1,68,,8302,49,,,1,29,,8303,49,,,1,83,,8304,49,,,1,98,,8297,49,,,1,100,,8305,49,,,1,99,,8298,49,,,1
3904,'SAM',840,,8333,49,,,1,112,,8326,49,,,1,82,,8337,49,,,1,70,,8327,49,,,1,30,,8318,49,,,1,70,,8324,49,,,1,36,,8330,49,,,1,66,,8328,49,,,1,34,,8334,49,,,1,67,,8325,49,,,1,30,,8331,49,,,1,71,,8332,49,,,1,31,,8338,49,,,1,71,,8329,49,,,1,32,,8335,49,,,1,64,,8336,49,,,1,34,,8339,49,,,1,68,,8340,49,,,1,29,,8319,49,,,1,86,,8320,49,,,1,97,,8322,49,,,1,98,,8321,49,,,1,99,,8323,49,,,1
3904,'SEM',634,,8364,49,,,1,67,,8357,49,,,1,14,,8363,49,,,1,11,,8345,49,,,1,30,,8360,49,,,1,71,,8341,49,,,1,31,,8358,49,,,1,70,,8365,49,,,1,75,,8343,49,,,1,28,,8344,49,,,1,73,,8355,49,,,1,30,,8359,49,,,1,71,,8361,49,,,1,28,,8352,49,,,1,72,,8356,49,,,1,27,,8362,49,,,1,78,,8342,49,,,1,34,,8347,49,,,1,70,,8349,49,,,1,31,,8350,49,,,1,102,,8366,49,,,1,110,,8353,49,,,1,98,,8354,49,,,1,104,,8346,49,,,1,100,,8348,49,,,1,93,,8351,49,,,1
4304,'DIM',505,,8893,24,,,1,103,,8887,24,,,1,100,,8883,24,,,1,102,,8885,24,,,1,102,,8890,24,,,1,100,,8888,24,,,1,106,,8889,24,,,1,100,,8886,24,,,1,100,,8894,24,,,1,100,,8891,24,,,1,104,,8892,24,,,1,99,,8875,24,,,1,99,,8876,24,,,1,101,,8878,24,,,1,94,,8881,24,,,1,98,,8880,24,,,1,99,,8877,24,,,1,99,,8879,24,,,1,100,,8884,24,,,1,100,,8882,24,,,1
4304,'SAM',505,,8911,24,,,1,103,,8908,24,,,1,100,,8905,24,,,1,102,,8896,24,,,1,102,,8912,24,,,1,100,,8897,24,,,1,106,,8898,24,,,1,100,,8909,24,,,1,100,,8906,24,,,1,100,,8913,24,,,1,103,,8907,24,,,1,101,,8910,24,,,1,98,,8895,24,,,1,97,,8914,24,,,1,98,,8902,24,,,1,98,,8899,24,,,1,99,,2109,24,,,1,99,,8900,24,,,1,100,,8901,24,,,1,100,,8904,24,,,1,98,,8903,24,,,1
4304,'SEM',522,,8934,24,,,1,35,,8940,24,,,1,75,,8915,24,,,1,25,,8917,24,,,1,61,,8938,24,,,1,31,,8916,24,,,1,73,,8939,24,,,1,33,,8920,24,,,1,75,,8935,24,,,1,28,,8941,24,,,1,71,,8919,24,,,1,30,,8936,24,,,1,70,,8926,24,,,1,30,,8922,24,,,1,70,,8943,24,,,1,30,,8942,24,,,1,70,,8937,24,,,1,72,,8923,24,,,1,29,,8924,24,,,1,70,,8928,24,,,1,36,,8944,24,,,1,65,,8918,24,,,1,26,,8925,24,,,1,30,,8921,24,,,1,97,,8927,24,,,1,97,,8930,24,,,1,100,,8932,24,,,1,101,,8933,24,,,1,99,,8945,24,,,1,101,,8946,24,,,1,150,,8929,24,,,1,20,,8931,24,,,1
7304,'DIM',544,,10839,67,,,1,70,,10828,67,,,1,103,,10832,67,,,1,101,,10835,67,,,1,102,,10831,67,,,1,101,,10833,67,,,1,100,,10836,67,,,1,100,,10840,67,,,1,102,,10834,67,,,1,101,,10837,67,,,1,101,,10830,67,,,1,100,,10838,67,,,1,100,,10841,67,,,1,99,,10824,67,,,1,99,,10821,67,,,1,97,,10827,67,,,1,99,,10823,67,,,1,99,,10822,67,,,1,98,,10825,67,,,1,101,,10826,67,,,1,99,,10829,67,,,1
7304,'SAM',544,,10861,67,,,1,70,,10851,67,,,1,103,,10856,67,,,1,101,,10853,67,,,1,102,,10852,67,,,1,101,,10857,67,,,1,100,,10859,67,,,1,101,,10855,67,,,1,101,,10845,67,,,1,101,,10858,67,,,1,101,,10854,67,,,1,100,,10860,67,,,1,100,,10862,67,,,1,99,,10844,67,,,1,98,,10842,67,,,1,98,,10843,67,,,1,99,,10847,67,,,1,99,,10846,67,,,1,98,,4131,67,,,1,101,,10848,67,,,1,99,,4133,67,,,1,100,,10849,67,,,1,99,,10850,67,,,1
7304,'SEM',506,,10894,67,,,1,42,,10891,67,,,1,82,,10897,67,,,1,18,,10900,67,,,1,71,,10896,67,,,1,15,,10893,67,,,1,14,,10869,67,,,1,68,,10871,67,,,1,14,,10892,67,,,1,15,,10898,67,,,1,65,,10887,67,,,1,31,,10865,67,,,1,80,,10864,67,,,1,29,,10880,67,,,1,70,,10895,67,,,1,30,,10866,67,,,1,71,,10870,67,,,1,36,,10879,67,,,1,66,,10872,67,,,1,30,,10899,67,,,1,70,,10867,67,,,1,30,,10868,67,,,1,73,,10876,67,,,1,31,,10863,67,,,1,72,,10873,67,,,1,79,,10883,67,,,1,22,,10881,67,,,1,27,,10875,67,,,1,69,,10882,67,,,1,76,,10877,67,,,1,20,,10888,67,,,1,29,,10874,67,,,1,70,,10884,67,,,1,30,,10886,67,,,1,73,,10878,67,,,1,96,,10890,67,,,1,99,,10885,67,,,1,103,,10889,67,,,1
7402,'DIM',645,,10961,80,,,2,102,,10964,80,,,2,101,,6451,80,,,2,101,,10965,80,,,2,102,,10963,80,,,2,100,,10962,80,,,2,101,,10968,80,,,2,100,,10967,80,,,2,103,,10969,80,,,2,99,,10966,80,,,2,99,,10956,80,,,2,101,,10955,80,,,2,98,,10957,80,,,2,98,,10958,80,,,2,99,,6443,80,,,2,100,,10959,80,,,2,98,,10960,80,,,2
7402,'SAM',645,,10977,80,,,2,102,,10981,80,,,2,101,,10979,80,,,2,101,,10976,80,,,2,102,,10980,80,,,2,100,,10982,80,,,2,101,,10985,80,,,2,101,,10978,80,,,2,100,,10983,80,,,2,101,,10986,80,,,2,100,,10984,80,,,2,99,,10970,80,,,2,99,,10972,80,,,2,98,,10974,80,,,2,99,,10973,80,,,2,100,,10975,80,,,2,98,,10971,80,,,2
7402,'SEM',604,,11000,80,,,2,49,,11005,80,,,2,60,,10988,80,,,2,42,,10999,80,,,2,100,,10989,80,,,2,99,,10987,80,,,2,99,,10991,80,,,2,101,,11001,80,,,2,97,,11004,80,,,2,100,,10990,80,,,2,101,,11003,80,,,2,102,,11002,80,,,2,100,,10992,80,,,2,97,,10993,80,,,2,100,,10996,80,,,2,97,,10998,80,,,2,99,,10994,80,,,2,102,,10995,80,,,2,98,,10997,80,,,2
