5504,'SEM',636,,9646,60,,,2,21,,9651,30,,,2,49,,9634,60,,,2,11,,9635,60,,,2,93,,9649,60,,,2,30,,9644,60,,,2,95,,9643,60,,,2,97,,9636,60,,,2,99,,9645,60,,,2,94,,9650,60,,,2,103,,9637,60,,,2,104,,9647,60,,,2,103,,9648,60,,,2,98,,9638,60,,,2,98,,9639,60,,,2,100,,9641,60,,,2,102,,9640,60,,,2,92,,9642,60,,,2
6602,'DIM',708,,10529,12,,,1,104,,10524,12,,,1,101,,10527,12,,,1,101,,10532,12,,,1,100,,10531,12,,,1,101,,10525,12,,,1,100,,10523,12,,,1,133,,10526,12,,,1,99,,10528,12,,,1,70,,10530,12,,,1,31,,10518,12,,,1,70,,10519,12,,,1,30,,10517,12,,,1,69,,10521,12,,,1,100,,10522,12,,,1,100,,10520,12,,,1,99,,10515,12,,,1,98,,10516,12,,,1
6602,'SAM',708,,10544,12,,,1,104,,10542,12,,,1,101,,10536,12,,,1,101,,10533,12,,,1,100,,10548,12,,,1,101,,10549,12,,,1,100,,10547,12,,,1,133,,10550,12,,,1,99,,10538,12,,,1,70,,10534,12,,,1,31,,10540,12,,,1,71,,10541,12,,,1,29,,10539,12,,,1,74,,10543,12,,,1,96,,10535,12,,,1,99,,10537,12,,,1,99,,10546,12,,,1,98,,10545,12,,,1
6602,'SEM',649,,10552,12,,,1,103,,10564,12,,,1,104,,10562,12,,,1,145,,10561,12,,,1,101,,10553,12,,,1,101,,10551,12,,,1,99,,10563,12,,,1,102,,10554,12,,,1,28,,5375,12,,,1,91,,10558,12,,,1,101,,10559,12,,,1,101,,10560,12,,,1,96,,10555,12,,,1,104,,10556,12,,,1,99,,10557,12,,,1,97,,10566,12,,,1,79,,10565,12,,,1
25504,'DIM',636,,11726,60,,,2,100,,11729,60,,,2,102,,11731,60,,,2,100,,11730,60,,,2,102,,11732,60,,,2,100,,11727,60,,,2,100,,11733,60,,,2,102,,11728,60,,,2,100,,11734,60,,,2,102,,11720,60,,,2,100,,11735,60,,,2,100,,11721,60,,,2,100,,11736,60,,,2,99,,11724,60,,,2,98,,11737,60,,,2,97,,11725,60,,,2,98,,11723,60,,,2,98,,11722,60,,,2
25504,'SAM',636,,11746,60,,,2,100,,11751,60,,,2,102,,11742,60,,,2,100,,11752,60,,,2,102,,11743,60,,,2,100,,11747,60,,,2,100,,11749,60,,,2,102,,11748,60,,,2,100,,11750,60,,,2,102,,11738,60,,,2,100,,11753,60,,,2,100,,11739,60,,,2,100,,11754,60,,,2,99,,11745,60,,,2,98,,11740,60,,,2,97,,5119,60,,,2,98,,11741,60,,,2,98,,11744,60,,,2
25504,'SEM',511,,11755,60,,,2,33,,11758,60,,,2,1571,,11757,60,,,2,97,,11759,60,,,2,94,,11756,60,,,2,94,,11760,60,,,2
71304,'DIM',548,,11816,12,,,2,182,,11817,12,,,2
71304,'SAM',614,,11818,12,,,2,26,,11819,12,,,2,65,,11820,12,,,2
71304,'SEM',600,,11837,12,,,2,29,,11826,12,,,2,77,,11828,12,,,2,26,,11821,12,,,2,68,,11827,12,,,2,30,,11838,12,,,2,100,,11829,12,,,2,95,,11831,12,,,2,100,,11822,12,,,2,100,,11824,12,,,2,100,,11823,12,,,2,100,,11825,12,,,2,100,,11830,12,,,2,89,,11839,12,,,2,104,,11840,12,,,2,99,,11841,12,,,2,100,,11832,12,,,2,100,,11842,12,,,2,100,,11833,12,,,2,100,,11834,12,,,2,100,,11836,12,,,2,109,,11835,12,,,2
