2201,'DIM',642,,7194,37,,,2,101,,7198,37,,,2,104,,7197,37,,,2,99,,7196,37,,,2,101,,7193,37,,,2,99,,7195,37,,,2,101,,7200,37,,,2,102,,7202,37,,,2,96,,7199,37,,,2,105,,7201,37,,,2,99,,7187,37,,,2,100,,7189,37,,,2,97,,7188,37,,,2,102,,7191,37,,,2,100,,7190,37,,,2,100,,7192,37,,,2
2201,'SAM',642,,7211,37,,,2,101,,7213,37,,,2,104,,7210,37,,,2,99,,7212,37,,,2,102,,7215,37,,,2,99,,7219,37,,,2,101,,7218,37,,,2,101,,7214,37,,,2,96,,7216,37,,,2,102,,7217,37,,,2,102,,7204,37,,,2,101,,7207,37,,,2,96,,7205,37,,,2,102,,7203,37,,,2,100,,7209,37,,,2,100,,7208,37,,,2,100,,7206,37,,,2
2201,'SEM',637,,7234,37,,,2,100,,7223,37,,,2,94,,7221,37,,,2,80,,7220,37,,,2,34,,7236,37,,,2,101,,7222,37,,,2,100,,7235,37,,,2,100,,7237,37,,,2,100,,7225,37,,,2,96,,7226,37,,,2,105,,7224,37,,,2,100,,7230,37,,,2,100,,7228,37,,,2,99,,7227,37,,,2,98,,7229,37,,,2,104,,7233,37,,,2,100,,7231,37,,,2,95,,7232,37,,,2,98,,7238,37,,,2
5001,'DIM',544,,9340,44,,,1,100,,9348,44,,,1,101,,9336,44,,,1,98,,9353,44,,,1,101,,9345,44,,,1,73,,9355,44,,,1,37,,9347,44,,,1,64,,9360,44,,,1,39,,9358,44,,,1,62,,9359,44,,,1,35,,9361,44,,,1,69,,9346,44,,,1,32,,9349,44,,,1,76,,9362,44,,,1,69,,9351,44,,,1,34,,9350,44,,,1,70,,9356,44,,,1,23,,9354,44,,,1,74,,9352,44,,,1,41,,9357,44,,,1,58,,9338,44,,,1,59,,9341,44,,,1,98,,9344,44,,,1,100,,9337,44,,,1,99,,9342,44,,,1,98,,9339,44,,,1,100,,9343,44,,,1
5001,'SAM',544,,9370,44,,,1,100,,9373,44,,,1,101,,9364,44,,,1,98,,9385,44,,,1,101,,9383,44,,,1,79,,9388,44,,,1,30,,9381,44,,,1,65,,9365,44,,,1,39,,9389,44,,,1,62,,9387,44,,,1,35,,9366,44,,,1,69,,9377,44,,,1,32,,9379,44,,,1,76,,9382,44,,,1,69,,9378,44,,,1,34,,9380,44,,,1,70,,9368,44,,,1,23,,9369,44,,,1,74,,9363,44,,,1,39,,9384,44,,,1,61,,9386,44,,,1,58,,9374,44,,,1,98,,9376,44,,,1,100,,9375,44,,,1,99,,9371,44,,,1,98,,9367,44,,,1,100,,9372,44,,,1
5001,'SEM',535,,9411,44,,,1,107,,9416,44,,,1,76,,9412,44,,,1,24,,9391,44,,,1,77,,9390,44,,,1,24,,9393,44,,,1,71,,9419,44,,,1,26,,9420,44,,,1,73,,9415,44,,,1,27,,9392,44,,,1,73,,9396,44,,,1,28,,9414,44,,,1,72,,9402,44,,,1,32,,9417,44,,,1,70,,9397,44,,,1,32,,9413,44,,,1,68,,9418,44,,,1,30,,9395,44,,,1,84,,9394,44,,,1,27,,9405,44,,,1,76,,9398,44,,,1,70,,9399,44,,,1,29,,9404,44,,,1,26,,9400,44,,,1,75,,9403,44,,,1,69,,9406,44,,,1,35,,9407,44,,,1,104,,9421,44,,,1,103,,9401,44,,,1,103,,9409,44,,,1,105,,9408,44,,,1,106,,9410,44,,,1,89,,9422,34,,,1
5801,'DIM',545,,9832,52,,,2,101,,9814,52,,,2,91,,9823,52,,,2,100,,9826,52,,,2,99,,9829,52,,,2,100,,9822,52,,,2,102,,9831,52,,,2,98,,9828,52,,,2,103,,9825,52,,,2,99,,9827,52,,,2,102,,9824,52,,,2,99,,9817,52,,,2,101,,9830,52,,,2,99,,9813,52,,,2,99,,9821,52,,,2,99,,9816,52,,,2,100,,9815,52,,,2,100,,9819,52,,,2,99,,9818,52,,,2,110,,9820,52,,,2
5801,'SAM',545,,9852,52,,,2,101,,9844,52,,,2,91,,9843,52,,,2,100,,9848,52,,,2,100,,9846,52,,,2,99,,9849,52,,,2,102,,9851,52,,,2,98,,9833,52,,,2,101,,9842,52,,,2,101,,9847,52,,,2,101,,9845,52,,,2,101,,9850,52,,,2,100,,9836,52,,,2,100,,9840,52,,,2,98,,9834,52,,,2,99,,9841,52,,,2,100,,9837,52,,,2,100,,9839,52,,,2,99,,9835,52,,,2,110,,9838,52,,,2
5801,'SEM',536,,9866,52,,,2,68,,9863,52,,,2,42,,9875,52,,,2,84,,9864,52,,,2,86,,9870,52,,,2,85,,9857,52,,,2,99,,9876,52,,,2,100,,9853,52,,,2,100,,9858,52,,,2,100,,9874,52,,,2,100,,9854,52,,,2,47,,9865,52,,,2,71,,9855,52,,,2,32,,9877,52,,,2,69,,9860,52,,,2,35,,9862,52,,,2,69,,9861,52,,,2,27,,9856,52,,,2,69,,9873,52,,,2,29,,9859,52,,,2,70,,9872,52,,,2,100,,9878,52,,,2,99,,9868,52,,,2,99,,9867,52,,,2,100,,9869,52,,,2,98,,9871,52,,,2
22201,'DIM',1414,,11652,37,,,2,815,,11650,37,,,2,83,,11651,37,,,2
22201,'SAM',1414,,11657,37,,,2,815,,11653,37,,,2,83,,11654,37,,,2,100,,11656,37,,,2,112,,11655,37,,,2
22201,'SEM',717,,11658,37,,,2,10,,11659,37,,,2,683,,11660,37,,,2,100,,11661,37,,,2,106,,11665,37,,,2,100,,11663,37,,,2,90,,11662,37,,,2,625,,11664,37,,,2
32201,'DIM',523,,11767,38,,,2,801,,11769,37,,,2,802,,11768,37,,,2
32201,'SAM',523,,11770,38,,,2,801,,11771,37,,,2
32201,'SEM',524,,11772,38,,,2,19,,11773,38,,,2,67,,11774,38,,,2,715,,11775,37,,,2,801,,11776,37,,,2
