1704,'DIM',503,,7029,26,,,1,50,,7030,26,,,1,101,,7034,26,,,1,102,,7028,26,,,1,101,,165,26,,,1,100,,7032,26,,,1,101,,7033,26,,,1,100,,7035,26,,,1,101,,7036,26,,,1,141,,7031,26,,,1,102,,7017,26,,,1,99,,7018,26,,,1,100,,7021,26,,,1,101,,7023,26,,,1,98,,7022,26,,,1,58,,7020,26,,,1,100,,7024,26,,,1,99,,7027,26,,,1,99,,7019,26,,,1,99,,7025,26,,,1,96,,7026,26,,,1
1704,'SAM',503,,7049,26,,,1,50,,7050,26,,,1,101,,7056,26,,,1,102,,7053,26,,,1,101,,7048,26,,,1,100,,7052,26,,,1,101,,7057,26,,,1,100,,7055,26,,,1,101,,7054,26,,,1,141,,7051,26,,,1,101,,7038,26,,,1,100,,7039,26,,,1,101,,7041,26,,,1,100,,7043,26,,,1,98,,7037,26,,,1,58,,7045,26,,,1,100,,7042,26,,,1,99,,7040,26,,,1,99,,7044,26,,,1,99,,7046,26,,,1,96,,7047,26,,,1
1704,'SEM',515,,7072,26,,,1,93,,7077,26,,,1,22,,7080,26,,,1,22,,7059,26,,,1,67,,7063,26,,,1,35,,7064,26,,,1,61,,7058,26,,,1,98,,7061,26,,,1,45,,7062,26,,,1,100,,7065,26,,,1,100,,7076,26,,,1,100,,7078,26,,,1,100,,7067,26,,,1,142,,7079,26,,,1,101,,7060,26,,,1,105,,7068,26,,,1,95,,7066,26,,,1,57,,7069,26,,,1,101,,7074,26,,,1,100,,7075,26,,,1,100,,7070,26,,,1,100,,7071,26,,,1,99,,7073,26,,,1
3104,'DIM',623,,7960,36,,,1,103,,7961,36,,,1,100,,7959,36,,,1,101,,7965,36,,,1,101,,7966,36,,,1,100,,7964,36,,,1,100,,7962,36,,,1,103,,7950,36,,,1,101,,7963,36,,,1,100,,7949,36,,,1,101,,7948,36,,,1,99,,7953,36,,,1,98,,7955,36,,,1,102,,7954,36,,,1,96,,7956,36,,,1,100,,7952,36,,,1,99,,7951,36,,,1,98,,7957,36,,,1,102,,7958,36,,,1
3104,'SAM',523,,1137,36,,,1,100,,7976,36,,,1,103,,7979,36,,,1,100,,7978,36,,,1,101,,7981,36,,,1,101,,7984,36,,,1,100,,7985,36,,,1,100,,7980,36,,,1,102,,7975,36,,,1,101,,7982,36,,,1,101,,7977,36,,,1,101,,7983,36,,,1,100,,7971,36,,,1,98,,7973,36,,,1,99,,7969,36,,,1,99,,7974,36,,,1,99,,7967,36,,,1,99,,7968,36,,,1,98,,7970,36,,,1,102,,7972,36,,,1
3104,'SEM',447,,7994,36,,,1,77,,7995,36,,,1,91,,8006,36,,,1,21,,8008,36,,,1,23,,7988,36,,,1,74,,8007,36,,,1,68,,8004,36,,,1,29,,8002,36,,,1,75,,8003,36,,,1,22,,8005,36,,,1,100,,7986,36,,,1,102,,7987,36,,,1,100,,7990,36,,,1,101,,8009,36,,,1,100,,7989,36,,,1,102,,7992,36,,,1,100,,7993,36,,,1,96,,7991,36,,,1,103,,7996,36,,,1,97,,8001,36,,,1,105,,8000,36,,,1,99,,7997,36,,,1,102,,7998,36,,,1,100,,7999,36,,,1
7304,'DIM',538,,10839,54,,,1,70,,10828,54,,,1,102,,10832,54,,,1,101,,10835,54,,,1,101,,10831,54,,,1,101,,10833,54,,,1,100,,10836,54,,,1,100,,10840,54,,,1,102,,10834,54,,,1,101,,10837,54,,,1,101,,10830,54,,,1,100,,10838,54,,,1,100,,10841,54,,,1,100,,10824,54,,,1,99,,10821,54,,,1,97,,10827,54,,,1,100,,10823,54,,,1,99,,10822,54,,,1,98,,10825,54,,,1,101,,10826,54,,,1,99,,10829,54,,,1
7304,'SAM',538,,10861,54,,,1,70,,10851,54,,,1,102,,10856,54,,,1,101,,10853,54,,,1,101,,10852,54,,,1,101,,10857,54,,,1,100,,10859,54,,,1,101,,10855,54,,,1,101,,10845,54,,,1,101,,10858,54,,,1,101,,10854,54,,,1,100,,10860,54,,,1,100,,10862,54,,,1,100,,10844,54,,,1,98,,10842,54,,,1,98,,10843,54,,,1,100,,10847,54,,,1,99,,10846,54,,,1,98,,4131,54,,,1,101,,10848,54,,,1,99,,4133,54,,,1,100,,10849,54,,,1,99,,10850,54,,,1
7304,'SEM',500,,10894,54,,,1,41,,10891,54,,,1,82,,10897,54,,,1,18,,10900,54,,,1,71,,10896,54,,,1,14,,10893,54,,,1,14,,10869,54,,,1,68,,10871,54,,,1,14,,10892,54,,,1,15,,10898,54,,,1,65,,10887,54,,,1,31,,10865,54,,,1,80,,10864,54,,,1,29,,10880,54,,,1,70,,10895,54,,,1,30,,10866,54,,,1,71,,10870,54,,,1,36,,10879,54,,,1,66,,10872,54,,,1,30,,10899,54,,,1,70,,10867,54,,,1,30,,10868,54,,,1,72,,10876,54,,,1,31,,10863,54,,,1,72,,10873,54,,,1,39,,10883,54,,,1,62,,10881,54,,,1,28,,10875,54,,,1,69,,10882,54,,,1,36,,10877,54,,,1,60,,10888,54,,,1,30,,10874,54,,,1,70,,10884,54,,,1,30,,10886,54,,,1,73,,10878,54,,,1,97,,10890,54,,,1,99,,10885,54,,,1,103,,10889,54,,,1
7402,'DIM',639,,10961,67,,,2,101,,10964,67,,,2,101,,6451,67,,,2,101,,10965,67,,,2,101,,10963,67,,,2,100,,10962,67,,,2,101,,10968,67,,,2,100,,10967,67,,,2,103,,10969,67,,,2,99,,10966,67,,,2,99,,10956,67,,,2,102,,10955,67,,,2,98,,10957,67,,,2,98,,10958,67,,,2,100,,6443,67,,,2,100,,10959,67,,,2,98,,10960,67,,,2
7402,'SAM',639,,10977,67,,,2,101,,10981,67,,,2,101,,10979,67,,,2,101,,10976,67,,,2,101,,10980,67,,,2,100,,10982,67,,,2,101,,10985,67,,,2,101,,10978,67,,,2,100,,10983,67,,,2,101,,10986,67,,,2,100,,10984,67,,,2,100,,10970,67,,,2,99,,10972,67,,,2,98,,10974,67,,,2,100,,10973,67,,,2,100,,10975,67,,,2,98,,10971,67,,,2
7402,'SEM',557,,11000,67,,,2,89,,11005,67,,,2,60,,10988,67,,,2,41,,10999,67,,,2,100,,10989,67,,,2,99,,10987,67,,,2,99,,10991,67,,,2,101,,11001,67,,,2,97,,11004,67,,,2,100,,10990,67,,,2,101,,11003,67,,,2,101,,11002,67,,,2,100,,10992,67,,,2,98,,10993,67,,,2,100,,10996,67,,,2,98,,10998,67,,,2,99,,10994,67,,,2,103,,10995,67,,,2,98,,10997,67,,,2
