2201,'DIM',645,,7194,42,,,2,101,,7198,42,,,2,104,,7197,42,,,2,99,,7196,42,,,2,101,,7193,42,,,2,99,,7195,42,,,2,101,,7200,42,,,2,102,,7202,42,,,2,96,,7199,42,,,2,105,,7201,42,,,2,99,,7187,42,,,2,100,,7189,42,,,2,97,,7188,42,,,2,102,,7191,42,,,2,100,,7190,42,,,2,100,,7192,42,,,2
2201,'SAM',645,,7211,42,,,2,101,,7213,42,,,2,104,,7210,42,,,2,99,,7212,42,,,2,102,,7215,42,,,2,99,,7219,42,,,2,101,,7218,42,,,2,101,,7214,42,,,2,96,,7216,42,,,2,102,,7217,42,,,2,102,,7204,42,,,2,101,,7207,42,,,2,96,,7205,42,,,2,102,,7203,42,,,2,100,,7209,42,,,2,100,,7208,42,,,2,100,,7206,42,,,2
2201,'SEM',640,,7234,42,,,2,100,,7223,42,,,2,94,,7221,42,,,2,80,,7220,42,,,2,34,,7236,42,,,2,101,,7222,42,,,2,100,,7235,42,,,2,100,,7237,42,,,2,100,,7225,42,,,2,96,,7226,42,,,2,105,,7224,42,,,2,100,,7230,42,,,2,100,,7228,42,,,2,99,,7227,42,,,2,98,,7229,42,,,2,104,,7233,42,,,2,100,,7231,42,,,2,95,,7232,42,,,2,98,,11959,42,,,2
5001,'DIM',546,,9340,49,,,1,100,,9348,49,,,1,101,,9336,49,,,1,98,,9353,49,,,1,101,,9345,49,,,1,73,,9355,49,,,1,37,,9347,49,,,1,64,,9360,49,,,1,39,,9358,49,,,1,62,,9359,49,,,1,35,,9361,49,,,1,69,,9346,49,,,1,32,,9349,49,,,1,76,,9362,49,,,1,69,,9351,49,,,1,34,,9350,49,,,1,70,,9356,49,,,1,23,,9354,49,,,1,74,,9352,49,,,1,41,,9357,49,,,1,58,,9338,49,,,1,99,,9341,49,,,1,58,,9344,49,,,1,100,,9337,49,,,1,99,,9342,49,,,1,98,,9339,49,,,1,100,,9343,49,,,1
5001,'SAM',546,,9370,49,,,1,100,,9373,49,,,1,101,,9364,49,,,1,98,,9385,49,,,1,101,,9383,49,,,1,79,,9388,49,,,1,30,,9381,49,,,1,65,,9365,49,,,1,39,,9389,49,,,1,62,,9387,49,,,1,35,,9366,49,,,1,69,,9377,49,,,1,32,,9379,49,,,1,76,,9382,49,,,1,69,,9378,49,,,1,34,,9380,49,,,1,70,,9368,49,,,1,23,,9369,49,,,1,74,,9363,49,,,1,39,,9384,49,,,1,61,,9386,49,,,1,98,,9374,49,,,1,58,,9376,49,,,1,100,,9375,49,,,1,99,,9371,49,,,1,98,,9367,49,,,1,100,,9372,49,,,1
5001,'SEM',538,,9411,49,,,1,107,,9416,49,,,1,76,,9412,49,,,1,24,,9391,49,,,1,77,,9390,49,,,1,24,,9393,49,,,1,71,,9419,49,,,1,26,,9420,49,,,1,73,,9415,49,,,1,27,,9392,49,,,1,73,,9396,49,,,1,28,,9414,49,,,1,72,,9402,49,,,1,32,,9417,49,,,1,70,,9397,49,,,1,32,,9413,49,,,1,68,,9418,49,,,1,30,,9395,49,,,1,84,,9394,49,,,1,27,,9405,49,,,1,76,,9398,49,,,1,70,,9399,49,,,1,29,,9404,49,,,1,66,,9400,49,,,1,35,,9403,49,,,1,69,,9406,49,,,1,35,,9407,49,,,1,104,,11984,49,,,1,103,,9401,49,,,1,103,,9409,49,,,1,105,,9408,49,,,1,146,,9410,49,,,1,49,,11985,39,,,1
5801,'DIM',547,,9832,57,,,2,101,,9814,57,,,2,91,,9823,57,,,2,101,,9826,57,,,2,99,,9829,57,,,2,100,,9822,57,,,2,102,,9831,57,,,2,98,,9828,57,,,2,103,,9825,57,,,2,99,,9827,57,,,2,102,,9824,57,,,2,99,,9817,57,,,2,101,,9830,57,,,2,99,,9813,57,,,2,99,,9821,57,,,2,99,,9816,57,,,2,100,,9815,57,,,2,100,,9819,57,,,2,98,,9818,57,,,2,110,,9820,57,,,2
5801,'SAM',547,,9852,57,,,2,101,,9844,57,,,2,91,,9843,57,,,2,101,,9848,57,,,2,100,,9846,57,,,2,99,,9849,57,,,2,102,,9851,57,,,2,98,,9833,57,,,2,101,,9842,57,,,2,101,,9847,57,,,2,101,,9845,57,,,2,101,,9850,57,,,2,100,,9836,57,,,2,100,,9840,57,,,2,98,,9834,57,,,2,99,,9841,57,,,2,100,,9837,57,,,2,100,,9839,57,,,2,98,,9835,57,,,2,110,,9838,57,,,2
5801,'SEM',538,,9866,57,,,2,68,,9863,57,,,2,42,,9875,57,,,2,85,,9864,57,,,2,86,,9870,57,,,2,85,,9857,57,,,2,99,,9876,57,,,2,100,,9853,57,,,2,100,,9858,57,,,2,100,,9874,57,,,2,100,,9854,57,,,2,47,,9865,57,,,2,71,,9855,57,,,2,32,,9877,57,,,2,69,,9860,57,,,2,35,,9862,57,,,2,69,,9861,57,,,2,27,,9856,57,,,2,69,,9873,57,,,2,29,,9859,57,,,2,70,,9872,57,,,2,100,,11991,57,,,2,99,,9868,57,,,2,99,,9867,57,,,2,99,,9869,57,,,2,98,,9871,57,,,2
22201,'DIM',1417,,11652,42,,,2,815,,11650,42,,,2,83,,11651,42,,,2
22201,'SAM',1417,,11657,42,,,2,815,,11653,42,,,2,83,,11654,42,,,2,100,,11656,42,,,2,112,,11655,42,,,2
22201,'SEM',720,,11658,42,,,2,10,,11659,42,,,2,683,,11660,42,,,2,100,,11661,42,,,2,106,,11665,42,,,2,100,,11663,42,,,2,90,,11662,42,,,2,625,,11664,42,,,2
32201,'DIM',525,,11767,43,,,2,802,,11769,42,,,2,802,,11768,42,,,2
32201,'SAM',525,,11770,43,,,2,802,,11771,42,,,2
32201,'SEM',527,,11772,43,,,2,19,,11773,43,,,2,67,,11774,43,,,2,715,,11775,42,,,2,801,,11776,42,,,2
