1704,'DIM',506,,160,33,,,1,50,,161,33,,,1,101,,166,33,,,1,102,,159,33,,,1,141,,164,33,,,1,101,,163,33,,,1,101,,165,33,,,1,100,,167,33,,,1,101,,168,33,,,1,101,,162,33,,,1,102,,148,33,,,1,99,,149,33,,,1,100,,152,33,,,1,100,,154,33,,,1,98,,153,33,,,1,98,,151,33,,,1,100,,155,33,,,1,99,,158,33,,,1,59,,150,33,,,1,99,,156,33,,,1,96,,157,33,,,1
1704,'SAM',506,,181,33,,,1,50,,182,33,,,1,101,,188,33,,,1,102,,185,33,,,1,141,,180,33,,,1,101,,184,33,,,1,101,,189,33,,,1,100,,187,33,,,1,101,,186,33,,,1,101,,183,33,,,1,101,,170,33,,,1,100,,171,33,,,1,101,,173,33,,,1,99,,175,33,,,1,98,,169,33,,,1,98,,177,33,,,1,100,,174,33,,,1,99,,172,33,,,1,59,,176,33,,,1,99,,178,33,,,1,96,,179,33,,,1
1704,'SEM',518,,204,33,,,1,93,,208,33,,,1,22,,211,33,,,1,22,,191,33,,,1,67,,195,33,,,1,36,,196,33,,,1,61,,190,33,,,1,98,,193,33,,,1,85,,194,33,,,1,100,,197,33,,,1,100,,207,33,,,1,100,,209,33,,,1,100,,199,33,,,1,102,,210,33,,,1,101,,192,33,,,1,105,,200,33,,,1,95,,198,33,,,1,97,,201,33,,,1,100,,206,33,,,1,100,,5222,33,,,1,100,,202,33,,,1,100,,203,33,,,1,99,,205,33,,,1
2704,'DIM',752,,991,38,,,2,101,,992,38,,,2,100,,987,38,,,2,99,,989,38,,,2,98,,990,38,,,2,103,,986,38,,,2,95,,993,38,,,2,107,,988,38,,,2,100,,979,38,,,2,100,,983,38,,,2,100,,984,38,,,2,99,,980,38,,,2,100,,982,38,,,2,98,,981,38,,,2,100,,985,38,,,2,100,,978,38,,,2
2704,'SAM',652,,1006,38,,,2,100,,1002,38,,,2,101,,1003,38,,,2,100,,1001,38,,,2,99,,1010,38,,,2,100,,1005,38,,,2,101,,1008,38,,,2,94,,1004,38,,,2,108,,1007,38,,,2,100,,997,38,,,2,100,,998,38,,,2,93,,1000,38,,,2,106,,1009,38,,,2,100,,996,38,,,2,98,,999,38,,,2,100,,994,38,,,2,100,,995,38,,,2
2704,'SEM',615,,1032,38,,,2,28,,1012,38,,,2,68,,1029,38,,,2,28,,1015,38,,,2,67,,1016,38,,,2,28,,1034,38,,,2,66,,1031,38,,,2,49,,1030,38,,,2,100,,1019,38,,,2,108,,1011,38,,,2,95,,1033,38,,,2,87,,1014,38,,,2,106,,1013,38,,,2,107,,1024,38,,,2,77,,1025,38,,,2,80,,1020,38,,,2,13,,1017,38,,,2,31,,1018,38,,,2,71,,1022,38,,,2,35,,1027,38,,,2,100,,1023,38,,,2,85,,1026,38,,,2,96,,1021,38,,,2,104,,1028,38,,,2
3104,'DIM',626,,1107,43,,,1,103,,1108,43,,,1,100,,1106,43,,,1,102,,1112,43,,,1,101,,1113,43,,,1,100,,1111,43,,,1,100,,1109,43,,,1,103,,1097,43,,,1,101,,1110,43,,,1,100,,1096,43,,,1,101,,1095,43,,,1,99,,1100,43,,,1,97,,1102,43,,,1,102,,1101,43,,,1,96,,1103,43,,,1,100,,1099,43,,,1,99,,1098,43,,,1,98,,1104,43,,,1,102,,1105,43,,,1
3104,'SAM',526,,1130,43,,,1,100,,1123,43,,,1,103,,1126,43,,,1,100,,1125,43,,,1,102,,1128,43,,,1,101,,1132,43,,,1,100,,1133,43,,,1,100,,1127,43,,,1,102,,1122,43,,,1,101,,1129,43,,,1,101,,1124,43,,,1,101,,1131,43,,,1,100,,1118,43,,,1,97,,1120,43,,,1,99,,1116,43,,,1,99,,1121,43,,,1,99,,1114,43,,,1,99,,1115,43,,,1,98,,1117,43,,,1,102,,1119,43,,,1
3104,'SEM',450,,1142,43,,,1,77,,1143,43,,,1,91,,1154,43,,,1,21,,1156,43,,,1,64,,1136,43,,,1,34,,1155,43,,,1,68,,1152,43,,,1,29,,1150,43,,,1,75,,1151,43,,,1,22,,1153,43,,,1,100,,1134,43,,,1,102,,1135,43,,,1,100,,1138,43,,,1,101,,1157,43,,,1,100,,1137,43,,,1,102,,1140,43,,,1,100,,1141,43,,,1,96,,1139,43,,,1,103,,1144,43,,,1,96,,1149,43,,,1,105,,1148,43,,,1,99,,1145,43,,,1,102,,1146,43,,,1,100,,1147,43,,,1
3904,'DIM',836,,1465,43,,,1,112,,1459,43,,,1,82,,1466,43,,,1,70,,1469,43,,,1,33,,1460,43,,,1,67,,1458,43,,,1,33,,1468,43,,,1,69,,1463,43,,,1,34,,1452,43,,,1,67,,1467,43,,,1,30,,1461,43,,,1,71,,1462,43,,,1,32,,1451,43,,,1,70,,1464,43,,,1,31,,1447,43,,,1,71,,1448,43,,,1,28,,1453,43,,,1,68,,1454,43,,,1,29,,1455,43,,,1,83,,1456,43,,,1,98,,1449,43,,,1,100,,1457,43,,,1,99,,1450,43,,,1
3904,'SAM',836,,1485,43,,,1,112,,1478,43,,,1,82,,1489,43,,,1,70,,1479,43,,,1,30,,1470,43,,,1,70,,1476,43,,,1,36,,1482,43,,,1,66,,1480,43,,,1,34,,1486,43,,,1,67,,1477,43,,,1,30,,1483,43,,,1,71,,1484,43,,,1,31,,1490,43,,,1,71,,1481,43,,,1,32,,1487,43,,,1,64,,1488,43,,,1,34,,1491,43,,,1,68,,1492,43,,,1,29,,1471,43,,,1,86,,1472,43,,,1,97,,1474,43,,,1,98,,1473,43,,,1,99,,1475,43,,,1
3904,'SEM',630,,1516,43,,,1,27,,1509,43,,,1,54,,1515,43,,,1,11,,1497,43,,,1,29,,1512,43,,,1,71,,1493,43,,,1,31,,1510,43,,,1,70,,1517,43,,,1,35,,5391,43,,,1,68,,5394,43,,,1,33,,5392,43,,,1,70,,5393,43,,,1,71,,1513,43,,,1,28,,1504,43,,,1,72,,1508,43,,,1,27,,1514,43,,,1,78,,1494,43,,,1,34,,1499,43,,,1,70,,1501,43,,,1,31,,1502,43,,,1,102,,1518,43,,,1,110,,1505,43,,,1,99,,1506,43,,,1,104,,1498,43,,,1,100,,1500,43,,,1,93,,1503,43,,,1
7304,'DIM',541,,4008,61,,,1,70,,3997,61,,,1,102,,4001,61,,,1,101,,4004,61,,,1,102,,4000,61,,,1,101,,4002,61,,,1,100,,4005,61,,,1,100,,4009,61,,,1,102,,4003,61,,,1,101,,4006,61,,,1,101,,3999,61,,,1,100,,4007,61,,,1,100,,4010,61,,,1,99,,3993,61,,,1,99,,3990,61,,,1,97,,3996,61,,,1,100,,3992,61,,,1,99,,3991,61,,,1,98,,3994,61,,,1,101,,3995,61,,,1,99,,3998,61,,,1
7304,'SAM',541,,4032,61,,,1,70,,4022,61,,,1,102,,4027,61,,,1,101,,4024,61,,,1,102,,4023,61,,,1,101,,4028,61,,,1,100,,4030,61,,,1,101,,4026,61,,,1,101,,4014,61,,,1,101,,4029,61,,,1,101,,4025,61,,,1,100,,4031,61,,,1,100,,4033,61,,,1,99,,4013,61,,,1,98,,4011,61,,,1,98,,4012,61,,,1,100,,4016,61,,,1,99,,4015,61,,,1,98,,4017,61,,,1,101,,4018,61,,,1,99,,4020,61,,,1,100,,4019,61,,,1,99,,4021,61,,,1
7304,'SEM',503,,4063,61,,,1,41,,4060,61,,,1,82,,4066,61,,,1,18,,4069,61,,,1,71,,4065,61,,,1,15,,4062,61,,,1,14,,4040,61,,,1,68,,5412,61,,,1,14,,4061,61,,,1,15,,4067,61,,,1,65,,4056,61,,,1,31,,4036,61,,,1,80,,4035,61,,,1,29,,4050,61,,,1,70,,4064,61,,,1,30,,4037,61,,,1,71,,5411,61,,,1,36,,4049,61,,,1,66,,5268,61,,,1,30,,4068,61,,,1,70,,4038,61,,,1,30,,4039,61,,,1,72,,4046,61,,,1,31,,4034,61,,,1,72,,4043,61,,,1,79,,4053,61,,,1,22,,4051,61,,,1,28,,4045,61,,,1,69,,4052,61,,,1,36,,4047,61,,,1,60,,4057,61,,,1,29,,4044,61,,,1,70,,4054,61,,,1,30,,4055,61,,,1,73,,4048,61,,,1,97,,4059,61,,,1,99,,5269,61,,,1,103,,4058,61,,,1
7402,'DIM',642,,4133,74,,,2,101,,4136,74,,,2,101,,4138,74,,,2,101,,4137,74,,,2,102,,4135,74,,,2,100,,4134,74,,,2,101,,4141,74,,,2,100,,4140,74,,,2,103,,4142,74,,,2,99,,4139,74,,,2,99,,4127,74,,,2,101,,4126,74,,,2,98,,4128,74,,,2,98,,4130,74,,,2,100,,4129,74,,,2,100,,4131,74,,,2,98,,4132,74,,,2
7402,'SAM',642,,4150,74,,,2,101,,4154,74,,,2,101,,4152,74,,,2,101,,4149,74,,,2,102,,4153,74,,,2,100,,4155,74,,,2,101,,4158,74,,,2,101,,4151,74,,,2,100,,4156,74,,,2,101,,4159,74,,,2,100,,4157,74,,,2,99,,4143,74,,,2,99,,4145,74,,,2,98,,4147,74,,,2,100,,4146,74,,,2,100,,4148,74,,,2,98,,4144,74,,,2
7402,'SEM',600,,4173,74,,,2,49,,4178,74,,,2,60,,4161,74,,,2,42,,4172,74,,,2,100,,4162,74,,,2,99,,4160,74,,,2,99,,4164,74,,,2,101,,4174,74,,,2,97,,4177,74,,,2,100,,4163,74,,,2,101,,4176,74,,,2,102,,4175,74,,,2,100,,4165,74,,,2,97,,4166,74,,,2,100,,4169,74,,,2,97,,4171,74,,,2,99,,4167,74,,,2,103,,4168,74,,,2,98,,4170,74,,,2
