6303,'DIM',812,,10176,65,,,1,101,,10178,65,,,1,102,,10169,65,,,1,99,,10177,65,,,1,103,,10181,65,,,1,96,,10179,65,,,1,103,,10182,65,,,1,103,,10180,65,,,1,100,,10183,65,,,1,100,,10184,65,,,1,100,,10170,65,,,1,97,,10166,65,,,1,98,,10167,65,,,1,99,,10172,65,,,1,100,,10168,65,,,1,100,,10173,65,,,1,98,,10171,65,,,1,100,,10174,65,,,1,97,,10175,65,,,1
6303,'SAM',711,,10198,65,,,1,101,,10202,65,,,1,101,,10199,65,,,1,102,,10197,65,,,1,99,,10201,65,,,1,103,,10200,65,,,1,96,,10204,65,,,1,103,,10203,65,,,1,103,,10185,65,,,1,102,,10186,65,,,1,98,,10187,65,,,1,100,,10189,65,,,1,97,,10188,65,,,1,98,,10193,65,,,1,99,,10190,65,,,1,100,,10191,65,,,1,100,,10194,65,,,1,98,,10192,65,,,1,100,,10195,65,,,1,97,,10196,65,,,1
6303,'SEM',634,,10220,65,,,1,21,,10230,65,,,1,56,,10231,65,,,1,37,,10237,65,,,1,54,,10235,65,,,1,33,,10209,65,,,1,23,,10211,65,,,1,73,,10212,65,,,1,73,,10205,65,,,1,25,,10208,65,,,1,73,,10234,65,,,1,28,,10222,65,,,1,72,,10238,65,,,1,26,,10232,65,,,1,78,,10206,65,,,1,27,,10207,65,,,1,71,,10236,65,,,1,30,,10233,65,,,1,74,,10239,65,,,1,32,,10214,65,,,1,65,,10213,65,,,1,34,,10218,65,,,1,19,,10216,65,,,1,65,,10210,65,,,1,32,,10219,65,,,1,80,,10217,65,,,1,96,,10215,65,,,1,81,,10223,65,,,1,93,,10226,65,,,1,54,,10221,65,,,1,88,,10224,65,,,1,103,,10225,65,,,1,99,,10229,65,,,1,104,,10227,65,,,1,93,,10228,65,,,1
6503,'DIM',742,,10321,59,,,2,101,,10323,59,,,2,101,,10325,59,,,2,100,,10327,59,,,2,103,,10324,59,,,2,98,,10322,59,,,2,108,,10310,59,,,2,100,,10326,59,,,2,96,,10328,59,,,2,98,,10313,59,,,2,102,,10315,59,,,2,97,,10314,59,,,2,98,,10317,59,,,2,100,,10319,59,,,2,99,,10311,59,,,2,100,,10312,59,,,2,99,,10318,59,,,2,99,,10320,59,,,2,99,,10316,59,,,2
6503,'SAM',742,,10342,59,,,2,101,,10345,59,,,2,101,,10344,59,,,2,100,,10346,59,,,2,102,,10347,59,,,2,98,,10349,59,,,2,109,,10348,59,,,2,99,,10343,59,,,2,97,,10329,59,,,2,98,,10331,59,,,2,102,,10334,59,,,2,99,,10337,59,,,2,96,,10341,59,,,2,100,,10339,59,,,2,99,,10333,59,,,2,100,,10330,59,,,2,99,,10332,59,,,2,99,,10335,59,,,2,99,,10336,59,,,2,84,,10338,59,,,2,35,,10340,59,,,2
6503,'SEM',532,,10385,47,,,2,97,,10359,59,,,2,28,,10351,59,,,2,68,,10376,59,,,2,24,,10352,59,,,2,64,,10354,59,,,2,38,,10367,59,,,2,66,,10382,59,,,2,37,,10355,59,,,2,65,,10356,59,,,2,30,,10373,59,,,2,70,,10357,59,,,2,30,,10380,59,,,2,71,,10377,59,,,2,30,,10378,59,,,2,71,,10379,59,,,2,30,,10358,59,,,2,70,,10361,59,,,2,31,,10353,59,,,2,70,,10365,59,,,2,34,,10366,59,,,2,72,,10350,59,,,2,25,,10360,59,,,2,65,,10370,59,,,2,14,,10381,59,,,2,15,,10371,59,,,2,54,,10372,59,,,2,14,,10368,59,,,2,13,,10374,59,,,2,17,,10369,59,,,2,73,,10363,59,,,2,102,,10362,59,,,2,99,,10364,59,,,2,100,,11999,59,,,2,100,,12000,59,,,2,97,,10375,59,,,2
7304,'DIM',527,,10839,32,,,1,30,,10828,32,,,1,102,,10832,32,,,1,99,,10835,32,,,1,100,,10831,32,,,1,100,,10833,32,,,1,100,,10836,32,,,1,100,,10840,32,,,1,142,,10834,32,,,1,101,,10837,32,,,1,101,,10830,32,,,1,100,,10838,32,,,1,100,,10841,32,,,1,100,,10824,32,,,1,99,,10821,32,,,1,58,,10827,32,,,1,100,,10823,32,,,1,99,,10822,32,,,1,101,,10825,32,,,1,141,,10826,32,,,1,59,,10829,32,,,1
7304,'SAM',527,,10861,32,,,1,30,,10851,32,,,1,102,,10856,32,,,1,99,,10853,32,,,1,100,,10852,32,,,1,100,,10857,32,,,1,100,,10859,32,,,1,101,,10855,32,,,1,141,,10845,32,,,1,101,,10858,32,,,1,101,,10854,32,,,1,100,,10860,32,,,1,100,,10862,32,,,1,100,,10844,32,,,1,98,,10842,32,,,1,59,,10843,32,,,1,100,,10847,32,,,1,99,,10846,32,,,1,101,,4131,32,,,1,141,,10848,32,,,1,59,,4133,32,,,1,100,,10849,32,,,1,100,,10850,32,,,1
7304,'SEM',448,,10894,32,,,1,81,,10891,32,,,1,80,,10897,32,,,1,18,,10900,32,,,1,31,,10896,32,,,1,54,,10893,32,,,1,13,,10869,32,,,1,28,,10871,32,,,1,54,,10892,32,,,1,15,,10898,32,,,1,25,,10887,32,,,1,71,,10865,32,,,1,40,,10864,32,,,1,69,,10880,32,,,1,30,,10895,32,,,1,70,,10866,32,,,1,30,,10870,32,,,1,76,,10879,32,,,1,25,,10872,32,,,1,70,,10899,32,,,1,30,,10867,32,,,1,70,,10868,32,,,1,72,,10876,32,,,1,31,,10863,32,,,1,72,,10873,32,,,1,39,,10883,32,,,1,62,,10881,32,,,1,29,,10875,32,,,1,69,,10882,32,,,1,37,,10877,32,,,1,20,,10888,32,,,1,70,,10874,32,,,1,30,,10884,32,,,1,70,,10886,32,,,1,73,,10878,32,,,1,98,,10890,32,,,1,100,,10885,32,,,1,104,,10889,32,,,1
15103,'DIM',700,,11384,46,,,2,20,,11388,46,,,2,30,,11370,46,,,2,69,,11383,46,,,2,35,,11392,46,,,2,71,,11385,46,,,2,29,,11389,46,,,2,71,,11395,46,,,2,75,,11394,46,,,2,31,,11397,46,,,2,71,,11390,46,,,2,33,,11387,46,,,2,74,,11396,46,,,2,32,,11400,46,,,2,71,,11386,46,,,2,34,,11391,46,,,2,73,,11398,46,,,2,32,,11401,46,,,2,71,,11366,46,,,2,37,,11372,46,,,2,70,,11393,46,,,2,72,,11399,46,,,2,28,,11377,46,,,2,75,,11378,46,,,2,30,,11381,46,,,2,69,,11367,46,,,2,29,,11369,46,,,2,68,,11373,46,,,2,28,,11371,46,,,2,29,,11375,46,,,2,70,,11368,46,,,2,30,,11379,46,,,2,70,,11374,46,,,2,93,,11376,46,,,2,98,,11380,46,,,2,35,,11382,46,,,2
15103,'SAM',700,,11425,46,,,2,20,,11427,46,,,2,30,,11423,46,,,2,69,,11424,46,,,2,35,,11431,46,,,2,71,,11426,46,,,2,29,,11428,46,,,2,71,,11435,46,,,2,75,,11433,46,,,2,31,,11436,46,,,2,71,,11429,46,,,2,33,,11420,46,,,2,74,,11411,46,,,2,32,,11434,46,,,2,71,,11432,46,,,2,34,,11430,46,,,2,73,,11422,46,,,2,32,,11412,46,,,2,71,,11437,46,,,2,37,,11404,46,,,2,70,,11402,46,,,2,72,,11438,46,,,2,28,,11408,46,,,2,75,,11409,46,,,2,30,,11410,46,,,2,69,,11417,46,,,2,29,,11403,46,,,2,68,,11419,46,,,2,28,,11405,46,,,2,29,,11406,46,,,2,70,,11418,46,,,2,30,,11415,46,,,2,72,,11413,46,,,2,91,,11407,46,,,2,98,,11416,46,,,2,35,,11414,46,,,2,91,,11421,46,,,2
15103,'SEM',630,,11440,46,,,2,18,,11459,46,,,2,61,,11478,46,,,2,34,,11480,46,,,2,62,,11484,46,,,2,28,,11449,46,,,2,71,,11481,46,,,2,32,,11444,46,,,2,20,,11472,46,,,2,60,,11486,46,,,2,21,,11485,46,,,2,20,,11450,46,,,2,60,,11476,46,,,2,20,,11482,46,,,2,20,,11445,46,,,2,60,,11473,46,,,2,20,,11483,46,,,2,22,,12011,46,,,2,56,,11479,46,,,2,25,,11477,46,,,2,60,,11452,46,,,2,20,,11439,46,,,2,20,,11447,46,,,2,60,,11451,46,,,2,20,,11441,46,,,2,22,,11458,46,,,2,59,,11460,46,,,2,17,,11463,46,,,2,15,,11461,46,,,2,14,,11443,46,,,2,56,,11453,46,,,2,13,,11448,46,,,2,15,,11465,46,,,2,15,,11442,46,,,2,13,,11446,46,,,2,56,,11467,46,,,2,14,,11456,46,,,2,15,,11462,46,,,2,14,,11464,46,,,2,53,,11468,46,,,2,22,,11454,46,,,2,73,,11466,46,,,2,29,,11457,46,,,2,67,,11470,46,,,2,31,,12009,46,,,2,102,,11469,46,,,2,95,,12010,46,,,2,102,,11474,46,,,2,108,,11471,46,,,2,114,,11475,46,,,2
