2202,'DIM',730,,7249,42,,,2,100,,7248,42,,,2,100,,7247,42,,,2,100,,6315,42,,,2,101,,7250,42,,,2,100,,7252,42,,,2,96,,7251,42,,,2,106,,7246,42,,,2,98,,7240,42,,,2,114,,7253,42,,,2,88,,7242,42,,,2,100,,7243,42,,,2,98,,7245,42,,,2,101,,7244,42,,,2,100,,7239,42,,,2,100,,7241,42,,,2
2202,'SAM',632,,7270,26,,,2,98,,7264,42,,,2,100,,7261,42,,,2,100,,7260,42,,,2,98,,7266,42,,,2,103,,7265,42,,,2,100,,7263,42,,,2,96,,7269,42,,,2,104,,7262,42,,,2,100,,7268,42,,,2,112,,7267,42,,,2,90,,7255,42,,,2,100,,7257,42,,,2,98,,7254,42,,,2,101,,7256,42,,,2,100,,7259,42,,,2,100,,7258,42,,,2
2202,'SEM',608,,6230,42,,,2,18,,7282,42,,,2,105,,7289,42,,,2,71,,7279,42,,,2,30,,7271,42,,,2,98,,7273,42,,,2,71,,7272,42,,,2,29,,7290,42,,,2,101,,7277,42,,,2,100,,7288,42,,,2,100,,7291,42,,,2,102,,7276,42,,,2,100,,7278,42,,,2,102,,7274,42,,,2,24,,7275,42,,,2,75,,7281,42,,,2,99,,7280,42,,,2,100,,7287,42,,,2,101,,7286,42,,,2,97,,7284,42,,,2,107,,7283,42,,,2,96,,7285,42,,,2
4202,'DIM',500,,8661,55,,,2,41,,8702,55,,,2,65,,8672,55,,,2,30,,8660,55,,,2,70,,8684,55,,,2,29,,8682,55,,,2,70,,8703,55,,,2,32,,8687,55,,,2,71,,8683,55,,,2,31,,8691,55,,,2,71,,8695,55,,,2,23,,8701,55,,,2,22,,8697,55,,,2,61,,8688,55,,,2,22,,8693,55,,,2,19,,8689,55,,,2,60,,8692,55,,,2,18,,8677,55,,,2,23,,8680,55,,,2,60,,8679,55,,,2,22,,8681,55,,,2,19,,8686,55,,,2,60,,8685,55,,,2,18,,8705,55,,,2,22,,8698,55,,,2,61,,8694,55,,,2,21,,8690,55,,,2,61,,8700,55,,,2,20,,8665,55,,,2,20,,8666,55,,,2,61,,8667,55,,,2,23,,8699,55,,,2,76,,8696,55,,,2,35,,8704,55,,,2,69,,8676,55,,,2,30,,8663,55,,,2,72,,8662,55,,,2,30,,8671,55,,,2,70,,8659,55,,,2,28,,8668,55,,,2,68,,8678,55,,,2,28,,8664,55,,,2,71,,8670,55,,,2,30,,8674,55,,,2,68,,8675,55,,,2,30,,8669,55,,,2,77,,8673,55,,,2
4202,'SAM',500,,8708,55,,,2,41,,8710,55,,,2,65,,8728,55,,,2,30,,8706,55,,,2,70,,8736,55,,,2,29,,8734,55,,,2,70,,8711,55,,,2,32,,8742,55,,,2,71,,8738,55,,,2,31,,8737,55,,,2,71,,8741,55,,,2,23,,8753,55,,,2,22,,8747,55,,,2,61,,8751,55,,,2,21,,8746,55,,,2,20,,8749,55,,,2,60,,8731,55,,,2,18,,8744,55,,,2,22,,8735,55,,,2,61,,8727,55,,,2,21,,8733,55,,,2,20,,8707,55,,,2,60,,8740,55,,,2,18,,8739,55,,,2,22,,8732,55,,,2,61,,8743,55,,,2,21,,8709,55,,,2,60,,8745,55,,,2,20,,8748,55,,,2,21,,8714,55,,,2,61,,8750,55,,,2,23,,8752,55,,,2,75,,8720,55,,,2,35,,8722,55,,,2,70,,8724,55,,,2,30,,8726,55,,,2,75,,8712,55,,,2,27,,8715,55,,,2,70,,8729,55,,,2,28,,8717,55,,,2,68,,8719,55,,,2,31,,8713,55,,,2,67,,8716,55,,,2,30,,8718,55,,,2,69,,8721,55,,,2,30,,8723,55,,,2,77,,8725,55,,,2,30,,8730,55,,,2
4202,'SEM',458,,8792,55,,,2,97,,8794,55,,,2,72,,8798,55,,,2,16,,8801,55,,,2,15,,8754,55,,,2,50,,8756,55,,,2,11,,8759,55,,,2,9,,8762,55,,,2,10,,8800,55,,,2,12,,8797,55,,,2,60,,8757,55,,,2,18,,8771,55,,,2,21,,8758,55,,,2,62,,8802,55,,,2,22,,8799,55,,,2,19,,8760,55,,,2,61,,8793,55,,,2,20,,8755,55,,,2,19,,8796,55,,,2,61,,8764,55,,,2,20,,8787,55,,,2,21,,8795,55,,,2,64,,8765,55,,,2,16,,11969,55,,,2,24,,8767,55,,,2,60,,8769,55,,,2,20,,8770,55,,,2,63,,8763,55,,,2,16,,8772,55,,,2,21,,8773,55,,,2,20,,8774,55,,,2,61,,8761,55,,,2,21,,8776,55,,,2,60,,8803,55,,,2,20,,8779,55,,,2,20,,8780,55,,,2,60,,8781,55,,,2,22,,8783,55,,,2,18,,11965,55,,,2,64,,8786,55,,,2,20,,8766,55,,,2,23,,8775,55,,,2,64,,8768,55,,,2,19,,8790,55,,,2,70,,11968,55,,,2,45,,11967,55,,,2,76,,8791,55,,,2,29,,8777,55,,,2,69,,8778,55,,,2,30,,8782,55,,,2,66,,8784,55,,,2,37,,8789,55,,,2,67,,11966,55,,,2,32,,8788,55,,,2
5202,'DIM',642,,9576,99,,,2,111,,9571,99,,,2,100,,9572,99,,,2,100,,9573,99,,,2,98,,9578,99,,,2,102,,9577,99,,,2,99,,9574,99,,,2,101,,9570,99,,,2,102,,9575,99,,,2,96,,9569,99,,,2,105,,9579,99,,,2,100,,9567,99,,,2,99,,9580,99,,,2,100,,9564,99,,,2,98,,9565,99,,,2,100,,9566,99,,,2,99,,9568,99,,,2
5202,'SAM',642,,9592,99,,,2,111,,9588,99,,,2,100,,9591,99,,,2,100,,9587,99,,,2,99,,9589,99,,,2,101,,9597,99,,,2,99,,9595,99,,,2,102,,9596,99,,,2,102,,9593,99,,,2,100,,9590,99,,,2,97,,9594,99,,,2,103,,9584,99,,,2,100,,9585,99,,,2,99,,9586,99,,,2,98,,9581,99,,,2,100,,9582,99,,,2,99,,9583,99,,,2
5202,'SEM',605,,9608,99,,,2,52,,9616,99,,,2,65,,9599,99,,,2,31,,9612,99,,,2,103,,9609,99,,,2,100,,9610,99,,,2,100,,9611,99,,,2,97,,9598,99,,,2,103,,9613,99,,,2,100,,9615,99,,,2,102,,9614,99,,,2,101,,9600,99,,,2,99,,9601,99,,,2,99,,9602,99,,,2,99,,9607,99,,,2,100,,9606,99,,,2,101,,9603,99,,,2,100,,9604,99,,,2,96,,9605,99,,,2
5802,'DIM',608,,9883,19,,,2,100,,9890,19,,,2,51,,9887,19,,,2,100,,9891,19,,,2,100,,9894,19,,,2,99,,9886,19,,,2,101,,9896,19,,,2,100,,9893,19,,,2,141,,9889,19,,,2,59,,9892,19,,,2,141,,9888,19,,,2,59,,9882,19,,,2,141,,9895,19,,,2,101,,9879,19,,,2,100,,9885,19,,,2,99,,9881,19,,,2,59,,9880,19,,,2,99,,9884,19,,,2
5802,'SAM',608,,9914,19,,,2,100,,9906,19,,,2,51,,9905,19,,,2,100,,9910,19,,,2,100,,9908,19,,,2,99,,9911,19,,,2,101,,9913,19,,,2,100,,9897,19,,,2,98,,9904,19,,,2,101,,9909,19,,,2,101,,9907,19,,,2,141,,9912,19,,,2,100,,9899,19,,,2,101,,9902,19,,,2,100,,9898,19,,,2,99,,9903,19,,,2,59,,9900,19,,,2,99,,9901,19,,,2
5802,'SEM',527,,9932,19,,,2,74,,9926,19,,,2,22,,9925,19,,,2,79,,9933,19,,,2,35,,9935,19,,,2,69,,9918,19,,,2,33,,9917,19,,,2,83,,9921,19,,,2,99,,9936,19,,,2,100,,9915,19,,,2,100,,9922,19,,,2,100,,9934,19,,,2,101,,9916,19,,,2,25,,9919,19,,,2,69,,9923,19,,,2,103,,9929,19,,,2,33,,9920,19,,,2,93,,9924,19,,,2,96,,9930,19,,,2,100,,11992,19,,,2,100,,9931,19,,,2,98,,9928,19,,,2,99,,9927,19,,,2
22202,'DIM',1444,,4994,31,,,2
22202,'SAM',1444,,11668,31,,,2,898,,11666,31,,,2,100,,11667,31,,,2
22202,'SEM',544,,11675,31,,,2,159,,11670,31,,,2,41,,11671,31,,,2,767,,11674,31,,,2,35,,11669,31,,,2,703,,11672,31,,,2,65,,11673,31,,,2
25202,'SEM',535,,11680,51,,,2,99,,11682,51,,,2,181,,11681,51,,,2
32202,'SAM',2557,,11777,25,,,2
32202,'SEM',2425,,12016,25,,,2,84,,11778,25,,,2
