202,'SAM',2615,,6879,2,,,1,41,,6880,2,,,1
202,'SEM',514,,6885,2,,,1,30,,6886,2,,,1,15,,6881,2,,,1,2000,,6882,2,,,1,81,,6883,2,,,1,81,,6884,2,,,1
1202,'DIM',923,,6921,9,,,2,100,,6920,9,,,2,102,,6918,9,,,2,98,,6919,9,,,2,104,,6917,9,,,2,97,,6915,9,,,2,101,,6923,9,,,2,99,,6922,9,,,2,105,,6916,9,,,2
1202,'SAM',923,,6928,9,,,2,100,,6926,9,,,2,102,,6931,9,,,2,101,,6930,9,,,2,101,,6929,9,,,2,96,,6927,9,,,2,101,,6932,9,,,2,105,,6924,9,,,2,100,,6925,9,,,2
1202,'SEM',813,,6940,9,,,2,102,,6942,9,,,2,100,,6937,9,,,2,100,,6935,9,,,2,101,,6941,9,,,2,99,,6938,9,,,2,106,,6934,9,,,2,104,,6936,9,,,2,98,,6939,9,,,2,101,,6933,9,,,2
2001,'DIM',725,,7089,54,,,1,100,,7081,54,,,1,102,,7092,54,,,1,100,,7093,54,,,1,100,,7090,54,,,1,100,,7091,54,,,1,104,,7094,54,,,1,99,,7095,54,,,1,95,,7097,54,,,1,104,,7096,54,,,1,100,,7083,54,,,1,100,,7084,54,,,1,98,,7088,54,,,1,99,,7082,54,,,1,99,,7085,54,,,1,99,,7087,54,,,1,100,,7086,54,,,1
2001,'SAM',623,,7105,54,,,1,102,,7109,54,,,1,100,,7115,54,,,1,102,,7107,54,,,1,100,,7106,54,,,1,100,,7111,54,,,1,100,,7108,54,,,1,104,,7112,54,,,1,99,,7110,54,,,1,95,,7098,54,,,1,106,,7113,54,,,1,103,,7114,54,,,1,93,,7099,54,,,1,100,,7103,54,,,1,99,,7100,54,,,1,99,,7102,54,,,1,99,,7101,54,,,1,100,,7104,54,,,1
2001,'SEM',609,,7132,54,,,1,103,,7131,54,,,1,39,,7129,54,,,1,86,,7118,54,,,1,90,,7119,54,,,1,100,,7120,54,,,1,99,,7134,54,,,1,98,,7130,54,,,1,102,,7133,54,,,1,101,,7122,54,,,1,100,,7116,54,,,1,108,,7117,54,,,1,89,,7121,54,,,1,104,,7123,54,,,1,89,,7127,54,,,1,100,,7126,54,,,1,99,,7128,54,,,1,99,,7124,54,,,1,102,,7125,54,,,1
3103,'DIM',628,,7902,2,,,1,99,,7901,2,,,1,98,,1058,2,,,1,99,,7906,2,,,1,99,,7905,2,,,1,100,,7903,2,,,1,102,,7892,2,,,1,100,,7904,2,,,1,99,,7891,2,,,1,102,,7890,2,,,1,99,,7895,2,,,1,99,,7897,2,,,1,103,,7896,2,,,1,97,,7898,2,,,1,101,,7894,2,,,1,101,,7893,2,,,1,100,,7899,2,,,1,101,,7900,2,,,1
3103,'SAM',628,,7919,2,,,1,99,,7918,2,,,1,98,,1075,2,,,1,99,,7923,2,,,1,99,,7924,2,,,1,100,,7920,2,,,1,100,,7916,2,,,1,101,,7921,2,,,1,100,,7917,2,,,1,102,,7922,2,,,1,100,,7911,2,,,1,99,,7913,2,,,1,100,,7909,2,,,1,100,,7914,2,,,1,100,,7907,2,,,1,101,,7908,2,,,1,100,,7910,2,,,1,102,,7912,2,,,1,95,,7915,2,,,1
3103,'SEM',623,,7946,2,,,1,99,,7944,2,,,1,100,,7945,2,,,1,99,,7925,2,,,1,101,,7926,2,,,1,100,,7928,2,,,1,100,,7947,2,,,1,100,,7927,2,,,1,100,,7932,2,,,1,98,,7933,2,,,1,11,,7934,2,,,1,76,,7929,2,,,1,30,,7938,2,,,1,80,,7935,2,,,1,30,,7931,2,,,1,76,,7943,2,,,1,30,,7930,2,,,1,76,,7942,2,,,1,100,,7936,2,,,1,101,,7939,2,,,1,101,,7940,2,,,1,98,,7937,2,,,1,114,,7941,2,,,1
34503,'SEM',429,,11786,2,,,1,100,,11787,2,,,1
