4201,'DIM',521,,1664,29,,,2,104,,1688,29,,,2,30,,1707,29,,,2,70,,1693,29,,,2,31,,1689,29,,,2,71,,1696,29,,,2,30,,1700,29,,,2,71,,1703,29,,,2,31,,1694,29,,,2,66,,1698,29,,,2,76,,1697,29,,,2,20,,1681,29,,,2,23,,1686,29,,,2,58,,1685,29,,,2,22,,1687,29,,,2,18,,1691,29,,,2,60,,1690,29,,,2,19,,1710,29,,,2,22,,1704,29,,,2,61,,1699,29,,,2,20,,1695,29,,,2,21,,1706,29,,,2,60,,1668,29,,,2,20,,1670,29,,,2,20,,1671,29,,,2,61,,1705,29,,,2,19,,1692,29,,,2,21,,1701,29,,,2,60,,1669,29,,,2,15,,1709,29,,,2,15,,1708,29,,,2,14,,1680,29,,,2,52,,1702,29,,,2,18,,1666,29,,,2,32,,1665,29,,,2,70,,1676,29,,,2,29,,1663,29,,,2,70,,1672,29,,,2,29,,1683,29,,,2,70,,1667,29,,,2,31,,1674,29,,,2,70,,1678,29,,,2,30,,1679,29,,,2,70,,1673,29,,,2,34,,1677,29,,,2,68,,1675,29,,,2,34,,1682,29,,,2,75,,1684,29,,,2
4201,'SAM',521,,1711,29,,,2,104,,1739,29,,,2,30,,1714,29,,,2,70,,1746,29,,,2,31,,1742,29,,,2,71,,1741,29,,,2,30,,1745,29,,,2,71,,1752,29,,,2,31,,1757,29,,,2,65,,1750,29,,,2,77,,1736,29,,,2,20,,1748,29,,,2,22,,1740,29,,,2,59,,1731,29,,,2,21,,1738,29,,,2,19,,1712,29,,,2,60,,1744,29,,,2,19,,1743,29,,,2,22,,1737,29,,,2,61,,1747,29,,,2,20,,1713,29,,,2,20,,1749,29,,,2,60,,1753,29,,,2,21,,1717,29,,,2,20,,1755,29,,,2,61,,1758,29,,,2,20,,1759,29,,,2,19,,1723,29,,,2,61,,1756,29,,,2,14,,1725,29,,,2,16,,1751,29,,,2,14,,1727,29,,,2,54,,1754,29,,,2,16,,1730,29,,,2,36,,1715,29,,,2,66,,1718,29,,,2,29,,1734,29,,,2,70,,1720,29,,,2,29,,1722,29,,,2,73,,1716,29,,,2,27,,1719,29,,,2,70,,1721,29,,,2,31,,1724,29,,,2,70,,1726,29,,,2,34,,1728,29,,,2,68,,1735,29,,,2,34,,1729,29,,,2,75,,1733,29,,,2,70,,1732,29,,,2
4201,'SEM',626,,1808,29,,,2,30,,1762,29,,,2,57,,1803,29,,,2,21,,1806,29,,,2,23,,1809,29,,,2,62,,1807,29,,,2,19,,1763,29,,,2,19,,1802,29,,,2,62,,1760,29,,,2,19,,1766,29,,,2,19,,1792,29,,,2,63,,1804,29,,,2,18,,1805,29,,,2,63,,1768,29,,,2,17,,5310,29,,,2,23,,1770,29,,,2,60,,1771,29,,,2,19,,1772,29,,,2,22,,1765,29,,,2,15,,1774,29,,,2,63,,1775,29,,,2,19,,1776,29,,,2,61,,1764,29,,,2,21,,5490,29,,,2,20,,1810,29,,,2,59,,1784,29,,,2,21,,1785,29,,,2,20,,1786,29,,,2,15,,1788,29,,,2,53,,1761,29,,,2,13,,1767,29,,,2,11,,1779,29,,,2,13,,1791,29,,,2,54,,1793,29,,,2,15,,1782,29,,,2,14,,1778,29,,,2,14,,1777,29,,,2,14,,1797,29,,,2,55,,1799,29,,,2,15,,1769,29,,,2,14,,1801,29,,,2,63,,1794,29,,,2,13,,1798,29,,,2,21,,1773,29,,,2,67,,1800,29,,,2,31,,1781,29,,,2,67,,1783,29,,,2,33,,1787,29,,,2,67,,1789,29,,,2,31,,1813,15,,,2,75,,5226,29,,,2,23,,1812,15,,,2,70,,1796,29,,,2,44,,1795,29,,,2
4803,'DIM',705,,2378,9,,,1,103,,2382,9,,,1,102,,2386,9,,,1,99,,2368,9,,,1,102,,2379,9,,,1,101,,2380,9,,,1,95,,2385,9,,,1,105,,2381,9,,,1,99,,2383,9,,,1,100,,2369,9,,,1,100,,2384,9,,,1,100,,2371,9,,,1,95,,2376,9,,,1,100,,2374,9,,,1,100,,2373,9,,,1,99,,2375,9,,,1,100,,2370,9,,,1,35,,2372,9,,,1,161,,2377,9,,,1
4803,'SAM',605,,2387,9,,,1,100,,2399,9,,,1,102,,2402,9,,,1,103,,2406,9,,,1,99,,2397,9,,,1,101,,2405,9,,,1,101,,2400,9,,,1,94,,2403,9,,,1,106,,2401,9,,,1,100,,2398,9,,,1,100,,2404,9,,,1,100,,2391,9,,,1,100,,2393,9,,,1,95,,2389,9,,,1,100,,2388,9,,,1,98,,2390,9,,,1,101,,2395,9,,,1,100,,2396,9,,,1,35,,2392,9,,,1,161,,2394,9,,,1
4803,'SEM',600,,2427,9,,,1,20,,2429,9,,,1,37,,2419,9,,,1,73,,2430,9,,,1,71,,2433,9,,,1,24,,2415,9,,,1,80,,5458,9,,,1,30,,2409,9,,,1,95,,2416,9,,,1,100,,2411,9,,,1,100,,2410,9,,,1,100,,2431,9,,,1,80,,2407,9,,,1,101,,2412,9,,,1,35,,2428,9,,,1,64,,2408,9,,,1,30,,2432,9,,,1,70,,2420,9,,,1,30,,2413,9,,,1,70,,2421,9,,,1,95,,2425,9,,,1,100,,2417,9,,,1,100,,2418,9,,,1,99,,2422,9,,,1,100,,2423,9,,,1,99,,5239,9,,,1,51,,2424,9,,,1,73,,2426,9,,,1
5801,'DIM',525,,2996,9,,,2,100,,2978,9,,,2,90,,2987,9,,,2,99,,2990,9,,,2,99,,2993,9,,,2,100,,2986,9,,,2,102,,2995,9,,,2,98,,2992,9,,,2,103,,2989,9,,,2,99,,2991,9,,,2,102,,2988,9,,,2,99,,2981,9,,,2,101,,2994,9,,,2,99,,2977,9,,,2,99,,2985,9,,,2,99,,2980,9,,,2,101,,2979,9,,,2,100,,2983,9,,,2,99,,2982,9,,,2,110,,2984,9,,,2
5801,'SAM',525,,3016,9,,,2,100,,3008,9,,,2,90,,3007,9,,,2,99,,3012,9,,,2,100,,3010,9,,,2,99,,3013,9,,,2,102,,3015,9,,,2,98,,2997,9,,,2,101,,3006,9,,,2,101,,3011,9,,,2,101,,3009,9,,,2,101,,3014,9,,,2,100,,3000,9,,,2,100,,3004,9,,,2,98,,2998,9,,,2,99,,3005,9,,,2,101,,3001,9,,,2,100,,3003,9,,,2,99,,2999,9,,,2,110,,3002,9,,,2
5801,'SEM',515,,3030,9,,,2,28,,3027,9,,,2,82,,3038,9,,,2,82,,3028,9,,,2,46,,3034,9,,,2,85,,3021,9,,,2,99,,3039,9,,,2,100,,3017,9,,,2,100,,3022,9,,,2,100,,3037,9,,,2,100,,5500,9,,,2,86,,3029,9,,,2,31,,3019,9,,,2,72,,3040,9,,,2,28,,3024,9,,,2,75,,5499,9,,,2,28,,3025,9,,,2,68,,3020,9,,,2,29,,3036,9,,,2,70,,3023,9,,,2,30,,5245,9,,,2,100,,5246,9,,,2,100,,3032,9,,,2,99,,3031,9,,,2,100,,3033,9,,,2,100,,3035,9,,,2
7002,'DIM',659,,3827,9,,,1,142,,3834,9,,,1,100,,3839,9,,,1,100,,3830,9,,,1,28,,3831,9,,,1,73,,3833,9,,,1,29,,3823,9,,,1,25,,3832,9,,,1,75,,3829,9,,,1,25,,3838,9,,,1,79,,3836,9,,,1,67,,3840,9,,,1,36,,3821,9,,,1,65,,3835,9,,,1,31,,3843,9,,,1,23,,3837,9,,,1,78,,3842,9,,,1,68,,3825,9,,,1,36,,3845,9,,,1,74,,3841,9,,,1,97,,3844,9,,,1,95,,3820,9,,,1,95,,3822,9,,,1,101,,3826,9,,,1,99,,3824,9,,,1,103,,3828,9,,,1
7002,'SAM',658,,3872,9,,,1,143,,3852,9,,,1,100,,3860,9,,,1,100,,3859,9,,,1,25,,3868,9,,,1,76,,3873,9,,,1,29,,3870,9,,,1,24,,3864,9,,,1,75,,3863,9,,,1,26,,3862,9,,,1,79,,3865,9,,,1,75,,3861,9,,,1,27,,3871,9,,,1,65,,3869,9,,,1,28,,3867,9,,,1,26,,3866,9,,,1,79,,3855,9,,,1,69,,3851,9,,,1,36,,3853,9,,,1,74,,3848,9,,,1,96,,3857,9,,,1,95,,3849,9,,,1,96,,3850,9,,,1,100,,3856,9,,,1,99,,3854,9,,,1,103,,3858,9,,,1
7002,'SEM',533,,3881,9,,,1,96,,3901,9,,,1,26,,3902,9,,,1,73,,3880,9,,,1,76,,3883,9,,,1,27,,3885,9,,,1,70,,3900,9,,,1,30,,3878,9,,,1,70,,3907,9,,,1,30,,3886,9,,,1,27,,3908,9,,,1,73,,3903,9,,,1,26,,3905,9,,,1,74,,3904,9,,,1,69,,3879,9,,,1,30,,3906,9,,,1,24,,3899,9,,,1,76,,3884,9,,,1,71,,3887,9,,,1,30,,5408,9,,,1,70,,3876,9,,,1,33,,3877,9,,,1,68,,3890,9,,,1,33,,3891,9,,,1,66,,3895,9,,,1,33,,3894,9,,,1,91,,3892,9,,,1,83,,3896,9,,,1,94,,3888,9,,,1,112,,3893,9,,,1,106,,3889,9,,,1,99,,3898,9,,,1,105,,3897,9,,,1
