4504,'DIM',634,,9016,49,,,1,100,,9009,49,,,1,100,,9017,49,,,1,101,,9019,49,,,1,100,,9023,49,,,1,97,,9024,49,,,1,102,,9020,49,,,1,98,,9015,49,,,1,108,,9013,49,,,1,98,,9007,49,,,1,100,,9022,49,,,1,96,,9018,49,,,1,101,,9021,49,,,1,102,,9008,49,,,1,100,,9014,49,,,1,101,,9010,49,,,1,100,,9011,49,,,1,99,,9012,49,,,1
4504,'SAM',634,,2249,49,,,1,100,,9038,49,,,1,100,,9035,49,,,1,101,,9039,49,,,1,100,,9037,49,,,1,101,,9026,49,,,1,97,,9036,49,,,1,102,,9025,49,,,1,104,,9031,49,,,1,101,,9040,49,,,1,98,,9028,49,,,1,96,,9041,49,,,1,101,,9029,49,,,1,102,,9033,49,,,1,100,,9027,49,,,1,101,,9032,49,,,1,100,,9030,49,,,1,99,,9034,49,,,1
4504,'SEM',552,,9061,49,,,1,55,,9062,49,,,1,43,,9067,49,,,1,85,,9047,49,,,1,19,,9045,49,,,1,58,,9043,49,,,1,16,,9060,49,,,1,90,,9046,49,,,1,106,,9064,49,,,1,112,,9059,49,,,1,96,,9049,49,,,1,94,,9048,49,,,1,100,,9065,49,,,1,83,,9044,49,,,1,25,,9042,49,,,1,72,,9063,49,,,1,30,,9066,49,,,1,78,,9051,49,,,1,35,,9054,49,,,1,81,,9055,49,,,1,102,,9053,49,,,1,104,,9052,49,,,1,102,,9056,49,,,1,90,,9058,49,,,1,99,,9050,49,,,1,95,,9057,49,,,1
5002,'DIM',622,,9440,40,,,1,100,,2653,40,,,1,102,,9423,40,,,1,97,,9438,40,,,1,107,,9431,40,,,1,25,,9441,40,,,1,77,,9433,40,,,1,24,,9445,40,,,1,79,,9443,40,,,1,22,,9444,40,,,1,75,,9446,40,,,1,29,,9432,40,,,1,73,,9434,40,,,1,76,,9447,40,,,1,29,,9436,40,,,1,74,,9435,40,,,1,30,,9442,40,,,1,66,,9439,40,,,1,31,,9437,40,,,1,99,,9425,40,,,1,99,,9427,40,,,1,99,,9430,40,,,1,99,,9424,40,,,1,97,,9428,40,,,1,98,,9426,40,,,1,98,,9429,40,,,1
5002,'SAM',622,,9455,40,,,1,100,,9458,40,,,1,102,,9449,40,,,1,100,,9470,40,,,1,104,,9469,40,,,1,25,,9468,40,,,1,76,,9466,40,,,1,25,,9450,40,,,1,79,,9473,40,,,1,22,,9472,40,,,1,75,,9451,40,,,1,29,,9462,40,,,1,73,,9464,40,,,1,76,,9467,40,,,1,29,,9463,40,,,1,74,,9465,40,,,1,30,,9453,40,,,1,66,,9454,40,,,1,31,,9448,40,,,1,99,,9471,40,,,1,99,,9459,40,,,1,99,,9461,40,,,1,99,,9460,40,,,1,97,,9456,40,,,1,98,,9452,40,,,1,98,,9457,40,,,1
5002,'SEM',511,,9480,40,,,1,36,,9502,40,,,1,71,,9498,40,,,1,30,,9474,40,,,1,77,,9506,40,,,1,32,,9499,40,,,1,63,,9475,40,,,1,35,,9492,40,,,1,66,,9478,40,,,1,31,,9504,40,,,1,66,,9505,40,,,1,33,,9501,40,,,1,68,,9477,40,,,1,33,,9481,40,,,1,68,,9500,40,,,1,32,,9489,40,,,1,72,,9503,40,,,1,30,,9482,40,,,1,70,,9485,40,,,1,82,,9476,40,,,1,26,,9486,40,,,1,77,,9479,40,,,1,33,,9493,40,,,1,70,,9483,40,,,1,29,,9484,40,,,1,69,,9491,40,,,1,29,,9487,40,,,1,70,,9490,40,,,1,104,,9494,40,,,1,104,,9507,40,,,1,101,,9488,40,,,1,110,,9496,40,,,1,103,,9495,40,,,1,97,,9497,40,,,1
6002,'DIM',704,,9994,22,,,1,100,,10003,22,,,1,100,,10001,22,,,1,100,,10002,22,,,1,100,,10004,22,,,1,100,,10007,22,,,1,101,,10005,22,,,1,100,,10008,22,,,1,100,,10006,22,,,1,99,,10009,22,,,1,99,,10010,22,,,1,100,,9996,22,,,1,100,,9998,22,,,1,101,,9997,22,,,1,101,,9999,22,,,1,100,,9993,22,,,1,100,,9995,22,,,1,99,,10000,22,,,1
6002,'SAM',704,,10022,22,,,1,100,,10013,22,,,1,100,,10025,22,,,1,100,,10027,22,,,1,100,,10023,22,,,1,100,,10026,22,,,1,101,,10024,22,,,1,100,,10012,22,,,1,100,,10028,22,,,1,99,,10011,22,,,1,99,,10015,22,,,1,102,,10020,22,,,1,98,,10016,22,,,1,101,,10017,22,,,1,101,,10021,22,,,1,100,,10014,22,,,1,100,,10018,22,,,1,99,,10019,22,,,1
6002,'SEM',635,,10045,22,,,1,101,,10043,22,,,1,101,,10030,22,,,1,99,,10046,22,,,1,100,,10044,22,,,1,102,,10035,22,,,1,100,,10029,22,,,1,99,,10031,22,,,1,101,,10042,22,,,1,99,,10032,22,,,1,101,,10037,22,,,1,106,,10034,22,,,1,93,,10040,22,,,1,99,,10038,22,,,1,99,,10033,22,,,1,100,,10036,22,,,1,99,,10039,22,,,1,90,,10041,22,,,1,100,,10047,22,,,1
34504,'SEM',2518,,11789,19,,,1,118,,11788,19,,,1
