2402,'DIM',724,,531,35,,,1,107,,537,35,,,1,98,,534,35,,,1,99,,528,35,,,1,74,,532,35,,,1,25,,518,35,,,1,75,,543,35,,,1,30,,536,35,,,1,71,,533,35,,,1,24,,538,35,,,1,76,,541,35,,,1,25,,535,35,,,1,75,,544,35,,,1,25,,542,35,,,1,76,,540,35,,,1,30,,519,35,,,1,69,,539,35,,,1,29,,523,35,,,1,69,,521,35,,,1,32,,529,35,,,1,100,,525,35,,,1,99,,520,35,,,1,98,,524,35,,,1,100,,522,35,,,1,94,,527,35,,,1,101,,530,35,,,1,98,,526,35,,,1
2402,'SAM',628,,567,35,,,1,97,,558,35,,,1,106,,562,35,,,1,98,,556,35,,,1,100,,566,35,,,1,73,,5348,35,,,1,25,,569,35,,,1,75,,550,35,,,1,30,,563,35,,,1,71,,557,35,,,1,25,,559,35,,,1,75,,564,35,,,1,29,,568,35,,,1,71,,560,35,,,1,24,,570,35,,,1,77,,561,35,,,1,30,,572,35,,,1,69,,545,35,,,1,29,,549,35,,,1,69,,571,35,,,1,32,,552,35,,,1,100,,546,35,,,1,99,,555,35,,,1,98,,547,35,,,1,100,,553,35,,,1,94,,548,35,,,1,101,,554,35,,,1,101,,551,35,,,1
2402,'SEM',553,,573,35,,,1,83,,608,35,,,1,79,,602,35,,,1,21,,578,35,,,1,66,,605,35,,,1,27,,577,35,,,1,71,,579,35,,,1,29,,606,35,,,1,29,,582,35,,,1,70,,588,35,,,1,30,,5565,35,,,1,70,,576,35,,,1,30,,603,35,,,1,70,,604,35,,,1,30,,575,35,,,1,71,,609,35,,,1,30,,580,35,,,1,70,,586,35,,,1,71,,610,35,,,1,23,,581,35,,,1,22,,591,35,,,1,60,,5349,35,,,1,22,,584,35,,,1,24,,587,35,,,1,58,,583,35,,,1,18,,590,35,,,1,24,,594,35,,,1,55,,597,35,,,1,18,,585,35,,,1,18,,592,35,,,1,61,,600,35,,,1,50,,589,35,,,1,98,,598,35,,,1,100,,593,35,,,1,99,,595,35,,,1,103,,599,35,,,1,99,,596,35,,,1,95,,601,35,,,1
6602,'DIM',716,,3748,31,,,1,108,,3752,31,,,1,102,,3754,31,,,1,101,,3753,31,,,1,99,,3755,31,,,1,95,,3751,31,,,1,107,,3761,31,,,1,131,,3758,31,,,1,95,,3757,31,,,1,74,,3756,31,,,1,31,,3745,31,,,1,71,,3760,31,,,1,25,,3759,31,,,1,72,,3746,31,,,1,99,,3744,31,,,1,100,,3749,31,,,1,99,,3747,31,,,1,92,,3750,31,,,1
6602,'SAM',716,,3771,31,,,1,108,,3774,31,,,1,102,,3778,31,,,1,101,,3775,31,,,1,99,,3776,31,,,1,101,,3762,31,,,1,101,,3773,31,,,1,131,,3777,31,,,1,100,,3765,31,,,1,70,,3763,31,,,1,28,,3779,31,,,1,73,,3768,31,,,1,25,,3764,31,,,1,72,,3769,31,,,1,99,,3772,31,,,1,100,,3770,31,,,1,99,,3767,31,,,1,92,,3766,31,,,1
6602,'SEM',659,,5381,31,,,1,141,,3780,31,,,1,106,,3781,31,,,1,105,,3786,31,,,1,99,,3782,31,,,1,102,,5477,31,,,1,100,,3785,31,,,1,100,,3795,31,,,1,32,,5623,31,,,1,90,,3784,31,,,1,104,,3788,31,,,1,99,,3794,31,,,1,95,,3789,31,,,1,102,,3792,31,,,1,101,,3793,31,,,1,96,,3791,31,,,1,71,,3790,31,,,1
14402,'DIM',749,,4553,19,,,2,100,,4546,19,,,2,101,,4556,19,,,2,101,,4555,19,,,2,72,,4552,19,,,2,30,,4554,19,,,2,73,,4557,19,,,2,33,,4567,19,,,2,70,,4560,19,,,2,74,,4559,19,,,2,33,,4565,19,,,2,68,,4561,19,,,2,35,,4563,19,,,2,73,,4566,19,,,2,28,,4564,19,,,2,74,,4544,19,,,2,34,,4562,19,,,2,67,,4558,19,,,2,34,,4549,19,,,2,99,,4550,19,,,2,81,,4543,19,,,2,97,,4548,19,,,2,98,,4551,19,,,2,96,,4542,19,,,2,101,,4545,19,,,2,95,,4547,19,,,2
14402,'SAM',749,,4582,19,,,2,100,,4571,19,,,2,101,,4587,19,,,2,101,,4588,19,,,2,72,,4583,19,,,2,30,,4589,19,,,2,73,,4593,19,,,2,33,,4585,19,,,2,70,,4584,19,,,2,74,,4568,19,,,2,33,,4586,19,,,2,68,,4590,19,,,2,35,,4591,19,,,2,73,,4573,19,,,2,28,,4592,19,,,2,74,,4569,19,,,2,34,,4572,19,,,2,67,,4594,19,,,2,34,,4579,19,,,2,99,,4570,19,,,2,81,,4575,19,,,2,97,,4574,19,,,2,98,,4576,19,,,2,96,,4581,19,,,2,101,,4577,19,,,2,99,,4578,19,,,2,100,,4580,19,,,2
14402,'SEM',549,,4619,19,,,2,91,,4627,19,,,2,110,,4630,19,,,2,94,,4602,19,,,2,90,,4596,19,,,2,70,,4605,19,,,2,34,,4610,19,,,2,70,,4609,19,,,2,30,,4611,19,,,2,75,,5633,19,,,2,30,,4625,19,,,2,71,,4599,19,,,2,35,,4598,19,,,2,73,,4626,19,,,2,29,,4629,19,,,2,80,,5397,19,,,2,20,,4597,19,,,2,57,,4604,19,,,2,12,,4607,19,,,2,23,,4614,19,,,2,14,,4608,19,,,2,50,,4628,19,,,2,14,,5396,19,,,2,15,,4601,19,,,2,11,,4600,19,,,2,56,,4603,19,,,2,16,,4606,19,,,2,20,,4616,19,,,2,16,,4612,19,,,2,62,,4620,19,,,2,94,,4617,19,,,2,92,,4621,19,,,2,99,,4613,19,,,2,100,,4615,19,,,2,57,,4618,19,,,2,100,,4623,19,,,2,150,,4622,19,,,2
24402,'SEM',1614,,5401,17,,,2,18,,5638,17,,,2,19,,4975,17,,,2
