1704,'DIM',456,,7029,13,,,1,90,,7030,13,,,1,100,,7034,13,,,1,102,,7028,13,,,1,99,,165,13,,,1,100,,7032,13,,,1,101,,7033,13,,,1,100,,7035,13,,,1,101,,7036,13,,,1,101,,7031,13,,,1,102,,7017,13,,,1,99,,7018,13,,,1,100,,7021,13,,,1,101,,7023,13,,,1,99,,7022,13,,,1,98,,7020,13,,,1,100,,7024,13,,,1,101,,7027,13,,,1,99,,7019,13,,,1,99,,7025,13,,,1,96,,7026,13,,,1
1704,'SAM',456,,7049,13,,,1,90,,7050,13,,,1,100,,7056,13,,,1,102,,7053,13,,,1,99,,7048,13,,,1,100,,7052,13,,,1,101,,7057,13,,,1,100,,7055,13,,,1,101,,7054,13,,,1,101,,7051,13,,,1,101,,7038,13,,,1,100,,7039,13,,,1,101,,7041,13,,,1,100,,7043,13,,,1,99,,7037,13,,,1,98,,7045,13,,,1,100,,7042,13,,,1,101,,7040,13,,,1,99,,7044,13,,,1,99,,7046,13,,,1,96,,7047,13,,,1
1704,'SEM',508,,7072,13,,,1,92,,7077,13,,,1,22,,7080,13,,,1,22,,7059,13,,,1,66,,7063,13,,,1,35,,7064,13,,,1,61,,7058,13,,,1,98,,7061,13,,,1,44,,7062,13,,,1,100,,7065,13,,,1,100,,7076,13,,,1,100,,7078,13,,,1,100,,7067,13,,,1,102,,7079,13,,,1,100,,7060,13,,,1,105,,7068,13,,,1,96,,7066,13,,,1,98,,7069,13,,,1,101,,7074,13,,,1,101,,7075,13,,,1,100,,7070,13,,,1,100,,7071,13,,,1,100,,7073,13,,,1
3104,'DIM',616,,7960,23,,,1,102,,7961,23,,,1,100,,7959,23,,,1,100,,7965,23,,,1,100,,7966,23,,,1,100,,7964,23,,,1,100,,7962,23,,,1,103,,7950,23,,,1,101,,7963,23,,,1,100,,7949,23,,,1,101,,7948,23,,,1,99,,7953,23,,,1,98,,7955,23,,,1,103,,7954,23,,,1,96,,7956,23,,,1,101,,7952,23,,,1,100,,7951,23,,,1,98,,7957,23,,,1,102,,7958,23,,,1
3104,'SAM',517,,1137,23,,,1,99,,7976,23,,,1,102,,7979,23,,,1,100,,7978,23,,,1,100,,7981,23,,,1,100,,7984,23,,,1,100,,7985,23,,,1,100,,7980,23,,,1,102,,7975,23,,,1,101,,7982,23,,,1,101,,7977,23,,,1,101,,7983,23,,,1,100,,7971,23,,,1,98,,7973,23,,,1,100,,7969,23,,,1,99,,7974,23,,,1,100,,7967,23,,,1,100,,7968,23,,,1,98,,7970,23,,,1,102,,7972,23,,,1
3104,'SEM',440,,7994,23,,,1,77,,7995,23,,,1,90,,8006,23,,,1,21,,8008,23,,,1,23,,7988,23,,,1,73,,8007,23,,,1,28,,8004,23,,,1,69,,8002,23,,,1,35,,8003,23,,,1,61,,8005,23,,,1,100,,7986,23,,,1,101,,7987,23,,,1,100,,7990,23,,,1,101,,8009,23,,,1,100,,7989,23,,,1,102,,7992,23,,,1,100,,7993,23,,,1,96,,7991,23,,,1,105,,7996,23,,,1,97,,8001,23,,,1,105,,8000,23,,,1,100,,7997,23,,,1,102,,7998,23,,,1,100,,7999,23,,,1
3904,'DIM',817,,8313,13,,,1,112,,8307,13,,,1,82,,8314,13,,,1,30,,8317,13,,,1,73,,8308,13,,,1,27,,8306,13,,,1,73,,8316,13,,,1,29,,8311,13,,,1,74,,8300,13,,,1,27,,8315,13,,,1,70,,8309,13,,,1,31,,8310,13,,,1,72,,8299,13,,,1,30,,8312,13,,,1,71,,8295,13,,,1,31,,8296,13,,,1,68,,8301,13,,,1,28,,8302,13,,,1,70,,8303,13,,,1,43,,8304,13,,,1,98,,8297,13,,,1,100,,8305,13,,,1,100,,8298,13,,,1
3904,'SAM',817,,8333,13,,,1,112,,8326,13,,,1,82,,8337,13,,,1,30,,8327,13,,,1,70,,8318,13,,,1,30,,8324,13,,,1,76,,8330,13,,,1,26,,8328,13,,,1,74,,8334,13,,,1,27,,8325,13,,,1,70,,8331,13,,,1,31,,8332,13,,,1,71,,8338,13,,,1,31,,8329,13,,,1,72,,8335,13,,,1,24,,8336,13,,,1,74,,8339,13,,,1,28,,8340,13,,,1,70,,8319,13,,,1,86,,8320,13,,,1,57,,8322,13,,,1,98,,8321,13,,,1,100,,8323,13,,,1
3904,'SEM',612,,8364,13,,,1,27,,8357,13,,,1,14,,8363,13,,,1,51,,8345,13,,,1,29,,8360,13,,,1,71,,8341,13,,,1,31,,8358,13,,,1,70,,8365,13,,,1,35,,8343,13,,,1,67,,8344,13,,,1,33,,8355,13,,,1,69,,8359,13,,,1,31,,8361,13,,,1,68,,8352,13,,,1,32,,8356,13,,,1,67,,8362,13,,,1,38,,8342,13,,,1,74,,8347,13,,,1,30,,8349,13,,,1,71,,8350,13,,,1,101,,8366,13,,,1,112,,8353,13,,,1,99,,8354,13,,,1,105,,8346,13,,,1,100,,8348,13,,,1,94,,8351,13,,,1
4504,'DIM',614,,9016,13,,,1,100,,9009,13,,,1,99,,9017,13,,,1,101,,9019,13,,,1,99,,9023,13,,,1,97,,9024,13,,,1,102,,9020,13,,,1,98,,9015,13,,,1,108,,9013,13,,,1,98,,9007,13,,,1,100,,9022,13,,,1,96,,9018,13,,,1,101,,9021,13,,,1,103,,9008,13,,,1,101,,9014,13,,,1,101,,9010,13,,,1,100,,9011,13,,,1,100,,9012,13,,,1
4504,'SAM',614,,2249,13,,,1,100,,9038,13,,,1,99,,9035,13,,,1,101,,9039,13,,,1,99,,9037,13,,,1,101,,9026,13,,,1,97,,9036,13,,,1,102,,9025,13,,,1,104,,9031,13,,,1,101,,9040,13,,,1,98,,9028,13,,,1,96,,9041,13,,,1,101,,9029,13,,,1,103,,9033,13,,,1,101,,9027,13,,,1,101,,9032,13,,,1,100,,9030,13,,,1,100,,9034,13,,,1
4504,'SEM',531,,9061,13,,,1,15,,9062,13,,,1,80,,9067,13,,,1,84,,9047,13,,,1,18,,9045,13,,,1,18,,9043,13,,,1,57,,9060,13,,,1,51,,9046,13,,,1,146,,9064,13,,,1,111,,9059,13,,,1,96,,9049,13,,,1,94,,9048,13,,,1,100,,9065,13,,,1,42,,9044,13,,,1,65,,9042,13,,,1,31,,9063,13,,,1,70,,9066,13,,,1,38,,9051,13,,,1,77,,9054,13,,,1,81,,9055,13,,,1,104,,9053,13,,,1,105,,9052,13,,,1,102,,9056,13,,,1,90,,9058,13,,,1,100,,9050,13,,,1,95,,9057,13,,,1
