3903,'DIM',921,,1387,7,,,1,30,,1392,7,,,1,70,,1393,7,,,1,30,,1390,7,,,1,74,,1391,7,,,1,26,,1394,7,,,1,69,,1384,7,,,1,31,,1388,7,,,1,70,,1385,7,,,1,30,,1371,7,,,1,70,,1374,7,,,1,31,,1377,7,,,1,70,,1389,7,,,1,31,,1378,7,,,1,71,,1379,7,,,1,25,,1380,7,,,1,58,,1386,7,,,1,10,,1381,7,,,1,24,,1375,7,,,1,65,,1382,7,,,1,100,,1372,7,,,1,100,,1383,7,,,1,99,,1373,7,,,1,104,,1376,7,,,1
3903,'SAM',921,,1415,7,,,1,30,,1419,7,,,1,70,,1396,7,,,1,30,,1410,7,,,1,74,,1413,7,,,1,26,,1412,7,,,1,70,,1397,7,,,1,30,,1411,7,,,1,70,,1414,7,,,1,30,,1398,7,,,1,70,,1417,7,,,1,31,,1401,7,,,1,70,,1402,7,,,1,31,,1404,7,,,1,71,,1418,7,,,1,25,,1405,7,,,1,58,,1416,7,,,1,11,,1403,7,,,1,23,,1400,7,,,1,69,,1399,7,,,1,98,,1407,7,,,1,98,,1406,7,,,1,99,,1409,7,,,1,104,,1408,7,,,1
3903,'SEM',711,,1443,7,,,1,99,,1425,7,,,1,104,,5454,7,,,1,33,,1427,7,,,1,69,,5389,7,,,1,31,,1445,7,,,1,68,,1438,7,,,1,31,,5388,7,,,1,67,,1446,7,,,1,38,,1422,7,,,1,73,,1429,7,,,1,27,,1431,7,,,1,71,,1432,7,,,1,34,,1421,7,,,1,77,,1439,7,,,1,23,,1433,7,,,1,68,,1424,7,,,1,25,,1426,7,,,1,75,,1434,7,,,1,80,,1435,7,,,1,40,,1428,7,,,1,99,,1430,7,,,1,97,,1436,7,,,1,103,,1440,7,,,1,99,,1437,7,,,1,88,,1441,7,,,1
4201,'DIM',512,,1664,11,,,2,102,,1688,11,,,2,30,,1707,11,,,2,70,,1693,11,,,2,31,,1689,11,,,2,71,,1696,11,,,2,27,,1700,11,,,2,71,,1703,11,,,2,31,,1694,11,,,2,66,,1698,11,,,2,35,,1697,11,,,2,60,,1681,11,,,2,23,,1686,11,,,2,18,,1685,11,,,2,62,,1687,11,,,2,18,,1691,11,,,2,20,,1690,11,,,2,58,,1710,11,,,2,22,,1704,11,,,2,21,,1699,11,,,2,60,,1695,11,,,2,21,,1706,11,,,2,20,,1668,11,,,2,60,,1670,11,,,2,20,,1671,11,,,2,21,,1705,11,,,2,58,,1692,11,,,2,21,,1701,11,,,2,20,,1669,11,,,2,55,,1709,11,,,2,15,,1708,11,,,2,14,,1680,11,,,2,14,,1702,11,,,2,58,,1666,11,,,2,32,,1665,11,,,2,70,,1676,11,,,2,30,,1663,11,,,2,70,,1672,11,,,2,29,,1683,11,,,2,70,,1667,11,,,2,31,,1674,11,,,2,70,,1678,11,,,2,30,,1679,11,,,2,70,,1673,11,,,2,35,,1677,11,,,2,70,,1675,11,,,2,34,,1682,11,,,2,75,,1684,11,,,2
4201,'SAM',512,,1711,11,,,2,102,,1739,11,,,2,30,,1714,11,,,2,70,,1746,11,,,2,31,,1742,11,,,2,71,,1741,11,,,2,27,,1745,11,,,2,71,,1752,11,,,2,31,,1757,11,,,2,65,,1750,11,,,2,36,,1736,11,,,2,60,,1748,11,,,2,22,,1740,11,,,2,19,,1731,11,,,2,61,,1738,11,,,2,19,,1712,11,,,2,20,,1744,11,,,2,58,,1743,11,,,2,22,,1737,11,,,2,21,,1747,11,,,2,60,,1713,11,,,2,20,,1749,11,,,2,20,,1753,11,,,2,61,,1717,11,,,2,20,,1755,11,,,2,21,,1758,11,,,2,59,,1759,11,,,2,19,,1723,11,,,2,21,,1756,11,,,2,54,,1725,11,,,2,16,,1751,11,,,2,14,,1727,11,,,2,16,,1754,11,,,2,56,,1730,11,,,2,36,,1715,11,,,2,66,,1718,11,,,2,30,,1734,11,,,2,70,,1720,11,,,2,29,,1722,11,,,2,73,,1716,11,,,2,27,,1719,11,,,2,70,,1721,11,,,2,31,,1724,11,,,2,70,,1726,11,,,2,35,,1728,11,,,2,70,,1735,11,,,2,34,,1729,11,,,2,75,,1733,11,,,2,30,,1732,11,,,2
4201,'SEM',613,,1808,11,,,2,29,,1762,11,,,2,17,,1803,11,,,2,60,,1806,11,,,2,21,,1809,11,,,2,62,,1807,11,,,2,19,,1763,11,,,2,19,,1802,11,,,2,62,,1760,11,,,2,19,,1766,11,,,2,19,,1792,11,,,2,63,,1804,11,,,2,18,,1805,11,,,2,23,,1768,11,,,2,57,,5310,11,,,2,23,,1770,11,,,2,20,,1771,11,,,2,59,,1772,11,,,2,22,,1765,11,,,2,15,,1774,11,,,2,63,,1775,11,,,2,19,,1776,11,,,2,21,,1764,11,,,2,61,,5490,11,,,2,20,,1810,11,,,2,19,,1784,11,,,2,59,,1785,11,,,2,20,,1786,11,,,2,14,,1788,11,,,2,12,,1761,11,,,2,53,,1767,11,,,2,11,,1779,11,,,2,13,,1791,11,,,2,14,,1793,11,,,2,15,,1782,11,,,2,55,,1778,11,,,2,14,,1777,11,,,2,15,,1797,11,,,2,15,,1799,11,,,2,55,,1769,11,,,2,15,,1801,11,,,2,23,,1794,11,,,2,54,,1798,11,,,2,22,,1773,11,,,2,27,,1800,11,,,2,71,,1781,11,,,2,28,,1783,11,,,2,73,,1787,11,,,2,28,,1789,11,,,2,107,,5226,11,,,2,93,,1796,11,,,2,84,,1795,11,,,2
5001,'DIM',523,,2502,7,,,1,100,,2510,7,,,1,100,,2498,7,,,1,96,,2515,7,,,1,100,,2507,7,,,1,33,,2517,7,,,1,77,,2509,7,,,1,23,,2522,7,,,1,78,,2520,7,,,1,22,,2521,7,,,1,75,,2523,7,,,1,29,,2508,7,,,1,72,,2511,7,,,1,76,,2524,7,,,1,29,,2513,7,,,1,73,,2512,7,,,1,30,,2518,7,,,1,23,,2516,7,,,1,74,,2514,7,,,1,81,,2519,7,,,1,18,,2500,7,,,1,100,,2503,7,,,1,99,,2506,7,,,1,100,,2499,7,,,1,99,,2504,7,,,1,99,,2501,7,,,1,100,,2505,7,,,1
5001,'SAM',523,,2532,7,,,1,100,,2535,7,,,1,100,,2526,7,,,1,96,,2547,7,,,1,100,,2545,7,,,1,39,,2550,7,,,1,70,,2543,7,,,1,24,,2527,7,,,1,78,,2551,7,,,1,22,,2549,7,,,1,75,,2528,7,,,1,29,,2539,7,,,1,72,,2541,7,,,1,76,,2544,7,,,1,29,,2540,7,,,1,73,,2542,7,,,1,30,,2530,7,,,1,23,,2531,7,,,1,74,,2525,7,,,1,79,,2546,7,,,1,21,,2548,7,,,1,99,,2536,7,,,1,99,,2538,7,,,1,100,,2537,7,,,1,99,,2533,7,,,1,99,,2529,7,,,1,100,,2534,7,,,1
5001,'SEM',512,,2573,7,,,1,104,,2578,7,,,1,35,,2574,7,,,1,63,,2553,7,,,1,36,,5494,7,,,1,64,,2555,7,,,1,31,,2581,7,,,1,67,,2582,7,,,1,33,,2577,7,,,1,67,,2554,7,,,1,33,,2558,7,,,1,68,,2576,7,,,1,32,,2564,7,,,1,70,,2579,7,,,1,30,,2559,7,,,1,72,,2575,7,,,1,28,,2580,7,,,1,70,,2557,7,,,1,42,,2556,7,,,1,66,,2567,7,,,1,36,,2560,7,,,1,69,,2561,7,,,1,29,,2566,7,,,1,70,,2562,7,,,1,75,,2565,7,,,1,30,,2568,7,,,1,75,,2569,7,,,1,105,,5240,7,,,1,105,,2563,7,,,1,104,,2571,7,,,1,105,,2570,7,,,1,107,,2572,7,,,1
6001,'DIM',803,,3103,34,,,1,103,,3111,34,,,1,101,,3109,34,,,1,103,,3110,34,,,1,101,,3112,34,,,1,102,,3115,34,,,1,102,,3113,34,,,1,100,,3116,34,,,1,100,,3114,34,,,1,102,,3117,34,,,1,93,,3118,34,,,1,99,,3105,34,,,1,98,,3107,34,,,1,98,,3106,34,,,1,99,,3108,34,,,1,99,,3102,34,,,1,100,,3104,34,,,1
6001,'SAM',701,,3125,34,,,1,102,,3130,34,,,1,103,,3121,34,,,1,101,,3133,34,,,1,102,,3135,34,,,1,102,,3131,34,,,1,102,,3134,34,,,1,102,,3132,34,,,1,100,,3120,34,,,1,100,,3136,34,,,1,102,,3119,34,,,1,93,,3123,34,,,1,100,,3128,34,,,1,97,,3124,34,,,1,98,,3126,34,,,1,99,,3129,34,,,1,99,,3122,34,,,1,100,,3127,34,,,1
6001,'SEM',545,,3151,34,,,1,101,,3137,34,,,1,86,,3155,34,,,1,77,,5502,34,,,1,36,,3153,34,,,1,101,,3139,34,,,1,100,,3156,34,,,1,101,,3154,34,,,1,104,,3140,34,,,1,100,,3138,34,,,1,100,,5404,34,,,1,102,,3152,34,,,1,99,,3141,34,,,1,103,,3145,34,,,1,98,,3143,34,,,1,90,,3148,34,,,1,98,,3146,34,,,1,99,,3142,34,,,1,99,,3144,34,,,1,94,,3147,34,,,1
6104,'DIM',655,,3285,56,,,2,100,,3286,56,,,2,103,,3283,56,,,2,143,,3287,56,,,2,101,,3289,56,,,2,102,,3288,56,,,2,102,,3284,56,,,2,102,,3282,56,,,2,102,,3272,56,,,2,103,,3275,56,,,2,94,,3277,56,,,2,102,,3279,56,,,2,96,,3281,56,,,2,97,,3280,56,,,2,98,,3276,56,,,2,58,,3273,56,,,2,99,,3274,56,,,2,99,,3278,56,,,2
6104,'SAM',655,,3298,56,,,2,100,,3297,56,,,2,103,,3300,56,,,2,144,,3302,56,,,2,100,,3305,56,,,2,102,,3299,56,,,2,99,,3303,56,,,2,105,,3306,56,,,2,102,,3304,56,,,2,103,,3307,56,,,2,94,,3301,56,,,2,101,,3293,56,,,2,100,,3290,56,,,2,94,,3294,56,,,2,98,,3292,56,,,2,58,,3295,56,,,2,99,,3291,56,,,2,99,,3296,56,,,2
6104,'SEM',522,,3311,56,,,2,100,,3320,56,,,2,35,,3308,56,,,2,62,,3323,56,,,2,36,,3318,56,,,2,69,,3327,56,,,2,102,,3309,56,,,2,100,,3310,56,,,2,102,,3325,56,,,2,104,,3319,56,,,2,100,,3322,56,,,2,102,,3321,56,,,2,100,,3324,56,,,2,111,,3326,56,,,2,66,,3314,56,,,2,97,,3316,56,,,2,96,,3315,56,,,2,100,,3312,56,,,2,98,,3317,56,,,2,39,,3313,56,,,2,90,,5251,56,,,2,101,,5252,56,,,2
6304,'DIM',749,,3415,48,,,1,102,,3411,48,,,1,101,,3413,48,,,1,102,,3407,48,,,1,99,,3412,48,,,1,104,,3417,48,,,1,96,,3414,48,,,1,102,,3418,48,,,1,103,,3416,48,,,1,100,,3419,48,,,1,99,,3420,48,,,1,99,,3408,48,,,1,99,,3404,48,,,1,98,,3405,48,,,1,99,,3409,48,,,1,98,,3406,48,,,1,99,,3410,48,,,1
6304,'SAM',649,,3434,48,,,1,100,,3432,48,,,1,102,,3437,48,,,1,101,,3433,48,,,1,102,,3431,48,,,1,99,,3436,48,,,1,104,,3435,48,,,1,96,,3439,48,,,1,102,,3438,48,,,1,103,,3421,48,,,1,142,,3422,48,,,1,57,,3423,48,,,1,99,,3425,48,,,1,99,,3424,48,,,1,98,,3429,48,,,1,99,,3426,48,,,1,98,,3427,48,,,1,99,,3430,48,,,1,98,,3428,48,,,1
6304,'SEM',504,,3467,48,,,1,111,,3463,48,,,1,30,,3472,48,,,1,71,,3455,48,,,1,16,,3466,48,,,1,27,,3469,48,,,1,66,,3471,48,,,1,19,,3470,48,,,1,70,,3444,48,,,1,30,,3445,48,,,1,71,,3446,48,,,1,30,,3440,48,,,1,65,,3443,48,,,1,30,,3468,48,,,1,72,,5324,48,,,1,30,,3451,48,,,1,66,,3464,48,,,1,38,,3441,48,,,1,67,,3442,48,,,1,32,,3452,48,,,1,71,,3465,48,,,1,39,,3473,48,,,1,70,,3448,48,,,1,24,,3447,48,,,1,74,,3453,48,,,1,16,,3450,48,,,1,68,,3459,48,,,1,29,,3454,48,,,1,77,,3457,48,,,1,97,,3449,48,,,1,40,,3460,48,,,1,91,,3462,48,,,1,93,,3456,48,,,1,99,,3461,48,,,1
6504,'DIM',723,,3559,64,,,2,102,,3557,64,,,2,101,,3560,64,,,2,102,,3562,64,,,2,102,,3564,64,,,2,102,,3561,64,,,2,99,,3558,64,,,2,102,,3566,64,,,2,106,,3563,64,,,2,95,,3565,64,,,2,97,,3552,64,,,2,101,,3554,64,,,2,97,,3553,64,,,2,98,,3555,64,,,2,100,,3556,64,,,2,96,,3550,64,,,2,100,,3551,64,,,2
6504,'SAM',723,,3577,64,,,2,102,,3576,64,,,2,101,,3580,64,,,2,102,,3579,64,,,2,102,,3581,64,,,2,101,,3583,64,,,2,99,,3584,64,,,2,103,,3582,64,,,2,105,,3578,64,,,2,96,,3567,64,,,2,97,,3569,64,,,2,101,,3572,64,,,2,99,,3573,64,,,2,96,,3575,64,,,2,100,,3574,64,,,2,96,,3571,64,,,2,100,,3568,64,,,2,99,,3570,64,,,2
6504,'SEM',541,,3607,64,,,2,86,,3617,64,,,2,26,,3587,64,,,2,60,,3596,64,,,2,16,,3603,64,,,2,12,,3615,64,,,2,10,,3586,64,,,2,50,,3616,64,,,2,10,,3612,64,,,2,23,,3588,64,,,2,70,,3590,64,,,2,32,,3605,64,,,2,69,,3620,64,,,2,33,,3591,64,,,2,71,,3592,64,,,2,27,,3609,64,,,2,75,,3593,64,,,2,27,,3619,64,,,2,80,,3613,64,,,2,20,,3614,64,,,2,70,,3618,64,,,2,30,,3595,64,,,2,70,,3598,64,,,2,38,,3589,64,,,2,67,,3602,64,,,2,40,,3604,64,,,2,73,,3585,64,,,2,20,,3597,64,,,2,64,,3594,64,,,2,36,,3608,64,,,2,72,,3610,64,,,2,86,,3600,64,,,2,99,,3599,64,,,2,98,,3601,64,,,2,99,,3606,64,,,2,59,,5258,64,,,2,98,,3611,64,,,2
7002,'DIM',617,,3847,64,,,1,40,,3846,64,,,1,90,,3827,87,,,1,103,,3834,87,,,1,101,,3839,87,,,1,102,,3830,87,,,1,68,,3831,87,,,1,34,,3833,87,,,1,69,,3823,87,,,1,25,,3832,87,,,1,75,,3829,87,,,1,25,,3838,87,,,1,79,,3836,87,,,1,28,,3840,87,,,1,76,,3821,87,,,1,25,,3835,87,,,1,71,,3843,87,,,1,23,,3837,87,,,1,78,,3842,87,,,1,27,,3825,87,,,1,75,,3845,87,,,1,73,,3841,87,,,1,97,,3844,87,,,1,54,,3820,87,,,1,95,,3822,87,,,1,97,,3826,87,,,1,99,,3824,87,,,1,103,,3828,87,,,1
7002,'SAM',617,,3874,64,,,1,40,,3875,64,,,1,89,,3872,87,,,1,104,,3852,87,,,1,101,,3860,87,,,1,102,,3859,87,,,1,65,,3868,87,,,1,37,,3873,87,,,1,69,,3870,87,,,1,24,,3864,87,,,1,75,,3863,87,,,1,26,,3862,87,,,1,79,,3865,87,,,1,76,,3861,87,,,1,27,,3871,87,,,1,25,,3869,87,,,1,68,,3867,87,,,1,26,,3866,87,,,1,79,,3855,87,,,1,28,,3851,87,,,1,75,,3853,87,,,1,73,,3848,87,,,1,96,,3857,87,,,1,54,,3849,87,,,1,96,,3850,87,,,1,96,,3856,87,,,1,99,,3854,87,,,1,103,,3858,87,,,1
7002,'SEM',625,,3881,87,,,1,99,,3901,87,,,1,26,,3902,87,,,1,73,,3880,87,,,1,77,,3883,87,,,1,27,,3885,87,,,1,29,,3900,87,,,1,70,,3878,87,,,1,30,,3907,87,,,1,71,,3886,87,,,1,28,,3908,87,,,1,73,,3903,87,,,1,26,,3905,87,,,1,74,,3904,87,,,1,30,,3879,87,,,1,70,,3906,87,,,1,25,,3899,87,,,1,76,,3884,87,,,1,73,,3887,87,,,1,31,,5408,87,,,1,70,,3876,87,,,1,33,,3877,87,,,1,66,,3890,87,,,1,31,,3891,87,,,1,24,,3895,87,,,1,70,,3894,87,,,1,90,,3892,87,,,1,41,,3896,87,,,1,92,,3888,87,,,1,151,,3893,87,,,1,106,,3889,87,,,1,96,,3898,87,,,1,105,,3897,87,,,1
7601,'DIM',509,,4209,39,,,2,100,,4182,84,,,2,25,,4196,84,,,2,104,,4197,84,,,2,101,,4189,84,,,2,101,,4201,84,,,2,68,,4206,84,,,2,30,,4203,84,,,2,71,,4199,84,,,2,30,,4200,84,,,2,70,,4180,84,,,2,31,,4204,84,,,2,71,,4202,84,,,2,29,,4187,84,,,2,73,,4207,84,,,2,31,,4208,84,,,2,69,,4179,84,,,2,33,,4190,84,,,2,67,,4198,84,,,2,30,,4183,84,,,2,70,,4185,84,,,2,29,,4181,84,,,2,69,,4188,84,,,2,29,,4205,84,,,2,105,,4193,84,,,2,97,,4194,84,,,2,97,,4186,84,,,2,98,,4195,84,,,2,100,,4184,84,,,2,100,,4191,84,,,2,99,,4192,84,,,2
7601,'SAM',509,,4240,39,,,2,100,,4214,84,,,2,25,,4223,84,,,2,104,,4226,84,,,2,101,,4225,84,,,2,101,,4229,84,,,2,68,,4233,84,,,2,30,,4230,84,,,2,71,,4236,84,,,2,30,,4224,84,,,2,70,,4232,84,,,2,32,,4231,84,,,2,70,,4238,84,,,2,29,,4211,84,,,2,73,,4227,84,,,2,31,,4210,84,,,2,69,,4228,84,,,2,33,,4235,84,,,2,67,,4239,84,,,2,30,,4212,84,,,2,70,,4234,84,,,2,29,,4216,84,,,2,69,,4237,84,,,2,31,,4213,84,,,2,103,,4219,84,,,2,97,,4221,84,,,2,97,,4217,84,,,2,98,,4215,84,,,2,100,,4220,84,,,2,100,,4218,84,,,2,99,,4222,84,,,2
7601,'SEM',528,,4241,84,,,2,92,,4261,84,,,2,27,,4268,84,,,2,65,,4276,84,,,2,24,,4247,84,,,2,12,,4271,84,,,2,55,,4249,84,,,2,16,,4269,84,,,2,24,,4273,84,,,2,60,,4244,84,,,2,25,,4248,84,,,2,22,,4242,84,,,2,70,,4270,84,,,2,30,,4245,84,,,2,69,,4266,84,,,2,31,,4243,84,,,2,70,,4272,84,,,2,31,,4252,84,,,2,70,,4267,84,,,2,32,,4251,84,,,2,72,,5272,84,,,2,31,,4275,84,,,2,73,,4254,84,,,2,30,,4246,84,,,2,78,,4274,84,,,2,66,,4250,84,,,2,25,,4253,84,,,2,24,,4258,84,,,2,67,,4262,84,,,2,30,,4264,84,,,2,72,,4260,84,,,2,23,,4256,84,,,2,69,,4265,84,,,2,100,,4263,84,,,2,100,,4255,84,,,2,99,,4257,84,,,2,103,,4259,84,,,2
90301,'DIM',854,,5116,57,,,2,105,,5114,57,,,2,141,,5117,57,,,2,57,,5115,57,,,2,99,,5121,57,,,2,102,,5120,57,,,2,101,,5122,57,,,2,144,,5118,57,,,2,56,,5119,57,,,2,144,,5113,57,,,2
90301,'SAM',656,,5126,57,,,2,102,,5128,57,,,2,96,,5130,57,,,2,105,,5129,57,,,2,100,,5132,57,,,2,96,,5131,57,,,2,101,,5133,57,,,2,102,,5127,57,,,2,100,,5134,57,,,2,145,,5123,57,,,2,56,,5125,57,,,2,100,,5124,57,,,2
90301,'SEM',541,,5143,57,,,2,80,,5146,57,,,2,22,,5151,57,,,2,12,,5153,57,,,2,52,,5150,57,,,2,10,,5152,57,,,2,10,,5135,57,,,2,16,,5138,57,,,2,61,,5145,57,,,2,25,,5147,57,,,2,30,,5154,57,,,2,143,,5137,57,,,2,100,,5142,57,,,2,99,,5136,57,,,2,100,,5149,57,,,2,101,,5148,57,,,2,100,,5140,57,,,2,42,,5155,57,,,2,107,,5141,57,,,2,105,,5139,57,,,2,92,,5144,57,,,2
