2202,'DIM',723,,7249,27,,,2,100,,7248,27,,,2,100,,7247,27,,,2,100,,6315,27,,,2,101,,7250,27,,,2,100,,7252,27,,,2,96,,7251,27,,,2,106,,7246,27,,,2,98,,7240,27,,,2,114,,7253,27,,,2,88,,7242,27,,,2,100,,7243,27,,,2,98,,7245,27,,,2,101,,7244,27,,,2,100,,7239,27,,,2,100,,7241,27,,,2
2202,'SAM',625,,7270,11,,,2,98,,7264,27,,,2,100,,7261,27,,,2,100,,7260,27,,,2,98,,7266,27,,,2,103,,7265,27,,,2,100,,7263,27,,,2,96,,7269,27,,,2,104,,7262,27,,,2,100,,7268,27,,,2,112,,7267,27,,,2,90,,7255,27,,,2,100,,7257,27,,,2,98,,7254,27,,,2,101,,7256,27,,,2,100,,7259,27,,,2,100,,7258,27,,,2
2202,'SEM',600,,6230,27,,,2,18,,7282,27,,,2,105,,7289,27,,,2,31,,7279,27,,,2,70,,7271,27,,,2,98,,7273,27,,,2,31,,7272,27,,,2,69,,7290,27,,,2,101,,7277,27,,,2,100,,7288,27,,,2,100,,7291,27,,,2,102,,7276,27,,,2,100,,7278,27,,,2,102,,7274,27,,,2,24,,7275,27,,,2,75,,7281,27,,,2,99,,7280,27,,,2,100,,7287,27,,,2,101,,7286,27,,,2,98,,7284,27,,,2,107,,7283,27,,,2,96,,7285,27,,,2
5002,'DIM',602,,9440,4,,,1,100,,2653,4,,,1,100,,9423,4,,,1,56,,9438,4,,,1,146,,9431,4,,,1,25,,9441,4,,,1,77,,9433,4,,,1,24,,9445,4,,,1,79,,9443,4,,,1,22,,9444,4,,,1,75,,9446,4,,,1,29,,9432,4,,,1,72,,9434,4,,,1,36,,9447,4,,,1,69,,9436,4,,,1,34,,9435,4,,,1,70,,9442,4,,,1,26,,9439,4,,,1,71,,9437,4,,,1,100,,9425,4,,,1,99,,9427,4,,,1,99,,9430,4,,,1,99,,9424,4,,,1,98,,9428,4,,,1,98,,9426,4,,,1,100,,9429,4,,,1
5002,'SAM',602,,9455,4,,,1,100,,9458,4,,,1,100,,9449,4,,,1,99,,9470,4,,,1,103,,9469,4,,,1,25,,9468,4,,,1,76,,9466,4,,,1,25,,9450,4,,,1,79,,9473,4,,,1,22,,9472,4,,,1,75,,9451,4,,,1,29,,9462,4,,,1,72,,9464,4,,,1,36,,9467,4,,,1,69,,9463,4,,,1,34,,9465,4,,,1,70,,9453,4,,,1,26,,9454,4,,,1,71,,9448,4,,,1,100,,9471,4,,,1,99,,9459,4,,,1,99,,9461,4,,,1,99,,9460,4,,,1,98,,9456,4,,,1,98,,9452,4,,,1,100,,9457,4,,,1
5002,'SEM',450,,9480,4,,,1,75,,9502,4,,,1,30,,9498,4,,,1,70,,9474,4,,,1,75,,9506,4,,,1,31,,9499,4,,,1,24,,9475,4,,,1,75,,9492,4,,,1,26,,9478,4,,,1,71,,9504,4,,,1,26,,9505,4,,,1,73,,9501,4,,,1,27,,9477,4,,,1,73,,9481,4,,,1,28,,9500,4,,,1,72,,9489,4,,,1,32,,9503,4,,,1,70,,9482,4,,,1,30,,9485,4,,,1,80,,9476,4,,,1,67,,9486,4,,,1,37,,9479,4,,,1,72,,9493,4,,,1,31,,9483,4,,,1,70,,9484,4,,,1,30,,9491,4,,,1,70,,9487,4,,,1,30,,9490,4,,,1,105,,9494,4,,,1,105,,9507,4,,,1,101,,9488,4,,,1,150,,9496,4,,,1,105,,9495,4,,,1,98,,9497,4,,,1
5802,'DIM',601,,9883,4,,,2,100,,9890,4,,,2,50,,9887,4,,,2,100,,9891,4,,,2,100,,9894,4,,,2,99,,9886,4,,,2,101,,9896,4,,,2,100,,9893,4,,,2,101,,9889,4,,,2,99,,9892,4,,,2,101,,9888,4,,,2,99,,9882,4,,,2,101,,9895,4,,,2,101,,9879,4,,,2,100,,9885,4,,,2,99,,9881,4,,,2,99,,9880,4,,,2,99,,9884,4,,,2
5802,'SAM',601,,9914,4,,,2,100,,9906,4,,,2,50,,9905,4,,,2,100,,9910,4,,,2,100,,9908,4,,,2,99,,9911,4,,,2,101,,9913,4,,,2,100,,9897,4,,,2,98,,9904,4,,,2,101,,9909,4,,,2,101,,9907,4,,,2,101,,9912,4,,,2,100,,9899,4,,,2,101,,9902,4,,,2,100,,9898,4,,,2,99,,9903,4,,,2,99,,9900,4,,,2,99,,9901,4,,,2
5802,'SEM',520,,9932,4,,,2,34,,9926,4,,,2,62,,9925,4,,,2,39,,9933,4,,,2,74,,9935,4,,,2,30,,9918,4,,,2,73,,9917,4,,,2,83,,9921,4,,,2,99,,9936,4,,,2,100,,9915,4,,,2,100,,9922,4,,,2,100,,9934,4,,,2,100,,9916,4,,,2,25,,9919,4,,,2,69,,9923,4,,,2,102,,9929,4,,,2,33,,9920,4,,,2,94,,9924,4,,,2,96,,9930,4,,,2,100,,9937,4,,,2,100,,9931,4,,,2,98,,9928,4,,,2,100,,9927,4,,,2
32202,'SAM',2550,,11777,10,,,2
32202,'SEM',2419,,11779,10,,,2,84,,11778,10,,,2
