2401,'DIM',648,,442,11,,,1,96,,439,11,,,1,107,,446,11,,,1,99,,443,11,,,1,102,,436,11,,,1,70,,440,11,,,1,29,,428,11,,,1,71,,452,11,,,1,30,,445,11,,,1,72,,441,11,,,1,24,,447,11,,,1,76,,450,11,,,1,25,,444,11,,,1,77,,453,11,,,1,23,,451,11,,,1,76,,449,11,,,1,30,,429,11,,,1,68,,448,11,,,1,31,,432,11,,,1,98,,437,11,,,1,100,,434,11,,,1,99,,430,11,,,1,98,,433,11,,,1,100,,431,11,,,1,93,,435,11,,,1,101,,438,11,,,1
2401,'SAM',620,,467,11,,,1,27,,476,11,,,1,97,,466,11,,,1,107,,471,11,,,1,99,,464,11,,,1,102,,475,11,,,1,70,,5346,11,,,1,29,,478,11,,,1,71,,459,11,,,1,31,,472,11,,,1,71,,465,11,,,1,25,,468,11,,,1,75,,473,11,,,1,29,,477,11,,,1,73,,469,11,,,1,22,,479,11,,,1,77,,470,11,,,1,30,,480,11,,,1,68,,454,11,,,1,31,,458,11,,,1,98,,460,11,,,1,100,,455,11,,,1,99,,463,11,,,1,98,,456,11,,,1,100,,461,11,,,1,95,,457,11,,,1,99,,462,11,,,1
2401,'SEM',457,,490,11,,,1,79,,510,11,,,1,76,,481,11,,,1,15,,482,11,,,1,10,,504,11,,,1,10,,489,11,,,1,8,,515,11,,,1,57,,5347,11,,,1,15,,499,11,,,1,15,,484,11,,,1,14,,487,11,,,1,66,,512,11,,,1,27,,486,11,,,1,71,,488,11,,,1,30,,513,11,,,1,69,,492,11,,,1,30,,496,11,,,1,72,,5564,11,,,1,28,,485,11,,,1,70,,509,11,,,1,30,,511,11,,,1,70,,483,11,,,1,30,,516,11,,,1,71,,491,11,,,1,30,,495,11,,,1,80,,517,11,,,1,27,,502,11,,,1,60,,501,11,,,1,33,,493,11,,,1,74,,494,11,,,1,27,,500,11,,,1,75,,506,11,,,1,99,,508,11,,,1,88,,497,11,,,1,100,,498,11,,,1,100,,503,11,,,1,99,,505,11,,,1,100,,507,11,,,1
6601,'DIM',550,,3697,19,,,1,106,,3695,19,,,1,96,,3699,19,,,1,99,,3694,19,,,1,72,,3692,19,,,1,31,,3698,19,,,1,76,,3705,19,,,1,71,,3696,19,,,1,30,,3690,19,,,1,24,,3702,19,,,1,94,,3693,19,,,1,107,,3706,19,,,1,145,,3701,19,,,1,56,,3700,19,,,1,101,,3703,19,,,1,100,,3704,19,,,1,99,,3688,19,,,1,98,,3687,19,,,1,100,,3691,19,,,1,98,,3689,19,,,1
6601,'SAM',550,,3716,19,,,1,106,,3721,19,,,1,96,,3717,19,,,1,99,,3719,19,,,1,72,,3709,19,,,1,31,,3724,19,,,1,76,,3725,19,,,1,71,,3720,19,,,1,30,,3707,19,,,1,24,,5379,19,,,1,100,,3726,19,,,1,101,,3718,19,,,1,144,,3710,19,,,1,57,,3722,19,,,1,101,,3708,19,,,1,100,,3712,19,,,1,97,,3713,19,,,1,100,,3715,19,,,1,100,,3714,19,,,1,98,,3711,19,,,1
6601,'SEM',633,,3727,19,,,1,104,,3728,19,,,1,97,,5620,19,,,1,101,,3729,19,,,1,104,,3737,19,,,1,99,,3730,19,,,1,102,,5476,19,,,1,100,,3736,19,,,1,100,,3733,19,,,1,75,,5621,19,,,1,88,,3734,19,,,1,105,,5622,19,,,1,98,,3735,19,,,1,100,,3742,19,,,1,96,,3741,19,,,1,101,,3743,19,,,1,97,,3740,19,,,1
14401,'DIM',611,,4463,21,,,2,41,,4465,21,,,2,99,,4459,21,,,2,100,,4467,21,,,2,96,,4478,21,,,2,73,,4470,21,,,2,29,,4466,21,,,2,72,,4468,21,,,2,32,,4464,21,,,2,70,,4469,21,,,2,33,,4471,21,,,2,74,,4480,21,,,2,70,,4474,21,,,2,34,,4473,21,,,2,73,,4479,21,,,2,28,,4477,21,,,2,75,,4476,21,,,2,33,,4475,21,,,2,68,,4472,21,,,2,34,,4457,21,,,2,101,,4461,21,,,2,82,,4460,21,,,2,97,,4462,21,,,2,100,,4456,21,,,2,99,,4455,21,,,2,100,,4458,21,,,2
14401,'SAM',609,,4495,21,,,2,43,,4496,21,,,2,99,,4492,21,,,2,100,,4500,21,,,2,96,,4506,21,,,2,73,,4501,21,,,2,29,,4507,21,,,2,72,,4502,21,,,2,32,,4497,21,,,2,70,,4503,21,,,2,33,,4482,21,,,2,74,,4499,21,,,2,70,,4498,21,,,2,34,,4481,21,,,2,73,,4487,21,,,2,28,,4505,21,,,2,75,,4504,21,,,2,33,,4486,21,,,2,68,,4508,21,,,2,34,,4483,21,,,2,101,,4484,21,,,2,82,,4491,21,,,2,97,,4485,21,,,2,100,,4488,21,,,2,99,,4493,21,,,2,100,,4489,21,,,2,100,,4490,21,,,2,101,,4494,21,,,2
14401,'SEM',542,,4536,21,,,2,72,,5631,21,,,2,17,,4540,21,,,2,14,,4513,21,,,2,55,,4515,21,,,2,16,,4539,21,,,2,15,,5395,21,,,2,14,,4541,21,,,2,14,,4533,21,,,2,55,,4516,21,,,2,16,,4509,21,,,2,24,,4520,21,,,2,62,,4527,21,,,2,18,,4523,21,,,2,70,,4510,21,,,2,30,,4519,21,,,2,74,,5632,21,,,2,31,,4522,21,,,2,70,,4524,21,,,2,35,,4511,21,,,2,71,,4537,21,,,2,30,,4512,21,,,2,75,,4514,21,,,2,34,,4518,21,,,2,69,,4526,21,,,2,100,,4517,21,,,2,86,,4521,21,,,2,101,,4531,21,,,2,100,,4529,21,,,2,93,,4532,21,,,2,100,,4525,21,,,2,55,,4528,21,,,2,146,,4530,21,,,2,101,,4534,21,,,2
24401,'SEM',623,,4974,21,,,2,15,,4972,21,,,2,15,,4973,21,,,2,54,,5485,21,,,2
