4503,'DIM',637,,8950,2,,,1,100,,8960,2,,,1,101,,8958,2,,,1,98,,8964,2,,,1,101,,8959,2,,,1,98,,8962,2,,,1,105,,8952,2,,,1,100,,8956,2,,,1,98,,8949,2,,,1,102,,8947,2,,,1,92,,8961,2,,,1,102,,8963,2,,,1,104,,8948,2,,,1,102,,8957,2,,,1,102,,8951,2,,,1,99,,8954,2,,,1,99,,8955,2,,,1,101,,8953,2,,,1
4503,'SAM',637,,8978,2,,,1,100,,8974,2,,,1,101,,8977,2,,,1,98,,8976,2,,,1,101,,8966,2,,,1,97,,8975,2,,,1,106,,8979,2,,,1,99,,8970,2,,,1,101,,8981,2,,,1,101,,8980,2,,,1,91,,8982,2,,,1,105,,8965,2,,,1,101,,8972,2,,,1,102,,8967,2,,,1,102,,8971,2,,,1,99,,8969,2,,,1,99,,8973,2,,,1,101,,8968,2,,,1
4503,'SEM',624,,8988,2,,,1,18,,8986,2,,,1,74,,8983,2,,,1,26,,9003,2,,,1,67,,8987,2,,,1,39,,8985,2,,,1,65,,9004,2,,,1,110,,9002,2,,,1,100,,8991,2,,,1,95,,8989,2,,,1,100,,9005,2,,,1,101,,8984,2,,,1,105,,9006,2,,,1,25,,8993,2,,,1,88,,8996,2,,,1,19,,8990,2,,,1,58,,8997,2,,,1,33,,8999,2,,,1,80,,8995,2,,,1,100,,8994,2,,,1,100,,8998,2,,,1,100,,9001,2,,,1,100,,8992,2,,,1,95,,9000,2,,,1
5001,'DIM',528,,9340,12,,,1,100,,9348,12,,,1,100,,9336,12,,,1,97,,9353,12,,,1,101,,9345,12,,,1,33,,9355,12,,,1,77,,9347,12,,,1,23,,9360,12,,,1,78,,9358,12,,,1,22,,9359,12,,,1,75,,9361,12,,,1,69,,9346,12,,,1,32,,9349,12,,,1,76,,9362,12,,,1,29,,9351,12,,,1,73,,9350,12,,,1,30,,9356,12,,,1,63,,9354,12,,,1,34,,9352,12,,,1,81,,9357,12,,,1,18,,9338,12,,,1,100,,9341,12,,,1,99,,9344,12,,,1,100,,9337,12,,,1,99,,9342,12,,,1,98,,9339,12,,,1,100,,9343,12,,,1
5001,'SAM',528,,9370,12,,,1,100,,9373,12,,,1,100,,9364,12,,,1,97,,9385,12,,,1,101,,9383,12,,,1,79,,9388,12,,,1,30,,9381,12,,,1,24,,9365,12,,,1,78,,9389,12,,,1,22,,9387,12,,,1,75,,9366,12,,,1,69,,9377,12,,,1,32,,9379,12,,,1,76,,9382,12,,,1,29,,9378,12,,,1,73,,9380,12,,,1,30,,9368,12,,,1,63,,9369,12,,,1,34,,9363,12,,,1,79,,9384,12,,,1,21,,9386,12,,,1,99,,9374,12,,,1,99,,9376,12,,,1,100,,9375,12,,,1,99,,9371,12,,,1,98,,9367,12,,,1,100,,9372,12,,,1
5001,'SEM',518,,9411,12,,,1,105,,9416,12,,,1,35,,9412,12,,,1,63,,9391,12,,,1,36,,9390,12,,,1,64,,9393,12,,,1,31,,9419,12,,,1,67,,9420,12,,,1,33,,9415,12,,,1,67,,9392,12,,,1,33,,9396,12,,,1,68,,9414,12,,,1,32,,9402,12,,,1,72,,9417,12,,,1,30,,9397,12,,,1,72,,9413,12,,,1,28,,9418,12,,,1,70,,9395,12,,,1,82,,9394,12,,,1,26,,9405,12,,,1,76,,9398,12,,,1,30,,9399,12,,,1,69,,9404,12,,,1,29,,9400,12,,,1,75,,9403,12,,,1,29,,9406,12,,,1,75,,9407,12,,,1,104,,11984,12,,,1,104,,9401,12,,,1,104,,9409,12,,,1,105,,9408,12,,,1,106,,9410,12,,,1,89,,11985,2,,,1
6001,'DIM',805,,9939,36,,,1,103,,9947,36,,,1,101,,9945,36,,,1,103,,9946,36,,,1,101,,9948,36,,,1,102,,9951,36,,,1,102,,9949,36,,,1,100,,9952,36,,,1,100,,9950,36,,,1,102,,9953,36,,,1,93,,9954,36,,,1,99,,9941,36,,,1,98,,9943,36,,,1,98,,9942,36,,,1,99,,9944,36,,,1,99,,9938,36,,,1,100,,9940,36,,,1
6001,'SAM',702,,9961,36,,,1,103,,9966,36,,,1,103,,9957,36,,,1,101,,9969,36,,,1,102,,9971,36,,,1,102,,9967,36,,,1,102,,9970,36,,,1,102,,9968,36,,,1,100,,9956,36,,,1,100,,9972,36,,,1,102,,9955,36,,,1,93,,9959,36,,,1,100,,9964,36,,,1,97,,9960,36,,,1,98,,9962,36,,,1,99,,9965,36,,,1,99,,9958,36,,,1,100,,9963,36,,,1
6001,'SEM',547,,9987,36,,,1,101,,9973,36,,,1,86,,9991,36,,,1,77,,9985,36,,,1,36,,9989,36,,,1,101,,9975,36,,,1,101,,9992,36,,,1,101,,9990,36,,,1,104,,9976,36,,,1,100,,9974,36,,,1,100,,9986,36,,,1,102,,9988,36,,,1,99,,9977,36,,,1,103,,9981,36,,,1,97,,9979,36,,,1,90,,9984,36,,,1,98,,9982,36,,,1,99,,9978,36,,,1,99,,9980,36,,,1,94,,9983,36,,,1
34503,'SEM',442,,11786,21,,,1,101,,11787,21,,,1
