3704,'DIM',658,,8175,11,,,2,75,,8176,11,,,2,100,,8174,11,,,2,100,,8173,11,,,2,101,,8179,11,,,2,100,,8178,11,,,2,100,,8168,11,,,2,99,,8169,11,,,2,105,,8180,11,,,2,96,,8170,11,,,2,99,,8177,11,,,2,100,,8171,11,,,2,90,,8172,11,,,2
3704,'SAM',658,,1344,11,,,2,75,,8188,11,,,2,100,,8186,11,,,2,100,,8189,11,,,2,101,,8191,11,,,2,100,,8190,11,,,2,100,,8192,11,,,2,100,,8187,11,,,2,99,,8185,11,,,2,102,,8181,11,,,2,98,,8182,11,,,2,100,,8183,11,,,2,90,,8184,11,,,2
3704,'SEM',543,,8211,11,,,2,80,,8210,11,,,2,100,,8213,11,,,2,80,,8193,11,,,2,34,,8195,11,,,2,74,,8212,11,,,2,30,,8217,11,,,2,97,,8216,11,,,2,100,,8215,11,,,2,101,,8197,11,,,2,100,,8200,11,,,2,104,,8218,11,,,2,82,,8214,11,,,2,20,,8194,11,,,2,12,,8201,11,,,2,55,,8202,11,,,2,20,,8196,11,,,2,12,,8198,11,,,2,15,,8205,11,,,2,58,,8208,11,,,2,100,,8207,11,,,2,95,,8209,11,,,2,101,,8199,11,,,2,100,,8206,11,,,2,100,,8219,11,,,2,100,,8203,11,,,2,96,,8204,11,,,2
6304,'DIM',740,,10251,35,,,1,100,,10247,35,,,1,101,,10249,35,,,1,101,,10243,35,,,1,98,,10248,35,,,1,104,,10253,35,,,1,96,,10250,35,,,1,102,,10254,35,,,1,103,,10252,35,,,1,100,,10255,35,,,1,100,,10256,35,,,1,100,,10244,35,,,1,99,,10240,35,,,1,99,,10241,35,,,1,99,,10245,35,,,1,98,,10242,35,,,1,99,,10246,35,,,1
6304,'SAM',640,,10270,35,,,1,100,,10268,35,,,1,100,,10273,35,,,1,101,,10269,35,,,1,101,,10267,35,,,1,98,,10272,35,,,1,104,,10271,35,,,1,96,,10275,35,,,1,102,,10274,35,,,1,103,,10257,35,,,1,102,,10258,35,,,1,98,,10259,35,,,1,100,,10261,35,,,1,99,,10260,35,,,1,99,,10265,35,,,1,99,,10262,35,,,1,98,,10263,35,,,1,99,,10266,35,,,1,98,,10264,35,,,1
6304,'SEM',454,,10303,35,,,1,151,,10299,35,,,1,30,,10308,35,,,1,71,,10291,35,,,1,15,,10302,35,,,1,27,,10305,35,,,1,66,,10307,35,,,1,19,,10306,35,,,1,70,,10280,35,,,1,29,,10281,35,,,1,71,,10282,35,,,1,30,,10276,35,,,1,25,,10279,35,,,1,70,,10304,35,,,1,31,,10294,35,,,1,70,,10287,35,,,1,26,,10300,35,,,1,78,,10277,35,,,1,67,,10278,35,,,1,32,,10288,35,,,1,71,,10301,35,,,1,38,,10309,35,,,1,70,,10284,35,,,1,24,,10283,35,,,1,75,,10289,35,,,1,16,,10286,35,,,1,29,,10295,35,,,1,69,,10290,35,,,1,77,,10293,35,,,1,58,,10285,35,,,1,80,,10296,35,,,1,91,,10298,35,,,1,94,,10292,35,,,1,99,,10297,35,,,1
6504,'DIM',717,,10395,54,,,2,102,,10393,54,,,2,101,,10396,54,,,2,101,,10398,54,,,2,102,,10400,54,,,2,102,,10397,54,,,2,98,,10394,54,,,2,102,,10402,54,,,2,106,,10399,54,,,2,96,,10401,54,,,2,97,,10388,54,,,2,102,,10390,54,,,2,97,,10389,54,,,2,98,,10391,54,,,2,100,,10392,54,,,2,96,,10386,54,,,2,100,,10387,54,,,2
6504,'SAM',717,,10413,54,,,2,102,,10412,54,,,2,101,,10416,54,,,2,101,,10415,54,,,2,102,,10417,54,,,2,101,,10419,54,,,2,98,,10420,54,,,2,103,,10418,54,,,2,105,,10414,54,,,2,97,,10403,54,,,2,97,,10405,54,,,2,102,,10408,54,,,2,99,,10409,54,,,2,96,,10411,54,,,2,100,,10410,54,,,2,96,,10407,54,,,2,100,,10404,54,,,2,100,,10406,54,,,2
6504,'SEM',535,,10442,54,,,2,86,,10452,54,,,2,26,,10423,54,,,2,60,,10432,54,,,2,15,,10439,54,,,2,12,,10450,54,,,2,10,,10422,54,,,2,10,,10451,54,,,2,50,,10447,54,,,2,23,,10424,54,,,2,30,,10426,54,,,2,72,,10441,54,,,2,29,,10455,54,,,2,73,,10427,54,,,2,70,,10428,54,,,2,27,,10444,54,,,2,74,,10429,54,,,2,27,,10454,54,,,2,80,,10448,54,,,2,20,,10449,54,,,2,30,,10453,54,,,2,70,,10431,54,,,2,30,,10434,54,,,2,78,,10425,54,,,2,66,,10438,54,,,2,40,,10440,54,,,2,75,,10421,54,,,2,20,,10433,54,,,2,65,,10430,54,,,2,36,,10443,54,,,2,72,,10445,54,,,2,46,,10436,54,,,2,100,,10435,54,,,2,98,,10437,54,,,2,99,,10457,54,,,2,99,,10456,54,,,2,99,,10446,54,,,2
7601,'DIM',503,,11036,29,,,2,100,,11009,74,,,2,25,,11023,74,,,2,104,,11024,74,,,2,100,,11016,74,,,2,101,,11028,74,,,2,68,,11033,74,,,2,30,,11030,74,,,2,70,,11026,74,,,2,30,,11027,74,,,2,70,,11007,74,,,2,31,,11031,74,,,2,71,,11029,74,,,2,29,,11014,74,,,2,73,,11034,74,,,2,31,,11035,74,,,2,69,,11006,74,,,2,33,,11017,74,,,2,67,,11025,74,,,2,30,,11010,74,,,2,70,,11012,74,,,2,30,,11008,74,,,2,70,,11015,74,,,2,29,,11032,74,,,2,105,,11020,74,,,2,97,,11021,74,,,2,97,,11013,74,,,2,98,,11022,74,,,2,100,,11011,74,,,2,100,,11018,74,,,2,99,,11019,74,,,2
7601,'SAM',503,,11067,29,,,2,100,,11041,74,,,2,25,,11050,74,,,2,104,,11053,74,,,2,100,,11052,74,,,2,101,,11056,74,,,2,68,,11060,74,,,2,30,,11057,74,,,2,70,,11063,74,,,2,30,,11051,74,,,2,70,,11059,74,,,2,32,,11058,74,,,2,70,,11065,74,,,2,29,,11038,74,,,2,73,,11054,74,,,2,31,,11037,74,,,2,69,,11055,74,,,2,33,,11062,74,,,2,67,,11066,74,,,2,30,,11039,74,,,2,70,,11061,74,,,2,30,,11043,74,,,2,70,,11064,74,,,2,31,,11040,74,,,2,103,,11046,74,,,2,97,,11048,74,,,2,97,,11044,74,,,2,98,,11042,74,,,2,100,,11047,74,,,2,100,,11045,74,,,2,99,,11049,74,,,2
7601,'SEM',522,,11068,74,,,2,92,,11089,74,,,2,27,,11096,74,,,2,65,,11104,74,,,2,24,,11074,74,,,2,12,,11099,74,,,2,14,,11076,74,,,2,55,,11097,74,,,2,24,,11101,74,,,2,20,,11071,74,,,2,65,,11075,74,,,2,22,,11069,74,,,2,70,,11098,74,,,2,30,,11072,74,,,2,69,,11094,74,,,2,31,,11070,74,,,2,70,,11100,74,,,2,30,,11079,74,,,2,70,,11095,74,,,2,32,,11078,74,,,2,72,,11081,74,,,2,31,,11103,74,,,2,73,,11082,74,,,2,30,,11073,74,,,2,78,,11102,74,,,2,27,,11077,74,,,2,65,,11080,74,,,2,24,,11086,74,,,2,68,,11090,74,,,2,30,,11092,74,,,2,73,,11088,74,,,2,23,,11084,74,,,2,69,,11093,74,,,2,100,,11091,74,,,2,100,,11083,74,,,2,99,,11085,74,,,2,103,,11087,74,,,2
