1703,'DIM',620,,6972,15,,,1,89,,6965,15,,,1,99,,100,15,,,1,101,,6967,15,,,1,97,,6968,15,,,1,101,,6964,15,,,1,100,,6970,15,,,1,99,,6966,15,,,1,102,,6969,15,,,1,100,,6971,15,,,1,102,,6954,15,,,1,98,,6958,15,,,1,99,,6957,15,,,1,101,,6956,15,,,1,99,,6959,15,,,1,99,,6962,15,,,1,101,,6955,15,,,1,100,,6960,15,,,1,102,,6961,15,,,1,120,,6963,15,,,1
1703,'SAM',542,,6984,15,,,1,78,,6990,15,,,1,89,,121,15,,,1,99,,6981,15,,,1,101,,6983,15,,,1,97,,6985,15,,,1,100,,6989,15,,,1,101,,6987,15,,,1,100,,6982,15,,,1,101,,6988,15,,,1,100,,6986,15,,,1,102,,6991,15,,,1,99,,6992,15,,,1,99,,6973,15,,,1,100,,6978,15,,,1,99,,6975,15,,,1,99,,6974,15,,,1,101,,6976,15,,,1,100,,6979,15,,,1,102,,6980,15,,,1,120,,6977,15,,,1
1703,'SEM',602,,7010,15,,,1,102,,7012,15,,,1,105,,7011,15,,,1,96,,6996,15,,,1,100,,7009,15,,,1,100,,7008,15,,,1,100,,7014,15,,,1,101,,6997,15,,,1,100,,6994,15,,,1,98,,7013,15,,,1,35,,7016,15,,,1,20,,7015,15,,,1,76,,6993,15,,,1,23,,7004,15,,,1,78,,6995,15,,,1,80,,6998,15,,,1,30,,7001,15,,,1,68,,7006,15,,,1,99,,7007,15,,,1,100,,6999,15,,,1,100,,7000,15,,,1,100,,7002,15,,,1,100,,7003,15,,,1,104,,7005,15,,,1
2703,'DIM',903,,7780,15,,,2,100,,7783,15,,,2,98,,7785,15,,,2,102,,7779,15,,,2,55,,7787,15,,,2,146,,7782,15,,,2,101,,7784,15,,,2,100,,7781,15,,,2,100,,7786,15,,,2,100,,7773,15,,,2,100,,7775,15,,,2,98,,7774,15,,,2,100,,7778,15,,,2,100,,7772,15,,,2,102,,7771,15,,,2,100,,7776,15,,,2,100,,7777,15,,,2
2703,'SAM',703,,7797,15,,,2,100,,7798,15,,,2,100,,7796,15,,,2,100,,7806,15,,,2,100,,7800,15,,,2,100,,7803,15,,,2,54,,7799,15,,,2,147,,7801,15,,,2,102,,7802,15,,,2,99,,7795,15,,,2,54,,7804,15,,,2,146,,7805,15,,,2,100,,7790,15,,,2,98,,7793,15,,,2,100,,7788,15,,,2,100,,7789,15,,,2,102,,7791,15,,,2,100,,7792,15,,,2,100,,7794,15,,,2
2703,'SEM',809,,7823,15,,,2,50,,7809,15,,,2,100,,7815,15,,,2,100,,7808,15,,,2,99,,7825,15,,,2,91,,7822,15,,,2,103,,7826,15,,,2,100,,7812,15,,,2,81,,7810,15,,,2,82,,7824,15,,,2,15,,7807,15,,,2,70,,7814,15,,,2,39,,7811,15,,,2,65,,7821,15,,,2,96,,7818,15,,,2,47,,7820,15,,,2,103,,7817,15,,,2,102,,7813,15,,,2,99,,7816,15,,,2,100,,11960,15,,,2,100,,7819,15,,,2
3103,'DIM',639,,7902,17,,,1,99,,7901,17,,,1,99,,1058,17,,,1,99,,7906,17,,,1,99,,7905,17,,,1,100,,7903,17,,,1,102,,7892,17,,,1,101,,7904,17,,,1,99,,7891,17,,,1,102,,7890,17,,,1,99,,7895,17,,,1,98,,7897,17,,,1,103,,7896,17,,,1,97,,7898,17,,,1,101,,7894,17,,,1,100,,7893,17,,,1,100,,7899,17,,,1,101,,7900,17,,,1
3103,'SAM',639,,7919,17,,,1,99,,7918,17,,,1,99,,1075,17,,,1,99,,7923,17,,,1,99,,7924,17,,,1,100,,7920,17,,,1,100,,7916,17,,,1,102,,7921,17,,,1,100,,7917,17,,,1,102,,7922,17,,,1,100,,7911,17,,,1,98,,7913,17,,,1,100,,7909,17,,,1,100,,7914,17,,,1,100,,7907,17,,,1,100,,7908,17,,,1,100,,7910,17,,,1,102,,7912,17,,,1,95,,7915,17,,,1
3103,'SEM',634,,7946,17,,,1,99,,7944,17,,,1,100,,7945,17,,,1,100,,7925,17,,,1,101,,7926,17,,,1,100,,7928,17,,,1,100,,7947,17,,,1,100,,7927,17,,,1,101,,7932,17,,,1,98,,7933,17,,,1,11,,7934,17,,,1,77,,7929,17,,,1,29,,7938,17,,,1,80,,7935,17,,,1,70,,7931,17,,,1,36,,7943,17,,,1,69,,7930,17,,,1,36,,7942,17,,,1,100,,7936,17,,,1,101,,7939,17,,,1,100,,7940,17,,,1,98,,7937,17,,,1,114,,7941,17,,,1
3903,'DIM',835,,1407,14,,,1,100,,8236,24,,,1,70,,8241,24,,,1,31,,8242,24,,,1,70,,8239,24,,,1,34,,8240,24,,,1,66,,8243,24,,,1,29,,8233,24,,,1,71,,8237,24,,,1,30,,8234,24,,,1,70,,8220,24,,,1,30,,8223,24,,,1,72,,8226,24,,,1,30,,8238,24,,,1,71,,8227,24,,,1,31,,8228,24,,,1,65,,8229,24,,,1,18,,8235,24,,,1,10,,8230,24,,,1,24,,8224,24,,,1,65,,8231,24,,,1,99,,8221,24,,,1,100,,8232,24,,,1,98,,8222,24,,,1,104,,8225,24,,,1
3903,'SAM',835,,8268,14,,,1,100,,8263,24,,,1,70,,8267,24,,,1,31,,8244,24,,,1,70,,8258,24,,,1,34,,8261,24,,,1,66,,8260,24,,,1,30,,8245,24,,,1,70,,8259,24,,,1,30,,8262,24,,,1,70,,8246,24,,,1,30,,8265,24,,,1,72,,8249,24,,,1,30,,8250,24,,,1,71,,8252,24,,,1,31,,8266,24,,,1,65,,8253,24,,,1,18,,8264,24,,,1,11,,8251,24,,,1,23,,8248,24,,,1,69,,8247,24,,,1,97,,8255,24,,,1,98,,8254,24,,,1,98,,8257,24,,,1,104,,8256,24,,,1
3903,'SEM',727,,8291,24,,,1,100,,8273,24,,,1,104,,8271,24,,,1,73,,8275,24,,,1,29,,8292,24,,,1,71,,8293,24,,,1,29,,8286,24,,,1,71,,8290,24,,,1,27,,8294,24,,,1,77,,8270,24,,,1,33,,8277,24,,,1,67,,8279,24,,,1,31,,8280,24,,,1,75,,8269,24,,,1,38,,8287,24,,,1,63,,8281,24,,,1,28,,8272,24,,,1,65,,8274,24,,,1,33,,8282,24,,,1,80,,8283,24,,,1,79,,8276,24,,,1,58,,8278,24,,,1,96,,8284,24,,,1,103,,8288,24,,,1,97,,8285,24,,,1,88,,8289,24,,,1
4303,'DIM',638,,8818,15,,,1,101,,8820,15,,,1,100,,8824,15,,,1,100,,8822,15,,,1,106,,8823,15,,,1,101,,8821,15,,,1,100,,8827,15,,,1,100,,8825,15,,,1,103,,8826,15,,,1,97,,8808,15,,,1,99,,8809,15,,,1,104,,8811,15,,,1,91,,8814,15,,,1,99,,8813,15,,,1,100,,8810,15,,,1,100,,8812,15,,,1,100,,8819,15,,,1,100,,8815,15,,,1,99,,8817,15,,,1,100,,8816,15,,,1
4303,'SAM',638,,8839,15,,,1,101,,8829,15,,,1,100,,8844,15,,,1,100,,8830,15,,,1,106,,8831,15,,,1,101,,8842,15,,,1,100,,8840,15,,,1,100,,8845,15,,,1,102,,8841,15,,,1,101,,8843,15,,,1,98,,8828,15,,,1,98,,8846,15,,,1,95,,8835,15,,,1,99,,8832,15,,,1,100,,2041,15,,,1,100,,8833,15,,,1,100,,8834,15,,,1,100,,8838,15,,,1,99,,8836,15,,,1,100,,8837,15,,,1
4303,'SEM',639,,8866,15,,,1,100,,8867,15,,,1,81,,8850,15,,,1,104,,8868,15,,,1,31,,8849,15,,,1,69,,8864,15,,,1,30,,8856,15,,,1,71,,8852,15,,,1,30,,8870,15,,,1,70,,8869,15,,,1,30,,8865,15,,,1,72,,8853,15,,,1,28,,8854,15,,,1,70,,8858,15,,,1,30,,8871,15,,,1,70,,8848,15,,,1,25,,8855,15,,,1,70,,8851,15,,,1,19,,8872,15,,,1,76,,8857,15,,,1,31,,8847,15,,,1,71,,8861,15,,,1,101,,8862,15,,,1,101,,8863,15,,,1,101,,11970,15,,,1,101,,11971,15,,,1,109,,8859,15,,,1,106,,8860,15,,,1
7303,'DIM',654,,10755,15,,,1,99,,10752,15,,,1,100,,10753,15,,,1,98,,10756,15,,,1,100,,10759,15,,,1,100,,10754,15,,,1,100,,10757,15,,,1,102,,10751,15,,,1,99,,10758,15,,,1,102,,10760,15,,,1,99,,10745,15,,,1,99,,10742,15,,,1,101,,10748,15,,,1,99,,10744,15,,,1,100,,10743,15,,,1,100,,10746,15,,,1,100,,10747,15,,,1,102,,10750,15,,,1,105,,10749,15,,,1
7303,'SAM',600,,10775,15,,,1,54,,10772,15,,,1,99,,10771,15,,,1,100,,10776,15,,,1,98,,10778,15,,,1,101,,10774,15,,,1,99,,10764,15,,,1,100,,10777,15,,,1,102,,10773,15,,,1,99,,10779,15,,,1,102,,10780,15,,,1,101,,10763,15,,,1,98,,10761,15,,,1,99,,10762,15,,,1,100,,10766,15,,,1,100,,10765,15,,,1,100,,4040,15,,,1,100,,10767,15,,,1,102,,4041,15,,,1,105,,10768,15,,,1,100,,10770,15,,,1,100,,10769,15,,,1
7303,'SEM',547,,10817,15,,,1,66,,10814,15,,,1,38,,10813,15,,,1,50,,10818,15,,,1,39,,10807,15,,,1,16,,10783,15,,,1,83,,10815,15,,,1,12,,10782,15,,,1,70,,10800,15,,,1,31,,10816,15,,,1,69,,10784,15,,,1,31,,10789,15,,,1,69,,10799,15,,,1,31,,10790,15,,,1,69,,10819,15,,,1,30,,10785,15,,,1,70,,10788,15,,,1,30,,10794,15,,,1,70,,10781,15,,,1,30,,10791,15,,,1,75,,10820,15,,,1,25,,10801,15,,,1,55,,10793,15,,,1,21,,10786,15,,,1,16,,10787,15,,,1,63,,10797,15,,,1,16,,10795,15,,,1,30,,10808,15,,,1,55,,10796,15,,,1,16,,10792,15,,,1,33,,10802,15,,,1,70,,10805,15,,,1,32,,10798,15,,,1,99,,10810,15,,,1,100,,10803,15,,,1,100,,10809,15,,,1,100,,10804,15,,,1,81,,10806,15,,,1,95,,10811,15,,,1,121,,10812,15,,,1
7401,'DIM',724,,10911,15,,,2,99,,10912,15,,,2,101,,10915,15,,,2,97,,10914,15,,,2,101,,10916,15,,,2,100,,10913,15,,,2,101,,10910,15,,,2,99,,10909,15,,,2,102,,10917,15,,,2,99,,10903,15,,,2,102,,10904,15,,,2,99,,10906,15,,,2,99,,10907,15,,,2,99,,10908,15,,,2,101,,10902,15,,,2,99,,10901,15,,,2,101,,10905,15,,,2
7401,'SAM',724,,10926,15,,,2,99,,10928,15,,,2,101,,10927,15,,,2,98,,10930,15,,,2,100,,10932,15,,,2,100,,10934,15,,,2,102,,10929,15,,,2,98,,10933,15,,,2,101,,10931,15,,,2,100,,10918,15,,,2,101,,10921,15,,,2,101,,10923,15,,,2,99,,10922,15,,,2,98,,10924,15,,,2,101,,10919,15,,,2,99,,10925,15,,,2,101,,10920,15,,,2
7401,'SEM',626,,10950,15,,,2,95,,10935,15,,,2,101,,10949,15,,,2,103,,10939,15,,,2,101,,10940,15,,,2,101,,10953,15,,,2,99,,10938,15,,,2,101,,10952,15,,,2,100,,10951,15,,,2,93,,10937,15,,,2,93,,10941,15,,,2,101,,10936,15,,,2,30,,10943,15,,,2,85,,10948,15,,,2,99,,10942,15,,,2,101,,10945,15,,,2,100,,10946,15,,,2,100,,10944,15,,,2,100,,12005,15,,,2,95,,10947,15,,,2
