1703,'DIM',629,,6972,33,,,1,89,,6965,33,,,1,101,,100,33,,,1,102,,6967,33,,,1,97,,6968,33,,,1,101,,6964,33,,,1,100,,6970,33,,,1,99,,6966,33,,,1,102,,6969,33,,,1,100,,6971,33,,,1,102,,6954,33,,,1,98,,6958,33,,,1,99,,6957,33,,,1,101,,6956,33,,,1,98,,6959,33,,,1,99,,6962,33,,,1,100,,6955,33,,,1,100,,6960,33,,,1,102,,6961,33,,,1,117,,6963,33,,,1
1703,'SAM',551,,6984,33,,,1,78,,6990,33,,,1,89,,121,33,,,1,101,,6981,33,,,1,102,,6983,33,,,1,97,,6985,33,,,1,100,,6989,33,,,1,101,,6987,33,,,1,100,,6982,33,,,1,101,,6988,33,,,1,100,,6986,33,,,1,102,,6991,33,,,1,99,,6992,33,,,1,99,,6973,33,,,1,100,,6978,33,,,1,98,,6975,33,,,1,99,,6974,33,,,1,100,,6976,33,,,1,100,,6979,33,,,1,102,,6980,33,,,1,117,,6977,33,,,1
1703,'SEM',611,,7010,33,,,1,104,,7012,33,,,1,106,,7011,33,,,1,96,,6996,33,,,1,101,,7009,33,,,1,100,,7008,33,,,1,100,,7014,33,,,1,101,,6997,33,,,1,100,,6994,33,,,1,99,,7013,33,,,1,35,,7016,33,,,1,60,,7015,33,,,1,36,,6993,33,,,1,63,,7004,33,,,1,37,,6995,33,,,1,79,,6998,33,,,1,30,,7001,33,,,1,68,,7006,33,,,1,99,,7007,33,,,1,100,,6999,33,,,1,100,,7000,33,,,1,99,,7002,33,,,1,99,,7003,33,,,1,102,,7005,33,,,1
3103,'DIM',648,,7902,35,,,1,101,,7901,35,,,1,100,,1058,35,,,1,99,,7906,35,,,1,100,,7905,35,,,1,100,,7903,35,,,1,102,,7892,35,,,1,101,,7904,35,,,1,99,,7891,35,,,1,101,,7890,35,,,1,99,,7895,35,,,1,98,,7897,35,,,1,103,,7896,35,,,1,96,,7898,35,,,1,101,,7894,35,,,1,100,,7893,35,,,1,100,,7899,35,,,1,100,,7900,35,,,1
3103,'SAM',648,,7919,35,,,1,101,,7918,35,,,1,100,,1075,35,,,1,99,,7923,35,,,1,100,,7924,35,,,1,100,,7920,35,,,1,100,,7916,35,,,1,102,,7921,35,,,1,100,,7917,35,,,1,101,,7922,35,,,1,100,,7911,35,,,1,98,,7913,35,,,1,100,,7909,35,,,1,99,,7914,35,,,1,100,,7907,35,,,1,100,,7908,35,,,1,100,,7910,35,,,1,101,,7912,35,,,1,95,,7915,35,,,1
3103,'SEM',645,,7946,35,,,1,100,,7944,35,,,1,100,,7945,35,,,1,101,,7925,35,,,1,101,,7926,35,,,1,100,,7928,35,,,1,100,,7947,35,,,1,100,,7927,35,,,1,102,,7932,35,,,1,98,,7933,35,,,1,11,,7934,35,,,1,77,,7929,35,,,1,69,,7938,35,,,1,40,,7935,35,,,1,68,,7931,35,,,1,36,,7943,35,,,1,69,,7930,35,,,1,36,,7942,35,,,1,100,,7936,35,,,1,101,,7939,35,,,1,100,,7940,35,,,1,96,,7937,35,,,1,154,,7941,35,,,1
3903,'DIM',852,,1407,46,,,1,100,,8236,56,,,1,70,,8241,56,,,1,31,,8242,56,,,1,70,,8239,56,,,1,34,,8240,56,,,1,66,,8243,56,,,1,29,,8233,56,,,1,71,,8237,56,,,1,30,,8234,56,,,1,71,,8220,56,,,1,30,,8223,56,,,1,72,,8226,56,,,1,30,,8238,56,,,1,71,,8227,56,,,1,30,,8228,56,,,1,65,,8229,56,,,1,18,,8235,56,,,1,10,,8230,56,,,1,64,,8224,56,,,1,25,,8231,56,,,1,98,,8221,56,,,1,100,,8232,56,,,1,98,,8222,56,,,1,104,,8225,56,,,1
3903,'SAM',852,,8268,46,,,1,100,,8263,56,,,1,70,,8267,56,,,1,31,,8244,56,,,1,70,,8258,56,,,1,34,,8261,56,,,1,66,,8260,56,,,1,30,,8245,56,,,1,70,,8259,56,,,1,30,,8262,56,,,1,71,,8246,56,,,1,30,,8265,56,,,1,72,,8249,56,,,1,30,,8250,56,,,1,71,,8252,56,,,1,30,,8266,56,,,1,65,,8253,56,,,1,18,,8264,56,,,1,11,,8251,56,,,1,63,,8248,56,,,1,29,,8247,56,,,1,96,,8255,56,,,1,98,,8254,56,,,1,98,,8257,56,,,1,104,,8256,56,,,1
3903,'SEM',744,,8291,56,,,1,101,,8273,56,,,1,104,,8271,56,,,1,72,,8275,56,,,1,29,,8292,56,,,1,71,,8293,56,,,1,29,,8286,56,,,1,71,,8290,56,,,1,28,,8294,56,,,1,78,,8270,56,,,1,73,,8277,56,,,1,27,,8279,56,,,1,32,,8280,56,,,1,75,,8269,56,,,1,78,,8287,56,,,1,23,,8281,56,,,1,68,,8272,56,,,1,25,,8274,56,,,1,73,,8282,56,,,1,39,,8283,56,,,1,79,,8276,56,,,1,98,,8278,56,,,1,95,,8284,56,,,1,103,,8288,56,,,1,95,,8285,56,,,1,47,,8289,56,,,1
7303,'DIM',704,,10755,33,,,1,100,,10752,33,,,1,101,,10753,33,,,1,98,,10756,33,,,1,100,,10759,33,,,1,100,,10754,33,,,1,101,,10757,33,,,1,102,,10751,33,,,1,99,,10758,33,,,1,102,,10760,33,,,1,99,,10745,33,,,1,99,,10742,33,,,1,100,,10748,33,,,1,98,,10744,33,,,1,100,,10743,33,,,1,100,,10746,33,,,1,99,,10747,33,,,1,102,,10750,33,,,1,105,,10749,33,,,1
7303,'SAM',610,,10775,33,,,1,94,,10772,33,,,1,100,,10771,33,,,1,101,,10776,33,,,1,98,,10778,33,,,1,101,,10774,33,,,1,99,,10764,33,,,1,101,,10777,33,,,1,102,,10773,33,,,1,99,,10779,33,,,1,102,,10780,33,,,1,101,,10763,33,,,1,98,,10761,33,,,1,98,,10762,33,,,1,99,,10766,33,,,1,100,,10765,33,,,1,100,,4040,33,,,1,99,,10767,33,,,1,102,,4041,33,,,1,105,,10768,33,,,1,100,,10770,33,,,1,100,,10769,33,,,1
7303,'SEM',557,,10817,33,,,1,66,,10814,33,,,1,80,,10813,33,,,1,10,,10818,33,,,1,39,,10807,33,,,1,56,,10783,33,,,1,43,,10815,33,,,1,52,,10782,33,,,1,30,,10800,33,,,1,71,,10816,33,,,1,29,,10784,33,,,1,71,,10789,33,,,1,29,,10799,33,,,1,72,,10790,33,,,1,30,,10819,33,,,1,70,,10785,33,,,1,30,,10788,33,,,1,70,,10794,33,,,1,30,,10781,33,,,1,70,,10791,33,,,1,35,,10820,33,,,1,65,,10801,33,,,1,15,,10793,33,,,1,21,,10786,33,,,1,16,,10787,33,,,1,63,,10797,33,,,1,16,,10795,33,,,1,70,,10808,33,,,1,14,,10796,33,,,1,16,,10792,33,,,1,72,,10802,33,,,1,30,,10805,33,,,1,72,,10798,33,,,1,99,,10810,33,,,1,100,,10803,33,,,1,99,,10809,33,,,1,99,,10804,33,,,1,41,,10806,33,,,1,95,,10811,33,,,1,161,,10812,33,,,1
