1202,'DIM',925,,6921,10,4,,2,100,,6920,10,4,,2,102,,6918,10,4,,2,98,,6919,10,4,,2,104,,6917,10,4,,2,97,,6915,10,4,,2,101,,6923,10,4,,2,99,,6922,10,4,,2,105,,6916,10,4,,2
1202,'SAM',925,,6928,10,4,,2,100,,6926,10,4,,2,102,,6931,10,4,,2,101,,6930,10,4,,2,101,,6929,10,4,,2,96,,6927,10,4,,2,101,,6932,10,4,,2,105,,6924,10,4,,2,100,,6925,10,4,,2
1202,'SEM',815,,6940,10,4,,2,102,,6942,10,4,,2,100,,6937,10,4,,2,100,,6935,10,4,,2,101,,6941,10,4,,2,99,,6938,10,4,,2,106,,6934,10,4,,2,104,,6936,10,4,,2,98,,6939,10,4,,2,101,,6933,10,4,,2
1704,'DIM',516,,7029,52,4,,1,90,,7030,52,4,,1,101,,7034,52,4,,1,103,,7028,52,4,,1,102,,165,52,4,,1,101,,7032,52,4,,1,102,,7033,52,4,,1,100,,7035,52,4,,1,101,,7036,52,4,,1,101,,7031,52,4,,1,102,,7017,52,4,,1,99,,7018,52,4,,1,100,,7021,52,4,,1,100,,7023,52,4,,1,98,,7022,52,4,,1,98,,7020,52,4,,1,100,,7024,52,4,,1,98,,7027,52,4,,1,98,,7019,52,4,,1,98,,7025,52,4,,1,96,,7026,52,4,,1
1704,'SAM',516,,7049,52,4,,1,90,,7050,52,4,,1,101,,7056,52,4,,1,103,,7053,52,4,,1,102,,7048,52,4,,1,101,,7052,52,4,,1,102,,7057,52,4,,1,100,,7055,52,4,,1,101,,7054,52,4,,1,101,,7051,52,4,,1,101,,7038,52,4,,1,100,,7039,52,4,,1,101,,7041,52,4,,1,99,,7043,52,4,,1,98,,7037,52,4,,1,98,,7045,52,4,,1,100,,7042,52,4,,1,98,,7040,52,4,,1,98,,7044,52,4,,1,98,,7046,52,4,,1,96,,7047,52,4,,1
1704,'SEM',529,,7072,52,4,,1,94,,7077,52,4,,1,23,,7080,52,4,,1,62,,7059,52,4,,1,27,,7063,52,4,,1,76,,7064,52,4,,1,21,,7058,52,4,,1,98,,7061,52,4,,1,85,,7062,52,4,,1,100,,7065,52,4,,1,100,,7076,52,4,,1,100,,7078,52,4,,1,100,,7067,52,4,,1,103,,7079,52,4,,1,101,,7060,52,4,,1,105,,7068,52,4,,1,94,,7066,52,4,,1,97,,7069,52,4,,1,100,,7074,52,4,,1,100,,7075,52,4,,1,99,,7070,52,4,,1,99,,7071,52,4,,1,98,,7073,52,4,,1
2001,'DIM',726,,7089,55,4,,1,101,,7081,55,4,,1,102,,7092,55,4,,1,100,,7093,55,4,,1,100,,7090,55,4,,1,100,,7091,55,4,,1,104,,7094,55,4,,1,99,,7095,55,4,,1,95,,7097,55,4,,1,104,,7096,55,4,,1,100,,7083,55,4,,1,100,,7084,55,4,,1,98,,7088,55,4,,1,99,,7082,55,4,,1,99,,7085,55,4,,1,99,,7087,55,4,,1,100,,7086,55,4,,1
2001,'SAM',624,,7105,55,4,,1,102,,7109,55,4,,1,101,,7115,55,4,,1,102,,7107,55,4,,1,100,,7106,55,4,,1,100,,7111,55,4,,1,100,,7108,55,4,,1,104,,7112,55,4,,1,99,,7110,55,4,,1,95,,7098,55,4,,1,106,,7113,55,4,,1,103,,7114,55,4,,1,93,,7099,55,4,,1,100,,7103,55,4,,1,99,,7100,55,4,,1,99,,7102,55,4,,1,99,,7101,55,4,,1,100,,7104,55,4,,1
2001,'SEM',610,,7132,55,4,,1,103,,7131,55,4,,1,39,,7129,55,4,,1,86,,7118,55,4,,1,90,,7119,55,4,,1,100,,7120,55,4,,1,100,,7134,55,4,,1,98,,7130,55,4,,1,102,,7133,55,4,,1,101,,7122,55,4,,1,100,,7116,55,4,,1,108,,7117,55,4,,1,89,,7121,55,4,,1,104,,7123,55,4,,1,89,,7127,55,4,,1,100,,7126,55,4,,1,99,,7128,55,4,,1,99,,7124,55,4,,1,102,,7125,55,4,,1
2202,'DIM',745,,7249,74,4,,2,101,,7248,74,4,,2,100,,7247,74,4,,2,100,,6315,74,4,,2,101,,7250,74,4,,2,100,,7252,74,4,,2,96,,7251,74,4,,2,105,,7246,74,4,,2,98,,7240,74,4,,2,154,,7253,74,4,,2,48,,7242,74,4,,2,100,,7243,74,4,,2,98,,7245,74,4,,2,101,,7244,74,4,,2,100,,7239,74,4,,2,100,,7241,74,4,,2
2202,'SAM',647,,7270,58,4,,2,98,,7264,74,4,,2,101,,7261,74,4,,2,100,,7260,74,4,,2,98,,7266,74,4,,2,103,,7265,74,4,,2,100,,7263,74,4,,2,96,,7269,74,4,,2,103,,7262,74,4,,2,100,,7268,74,4,,2,112,,7267,74,4,,2,90,,7255,74,4,,2,100,,7257,74,4,,2,98,,7254,74,4,,2,101,,7256,74,4,,2,100,,7259,74,4,,2,100,,7258,74,4,,2
2202,'SEM',624,,6230,74,4,,2,18,,7282,74,4,,2,106,,7289,74,4,,2,71,,7279,74,4,,2,31,,7271,74,4,,2,97,,7273,74,4,,2,71,,7272,74,4,,2,29,,7290,74,4,,2,100,,7277,74,4,,2,100,,7288,74,4,,2,100,,7291,74,4,,2,103,,7276,74,4,,2,101,,7278,74,4,,2,102,,7274,74,4,,2,64,,7275,74,4,,2,34,,7281,74,4,,2,98,,7280,74,4,,2,100,,7287,74,4,,2,101,,7286,74,4,,2,97,,7284,74,4,,2,107,,7283,74,4,,2,96,,7285,74,4,,2
2401,'DIM',706,,7306,49,4,,1,99,,7308,49,4,,1,107,,7310,49,4,,1,100,,7299,49,4,,1,100,,7309,49,4,,1,31,,7314,49,4,,1,69,,7316,49,4,,1,31,,7294,49,4,,1,71,,7315,49,4,,1,32,,7307,49,4,,1,69,,7293,49,4,,1,30,,7313,49,4,,1,74,,7311,49,4,,1,29,,7296,49,4,,1,67,,7317,49,4,,1,29,,7312,49,4,,1,69,,7297,49,4,,1,31,,7300,49,4,,1,70,,7295,49,4,,1,100,,7301,49,4,,1,99,,7292,49,4,,1,100,,7304,49,4,,1,98,,7302,49,4,,1,98,,7298,49,4,,1,92,,7305,49,4,,1,99,,7303,49,4,,1
2401,'SAM',636,,7331,49,4,,1,70,,7341,49,4,,1,99,,7332,49,4,,1,107,,7335,49,4,,1,100,,7334,49,4,,1,100,,7340,49,4,,1,31,,7337,49,4,,1,68,,7343,49,4,,1,32,,7329,49,4,,1,71,,7339,49,4,,1,30,,7333,49,4,,1,71,,7342,49,4,,1,30,,7318,49,4,,1,74,,7336,49,4,,1,29,,7338,49,4,,1,67,,7330,49,4,,1,29,,7320,49,4,,1,76,,7344,49,4,,1,24,,7319,49,4,,1,70,,7322,49,4,,1,100,,7325,49,4,,1,99,,7327,49,4,,1,100,,7323,49,4,,1,98,,7321,49,4,,1,98,,7326,49,4,,1,92,,7324,49,4,,1,99,,7328,49,4,,1
2401,'SEM',515,,7349,49,4,,1,41,,7369,49,4,,1,81,,7370,49,4,,1,20,,7346,49,4,,1,61,,7363,49,4,,1,21,,7350,49,4,,1,20,,7351,49,4,,1,61,,7378,49,4,,1,26,,7372,49,4,,1,66,,7374,49,4,,1,30,,7379,49,4,,1,70,,7345,49,4,,1,30,,7375,49,4,,1,70,,7377,49,4,,1,30,,7368,49,4,,1,70,,7348,49,4,,1,31,,7373,49,4,,1,70,,7347,49,4,,1,30,,7371,49,4,,1,70,,7376,49,4,,1,31,,7356,49,4,,1,71,,7353,49,4,,1,43,,7352,49,4,,1,60,,7354,49,4,,1,31,,7358,49,4,,1,75,,7355,49,4,,1,27,,7359,49,4,,1,64,,7362,49,4,,1,38,,7365,49,4,,1,98,,7357,49,4,,1,84,,7366,49,4,,1,100,,7367,49,4,,1,99,,7360,49,4,,1,99,,7361,49,4,,1,97,,7364,49,4,,1
2704,'DIM',804,,7846,57,4,,2,101,,7847,57,4,,2,100,,7842,57,4,,2,99,,7844,57,4,,2,99,,7845,57,4,,2,103,,7841,57,4,,2,95,,7848,57,4,,2,107,,7843,57,4,,2,100,,7834,57,4,,2,100,,7838,57,4,,2,100,,7839,57,4,,2,98,,7835,57,4,,2,100,,7837,57,4,,2,98,,7836,57,4,,2,100,,7840,57,4,,2,100,,7833,57,4,,2
2704,'SAM',703,,7861,57,4,,2,101,,7857,57,4,,2,101,,7858,57,4,,2,100,,7856,57,4,,2,99,,7865,57,4,,2,101,,7860,57,4,,2,101,,7863,57,4,,2,94,,7859,57,4,,2,108,,7862,57,4,,2,100,,7852,57,4,,2,100,,7853,57,4,,2,93,,7855,57,4,,2,105,,7864,57,4,,2,100,,7851,57,4,,2,98,,7854,57,4,,2,100,,7849,57,4,,2,100,,7850,57,4,,2
2704,'SEM',627,,7887,57,4,,2,28,,7867,57,4,,2,68,,7884,57,4,,2,29,,7870,57,4,,2,68,,7871,57,4,,2,28,,7889,57,4,,2,66,,7886,57,4,,2,88,,7885,57,4,,2,100,,7874,57,4,,2,108,,7866,57,4,,2,95,,7888,57,4,,2,48,,7869,57,4,,2,106,,7868,57,4,,2,147,,7879,57,4,,2,37,,7880,57,4,,2,80,,7875,57,4,,2,13,,7872,57,4,,2,70,,7873,57,4,,2,31,,7877,57,4,,2,75,,7882,57,4,,2,100,,7878,57,4,,2,45,,7881,57,4,,2,94,,7876,57,4,,2,104,,7883,57,4,,2
3304,'DIM',758,,8062,50,4,,1,171,,8063,50,4,,1,130,,8057,50,4,,1,170,,8061,50,4,,1,177,,8065,50,4,,1,124,,8064,50,4,,1,128,,8055,50,4,,1,172,,8059,50,4,,1,129,,8058,50,4,,1,170,,8060,50,4,,1,129,,8056,50,4,,1
3304,'SAM',758,,8073,50,4,,1,171,,8075,50,4,,1,130,,8074,50,4,,1,170,,8076,50,4,,1,176,,8067,50,4,,1,125,,8066,50,4,,1,170,,8071,50,4,,1,130,,8070,50,4,,1,129,,8068,50,4,,1,170,,8072,50,4,,1,129,,8069,50,4,,1
3304,'SEM',518,,8081,50,4,,1,90,,8092,50,4,,1,36,,8093,50,4,,1,94,,8099,50,4,,1,78,,8084,50,4,,1,20,,8098,50,4,,1,71,,8094,50,4,,1,104,,8078,50,4,,1,100,,8095,50,4,,1,100,,8079,50,4,,1,100,,8096,50,4,,1,96,,8097,50,4,,1,111,,8077,50,4,,1,111,,8083,50,4,,1,76,,8082,50,4,,1,49,,8085,50,4,,1,72,,8080,50,4,,1,24,,8091,50,4,,1,70,,8090,50,4,,1,96,,8089,50,4,,1,94,,8086,50,4,,1,110,,8088,50,4,,1,38,,8087,50,4,,1
3704,'DIM',719,,8175,49,4,,2,35,,8176,49,4,,2,101,,8174,49,4,,2,100,,8173,49,4,,2,101,,8179,49,4,,2,101,,8178,49,4,,2,100,,8168,49,4,,2,99,,8169,49,4,,2,145,,8180,49,4,,2,56,,8170,49,4,,2,99,,8177,49,4,,2,99,,8171,49,4,,2,89,,8172,49,4,,2
3704,'SAM',719,,1344,49,4,,2,35,,8188,49,4,,2,101,,8186,49,4,,2,100,,8189,49,4,,2,101,,8191,49,4,,2,101,,8190,49,4,,2,100,,8192,49,4,,2,100,,8187,49,4,,2,99,,8185,49,4,,2,102,,8181,49,4,,2,98,,8182,49,4,,2,99,,8183,49,4,,2,89,,8184,49,4,,2
3704,'SEM',606,,8211,49,4,,2,40,,8210,49,4,,2,101,,8213,49,4,,2,80,,8193,49,4,,2,75,,8195,49,4,,2,34,,8212,49,4,,2,70,,8217,49,4,,2,97,,8216,49,4,,2,100,,8215,49,4,,2,101,,8197,49,4,,2,100,,8200,49,4,,2,106,,8218,49,4,,2,44,,8214,49,4,,2,62,,8194,49,4,,2,12,,8201,49,4,,2,16,,8202,49,4,,2,60,,8196,49,4,,2,10,,8198,49,4,,2,15,,8205,49,4,,2,16,,8208,49,4,,2,97,,8207,49,4,,2,94,,8209,49,4,,2,101,,8199,49,4,,2,100,,8206,49,4,,2,98,,11961,49,4,,2,100,,8203,49,4,,2,95,,8204,49,4,,2
4304,'DIM',512,,8893,37,4,,1,103,,8887,37,4,,1,100,,8883,37,4,,1,102,,8885,37,4,,1,102,,8890,37,4,,1,101,,8888,37,4,,1,106,,8889,37,4,,1,100,,8886,37,4,,1,100,,8894,37,4,,1,100,,8891,37,4,,1,104,,8892,37,4,,1,99,,8875,37,4,,1,99,,8876,37,4,,1,101,,8878,37,4,,1,93,,8881,37,4,,1,98,,8880,37,4,,1,99,,8877,37,4,,1,99,,8879,37,4,,1,100,,8884,37,4,,1,100,,8882,37,4,,1
4304,'SAM',512,,8911,37,4,,1,103,,8908,37,4,,1,100,,8905,37,4,,1,102,,8896,37,4,,1,102,,8912,37,4,,1,101,,8897,37,4,,1,106,,8898,37,4,,1,100,,8909,37,4,,1,100,,8906,37,4,,1,100,,8913,37,4,,1,103,,8907,37,4,,1,101,,8910,37,4,,1,98,,8895,37,4,,1,97,,8914,37,4,,1,97,,8902,37,4,,1,98,,8899,37,4,,1,99,,2109,37,4,,1,99,,8900,37,4,,1,100,,8901,37,4,,1,100,,8904,37,4,,1,98,,8903,37,4,,1
4304,'SEM',529,,8934,37,4,,1,76,,8940,37,4,,1,35,,8915,37,4,,1,66,,8917,37,4,,1,21,,8938,37,4,,1,31,,8916,37,4,,1,73,,8939,37,4,,1,73,,8920,37,4,,1,35,,8935,37,4,,1,68,,8941,37,4,,1,31,,8919,37,4,,1,70,,8936,37,4,,1,30,,8926,37,4,,1,70,,8922,37,4,,1,30,,8943,37,4,,1,70,,8942,37,4,,1,30,,8937,37,4,,1,72,,8923,37,4,,1,29,,8924,37,4,,1,70,,8928,37,4,,1,36,,8944,37,4,,1,66,,8918,37,4,,1,26,,8925,37,4,,1,70,,8921,37,4,,1,96,,8927,37,4,,1,56,,8930,37,4,,1,100,,8932,37,4,,1,141,,8933,37,4,,1,59,,11972,37,4,,1,141,,11973,37,4,,1,110,,8929,37,4,,1,20,,8931,37,4,,1
4804,'DIM',613,,9283,67,4,,1,110,,9287,67,4,,1,104,,9284,67,4,,1,109,,9288,67,4,,1,107,,9291,67,4,,1,101,,9274,67,4,,1,103,,9285,67,4,,1,100,,9286,67,4,,1,97,,9290,67,4,,1,105,,9276,67,4,,1,101,,9289,67,4,,1,101,,9275,67,4,,1,97,,9281,67,4,,1,95,,9277,67,4,,1,94,,9282,67,4,,1,97,,9279,67,4,,1,100,,9278,67,4,,1,94,,9280,67,4,,1
4804,'SAM',613,,9302,67,4,,1,110,,2518,67,4,,1,104,,9304,67,4,,1,108,,9306,67,4,,1,108,,9310,67,4,,1,101,,9303,67,4,,1,102,,9309,67,4,,1,100,,9305,67,4,,1,97,,9307,67,4,,1,106,,9308,67,4,,1,101,,9295,67,4,,1,101,,9298,67,4,,1,97,,9296,67,4,,1,95,,9299,67,4,,1,94,,9293,67,4,,1,97,,9292,67,4,,1,98,,9294,67,4,,1,96,,9300,67,4,,1,97,,9301,67,4,,1,33,,9297,67,4,,1
4804,'SEM',545,,9313,67,4,,1,82,,9330,67,4,,1,32,,9311,67,4,,1,73,,9314,67,4,,1,27,,9318,67,4,,1,79,,9332,67,4,,1,70,,9331,67,4,,1,30,,9334,67,4,,1,70,,9321,67,4,,1,31,,9320,67,4,,1,71,,9315,67,4,,1,101,,9322,67,4,,1,100,,9333,67,4,,1,100,,9319,67,4,,1,102,,9316,67,4,,1,39,,9312,67,4,,1,107,,9317,67,4,,1,95,,9327,67,4,,1,67,,9329,67,4,,1,102,,9325,67,4,,1,114,,9328,67,4,,1,99,,9323,67,4,,1,97,,9324,67,4,,1,96,,11983,67,4,,1,97,,9326,67,4,,1
5802,'DIM',630,,9883,65,4,,2,101,,9890,65,4,,2,93,,9887,65,4,,2,101,,9891,65,4,,2,100,,9894,65,4,,2,99,,9886,65,4,,2,101,,9896,65,4,,2,100,,9893,65,4,,2,102,,9889,65,4,,2,99,,9892,65,4,,2,101,,9888,65,4,,2,99,,9882,65,4,,2,101,,9895,65,4,,2,100,,9879,65,4,,2,99,,9885,65,4,,2,98,,9881,65,4,,2,98,,9880,65,4,,2,97,,9884,65,4,,2
5802,'SAM',630,,9914,65,4,,2,101,,9906,65,4,,2,93,,9905,65,4,,2,101,,9910,65,4,,2,100,,9908,65,4,,2,99,,9911,65,4,,2,101,,9913,65,4,,2,100,,9897,65,4,,2,99,,9904,65,4,,2,101,,9909,65,4,,2,101,,9907,65,4,,2,101,,9912,65,4,,2,100,,9899,65,4,,2,100,,9902,65,4,,2,99,,9898,65,4,,2,98,,9903,65,4,,2,98,,9900,65,4,,2,97,,9901,65,4,,2
5802,'SEM',551,,9932,65,4,,2,76,,9926,65,4,,2,23,,9925,65,4,,2,80,,9933,65,4,,2,75,,9935,65,4,,2,29,,9918,65,4,,2,73,,9917,65,4,,2,43,,9921,65,4,,2,100,,9936,65,4,,2,100,,9915,65,4,,2,100,,9922,65,4,,2,100,,9934,65,4,,2,100,,9916,65,4,,2,65,,9919,65,4,,2,30,,9923,65,4,,2,103,,9929,65,4,,2,71,,9920,65,4,,2,93,,9924,65,4,,2,96,,9930,65,4,,2,98,,11992,65,4,,2,99,,9931,65,4,,2,97,,9928,65,4,,2,99,,9927,65,4,,2
6001,'DIM',818,,9939,61,4,,1,104,,9947,61,4,,1,102,,9945,61,4,,1,104,,9946,61,4,,1,102,,9948,61,4,,1,102,,9951,61,4,,1,102,,9949,61,4,,1,100,,9952,61,4,,1,100,,9950,61,4,,1,102,,9953,61,4,,1,91,,9954,61,4,,1,99,,9941,61,4,,1,98,,9943,61,4,,1,97,,9942,61,4,,1,99,,9944,61,4,,1,99,,9938,61,4,,1,100,,9940,61,4,,1
6001,'SAM',714,,9961,61,4,,1,104,,9966,61,4,,1,104,,9957,61,4,,1,102,,9969,61,4,,1,103,,9971,61,4,,1,103,,9967,61,4,,1,102,,9970,61,4,,1,102,,9968,61,4,,1,100,,9956,61,4,,1,100,,9972,61,4,,1,102,,9955,61,4,,1,91,,9959,61,4,,1,100,,9964,61,4,,1,97,,9960,61,4,,1,97,,9962,61,4,,1,99,,9965,61,4,,1,99,,9958,61,4,,1,100,,9963,61,4,,1
6001,'SEM',600,,9987,61,4,,1,103,,9973,61,4,,1,47,,9991,61,4,,1,78,,9985,61,4,,1,77,,9989,61,4,,1,101,,9975,61,4,,1,101,,9992,61,4,,1,101,,9990,61,4,,1,104,,9976,61,4,,1,100,,9974,61,4,,1,102,,9986,61,4,,1,102,,9988,61,4,,1,99,,9977,61,4,,1,102,,9981,61,4,,1,95,,9979,61,4,,1,89,,9984,61,4,,1,58,,9982,61,4,,1,98,,9978,61,4,,1,98,,9980,61,4,,1,94,,9983,61,4,,1
6304,'DIM',804,,10251,75,4,,1,104,,10247,75,4,,1,101,,10249,75,4,,1,103,,10243,75,4,,1,99,,10248,75,4,,1,104,,10253,75,4,,1,97,,10250,75,4,,1,102,,10254,75,4,,1,103,,10252,75,4,,1,100,,10255,75,4,,1,99,,10256,75,4,,1,98,,10244,75,4,,1,98,,10240,75,4,,1,98,,10241,75,4,,1,99,,10245,75,4,,1,97,,10242,75,4,,1,98,,10246,75,4,,1
6304,'SAM',704,,10270,75,4,,1,100,,10268,75,4,,1,104,,10273,75,4,,1,101,,10269,75,4,,1,103,,10267,75,4,,1,99,,10272,75,4,,1,104,,10271,75,4,,1,97,,10275,75,4,,1,102,,10274,75,4,,1,103,,10257,75,4,,1,102,,10258,75,4,,1,97,,10259,75,4,,1,98,,10261,75,4,,1,98,,10260,75,4,,1,98,,10265,75,4,,1,99,,10262,75,4,,1,97,,10263,75,4,,1,98,,10266,75,4,,1,97,,10264,75,4,,1
6304,'SEM',519,,10303,75,4,,1,113,,10299,75,4,,1,71,,10308,75,4,,1,32,,10291,75,4,,1,16,,10302,75,4,,1,67,,10305,75,4,,1,26,,10307,75,4,,1,59,,10306,75,4,,1,30,,10280,75,4,,1,70,,10281,75,4,,1,31,,10282,75,4,,1,70,,10276,75,4,,1,25,,10279,75,4,,1,72,,10304,75,4,,1,33,,10294,75,4,,1,70,,10287,75,4,,1,26,,10300,75,4,,1,78,,10277,75,4,,1,27,,10278,75,4,,1,73,,10288,75,4,,1,31,,10301,75,4,,1,79,,10309,75,4,,1,30,,10284,75,4,,1,64,,10283,75,4,,1,34,,10289,75,4,,1,54,,10286,75,4,,1,28,,10295,75,4,,1,28,,10290,75,4,,1,77,,10293,75,4,,1,96,,10285,75,4,,1,80,,10296,75,4,,1,50,,10298,75,4,,1,92,,10292,75,4,,1,99,,10297,75,4,,1
7001,'DIM',746,,10584,85,4,,1,102,,10574,85,4,,1,99,,10582,85,4,,1,100,,10585,85,4,,1,69,,10588,85,4,,1,31,,10583,85,4,,1,70,,10590,85,4,,1,28,,10589,85,4,,1,70,,10586,85,4,,1,35,,10587,85,4,,1,69,,10591,85,4,,1,27,,10567,85,4,,1,74,,10592,85,4,,1,25,,10570,85,4,,1,75,,10571,85,4,,1,27,,10572,85,4,,1,73,,10569,85,4,,1,33,,10575,85,4,,1,73,,10578,85,4,,1,29,,10573,85,4,,1,94,,10579,85,4,,1,98,,10576,85,4,,1,100,,10568,85,4,,1,99,,10580,85,4,,1,100,,10581,85,4,,1,99,,10577,85,4,,1
7001,'SAM',746,,10609,85,4,,1,102,,10614,85,4,,1,99,,10616,85,4,,1,100,,10617,85,4,,1,68,,10615,85,4,,1,32,,10593,85,4,,1,69,,10618,85,4,,1,29,,10613,85,4,,1,70,,10594,85,4,,1,34,,10610,85,4,,1,68,,10595,85,4,,1,33,,10611,85,4,,1,70,,10597,85,4,,1,25,,10612,85,4,,1,73,,10600,85,4,,1,29,,10602,85,4,,1,73,,10599,85,4,,1,34,,10601,85,4,,1,72,,10605,85,4,,1,29,,10603,85,4,,1,94,,10607,85,4,,1,98,,10596,85,4,,1,100,,10598,85,4,,1,98,,10608,85,4,,1,101,,10606,85,4,,1,99,,10604,85,4,,1
7001,'SEM',558,,10645,85,4,,1,73,,10623,85,4,,1,69,,10646,85,4,,1,18,,10647,85,4,,1,19,,10642,85,4,,1,68,,10653,85,4,,1,24,,10634,85,4,,1,24,,10620,85,4,,1,69,,10652,85,4,,1,30,,10649,85,4,,1,71,,10650,85,4,,1,29,,10631,85,4,,1,71,,10654,85,4,,1,29,,10622,85,4,,1,72,,10627,85,4,,1,28,,10651,85,4,,1,70,,10621,85,4,,1,30,,10619,85,4,,1,72,,10648,85,4,,1,30,,10626,85,4,,1,79,,10629,85,4,,1,24,,10625,85,4,,1,51,,10632,85,4,,1,50,,10624,85,4,,1,77,,10636,85,4,,1,67,,10639,85,4,,1,33,,10640,85,4,,1,24,,10628,85,4,,1,78,,10637,85,4,,1,84,,10633,85,4,,1,33,,10630,85,4,,1,148,,10638,85,4,,1,98,,10635,85,4,,1,59,,10643,85,4,,1,99,,10641,85,4,,1,167,,10644,85,4,,1
7304,'DIM',551,,10839,80,4,,1,70,,10828,80,4,,1,103,,10832,80,4,,1,101,,10835,80,4,,1,103,,10831,80,4,,1,102,,10833,80,4,,1,100,,10836,80,4,,1,100,,10840,80,4,,1,102,,10834,80,4,,1,101,,10837,80,4,,1,101,,10830,80,4,,1,100,,10838,80,4,,1,100,,10841,80,4,,1,99,,10824,80,4,,1,99,,10821,80,4,,1,97,,10827,80,4,,1,99,,10823,80,4,,1,99,,10822,80,4,,1,97,,10825,80,4,,1,100,,10826,80,4,,1,99,,10829,80,4,,1
7304,'SAM',551,,10861,80,4,,1,70,,10851,80,4,,1,103,,10856,80,4,,1,101,,10853,80,4,,1,103,,10852,80,4,,1,102,,10857,80,4,,1,100,,10859,80,4,,1,101,,10855,80,4,,1,101,,10845,80,4,,1,101,,10858,80,4,,1,101,,10854,80,4,,1,100,,10860,80,4,,1,100,,10862,80,4,,1,99,,10844,80,4,,1,98,,10842,80,4,,1,98,,10843,80,4,,1,99,,10847,80,4,,1,99,,10846,80,4,,1,97,,4131,80,4,,1,100,,10848,80,4,,1,99,,4133,80,4,,1,100,,10849,80,4,,1,99,,10850,80,4,,1
7304,'SEM',514,,10894,80,4,,1,42,,10891,80,4,,1,82,,10897,80,4,,1,18,,10900,80,4,,1,73,,10896,80,4,,1,15,,10893,80,4,,1,14,,10869,80,4,,1,68,,10871,80,4,,1,14,,10892,80,4,,1,15,,10898,80,4,,1,65,,10887,80,4,,1,31,,10865,80,4,,1,80,,10864,80,4,,1,69,,10880,80,4,,1,30,,10895,80,4,,1,70,,10866,80,4,,1,31,,10870,80,4,,1,76,,10879,80,4,,1,26,,10872,80,4,,1,70,,10899,80,4,,1,30,,10867,80,4,,1,70,,10868,80,4,,1,33,,10876,80,4,,1,71,,10863,80,4,,1,32,,10873,80,4,,1,78,,10883,80,4,,1,22,,10881,80,4,,1,67,,10875,80,4,,1,29,,10882,80,4,,1,76,,10877,80,4,,1,20,,10888,80,4,,1,69,,10874,80,4,,1,30,,10884,80,4,,1,29,,10886,80,4,,1,73,,10878,80,4,,1,96,,10890,80,4,,1,99,,10885,80,4,,1,102,,10889,80,4,,1
7402,'DIM',652,,10961,93,4,,2,103,,10964,93,4,,2,101,,6451,93,4,,2,102,,10965,93,4,,2,142,,10963,93,4,,2,100,,10962,93,4,,2,101,,10968,93,4,,2,100,,10967,93,4,,2,103,,10969,93,4,,2,99,,10966,93,4,,2,99,,10956,93,4,,2,101,,10955,93,4,,2,98,,10957,93,4,,2,58,,10958,93,4,,2,99,,6443,93,4,,2,100,,10959,93,4,,2,97,,10960,93,4,,2
7402,'SAM',652,,10977,93,4,,2,103,,10981,93,4,,2,101,,10979,93,4,,2,102,,10976,93,4,,2,142,,10980,93,4,,2,100,,10982,93,4,,2,101,,10985,93,4,,2,101,,10978,93,4,,2,100,,10983,93,4,,2,101,,10986,93,4,,2,100,,10984,93,4,,2,99,,10970,93,4,,2,99,,10972,93,4,,2,58,,10974,93,4,,2,99,,10973,93,4,,2,100,,10975,93,4,,2,97,,10971,93,4,,2
7402,'SEM',612,,11000,93,4,,2,90,,11005,93,4,,2,20,,10988,93,4,,2,82,,10999,93,4,,2,100,,10989,93,4,,2,99,,10987,93,4,,2,99,,10991,93,4,,2,101,,11001,93,4,,2,97,,11004,93,4,,2,100,,10990,93,4,,2,102,,11003,93,4,,2,102,,11002,93,4,,2,100,,10992,93,4,,2,96,,10993,93,4,,2,100,,10996,93,4,,2,57,,10998,93,4,,2,99,,10994,93,4,,2,102,,10995,93,4,,2,97,,10997,93,4,,2
22202,'DIM',1458,,4994,63,4,,2
22202,'SAM',1458,,11668,63,4,,2,898,,11666,63,4,,2,100,,11667,63,4,,2
22202,'SEM',600,,11675,63,4,,2,120,,11670,63,4,,2,81,,11671,63,4,,2,728,,11674,63,4,,2,75,,11669,63,4,,2,701,,11672,63,4,,2,25,,11673,63,4,,2
90104,'SEM',646,,11855,18,4,,2,70,,11854,18,4,,2,30,,11853,18,4,,2,83,,11852,18,4,,2
