5504,'SEM',636,,9646,59,,,2,21,,9651,29,,,2,49,,9634,59,,,2,11,,9635,59,,,2,93,,9649,59,,,2,30,,9644,59,,,2,95,,9643,59,,,2,97,,9636,59,,,2,99,,9645,59,,,2,94,,9650,59,,,2,102,,9637,59,,,2,104,,9647,59,,,2,103,,9648,59,,,2,98,,9638,59,,,2,98,,9639,59,,,2,100,,9641,59,,,2,102,,9640,59,,,2,93,,9642,59,,,2
6602,'DIM',708,,10529,11,,,1,104,,10524,11,,,1,101,,10527,11,,,1,100,,10532,11,,,1,100,,10531,11,,,1,101,,10525,11,,,1,100,,10523,11,,,1,133,,10526,11,,,1,99,,10528,11,,,1,70,,10530,11,,,1,31,,10518,11,,,1,70,,10519,11,,,1,30,,10517,11,,,1,69,,10521,11,,,1,101,,10522,11,,,1,100,,10520,11,,,1,99,,10515,11,,,1,98,,10516,11,,,1
6602,'SAM',708,,10544,11,,,1,104,,10542,11,,,1,101,,10536,11,,,1,100,,10533,11,,,1,100,,10548,11,,,1,101,,10549,11,,,1,100,,10547,11,,,1,133,,10550,11,,,1,99,,10538,11,,,1,70,,10534,11,,,1,31,,10540,11,,,1,71,,10541,11,,,1,29,,10539,11,,,1,74,,10543,11,,,1,97,,10535,11,,,1,99,,10537,11,,,1,99,,10546,11,,,1,98,,10545,11,,,1
6602,'SEM',648,,10552,11,,,1,103,,10564,11,,,1,104,,10562,11,,,1,145,,10561,11,,,1,101,,10553,11,,,1,101,,10551,11,,,1,99,,10563,11,,,1,102,,10554,11,,,1,28,,5375,11,,,1,91,,10558,11,,,1,101,,10559,11,,,1,101,,10560,11,,,1,96,,10555,11,,,1,104,,10556,11,,,1,99,,10557,11,,,1,97,,10566,11,,,1,80,,10565,11,,,1
25504,'DIM',636,,11726,59,,,2,100,,11729,59,,,2,102,,11731,59,,,2,100,,11730,59,,,2,102,,11732,59,,,2,99,,11727,59,,,2,100,,11733,59,,,2,102,,11728,59,,,2,100,,11734,59,,,2,102,,11720,59,,,2,100,,11735,59,,,2,100,,11721,59,,,2,101,,11736,59,,,2,99,,11724,59,,,2,98,,11737,59,,,2,97,,11725,59,,,2,98,,11723,59,,,2,98,,11722,59,,,2
25504,'SAM',636,,11746,59,,,2,100,,11751,59,,,2,102,,11742,59,,,2,100,,11752,59,,,2,102,,11743,59,,,2,99,,11747,59,,,2,100,,11749,59,,,2,102,,11748,59,,,2,100,,11750,59,,,2,102,,11738,59,,,2,100,,11753,59,,,2,100,,11739,59,,,2,101,,11754,59,,,2,99,,11745,59,,,2,98,,11740,59,,,2,97,,5119,59,,,2,98,,11741,59,,,2,98,,11744,59,,,2
25504,'SEM',511,,11755,59,,,2,33,,11758,59,,,2,1571,,11757,59,,,2,97,,11759,59,,,2,94,,11756,59,,,2,94,,11760,59,,,2
71304,'DIM',548,,11816,11,,,2,182,,11817,11,,,2
71304,'SAM',614,,11818,11,,,2,26,,11819,11,,,2,65,,11820,11,,,2
71304,'SEM',600,,11837,11,,,2,29,,11826,11,,,2,77,,11828,11,,,2,26,,11821,11,,,2,68,,11827,11,,,2,30,,11838,11,,,2,100,,11829,11,,,2,95,,11831,11,,,2,100,,11822,11,,,2,100,,11824,11,,,2,100,,11823,11,,,2,100,,11825,11,,,2,100,,11830,11,,,2,89,,11839,11,,,2,104,,11840,11,,,2,99,,11841,11,,,2,100,,11832,11,,,2,100,,11842,11,,,2,100,,11833,11,,,2,100,,11834,11,,,2,100,,11836,11,,,2,109,,11835,11,,,2
