5503,'SEM',703,,9631,42,,,2,118,,9627,42,,,2,102,,9617,42,,,2,95,,9628,42,,,2,98,,11989,42,,,2,102,,9619,42,,,2,100,,9629,42,,,2,101,,9630,42,,,2,100,,9620,42,,,2,97,,9622,42,,,2,32,,9624,42,,,2,73,,9625,42,,,2,28,,9618,42,,,2,76,,9621,42,,,2,87,,9623,42,,,2,96,,9626,42,,,2,99,,11988,42,,,2
6103,'DIM',755,,10060,25,,,2,102,,10062,25,,,2,98,,10064,25,,,2,102,,10063,25,,,2,101,,10061,25,,,2,144,,10059,25,,,2,100,,10048,25,,,2,104,,10051,25,,,2,95,,10053,25,,,2,104,,10055,25,,,2,99,,10065,25,,,2,53,,10056,25,,,2,100,,10052,25,,,2,99,,10049,25,,,2,101,,10050,25,,,2,99,,10054,25,,,2,100,,10058,25,,,2,99,,10057,25,,,2
6103,'SAM',755,,10076,25,,,2,102,,10078,25,,,2,98,,10081,25,,,2,102,,10075,25,,,2,98,,10079,25,,,2,147,,10082,25,,,2,101,,10080,25,,,2,103,,10083,25,,,2,95,,10077,25,,,2,103,,10069,25,,,2,100,,10066,25,,,2,53,,10070,25,,,2,100,,10068,25,,,2,99,,10071,25,,,2,101,,10067,25,,,2,99,,10072,25,,,2,100,,10073,25,,,2,99,,10074,25,,,2
6103,'SEM',617,,10100,25,,,2,101,,10104,25,,,2,103,,10085,25,,,2,97,,10086,25,,,2,101,,10102,25,,,2,101,,10097,25,,,2,102,,10099,25,,,2,102,,10098,25,,,2,100,,10101,25,,,2,110,,10103,25,,,2,66,,10092,25,,,2,24,,10084,25,,,2,32,,10094,25,,,2,74,,10087,25,,,2,26,,10093,25,,,2,72,,10088,25,,,2,28,,10089,25,,,2,71,,10091,25,,,2,31,,10096,25,,,2,79,,10090,25,,,2,94,,11994,25,,,2,99,,11996,25,,,2,100,,11995,25,,,2,107,,10095,25,,,2
15103,'DIM',648,,11384,27,,,2,60,,11388,27,,,2,30,,11370,27,,,2,69,,11383,27,,,2,33,,11392,27,,,2,71,,11385,27,,,2,29,,11389,27,,,2,71,,11395,27,,,2,35,,11394,27,,,2,71,,11397,27,,,2,31,,11390,27,,,2,73,,11387,27,,,2,34,,11396,27,,,2,72,,11400,27,,,2,31,,11386,27,,,2,74,,11391,27,,,2,73,,11398,27,,,2,32,,11401,27,,,2,71,,11366,27,,,2,37,,11372,27,,,2,70,,11393,27,,,2,32,,11399,27,,,2,68,,11377,27,,,2,35,,11378,27,,,2,70,,11381,27,,,2,29,,11367,27,,,2,69,,11369,27,,,2,29,,11373,27,,,2,69,,11371,27,,,2,29,,11375,27,,,2,70,,11368,27,,,2,30,,11379,27,,,2,70,,11374,27,,,2,93,,11376,27,,,2,98,,11380,27,,,2,35,,11382,27,,,2
15103,'SAM',648,,11425,27,,,2,60,,11427,27,,,2,30,,11423,27,,,2,69,,11424,27,,,2,33,,11431,27,,,2,71,,11426,27,,,2,29,,11428,27,,,2,71,,11435,27,,,2,35,,11433,27,,,2,71,,11436,27,,,2,31,,11429,27,,,2,73,,11420,27,,,2,34,,11411,27,,,2,72,,11434,27,,,2,31,,11432,27,,,2,74,,11430,27,,,2,73,,11422,27,,,2,32,,11412,27,,,2,71,,11437,27,,,2,37,,11404,27,,,2,70,,11402,27,,,2,32,,11438,27,,,2,68,,11408,27,,,2,35,,11409,27,,,2,70,,11410,27,,,2,29,,11417,27,,,2,69,,11403,27,,,2,29,,11419,27,,,2,69,,11405,27,,,2,29,,11406,27,,,2,70,,11418,27,,,2,30,,11415,27,,,2,72,,11413,27,,,2,91,,11407,27,,,2,98,,11416,27,,,2,35,,11414,27,,,2,92,,11421,27,,,2
15103,'SEM',617,,11440,27,,,2,18,,11459,27,,,2,20,,11478,27,,,2,74,,11480,27,,,2,22,,11484,27,,,2,68,,11449,27,,,2,31,,11481,27,,,2,72,,11444,27,,,2,20,,11472,27,,,2,60,,11486,27,,,2,21,,11485,27,,,2,20,,11450,27,,,2,60,,11476,27,,,2,20,,11482,27,,,2,20,,11445,27,,,2,60,,11473,27,,,2,20,,11483,27,,,2,22,,12011,27,,,2,56,,11479,27,,,2,25,,11477,27,,,2,20,,11452,27,,,2,60,,11439,27,,,2,20,,11447,27,,,2,20,,11451,27,,,2,60,,11441,27,,,2,20,,11458,27,,,2,19,,11460,27,,,2,57,,11463,27,,,2,15,,11461,27,,,2,14,,11443,27,,,2,16,,11453,27,,,2,53,,11448,27,,,2,16,,11465,27,,,2,15,,11442,27,,,2,14,,11446,27,,,2,56,,11467,27,,,2,14,,11456,27,,,2,15,,11462,27,,,2,14,,11464,27,,,2,13,,11468,27,,,2,62,,11454,27,,,2,33,,11466,27,,,2,69,,11457,27,,,2,27,,11470,27,,,2,71,,12009,27,,,2,104,,11469,27,,,2,95,,12010,27,,,2,102,,11474,27,,,2,109,,11471,27,,,2,114,,11475,27,,,2
25503,'DIM',838,,11693,39,,,2,101,,11694,39,,,2,99,,11691,39,,,2,100,,11695,39,,,2,100,,11692,39,,,2,101,,11696,39,,,2,102,,11683,39,,,2,100,,11697,39,,,2,100,,11684,39,,,2,100,,11698,39,,,2,100,,11689,39,,,2,98,,11699,39,,,2,99,,11690,39,,,2,98,,11687,39,,,2,100,,11685,39,,,2,100,,11688,39,,,2,99,,11686,39,,,2
25503,'SAM',838,,11714,39,,,2,101,,11705,39,,,2,99,,11710,39,,,2,100,,11712,39,,,2,100,,11711,39,,,2,101,,11713,39,,,2,102,,11700,39,,,2,100,,11715,39,,,2,100,,11701,39,,,2,100,,11716,39,,,2,100,,11708,39,,,2,98,,11702,39,,,2,99,,11709,39,,,2,98,,11703,39,,,2,100,,11706,39,,,2,100,,11704,39,,,2,99,,11707,39,,,2
25503,'SEM',2205,,11717,39,,,2,100,,12012,39,,,2,117,,11718,39,,,2
