1703,'DIM',621,,102,18,,,1,89,,94,18,,,1,100,,97,18,,,1,101,,96,18,,,1,97,,98,18,,,1,101,,93,18,,,1,100,,100,18,,,1,99,,95,18,,,1,102,,99,18,,,1,100,,101,18,,,1,102,,83,18,,,1,98,,87,18,,,1,99,,86,18,,,1,101,,85,18,,,1,98,,88,18,,,1,99,,91,18,,,1,101,,84,18,,,1,100,,89,18,,,1,102,,90,18,,,1,120,,92,18,,,1
1703,'SAM',543,,114,18,,,1,78,,121,18,,,1,89,,115,18,,,1,100,,111,18,,,1,101,,113,18,,,1,97,,116,18,,,1,100,,120,18,,,1,101,,118,18,,,1,100,,112,18,,,1,101,,119,18,,,1,100,,117,18,,,1,102,,122,18,,,1,99,,123,18,,,1,99,,103,18,,,1,100,,108,18,,,1,98,,105,18,,,1,99,,104,18,,,1,101,,106,18,,,1,100,,109,18,,,1,102,,110,18,,,1,120,,107,18,,,1
1703,'SEM',603,,140,18,,,1,103,,142,18,,,1,105,,141,18,,,1,96,,127,18,,,1,100,,139,18,,,1,100,,138,18,,,1,100,,144,18,,,1,101,,128,18,,,1,100,,125,18,,,1,98,,143,18,,,1,35,,146,18,,,1,60,,145,18,,,1,36,,124,18,,,1,63,,135,18,,,1,38,,126,18,,,1,80,,129,18,,,1,30,,132,18,,,1,68,,137,18,,,1,99,,5221,18,,,1,100,,130,18,,,1,100,,131,18,,,1,100,,133,18,,,1,99,,134,18,,,1,104,,136,18,,,1
2703,'DIM',905,,925,18,,,2,100,,928,18,,,2,98,,930,18,,,2,102,,924,18,,,2,95,,932,18,,,2,106,,927,18,,,2,101,,929,18,,,2,100,,926,18,,,2,100,,931,18,,,2,100,,918,18,,,2,100,,920,18,,,2,98,,919,18,,,2,100,,923,18,,,2,100,,917,18,,,2,102,,916,18,,,2,100,,921,18,,,2,100,,922,18,,,2
2703,'SAM',705,,942,18,,,2,100,,943,18,,,2,100,,941,18,,,2,100,,951,18,,,2,100,,945,18,,,2,100,,948,18,,,2,54,,944,18,,,2,147,,946,18,,,2,102,,947,18,,,2,99,,940,18,,,2,94,,949,18,,,2,106,,950,18,,,2,100,,935,18,,,2,98,,938,18,,,2,100,,933,18,,,2,100,,934,18,,,2,102,,936,18,,,2,100,,937,18,,,2,100,,939,18,,,2
2703,'SEM',811,,969,18,,,2,90,,954,18,,,2,100,,5302,18,,,2,100,,953,18,,,2,99,,971,18,,,2,51,,968,18,,,2,103,,972,18,,,2,100,,957,18,,,2,81,,5386,18,,,2,82,,970,18,,,2,15,,952,18,,,2,70,,959,18,,,2,39,,956,18,,,2,65,,967,18,,,2,96,,963,18,,,2,47,,966,18,,,2,103,,962,18,,,2,102,,958,18,,,2,99,,961,18,,,2,100,,964,18,,,2,100,,965,18,,,2
3103,'DIM',640,,1047,20,,,1,100,,1046,20,,,1,99,,1051,20,,,1,99,,1052,20,,,1,99,,1050,20,,,1,100,,1048,20,,,1,102,,1037,20,,,1,101,,1049,20,,,1,99,,1036,20,,,1,102,,1035,20,,,1,99,,1040,20,,,1,98,,1042,20,,,1,103,,1041,20,,,1,96,,1043,20,,,1,101,,1039,20,,,1,100,,1038,20,,,1,100,,1044,20,,,1,101,,1045,20,,,1
3103,'SAM',640,,1065,20,,,1,100,,1064,20,,,1,99,,1067,20,,,1,99,,1070,20,,,1,99,,1071,20,,,1,100,,1066,20,,,1,100,,1062,20,,,1,102,,1068,20,,,1,100,,1063,20,,,1,102,,1069,20,,,1,100,,1057,20,,,1,98,,1059,20,,,1,100,,1055,20,,,1,99,,1060,20,,,1,100,,1053,20,,,1,100,,1054,20,,,1,100,,1056,20,,,1,102,,1058,20,,,1,95,,1061,20,,,1
3103,'SEM',636,,1093,20,,,1,99,,1091,20,,,1,100,,1092,20,,,1,100,,1072,20,,,1,101,,1073,20,,,1,100,,1075,20,,,1,100,,1094,20,,,1,100,,1074,20,,,1,101,,1079,20,,,1,98,,1080,20,,,1,11,,1081,20,,,1,77,,1076,20,,,1,29,,1085,20,,,1,80,,1082,20,,,1,70,,1078,20,,,1,36,,1090,20,,,1,69,,1077,20,,,1,36,,1089,20,,,1,100,,1083,20,,,1,101,,1086,20,,,1,100,,1087,20,,,1,97,,1084,20,,,1,114,,1088,20,,,1
3903,'DIM',837,,1395,17,,,1,100,,1387,27,,,1,70,,1392,27,,,1,31,,1393,27,,,1,70,,1390,27,,,1,34,,1391,27,,,1,66,,1394,27,,,1,29,,1384,27,,,1,71,,1388,27,,,1,30,,1385,27,,,1,70,,1371,27,,,1,30,,1374,27,,,1,72,,1377,27,,,1,30,,1389,27,,,1,71,,1378,27,,,1,30,,1379,27,,,1,65,,1380,27,,,1,18,,1386,27,,,1,10,,1381,27,,,1,24,,1375,27,,,1,65,,1382,27,,,1,99,,1372,27,,,1,100,,1383,27,,,1,98,,1373,27,,,1,104,,1376,27,,,1
3903,'SAM',837,,1420,17,,,1,100,,1415,27,,,1,70,,1419,27,,,1,31,,1396,27,,,1,70,,1410,27,,,1,34,,1413,27,,,1,66,,1412,27,,,1,30,,1397,27,,,1,70,,1411,27,,,1,30,,1414,27,,,1,70,,1398,27,,,1,30,,1417,27,,,1,72,,1401,27,,,1,30,,1402,27,,,1,71,,1404,27,,,1,30,,1418,27,,,1,65,,1405,27,,,1,18,,1416,27,,,1,11,,1403,27,,,1,23,,1400,27,,,1,69,,1399,27,,,1,97,,1407,27,,,1,98,,1406,27,,,1,98,,1409,27,,,1,104,,1408,27,,,1
3903,'SEM',729,,1443,27,,,1,100,,1425,27,,,1,104,,5390,27,,,1,73,,1427,27,,,1,29,,5389,27,,,1,71,,1445,27,,,1,29,,1438,27,,,1,71,,5388,27,,,1,27,,1446,27,,,1,77,,1422,27,,,1,33,,1429,27,,,1,67,,1431,27,,,1,31,,1432,27,,,1,75,,1421,27,,,1,38,,1439,27,,,1,63,,1433,27,,,1,28,,1424,27,,,1,65,,1426,27,,,1,33,,1434,27,,,1,80,,1435,27,,,1,79,,1428,27,,,1,98,,1430,27,,,1,56,,1436,27,,,1,103,,1440,27,,,1,96,,1437,27,,,1,88,,1441,27,,,1
4303,'DIM',639,,1973,18,,,1,101,,1975,18,,,1,100,,1979,18,,,1,100,,1977,18,,,1,106,,1978,18,,,1,101,,1976,18,,,1,100,,1982,18,,,1,100,,1980,18,,,1,103,,1981,18,,,1,97,,1963,18,,,1,99,,1964,18,,,1,104,,1966,18,,,1,91,,1969,18,,,1,99,,1968,18,,,1,100,,1965,18,,,1,100,,1967,18,,,1,100,,1974,18,,,1,100,,1970,18,,,1,99,,1972,18,,,1,100,,1971,18,,,1
4303,'SAM',639,,1995,18,,,1,101,,1984,18,,,1,100,,2000,18,,,1,100,,1985,18,,,1,106,,1986,18,,,1,101,,1998,18,,,1,100,,1996,18,,,1,100,,2001,18,,,1,102,,1997,18,,,1,101,,1999,18,,,1,98,,1983,18,,,1,98,,2002,18,,,1,95,,1990,18,,,1,99,,1987,18,,,1,100,,1991,18,,,1,100,,1988,18,,,1,100,,1989,18,,,1,100,,1994,18,,,1,99,,1992,18,,,1,100,,1993,18,,,1
4303,'SEM',640,,2022,18,,,1,100,,2023,18,,,1,81,,2006,18,,,1,104,,2024,18,,,1,31,,2005,18,,,1,69,,2020,18,,,1,30,,2012,18,,,1,71,,2008,18,,,1,30,,2026,18,,,1,70,,2025,18,,,1,30,,2021,18,,,1,72,,2009,18,,,1,28,,2010,18,,,1,70,,2014,18,,,1,30,,2027,18,,,1,70,,2004,18,,,1,25,,2011,18,,,1,70,,2007,18,,,1,19,,2028,18,,,1,76,,2013,18,,,1,31,,2003,18,,,1,71,,2017,18,,,1,101,,2018,18,,,1,101,,2019,18,,,1,101,,5230,18,,,1,101,,5231,18,,,1,109,,2015,18,,,1,106,,2016,18,,,1
7303,'DIM',655,,3922,18,,,1,100,,3919,18,,,1,100,,3920,18,,,1,98,,3923,18,,,1,100,,3926,18,,,1,100,,3921,18,,,1,100,,3924,18,,,1,102,,3918,18,,,1,99,,3925,18,,,1,102,,3927,18,,,1,99,,3912,18,,,1,99,,3909,18,,,1,101,,3915,18,,,1,98,,3911,18,,,1,100,,3910,18,,,1,100,,3913,18,,,1,100,,3914,18,,,1,102,,3917,18,,,1,145,,3916,18,,,1
7303,'SAM',601,,3944,18,,,1,54,,3941,18,,,1,100,,3940,18,,,1,100,,3945,18,,,1,98,,3947,18,,,1,101,,3943,18,,,1,99,,3931,18,,,1,100,,3946,18,,,1,102,,3942,18,,,1,99,,3948,18,,,1,102,,3949,18,,,1,101,,3930,18,,,1,98,,3928,18,,,1,99,,3929,18,,,1,99,,3933,18,,,1,100,,3932,18,,,1,100,,3934,18,,,1,100,,3935,18,,,1,102,,3938,18,,,1,145,,3936,18,,,1,100,,3939,18,,,1,100,,3937,18,,,1
7303,'SEM',548,,3984,18,,,1,66,,3981,18,,,1,39,,3980,18,,,1,50,,3985,18,,,1,39,,3974,18,,,1,16,,3952,18,,,1,83,,5409,18,,,1,12,,3951,18,,,1,70,,3968,18,,,1,31,,3983,18,,,1,69,,3953,18,,,1,31,,5410,18,,,1,69,,3967,18,,,1,31,,5265,18,,,1,69,,3986,18,,,1,30,,3954,18,,,1,70,,3957,18,,,1,30,,3962,18,,,1,70,,3950,18,,,1,30,,3959,18,,,1,75,,3987,18,,,1,25,,3969,18,,,1,55,,3961,18,,,1,21,,3955,18,,,1,16,,3956,18,,,1,63,,3965,18,,,1,16,,3963,18,,,1,30,,3975,18,,,1,55,,3964,18,,,1,16,,3960,18,,,1,33,,3970,18,,,1,70,,3972,18,,,1,72,,3966,18,,,1,59,,3977,18,,,1,100,,5266,18,,,1,99,,3976,18,,,1,100,,3971,18,,,1,81,,3973,18,,,1,95,,3978,18,,,1,121,,3979,18,,,1
7401,'DIM',725,,4082,18,,,2,99,,4083,18,,,2,102,,4086,18,,,2,97,,4085,18,,,2,101,,4087,18,,,2,100,,4084,18,,,2,101,,4081,18,,,2,99,,4080,18,,,2,102,,4088,18,,,2,99,,4074,18,,,2,102,,4075,18,,,2,99,,4077,18,,,2,98,,4078,18,,,2,99,,4079,18,,,2,101,,4073,18,,,2,99,,4072,18,,,2,101,,4076,18,,,2
7401,'SAM',725,,4097,18,,,2,99,,4099,18,,,2,102,,4098,18,,,2,98,,4101,18,,,2,100,,4103,18,,,2,100,,4105,18,,,2,102,,4100,18,,,2,98,,4104,18,,,2,101,,4102,18,,,2,100,,4089,18,,,2,101,,4092,18,,,2,101,,4094,18,,,2,98,,4093,18,,,2,98,,4095,18,,,2,101,,4090,18,,,2,99,,4096,18,,,2,101,,4091,18,,,2
7401,'SEM',628,,4121,18,,,2,95,,4106,18,,,2,101,,4120,18,,,2,103,,4110,18,,,2,101,,4111,18,,,2,101,,4124,18,,,2,99,,4109,18,,,2,101,,4123,18,,,2,100,,4122,18,,,2,93,,4108,18,,,2,93,,4112,18,,,2,101,,4107,18,,,2,30,,4114,18,,,2,85,,4119,18,,,2,99,,4113,18,,,2,101,,4116,18,,,2,100,,4117,18,,,2,99,,4115,18,,,2,100,,5271,18,,,2,95,,4118,18,,,2
