5503,'SEM',645,,9631,18,,,2,157,,9627,18,,,2,102,,9617,18,,,2,96,,9628,18,,,2,58,,11989,18,,,2,142,,9619,18,,,2,100,,9629,18,,,2,100,,9630,18,,,2,59,,9620,18,,,2,97,,9622,18,,,2,72,,9624,18,,,2,73,,9625,18,,,2,30,,9618,18,,,2,76,,9621,18,,,2,47,,9623,18,,,2,96,,9626,18,,,2,100,,11988,18,,,2
6601,'DIM',601,,10467,45,,,1,101,,10469,45,,,1,103,,10475,45,,,1,100,,10465,45,,,1,33,,10466,45,,,1,71,,10473,45,,,1,31,,10476,45,,,1,75,,10464,45,,,1,26,,10471,45,,,1,70,,10470,45,,,1,101,,10477,45,,,1,101,,10474,45,,,1,103,,10472,45,,,1,99,,10468,45,,,1,103,,10460,45,,,1,95,,10462,45,,,1,98,,10459,45,,,1,100,,10461,45,,,1,100,,10463,45,,,1,99,,10458,45,,,1
6601,'SAM',601,,10483,45,,,1,101,,10490,45,,,1,103,,10492,45,,,1,100,,10488,45,,,1,33,,10486,45,,,1,71,,10478,45,,,1,31,,10495,45,,,1,75,,10484,45,,,1,26,,10496,45,,,1,70,,10491,45,,,1,101,,10494,45,,,1,101,,10497,45,,,1,103,,10493,45,,,1,99,,10489,45,,,1,103,,10479,45,,,1,95,,10480,45,,,1,98,,10482,45,,,1,100,,10481,45,,,1,100,,10485,45,,,1,99,,10487,45,,,1
6601,'SEM',643,,10512,45,,,1,105,,10501,45,,,1,101,,10514,45,,,1,103,,10511,45,,,1,100,,10500,45,,,1,106,,10504,45,,,1,142,,10498,45,,,1,100,,10513,45,,,1,103,,10502,45,,,1,31,,10507,45,,,1,88,,10508,45,,,1,106,,10499,45,,,1,93,,10505,45,,,1,98,,10503,45,,,1,98,,10509,45,,,1,98,,10506,45,,,1,99,,10510,45,,,1
25503,'DIM',822,,11693,15,,,2,100,,11694,15,,,2,99,,11691,15,,,2,100,,11695,15,,,2,99,,11692,15,,,2,100,,11696,15,,,2,102,,11683,15,,,2,100,,11697,15,,,2,101,,11684,15,,,2,100,,11698,15,,,2,100,,11689,15,,,2,100,,11699,15,,,2,100,,11690,15,,,2,98,,11687,15,,,2,100,,11685,15,,,2,100,,11688,15,,,2,100,,11686,15,,,2
25503,'SAM',822,,11714,15,,,2,100,,11705,15,,,2,99,,11710,15,,,2,100,,11712,15,,,2,99,,11711,15,,,2,100,,11713,15,,,2,102,,11700,15,,,2,100,,11715,15,,,2,101,,11701,15,,,2,100,,11716,15,,,2,100,,11708,15,,,2,100,,11702,15,,,2,100,,11709,15,,,2,98,,11703,15,,,2,100,,11706,15,,,2,100,,11704,15,,,2,100,,11707,15,,,2
25503,'SEM',2148,,11717,15,,,2,101,,12012,15,,,2,157,,11718,15,,,2
71303,'DIM',640,,11790,15,,,2,165,,12024,15,,,2,31,,12021,15,,,2,70,,12022,15,,,2,30,,12023,15,,,2,70,,12027,15,,,2,30,,12025,15,,,2,71,,12020,15,,,2,30,,12026,15,,,2,70,,12028,15,,,2
71303,'SAM',709,,11791,15,,,2,25,,11792,15,,,2
71303,'SEM',620,,12030,15,,,2,96,,12029,15,,,2,114,,11799,15,,,2,101,,11797,15,,,2,100,,12031,15,,,2,100,,11802,15,,,2,100,,12032,15,,,2,100,,12033,15,,,2,100,,11800,15,,,2,90,,12037,15,,,2,31,,12034,15,,,2,71,,11811,15,,,2,30,,11801,15,,,2,71,,11810,15,,,2,30,,12035,15,,,2,68,,11812,15,,,2,99,,11813,15,,,2,100,,12038,15,,,2,97,,12036,15,,,2,99,,12039,15,,,2,100,,12041,15,,,2,100,,12040,15,,,2,102,,12042,15,,,2
