1704,'DIM',511,,159,42,,,1,91,,160,42,,,1,102,,166,42,,,1,101,,157,42,,,1,101,,165,42,,,1,101,,164,42,,,1,101,,161,42,,,1,102,,162,42,,,1,101,,168,42,,,1,100,,158,42,,,1,101,,167,42,,,1,100,,148,42,,,1,99,,163,42,,,1,99,,154,42,,,1,99,,150,42,,,1,97,,149,42,,,1,100,,153,42,,,1,99,,151,42,,,1,99,,152,42,,,1,99,,155,42,,,1,56,,156,42,,,1
1704,'SAM',511,,184,42,,,1,91,,185,42,,,1,102,,188,42,,,1,101,,187,42,,,1,101,,181,42,,,1,101,,175,42,,,1,99,,183,42,,,1,104,,182,42,,,1,101,,186,42,,,1,101,,174,42,,,1,100,,170,42,,,1,100,,189,42,,,1,99,,173,42,,,1,100,,176,42,,,1,98,,169,42,,,1,97,,177,42,,,1,100,,179,42,,,1,99,,171,42,,,1,99,,172,42,,,1,97,,180,42,,,1,58,,178,42,,,1
1704,'SEM',524,,200,42,,,1,93,,209,42,,,1,21,,201,42,,,1,62,,193,42,,,1,27,,197,42,,,1,76,,211,42,,,1,21,,212,42,,,1,101,,194,42,,,1,84,,191,42,,,1,99,,5424,42,,,1,100,,199,42,,,1,100,,210,42,,,1,101,,195,42,,,1,103,,192,42,,,1,107,,196,42,,,1,97,,198,42,,,1,100,,206,42,,,1,94,,205,42,,,1,99,,207,42,,,1,100,,208,42,,,1,98,,203,42,,,1,98,,202,42,,,1,101,,204,42,,,1
2704,'DIM',803,,997,47,,,2,97,,998,47,,,2,59,,994,47,,,2,141,,995,47,,,2,57,,1000,47,,,2,143,,996,47,,,2,100,,1001,47,,,2,103,,999,47,,,2,98,,987,47,,,2,54,,988,47,,,2,146,,992,47,,,2,100,,986,47,,,2,58,,990,47,,,2,98,,989,47,,,2,101,,991,47,,,2,99,,993,47,,,2
2704,'SAM',703,,1015,47,,,2,54,,1011,47,,,2,101,,1002,47,,,2,101,,1012,47,,,2,99,,1013,47,,,2,100,,1017,47,,,2,142,,1014,47,,,2,100,,1016,47,,,2,101,,1018,47,,,2,100,,1005,47,,,2,56,,1006,47,,,2,144,,1008,47,,,2,100,,1004,47,,,2,100,,1007,47,,,2,56,,1010,47,,,2,101,,1003,47,,,2,99,,1009,47,,,2
2704,'SEM',622,,1042,47,,,2,32,,1020,47,,,2,70,,1027,47,,,2,22,,1025,47,,,2,66,,1028,47,,,2,29,,1019,47,,,2,69,,1040,47,,,2,44,,6197,47,,,2,101,,6198,47,,,2,148,,1029,47,,,2,55,,1021,47,,,2,92,,5432,47,,,2,102,,1032,47,,,2,106,,1024,47,,,2,78,,1031,47,,,2,80,,1023,47,,,2,15,,1022,47,,,2,70,,1035,47,,,2,31,,1037,47,,,2,74,,1036,47,,,2,98,,1034,47,,,2,46,,1033,47,,,2,100,,1039,47,,,2,100,,1038,47,,,2
3104,'DIM',633,,1113,52,,,1,103,,1115,52,,,1,99,,1116,52,,,1,101,,1119,52,,,1,101,,1120,52,,,1,102,,1121,52,,,1,101,,1117,52,,,1,102,,1114,52,,,1,101,,1118,52,,,1,100,,1103,52,,,1,99,,1105,52,,,1,99,,1107,52,,,1,99,,1111,52,,,1,99,,1112,52,,,1,97,,1106,52,,,1,100,,1104,52,,,1,98,,1109,52,,,1,99,,1108,52,,,1,102,,1110,52,,,1
3104,'SAM',531,,1137,52,,,1,103,,1132,52,,,1,101,,1134,52,,,1,100,,1138,52,,,1,101,,1136,52,,,1,100,,1139,52,,,1,102,,1140,52,,,1,103,,1133,52,,,1,100,,1141,52,,,1,101,,1135,52,,,1,100,,1122,52,,,1,100,,1124,52,,,1,99,,1127,52,,,1,100,,1128,52,,,1,98,,1123,52,,,1,97,,1126,52,,,1,100,,1130,52,,,1,98,,1131,52,,,1,99,,1125,52,,,1,100,,1129,52,,,1
3104,'SEM',501,,1161,52,,,1,32,,1147,52,,,1,91,,1162,52,,,1,20,,1164,52,,,1,65,,1144,52,,,1,30,,1142,52,,,1,71,,1148,52,,,1,33,,1165,52,,,1,71,,1158,52,,,1,25,,1159,52,,,1,99,,1155,52,,,1,100,,1163,52,,,1,100,,5930,52,,,1,101,,1143,52,,,1,100,,1146,52,,,1,103,,1145,52,,,1,100,,5564,52,,,1,100,,5863,52,,,1,99,,1156,52,,,1,98,,1157,52,,,1,106,,1154,52,,,1,99,,1149,52,,,1,98,,1153,52,,,1,100,,1151,52,,,1
4304,'DIM',508,,2095,27,,,1,109,,2092,27,,,1,93,,2091,27,,,1,102,,2096,27,,,1,102,,2097,27,,,1,100,,2099,27,,,1,106,,2098,27,,,1,100,,2093,27,,,1,100,,2100,27,,,1,100,,2101,27,,,1,101,,2094,27,,,1,103,,2102,27,,,1,96,,2084,27,,,1,99,,2089,27,,,1,95,,2083,27,,,1,100,,2085,27,,,1,100,,2086,27,,,1,98,,2087,27,,,1,100,,2088,27,,,1,99,,2090,27,,,1
4304,'SAM',508,,2120,27,,,1,104,,2114,27,,,1,98,,2115,27,,,1,102,,2121,27,,,1,102,,2122,27,,,1,100,,2116,27,,,1,105,,2117,27,,,1,103,,2118,27,,,1,98,,2105,27,,,1,100,,2119,27,,,1,101,,2107,27,,,1,103,,2103,27,,,1,96,,2123,27,,,1,102,,2104,27,,,1,92,,2108,27,,,1,100,,2110,27,,,1,100,,2109,27,,,1,98,,2111,27,,,1,100,,2106,27,,,1,99,,2112,27,,,1,99,,2113,27,,,1
4304,'SEM',527,,2149,27,,,1,74,,2152,27,,,1,35,,2125,27,,,1,65,,2132,27,,,1,18,,2154,27,,,1,18,,2137,27,,,1,63,,2128,27,,,1,27,,5516,27,,,1,29,,2126,27,,,1,65,,2127,27,,,1,80,,2133,27,,,1,30,,2129,27,,,1,70,,2153,27,,,1,30,,6012,27,,,1,70,,6103,27,,,1,30,,2155,27,,,1,70,,2143,27,,,1,30,,2156,27,,,1,70,,2124,27,,,1,30,,2135,27,,,1,71,,2130,27,,,1,30,,2138,27,,,1,71,,2136,27,,,1,28,,2131,27,,,1,69,,2144,27,,,1,59,,2140,27,,,1,94,,2148,27,,,1,100,,2142,27,,,1,100,,2147,27,,,1,100,,2141,27,,,1,100,,2145,27,,,1,147,,2150,27,,,1,24,,2146,27,,,1
6001,'DIM',808,,3180,51,,,1,109,,3192,51,,,1,102,,3191,51,,,1,104,,3181,51,,,1,103,,3190,51,,,1,102,,3194,51,,,1,103,,3187,51,,,1,101,,3193,51,,,1,101,,3195,51,,,1,100,,3184,51,,,1,89,,3196,51,,,1,98,,3186,51,,,1,99,,3183,51,,,1,95,,3182,51,,,1,98,,3185,51,,,1,97,,3189,51,,,1,100,,3188,51,,,1
6001,'SAM',709,,3206,51,,,1,99,,3208,51,,,1,109,,3197,51,,,1,102,,3210,51,,,1,104,,3204,51,,,1,103,,3207,51,,,1,102,,3213,51,,,1,103,,3211,51,,,1,101,,3209,51,,,1,101,,3212,51,,,1,100,,3199,51,,,1,89,,3214,51,,,1,98,,3198,51,,,1,99,,3205,51,,,1,95,,3201,51,,,1,98,,3200,51,,,1,97,,3203,51,,,1,100,,3202,51,,,1
6001,'SEM',554,,3233,51,,,1,103,,3215,51,,,1,102,,3219,51,,,1,70,,5369,51,,,1,29,,5694,51,,,1,101,,5787,51,,,1,99,,3232,51,,,1,142,,3221,51,,,1,101,,5520,51,,,1,100,,3218,51,,,1,101,,3220,51,,,1,104,,6431,51,,,1,102,,3227,51,,,1,102,,3224,51,,,1,95,,3223,51,,,1,96,,3228,51,,,1,43,,3229,51,,,1,102,,3226,51,,,1,96,,3222,51,,,1,99,,3230,51,,,1
7304,'DIM',547,,4121,70,,,1,70,,4110,70,,,1,104,,4116,70,,,1,99,,4111,70,,,1,101,,4118,70,,,1,101,,4114,70,,,1,101,,4112,70,,,1,102,,4120,70,,,1,101,,4122,70,,,1,101,,4115,70,,,1,101,,4117,70,,,1,99,,4113,70,,,1,100,,4119,70,,,1,98,,4123,70,,,1,99,,4103,70,,,1,97,,4108,70,,,1,100,,4105,70,,,1,99,,4104,70,,,1,98,,4106,70,,,1,101,,4107,70,,,1,99,,4109,70,,,1
7304,'SAM',547,,4146,70,,,1,71,,4132,70,,,1,102,,4137,70,,,1,100,,4130,70,,,1,101,,4138,70,,,1,101,,4143,70,,,1,100,,4142,70,,,1,103,,4141,70,,,1,101,,4140,70,,,1,101,,4139,70,,,1,100,,4126,70,,,1,100,,4145,70,,,1,100,,4144,70,,,1,99,,4124,70,,,1,98,,4128,70,,,1,97,,4125,70,,,1,100,,4135,70,,,1,99,,4127,70,,,1,98,,4131,70,,,1,101,,4129,70,,,1,99,,4133,70,,,1,100,,4136,70,,,1,99,,4134,70,,,1
7304,'SEM',509,,4179,70,,,1,43,,4174,70,,,1,79,,4181,70,,,1,20,,4186,70,,,1,70,,4153,70,,,1,12,,5379,70,,,1,12,,4178,70,,,1,12,,4158,70,,,1,60,,4162,70,,,1,16,,4185,70,,,1,15,,4147,70,,,1,65,,4182,70,,,1,30,,4156,70,,,1,80,,4184,70,,,1,28,,4160,70,,,1,72,,4149,70,,,1,31,,5902,70,,,1,70,,5380,70,,,1,35,,4183,70,,,1,64,,4180,70,,,1,32,,4187,70,,,1,69,,4150,70,,,1,34,,4157,70,,,1,69,,4151,70,,,1,79,,4154,70,,,1,9,,4152,70,,,1,18,,4148,70,,,1,77,,4155,70,,,1,19,,5531,70,,,1,27,,4161,70,,,1,74,,4159,70,,,1,74,,4171,70,,,1,21,,4175,70,,,1,32,,4165,70,,,1,67,,4168,70,,,1,30,,4170,70,,,1,70,,4173,70,,,1,28,,4163,70,,,1,70,,4167,70,,,1,30,,4164,70,,,1,70,,4169,70,,,1,99,,4172,70,,,1,95,,4176,70,,,1
7402,'DIM',649,,6446,83,,,2,102,,6449,83,,,2,99,,6451,83,,,2,101,,6447,83,,,2,102,,6450,83,,,2,101,,6448,83,,,2,101,,6444,83,,,2,101,,6453,83,,,2,100,,6445,83,,,2,101,,6438,83,,,2,100,,6452,83,,,2,99,,6442,83,,,2,99,,6437,83,,,2,97,,6439,83,,,2,99,,6443,83,,,2,99,,6440,83,,,2,99,,6441,83,,,2
7402,'SAM',649,,6464,83,,,2,101,,6468,83,,,2,100,,6462,83,,,2,101,,6466,83,,,2,100,,6461,83,,,2,103,,6455,83,,,2,101,,6467,83,,,2,101,,6465,83,,,2,101,,6469,83,,,2,100,,6463,83,,,2,99,,6470,83,,,2,100,,6457,83,,,2,99,,6456,83,,,2,97,,6458,83,,,2,99,,6454,83,,,2,99,,6459,83,,,2,99,,6460,83,,,2
7402,'SEM',609,,6487,83,,,2,48,,6489,83,,,2,57,,6476,83,,,2,38,,6488,83,,,2,104,,6479,83,,,2,99,,6471,83,,,2,98,,6477,83,,,2,99,,6478,83,,,2,99,,6472,83,,,2,100,,6474,83,,,2,102,,6475,83,,,2,102,,6473,83,,,2,100,,6482,83,,,2,104,,6483,83,,,2,98,,6484,83,,,2,93,,6485,83,,,2,100,,6480,83,,,2,100,,6486,83,,,2,97,,6481,83,,,2
