5503,'SEM',643,,9631,16,,,2,157,,9627,16,,,2,102,,9617,16,,,2,56,,9628,16,,,2,98,,9633,16,,,2,102,,9619,16,,,2,100,,9629,16,,,2,100,,9630,16,,,2,99,,9620,16,,,2,97,,9622,16,,,2,72,,9624,16,,,2,33,,9625,16,,,2,70,,9618,16,,,2,76,,9621,16,,,2,47,,9623,16,,,2,96,,9626,16,,,2,100,,9632,16,,,2
6601,'DIM',600,,10467,43,,,1,100,,10469,43,,,1,103,,10475,43,,,1,100,,10465,43,,,1,33,,10466,43,,,1,71,,10473,43,,,1,31,,10476,43,,,1,75,,10464,43,,,1,26,,10471,43,,,1,70,,10470,43,,,1,101,,10477,43,,,1,101,,10474,43,,,1,103,,10472,43,,,1,99,,10468,43,,,1,103,,10460,43,,,1,95,,10462,43,,,1,98,,10459,43,,,1,100,,10461,43,,,1,100,,10463,43,,,1,100,,10458,43,,,1
6601,'SAM',600,,10483,43,,,1,100,,10490,43,,,1,103,,10492,43,,,1,100,,10488,43,,,1,33,,10486,43,,,1,71,,10478,43,,,1,31,,10495,43,,,1,75,,10484,43,,,1,26,,10496,43,,,1,70,,10491,43,,,1,101,,10494,43,,,1,101,,10497,43,,,1,103,,10493,43,,,1,99,,10489,43,,,1,103,,10479,43,,,1,95,,10480,43,,,1,98,,10482,43,,,1,100,,10481,43,,,1,100,,10485,43,,,1,100,,10487,43,,,1
6601,'SEM',641,,10512,43,,,1,105,,10501,43,,,1,101,,10514,43,,,1,103,,10511,43,,,1,100,,10500,43,,,1,106,,10504,43,,,1,102,,10498,43,,,1,100,,10513,43,,,1,143,,10502,43,,,1,31,,10507,43,,,1,88,,10508,43,,,1,106,,10499,43,,,1,93,,10505,43,,,1,98,,10503,43,,,1,98,,10509,43,,,1,98,,10506,43,,,1,99,,10510,43,,,1
25503,'DIM',820,,11693,13,,,2,100,,11694,13,,,2,99,,11691,13,,,2,100,,11695,13,,,2,99,,11692,13,,,2,100,,11696,13,,,2,102,,11683,13,,,2,100,,11697,13,,,2,101,,11684,13,,,2,100,,11698,13,,,2,100,,11689,13,,,2,100,,11699,13,,,2,100,,11690,13,,,2,98,,11687,13,,,2,100,,11685,13,,,2,100,,11688,13,,,2,100,,11686,13,,,2
25503,'SAM',820,,11714,13,,,2,100,,11705,13,,,2,99,,11710,13,,,2,100,,11712,13,,,2,99,,11711,13,,,2,100,,11713,13,,,2,102,,11700,13,,,2,100,,11715,13,,,2,101,,11701,13,,,2,100,,11716,13,,,2,100,,11708,13,,,2,100,,11702,13,,,2,100,,11709,13,,,2,98,,11703,13,,,2,100,,11706,13,,,2,100,,11704,13,,,2,100,,11707,13,,,2
25503,'SEM',2146,,11717,13,,,2,101,,11719,13,,,2,157,,11718,13,,,2
71303,'DIM',638,,11790,13,,,2
71303,'SAM',707,,11791,13,,,2,25,,11792,13,,,2
71303,'SEM',619,,11793,13,,,2,95,,11809,13,,,2,114,,11799,13,,,2,101,,11797,13,,,2,100,,11794,13,,,2,100,,11802,13,,,2,100,,11795,13,,,2,100,,11796,13,,,2,100,,11800,13,,,2,90,,11798,13,,,2,31,,11803,13,,,2,71,,11811,13,,,2,30,,11801,13,,,2,71,,11810,13,,,2,30,,11814,13,,,2,68,,11812,13,,,2,99,,11813,13,,,2,100,,11804,13,,,2,98,,11805,13,,,2,99,,11807,13,,,2,100,,11806,13,,,2,100,,11808,13,,,2,102,,11815,13,,,2
