1704,'DIM',500,,7029,20,,,1,50,,7030,20,,,1,100,,7034,20,,,1,102,,7028,20,,,1,100,,165,20,,,1,100,,7032,20,,,1,101,,7033,20,,,1,100,,7035,20,,,1,101,,7036,20,,,1,101,,7031,20,,,1,102,,7017,20,,,1,99,,7018,20,,,1,100,,7021,20,,,1,101,,7023,20,,,1,98,,7022,20,,,1,98,,7020,20,,,1,100,,7024,20,,,1,101,,7027,20,,,1,99,,7019,20,,,1,99,,7025,20,,,1,96,,7026,20,,,1
1704,'SAM',500,,7049,20,,,1,50,,7050,20,,,1,100,,7056,20,,,1,102,,7053,20,,,1,100,,7048,20,,,1,100,,7052,20,,,1,101,,7057,20,,,1,100,,7055,20,,,1,101,,7054,20,,,1,101,,7051,20,,,1,101,,7038,20,,,1,100,,7039,20,,,1,101,,7041,20,,,1,100,,7043,20,,,1,98,,7037,20,,,1,98,,7045,20,,,1,100,,7042,20,,,1,101,,7040,20,,,1,99,,7044,20,,,1,99,,7046,20,,,1,96,,7047,20,,,1
1704,'SEM',512,,7072,20,,,1,92,,7077,20,,,1,22,,7080,20,,,1,22,,7059,20,,,1,66,,7063,20,,,1,35,,7064,20,,,1,61,,7058,20,,,1,98,,7061,20,,,1,45,,7062,20,,,1,100,,7065,20,,,1,100,,7076,20,,,1,100,,7078,20,,,1,100,,7067,20,,,1,102,,7079,20,,,1,100,,7060,20,,,1,145,,7068,20,,,1,56,,7066,20,,,1,97,,7069,20,,,1,101,,7074,20,,,1,101,,7075,20,,,1,100,,7070,20,,,1,100,,7071,20,,,1,100,,7073,20,,,1
3104,'DIM',620,,7960,30,,,1,102,,7961,30,,,1,100,,7959,30,,,1,100,,7965,30,,,1,101,,7966,30,,,1,100,,7964,30,,,1,100,,7962,30,,,1,103,,7950,30,,,1,101,,7963,30,,,1,100,,7949,30,,,1,101,,7948,30,,,1,99,,7953,30,,,1,98,,7955,30,,,1,102,,7954,30,,,1,96,,7956,30,,,1,101,,7952,30,,,1,100,,7951,30,,,1,98,,7957,30,,,1,102,,7958,30,,,1
3104,'SAM',520,,1137,30,,,1,100,,7976,30,,,1,102,,7979,30,,,1,100,,7978,30,,,1,100,,7981,30,,,1,101,,7984,30,,,1,100,,7985,30,,,1,100,,7980,30,,,1,102,,7975,30,,,1,101,,7982,30,,,1,101,,7977,30,,,1,101,,7983,30,,,1,100,,7971,30,,,1,98,,7973,30,,,1,99,,7969,30,,,1,99,,7974,30,,,1,100,,7967,30,,,1,100,,7968,30,,,1,98,,7970,30,,,1,102,,7972,30,,,1
3104,'SEM',444,,7994,30,,,1,77,,7995,30,,,1,90,,8006,30,,,1,21,,8008,30,,,1,23,,7988,30,,,1,73,,8007,30,,,1,28,,8004,30,,,1,69,,8002,30,,,1,75,,8003,30,,,1,22,,8005,30,,,1,100,,7986,30,,,1,101,,7987,30,,,1,100,,7990,30,,,1,101,,8009,30,,,1,100,,7989,30,,,1,102,,7992,30,,,1,100,,7993,30,,,1,96,,7991,30,,,1,104,,7996,30,,,1,97,,8001,30,,,1,105,,8000,30,,,1,100,,7997,30,,,1,102,,7998,30,,,1,100,,7999,30,,,1
3904,'DIM',822,,8313,20,,,1,112,,8307,20,,,1,82,,8314,20,,,1,30,,8317,20,,,1,73,,8308,20,,,1,27,,8306,20,,,1,73,,8316,20,,,1,29,,8311,20,,,1,74,,8300,20,,,1,27,,8315,20,,,1,70,,8309,20,,,1,31,,8310,20,,,1,72,,8299,20,,,1,30,,8312,20,,,1,71,,8295,20,,,1,31,,8296,20,,,1,68,,8301,20,,,1,28,,8302,20,,,1,69,,8303,20,,,1,83,,8304,20,,,1,98,,8297,20,,,1,100,,8305,20,,,1,100,,8298,20,,,1
3904,'SAM',822,,8333,20,,,1,112,,8326,20,,,1,82,,8337,20,,,1,30,,8327,20,,,1,70,,8318,20,,,1,30,,8324,20,,,1,76,,8330,20,,,1,26,,8328,20,,,1,74,,8334,20,,,1,27,,8325,20,,,1,70,,8331,20,,,1,31,,8332,20,,,1,71,,8338,20,,,1,31,,8329,20,,,1,72,,8335,20,,,1,24,,8336,20,,,1,74,,8339,20,,,1,28,,8340,20,,,1,69,,8319,20,,,1,86,,8320,20,,,1,97,,8322,20,,,1,98,,8321,20,,,1,100,,8323,20,,,1
3904,'SEM',616,,8364,20,,,1,27,,8357,20,,,1,14,,8363,20,,,1,51,,8345,20,,,1,29,,8360,20,,,1,71,,8341,20,,,1,31,,8358,20,,,1,70,,8365,20,,,1,35,,8343,20,,,1,68,,8344,20,,,1,33,,8355,20,,,1,69,,8359,20,,,1,31,,8361,20,,,1,68,,8352,20,,,1,32,,8356,20,,,1,67,,8362,20,,,1,38,,8342,20,,,1,74,,8347,20,,,1,30,,8349,20,,,1,71,,8350,20,,,1,101,,8366,20,,,1,112,,8353,20,,,1,99,,8354,20,,,1,104,,8346,20,,,1,100,,8348,20,,,1,94,,8351,20,,,1
7304,'DIM',535,,10839,48,,,1,70,,10828,48,,,1,102,,10832,48,,,1,100,,10835,48,,,1,101,,10831,48,,,1,100,,10833,48,,,1,100,,10836,48,,,1,100,,10840,48,,,1,102,,10834,48,,,1,101,,10837,48,,,1,101,,10830,48,,,1,100,,10838,48,,,1,100,,10841,48,,,1,100,,10824,48,,,1,99,,10821,48,,,1,98,,10827,48,,,1,100,,10823,48,,,1,99,,10822,48,,,1,99,,10825,48,,,1,101,,10826,48,,,1,99,,10829,48,,,1
7304,'SAM',535,,10861,48,,,1,70,,10851,48,,,1,102,,10856,48,,,1,100,,10853,48,,,1,101,,10852,48,,,1,100,,10857,48,,,1,100,,10859,48,,,1,101,,10855,48,,,1,101,,10845,48,,,1,101,,10858,48,,,1,101,,10854,48,,,1,100,,10860,48,,,1,100,,10862,48,,,1,100,,10844,48,,,1,98,,10842,48,,,1,99,,10843,48,,,1,100,,10847,48,,,1,99,,10846,48,,,1,99,,4131,48,,,1,101,,10848,48,,,1,99,,4133,48,,,1,100,,10849,48,,,1,99,,10850,48,,,1
7304,'SEM',457,,10894,48,,,1,81,,10891,48,,,1,81,,10897,48,,,1,18,,10900,48,,,1,71,,10896,48,,,1,14,,10893,48,,,1,13,,10869,48,,,1,68,,10871,48,,,1,14,,10892,48,,,1,15,,10898,48,,,1,25,,10887,48,,,1,71,,10865,48,,,1,80,,10864,48,,,1,29,,10880,48,,,1,70,,10895,48,,,1,30,,10866,48,,,1,71,,10870,48,,,1,36,,10879,48,,,1,65,,10872,48,,,1,30,,10899,48,,,1,70,,10867,48,,,1,30,,10868,48,,,1,72,,10876,48,,,1,31,,10863,48,,,1,72,,10873,48,,,1,39,,10883,48,,,1,62,,10881,48,,,1,29,,10875,48,,,1,69,,10882,48,,,1,36,,10877,48,,,1,60,,10888,48,,,1,30,,10874,48,,,1,70,,10884,48,,,1,30,,10886,48,,,1,73,,10878,48,,,1,98,,10890,48,,,1,99,,10885,48,,,1,104,,10889,48,,,1
7402,'DIM',635,,10961,61,,,2,101,,10964,61,,,2,101,,6451,61,,,2,100,,10965,61,,,2,101,,10963,61,,,2,100,,10962,61,,,2,101,,10968,61,,,2,100,,10967,61,,,2,103,,10969,61,,,2,99,,10966,61,,,2,99,,10956,61,,,2,103,,10955,61,,,2,98,,10957,61,,,2,98,,10958,61,,,2,100,,6443,61,,,2,100,,10959,61,,,2,99,,10960,61,,,2
7402,'SAM',635,,10977,61,,,2,101,,10981,61,,,2,101,,10979,61,,,2,100,,10976,61,,,2,101,,10980,61,,,2,100,,10982,61,,,2,101,,10985,61,,,2,101,,10978,61,,,2,100,,10983,61,,,2,101,,10986,61,,,2,100,,10984,61,,,2,101,,10970,61,,,2,99,,10972,61,,,2,98,,10974,61,,,2,100,,10973,61,,,2,100,,10975,61,,,2,99,,10971,61,,,2
7402,'SEM',554,,11000,61,,,2,88,,11005,61,,,2,60,,10988,61,,,2,40,,10999,61,,,2,100,,10989,61,,,2,99,,10987,61,,,2,99,,10991,61,,,2,101,,11001,61,,,2,97,,11004,61,,,2,100,,10990,61,,,2,101,,11003,61,,,2,101,,11002,61,,,2,100,,10992,61,,,2,98,,10993,61,,,2,100,,10996,61,,,2,99,,10998,61,,,2,99,,10994,61,,,2,103,,10995,61,,,2,99,,10997,61,,,2
