201,'SAM',2551,,6872,3,,,1,81,,6874,3,,,1,84,,6873,3,,,1
201,'SEM',2512,,6875,3,,,1,24,,6876,3,,,1,81,,6877,3,,,1,41,,6878,3,,,1
3304,'DIM',731,,8062,3,,,1,171,,8063,3,,,1,130,,8057,3,,,1,170,,8061,3,,,1,136,,8065,3,,,1,164,,8064,3,,,1,128,,8055,3,,,1,172,,8059,3,,,1,130,,8058,3,,,1,170,,8060,3,,,1,130,,8056,3,,,1
3304,'SAM',731,,8073,3,,,1,171,,8075,3,,,1,130,,8074,3,,,1,170,,8076,3,,,1,135,,8067,3,,,1,165,,8066,3,,,1,130,,8071,3,,,1,170,,8070,3,,,1,130,,8068,3,,,1,170,,8072,3,,,1,130,,8069,3,,,1
3304,'SEM',450,,8081,3,,,1,90,,8092,3,,,1,75,,8093,3,,,1,93,,8099,3,,,1,38,,8084,3,,,1,61,,8098,3,,,1,31,,8094,3,,,1,104,,8078,3,,,1,100,,8095,3,,,1,100,,8079,3,,,1,100,,8096,3,,,1,96,,8097,3,,,1,109,,8077,3,,,1,111,,8083,3,,,1,75,,8082,3,,,1,90,,8085,3,,,1,32,,8080,3,,,1,66,,8091,3,,,1,30,,8090,3,,,1,96,,8089,3,,,1,94,,8086,3,,,1,111,,8088,3,,,1,78,,8087,3,,,1
4201,'DIM',515,,8511,17,,,2,103,,8535,17,,,2,30,,8552,17,,,2,70,,1716,17,,,2,31,,8536,17,,,2,71,,8541,17,,,2,29,,8545,17,,,2,71,,8548,17,,,2,31,,8540,17,,,2,66,,8543,17,,,2,35,,8542,17,,,2,60,,8528,17,,,2,23,,8533,17,,,2,18,,8532,17,,,2,62,,8534,17,,,2,18,,8538,17,,,2,20,,8537,17,,,2,59,,8555,17,,,2,22,,8549,17,,,2,21,,8544,17,,,2,60,,1723,17,,,2,21,,8551,17,,,2,20,,8515,17,,,2,60,,8517,17,,,2,20,,8518,17,,,2,21,,8550,17,,,2,58,,8539,17,,,2,21,,8546,17,,,2,20,,8516,17,,,2,55,,8554,17,,,2,15,,8553,17,,,2,14,,8527,17,,,2,13,,8547,17,,,2,58,,8513,17,,,2,32,,8512,17,,,2,70,,8523,17,,,2,30,,8510,17,,,2,70,,8519,17,,,2,29,,8530,17,,,2,70,,8514,17,,,2,31,,8521,17,,,2,70,,8525,17,,,2,30,,8526,17,,,2,70,,8520,17,,,2,35,,8524,17,,,2,68,,8522,17,,,2,34,,8529,17,,,2,75,,8531,17,,,2
4201,'SAM',515,,8556,17,,,2,103,,8584,17,,,2,30,,8559,17,,,2,70,,8591,17,,,2,31,,8587,17,,,2,71,,8586,17,,,2,29,,8590,17,,,2,71,,8597,17,,,2,31,,8602,17,,,2,65,,8595,17,,,2,36,,8581,17,,,2,60,,8593,17,,,2,22,,8585,17,,,2,19,,8576,17,,,2,61,,8583,17,,,2,19,,8557,17,,,2,20,,8589,17,,,2,59,,8588,17,,,2,22,,8582,17,,,2,21,,8592,17,,,2,60,,8558,17,,,2,20,,8594,17,,,2,20,,8598,17,,,2,61,,8562,17,,,2,20,,8600,17,,,2,21,,8603,17,,,2,59,,8604,17,,,2,19,,8568,17,,,2,21,,8601,17,,,2,54,,8570,17,,,2,16,,8596,17,,,2,14,,8572,17,,,2,15,,8599,17,,,2,56,,8575,17,,,2,36,,8560,17,,,2,66,,8563,17,,,2,30,,8579,17,,,2,70,,8565,17,,,2,29,,8567,17,,,2,73,,8561,17,,,2,27,,8564,17,,,2,70,,8566,17,,,2,31,,8569,17,,,2,70,,8571,17,,,2,35,,8573,17,,,2,68,,8580,17,,,2,34,,8574,17,,,2,75,,8578,17,,,2,30,,8577,17,,,2
4201,'SEM',619,,8652,17,,,2,29,,8607,17,,,2,57,,8647,17,,,2,21,,8650,17,,,2,21,,8653,17,,,2,62,,8651,17,,,2,19,,8608,17,,,2,19,,8646,17,,,2,62,,8605,17,,,2,19,,8611,17,,,2,19,,8636,17,,,2,63,,8648,17,,,2,18,,8649,17,,,2,23,,8612,17,,,2,57,,11964,17,,,2,23,,8614,17,,,2,20,,8615,17,,,2,59,,8616,17,,,2,22,,8610,17,,,2,15,,8618,17,,,2,63,,8619,17,,,2,19,,8620,17,,,2,21,,8609,17,,,2,61,,8624,17,,,2,20,,8654,17,,,2,19,,8628,17,,,2,59,,8629,17,,,2,20,,8630,17,,,2,15,,8632,17,,,2,13,,8606,17,,,2,53,,11962,17,,,2,11,,8623,17,,,2,13,,8635,17,,,2,14,,8637,17,,,2,55,,8626,17,,,2,14,,8622,17,,,2,14,,8621,17,,,2,14,,8641,17,,,2,55,,8643,17,,,2,15,,8613,17,,,2,15,,8645,17,,,2,23,,8638,17,,,2,54,,8642,17,,,2,21,,8617,17,,,2,27,,8644,17,,,2,71,,8625,17,,,2,28,,8627,17,,,2,73,,8631,17,,,2,28,,8633,17,,,2,72,,8658,3,,,2,75,,11963,17,,,2,23,,8657,3,,,2,30,,8640,17,,,2,84,,8639,17,,,2
6304,'DIM',753,,10251,54,,,1,103,,10247,54,,,1,101,,10249,54,,,1,102,,10243,54,,,1,99,,10248,54,,,1,144,,10253,54,,,1,56,,10250,54,,,1,142,,10254,54,,,1,103,,10252,54,,,1,100,,10255,54,,,1,99,,10256,54,,,1,99,,10244,54,,,1,99,,10240,54,,,1,58,,10241,54,,,1,99,,10245,54,,,1,98,,10242,54,,,1,98,,10246,54,,,1
6304,'SAM',653,,10270,54,,,1,100,,10268,54,,,1,103,,10273,54,,,1,101,,10269,54,,,1,102,,10267,54,,,1,99,,10272,54,,,1,144,,10271,54,,,1,56,,10275,54,,,1,142,,10274,54,,,1,103,,10257,54,,,1,102,,10258,54,,,1,97,,10259,54,,,1,99,,10261,54,,,1,99,,10260,54,,,1,58,,10265,54,,,1,99,,10262,54,,,1,98,,10263,54,,,1,98,,10266,54,,,1,98,,10264,54,,,1
6304,'SEM',508,,10303,54,,,1,112,,10299,54,,,1,30,,10308,54,,,1,71,,10291,54,,,1,16,,10302,54,,,1,67,,10305,54,,,1,26,,10307,54,,,1,19,,10306,54,,,1,70,,10280,54,,,1,30,,10281,54,,,1,71,,10282,54,,,1,30,,10276,54,,,1,65,,10279,54,,,1,31,,10304,54,,,1,73,,10294,54,,,1,30,,10287,54,,,1,66,,10300,54,,,1,38,,10277,54,,,1,67,,10278,54,,,1,33,,10288,54,,,1,71,,10301,54,,,1,79,,10309,54,,,1,30,,10284,54,,,1,24,,10283,54,,,1,74,,10289,54,,,1,15,,10286,54,,,1,68,,10295,54,,,1,28,,10290,54,,,1,77,,10293,54,,,1,96,,10285,54,,,1,40,,10296,54,,,1,91,,10298,54,,,1,92,,10292,54,,,1,99,,10297,54,,,1
34504,'SEM',2523,,11789,26,,,1,118,,11788,26,,,1
