2402,'DIM',725,,531,38,,,1,107,,537,38,,,1,98,,534,38,,,1,99,,528,38,,,1,74,,532,38,,,1,25,,518,38,,,1,75,,543,38,,,1,30,,536,38,,,1,71,,533,38,,,1,24,,538,38,,,1,76,,541,38,,,1,25,,535,38,,,1,75,,544,38,,,1,25,,542,38,,,1,76,,540,38,,,1,30,,519,38,,,1,69,,539,38,,,1,29,,523,38,,,1,69,,521,38,,,1,32,,529,38,,,1,100,,525,38,,,1,99,,520,38,,,1,98,,524,38,,,1,100,,522,38,,,1,94,,527,38,,,1,101,,530,38,,,1,98,,526,38,,,1
2402,'SAM',629,,567,38,,,1,97,,558,38,,,1,106,,562,38,,,1,98,,556,38,,,1,100,,566,38,,,1,73,,5348,38,,,1,25,,569,38,,,1,75,,550,38,,,1,30,,563,38,,,1,71,,557,38,,,1,25,,559,38,,,1,75,,564,38,,,1,29,,568,38,,,1,71,,560,38,,,1,24,,570,38,,,1,77,,561,38,,,1,30,,572,38,,,1,69,,545,38,,,1,29,,549,38,,,1,69,,571,38,,,1,32,,552,38,,,1,100,,546,38,,,1,99,,555,38,,,1,98,,547,38,,,1,100,,553,38,,,1,94,,548,38,,,1,101,,554,38,,,1,101,,551,38,,,1
2402,'SEM',554,,573,38,,,1,83,,608,38,,,1,79,,602,38,,,1,21,,578,38,,,1,66,,605,38,,,1,27,,577,38,,,1,71,,579,38,,,1,29,,606,38,,,1,29,,582,38,,,1,70,,588,38,,,1,30,,5565,38,,,1,70,,576,38,,,1,30,,603,38,,,1,70,,604,38,,,1,30,,575,38,,,1,71,,609,38,,,1,70,,580,38,,,1,30,,586,38,,,1,71,,610,38,,,1,24,,581,38,,,1,22,,591,38,,,1,60,,5349,38,,,1,22,,584,38,,,1,24,,587,38,,,1,58,,583,38,,,1,18,,590,38,,,1,23,,594,38,,,1,55,,597,38,,,1,18,,585,38,,,1,18,,592,38,,,1,61,,600,38,,,1,50,,589,38,,,1,98,,598,38,,,1,100,,593,38,,,1,99,,595,38,,,1,103,,599,38,,,1,99,,596,38,,,1,95,,601,38,,,1
6602,'DIM',717,,3748,34,,,1,108,,3752,34,,,1,102,,3754,34,,,1,101,,3753,34,,,1,99,,3755,34,,,1,95,,3751,34,,,1,107,,3761,34,,,1,171,,3758,34,,,1,55,,3757,34,,,1,74,,3756,34,,,1,71,,3745,34,,,1,31,,3760,34,,,1,25,,3759,34,,,1,72,,3746,34,,,1,99,,3744,34,,,1,100,,3749,34,,,1,99,,3747,34,,,1,92,,3750,34,,,1
6602,'SAM',717,,3771,34,,,1,108,,3774,34,,,1,102,,3778,34,,,1,101,,3775,34,,,1,99,,3776,34,,,1,101,,3762,34,,,1,101,,3773,34,,,1,171,,3777,34,,,1,100,,3765,34,,,1,30,,3763,34,,,1,28,,3779,34,,,1,73,,3768,34,,,1,25,,3764,34,,,1,72,,3769,34,,,1,99,,3772,34,,,1,100,,3770,34,,,1,99,,3767,34,,,1,92,,3766,34,,,1
6602,'SEM',700,,5381,34,,,1,101,,3780,34,,,1,106,,3781,34,,,1,105,,3786,34,,,1,99,,3782,34,,,1,102,,5477,34,,,1,100,,3785,34,,,1,100,,3795,34,,,1,32,,5623,34,,,1,90,,3784,34,,,1,104,,3788,34,,,1,99,,3794,34,,,1,95,,3789,34,,,1,102,,3792,34,,,1,101,,3793,34,,,1,96,,3791,34,,,1,71,,3790,34,,,1
14402,'DIM',750,,4553,22,,,2,101,,4546,22,,,2,101,,4556,22,,,2,101,,4555,22,,,2,72,,4552,22,,,2,30,,4554,22,,,2,73,,4557,22,,,2,73,,4567,22,,,2,30,,4560,22,,,2,74,,4559,22,,,2,33,,4565,22,,,2,68,,4561,22,,,2,35,,4563,22,,,2,73,,4566,22,,,2,28,,4564,22,,,2,74,,4544,22,,,2,34,,4562,22,,,2,67,,4558,22,,,2,34,,4549,22,,,2,99,,4550,22,,,2,81,,4543,22,,,2,97,,4548,22,,,2,97,,4551,22,,,2,96,,4542,22,,,2,101,,4545,22,,,2,95,,4547,22,,,2
14402,'SAM',750,,4582,22,,,2,101,,4571,22,,,2,101,,4587,22,,,2,101,,4588,22,,,2,72,,4583,22,,,2,30,,4589,22,,,2,73,,4593,22,,,2,73,,4585,22,,,2,30,,4584,22,,,2,74,,4568,22,,,2,33,,4586,22,,,2,68,,4590,22,,,2,35,,4591,22,,,2,73,,4573,22,,,2,28,,4592,22,,,2,74,,4569,22,,,2,34,,4572,22,,,2,67,,4594,22,,,2,34,,4579,22,,,2,99,,4570,22,,,2,81,,4575,22,,,2,97,,4574,22,,,2,97,,4576,22,,,2,96,,4581,22,,,2,101,,4577,22,,,2,99,,4578,22,,,2,100,,4580,22,,,2
14402,'SEM',550,,4619,22,,,2,91,,4627,22,,,2,110,,4630,22,,,2,94,,4602,22,,,2,90,,4596,22,,,2,70,,4605,22,,,2,34,,4610,22,,,2,71,,4609,22,,,2,30,,4611,22,,,2,75,,5633,22,,,2,30,,4625,22,,,2,71,,4599,22,,,2,35,,4598,22,,,2,73,,4626,22,,,2,29,,4629,22,,,2,80,,5397,22,,,2,20,,4597,22,,,2,57,,4604,22,,,2,12,,4607,22,,,2,23,,4614,22,,,2,14,,4608,22,,,2,50,,4628,22,,,2,14,,5396,22,,,2,15,,4601,22,,,2,11,,4600,22,,,2,56,,4603,22,,,2,16,,4606,22,,,2,20,,4616,22,,,2,16,,4612,22,,,2,62,,4620,22,,,2,94,,4617,22,,,2,92,,4621,22,,,2,99,,4613,22,,,2,99,,4615,22,,,2,97,,4618,22,,,2,100,,4623,22,,,2,110,,4622,22,,,2
24402,'SEM',1616,,5401,20,,,2,18,,5638,20,,,2,19,,4975,20,,,2
