2202,'DIM',724,,7249,30,,,2,100,,7248,30,,,2,100,,7247,30,,,2,100,,6315,30,,,2,101,,7250,30,,,2,100,,7252,30,,,2,96,,7251,30,,,2,106,,7246,30,,,2,98,,7240,30,,,2,114,,7253,30,,,2,88,,7242,30,,,2,100,,7243,30,,,2,98,,7245,30,,,2,101,,7244,30,,,2,100,,7239,30,,,2,100,,7241,30,,,2
2202,'SAM',626,,7270,14,,,2,98,,7264,30,,,2,100,,7261,30,,,2,100,,7260,30,,,2,98,,7266,30,,,2,103,,7265,30,,,2,100,,7263,30,,,2,96,,7269,30,,,2,104,,7262,30,,,2,100,,7268,30,,,2,112,,7267,30,,,2,90,,7255,30,,,2,100,,7257,30,,,2,98,,7254,30,,,2,101,,7256,30,,,2,100,,7259,30,,,2,100,,7258,30,,,2
2202,'SEM',601,,6230,30,,,2,18,,7282,30,,,2,105,,7289,30,,,2,31,,7279,30,,,2,70,,7271,30,,,2,98,,7273,30,,,2,31,,7272,30,,,2,69,,7290,30,,,2,101,,7277,30,,,2,100,,7288,30,,,2,100,,7291,30,,,2,102,,7276,30,,,2,100,,7278,30,,,2,102,,7274,30,,,2,24,,7275,30,,,2,75,,7281,30,,,2,99,,7280,30,,,2,100,,7287,30,,,2,101,,7286,30,,,2,98,,7284,30,,,2,107,,7283,30,,,2,96,,7285,30,,,2
5002,'DIM',603,,9440,7,,,1,100,,2653,7,,,1,100,,9423,7,,,1,56,,9438,7,,,1,147,,9431,7,,,1,25,,9441,7,,,1,77,,9433,7,,,1,24,,9445,7,,,1,79,,9443,7,,,1,22,,9444,7,,,1,75,,9446,7,,,1,29,,9432,7,,,1,72,,9434,7,,,1,36,,9447,7,,,1,69,,9436,7,,,1,34,,9435,7,,,1,70,,9442,7,,,1,26,,9439,7,,,1,71,,9437,7,,,1,100,,9425,7,,,1,99,,9427,7,,,1,99,,9430,7,,,1,99,,9424,7,,,1,98,,9428,7,,,1,98,,9426,7,,,1,100,,9429,7,,,1
5002,'SAM',603,,9455,7,,,1,100,,9458,7,,,1,100,,9449,7,,,1,99,,9470,7,,,1,104,,9469,7,,,1,25,,9468,7,,,1,76,,9466,7,,,1,25,,9450,7,,,1,79,,9473,7,,,1,22,,9472,7,,,1,75,,9451,7,,,1,29,,9462,7,,,1,72,,9464,7,,,1,36,,9467,7,,,1,69,,9463,7,,,1,34,,9465,7,,,1,70,,9453,7,,,1,26,,9454,7,,,1,71,,9448,7,,,1,100,,9471,7,,,1,99,,9459,7,,,1,99,,9461,7,,,1,99,,9460,7,,,1,98,,9456,7,,,1,98,,9452,7,,,1,100,,9457,7,,,1
5002,'SEM',451,,9480,7,,,1,75,,9502,7,,,1,30,,9498,7,,,1,70,,9474,7,,,1,75,,9506,7,,,1,31,,9499,7,,,1,24,,9475,7,,,1,75,,9492,7,,,1,26,,9478,7,,,1,71,,9504,7,,,1,26,,9505,7,,,1,73,,9501,7,,,1,27,,9477,7,,,1,73,,9481,7,,,1,28,,9500,7,,,1,72,,9489,7,,,1,32,,9503,7,,,1,70,,9482,7,,,1,30,,9485,7,,,1,81,,9476,7,,,1,67,,9486,7,,,1,37,,9479,7,,,1,72,,9493,7,,,1,31,,9483,7,,,1,70,,9484,7,,,1,30,,9491,7,,,1,70,,9487,7,,,1,30,,9490,7,,,1,105,,9494,7,,,1,105,,11986,7,,,1,101,,9488,7,,,1,150,,9496,7,,,1,105,,9495,7,,,1,98,,9497,7,,,1
5802,'DIM',602,,9883,7,,,2,100,,9890,7,,,2,51,,9887,7,,,2,100,,9891,7,,,2,100,,9894,7,,,2,99,,9886,7,,,2,101,,9896,7,,,2,100,,9893,7,,,2,101,,9889,7,,,2,99,,9892,7,,,2,101,,9888,7,,,2,99,,9882,7,,,2,101,,9895,7,,,2,101,,9879,7,,,2,100,,9885,7,,,2,99,,9881,7,,,2,99,,9880,7,,,2,99,,9884,7,,,2
5802,'SAM',602,,9914,7,,,2,100,,9906,7,,,2,51,,9905,7,,,2,100,,9910,7,,,2,100,,9908,7,,,2,99,,9911,7,,,2,101,,9913,7,,,2,100,,9897,7,,,2,98,,9904,7,,,2,101,,9909,7,,,2,101,,9907,7,,,2,101,,9912,7,,,2,100,,9899,7,,,2,101,,9902,7,,,2,100,,9898,7,,,2,99,,9903,7,,,2,99,,9900,7,,,2,99,,9901,7,,,2
5802,'SEM',521,,9932,7,,,2,34,,9926,7,,,2,62,,9925,7,,,2,39,,9933,7,,,2,75,,9935,7,,,2,69,,9918,7,,,2,33,,9917,7,,,2,83,,9921,7,,,2,99,,9936,7,,,2,100,,9915,7,,,2,100,,9922,7,,,2,100,,9934,7,,,2,101,,9916,7,,,2,25,,9919,7,,,2,69,,9923,7,,,2,102,,9929,7,,,2,33,,9920,7,,,2,94,,9924,7,,,2,96,,9930,7,,,2,100,,11992,7,,,2,100,,9931,7,,,2,98,,9928,7,,,2,99,,9927,7,,,2
22202,'DIM',1438,,4994,19,,,2
22202,'SAM',1438,,11668,19,,,2,898,,11666,19,,,2,100,,11667,19,,,2
22202,'SEM',538,,11675,19,,,2,119,,11670,19,,,2,81,,11671,19,,,2,767,,11674,19,,,2,35,,11669,19,,,2,703,,11672,19,,,2,65,,11673,19,,,2
32202,'SAM',2551,,11777,13,,,2
32202,'SEM',2420,,12016,13,,,2,84,,11778,13,,,2
