2001,'DIM',658,,220,2,,,1,99,,213,2,,,1,102,,222,2,,,1,100,,227,2,,,1,100,,221,2,,,1,99,,223,2,,,1,101,,228,2,,,1,145,,225,2,,,1,55,,226,2,,,1,142,,224,2,,,1,99,,214,2,,,1,100,,229,2,,,1,59,,217,2,,,1,141,,215,2,,,1,59,,218,2,,,1,100,,216,2,,,1,100,,219,2,,,1
2001,'SAM',601,,237,2,,,1,57,,240,2,,,1,99,,245,2,,,1,102,,239,2,,,1,100,,238,2,,,1,100,,241,2,,,1,142,,246,2,,,1,58,,244,2,,,1,99,,242,2,,,1,101,,243,2,,,1,144,,247,2,,,1,97,,234,2,,,1,100,,231,2,,,1,59,,236,2,,,1,141,,230,2,,,1,59,,232,2,,,1,100,,233,2,,,1,100,,235,2,,,1
2001,'SEM',543,,253,2,,,1,86,,265,2,,,1,91,,251,2,,,1,95,,5340,2,,,1,44,,250,2,,,1,100,,254,2,,,1,100,,5339,2,,,1,100,,249,2,,,1,100,,264,2,,,1,100,,266,2,,,1,100,,5338,2,,,1,146,,256,2,,,1,48,,255,2,,,1,102,,258,2,,,1,93,,261,2,,,1,100,,257,2,,,1,100,,263,2,,,1,100,,260,2,,,1,105,,259,2,,,1
2601,'DIM',502,,632,37,,,2,53,,619,37,,,2,82,,631,37,,,2,81,,620,37,,,2,25,,638,37,,,2,65,,634,37,,,2,31,,635,37,,,2,70,,637,37,,,2,35,,648,37,,,2,68,,642,37,,,2,30,,650,37,,,2,69,,649,37,,,2,20,,617,37,,,2,20,,616,37,,,2,60,,651,37,,,2,20,,639,37,,,2,20,,643,37,,,2,61,,640,37,,,2,20,,654,37,,,2,19,,627,37,,,2,61,,633,37,,,2,22,,636,37,,,2,20,,646,37,,,2,59,,630,37,,,2,19,,652,37,,,2,20,,645,37,,,2,59,,615,37,,,2,21,,611,37,,,2,20,,641,37,,,2,60,,653,37,,,2,21,,644,37,,,2,25,,623,37,,,2,79,,647,37,,,2,73,,626,37,,,2,28,,622,37,,,2,69,,625,37,,,2,28,,628,37,,,2,70,,613,37,,,2,29,,612,37,,,2,68,,629,37,,,2,30,,614,37,,,2,70,,621,37,,,2,29,,618,37,,,2,70,,624,37,,,2
2601,'SAM',503,,680,37,,,2,52,,673,37,,,2,82,,682,37,,,2,81,,674,37,,,2,25,,688,37,,,2,65,,681,37,,,2,31,,685,37,,,2,70,,686,37,,,2,35,,700,37,,,2,68,,693,37,,,2,30,,689,37,,,2,69,,697,37,,,2,20,,679,37,,,2,20,,702,37,,,2,62,,690,37,,,2,20,,684,37,,,2,18,,687,37,,,2,61,,678,37,,,2,20,,696,37,,,2,19,,701,37,,,2,60,,683,37,,,2,23,,656,37,,,2,19,,699,37,,,2,60,,698,37,,,2,19,,657,37,,,2,20,,694,37,,,2,59,,660,37,,,2,21,,695,37,,,2,20,,691,37,,,2,63,,658,37,,,2,18,,692,37,,,2,25,,669,37,,,2,79,,659,37,,,2,73,,655,37,,,2,28,,661,37,,,2,69,,662,37,,,2,28,,664,37,,,2,70,,676,37,,,2,29,,668,37,,,2,68,,670,37,,,2,30,,663,37,,,2,70,,666,37,,,2,29,,671,37,,,2,70,,665,37,,,2,29,,667,37,,,2,28,,672,37,,,2,73,,677,37,,,2,81,,675,37,,,2
2601,'SEM',500,,760,37,,,2,37,,747,37,,,2,69,,750,37,,,2,25,,761,37,,,2,10,,5566,37,,,2,14,,704,37,,,2,51,,5275,37,,,2,8,,716,37,,,2,8,,706,37,,,2,8,,749,37,,,2,10,,723,37,,,2,12,,751,37,,,2,54,,717,37,,,2,19,,703,37,,,2,19,,722,37,,,2,10,,711,37,,,2,50,,710,37,,,2,13,,739,37,,,2,17,,730,37,,,2,14,,708,37,,,2,60,,5568,37,,,2,21,,762,37,,,2,18,,753,37,,,2,61,,719,37,,,2,19,,748,37,,,2,22,,720,37,,,2,59,,721,37,,,2,29,,754,37,,,2,12,,758,37,,,2,64,,756,37,,,2,18,,752,37,,,2,22,,5567,37,,,2,60,,707,37,,,2,11,,759,37,,,2,20,,713,37,,,2,15,,718,37,,,2,66,,709,37,,,2,20,,728,37,,,2,57,,714,37,,,2,15,,763,37,,,2,20,,724,37,,,2,14,,731,37,,,2,53,,732,37,,,2,16,,733,37,,,2,17,,705,37,,,2,17,,712,37,,,2,53,,737,37,,,2,22,,734,37,,,2,24,,735,37,,,2,73,,740,37,,,2,23,,745,37,,,2,74,,736,37,,,2,24,,743,37,,,2,78,,746,37,,,2,20,,725,37,,,2,61,,727,37,,,2,29,,726,37,,,2,76,,729,37,,,2,46,,742,37,,,2,56,,741,37,,,2,28,,738,37,,,2,76,,744,37,,,2
4001,'DIM',817,,1530,2,,,1,101,,1537,2,,,1,100,,1536,2,,,1,100,,1532,2,,,1,102,,1522,2,,,1,102,,1538,2,,,1,100,,1523,2,,,1,99,,1531,2,,,1,100,,1533,2,,,1,98,,1534,2,,,1,100,,1535,2,,,1,101,,1528,2,,,1,100,,1525,2,,,1,99,,1529,2,,,1,99,,1524,2,,,1,99,,1526,2,,,1,92,,1527,2,,,1
4001,'SAM',715,,1539,2,,,1,102,,1545,2,,,1,101,,1551,2,,,1,100,,1556,2,,,1,100,,1555,2,,,1,102,,1550,2,,,1,102,,1549,2,,,1,100,,1552,2,,,1,99,,1548,2,,,1,100,,1553,2,,,1,98,,1554,2,,,1,100,,1542,2,,,1,101,,1544,2,,,1,100,,1540,2,,,1,99,,1541,2,,,1,99,,1543,2,,,1,99,,1546,2,,,1,92,,1547,2,,,1
4001,'SEM',450,,1558,2,,,1,69,,5579,2,,,1,32,,1557,2,,,1,68,,1590,2,,,1,20,,1562,2,,,1,14,,1589,2,,,1,54,,1570,2,,,1,7,,5284,2,,,1,15,,1588,2,,,1,11,,5580,2,,,1,64,,1567,2,,,1,19,,1571,2,,,1,23,,1587,2,,,1,57,,1596,2,,,1,17,,1564,2,,,1,25,,1572,2,,,1,70,,1591,2,,,1,30,,1559,2,,,1,70,,1595,2,,,1,31,,5502,2,,,1,70,,1565,2,,,1,30,,1592,2,,,1,71,,1566,2,,,1,29,,1593,2,,,1,80,,1569,2,,,1,28,,5578,2,,,1,61,,1576,2,,,1,27,,1561,2,,,1,69,,1568,2,,,1,22,,1578,2,,,1,68,,5285,2,,,1,31,,1580,2,,,1,69,,1582,2,,,1,29,,1573,2,,,1,27,,1575,2,,,1,70,,1574,2,,,1,30,,1581,2,,,1,99,,1585,2,,,1,99,,1586,2,,,1,104,,1577,2,,,1,98,,1584,2,,,1,92,,1583,2,,,1
22601,'SEM',648,,4953,9,,,2,54,,4954,9,,,2,8,,5400,9,,,2,8,,5637,9,,,2,8,,4956,9,,,2,9,,4957,9,,,2,13,,4952,9,,,2,11,,4951,9,,,2,58,,4958,9,,,2,16,,4955,9,,,2
