4202,'DIM',503,,1854,58,,,2,42,,1896,58,,,2,64,,1870,58,,,2,27,,1894,58,,,2,78,,1878,58,,,2,22,,1877,58,,,2,70,,1880,58,,,2,32,,1883,58,,,2,71,,1879,58,,,2,31,,1888,58,,,2,72,,1890,58,,,2,29,,1892,58,,,2,17,,1899,58,,,2,61,,1884,58,,,2,21,,1897,58,,,2,61,,1876,58,,,2,18,,1881,58,,,2,20,,1895,58,,,2,20,,1887,58,,,2,61,,1893,58,,,2,19,,1900,58,,,2,61,,1882,58,,,2,20,,1898,58,,,2,19,,1885,58,,,2,61,,1886,58,,,2,21,,1891,58,,,2,20,,1889,58,,,2,61,,1855,58,,,2,21,,1856,58,,,2,21,,1857,58,,,2,61,,1862,58,,,2,23,,1865,58,,,2,76,,1866,58,,,2,34,,1869,58,,,2,70,,1871,58,,,2,32,,1874,58,,,2,70,,1858,58,,,2,29,,1863,58,,,2,69,,1860,58,,,2,29,,1875,58,,,2,67,,1867,58,,,2,30,,1859,58,,,2,69,,1864,58,,,2,30,,1861,58,,,2,69,,1872,58,,,2,31,,1868,58,,,2,76,,1873,58,,,2
4202,'SAM',503,,1904,58,,,2,42,,1901,58,,,2,64,,1918,58,,,2,27,,1943,58,,,2,78,,1926,58,,,2,22,,1924,58,,,2,70,,1928,58,,,2,32,,1932,58,,,2,71,,1925,58,,,2,31,,1927,58,,,2,72,,1937,58,,,2,28,,1929,58,,,2,60,,1947,58,,,2,19,,1933,58,,,2,21,,1922,58,,,2,19,,1941,58,,,2,60,,1931,58,,,2,19,,1942,58,,,2,21,,1944,58,,,2,61,,1923,58,,,2,20,,1948,58,,,2,60,,1946,58,,,2,20,,1930,58,,,2,19,,1934,58,,,2,61,,1935,58,,,2,21,,1939,58,,,2,20,,1903,58,,,2,61,,1936,58,,,2,21,,1940,58,,,2,21,,1907,58,,,2,61,,1910,58,,,2,23,,1945,58,,,2,76,,1938,58,,,2,34,,1913,58,,,2,70,,6726,58,,,2,32,,1902,58,,,2,70,,1908,58,,,2,29,,1905,58,,,2,69,,1906,58,,,2,29,,6725,58,,,2,67,,1920,58,,,2,30,,1909,58,,,2,70,,1912,58,,,2,29,,1911,58,,,2,69,,6724,58,,,2,31,,1914,58,,,2,76,,1915,58,,,2,31,,1921,58,,,2
4202,'SEM',458,,1949,58,,,2,149,,1997,58,,,2,18,,2000,58,,,2,12,,1993,58,,,2,6,,2006,58,,,2,6,,2009,58,,,2,7,,1950,58,,,2,3,,6814,58,,,2,43,,1956,58,,,2,7,,1958,58,,,2,2,,2014,1,,,2,2,,1960,58,,,2,6,,1962,58,,,2,6,,1964,58,,,2,10,,1965,58,,,2,12,,1953,58,,,2,11,,2002,58,,,2,50,,1995,58,,,2,12,,1961,58,,,2,11,,1967,58,,,2,11,,5353,58,,,2,12,,6210,58,,,2,53,,5352,58,,,2,15,,2010,58,,,2,14,,1955,58,,,2,19,,5769,58,,,2,60,,1971,58,,,2,21,,1972,58,,,2,15,,1959,58,,,2,64,,1999,58,,,2,20,,2003,58,,,2,20,,1998,58,,,2,62,,2008,58,,,2,22,,1996,58,,,2,62,,5877,58,,,2,18,,6727,58,,,2,20,,5878,58,,,2,63,,2007,58,,,2,18,,1963,58,,,2,15,,2011,58,,,2,20,,1954,58,,,2,58,,1968,58,,,2,16,,1957,58,,,2,15,,1952,58,,,2,15,,1975,58,,,2,54,,5876,58,,,2,16,,1974,58,,,2,16,,1977,58,,,2,56,,1973,58,,,2,15,,6581,58,,,2,15,,1980,58,,,2,18,,1966,58,,,2,56,,1969,58,,,2,12,,1984,58,,,2,17,,1986,58,,,2,69,,1978,58,,,2,31,,1983,58,,,2,70,,1991,58,,,2,31,,1992,58,,,2,85,,1989,58,,,2,19,,1990,58,,,2,80,,1979,58,,,2,31,,1981,58,,,2,70,,1982,58,,,2,34,,1988,58,,,2,70,,1985,58,,,2,34,,1987,58,,,2
5202,'DIM',643,,6388,102,,,2,113,,6383,102,,,2,100,,6387,102,,,2,100,,6382,102,,,2,103,,6391,102,,,2,97,,6385,102,,,2,100,,6384,102,,,2,101,,6390,102,,,2,96,,6386,102,,,2,102,,6375,102,,,2,100,,6376,102,,,2,98,,6389,102,,,2,103,,6380,102,,,2,98,,6379,102,,,2,100,,6381,102,,,2,100,,6378,102,,,2,100,,6377,102,,,2
5202,'SAM',643,,6403,102,,,2,113,,6402,102,,,2,100,,6400,102,,,2,100,,6401,102,,,2,103,,6398,102,,,2,97,,6407,102,,,2,100,,6408,102,,,2,101,,6399,102,,,2,102,,6406,102,,,2,96,,6404,102,,,2,101,,6405,102,,,2,95,,6393,102,,,2,105,,6396,102,,,2,98,,6394,102,,,2,100,,6392,102,,,2,100,,6395,102,,,2,100,,6397,102,,,2
5202,'SEM',607,,6422,102,,,2,93,,6426,102,,,2,27,,6411,102,,,2,31,,6425,102,,,2,95,,6423,102,,,2,106,,6818,102,,,2,98,,6413,102,,,2,99,,6414,102,,,2,100,,6424,102,,,2,100,,6662,102,,,2,102,,6412,102,,,2,100,,6409,102,,,2,101,,6415,102,,,2,141,,6416,102,,,2,58,,6417,102,,,2,99,,6419,102,,,2,101,,6420,102,,,2,99,,6421,102,,,2,95,,6418,102,,,2
5802,'DIM',610,,3119,22,,,2,100,,3135,22,,,2,49,,3127,22,,,2,100,,3128,22,,,2,100,,3129,22,,,2,141,,3131,22,,,2,101,,3134,22,,,2,100,,3130,22,,,2,100,,3136,22,,,2,101,,3133,22,,,2,99,,3132,22,,,2,102,,3123,22,,,2,99,,3125,22,,,2,101,,3121,22,,,2,99,,3122,22,,,2,98,,3120,22,,,2,100,,3124,22,,,2,100,,3126,22,,,2
5802,'SAM',610,,3144,22,,,2,100,,3137,22,,,2,49,,3149,22,,,2,100,,3150,22,,,2,100,,3152,22,,,2,95,,3140,22,,,2,147,,3148,22,,,2,100,,3154,22,,,2,100,,3145,22,,,2,101,,3153,22,,,2,99,,3151,22,,,2,101,,3139,22,,,2,100,,3138,22,,,2,101,,3147,22,,,2,99,,3141,22,,,2,98,,3143,22,,,2,100,,3142,22,,,2,100,,3146,22,,,2
5802,'SEM',529,,3174,22,,,2,27,,3163,22,,,2,66,,3176,22,,,2,26,,3161,22,,,2,57,,3179,14,,,2,10,,3155,22,,,2,32,,3175,22,,,2,58,,3156,22,,,2,35,,3164,22,,,2,88,,3178,22,,,2,96,,3162,22,,,2,100,,3177,22,,,2,100,,3159,22,,,2,97,,3158,22,,,2,103,,3157,22,,,2,26,,3166,22,,,2,70,,3165,22,,,2,107,,3172,22,,,2,30,,6821,22,,,2,96,,3170,22,,,2,100,,3167,22,,,2,88,,3169,22,,,2,99,,3171,22,,,2,100,,3168,22,,,2,101,,3173,22,,,2
25202,'SEM',539,,5055,54,,,2,94,,5056,54,,,2,185,,5054,54,,,2
