2202,'DIM',729,,383,41,,,2,100,,382,41,,,2,100,,381,41,,,2,100,,387,41,,,2,101,,384,41,,,2,100,,386,41,,,2,96,,385,41,,,2,106,,380,41,,,2,98,,374,41,,,2,114,,388,41,,,2,88,,376,41,,,2,100,,377,41,,,2,98,,379,41,,,2,101,,378,41,,,2,100,,373,41,,,2,100,,375,41,,,2
2202,'SAM',631,,405,25,,,2,98,,399,41,,,2,100,,396,41,,,2,100,,395,41,,,2,98,,401,41,,,2,103,,400,41,,,2,100,,398,41,,,2,96,,404,41,,,2,104,,397,41,,,2,100,,403,41,,,2,112,,402,41,,,2,90,,390,41,,,2,100,,392,41,,,2,98,,389,41,,,2,101,,391,41,,,2,100,,394,41,,,2,100,,393,41,,,2
2202,'SEM',607,,416,41,,,2,18,,418,41,,,2,105,,425,41,,,2,71,,414,41,,,2,30,,406,41,,,2,98,,408,41,,,2,71,,407,41,,,2,29,,426,41,,,2,101,,412,41,,,2,100,,424,41,,,2,100,,427,41,,,2,102,,411,41,,,2,100,,413,41,,,2,102,,409,41,,,2,24,,410,41,,,2,75,,417,41,,,2,99,,415,41,,,2,100,,423,41,,,2,101,,422,41,,,2,97,,420,41,,,2,107,,419,41,,,2,96,,421,41,,,2
5802,'DIM',608,,3047,18,,,2,100,,3054,18,,,2,51,,3051,18,,,2,100,,3055,18,,,2,100,,3058,18,,,2,99,,3050,18,,,2,101,,3060,18,,,2,100,,3057,18,,,2,141,,3053,18,,,2,59,,3056,18,,,2,141,,3052,18,,,2,59,,3046,18,,,2,141,,3059,18,,,2,101,,3043,18,,,2,100,,3049,18,,,2,99,,3045,18,,,2,59,,3044,18,,,2,98,,3048,18,,,2
5802,'SAM',608,,3078,18,,,2,100,,3070,18,,,2,51,,3069,18,,,2,100,,3074,18,,,2,100,,3072,18,,,2,99,,3075,18,,,2,101,,3077,18,,,2,100,,3061,18,,,2,98,,3068,18,,,2,101,,3073,18,,,2,101,,3071,18,,,2,141,,3076,18,,,2,100,,3063,18,,,2,101,,3066,18,,,2,100,,3062,18,,,2,99,,3067,18,,,2,59,,3064,18,,,2,98,,3065,18,,,2
5802,'SEM',526,,3096,18,,,2,74,,3090,18,,,2,22,,3089,18,,,2,80,,3097,18,,,2,35,,3099,18,,,2,69,,3082,18,,,2,33,,5550,18,,,2,83,,3085,18,,,2,99,,3100,18,,,2,100,,3079,18,,,2,100,,3086,18,,,2,100,,3098,18,,,2,101,,3080,18,,,2,25,,3083,18,,,2,69,,3087,18,,,2,102,,3093,18,,,2,33,,3084,18,,,2,94,,3088,18,,,2,96,,3094,18,,,2,100,,5247,18,,,2,100,,3095,18,,,2,98,,3092,18,,,2,99,,3091,18,,,2
22202,'DIM',1443,,4846,30,,,2
22202,'SAM',1443,,4849,30,,,2,898,,4847,30,,,2,100,,4848,30,,,2
22202,'SEM',543,,4856,30,,,2,159,,4851,30,,,2,41,,4852,30,,,2,767,,4855,30,,,2,35,,4850,30,,,2,703,,4853,30,,,2,65,,4854,30,,,2
32202,'SAM',2556,,4960,24,,,2
32202,'SEM',2425,,4961,24,,,2,84,,4962,24,,,2
