1703,'DIM',633,,6972,43,,,1,89,,6965,43,,,1,101,,100,43,,,1,102,,6967,43,,,1,97,,6968,43,,,1,102,,6964,43,,,1,100,,6970,43,,,1,100,,6966,43,,,1,102,,6969,43,,,1,100,,6971,43,,,1,102,,6954,43,,,1,98,,6958,43,,,1,98,,6957,43,,,1,101,,6956,43,,,1,98,,6959,43,,,1,98,,6962,43,,,1,100,,6955,43,,,1,100,,6960,43,,,1,102,,6961,43,,,1,117,,6963,43,,,1
1703,'SAM',555,,6984,43,,,1,78,,6990,43,,,1,89,,121,43,,,1,101,,6981,43,,,1,102,,6983,43,,,1,97,,6985,43,,,1,101,,6989,43,,,1,101,,6987,43,,,1,101,,6982,43,,,1,101,,6988,43,,,1,100,,6986,43,,,1,102,,6991,43,,,1,99,,6992,43,,,1,98,,6973,43,,,1,100,,6978,43,,,1,98,,6975,43,,,1,98,,6974,43,,,1,100,,6976,43,,,1,100,,6979,43,,,1,102,,6980,43,,,1,117,,6977,43,,,1
1703,'SEM',615,,7010,43,,,1,104,,7012,43,,,1,106,,7011,43,,,1,96,,6996,43,,,1,101,,7009,43,,,1,101,,7008,43,,,1,101,,7014,43,,,1,101,,6997,43,,,1,100,,6994,43,,,1,99,,7013,43,,,1,35,,7016,43,,,1,60,,7015,43,,,1,36,,6993,43,,,1,63,,7004,43,,,1,37,,6995,43,,,1,79,,6998,43,,,1,70,,7001,43,,,1,27,,7006,43,,,1,99,,7007,43,,,1,100,,6999,43,,,1,99,,7000,43,,,1,99,,7002,43,,,1,99,,7003,43,,,1,102,,7005,43,,,1
3103,'DIM',652,,7902,45,,,1,101,,7901,45,,,1,100,,1058,45,,,1,100,,7906,45,,,1,100,,7905,45,,,1,100,,7903,45,,,1,103,,7892,45,,,1,101,,7904,45,,,1,99,,7891,45,,,1,101,,7890,45,,,1,99,,7895,45,,,1,98,,7897,45,,,1,103,,7896,45,,,1,96,,7898,45,,,1,101,,7894,45,,,1,100,,7893,45,,,1,99,,7899,45,,,1,99,,7900,45,,,1
3103,'SAM',652,,7919,45,,,1,101,,7918,45,,,1,100,,1075,45,,,1,100,,7923,45,,,1,100,,7924,45,,,1,100,,7920,45,,,1,101,,7916,45,,,1,102,,7921,45,,,1,100,,7917,45,,,1,101,,7922,45,,,1,100,,7911,45,,,1,98,,7913,45,,,1,100,,7909,45,,,1,99,,7914,45,,,1,100,,7907,45,,,1,100,,7908,45,,,1,99,,7910,45,,,1,100,,7912,45,,,1,95,,7915,45,,,1
3103,'SEM',650,,7946,45,,,1,100,,7944,45,,,1,101,,7945,45,,,1,101,,7925,45,,,1,101,,7926,45,,,1,100,,7928,45,,,1,100,,7947,45,,,1,100,,7927,45,,,1,102,,7932,45,,,1,98,,7933,45,,,1,51,,7934,45,,,1,37,,7929,45,,,1,69,,7938,45,,,1,40,,7935,45,,,1,68,,7931,45,,,1,36,,7943,45,,,1,69,,7930,45,,,1,36,,7942,45,,,1,100,,7936,45,,,1,141,,7939,45,,,1,59,,7940,45,,,1,96,,7937,45,,,1,154,,7941,45,,,1
3903,'DIM',856,,1407,56,,,1,100,,8236,66,,,1,70,,8241,66,,,1,31,,8242,66,,,1,70,,8239,66,,,1,74,,8240,66,,,1,26,,8243,66,,,1,29,,8233,66,,,1,71,,8237,66,,,1,30,,8234,66,,,1,71,,8220,66,,,1,30,,8223,66,,,1,72,,8226,66,,,1,70,,8238,66,,,1,31,,8227,66,,,1,70,,8228,66,,,1,25,,8229,66,,,1,18,,8235,66,,,1,10,,8230,66,,,1,64,,8224,66,,,1,25,,8231,66,,,1,99,,8221,66,,,1,99,,8232,66,,,1,98,,8222,66,,,1,104,,8225,66,,,1
3903,'SAM',856,,8268,56,,,1,100,,8263,66,,,1,70,,8267,66,,,1,31,,8244,66,,,1,70,,8258,66,,,1,74,,8261,66,,,1,26,,8260,66,,,1,30,,8245,66,,,1,70,,8259,66,,,1,30,,8262,66,,,1,71,,8246,66,,,1,30,,8265,66,,,1,72,,8249,66,,,1,70,,8250,66,,,1,31,,8252,66,,,1,70,,8266,66,,,1,25,,8253,66,,,1,18,,8264,66,,,1,11,,8251,66,,,1,63,,8248,66,,,1,29,,8247,66,,,1,97,,8255,66,,,1,97,,8254,66,,,1,98,,8257,66,,,1,104,,8256,66,,,1
3903,'SEM',748,,8291,66,,,1,101,,8273,66,,,1,104,,8271,66,,,1,72,,8275,66,,,1,29,,8292,66,,,1,71,,8293,66,,,1,29,,8286,66,,,1,71,,8290,66,,,1,28,,8294,66,,,1,78,,8270,66,,,1,74,,8277,66,,,1,27,,8279,66,,,1,72,,8280,66,,,1,35,,8269,66,,,1,78,,8287,66,,,1,23,,8281,66,,,1,68,,8272,66,,,1,24,,8274,66,,,1,73,,8282,66,,,1,39,,8283,66,,,1,79,,8276,66,,,1,99,,8278,66,,,1,95,,8284,66,,,1,102,,8288,66,,,1,95,,8285,66,,,1,87,,8289,66,,,1
4503,'DIM',700,,8950,44,,,1,100,,8960,44,,,1,101,,8958,44,,,1,99,,8964,44,,,1,101,,8959,44,,,1,58,,8962,44,,,1,145,,8952,44,,,1,101,,8956,44,,,1,98,,8949,44,,,1,102,,8947,44,,,1,52,,8961,44,,,1,102,,8963,44,,,1,143,,8948,44,,,1,102,,8957,44,,,1,101,,8951,44,,,1,99,,8954,44,,,1,99,,8955,44,,,1,101,,8953,44,,,1
4503,'SAM',700,,8978,44,,,1,100,,8974,44,,,1,101,,8977,44,,,1,99,,8976,44,,,1,101,,8966,44,,,1,57,,8975,44,,,1,146,,8979,44,,,1,100,,8970,44,,,1,101,,8981,44,,,1,101,,8980,44,,,1,51,,8982,44,,,1,145,,8965,44,,,1,100,,8972,44,,,1,102,,8967,44,,,1,101,,8971,44,,,1,99,,8969,44,,,1,99,,8973,44,,,1,101,,8968,44,,,1
4503,'SEM',651,,8988,44,,,1,58,,8986,44,,,1,34,,8983,44,,,1,68,,9003,44,,,1,25,,8987,44,,,1,79,,8985,44,,,1,25,,9004,44,,,1,110,,9002,44,,,1,100,,8991,44,,,1,96,,8989,44,,,1,100,,9005,44,,,1,103,,8984,44,,,1,106,,9006,44,,,1,68,,8993,44,,,1,87,,8996,44,,,1,18,,8990,44,,,1,17,,8997,44,,,1,71,,8999,44,,,1,39,,8995,44,,,1,97,,8994,44,,,1,100,,8998,44,,,1,100,,9001,44,,,1,99,,8992,44,,,1,95,,9000,44,,,1
