2602,'DIM',627,,777,7,,,2,23,,7645,7,,,2,67,,7639,7,,,2,30,,7641,7,,,2,70,,794,7,,,2,31,,7652,7,,,2,69,,7646,7,,,2,30,,7640,7,,,2,66,,7649,7,,,2,24,,7642,7,,,2,20,,7653,7,,,2,60,,7635,7,,,2,19,,7655,7,,,2,20,,7648,7,,,2,59,,7657,7,,,2,21,,7617,7,,,2,19,,7650,7,,,2,62,,7638,7,,,2,19,,7643,7,,,2,21,,7644,7,,,2,62,,7618,7,,,2,18,,7619,7,,,2,20,,7636,7,,,2,60,,7637,7,,,2,19,,7616,7,,,2,21,,7651,7,,,2,60,,7654,7,,,2,20,,7647,7,,,2,22,,7627,7,,,2,82,,7632,7,,,2,70,,7628,7,,,2,30,,780,7,,,2,70,,7656,7,,,2,30,,7658,7,,,2,70,,7624,7,,,2,29,,7620,7,,,2,70,,7631,7,,,2,30,,7621,7,,,2,71,,7622,7,,,2,29,,7630,7,,,2,70,,7626,7,,,2,28,,7623,7,,,2,71,,7625,7,,,2,30,,7629,7,,,2,85,,7633,7,,,2,78,,7634,7,,,2
2602,'SAM',627,,832,7,,,2,23,,7692,7,,,2,67,,7689,7,,,2,30,,7694,7,,,2,70,,7690,7,,,2,30,,7697,7,,,2,70,,7695,7,,,2,30,,7703,7,,,2,65,,7688,7,,,2,25,,7699,7,,,2,20,,7685,7,,,2,60,,7704,7,,,2,19,,7701,7,,,2,20,,7663,7,,,2,59,,7698,7,,,2,21,,7693,7,,,2,20,,7684,7,,,2,61,,7686,7,,,2,21,,7687,7,,,2,19,,7660,7,,,2,62,,7662,7,,,2,18,,7664,7,,,2,20,,7696,7,,,2,62,,7702,7,,,2,16,,7691,7,,,2,21,,7665,7,,,2,61,,7700,7,,,2,20,,7669,7,,,2,22,,7674,7,,,2,82,,7677,7,,,2,70,,7680,7,,,2,30,,7683,7,,,2,71,,7678,7,,,2,29,,7661,7,,,2,70,,7668,7,,,2,29,,7667,7,,,2,70,,7675,7,,,2,30,,7670,7,,,2,70,,7671,7,,,2,30,,7681,7,,,2,70,,7666,7,,,2,28,,7672,7,,,2,71,,7673,7,,,2,30,,7682,7,,,2,85,,7679,7,,,2,78,,7676,7,,,2
2602,'SEM',510,,7748,7,,,2,22,,7763,7,,,2,74,,7734,7,,,2,20,,7706,7,,,2,17,,7735,7,,,2,15,,7750,7,,,2,50,,7752,7,,,2,20,,7760,7,,,2,14,,7765,7,,,2,14,,7714,7,,,2,57,,7756,7,,,2,14,,7708,7,,,2,9,,7716,7,,,2,19,,7768,7,,,2,55,,7710,7,,,2,20,,7751,7,,,2,20,,7707,7,,,2,61,,7764,7,,,2,21,,7759,7,,,2,19,,7712,7,,,2,60,,7761,7,,,2,19,,7715,7,,,2,18,,7767,7,,,2,64,,7753,7,,,2,22,,7755,7,,,2,15,,7762,7,,,2,65,,7757,7,,,2,19,,7769,7,,,2,14,,7709,7,,,2,12,,7754,7,,,2,67,,7711,7,,,2,22,,7758,7,,,2,57,,7766,7,,,2,23,,7713,7,,,2,21,,7725,7,,,2,57,,7727,7,,,2,12,,7733,7,,,2,12,,7718,7,,,2,13,,7736,7,,,2,10,,7738,7,,,2,51,,7722,7,,,2,10,,7740,7,,,2,10,,7724,7,,,2,7,,7717,7,,,2,14,,7746,7,,,2,12,,7747,7,,,2,54,,7719,7,,,2,15,,7732,7,,,2,20,,7739,7,,,2,61,,7720,7,,,2,19,,7721,7,,,2,24,,7737,7,,,2,60,,7744,7,,,2,16,,7749,7,,,2,30,,7728,7,,,2,70,,7723,7,,,2,74,,7730,7,,,2,26,,7726,7,,,2,30,,7729,7,,,2,66,,7742,7,,,2,25,,7731,7,,,2,80,,7741,7,,,2,29,,7743,7,,,2,80,,7745,7,,,2
3602,'SEM',1516,,8114,7,,,2,23,,8115,7,,,2,72,,8108,7,,,2,24,,8113,7,,,2,73,,8109,7,,,2,31,,8110,7,,,2,65,,8111,7,,,2,29,,8112,7,,,2
4603,'DIM',641,,9078,7,,,1,105,,9079,7,,,1,105,,9071,7,,,1,101,,9083,7,,,1,97,,9080,7,,,1,103,,9085,7,,,1,100,,9086,7,,,1,101,,9077,7,,,1,101,,9081,7,,,1,99,,9068,7,,,1,100,,9084,7,,,1,100,,9082,7,,,1,99,,9070,7,,,1,100,,9087,7,,,1,100,,9074,7,,,1,100,,9069,7,,,1,100,,9072,7,,,1,99,,9073,7,,,1,99,,9075,7,,,1,150,,9076,7,,,1
4603,'SAM',641,,9100,7,,,1,105,,9101,7,,,1,105,,9105,7,,,1,101,,9104,7,,,1,97,,9103,7,,,1,103,,9099,7,,,1,99,,9106,7,,,1,97,,9088,7,,,1,106,,9089,7,,,1,105,,9102,7,,,1,94,,9107,7,,,1,100,,9091,7,,,1,99,,9092,7,,,1,100,,9096,7,,,1,100,,9093,7,,,1,100,,9097,7,,,1,100,,9090,7,,,1,99,,9095,7,,,1,99,,9098,7,,,1,151,,9094,7,,,1
4603,'SEM',652,,9127,7,,,1,97,,9130,7,,,1,73,,9124,7,,,1,33,,9123,7,,,1,67,,9112,7,,,1,30,,9128,7,,,1,70,,9109,7,,,1,30,,9125,7,,,1,70,,9126,7,,,1,30,,9108,7,,,1,70,,9134,7,,,1,28,,9113,7,,,1,72,,9131,7,,,1,30,,9133,7,,,1,70,,9116,7,,,1,35,,9129,7,,,1,65,,9132,7,,,1,31,,9115,7,,,1,71,,9110,7,,,1,24,,9114,7,,,1,70,,9111,7,,,1,35,,9119,7,,,1,64,,9118,7,,,1,35,,9122,7,,,1,60,,9120,7,,,1,35,,9137,7,,,1,100,,9117,7,,,1,101,,9138,7,,,1,103,,9135,7,,,1,100,,9136,7,,,1,150,,9121,7,,,1
6001,'DIM',741,,9939,3,,,1,101,,9947,3,,,1,100,,9945,3,,,1,103,,9946,3,,,1,100,,9948,3,,,1,101,,9951,3,,,1,101,,9949,3,,,1,101,,9952,3,,,1,101,,9950,3,,,1,102,,9953,3,,,1,93,,9954,3,,,1,101,,9941,3,,,1,99,,9943,3,,,1,99,,9942,3,,,1,99,,9944,3,,,1,99,,9938,3,,,1,100,,9940,3,,,1
6001,'SAM',640,,9961,3,,,1,101,,9966,3,,,1,101,,9957,3,,,1,100,,9969,3,,,1,102,,9971,3,,,1,101,,9967,3,,,1,101,,9970,3,,,1,101,,9968,3,,,1,101,,9956,3,,,1,101,,9972,3,,,1,102,,9955,3,,,1,93,,9959,3,,,1,102,,9964,3,,,1,98,,9960,3,,,1,99,,9962,3,,,1,99,,9965,3,,,1,99,,9958,3,,,1,100,,9963,3,,,1
6001,'SEM',525,,9987,3,,,1,100,,9973,3,,,1,85,,9991,3,,,1,36,,9985,3,,,1,75,,9989,3,,,1,100,,9975,3,,,1,100,,9992,3,,,1,100,,9990,3,,,1,103,,9976,3,,,1,100,,9974,3,,,1,100,,9986,3,,,1,101,,9988,3,,,1,99,,9977,3,,,1,104,,9981,3,,,1,100,,9979,3,,,1,90,,9984,3,,,1,99,,9982,3,,,1,100,,9978,3,,,1,100,,9980,3,,,1,95,,9983,3,,,1
