2402,'DIM',708,,7396,3,,,1,103,,7398,3,,,1,99,,7387,3,,,1,98,,7397,3,,,1,33,,7402,3,,,1,68,,7404,3,,,1,31,,7382,3,,,1,72,,7403,3,,,1,30,,7395,3,,,1,70,,7381,3,,,1,30,,7401,3,,,1,74,,7399,3,,,1,26,,7384,3,,,1,65,,7405,3,,,1,35,,7400,3,,,1,69,,7385,3,,,1,31,,7388,3,,,1,71,,7383,3,,,1,29,,7406,3,,,1,70,,7389,3,,,1,100,,7380,3,,,1,100,,7393,3,,,1,100,,7390,3,,,1,100,,7386,3,,,1,95,,7394,3,,,1,100,,7392,3,,,1,105,,7391,3,,,1
2402,'SAM',612,,7431,3,,,1,96,,7421,3,,,1,103,,7424,3,,,1,99,,7423,3,,,1,98,,7430,3,,,1,33,,7426,3,,,1,68,,7433,3,,,1,31,,7419,3,,,1,72,,7429,3,,,1,29,,7422,3,,,1,71,,7432,3,,,1,30,,7407,3,,,1,74,,7425,3,,,1,26,,7427,3,,,1,65,,7420,3,,,1,35,,7409,3,,,1,76,,7434,3,,,1,24,,7408,3,,,1,71,,7411,3,,,1,29,,7428,3,,,1,70,,7415,3,,,1,100,,7417,3,,,1,100,,7412,3,,,1,100,,7410,3,,,1,100,,7416,3,,,1,95,,7414,3,,,1,100,,7418,3,,,1,105,,7413,3,,,1
2402,'SEM',537,,7462,3,,,1,81,,7455,3,,,1,39,,7438,3,,,1,60,,7470,3,,,1,26,,7464,3,,,1,64,,7466,3,,,1,30,,7471,3,,,1,70,,7435,3,,,1,30,,7467,3,,,1,70,,7469,3,,,1,30,,7461,3,,,1,70,,7437,3,,,1,30,,7465,3,,,1,70,,7436,3,,,1,30,,7463,3,,,1,70,,7468,3,,,1,30,,7445,3,,,1,71,,7440,3,,,1,29,,7439,3,,,1,70,,7441,3,,,1,30,,7450,3,,,1,75,,7442,3,,,1,11,,7447,3,,,1,19,,7448,3,,,1,60,,7454,3,,,1,24,,7444,3,,,1,16,,7443,3,,,1,60,,7453,3,,,1,20,,7449,3,,,1,25,,7446,3,,,1,85,,7458,3,,,1,100,,7460,3,,,1,100,,7451,3,,,1,100,,7452,3,,,1,105,,7456,3,,,1,103,,7457,3,,,1,89,,7459,3,,,1
3303,'DIM',642,,8014,3,,,1,170,,8018,3,,,1,130,,8016,3,,,1,172,,8013,3,,,1,128,,8015,3,,,1,170,,8010,3,,,1,130,,8017,3,,,1,173,,8019,3,,,1,127,,8020,3,,,1,170,,8012,3,,,1,130,,8011,3,,,1
3303,'SAM',642,,8024,3,,,1,170,,8025,3,,,1,130,,8027,3,,,1,172,,8028,3,,,1,128,,8029,3,,,1,170,,8026,3,,,1,130,,8031,3,,,1,176,,8030,3,,,1,124,,8022,3,,,1,170,,8023,3,,,1,130,,8021,3,,,1
3303,'SEM',608,,8043,3,,,1,97,,8044,3,,,1,34,,8033,3,,,1,66,,8051,3,,,1,100,,8050,3,,,1,100,,8045,3,,,1,100,,8048,3,,,1,54,,8036,3,,,1,146,,8047,3,,,1,100,,8032,3,,,1,47,,8049,3,,,1,73,,8052,3,,,1,26,,8046,3,,,1,99,,8034,3,,,1,68,,8035,3,,,1,34,,8041,3,,,1,81,,8037,3,,,1,71,,8039,3,,,1,103,,8038,3,,,1,105,,8042,3,,,1,105,,8040,3,,,1
3703,'DIM',624,,8121,3,,,2,35,,8122,3,,,2,100,,8120,3,,,2,100,,8119,3,,,2,100,,8127,3,,,2,100,,8126,3,,,2,100,,8116,3,,,2,100,,8117,3,,,2,145,,8128,3,,,2,96,,8124,3,,,2,59,,8125,3,,,2,100,,8123,3,,,2,90,,8118,3,,,2
3703,'SAM',624,,1290,3,,,2,35,,8134,3,,,2,100,,8131,3,,,2,100,,8135,3,,,2,100,,8138,3,,,2,100,,8136,3,,,2,100,,8139,3,,,2,141,,8132,3,,,2,59,,8130,3,,,2,142,,8133,3,,,2,99,,8129,3,,,2,59,,8137,3,,,2,90,,8140,3,,,2
3703,'SEM',544,,8157,3,,,2,15,,8145,3,,,2,55,,1324,3,,,2,15,,8156,3,,,2,14,,8161,3,,,2,16,,8165,3,,,2,60,,8142,3,,,2,36,,8146,3,,,2,78,,8160,3,,,2,69,,8166,3,,,2,100,,8144,3,,,2,100,,8163,3,,,2,100,,8147,3,,,2,100,,8158,3,,,2,100,,8164,3,,,2,42,,8162,3,,,2,60,,8143,3,,,2,26,,8159,3,,,2,72,,8141,3,,,2,33,,8167,3,,,2,102,,8148,3,,,2,99,,8154,3,,,2,103,,8149,3,,,2,100,,8153,3,,,2,100,,8155,3,,,2,100,,8150,3,,,2,97,,8152,3,,,2,102,,8151,3,,,2
6303,'DIM',732,,10176,3,,,1,100,,10178,3,,,1,100,,10169,3,,,1,96,,10177,3,,,1,103,,10181,3,,,1,95,,10179,3,,,1,103,,10182,3,,,1,103,,10180,3,,,1,101,,10183,3,,,1,100,,10184,3,,,1,101,,10170,3,,,1,98,,10166,3,,,1,100,,10167,3,,,1,100,,10172,3,,,1,100,,10168,3,,,1,100,,10173,3,,,1,100,,10171,3,,,1,100,,10174,3,,,1,99,,10175,3,,,1
6303,'SAM',632,,10198,3,,,1,100,,10202,3,,,1,100,,10199,3,,,1,100,,10197,3,,,1,96,,10201,3,,,1,103,,10200,3,,,1,95,,10204,3,,,1,103,,10203,3,,,1,103,,10185,3,,,1,103,,10186,3,,,1,98,,10187,3,,,1,101,,10189,3,,,1,98,,10188,3,,,1,100,,10193,3,,,1,100,,10190,3,,,1,100,,10191,3,,,1,100,,10194,3,,,1,100,,10192,3,,,1,100,,10195,3,,,1,99,,10196,3,,,1
6303,'SEM',551,,10220,3,,,1,60,,10230,3,,,1,15,,10231,3,,,1,76,,10237,3,,,1,14,,10235,3,,,1,33,,10209,3,,,1,63,,10211,3,,,1,34,,10212,3,,,1,73,,10205,3,,,1,26,,10208,3,,,1,73,,10234,3,,,1,27,,10222,3,,,1,70,,10238,3,,,1,26,,10232,3,,,1,77,,10206,3,,,1,27,,10207,3,,,1,70,,10236,3,,,1,30,,10233,3,,,1,72,,10239,3,,,1,32,,10214,3,,,1,65,,10213,3,,,1,34,,10218,3,,,1,59,,10216,3,,,1,25,,10210,3,,,1,73,,10219,3,,,1,40,,10217,3,,,1,100,,10215,3,,,1,81,,10223,3,,,1,94,,10226,3,,,1,95,,10221,3,,,1,88,,10224,3,,,1,107,,10225,3,,,1,100,,10229,3,,,1,105,,10227,3,,,1,94,,10228,3,,,1
