2202,'DIM',727,,7249,34,,,2,100,,7248,34,,,2,100,,7247,34,,,2,100,,6315,34,,,2,101,,7250,34,,,2,100,,7252,34,,,2,96,,7251,34,,,2,106,,7246,34,,,2,98,,7240,34,,,2,114,,7253,34,,,2,88,,7242,34,,,2,100,,7243,34,,,2,98,,7245,34,,,2,101,,7244,34,,,2,100,,7239,34,,,2,100,,7241,34,,,2
2202,'SAM',629,,7270,18,,,2,98,,7264,34,,,2,100,,7261,34,,,2,100,,7260,34,,,2,98,,7266,34,,,2,103,,7265,34,,,2,100,,7263,34,,,2,96,,7269,34,,,2,104,,7262,34,,,2,100,,7268,34,,,2,112,,7267,34,,,2,90,,7255,34,,,2,100,,7257,34,,,2,98,,7254,34,,,2,101,,7256,34,,,2,100,,7259,34,,,2,100,,7258,34,,,2
2202,'SEM',604,,6230,34,,,2,18,,7282,34,,,2,105,,7289,34,,,2,31,,7279,34,,,2,70,,7271,34,,,2,98,,7273,34,,,2,31,,7272,34,,,2,69,,7290,34,,,2,101,,7277,34,,,2,100,,7288,34,,,2,100,,7291,34,,,2,102,,7276,34,,,2,100,,7278,34,,,2,102,,7274,34,,,2,24,,7275,34,,,2,75,,7281,34,,,2,99,,7280,34,,,2,100,,7287,34,,,2,101,,7286,34,,,2,98,,7284,34,,,2,107,,7283,34,,,2,96,,7285,34,,,2
5002,'DIM',605,,9440,11,,,1,100,,2653,11,,,1,100,,9423,11,,,1,96,,9438,11,,,1,107,,9431,11,,,1,25,,9441,11,,,1,77,,9433,11,,,1,24,,9445,11,,,1,79,,9443,11,,,1,22,,9444,11,,,1,75,,9446,11,,,1,29,,9432,11,,,1,73,,9434,11,,,1,36,,9447,11,,,1,69,,9436,11,,,1,34,,9435,11,,,1,70,,9442,11,,,1,26,,9439,11,,,1,71,,9437,11,,,1,99,,9425,11,,,1,99,,9427,11,,,1,99,,9430,11,,,1,99,,9424,11,,,1,98,,9428,11,,,1,98,,9426,11,,,1,100,,9429,11,,,1
5002,'SAM',605,,9455,11,,,1,100,,9458,11,,,1,100,,9449,11,,,1,99,,9470,11,,,1,104,,9469,11,,,1,25,,9468,11,,,1,76,,9466,11,,,1,25,,9450,11,,,1,79,,9473,11,,,1,22,,9472,11,,,1,75,,9451,11,,,1,29,,9462,11,,,1,73,,9464,11,,,1,36,,9467,11,,,1,69,,9463,11,,,1,34,,9465,11,,,1,70,,9453,11,,,1,26,,9454,11,,,1,71,,9448,11,,,1,99,,9471,11,,,1,99,,9459,11,,,1,99,,9461,11,,,1,99,,9460,11,,,1,98,,9456,11,,,1,98,,9452,11,,,1,100,,9457,11,,,1
5002,'SEM',453,,9480,11,,,1,75,,9502,11,,,1,31,,9498,11,,,1,70,,9474,11,,,1,75,,9506,11,,,1,31,,9499,11,,,1,24,,9475,11,,,1,75,,9492,11,,,1,66,,9478,11,,,1,31,,9504,11,,,1,26,,9505,11,,,1,73,,9501,11,,,1,27,,9477,11,,,1,73,,9481,11,,,1,28,,9500,11,,,1,72,,9489,11,,,1,72,,9503,11,,,1,30,,9482,11,,,1,70,,9485,11,,,1,41,,9476,11,,,1,67,,9486,11,,,1,37,,9479,11,,,1,72,,9493,11,,,1,31,,9483,11,,,1,70,,9484,11,,,1,30,,9491,11,,,1,69,,9487,11,,,1,30,,9490,11,,,1,105,,9494,11,,,1,105,,11986,11,,,1,141,,9488,11,,,1,110,,9496,11,,,1,105,,9495,11,,,1,98,,9497,11,,,1
5802,'DIM',605,,9883,11,,,2,100,,9890,11,,,2,51,,9887,11,,,2,100,,9891,11,,,2,100,,9894,11,,,2,99,,9886,11,,,2,101,,9896,11,,,2,100,,9893,11,,,2,101,,9889,11,,,2,99,,9892,11,,,2,101,,9888,11,,,2,99,,9882,11,,,2,101,,9895,11,,,2,101,,9879,11,,,2,100,,9885,11,,,2,99,,9881,11,,,2,99,,9880,11,,,2,98,,9884,11,,,2
5802,'SAM',605,,9914,11,,,2,100,,9906,11,,,2,51,,9905,11,,,2,100,,9910,11,,,2,100,,9908,11,,,2,99,,9911,11,,,2,101,,9913,11,,,2,100,,9897,11,,,2,98,,9904,11,,,2,101,,9909,11,,,2,101,,9907,11,,,2,101,,9912,11,,,2,100,,9899,11,,,2,101,,9902,11,,,2,100,,9898,11,,,2,99,,9903,11,,,2,99,,9900,11,,,2,98,,9901,11,,,2
5802,'SEM',523,,9932,11,,,2,34,,9926,11,,,2,62,,9925,11,,,2,40,,9933,11,,,2,75,,9935,11,,,2,69,,9918,11,,,2,33,,9917,11,,,2,83,,9921,11,,,2,99,,9936,11,,,2,100,,9915,11,,,2,100,,9922,11,,,2,100,,9934,11,,,2,101,,9916,11,,,2,25,,9919,11,,,2,69,,9923,11,,,2,102,,9929,11,,,2,33,,9920,11,,,2,94,,9924,11,,,2,96,,9930,11,,,2,100,,11992,11,,,2,100,,9931,11,,,2,98,,9928,11,,,2,99,,9927,11,,,2
22202,'DIM',1441,,4994,23,,,2
22202,'SAM',1441,,11668,23,,,2,898,,11666,23,,,2,100,,11667,23,,,2
22202,'SEM',541,,11675,23,,,2,159,,11670,23,,,2,41,,11671,23,,,2,767,,11674,23,,,2,35,,11669,23,,,2,703,,11672,23,,,2,65,,11673,23,,,2
32202,'SAM',2554,,11777,17,,,2
32202,'SEM',2422,,12016,17,,,2,84,,11778,17,,,2
