1601,'SEM',1623,,74,18,,,1,32,,72,18,,,1,74,,75,18,,,1,24,,73,18,,,1,72,,76,18,,,1
3903,'DIM',923,,1387,9,,,1,30,,1392,9,,,1,71,,1393,9,,,1,30,,1390,9,,,1,74,,1391,9,,,1,26,,1394,9,,,1,69,,1384,9,,,1,31,,1388,9,,,1,70,,1385,9,,,1,30,,1371,9,,,1,70,,1374,9,,,1,31,,1377,9,,,1,70,,1389,9,,,1,31,,1378,9,,,1,71,,1379,9,,,1,25,,1380,9,,,1,58,,1386,9,,,1,10,,1381,9,,,1,24,,1375,9,,,1,65,,1382,9,,,1,99,,1372,9,,,1,100,,1383,9,,,1,99,,1373,9,,,1,104,,1376,9,,,1
3903,'SAM',923,,1415,9,,,1,30,,1419,9,,,1,71,,1396,9,,,1,30,,1410,9,,,1,74,,1413,9,,,1,26,,1412,9,,,1,70,,1397,9,,,1,30,,1411,9,,,1,70,,1414,9,,,1,30,,1398,9,,,1,70,,1417,9,,,1,31,,1401,9,,,1,70,,1402,9,,,1,31,,1404,9,,,1,71,,1418,9,,,1,25,,1405,9,,,1,58,,1416,9,,,1,11,,1403,9,,,1,23,,1400,9,,,1,69,,1399,9,,,1,97,,1407,9,,,1,98,,1406,9,,,1,99,,1409,9,,,1,104,,1408,9,,,1
3903,'SEM',714,,1443,9,,,1,99,,1425,9,,,1,104,,1423,9,,,1,33,,1427,9,,,1,69,,5305,9,,,1,31,,1445,9,,,1,68,,1438,9,,,1,31,,5306,9,,,1,67,,1446,9,,,1,38,,1422,9,,,1,73,,1429,9,,,1,27,,1431,9,,,1,71,,1432,9,,,1,34,,1421,9,,,1,77,,1439,9,,,1,23,,1433,9,,,1,68,,1424,9,,,1,25,,1426,9,,,1,75,,1434,9,,,1,80,,1435,9,,,1,40,,1428,9,,,1,99,,1430,9,,,1,96,,1436,9,,,1,103,,1440,9,,,1,99,,1437,9,,,1,88,,1441,9,,,1
4001,'DIM',834,,1522,28,,,1,102,,1531,28,,,1,101,,1533,28,,,1,100,,1534,28,,,1,99,,1532,28,,,1,101,,1535,28,,,1,100,,1530,28,,,1,100,,1529,28,,,1,100,,1519,28,,,1,104,,1525,28,,,1,97,,1528,28,,,1,98,,1526,28,,,1,99,,1521,28,,,1,99,,1520,28,,,1,98,,1523,28,,,1,100,,1524,28,,,1,93,,1527,28,,,1
4001,'SAM',731,,1542,28,,,1,103,,1544,28,,,1,102,,1551,28,,,1,101,,1548,28,,,1,96,,1549,28,,,1,104,,1547,28,,,1,100,,1552,28,,,1,100,,1550,28,,,1,99,,1543,28,,,1,101,,1553,28,,,1,104,,1536,28,,,1,97,,1545,28,,,1,98,,1537,28,,,1,99,,1539,28,,,1,99,,1546,28,,,1,98,,1538,28,,,1,100,,1540,28,,,1,93,,1541,28,,,1
4001,'SEM',503,,1559,28,,,1,25,,1581,28,,,1,76,,1564,28,,,1,32,,1583,28,,,1,71,,1557,28,,,1,25,,1587,28,,,1,21,,1590,28,,,1,63,,1588,28,,,1,18,,1574,28,,,1,69,,1563,28,,,1,23,,1556,28,,,1,76,,1558,28,,,1,30,,1565,28,,,1,70,,1584,28,,,1,31,,1566,28,,,1,71,,1586,28,,,1,30,,1582,28,,,1,70,,1561,28,,,1,30,,1585,28,,,1,75,,1555,28,,,1,37,,1562,28,,,1,60,,1560,28,,,1,30,,1554,28,,,1,71,,1570,28,,,1,33,,1589,28,,,1,72,,1571,28,,,1,28,,1567,28,,,1,74,,1575,28,,,1,31,,1568,28,,,1,70,,1576,28,,,1,28,,1573,28,,,1,69,,1577,28,,,1,99,,1572,28,,,1,98,,1569,28,,,1,104,,1578,28,,,1,87,,1579,28,,,1,100,,1580,28,,,1
4201,'DIM',513,,1664,13,,,2,103,,1688,13,,,2,30,,1707,13,,,2,70,,1693,13,,,2,31,,1689,13,,,2,71,,1696,13,,,2,27,,1700,13,,,2,71,,1703,13,,,2,31,,1694,13,,,2,66,,1698,13,,,2,35,,1697,13,,,2,60,,1681,13,,,2,23,,1686,13,,,2,18,,1685,13,,,2,62,,1687,13,,,2,18,,1691,13,,,2,20,,1690,13,,,2,59,,1710,13,,,2,22,,1704,13,,,2,21,,1699,13,,,2,60,,1695,13,,,2,21,,1706,13,,,2,20,,1668,13,,,2,60,,1670,13,,,2,20,,1671,13,,,2,21,,1705,13,,,2,58,,1692,13,,,2,21,,1701,13,,,2,20,,1669,13,,,2,55,,1709,13,,,2,15,,1708,13,,,2,14,,1680,13,,,2,13,,1702,13,,,2,58,,1666,13,,,2,32,,1665,13,,,2,70,,1676,13,,,2,30,,1663,13,,,2,70,,1672,13,,,2,29,,1683,13,,,2,70,,1667,13,,,2,31,,1674,13,,,2,70,,1678,13,,,2,30,,1679,13,,,2,70,,1673,13,,,2,35,,1677,13,,,2,70,,1675,13,,,2,34,,1682,13,,,2,75,,1684,13,,,2
4201,'SAM',513,,1711,13,,,2,103,,1739,13,,,2,30,,1714,13,,,2,70,,1746,13,,,2,31,,1742,13,,,2,71,,1741,13,,,2,27,,1745,13,,,2,71,,1752,13,,,2,31,,1757,13,,,2,65,,1750,13,,,2,36,,1736,13,,,2,60,,1748,13,,,2,22,,1740,13,,,2,19,,1731,13,,,2,61,,1738,13,,,2,19,,1712,13,,,2,20,,1744,13,,,2,59,,1743,13,,,2,22,,1737,13,,,2,21,,1747,13,,,2,60,,1713,13,,,2,20,,1749,13,,,2,20,,1753,13,,,2,61,,1717,13,,,2,20,,1755,13,,,2,21,,1758,13,,,2,59,,1759,13,,,2,19,,1723,13,,,2,21,,1756,13,,,2,54,,1725,13,,,2,16,,1751,13,,,2,14,,1727,13,,,2,15,,1754,13,,,2,56,,1730,13,,,2,36,,1715,13,,,2,66,,1718,13,,,2,30,,1734,13,,,2,70,,1720,13,,,2,29,,1722,13,,,2,73,,1716,13,,,2,27,,1719,13,,,2,70,,1721,13,,,2,31,,1724,13,,,2,70,,1726,13,,,2,35,,1728,13,,,2,70,,1735,13,,,2,34,,1729,13,,,2,75,,1733,13,,,2,30,,1732,13,,,2
4201,'SEM',615,,1808,13,,,2,29,,1762,13,,,2,57,,1803,13,,,2,21,,1806,13,,,2,21,,1809,13,,,2,62,,1807,13,,,2,19,,1763,13,,,2,19,,1802,13,,,2,62,,1760,13,,,2,19,,1766,13,,,2,19,,1792,13,,,2,63,,1804,13,,,2,18,,1805,13,,,2,23,,1768,13,,,2,57,,5310,13,,,2,23,,1770,13,,,2,20,,1771,13,,,2,59,,1772,13,,,2,22,,1765,13,,,2,15,,1774,13,,,2,63,,1775,13,,,2,19,,1776,13,,,2,21,,1764,13,,,2,61,,1780,13,,,2,20,,1810,13,,,2,19,,1784,13,,,2,59,,1785,13,,,2,20,,1786,13,,,2,14,,1788,13,,,2,12,,1761,13,,,2,53,,1767,13,,,2,11,,1779,13,,,2,13,,1791,13,,,2,14,,1793,13,,,2,15,,1782,13,,,2,55,,1778,13,,,2,14,,1777,13,,,2,15,,1797,13,,,2,15,,1799,13,,,2,55,,1769,13,,,2,15,,1801,13,,,2,23,,1794,13,,,2,54,,1798,13,,,2,21,,1773,13,,,2,27,,1800,13,,,2,71,,1781,13,,,2,28,,1783,13,,,2,73,,1787,13,,,2,28,,1789,13,,,2,107,,5226,13,,,2,93,,1796,13,,,2,84,,1795,13,,,2
5001,'DIM',525,,2502,9,,,1,100,,2510,9,,,1,100,,2498,9,,,1,96,,2515,9,,,1,101,,2507,9,,,1,33,,2517,9,,,1,77,,2509,9,,,1,23,,2522,9,,,1,78,,2520,9,,,1,22,,2521,9,,,1,75,,2523,9,,,1,29,,2508,9,,,1,72,,2511,9,,,1,76,,2524,9,,,1,29,,2513,9,,,1,73,,2512,9,,,1,30,,2518,9,,,1,63,,2516,9,,,1,34,,2514,9,,,1,81,,2519,9,,,1,18,,2500,9,,,1,100,,2503,9,,,1,99,,2506,9,,,1,100,,2499,9,,,1,99,,2504,9,,,1,98,,2501,9,,,1,100,,2505,9,,,1
5001,'SAM',525,,2532,9,,,1,100,,2535,9,,,1,100,,2526,9,,,1,96,,2547,9,,,1,101,,2545,9,,,1,79,,2550,9,,,1,30,,2543,9,,,1,24,,2527,9,,,1,78,,2551,9,,,1,22,,2549,9,,,1,75,,2528,9,,,1,29,,2539,9,,,1,72,,2541,9,,,1,76,,2544,9,,,1,29,,2540,9,,,1,73,,2542,9,,,1,30,,2530,9,,,1,63,,2531,9,,,1,34,,2525,9,,,1,79,,2546,9,,,1,21,,2548,9,,,1,99,,2536,9,,,1,99,,2538,9,,,1,100,,2537,9,,,1,99,,2533,9,,,1,98,,2529,9,,,1,100,,2534,9,,,1
5001,'SEM',514,,2573,9,,,1,105,,2578,9,,,1,35,,2574,9,,,1,63,,2553,9,,,1,36,,2552,9,,,1,64,,2555,9,,,1,31,,2581,9,,,1,67,,2582,9,,,1,33,,2577,9,,,1,67,,2554,9,,,1,33,,2558,9,,,1,68,,2576,9,,,1,32,,2564,9,,,1,70,,2579,9,,,1,30,,2559,9,,,1,72,,2575,9,,,1,28,,2580,9,,,1,70,,2557,9,,,1,82,,2556,9,,,1,26,,2567,9,,,1,76,,2560,9,,,1,30,,2561,9,,,1,69,,2566,9,,,1,29,,2562,9,,,1,75,,2565,9,,,1,30,,2568,9,,,1,75,,2569,9,,,1,105,,5240,9,,,1,104,,2563,9,,,1,104,,2571,9,,,1,105,,2570,9,,,1,107,,2572,9,,,1
6104,'DIM',657,,3285,58,,,2,100,,3286,58,,,2,143,,3283,58,,,2,103,,3287,58,,,2,101,,3289,58,,,2,102,,3288,58,,,2,102,,3284,58,,,2,102,,3282,58,,,2,102,,3272,58,,,2,103,,3275,58,,,2,94,,3277,58,,,2,102,,3279,58,,,2,96,,3281,58,,,2,97,,3280,58,,,2,98,,3276,58,,,2,98,,3273,58,,,2,59,,3274,58,,,2,99,,3278,58,,,2
6104,'SAM',657,,3298,58,,,2,100,,3297,58,,,2,143,,3300,58,,,2,104,,3302,58,,,2,100,,3305,58,,,2,102,,3299,58,,,2,99,,3303,58,,,2,105,,3306,58,,,2,102,,3304,58,,,2,103,,3307,58,,,2,94,,3301,58,,,2,101,,3293,58,,,2,100,,3290,58,,,2,94,,3294,58,,,2,98,,3292,58,,,2,98,,3295,58,,,2,59,,3291,58,,,2,99,,3296,58,,,2
6104,'SEM',524,,3311,58,,,2,100,,3320,58,,,2,35,,3308,58,,,2,62,,3323,58,,,2,36,,3318,58,,,2,69,,3327,58,,,2,102,,3309,58,,,2,100,,3310,58,,,2,102,,3325,58,,,2,104,,3319,58,,,2,100,,3322,58,,,2,102,,3321,58,,,2,100,,3324,58,,,2,111,,3326,58,,,2,66,,3314,58,,,2,97,,3316,58,,,2,96,,3315,58,,,2,100,,3312,58,,,2,98,,3317,58,,,2,39,,3313,58,,,2,90,,5251,58,,,2,101,,5252,58,,,2
6304,'DIM',751,,3415,50,,,1,102,,3411,50,,,1,101,,3413,50,,,1,102,,3407,50,,,1,99,,3412,50,,,1,104,,3417,50,,,1,96,,3414,50,,,1,102,,3418,50,,,1,143,,3416,50,,,1,100,,3419,50,,,1,59,,3420,50,,,1,99,,3408,50,,,1,99,,3404,50,,,1,98,,3405,50,,,1,99,,3409,50,,,1,98,,3406,50,,,1,99,,3410,50,,,1
6304,'SAM',651,,3434,50,,,1,100,,3432,50,,,1,102,,3437,50,,,1,101,,3433,50,,,1,102,,3431,50,,,1,99,,3436,50,,,1,104,,3435,50,,,1,96,,3439,50,,,1,102,,3438,50,,,1,143,,3421,50,,,1,102,,3422,50,,,1,57,,3423,50,,,1,99,,3425,50,,,1,99,,3424,50,,,1,98,,3429,50,,,1,99,,3426,50,,,1,98,,3427,50,,,1,99,,3430,50,,,1,98,,3428,50,,,1
6304,'SEM',506,,3467,50,,,1,111,,3463,50,,,1,30,,3472,50,,,1,71,,3455,50,,,1,16,,3466,50,,,1,67,,3469,50,,,1,26,,3471,50,,,1,19,,3470,50,,,1,70,,3444,50,,,1,30,,3445,50,,,1,71,,3446,50,,,1,30,,3440,50,,,1,65,,3443,50,,,1,31,,3468,50,,,1,72,,5324,50,,,1,30,,3451,50,,,1,66,,3464,50,,,1,38,,3441,50,,,1,67,,3442,50,,,1,32,,3452,50,,,1,71,,3465,50,,,1,39,,3473,50,,,1,70,,3448,50,,,1,24,,3447,50,,,1,74,,3453,50,,,1,16,,3450,50,,,1,68,,3459,50,,,1,29,,3454,50,,,1,77,,3457,50,,,1,96,,3449,50,,,1,40,,3460,50,,,1,91,,3462,50,,,1,93,,3456,50,,,1,99,,3461,50,,,1
6504,'DIM',725,,3559,66,,,2,102,,3557,66,,,2,101,,3560,66,,,2,102,,3562,66,,,2,102,,3564,66,,,2,102,,3561,66,,,2,99,,3558,66,,,2,102,,3566,66,,,2,106,,3563,66,,,2,95,,3565,66,,,2,97,,3552,66,,,2,101,,3554,66,,,2,97,,3553,66,,,2,98,,3555,66,,,2,100,,3556,66,,,2,96,,3550,66,,,2,100,,3551,66,,,2
6504,'SAM',725,,3577,66,,,2,102,,3576,66,,,2,101,,3580,66,,,2,102,,3579,66,,,2,102,,3581,66,,,2,101,,3583,66,,,2,99,,3584,66,,,2,103,,3582,66,,,2,105,,3578,66,,,2,96,,3567,66,,,2,97,,3569,66,,,2,101,,3572,66,,,2,99,,3573,66,,,2,96,,3575,66,,,2,100,,3574,66,,,2,96,,3571,66,,,2,100,,3568,66,,,2,99,,3570,66,,,2
6504,'SEM',543,,3607,66,,,2,86,,3617,66,,,2,26,,3587,66,,,2,60,,3596,66,,,2,16,,3603,66,,,2,12,,3615,66,,,2,10,,3586,66,,,2,50,,3616,66,,,2,10,,3612,66,,,2,23,,3588,66,,,2,70,,3590,66,,,2,32,,3605,66,,,2,70,,3620,66,,,2,33,,3591,66,,,2,71,,3592,66,,,2,27,,3609,66,,,2,75,,3593,66,,,2,27,,3619,66,,,2,80,,3613,66,,,2,20,,3614,66,,,2,70,,3618,66,,,2,30,,3595,66,,,2,70,,3598,66,,,2,38,,3589,66,,,2,67,,3602,66,,,2,40,,3604,66,,,2,73,,3585,66,,,2,20,,3597,66,,,2,64,,3594,66,,,2,36,,3608,66,,,2,71,,3610,66,,,2,86,,3600,66,,,2,99,,3599,66,,,2,98,,3601,66,,,2,99,,3606,66,,,2,99,,5258,66,,,2,58,,3611,66,,,2
7002,'DIM',619,,3847,66,,,1,40,,3846,66,,,1,90,,3827,89,,,1,103,,3834,89,,,1,101,,3839,89,,,1,102,,3830,89,,,1,68,,3831,89,,,1,34,,3833,89,,,1,69,,3823,89,,,1,25,,3832,89,,,1,75,,3829,89,,,1,25,,3838,89,,,1,79,,3836,89,,,1,28,,3840,89,,,1,76,,3821,89,,,1,25,,3835,89,,,1,71,,3843,89,,,1,23,,3837,89,,,1,78,,3842,89,,,1,27,,3825,89,,,1,75,,3845,89,,,1,73,,3841,89,,,1,97,,3844,89,,,1,54,,3820,89,,,1,95,,3822,89,,,1,97,,3826,89,,,1,99,,3824,89,,,1,103,,3828,89,,,1
7002,'SAM',619,,3874,66,,,1,40,,3875,66,,,1,89,,3872,89,,,1,104,,3852,89,,,1,101,,3860,89,,,1,102,,3859,89,,,1,65,,3868,89,,,1,37,,3873,89,,,1,69,,3870,89,,,1,24,,3864,89,,,1,75,,3863,89,,,1,26,,3862,89,,,1,79,,3865,89,,,1,76,,3861,89,,,1,27,,3871,89,,,1,25,,3869,89,,,1,68,,3867,89,,,1,26,,3866,89,,,1,79,,3855,89,,,1,28,,3851,89,,,1,75,,3853,89,,,1,73,,3848,89,,,1,96,,3857,89,,,1,54,,3849,89,,,1,96,,3850,89,,,1,96,,3856,89,,,1,99,,3854,89,,,1,103,,3858,89,,,1
7002,'SEM',627,,3881,89,,,1,99,,3901,89,,,1,26,,3902,89,,,1,73,,3880,89,,,1,77,,3883,89,,,1,27,,3885,89,,,1,29,,3900,89,,,1,70,,3878,89,,,1,30,,3907,89,,,1,71,,3886,89,,,1,28,,3908,89,,,1,73,,3903,89,,,1,26,,3905,89,,,1,74,,3904,89,,,1,70,,3879,89,,,1,30,,3906,89,,,1,25,,3899,89,,,1,77,,3884,89,,,1,73,,3887,89,,,1,31,,5327,89,,,1,70,,3876,89,,,1,33,,3877,89,,,1,65,,3890,89,,,1,31,,3891,89,,,1,24,,3895,89,,,1,70,,3894,89,,,1,90,,3892,89,,,1,81,,3896,89,,,1,52,,3888,89,,,1,151,,3893,89,,,1,106,,3889,89,,,1,96,,3898,89,,,1,105,,3897,89,,,1
7601,'DIM',511,,4209,41,,,2,100,,4182,86,,,2,25,,4196,86,,,2,104,,4197,86,,,2,101,,4189,86,,,2,101,,4201,86,,,2,68,,4206,86,,,2,30,,4203,86,,,2,71,,4199,86,,,2,30,,4200,86,,,2,70,,4180,86,,,2,31,,4204,86,,,2,71,,4202,86,,,2,29,,4187,86,,,2,73,,4207,86,,,2,31,,4208,86,,,2,69,,4179,86,,,2,33,,4190,86,,,2,67,,4198,86,,,2,30,,4183,86,,,2,70,,4185,86,,,2,29,,4181,86,,,2,69,,4188,86,,,2,29,,4205,86,,,2,105,,4193,86,,,2,97,,4194,86,,,2,97,,4186,86,,,2,98,,4195,86,,,2,100,,4184,86,,,2,100,,4191,86,,,2,99,,4192,86,,,2
7601,'SAM',511,,4240,41,,,2,100,,4214,86,,,2,25,,4223,86,,,2,104,,4226,86,,,2,101,,4225,86,,,2,101,,4229,86,,,2,68,,4233,86,,,2,30,,4230,86,,,2,71,,4236,86,,,2,30,,4224,86,,,2,70,,4232,86,,,2,32,,4231,86,,,2,70,,4238,86,,,2,29,,4211,86,,,2,73,,4227,86,,,2,31,,4210,86,,,2,69,,4228,86,,,2,33,,4235,86,,,2,67,,4239,86,,,2,30,,4212,86,,,2,70,,4234,86,,,2,29,,4216,86,,,2,69,,4237,86,,,2,31,,4213,86,,,2,103,,4219,86,,,2,97,,4221,86,,,2,97,,4217,86,,,2,98,,4215,86,,,2,100,,4220,86,,,2,100,,4218,86,,,2,99,,4222,86,,,2
7601,'SEM',530,,4241,86,,,2,92,,4261,86,,,2,27,,4268,86,,,2,65,,4276,86,,,2,24,,4247,86,,,2,12,,4271,86,,,2,55,,4249,86,,,2,17,,4269,86,,,2,24,,4273,86,,,2,60,,4244,86,,,2,25,,4248,86,,,2,22,,4242,86,,,2,70,,4270,86,,,2,30,,4245,86,,,2,69,,4266,86,,,2,31,,4243,86,,,2,70,,4272,86,,,2,31,,4252,86,,,2,70,,4267,86,,,2,32,,4251,86,,,2,72,,5272,86,,,2,31,,4275,86,,,2,73,,4254,86,,,2,70,,4246,86,,,2,38,,4274,86,,,2,66,,4250,86,,,2,25,,4253,86,,,2,24,,4258,86,,,2,67,,4262,86,,,2,29,,4264,86,,,2,72,,4260,86,,,2,23,,4256,86,,,2,69,,4265,86,,,2,100,,4263,86,,,2,100,,4255,86,,,2,99,,4257,86,,,2,103,,4259,86,,,2
