201,'SAM',2556,,6872,15,,,1,81,,6874,15,,,1,84,,6873,15,,,1
201,'SEM',2517,,6875,15,,,1,24,,6876,15,,,1,81,,6877,15,,,1,81,,6878,15,,,1
1704,'DIM',514,,7029,48,,,1,90,,7030,48,,,1,101,,7034,48,,,1,103,,7028,48,,,1,101,,165,48,,,1,101,,7032,48,,,1,102,,7033,48,,,1,100,,7035,48,,,1,101,,7036,48,,,1,101,,7031,48,,,1,102,,7017,48,,,1,99,,7018,48,,,1,100,,7021,48,,,1,100,,7023,48,,,1,98,,7022,48,,,1,98,,7020,48,,,1,100,,7024,48,,,1,98,,7027,48,,,1,98,,7019,48,,,1,99,,7025,48,,,1,96,,7026,48,,,1
1704,'SAM',514,,7049,48,,,1,90,,7050,48,,,1,101,,7056,48,,,1,103,,7053,48,,,1,101,,7048,48,,,1,101,,7052,48,,,1,102,,7057,48,,,1,100,,7055,48,,,1,101,,7054,48,,,1,101,,7051,48,,,1,101,,7038,48,,,1,100,,7039,48,,,1,101,,7041,48,,,1,99,,7043,48,,,1,98,,7037,48,,,1,98,,7045,48,,,1,100,,7042,48,,,1,98,,7040,48,,,1,98,,7044,48,,,1,99,,7046,48,,,1,96,,7047,48,,,1
1704,'SEM',526,,7072,48,,,1,94,,7077,48,,,1,23,,7080,48,,,1,62,,7059,48,,,1,27,,7063,48,,,1,76,,7064,48,,,1,21,,7058,48,,,1,98,,7061,48,,,1,85,,7062,48,,,1,100,,7065,48,,,1,100,,7076,48,,,1,100,,7078,48,,,1,100,,7067,48,,,1,103,,7079,48,,,1,101,,7060,48,,,1,105,,7068,48,,,1,94,,7066,48,,,1,97,,7069,48,,,1,100,,7074,48,,,1,100,,7075,48,,,1,99,,7070,48,,,1,99,,7071,48,,,1,99,,7073,48,,,1
2704,'DIM',801,,7846,53,,,2,101,,7847,53,,,2,100,,7842,53,,,2,99,,7844,53,,,2,99,,7845,53,,,2,103,,7841,53,,,2,55,,7848,53,,,2,147,,7843,53,,,2,100,,7834,53,,,2,100,,7838,53,,,2,100,,7839,53,,,2,98,,7835,53,,,2,100,,7837,53,,,2,98,,7836,53,,,2,100,,7840,53,,,2,100,,7833,53,,,2
2704,'SAM',700,,7861,53,,,2,101,,7857,53,,,2,101,,7858,53,,,2,100,,7856,53,,,2,99,,7865,53,,,2,101,,7860,53,,,2,101,,7863,53,,,2,54,,7859,53,,,2,148,,7862,53,,,2,100,,7852,53,,,2,100,,7853,53,,,2,53,,7855,53,,,2,145,,7864,53,,,2,100,,7851,53,,,2,98,,7854,53,,,2,100,,7849,53,,,2,100,,7850,53,,,2
2704,'SEM',624,,7887,53,,,2,28,,7867,53,,,2,68,,7884,53,,,2,29,,7870,53,,,2,68,,7871,53,,,2,28,,7889,53,,,2,66,,7886,53,,,2,48,,7885,53,,,2,100,,7874,53,,,2,148,,7866,53,,,2,95,,7888,53,,,2,48,,7869,53,,,2,106,,7868,53,,,2,147,,7879,53,,,2,37,,7880,53,,,2,80,,7875,53,,,2,13,,7872,53,,,2,70,,7873,53,,,2,31,,7877,53,,,2,75,,7882,53,,,2,100,,7878,53,,,2,45,,7881,53,,,2,94,,7876,53,,,2,104,,7883,53,,,2
3104,'DIM',634,,7960,58,,,1,104,,7961,58,,,1,100,,7959,58,,,1,102,,7965,58,,,1,102,,7966,58,,,1,100,,7964,58,,,1,100,,7962,58,,,1,103,,7950,58,,,1,101,,7963,58,,,1,100,,7949,58,,,1,101,,7948,58,,,1,99,,7953,58,,,1,97,,7955,58,,,1,102,,7954,58,,,1,96,,7956,58,,,1,99,,7952,58,,,1,99,,7951,58,,,1,97,,7957,58,,,1,102,,7958,58,,,1
3104,'SAM',534,,1137,58,,,1,100,,7976,58,,,1,104,,7979,58,,,1,100,,7978,58,,,1,102,,7981,58,,,1,102,,7984,58,,,1,100,,7985,58,,,1,100,,7980,58,,,1,102,,7975,58,,,1,101,,7982,58,,,1,101,,7977,58,,,1,101,,7983,58,,,1,100,,7971,58,,,1,97,,7973,58,,,1,99,,7969,58,,,1,99,,7974,58,,,1,98,,7967,58,,,1,99,,7968,58,,,1,97,,7970,58,,,1,102,,7972,58,,,1
3104,'SEM',458,,7994,58,,,1,77,,7995,58,,,1,93,,8006,58,,,1,22,,8008,58,,,1,64,,7988,58,,,1,34,,8007,58,,,1,68,,8004,58,,,1,29,,8002,58,,,1,75,,8003,58,,,1,22,,8005,58,,,1,100,,7986,58,,,1,102,,7987,58,,,1,100,,7990,58,,,1,101,,8009,58,,,1,100,,7989,58,,,1,102,,7992,58,,,1,100,,7993,58,,,1,96,,7991,58,,,1,103,,7996,58,,,1,96,,8001,58,,,1,104,,8000,58,,,1,98,,7997,58,,,1,101,,7998,58,,,1,100,,7999,58,,,1
4304,'DIM',510,,8893,33,,,1,103,,8887,33,,,1,100,,8883,33,,,1,102,,8885,33,,,1,102,,8890,33,,,1,100,,8888,33,,,1,106,,8889,33,,,1,100,,8886,33,,,1,100,,8894,33,,,1,100,,8891,33,,,1,104,,8892,33,,,1,99,,8875,33,,,1,99,,8876,33,,,1,101,,8878,33,,,1,94,,8881,33,,,1,98,,8880,33,,,1,99,,8877,33,,,1,99,,8879,33,,,1,100,,8884,33,,,1,100,,8882,33,,,1
4304,'SAM',510,,8911,33,,,1,103,,8908,33,,,1,100,,8905,33,,,1,102,,8896,33,,,1,102,,8912,33,,,1,100,,8897,33,,,1,106,,8898,33,,,1,100,,8909,33,,,1,100,,8906,33,,,1,100,,8913,33,,,1,103,,8907,33,,,1,101,,8910,33,,,1,98,,8895,33,,,1,97,,8914,33,,,1,98,,8902,33,,,1,98,,8899,33,,,1,99,,2109,33,,,1,99,,8900,33,,,1,100,,8901,33,,,1,100,,8904,33,,,1,98,,8903,33,,,1
4304,'SEM',526,,8934,33,,,1,76,,8940,33,,,1,35,,8915,33,,,1,66,,8917,33,,,1,21,,8938,33,,,1,31,,8916,33,,,1,73,,8939,33,,,1,73,,8920,33,,,1,35,,8935,33,,,1,68,,8941,33,,,1,31,,8919,33,,,1,70,,8936,33,,,1,30,,8926,33,,,1,70,,8922,33,,,1,30,,8943,33,,,1,70,,8942,33,,,1,30,,8937,33,,,1,72,,8923,33,,,1,29,,8924,33,,,1,70,,8928,33,,,1,36,,8944,33,,,1,66,,8918,33,,,1,26,,8925,33,,,1,70,,8921,33,,,1,96,,8927,33,,,1,56,,8930,33,,,1,100,,8932,33,,,1,101,,8933,33,,,1,99,,11972,33,,,1,101,,11973,33,,,1,150,,8929,33,,,1,20,,8931,33,,,1
4804,'DIM',610,,9283,63,,,1,110,,9287,63,,,1,104,,9284,63,,,1,109,,9288,63,,,1,107,,9291,63,,,1,101,,9274,63,,,1,103,,9285,63,,,1,100,,9286,63,,,1,97,,9290,63,,,1,105,,9276,63,,,1,101,,9289,63,,,1,101,,9275,63,,,1,97,,9281,63,,,1,95,,9277,63,,,1,94,,9282,63,,,1,97,,9279,63,,,1,100,,9278,63,,,1,94,,9280,63,,,1
4804,'SAM',610,,9302,63,,,1,110,,2518,63,,,1,104,,9304,63,,,1,108,,9306,63,,,1,108,,9310,63,,,1,101,,9303,63,,,1,102,,9309,63,,,1,100,,9305,63,,,1,97,,9307,63,,,1,106,,9308,63,,,1,101,,9295,63,,,1,101,,9298,63,,,1,97,,9296,63,,,1,95,,9299,63,,,1,94,,9293,63,,,1,97,,9292,63,,,1,98,,9294,63,,,1,96,,9300,63,,,1,97,,9301,63,,,1,33,,9297,63,,,1
4804,'SEM',542,,9313,63,,,1,81,,9330,63,,,1,32,,9311,63,,,1,73,,9314,63,,,1,27,,9318,63,,,1,79,,9332,63,,,1,70,,9331,63,,,1,30,,9334,63,,,1,70,,9321,63,,,1,31,,9320,63,,,1,71,,9315,63,,,1,101,,9322,63,,,1,100,,9333,63,,,1,100,,9319,63,,,1,102,,9316,63,,,1,39,,9312,63,,,1,107,,9317,63,,,1,96,,9327,63,,,1,67,,9329,63,,,1,102,,9325,63,,,1,114,,9328,63,,,1,99,,9323,63,,,1,97,,9324,63,,,1,96,,11983,63,,,1,97,,9326,63,,,1
5802,'DIM',627,,9883,61,,,2,101,,9890,61,,,2,93,,9887,61,,,2,101,,9891,61,,,2,100,,9894,61,,,2,99,,9886,61,,,2,101,,9896,61,,,2,100,,9893,61,,,2,102,,9889,61,,,2,99,,9892,61,,,2,101,,9888,61,,,2,99,,9882,61,,,2,101,,9895,61,,,2,100,,9879,61,,,2,99,,9885,61,,,2,98,,9881,61,,,2,98,,9880,61,,,2,97,,9884,61,,,2
5802,'SAM',627,,9914,61,,,2,101,,9906,61,,,2,93,,9905,61,,,2,101,,9910,61,,,2,100,,9908,61,,,2,99,,9911,61,,,2,101,,9913,61,,,2,100,,9897,61,,,2,99,,9904,61,,,2,101,,9909,61,,,2,101,,9907,61,,,2,101,,9912,61,,,2,100,,9899,61,,,2,100,,9902,61,,,2,99,,9898,61,,,2,98,,9903,61,,,2,98,,9900,61,,,2,97,,9901,61,,,2
5802,'SEM',548,,9932,61,,,2,75,,9926,61,,,2,22,,9925,61,,,2,80,,9933,61,,,2,75,,9935,61,,,2,29,,9918,61,,,2,73,,9917,61,,,2,43,,9921,61,,,2,100,,9936,61,,,2,100,,9915,61,,,2,100,,9922,61,,,2,100,,9934,61,,,2,100,,9916,61,,,2,65,,9919,61,,,2,30,,9923,61,,,2,104,,9929,61,,,2,71,,9920,61,,,2,93,,9924,61,,,2,96,,9930,61,,,2,98,,11992,61,,,2,100,,9931,61,,,2,57,,9928,61,,,2,99,,9927,61,,,2
6001,'DIM',816,,9939,57,,,1,103,,9947,57,,,1,102,,9945,57,,,1,104,,9946,57,,,1,102,,9948,57,,,1,102,,9951,57,,,1,102,,9949,57,,,1,100,,9952,57,,,1,100,,9950,57,,,1,102,,9953,57,,,1,91,,9954,57,,,1,99,,9941,57,,,1,98,,9943,57,,,1,97,,9942,57,,,1,99,,9944,57,,,1,99,,9938,57,,,1,100,,9940,57,,,1
6001,'SAM',712,,9961,57,,,1,104,,9966,57,,,1,103,,9957,57,,,1,102,,9969,57,,,1,103,,9971,57,,,1,103,,9967,57,,,1,102,,9970,57,,,1,102,,9968,57,,,1,100,,9956,57,,,1,100,,9972,57,,,1,102,,9955,57,,,1,91,,9959,57,,,1,100,,9964,57,,,1,97,,9960,57,,,1,97,,9962,57,,,1,99,,9965,57,,,1,99,,9958,57,,,1,100,,9963,57,,,1
6001,'SEM',558,,9987,57,,,1,142,,9973,57,,,1,47,,9991,57,,,1,78,,9985,57,,,1,77,,9989,57,,,1,101,,9975,57,,,1,101,,9992,57,,,1,101,,9990,57,,,1,104,,9976,57,,,1,100,,9974,57,,,1,102,,9986,57,,,1,102,,9988,57,,,1,99,,9977,57,,,1,102,,9981,57,,,1,95,,9979,57,,,1,49,,9984,57,,,1,98,,9982,57,,,1,98,,9978,57,,,1,98,,9980,57,,,1,94,,9983,57,,,1
7001,'DIM',743,,10584,81,,,1,102,,10574,81,,,1,99,,10582,81,,,1,100,,10585,81,,,1,69,,10588,81,,,1,31,,10583,81,,,1,70,,10590,81,,,1,28,,10589,81,,,1,70,,10586,81,,,1,35,,10587,81,,,1,69,,10591,81,,,1,27,,10567,81,,,1,74,,10592,81,,,1,25,,10570,81,,,1,75,,10571,81,,,1,27,,10572,81,,,1,73,,10569,81,,,1,33,,10575,81,,,1,73,,10578,81,,,1,29,,10573,81,,,1,94,,10579,81,,,1,98,,10576,81,,,1,100,,10568,81,,,1,99,,10580,81,,,1,100,,10581,81,,,1,99,,10577,81,,,1
7001,'SAM',743,,10609,81,,,1,102,,10614,81,,,1,99,,10616,81,,,1,100,,10617,81,,,1,68,,10615,81,,,1,32,,10593,81,,,1,69,,10618,81,,,1,29,,10613,81,,,1,70,,10594,81,,,1,34,,10610,81,,,1,68,,10595,81,,,1,33,,10611,81,,,1,70,,10597,81,,,1,25,,10612,81,,,1,73,,10600,81,,,1,29,,10602,81,,,1,73,,10599,81,,,1,34,,10601,81,,,1,72,,10605,81,,,1,29,,10603,81,,,1,94,,10607,81,,,1,98,,10596,81,,,1,100,,10598,81,,,1,98,,10608,81,,,1,101,,10606,81,,,1,99,,10604,81,,,1
7001,'SEM',555,,10645,81,,,1,73,,10623,81,,,1,29,,10646,81,,,1,58,,10647,81,,,1,19,,10642,81,,,1,68,,10653,81,,,1,24,,10634,81,,,1,24,,10620,81,,,1,69,,10652,81,,,1,30,,10649,81,,,1,71,,10650,81,,,1,29,,10631,81,,,1,71,,10654,81,,,1,29,,10622,81,,,1,72,,10627,81,,,1,28,,10651,81,,,1,70,,10621,81,,,1,30,,10619,81,,,1,72,,10648,81,,,1,30,,10626,81,,,1,79,,10629,81,,,1,24,,10625,81,,,1,51,,10632,81,,,1,49,,10624,81,,,1,77,,10636,81,,,1,27,,10639,81,,,1,73,,10640,81,,,1,25,,10628,81,,,1,78,,10637,81,,,1,84,,10633,81,,,1,33,,10630,81,,,1,108,,10638,81,,,1,98,,10635,81,,,1,99,,10643,81,,,1,99,,10641,81,,,1,167,,10644,81,,,1
7304,'DIM',549,,10839,76,,,1,70,,10828,76,,,1,103,,10832,76,,,1,101,,10835,76,,,1,102,,10831,76,,,1,102,,10833,76,,,1,100,,10836,76,,,1,100,,10840,76,,,1,102,,10834,76,,,1,101,,10837,76,,,1,101,,10830,76,,,1,100,,10838,76,,,1,100,,10841,76,,,1,99,,10824,76,,,1,99,,10821,76,,,1,97,,10827,76,,,1,99,,10823,76,,,1,99,,10822,76,,,1,97,,10825,76,,,1,101,,10826,76,,,1,99,,10829,76,,,1
7304,'SAM',549,,10861,76,,,1,70,,10851,76,,,1,103,,10856,76,,,1,101,,10853,76,,,1,102,,10852,76,,,1,102,,10857,76,,,1,100,,10859,76,,,1,101,,10855,76,,,1,101,,10845,76,,,1,101,,10858,76,,,1,101,,10854,76,,,1,100,,10860,76,,,1,100,,10862,76,,,1,99,,10844,76,,,1,98,,10842,76,,,1,98,,10843,76,,,1,99,,10847,76,,,1,99,,10846,76,,,1,97,,4131,76,,,1,101,,10848,76,,,1,99,,4133,76,,,1,100,,10849,76,,,1,99,,10850,76,,,1
7304,'SEM',511,,10894,76,,,1,42,,10891,76,,,1,82,,10897,76,,,1,18,,10900,76,,,1,73,,10896,76,,,1,15,,10893,76,,,1,14,,10869,76,,,1,68,,10871,76,,,1,14,,10892,76,,,1,15,,10898,76,,,1,65,,10887,76,,,1,31,,10865,76,,,1,80,,10864,76,,,1,29,,10880,76,,,1,70,,10895,76,,,1,30,,10866,76,,,1,71,,10870,76,,,1,76,,10879,76,,,1,26,,10872,76,,,1,70,,10899,76,,,1,30,,10867,76,,,1,70,,10868,76,,,1,33,,10876,76,,,1,71,,10863,76,,,1,32,,10873,76,,,1,78,,10883,76,,,1,22,,10881,76,,,1,67,,10875,76,,,1,29,,10882,76,,,1,76,,10877,76,,,1,20,,10888,76,,,1,29,,10874,76,,,1,70,,10884,76,,,1,29,,10886,76,,,1,73,,10878,76,,,1,96,,10890,76,,,1,99,,10885,76,,,1,102,,10889,76,,,1
7402,'DIM',650,,10961,89,,,2,102,,10964,89,,,2,101,,6451,89,,,2,102,,10965,89,,,2,102,,10963,89,,,2,100,,10962,89,,,2,101,,10968,89,,,2,100,,10967,89,,,2,143,,10969,89,,,2,99,,10966,89,,,2,59,,10956,89,,,2,141,,10955,89,,,2,58,,10957,89,,,2,98,,10958,89,,,2,99,,6443,89,,,2,100,,10959,89,,,2,97,,10960,89,,,2
7402,'SAM',650,,10977,89,,,2,102,,10981,89,,,2,101,,10979,89,,,2,102,,10976,89,,,2,102,,10980,89,,,2,100,,10982,89,,,2,101,,10985,89,,,2,101,,10978,89,,,2,100,,10983,89,,,2,141,,10986,89,,,2,100,,10984,89,,,2,59,,10970,89,,,2,99,,10972,89,,,2,98,,10974,89,,,2,99,,10973,89,,,2,100,,10975,89,,,2,97,,10971,89,,,2
7402,'SEM',609,,11000,89,,,2,50,,11005,89,,,2,60,,10988,89,,,2,82,,10999,89,,,2,100,,10989,89,,,2,99,,10987,89,,,2,59,,10991,89,,,2,141,,11001,89,,,2,57,,11004,89,,,2,100,,10990,89,,,2,102,,11003,89,,,2,142,,11002,89,,,2,100,,10992,89,,,2,56,,10993,89,,,2,100,,10996,89,,,2,97,,10998,89,,,2,99,,10994,89,,,2,102,,10995,89,,,2,97,,10997,89,,,2
34504,'SEM',2528,,11789,38,,,1,118,,11788,38,,,1
