202,'SAM',2624,,6879,17,,,1,81,,6880,17,,,1
202,'SEM',524,,6885,17,,,1,30,,6886,17,,,1,55,,6881,17,,,1,1999,,6882,17,,,1,41,,6883,17,,,1,81,,6884,17,,,1
3303,'DIM',705,,8014,49,,,1,132,,8018,49,,,1,171,,8016,49,,,1,132,,8013,49,,,1,168,,8015,49,,,1,130,,8010,49,,,1,170,,8017,49,,,1,133,,8019,49,,,1,167,,8020,49,,,1,130,,8012,49,,,1,169,,8011,49,,,1
3303,'SAM',705,,8024,49,,,1,132,,8025,49,,,1,171,,8027,49,,,1,132,,8028,49,,,1,168,,8029,49,,,1,130,,8026,49,,,1,170,,8031,49,,,1,136,,8030,49,,,1,164,,8022,49,,,1,130,,8023,49,,,1,169,,8021,49,,,1
3303,'SEM',554,,8053,26,,,1,80,,8043,49,,,1,73,,8054,26,,,1,25,,8044,49,,,1,74,,8033,49,,,1,26,,8051,49,,,1,100,,8050,49,,,1,100,,8045,49,,,1,100,,8048,49,,,1,94,,8036,49,,,1,106,,8047,49,,,1,101,,8032,49,,,1,87,,8049,49,,,1,33,,8052,49,,,1,66,,8046,49,,,1,99,,8034,49,,,1,28,,8035,49,,,1,74,,8041,49,,,1,80,,8037,49,,,1,31,,8039,49,,,1,103,,8038,49,,,1,103,,8042,49,,,1,104,,8040,49,,,1
3703,'DIM',629,,8121,12,,,2,75,,8122,12,,,2,101,,8120,12,,,2,100,,8119,12,,,2,100,,8127,12,,,2,100,,8126,12,,,2,100,,8116,12,,,2,100,,8117,12,,,2,105,,8128,12,,,2,96,,8124,12,,,2,99,,8125,12,,,2,100,,8123,12,,,2,50,,8118,12,,,2
3703,'SAM',629,,1290,12,,,2,75,,8134,12,,,2,101,,8131,12,,,2,100,,8135,12,,,2,100,,8138,12,,,2,100,,8136,12,,,2,100,,8139,12,,,2,101,,8132,12,,,2,99,,8130,12,,,2,102,,8133,12,,,2,99,,8129,12,,,2,99,,8137,12,,,2,50,,8140,12,,,2
3703,'SEM',549,,8157,12,,,2,55,,8145,12,,,2,16,,1324,12,,,2,15,,8156,12,,,2,14,,8161,12,,,2,56,,8165,12,,,2,20,,8142,12,,,2,76,,8146,12,,,2,38,,8160,12,,,2,69,,8166,12,,,2,100,,8144,12,,,2,100,,8163,12,,,2,100,,8147,12,,,2,100,,8158,12,,,2,101,,8164,12,,,2,42,,8162,12,,,2,60,,8143,12,,,2,26,,8159,12,,,2,72,,8141,12,,,2,33,,8167,12,,,2,102,,8148,12,,,2,98,,8154,12,,,2,103,,8149,12,,,2,100,,8153,12,,,2,100,,8155,12,,,2,99,,8150,12,,,2,97,,8152,12,,,2,102,,8151,12,,,2
4202,'DIM',516,,8661,88,,,2,42,,8702,88,,,2,66,,8672,88,,,2,30,,8660,88,,,2,71,,8684,88,,,2,30,,8682,88,,,2,73,,8703,88,,,2,72,,8687,88,,,2,31,,8683,88,,,2,72,,8691,88,,,2,31,,8695,88,,,2,23,,8701,88,,,2,62,,8697,88,,,2,22,,8688,88,,,2,62,,8693,88,,,2,19,,8689,88,,,2,20,,8692,88,,,2,58,,8677,88,,,2,23,,8680,88,,,2,20,,8679,88,,,2,62,,8681,88,,,2,19,,8686,88,,,2,20,,8685,88,,,2,58,,8705,88,,,2,22,,8698,88,,,2,21,,8694,88,,,2,61,,8690,88,,,2,21,,8700,88,,,2,19,,8665,88,,,2,60,,8666,88,,,2,21,,8667,88,,,2,23,,8699,88,,,2,75,,8696,88,,,2,34,,8704,88,,,2,69,,8676,88,,,2,30,,8663,88,,,2,72,,8662,88,,,2,70,,8671,88,,,2,28,,8659,88,,,2,27,,8668,88,,,2,68,,8678,88,,,2,28,,8664,88,,,2,70,,8670,88,,,2,30,,8674,88,,,2,67,,8675,88,,,2,29,,8669,88,,,2,76,,8673,88,,,2
4202,'SAM',516,,8708,88,,,2,42,,8710,88,,,2,66,,8728,88,,,2,30,,8706,88,,,2,71,,8736,88,,,2,30,,8734,88,,,2,73,,8711,88,,,2,72,,8742,88,,,2,31,,8738,88,,,2,72,,8737,88,,,2,31,,8741,88,,,2,23,,8753,88,,,2,62,,8747,88,,,2,22,,8751,88,,,2,61,,8746,88,,,2,20,,8749,88,,,2,20,,8731,88,,,2,58,,8744,88,,,2,22,,8735,88,,,2,21,,8727,88,,,2,61,,8733,88,,,2,20,,8707,88,,,2,20,,8740,88,,,2,58,,8739,88,,,2,22,,8732,88,,,2,21,,8743,88,,,2,61,,8709,88,,,2,20,,8745,88,,,2,19,,8748,88,,,2,61,,8714,88,,,2,21,,8750,88,,,2,23,,8752,88,,,2,74,,8720,88,,,2,34,,8722,88,,,2,70,,8724,88,,,2,30,,8726,88,,,2,75,,8712,88,,,2,67,,8715,88,,,2,28,,8729,88,,,2,27,,8717,88,,,2,68,,8719,88,,,2,31,,8713,88,,,2,66,,8716,88,,,2,30,,8718,88,,,2,68,,8721,88,,,2,29,,8723,88,,,2,76,,8725,88,,,2,30,,8730,88,,,2
4202,'SEM',517,,8792,88,,,2,97,,8794,88,,,2,33,,8798,88,,,2,57,,8801,88,,,2,16,,8754,88,,,2,10,,8756,88,,,2,11,,8759,88,,,2,9,,8762,88,,,2,50,,8800,88,,,2,12,,8797,88,,,2,21,,8757,88,,,2,18,,8771,88,,,2,61,,8758,88,,,2,22,,8802,88,,,2,22,,8799,88,,,2,59,,8760,88,,,2,21,,8793,88,,,2,20,,8755,88,,,2,59,,8796,88,,,2,21,,8764,88,,,2,20,,8787,88,,,2,61,,8795,88,,,2,24,,8765,88,,,2,17,,8785,88,,,2,64,,8767,88,,,2,20,,8769,88,,,2,61,,8770,88,,,2,23,,8763,88,,,2,17,,8772,88,,,2,61,,8773,88,,,2,20,,8774,88,,,2,21,,8761,88,,,2,61,,8776,88,,,2,20,,8803,88,,,2,20,,8779,88,,,2,60,,8780,88,,,2,20,,8781,88,,,2,21,,8783,88,,,2,57,,8806,88,,,2,22,,8786,88,,,2,20,,8766,88,,,2,62,,8775,88,,,2,24,,8768,88,,,2,19,,8790,88,,,2,70,,8805,88,,,2,85,,8807,88,,,2,36,,8791,88,,,2,67,,8777,88,,,2,29,,8778,88,,,2,68,,8782,88,,,2,26,,8784,88,,,2,76,,8789,88,,,2,27,,8804,88,,,2,71,,8788,88,,,2
34503,'SEM',439,,11786,17,,,1,100,,11787,17,,,1
