5503,'SEM',639,,9631,8,,,2,116,,9627,8,,,2,102,,9617,8,,,2,96,,9628,8,,,2,98,,9633,8,,,2,102,,9619,8,,,2,100,,9629,8,,,2,100,,9630,8,,,2,99,,9620,8,,,2,97,,9622,8,,,2,72,,9624,8,,,2,33,,9625,8,,,2,70,,9618,8,,,2,76,,9621,8,,,2,47,,9623,8,,,2,97,,9626,8,,,2,100,,9632,8,,,2
15103,'DIM',631,,11384,5,,,2,20,,11388,5,,,2,69,,11370,5,,,2,29,,11383,5,,,2,73,,11392,5,,,2,31,,11385,5,,,2,69,,11389,5,,,2,31,,11395,5,,,2,74,,11394,5,,,2,31,,11397,5,,,2,71,,11390,5,,,2,72,,11387,5,,,2,34,,11396,5,,,2,72,,11400,5,,,2,31,,11386,5,,,2,74,,11391,5,,,2,33,,11398,5,,,2,72,,11401,5,,,2,31,,11366,5,,,2,77,,11372,5,,,2,30,,11393,5,,,2,72,,11399,5,,,2,31,,11377,5,,,2,75,,11378,5,,,2,70,,11381,5,,,2,29,,11367,5,,,2,69,,11369,5,,,2,29,,11373,5,,,2,29,,11371,5,,,2,69,,11375,5,,,2,30,,11368,5,,,2,70,,11379,5,,,2,30,,11374,5,,,2,95,,11376,5,,,2,98,,11380,5,,,2,75,,11382,5,,,2
15103,'SAM',631,,11425,5,,,2,20,,11427,5,,,2,69,,11423,5,,,2,29,,11424,5,,,2,73,,11431,5,,,2,31,,11426,5,,,2,69,,11428,5,,,2,31,,11435,5,,,2,74,,11433,5,,,2,31,,11436,5,,,2,71,,11429,5,,,2,72,,11420,5,,,2,34,,11411,5,,,2,72,,11434,5,,,2,31,,11432,5,,,2,74,,11430,5,,,2,33,,11422,5,,,2,72,,11412,5,,,2,31,,11437,5,,,2,77,,11404,5,,,2,30,,11402,5,,,2,72,,11438,5,,,2,31,,11408,5,,,2,75,,11409,5,,,2,70,,11410,5,,,2,29,,11417,5,,,2,69,,11403,5,,,2,29,,11419,5,,,2,29,,11405,5,,,2,69,,11406,5,,,2,30,,11418,5,,,2,70,,11415,5,,,2,72,,11413,5,,,2,53,,11407,5,,,2,98,,11416,5,,,2,75,,11414,5,,,2,93,,11421,5,,,2
15103,'SEM',558,,11440,5,,,2,58,,11459,5,,,2,20,,11478,5,,,2,74,,11480,5,,,2,22,,11484,5,,,2,68,,11449,5,,,2,31,,11481,5,,,2,72,,11444,5,,,2,20,,11472,5,,,2,20,,11486,5,,,2,61,,11485,5,,,2,20,,11450,5,,,2,20,,11476,5,,,2,60,,11482,5,,,2,20,,11445,5,,,2,20,,11473,5,,,2,60,,11483,5,,,2,22,,11455,5,,,2,16,,11479,5,,,2,65,,11477,5,,,2,19,,11452,5,,,2,20,,11439,5,,,2,60,,11447,5,,,2,20,,11451,5,,,2,20,,11441,5,,,2,60,,11458,5,,,2,19,,11460,5,,,2,16,,11463,5,,,2,15,,11461,5,,,2,54,,11443,5,,,2,16,,11453,5,,,2,14,,11448,5,,,2,16,,11465,5,,,2,55,,11442,5,,,2,14,,11446,5,,,2,16,,11467,5,,,2,15,,11456,5,,,2,55,,11462,5,,,2,14,,11464,5,,,2,13,,11468,5,,,2,62,,11454,5,,,2,33,,11466,5,,,2,70,,11457,5,,,2,28,,11470,5,,,2,71,,11488,5,,,2,104,,11469,5,,,2,96,,11487,5,,,2,103,,11474,5,,,2,111,,11471,5,,,2,114,,11475,5,,,2
25503,'DIM',816,,11693,5,,,2,100,,11694,5,,,2,99,,11691,5,,,2,100,,11695,5,,,2,98,,11692,5,,,2,100,,11696,5,,,2,102,,11683,5,,,2,100,,11697,5,,,2,101,,11684,5,,,2,100,,11698,5,,,2,100,,11689,5,,,2,100,,11699,5,,,2,100,,11690,5,,,2,100,,11687,5,,,2,100,,11685,5,,,2,100,,11688,5,,,2,100,,11686,5,,,2
25503,'SAM',816,,11714,5,,,2,100,,11705,5,,,2,99,,11710,5,,,2,100,,11712,5,,,2,98,,11711,5,,,2,100,,11713,5,,,2,102,,11700,5,,,2,100,,11715,5,,,2,101,,11701,5,,,2,100,,11716,5,,,2,100,,11708,5,,,2,100,,11702,5,,,2,100,,11709,5,,,2,100,,11703,5,,,2,100,,11706,5,,,2,100,,11704,5,,,2,100,,11707,5,,,2
25503,'SEM',2142,,11717,5,,,2,101,,11719,5,,,2,158,,11718,5,,,2
71303,'DIM',635,,11790,5,,,2
71303,'SAM',704,,11791,5,,,2,25,,11792,5,,,2
71303,'SEM',615,,11793,5,,,2,95,,11809,5,,,2,113,,11799,5,,,2,101,,11797,5,,,2,100,,11794,5,,,2,100,,11802,5,,,2,100,,11795,5,,,2,100,,11796,5,,,2,100,,11800,5,,,2,89,,11798,5,,,2,31,,11803,5,,,2,71,,11811,5,,,2,30,,11801,5,,,2,71,,11810,5,,,2,30,,11814,5,,,2,69,,11812,5,,,2,99,,11813,5,,,2,100,,11804,5,,,2,99,,11805,5,,,2,99,,11807,5,,,2,100,,11806,5,,,2,100,,11808,5,,,2,102,,11815,5,,,2
