201,48002,1,0
201,41342,2,0
201,41360,3,0
201,41380,4,0
201,41395,5,0
201,41323,6,0
201,41325,7,0
201,41327,8,0
201,41331,9,0
201,41334,10,0
201,41336,11,0
201,41338,12,0
201,41339,13,0
201,41799,14,0
201,41797,15,0
201,41795,16,0
201,41876,17,0
201,46423,18,0
201,47102,19,0
201,40102,20,1
202,40002,1,0
202,42794,2,0
202,47002,3,0
202,41842,4,0
202,41865,5,0
202,41887,6,0
202,41796,7,0
202,41798,8,0
202,41340,9,0
202,41337,10,0
202,41335,11,0
202,41333,12,0
202,41328,13,0
202,41326,14,0
202,41324,15,0
202,41322,16,0
202,41391,17,0
202,41370,18,0
202,41351,19,0
202,48102,20,1
1201,47012,1,0
1201,41241,2,0
1201,46417,3,0
1201,49012,4,1
1202,45054,1,0
1202,45053,2,0
1202,45052,3,0
1202,45051,4,0
1202,45050,5,0
1202,41537,6,0
1202,41539,7,0
1202,46418,8,0
1202,42794,9,0
1202,47112,10,1
1601,46685,1,0
1601,46686,2,0
1601,46687,3,0
1601,46688,4,0
1601,46689,5,0
1601,46690,6,0
1601,46691,7,0
1601,46692,8,0
1601,46693,9,0
1601,46694,10,0
1601,46699,11,0
1601,46695,12,0
1601,46696,13,0
1601,46697,14,0
1601,46655,15,0
1601,43144,16,0
1601,43147,17,0
1601,43148,18,0
1601,48116,19,1
1602,48016,1,0
1602,43343,2,0
1602,43146,3,0
1602,43145,4,0
1602,46671,5,0
1602,46673,6,0
1602,46674,7,0
1602,46675,8,0
1602,46676,9,0
1602,46677,10,0
1602,46678,11,0
1602,46679,12,0
1602,46680,13,0
1602,46681,14,0
1602,46698,15,0
1602,46682,16,0
1602,46683,17,1
1703,47017,1,0
1703,41842,2,0
1703,41865,3,0
1703,41887,4,0
1703,41796,5,0
1703,41798,6,0
1703,41800,7,0
1703,41802,8,0
1703,41804,9,0
1703,41807,10,0
1703,41809,11,0
1703,41811,12,0
1703,41813,13,0
1703,41817,14,0
1703,41820,15,0
1703,41822,16,0
1703,41824,17,0
1703,41826,18,0
1703,41828,19,0
1703,41831,20,0
1703,41839,21,0
1703,41834,22,0
1703,41837,23,0
1703,41833,24,0
1703,41841,25,0
1703,41844,26,0
1703,41846,27,0
1703,41848,28,0
1703,41849,29,0
1703,41852,30,0
1703,41854,31,0
1703,41856,32,0
1703,41858,33,0
1703,41860,34,0
1703,41862,35,0
1703,41864,36,0
1703,41867,37,0
1703,41869,38,0
1703,41871,39,0
1703,41873,40,0
1703,41875,41,0
1703,41878,42,0
1703,41880,43,0
1703,41882,44,0
1703,41884,45,0
1703,46438,46,0
1703,41886,47,0
1703,41889,48,0
1703,41070,49,0
1703,41892,50,0
1703,49017,51,1
1704,41068,1,0
1704,41893,2,0
1704,41891,3,0
1704,41890,4,0
1704,41888,5,0
1704,46437,6,0
1704,41885,7,0
1704,41883,8,0
1704,41881,9,0
1704,41879,10,0
1704,41877,11,0
1704,41874,12,0
1704,41872,13,0
1704,41870,14,0
1704,41868,15,0
1704,41866,16,0
1704,41863,17,0
1704,41861,18,0
1704,41859,19,0
1704,41857,20,0
1704,41855,21,0
1704,41853,22,0
1704,41851,23,0
1704,41850,24,0
1704,41847,25,0
1704,41845,26,0
1704,41843,27,0
1704,41835,28,0
1704,41838,29,0
1704,41836,30,0
1704,41840,31,0
1704,41832,32,0
1704,41830,33,0
1704,41827,34,0
1704,41825,35,0
1704,41823,36,0
1704,41821,37,0
1704,41819,38,0
1704,41815,39,0
1704,41816,40,0
1704,41812,41,0
1704,41810,42,0
1704,41808,43,0
1704,41806,44,0
1704,41803,45,0
1704,41801,46,0
1704,41799,47,0
1704,41797,48,0
1704,41795,49,0
1704,41876,50,0
1704,46423,51,0
1704,47117,52,1
2001,46383,1,0
2001,46648,2,0
2001,42509,3,0
2001,42507,4,0
2001,42505,5,0
2001,42503,6,0
2001,42500,7,0
2001,41057,8,0
2001,41064,9,0
2001,41062,10,0
2001,41060,11,0
2001,41058,12,0
2001,42055,13,0
2001,41730,14,0
2001,41732,15,0
2001,41734,16,0
2001,41736,17,0
2001,41723,18,0
2001,41725,19,0
2001,41727,20,0
2001,42119,21,0
2001,42006,22,0
2001,45046,23,0
2001,42028,24,0
2001,42050,25,0
2001,42053,26,0
2001,42056,27,0
2001,42058,28,0
2001,46347,29,0
2001,42060,30,0
2001,42062,31,0
2001,42065,32,0
2001,42618,33,0
2001,42615,34,0
2001,42613,35,0
2001,42611,36,0
2001,42609,37,0
2001,42607,38,0
2001,42604,39,0
2001,42558,40,0
2001,42601,41,0
2001,42599,42,0
2001,42597,43,0
2001,42594,44,0
2001,42592,45,0
2001,42590,46,0
2001,42588,47,0
2001,42586,48,0
2001,42623,49,0
2001,42621,50,0
2001,42617,51,0
2001,42619,52,0
2001,46418,53,0
2001,42794,54,0
2001,47120,55,1
2002,47020,1,0
2002,41241,2,0
2002,46417,3,0
2002,42795,4,0
2002,42585,5,0
2002,42606,6,0
2002,42620,7,0
2002,42622,8,0
2002,42624,9,0
2002,42587,10,0
2002,42589,11,0
2002,42591,12,0
2002,42593,13,0
2002,42595,14,0
2002,42598,15,0
2002,42600,16,0
2002,42602,17,0
2002,42603,18,0
2002,42605,19,0
2002,42608,20,0
2002,42610,21,0
2002,42612,22,0
2002,42614,23,0
2002,42616,24,0
2002,42063,25,0
2002,42061,26,0
2002,42059,27,0
2002,46349,28,0
2002,42057,29,0
2002,42054,30,0
2002,46354,31,0
2002,42052,32,0
2002,42039,33,0
2002,42017,34,0
2002,41997,35,0
2002,42130,36,0
2002,42108,37,0
2002,46324,38,0
2002,41724,39,0
2002,41737,40,0
2002,41735,41,0
2002,41733,42,0
2002,41731,43,0
2002,41722,44,0
2002,41986,45,0
2002,41056,46,0
2002,41059,47,0
2002,41061,48,0
2002,41063,49,0
2002,42497,50,0
2002,42499,51,0
2002,42501,52,0
2002,42504,53,0
2002,42506,54,0
2002,42508,55,0
2002,43420,56,1
2201,47022,1,0
2201,41842,2,0
2201,41865,3,0
2201,41887,4,0
2201,43196,5,0
2201,43198,6,0
2201,43200,7,0
2201,43202,8,0
2201,43192,9,0
2201,46715,10,0
2201,46717,11,0
2201,46719,12,0
2201,42066,13,0
2201,41230,14,0
2201,42068,15,0
2201,42069,16,0
2201,42071,17,0
2201,42073,18,0
2201,42075,19,0
2201,42078,20,0
2201,42080,21,0
2201,42082,22,0
2201,42083,23,0
2201,46327,24,0
2201,42086,25,0
2201,42089,26,0
2201,42090,27,0
2201,42092,28,0
2201,42094,29,0
2201,42096,30,0
2201,42099,31,0
2201,42101,32,0
2201,45065,33,0
2201,41105,34,0
2201,41107,35,0
2201,41109,36,0
2201,41614,37,0
2201,41612,38,0
2201,41609,39,0
2201,41610,40,0
2201,42798,41,0
2201,46399,42,0
2201,46306,43,0
2201,45071,44,0
2201,45074,45,0
2201,46329,46,0
2201,45076,47,0
2201,46562,48,0
2201,46033,49,0
2201,46483,50,0
2201,46484,51,0
2201,46485,52,0
2201,42188,53,0
2201,42189,54,0
2201,42191,55,0
2201,42193,56,0
2201,42194,57,0
2201,42197,58,0
2201,46401,59,0
2201,42201,60,0
2201,46386,61,0
2201,42203,62,0
2201,42204,63,0
2201,42208,64,0
2201,42210,65,0
2201,42211,66,0
2201,42214,67,0
2201,46615,68,0
2201,42217,69,0
2201,42219,70,0
2201,42221,71,0
2201,42223,72,0
2201,42376,73,0
2201,49022,74,1
2202,42379,1,0
2202,42378,2,0
2202,42224,3,0
2202,42222,4,0
2202,42220,5,0
2202,42218,6,0
2202,46614,7,0
2202,42216,8,0
2202,42213,9,0
2202,42212,10,0
2202,42209,11,0
2202,42206,12,0
2202,42205,13,0
2202,46387,14,0
2202,42202,15,0
2202,46400,16,0
2202,42199,17,0
2202,42196,18,0
2202,43308,19,0
2202,42192,20,0
2202,42190,21,0
2202,46558,22,0
2202,46559,23,0
2202,46560,24,0
2202,46497,25,0
2202,46498,26,0
2202,46561,27,0
2202,46336,28,0
2202,46028,29,0
2202,46029,30,0
2202,46030,31,0
2202,46337,32,0
2202,42797,33,0
2202,41616,34,0
2202,41611,35,0
2202,41613,36,0
2202,41615,37,0
2202,41101,38,0
2202,41110,39,0
2202,41108,40,0
2202,41106,41,0
2202,42104,42,0
2202,42102,43,0
2202,42100,44,0
2202,42098,45,0
2202,42095,46,0
2202,42093,47,0
2202,42091,48,0
2202,45010,49,0
2202,42088,50,0
2202,42085,51,0
2202,46031,52,0
2202,42084,53,0
2202,42081,54,0
2202,42079,55,0
2202,42077,56,0
2202,42074,57,0
2202,46621,58,0
2202,42072,59,0
2202,42070,60,0
2202,41219,61,0
2202,42067,62,0
2202,46720,63,0
2202,46718,64,0
2202,46716,65,0
2202,46714,66,0
2202,43191,67,0
2202,43201,68,0
2202,43199,69,0
2202,43197,70,0
2202,45011,71,0
2202,41876,72,0
2202,46423,73,0
2202,47122,74,1
2401,43428,1,0
2401,43429,2,0
2401,43021,3,0
2401,43024,4,0
2401,43026,5,0
2401,43029,6,0
2401,43031,7,0
2401,43032,8,0
2401,45045,9,0
2401,43036,10,0
2401,43039,11,0
2401,43041,12,0
2401,43044,13,0
2401,43046,14,0
2401,43049,15,0
2401,43052,16,0
2401,43054,17,0
2401,46007,18,0
2401,46008,19,0
2401,43057,20,0
2401,43059,21,0
2401,43061,22,0
2401,43063,23,0
2401,46653,24,0
2401,41409,25,0
2401,41462,26,0
2401,41262,27,0
2401,41259,28,0
2401,41258,29,0
2401,41256,30,0
2401,41254,31,0
2401,41252,32,0
2401,41250,33,0
2401,43416,34,0
2401,41248,35,0
2401,41246,36,0
2401,41244,37,0
2401,41242,38,0
2401,41239,39,0
2401,41237,40,0
2401,41235,41,0
2401,41233,42,0
2401,41231,43,0
2401,41228,44,0
2401,41226,45,0
2401,41224,46,0
2401,41222,47,0
2401,41220,48,0
2401,47124,49,1
2402,47024,1,0
2402,41267,2,0
2402,41221,3,0
2402,41223,4,0
2402,41225,5,0
2402,41227,6,0
2402,41229,7,0
2402,41232,8,0
2402,41234,9,0
2402,41236,10,0
2402,41238,11,0
2402,41240,12,0
2402,41243,13,0
2402,41245,14,0
2402,45043,15,0
2402,41247,16,0
2402,41249,17,0
2402,41251,18,0
2402,41253,19,0
2402,41255,20,0
2402,41257,21,0
2402,41260,22,0
2402,41263,23,0
2402,41461,24,0
2402,41463,25,0
2402,43062,26,0
2402,43060,27,0
2402,43058,28,0
2402,43055,29,0
2402,46009,30,0
2402,46010,31,0
2402,43053,32,0
2402,43051,33,0
2402,43047,34,0
2402,43045,35,0
2402,43042,36,0
2402,43040,37,0
2402,43038,38,0
2402,43033,39,0
2402,45008,40,0
2402,43034,41,0
2402,43030,42,0
2402,43027,43,0
2402,43025,44,0
2402,43023,45,0
2402,43019,46,0
2402,43426,47,0
2402,43427,48,1
2601,41196,1,0
2601,41197,2,0
2601,42703,3,0
2601,43224,4,0
2601,43222,5,0
2601,43220,6,0
2601,43218,7,0
2601,41788,8,0
2601,41783,9,0
2601,41786,10,0
2601,41193,11,0
2601,41189,12,0
2601,41187,13,0
2601,41185,14,0
2601,41183,15,0
2601,46533,16,0
2601,41181,17,0
2601,43259,18,0
2601,41178,19,0
2601,41176,20,0
2601,41174,21,0
2601,43022,22,0
2601,43037,23,0
2601,43050,24,0
2601,46011,25,0
2601,43043,26,0
2601,43064,27,0
2601,43066,28,0
2601,43068,29,0
2601,43018,30,0
2601,43021,31,0
2601,43430,32,0
2601,43431,33,0
2601,43432,34,0
2601,43433,35,0
2601,43434,36,0
2601,46648,37,0
2601,42509,38,0
2601,42507,39,0
2601,42505,40,0
2601,42503,41,0
2601,42500,42,0
2601,42498,43,0
2601,42496,44,0
2601,42494,45,0
2601,42492,46,0
2601,42489,47,0
2601,42487,48,0
2601,42485,49,0
2601,42483,50,0
2601,42481,51,0
2601,42514,52,0
2601,42512,53,0
2601,42510,54,0
2601,42491,55,0
2601,46012,56,0
2601,46013,57,0
2601,46014,58,0
2601,46015,59,0
2601,46016,60,0
2601,48126,61,1
2602,48026,1,0
2602,46018,2,0
2602,46625,3,0
2602,46109,4,0
2602,46019,5,0
2602,46020,6,0
2602,46021,7,0
2602,42515,8,0
2602,42480,9,0
2602,42511,10,0
2602,42513,11,0
2602,42516,12,0
2602,42482,13,0
2602,42484,14,0
2602,42486,15,0
2602,42488,16,0
2602,42490,17,0
2602,42493,18,0
2602,42495,19,0
2602,42497,20,0
2602,42499,21,0
2602,42501,22,0
2602,42504,23,0
2602,42506,24,0
2602,42508,25,0
2602,46606,26,0
2602,43421,27,0
2602,43422,28,0
2602,43423,29,0
2602,43424,30,0
2602,43425,31,0
2602,43019,32,0
2602,43017,33,0
2602,43016,34,0
2602,43067,35,0
2602,43065,36,0
2602,43056,37,0
2602,43028,38,0
2602,43048,39,0
2602,43035,40,0
2602,43020,41,0
2602,43015,42,0
2602,41175,43,0
2602,41177,44,0
2602,43258,45,0
2602,41179,46,0
2602,46532,47,0
2602,41182,48,0
2602,41184,49,0
2602,41186,50,0
2602,41188,51,0
2602,41191,52,0
2602,41194,53,0
2602,41784,54,0
2602,41785,55,0
2602,41787,56,0
2602,43219,57,0
2602,43221,58,0
2602,43223,59,0
2602,42702,60,0
2602,41195,61,0
2602,41196,62,1
2703,47027,1,0
2703,41842,2,0
2703,41865,3,0
2703,41887,4,0
2703,41796,5,0
2703,41798,6,0
2703,41800,7,0
2703,41802,8,0
2703,41804,9,0
2703,41807,10,0
2703,41809,11,0
2703,41811,12,0
2703,41813,13,0
2703,41817,14,0
2703,41820,15,0
2703,41822,16,0
2703,41824,17,0
2703,41826,18,0
2703,41828,19,0
2703,41831,20,0
2703,41130,21,0
2703,41133,22,0
2703,41134,23,0
2703,42155,24,0
2703,42156,25,0
2703,42158,26,0
2703,42160,27,0
2703,42718,28,0
2703,42715,29,0
2703,42717,30,0
2703,45014,31,0
2703,42712,32,0
2703,42713,33,0
2703,42709,34,0
2703,41902,35,0
2703,41911,36,0
2703,41909,37,0
2703,41907,38,0
2703,43983,39,0
2703,41016,40,0
2703,41017,41,0
2703,43986,42,0
2703,43987,43,0
2703,43988,44,0
2703,42693,45,0
2703,42701,46,0
2703,42699,47,0
2703,42697,48,0
2703,42695,49,0
2703,41072,50,0
2703,41071,51,0
2703,46305,52,0
2703,46396,53,0
2703,46303,54,0
2703,42727,55,0
2703,42729,56,0
2703,46345,57,0
2703,49027,58,1
2704,46022,1,0
2704,46344,2,0
2704,46023,3,0
2704,42730,4,0
2704,43419,5,0
2704,42726,6,0
2704,41067,7,0
2704,45015,8,0
2704,41074,9,0
2704,41073,10,0
2704,42696,11,0
2704,42698,12,0
2704,42700,13,0
2704,42694,14,0
2704,43989,15,0
2704,43990,16,0
2704,43991,17,0
2704,43992,18,0
2704,43993,19,0
2704,43994,20,0
2704,41906,21,0
2704,41908,22,0
2704,41910,23,0
2704,41901,24,0
2704,41903,25,0
2704,42706,26,0
2704,42708,27,0
2704,42711,28,0
2704,42714,29,0
2704,42723,30,0
2704,42162,31,0
2704,42161,32,0
2704,42159,33,0
2704,42157,34,0
2704,41132,35,0
2704,41131,36,0
2704,41832,37,0
2704,41830,38,0
2704,41827,39,0
2704,41825,40,0
2704,41823,41,0
2704,41821,42,0
2704,41819,43,0
2704,41815,44,0
2704,41816,45,0
2704,41812,46,0
2704,41810,47,0
2704,41808,48,0
2704,41806,49,0
2704,41803,50,0
2704,41801,51,0
2704,41799,52,0
2704,41797,53,0
2704,41795,54,0
2704,41876,55,0
2704,46423,56,0
2704,47127,57,1
3103,46654,1,0
3103,42794,2,0
3103,47031,3,0
3103,41842,4,0
3103,41865,5,0
3103,41887,6,0
3103,41796,7,0
3103,41798,8,0
3103,41800,9,0
3103,41802,10,0
3103,41804,11,0
3103,41807,12,0
3103,41809,13,0
3103,41811,14,0
3103,41813,15,0
3103,41817,16,0
3103,41820,17,0
3103,41822,18,0
3103,41824,19,0
3103,41826,20,0
3103,41828,21,0
3103,41831,22,0
3103,41839,23,0
3103,41834,24,0
3103,41837,25,0
3103,41833,26,0
3103,41841,27,0
3103,41844,28,0
3103,41846,29,0
3103,41848,30,0
3103,41849,31,0
3103,41852,32,0
3103,41854,33,0
3103,41856,34,0
3103,41858,35,0
3103,41860,36,0
3103,41862,37,0
3103,41864,38,0
3103,41867,39,0
3103,41869,40,0
3103,41871,41,0
3103,41873,42,0
3103,41875,43,0
3103,41878,44,0
3103,41880,45,0
3103,41080,46,0
3103,41081,47,0
3103,41083,48,0
3103,41208,49,0
3103,41112,50,0
3103,41114,51,0
3103,41116,52,0
3103,43166,53,0
3103,43168,54,0
3103,43170,55,0
3103,43172,56,0
3103,46397,57,0
3103,43164,58,0
3103,46506,59,0
3103,46622,60,0
3103,42571,61,0
3103,41030,62,1
3103,41031,63,1
3103,41029,64,1
3103,41032,65,1
3103,46540,66,1
3104,46541,1,0
3104,41033,2,0
3104,42572,3,0
3104,46623,4,0
3104,46507,5,0
3104,42570,6,0
3104,46398,7,0
3104,43163,8,0
3104,43171,9,0
3104,43169,10,0
3104,43167,11,0
3104,43165,12,0
3104,41117,13,0
3104,41115,14,0
3104,41113,15,0
3104,41209,16,0
3104,41082,17,0
3104,41883,18,0
3104,41881,19,0
3104,41879,20,0
3104,41877,21,0
3104,41874,22,0
3104,41872,23,0
3104,41870,24,0
3104,41868,25,0
3104,41866,26,0
3104,41863,27,0
3104,41861,28,0
3104,41859,29,0
3104,41857,30,0
3104,41855,31,0
3104,41853,32,0
3104,41851,33,0
3104,41850,34,0
3104,41847,35,0
3104,41845,36,0
3104,41843,37,0
3104,41835,38,0
3104,41838,39,0
3104,41836,40,0
3104,41840,41,0
3104,41832,42,0
3104,41830,43,0
3104,41827,44,0
3104,41825,45,0
3104,41823,46,0
3104,41821,47,0
3104,41819,48,0
3104,41815,49,0
3104,41816,50,0
3104,41812,51,0
3104,41810,52,0
3104,41808,53,0
3104,41806,54,0
3104,41803,55,0
3104,41801,56,0
3104,41799,57,0
3104,41797,58,0
3104,41795,59,0
3104,41876,60,0
3104,46423,61,0
3104,47131,62,0
3104,40131,63,1
3303,47033,1,0
3303,41267,2,0
3303,41221,3,0
3303,41223,4,0
3303,46611,5,0
3303,46612,6,0
3303,46627,7,0
3303,42753,8,0
3303,42755,9,0
3303,42757,10,0
3303,42759,11,0
3303,42751,12,0
3303,41333,13,0
3303,41328,14,0
3303,41039,15,0
3303,41041,16,0
3303,41147,17,0
3303,41149,18,0
3303,41153,19,0
3303,43185,20,0
3303,43187,21,0
3303,41794,22,0
3303,41154,23,0
3303,43228,24,0
3303,43227,25,0
3303,43226,26,0
3303,43232,27,0
3303,43231,28,0
3303,43230,29,0
3303,43229,30,0
3303,43246,31,0
3303,42245,32,0
3303,42244,33,0
3303,46058,34,0
3303,46059,35,0
3303,46060,36,0
3303,43160,37,0
3303,43161,38,0
3303,46440,39,0
3303,42846,40,0
3303,46062,41,0
3303,46063,42,0
3303,46064,43,0
3303,46065,44,0
3303,46320,45,0
3303,46066,46,0
3303,46067,47,0
3303,46068,48,0
3303,41391,49,0
3303,41370,50,0
3303,41351,51,0
3303,48133,52,1
3304,48033,1,0
3304,41342,2,0
3304,41360,3,0
3304,41380,4,0
3304,46035,5,0
3304,46036,6,0
3304,46037,7,0
3304,46038,8,0
3304,46039,9,0
3304,46040,10,0
3304,46744,11,0
3304,46041,12,0
3304,46321,13,0
3304,46042,14,0
3304,46043,15,0
3304,46044,16,0
3304,46045,17,0
3304,46046,18,0
3304,46047,19,0
3304,46048,20,0
3304,46049,21,0
3304,46050,22,0
3304,46051,23,0
3304,46052,24,0
3304,46053,25,0
3304,46054,26,0
3304,46055,27,0
3304,46056,28,0
3304,46057,29,0
3304,41004,30,0
3304,43188,31,0
3304,43190,32,0
3304,41152,33,0
3304,41150,34,0
3304,41148,35,0
3304,43155,36,0
3304,41042,37,0
3304,41040,38,0
3304,41043,39,0
3304,41331,40,0
3304,42750,41,0
3304,42758,42,0
3304,42756,43,0
3304,42754,44,0
3304,46626,45,0
3304,46713,46,0
3304,46610,47,0
3304,41222,48,0
3304,41220,49,0
3304,47133,50,1
3601,46563,1,0
3601,46736,2,0
3601,46738,3,0
3601,46740,4,0
3601,46741,5,0
3601,46568,6,0
3601,46569,7,0
3601,41968,8,0
3601,41970,9,0
3601,41972,10,0
3601,41974,11,0
3601,41618,12,0
3601,46570,13,0
3601,46571,14,0
3601,46572,15,0
3601,46573,16,0
3601,46574,17,0
3601,46575,18,0
3601,46576,19,0
3601,42498,20,0
3601,42496,21,0
3601,42494,22,0
3601,42492,23,0
3601,42489,24,0
3601,42487,25,0
3601,42485,26,0
3601,42483,27,0
3601,42481,28,0
3601,42514,29,0
3601,42512,30,0
3601,42510,31,0
3601,42491,32,0
3601,46012,33,0
3601,46013,34,0
3601,46014,35,0
3601,46015,36,0
3601,46016,37,0
3601,48136,38,1
3602,48036,1,0
3602,46018,2,0
3602,46625,3,0
3602,46109,4,0
3602,46019,5,0
3602,46020,6,0
3602,46021,7,0
3602,42515,8,0
3602,42480,9,0
3602,42511,10,0
3602,42513,11,0
3602,42516,12,0
3602,42482,13,0
3602,42484,14,0
3602,42486,15,0
3602,42488,16,0
3602,42490,17,0
3602,42493,18,0
3602,42495,19,0
3602,46607,20,0
3602,46577,21,0
3602,46578,22,0
3602,46579,23,0
3602,46580,24,0
3602,46581,25,0
3602,46582,26,0
3602,46583,27,0
3602,46584,28,0
3602,41617,29,0
3602,41967,30,0
3602,41969,31,0
3602,41971,32,0
3602,41973,33,0
3602,46585,34,0
3602,46586,35,0
3602,46739,36,0
3602,46737,37,0
3602,46589,38,0
3602,46590,39,1
3703,47037,1,0
3703,41267,2,0
3703,41221,3,0
3703,41223,4,0
3703,42749,5,0
3703,46083,6,0
3703,46084,7,0
3703,46085,8,0
3703,46669,9,0
3703,41008,10,0
3703,41006,11,0
3703,41391,12,0
3703,41928,13,0
3703,41930,14,0
3703,41913,15,0
3703,41915,16,0
3703,41916,17,0
3703,41919,18,0
3703,41921,19,0
3703,41738,20,0
3703,41742,21,0
3703,43011,22,0
3703,43013,23,0
3703,41635,24,0
3703,41646,25,0
3703,41648,26,0
3703,41650,27,0
3703,41652,28,0
3703,41637,29,0
3703,41639,30,0
3703,41641,31,0
3703,41643,32,0
3703,41124,33,0
3703,41126,34,0
3703,41128,35,0
3703,41129,36,0
3703,41121,37,0
3703,41945,38,0
3703,41946,39,0
3703,41948,40,0
3703,41951,41,0
3703,41953,42,0
3703,46600,43,0
3703,45022,44,0
3703,45023,45,0
3703,45024,46,0
3703,46087,47,0
3703,46088,48,0
3703,46420,49,1
3704,46421,1,0
3704,46069,2,0
3704,46070,3,0
3704,46071,4,0
3704,46072,5,0
3704,46073,6,0
3704,46074,7,0
3704,41959,8,0
3704,41961,9,0
3704,41954,10,0
3704,41955,11,0
3704,46075,12,0
3704,46076,13,0
3704,46078,14,0
3704,46079,15,0
3704,41127,16,0
3704,41125,17,0
3704,41123,18,0
3704,41642,19,0
3704,41640,20,0
3704,41638,21,0
3704,41636,22,0
3704,41651,23,0
3704,41649,24,0
3704,41647,25,0
3704,41645,26,0
3704,41634,27,0
3704,43014,28,0
3704,43012,29,0
3704,41922,30,0
3704,41920,31,0
3704,41918,32,0
3704,41917,33,0
3704,41914,34,0
3704,41912,35,0
3704,41929,36,0
3704,41380,37,0
3704,41395,38,0
3704,41005,39,0
3704,46668,40,0
3704,46080,41,0
3704,46081,42,0
3704,46082,43,0
3704,42752,44,0
3704,41226,45,0
3704,41224,46,0
3704,41222,47,0
3704,41220,48,0
3704,47137,49,1
3903,44139,1,0
3903,41931,2,0
3903,41964,3,0
3903,41966,4,0
3903,41941,5,0
3903,41958,6,0
3903,41937,7,0
3903,43147,8,0
3903,43148,9,0
3903,46509,10,1
3903,48039,11,0
3903,43149,12,0
3903,41913,13,0
3903,41915,14,0
3903,41916,15,0
3903,41919,16,0
3903,41921,17,0
3903,42844,18,0
3903,42847,19,0
3903,42850,20,0
3903,42852,21,0
3903,41814,22,0
3903,41817,23,0
3903,41820,24,0
3903,41822,25,0
3903,41824,26,0
3903,41826,27,0
3903,41828,28,0
3903,41831,29,0
3903,41130,30,0
3903,41133,31,0
3903,41134,32,0
3903,42155,33,0
3903,42156,34,0
3903,42158,35,0
3903,42160,36,0
3903,42718,37,0
3903,42715,38,0
3903,42717,39,0
3903,45014,40,0
3903,42712,41,0
3903,42713,42,0
3903,42709,43,0
3903,42710,44,0
3903,41099,45,0
3903,41098,46,0
3903,41092,47,0
3903,41097,48,0
3903,41096,49,0
3903,41094,50,0
3903,41848,51,0
3903,41849,52,0
3903,41852,53,0
3903,41854,54,0
3903,41856,55,0
3903,41858,56,0
3903,41860,57,0
3903,41862,58,0
3903,41864,59,0
3903,41867,60,0
3903,41869,61,0
3903,41871,62,0
3903,41873,63,0
3903,41875,64,0
3903,41878,65,0
3903,41880,66,0
3903,41882,67,0
3903,41884,68,0
3903,46438,69,0
3903,41886,70,0
3903,41889,71,0
3903,41070,72,0
3903,41892,73,0
3903,49039,74,1
3904,41068,1,0
3904,41893,2,0
3904,41891,3,0
3904,41890,4,0
3904,41888,5,0
3904,46437,6,0
3904,41885,7,0
3904,41883,8,0
3904,41881,9,0
3904,41879,10,0
3904,41877,11,0
3904,41874,12,0
3904,41872,13,0
3904,41870,14,0
3904,41868,15,0
3904,41866,16,0
3904,41863,17,0
3904,41861,18,0
3904,41859,19,0
3904,41857,20,0
3904,41855,21,0
3904,41853,22,0
3904,41851,23,0
3904,45016,24,0
3904,41089,25,0
3904,41091,26,0
3904,41093,27,0
3904,41095,28,0
3904,41084,29,0
3904,42704,30,0
3904,42706,31,0
3904,42708,32,0
3904,42711,33,0
3904,42714,34,0
3904,42723,35,0
3904,42162,36,0
3904,42161,37,0
3904,42159,38,0
3904,42157,39,0
3904,41132,40,0
3904,41131,41,0
3904,41832,42,0
3904,41830,43,0
3904,41827,44,0
3904,41825,45,0
3904,41823,46,0
3904,41821,47,0
3904,41819,48,0
3904,41815,49,0
3904,42855,50,0
3904,42853,51,0
3904,42851,52,0
3904,42849,53,0
3904,41922,54,0
3904,41920,55,0
3904,41918,56,0
3904,41917,57,0
3904,41914,58,0
3904,43152,59,0
3904,46444,60,0
3904,46443,61,1
3904,48139,62,0
3904,43343,63,0
3904,43146,64,0
3904,41957,65,0
3904,41952,66,0
3904,41942,67,0
3904,41965,68,0
3904,41932,69,0
3904,44039,70,1
4001,45001,1,0
4001,46648,2,0
4001,41312,3,0
4001,43127,4,0
4001,43150,5,0
4001,43157,6,0
4001,43159,7,0
4001,43108,8,0
4001,43110,9,0
4001,43112,10,0
4001,43114,11,0
4001,43116,12,0
4001,43118,13,0
4001,43120,14,0
4001,43122,15,0
4001,43124,16,0
4001,43126,17,0
4001,43129,18,0
4001,43131,19,0
4001,43133,20,0
4001,43135,21,0
4001,43137,22,0
4001,43140,23,0
4001,43142,24,0
4001,46655,25,0
4001,43144,26,0
4001,43147,27,0
4001,43148,28,0
4001,46443,29,1
4001,48140,30,1
4002,48040,1,0
4002,43343,2,0
4002,43146,3,0
4002,43145,4,0
4002,43143,5,0
4002,43438,6,0
4002,43139,7,0
4002,43136,8,0
4002,43134,9,0
4002,43132,10,0
4002,43130,11,0
4002,43128,12,0
4002,43125,13,0
4002,43123,14,0
4002,43121,15,0
4002,43119,16,0
4002,43117,17,0
4002,43115,18,0
4002,43113,19,0
4002,43111,20,0
4002,43109,21,0
4002,43107,22,0
4002,43158,23,0
4002,43156,24,0
4002,43138,25,0
4002,46408,26,0
4002,41313,27,0
4002,46409,28,0
4002,46441,29,0
4002,46410,30,0
4002,46432,31,0
4002,43392,32,0
4002,43393,33,0
4002,43394,34,0
4002,43395,35,0
4002,43396,36,0
4002,49040,37,1
4201,44042,1,0
4201,43295,2,0
4201,41505,3,0
4201,41502,4,0
4201,45058,5,0
4201,42828,6,0
4201,42830,7,0
4201,46422,8,0
4201,42832,9,0
4201,41958,10,0
4201,41937,11,0
4201,43147,12,0
4201,43148,13,0
4201,43507,14,0
4201,43509,15,0
4201,41342,16,0
4201,41360,17,0
4201,41380,18,0
4201,41395,19,0
4201,41323,20,0
4201,41325,21,0
4201,41327,22,0
4201,41331,23,0
4201,41334,24,0
4201,41336,25,0
4201,41338,26,0
4201,41339,27,0
4201,41341,28,0
4201,41344,29,0
4201,41346,30,0
4201,41348,31,0
4201,41350,32,0
4201,41353,33,0
4201,41355,34,0
4201,41357,35,0
4201,41359,36,0
4201,41361,37,0
4201,41363,38,0
4201,41365,39,0
4201,41367,40,0
4201,41369,41,0
4201,41372,42,0
4201,41373,43,0
4201,41377,44,0
4201,41379,45,0
4201,41382,46,0
4201,41384,47,0
4201,41386,48,0
4201,41388,49,0
4201,41390,50,0
4201,41393,51,0
4201,42101,52,0
4201,42103,53,0
4201,42105,54,0
4201,42107,55,0
4201,42110,56,0
4201,42112,57,0
4201,42114,58,0
4201,42116,59,0
4201,42118,60,0
4201,42121,61,0
4201,42123,62,0
4201,42125,63,0
4201,42127,64,0
4201,42129,65,0
4201,42132,66,0
4201,42134,67,0
4201,42136,68,0
4201,42138,69,0
4201,42140,70,0
4201,41988,71,0
4201,41990,72,0
4201,41992,73,0
4201,41994,74,0
4201,41996,75,0
4201,41999,76,0
4201,42001,77,0
4201,42003,78,0
4201,46743,79,0
4201,42005,80,0
4201,42008,81,0
4201,42010,82,0
4201,42409,83,0
4201,42414,84,0
4201,42416,85,0
4201,42418,86,0
4201,42420,87,0
4201,42411,88,0
4201,42412,89,0
4201,42178,90,0
4201,42179,91,0
4201,42180,92,0
4201,42184,93,0
4201,42451,94,0
4201,45060,95,0
4201,42452,96,0
4201,42454,97,0
4201,42447,98,0
4201,42455,99,0
4201,42457,100,0
4201,42459,101,0
4201,46632,102,1
4202,41272,1,0
4202,41273,2,0
4202,42445,3,0
4202,42446,4,0
4202,42013,5,0
4202,42448,6,0
4202,42460,7,0
4202,42458,8,0
4202,42456,9,0
4202,42453,10,0
4202,42449,11,0
4202,45059,12,0
4202,42450,13,0
4202,45061,14,0
4202,45062,15,0
4202,42182,16,0
4202,42183,17,0
4202,42185,18,0
4202,42177,19,0
4202,42175,20,0
4202,42410,21,0
4202,42419,22,0
4202,42417,23,0
4202,42415,24,0
4202,42413,25,0
4202,42011,26,0
4202,42009,27,0
4202,42007,28,0
4202,46742,29,0
4202,42004,30,0
4202,42002,31,0
4202,42000,32,0
4202,41998,33,0
4202,41995,34,0
4202,41993,35,0
4202,41991,36,0
4202,41989,37,0
4202,41987,38,0
4202,42139,39,0
4202,42137,40,0
4202,42135,41,0
4202,42133,42,0
4202,42131,43,0
4202,42128,44,0
4202,42126,45,0
4202,42124,46,0
4202,42122,47,0
4202,42120,48,0
4202,42117,49,0
4202,42115,50,0
4202,42113,51,0
4202,42111,52,0
4202,42109,53,0
4202,42106,54,0
4202,42104,55,0
4202,42102,56,0
4202,41394,57,0
4202,41392,58,0
4202,41389,59,0
4202,41387,60,0
4202,41385,61,0
4202,41383,62,0
4202,41381,63,0
4202,41378,64,0
4202,41376,65,0
4202,41374,66,0
4202,41371,67,0
4202,41368,68,0
4202,41366,69,0
4202,41364,70,0
4202,41362,71,0
4202,41358,72,0
4202,41356,73,0
4202,41354,74,0
4202,41352,75,0
4202,41349,76,0
4202,41347,77,0
4202,41345,78,0
4202,41343,79,0
4202,41340,80,0
4202,41337,81,0
4202,41335,82,0
4202,41333,83,0
4202,41328,84,0
4202,41326,85,0
4202,41324,86,0
4202,41322,87,0
4202,41391,88,0
4202,41370,89,0
4202,41351,90,0
4202,43510,91,0
4202,43506,92,0
4202,43343,93,0
4202,43146,94,0
4202,41957,95,0
4202,41952,96,0
4202,42833,97,0
4202,42831,98,0
4202,42829,99,0
4202,41509,100,0
4202,45063,101,0
4202,41504,102,0
4202,41506,103,0
4202,43296,104,0
4202,46470,105,0
4202,44142,106,1
4303,47043,1,0
4303,41842,2,0
4303,41865,3,0
4303,41887,4,0
4303,41796,5,0
4303,41798,6,0
4303,41800,7,0
4303,41802,8,0
4303,41804,9,0
4303,41807,10,0
4303,41809,11,0
4303,41811,12,0
4303,41813,13,0
4303,41817,14,0
4303,41820,15,0
4303,41822,16,0
4303,41824,17,0
4303,41826,18,0
4303,42705,19,0
4303,42719,20,0
4303,42721,21,0
4303,42718,22,0
4303,42715,23,0
4303,42717,24,0
4303,45014,25,0
4303,42712,26,0
4303,42713,27,0
4303,42709,28,0
4303,42710,29,0
4303,43995,30,0
4303,42707,31,0
4303,46415,32,0
4303,43996,33,0
4303,46391,34,0
4303,43997,35,0
4303,43998,36,0
4303,43999,37,1
4304,41009,1,0
4304,41010,2,0
4304,41011,3,0
4304,46392,4,0
4304,41012,5,0
4304,46416,6,0
4304,41013,7,0
4304,41015,8,0
4304,41014,9,0
4304,42704,10,0
4304,42706,11,0
4304,42708,12,0
4304,42711,13,0
4304,42714,14,0
4304,42723,15,0
4304,42722,16,0
4304,42720,17,0
4304,42716,18,0
4304,41827,19,0
4304,41825,20,0
4304,41823,21,0
4304,41821,22,0
4304,41819,23,0
4304,41815,24,0
4304,41816,25,0
4304,41812,26,0
4304,41810,27,0
4304,41808,28,0
4304,41806,29,0
4304,41803,30,0
4304,41801,31,0
4304,41799,32,0
4304,41797,33,0
4304,41795,34,0
4304,41876,35,0
4304,46423,36,0
4304,47143,37,1
4503,48045,1,0
4503,43249,2,0
4503,43374,3,0
4503,43439,4,0
4503,45028,5,0
4503,45030,6,0
4503,42836,7,0
4503,41738,8,0
4503,41742,9,0
4503,41744,10,0
4503,41746,11,0
4503,46099,12,0
4503,46100,13,0
4503,46101,14,0
4503,46102,15,0
4503,46103,16,0
4503,46104,17,0
4503,46105,18,0
4503,46388,19,0
4503,46426,20,0
4503,46511,21,0
4503,46635,22,0
4503,46344,23,0
4503,46023,24,0
4503,42730,25,0
4503,43419,26,0
4503,42726,27,0
4503,41076,28,0
4503,42557,29,0
4503,42556,30,0
4503,45017,31,0
4503,42554,32,0
4503,42552,33,0
4503,43180,34,0
4503,41860,35,0
4503,41862,36,0
4503,41864,37,0
4503,41867,38,0
4503,41869,39,0
4503,41871,40,0
4503,41873,41,0
4503,41875,42,0
4503,41878,43,0
4503,41880,44,0
4503,41882,45,0
4503,41884,46,0
4503,46438,47,0
4503,41886,48,0
4503,41889,49,0
4503,41070,50,0
4503,49145,51,1
4504,41068,1,0
4504,41893,2,0
4504,41891,3,0
4504,41890,4,0
4504,41888,5,0
4504,46437,6,0
4504,41885,7,0
4504,41883,8,0
4504,41881,9,0
4504,41879,10,0
4504,41877,11,0
4504,41874,12,0
4504,41872,13,0
4504,41870,14,0
4504,41868,15,0
4504,41866,16,0
4504,41863,17,0
4504,41861,18,0
4504,43183,19,0
4504,43184,20,0
4504,42551,21,0
4504,45018,22,0
4504,42553,23,0
4504,42555,24,0
4504,41077,25,0
4504,41078,26,0
4504,46303,27,0
4504,42727,28,0
4504,42729,29,0
4504,46345,30,0
4504,46382,31,0
4504,46512,32,0
4504,46425,33,0
4504,46389,34,0
4504,46094,35,0
4504,45021,36,0
4504,45020,37,0
4504,41740,38,0
4504,41739,39,0
4504,46095,40,0
4504,46096,41,0
4504,46097,42,0
4504,41745,43,0
4504,41743,44,0
4504,41741,45,0
4504,42840,46,0
4504,42841,47,0
4504,45042,48,0
4504,43248,49,0
4504,43900,50,0
4504,43372,51,0
4504,46304,52,0
4504,46443,53,1
4504,48145,54,1
4603,48046,1,0
4603,46018,2,0
4603,46625,3,0
4603,46109,4,0
4603,46019,5,0
4603,46020,6,0
4603,46021,7,0
4603,42515,8,0
4603,42480,9,0
4603,42511,10,0
4603,42513,11,0
4603,42516,12,0
4603,41416,13,0
4603,41417,14,0
4603,41421,15,0
4603,41424,16,0
4603,42811,17,0
4603,42810,18,0
4603,45035,19,0
4603,42809,20,0
4603,42807,21,0
4603,42806,22,0
4603,42821,23,0
4603,42802,24,0
4603,42800,25,0
4603,42882,26,0
4603,42881,27,0
4603,42863,28,0
4603,42837,29,0
4603,42819,30,0
4603,46721,31,0
4603,41270,32,0
4603,41269,33,0
4603,42639,34,0
4603,46106,35,0
4603,43437,36,0
4603,42662,37,0
4603,46406,38,0
4603,42674,39,0
4603,42676,40,0
4603,42678,41,0
4603,42641,42,0
4603,42643,43,0
4603,42645,44,0
4603,42648,45,0
4603,42651,46,0
4603,45033,47,0
4603,42656,48,0
4603,42654,49,0
4603,42658,50,0
4603,42659,51,0
4603,42661,52,0
4603,42664,53,0
4603,42667,54,0
4603,42669,55,0
4603,42671,56,0
4603,42761,57,0
4603,42763,58,0
4603,42765,59,0
4603,43077,60,0
4603,43093,61,0
4603,43095,62,0
4603,43097,63,0
4603,43079,64,0
4603,43081,65,0
4603,43083,66,0
4603,43085,67,1
4604,43086,1,0
4604,43084,2,0
4604,43082,3,0
4604,43080,4,0
4604,43078,5,0
4604,43096,6,0
4604,43094,7,0
4604,43088,8,0
4604,43091,9,0
4604,42764,10,0
4604,42762,11,0
4604,42760,12,0
4604,42672,13,0
4604,42670,14,0
4604,42668,15,0
4604,42666,16,0
4604,42665,17,0
4604,42663,18,0
4604,42660,19,0
4604,42657,20,0
4604,42653,21,0
4604,42655,22,0
4604,42652,23,0
4604,42650,24,0
4604,42647,25,0
4604,42646,26,0
4604,42644,27,0
4604,42642,28,0
4604,42640,29,0
4604,42677,30,0
4604,46407,31,0
4604,42675,32,0
4604,43436,33,0
4604,46439,34,0
4604,42673,35,0
4604,42649,36,0
4604,41271,37,0
4604,42823,38,0
4604,46722,39,0
4604,42430,40,0
4604,42827,41,0
4604,42848,42,0
4604,42874,43,0
4604,42878,44,0
4604,42883,45,0
4604,42801,46,0
4604,42803,47,0
4604,42804,48,0
4604,42805,49,0
4604,42808,50,0
4604,45034,51,0
4604,42813,52,0
4604,42814,53,0
4604,41423,54,0
4604,41425,55,0
4604,41422,56,0
4604,41420,57,0
4604,41418,58,0
4604,42481,59,0
4604,42514,60,0
4604,42512,61,0
4604,42510,62,0
4604,42491,63,0
4604,46012,64,0
4604,46013,65,0
4604,46014,66,0
4604,46015,67,0
4604,46016,68,0
4604,48148,69,1
4803,47048,1,0
4803,41842,2,0
4803,41865,3,0
4803,41887,4,0
4803,41796,5,0
4803,41798,6,0
4803,41800,7,0
4803,41341,8,0
4803,41344,9,0
4803,41346,10,0
4803,41348,11,0
4803,41350,12,0
4803,41353,13,0
4803,41355,14,0
4803,41357,15,0
4803,41359,16,0
4803,41361,17,0
4803,41363,18,0
4803,41365,19,0
4803,41367,20,0
4803,41369,21,0
4803,41372,22,0
4803,41373,23,0
4803,41377,24,0
4803,41379,25,0
4803,41382,26,0
4803,41384,27,0
4803,41386,28,0
4803,41388,29,0
4803,43238,30,0
4803,43242,31,0
4803,43244,32,0
4803,43233,33,0
4803,43235,34,0
4803,43236,35,0
4803,41279,36,0
4803,46667,37,0
4803,46112,38,0
4803,46113,39,0
4803,46313,40,0
4803,46314,41,0
4803,46364,42,0
4803,46365,43,0
4803,46539,44,0
4803,46366,45,0
4803,46367,46,0
4803,46368,47,0
4803,46369,48,0
4803,46370,49,0
4803,46598,50,0
4803,46704,51,0
4803,46594,52,0
4803,46544,53,0
4803,46545,54,0
4803,46546,55,0
4803,46547,56,0
4803,46548,57,0
4803,46705,58,0
4803,46706,59,0
4803,46707,60,0
4803,41487,61,0
4803,41489,62,0
4803,46708,63,0
4803,41846,64,0
4803,41086,65,0
4803,41088,66,0
4803,46345,67,0
4803,49048,68,1
4804,46712,1,0
4804,46344,2,0
4804,41085,3,0
4804,41087,4,0
4804,41847,5,0
4804,41492,6,0
4804,41490,7,0
4804,41488,8,0
4804,46709,9,0
4804,46710,10,0
4804,46711,11,0
4804,46553,12,0
4804,46554,13,0
4804,46555,14,0
4804,46556,15,0
4804,46557,16,0
4804,46595,17,0
4804,46703,18,0
4804,46599,19,0
4804,46376,20,0
4804,46377,21,0
4804,46378,22,0
4804,46379,23,0
4804,46538,24,0
4804,46380,25,0
4804,46381,26,0
4804,46311,27,0
4804,46312,28,0
4804,46110,29,0
4804,46111,30,0
4804,46517,31,0
4804,42879,32,0
4804,43240,33,0
4804,46353,34,0
4804,43241,35,0
4804,43243,36,0
4804,43245,37,0
4804,43234,38,0
4804,43237,39,0
4804,41389,40,0
4804,41387,41,0
4804,41385,42,0
4804,41383,43,0
4804,41381,44,0
4804,41378,45,0
4804,41376,46,0
4804,41374,47,0
4804,41371,48,0
4804,41368,49,0
4804,41366,50,0
4804,41364,51,0
4804,41362,52,0
4804,41358,53,0
4804,41356,54,0
4804,41354,55,0
4804,41352,56,0
4804,41349,57,0
4804,41347,58,0
4804,41345,59,0
4804,41343,60,0
4804,41799,61,0
4804,41797,62,0
4804,41795,63,0
4804,41876,64,0
4804,46423,65,0
4804,47148,66,1
5001,44050,1,0
5001,41931,2,0
5001,41964,3,0
5001,41966,4,0
5001,41941,5,0
5001,41958,6,0
5001,41937,7,0
5001,43147,8,0
5001,43148,9,0
5001,46443,10,1
5001,48050,11,0
5001,43249,12,0
5001,43374,13,0
5001,43439,14,0
5001,45028,15,0
5001,45030,16,0
5001,42836,17,0
5001,42839,18,0
5001,42842,19,0
5001,42844,20,0
5001,42847,21,0
5001,42850,22,0
5001,42852,23,0
5001,42854,24,0
5001,42856,25,0
5001,42858,26,0
5001,42857,27,0
5001,42862,28,0
5001,42865,29,0
5001,45031,30,0
5001,42867,31,0
5001,42869,32,0
5001,42871,33,0
5001,42873,34,0
5001,46118,35,0
5001,46119,36,0
5001,46120,37,0
5001,42876,38,0
5001,42879,39,0
5001,43240,40,0
5001,41280,41,0
5001,41282,42,0
5001,41104,43,0
5001,41614,44,0
5001,41612,45,0
5001,41609,46,0
5001,41610,47,0
5001,42798,48,0
5001,46399,49,0
5001,46306,50,0
5001,45071,51,0
5001,45074,52,0
5001,46329,53,0
5001,45076,54,0
5001,46562,55,0
5001,46670,56,0
5001,46024,57,0
5001,46634,58,1
5002,46634,1,0
5002,45067,2,0
5002,46025,3,0
5002,46561,4,0
5002,46336,5,0
5002,46028,6,0
5002,46029,7,0
5002,46030,8,0
5002,46337,9,0
5002,42797,10,0
5002,41616,11,0
5002,41611,12,0
5002,41613,13,0
5002,41615,14,0
5002,41102,15,0
5002,41281,16,0
5002,41279,17,0
5002,42880,18,0
5002,42877,19,0
5002,46114,20,0
5002,46115,21,0
5002,46116,22,0
5002,46117,23,0
5002,42872,24,0
5002,42870,25,0
5002,42868,26,0
5002,45032,27,0
5002,42866,28,0
5002,42864,29,0
5002,42860,30,0
5002,42859,31,0
5002,42855,32,0
5002,42853,33,0
5002,42851,34,0
5002,42849,35,0
5002,42845,36,0
5002,42843,37,0
5002,42840,38,0
5002,42841,39,0
5002,45042,40,0
5002,43248,41,0
5002,43900,42,0
5002,43372,43,0
5002,46304,44,0
5002,46509,45,1
5002,48150,46,0
5002,43343,47,0
5002,43146,48,0
5002,41957,49,0
5002,41952,50,0
5002,41942,51,0
5002,41965,52,0
5002,41932,53,0
5002,44150,54,1
5201,46654,1,0
5201,41706,2,0
5201,46631,3,0
5201,46384,4,0
5201,43302,5,0
5201,42584,6,0
5201,46629,7,0
5201,41393,8,0
5201,42101,9,0
5201,42103,10,0
5201,42105,11,0
5201,42107,12,0
5201,42110,13,0
5201,42112,14,0
5201,42114,15,0
5201,42116,16,0
5201,42118,17,0
5201,42121,18,0
5201,42123,19,0
5201,42125,20,0
5201,42127,21,0
5201,42129,22,0
5201,42132,23,0
5201,42134,24,0
5201,42136,25,0
5201,42138,26,0
5201,42140,27,0
5201,41988,28,0
5201,41990,29,0
5201,41992,30,0
5201,41994,31,0
5201,41996,32,0
5201,41999,33,0
5201,42001,34,0
5201,42003,35,0
5201,46743,36,0
5201,42005,37,0
5201,42008,38,0
5201,42010,39,0
5201,42409,40,0
5201,42414,41,0
5201,42416,42,0
5201,42418,43,0
5201,42420,44,0
5201,42411,45,0
5201,42412,46,0
5201,42178,47,0
5201,42179,48,0
5201,42180,49,0
5201,42184,50,0
5201,42447,51,0
5201,42455,52,0
5201,42457,53,0
5201,42459,54,0
5201,42461,55,0
5201,42014,56,0
5201,42016,57,0
5201,42019,58,0
5201,42021,59,0
5201,42023,60,0
5201,42025,61,0
5201,42027,62,0
5201,42030,63,0
5201,42032,64,0
5201,42034,65,0
5201,42036,66,0
5201,42038,67,0
5201,42041,68,0
5201,42043,69,0
5201,42045,70,0
5201,42047,71,0
5201,42049,72,0
5201,42259,73,0
5201,42333,74,0
5201,42355,75,0
5201,42377,76,0
5201,42399,77,0
5201,42271,78,0
5201,42293,79,0
5201,42316,80,0
5201,42319,81,0
5201,42321,82,0
5201,42324,83,0
5201,42326,84,0
5201,42328,85,0
5201,42330,86,0
5201,42332,87,0
5201,42335,88,0
5201,42337,89,0
5201,42339,90,0
5201,42341,91,0
5201,42343,92,0
5201,42346,93,0
5201,42348,94,0
5201,42350,95,0
5201,42352,96,0
5201,42354,97,0
5201,42357,98,0
5201,42359,99,0
5201,42361,100,0
5201,42363,101,0
5201,42365,102,0
5201,42368,103,0
5201,42370,104,0
5201,42372,105,0
5201,42374,106,0
5201,42376,107,0
5201,49052,108,1
5202,42379,1,0
5202,42378,2,0
5202,42375,3,0
5202,42373,4,0
5202,42371,5,0
5202,42369,6,0
5202,42367,7,0
5202,42364,8,0
5202,42362,9,0
5202,42360,10,0
5202,42358,11,0
5202,42356,12,0
5202,42353,13,0
5202,42351,14,0
5202,42349,15,0
5202,42347,16,0
5202,42345,17,0
5202,42342,18,0
5202,42340,19,0
5202,42338,20,0
5202,42336,21,0
5202,42334,22,0
5202,42331,23,0
5202,42329,24,0
5202,42327,25,0
5202,42325,26,0
5202,42323,27,0
5202,42320,28,0
5202,42318,29,0
5202,42306,30,0
5202,42282,31,0
5202,42260,32,0
5202,42388,33,0
5202,42366,34,0
5202,42344,35,0
5202,42322,36,0
5202,42051,37,0
5202,42048,38,0
5202,42046,39,0
5202,42044,40,0
5202,42042,41,0
5202,42040,42,0
5202,42037,43,0
5202,42035,44,0
5202,42033,45,0
5202,42031,46,0
5202,42029,47,0
5202,42026,48,0
5202,42024,49,0
5202,42022,50,0
5202,42020,51,0
5202,42018,52,0
5202,42015,53,0
5202,42448,54,0
5202,42460,55,0
5202,42458,56,0
5202,42456,57,0
5202,42453,58,0
5202,42181,59,0
5202,42182,60,0
5202,42183,61,0
5202,42185,62,0
5202,42177,63,0
5202,42175,64,0
5202,42410,65,0
5202,42419,66,0
5202,42417,67,0
5202,42415,68,0
5202,42413,69,0
5202,42011,70,0
5202,42009,71,0
5202,42007,72,0
5202,46742,73,0
5202,42004,74,0
5202,42002,75,0
5202,42000,76,0
5202,41998,77,0
5202,41995,78,0
5202,41993,79,0
5202,41991,80,0
5202,41989,81,0
5202,41987,82,0
5202,42139,83,0
5202,42137,84,0
5202,42135,85,0
5202,42133,86,0
5202,42131,87,0
5202,42128,88,0
5202,42126,89,0
5202,42124,90,0
5202,42122,91,0
5202,42120,92,0
5202,42117,93,0
5202,42115,94,0
5202,42113,95,0
5202,42111,96,0
5202,42109,97,0
5202,42106,98,0
5202,42104,99,0
5202,42102,100,0
5202,41394,101,0
5202,41392,102,0
5202,46628,103,1
5202,42170,104,1
5202,43303,105,1
5202,46385,106,1
5202,46630,107,1
5202,41707,108,1
5202,40131,109,1
5503,46654,1,0
5503,41708,2,0
5503,46616,3,0
5503,43411,4,0
5503,41669,5,0
5503,41666,6,0
5503,41667,7,0
5503,41431,8,0
5503,41283,9,0
5503,46591,10,0
5503,41297,11,0
5503,41299,12,0
5503,41301,13,0
5503,41303,14,0
5503,41285,15,0
5503,41291,16,0
5503,41287,17,0
5503,46603,18,0
5503,41289,19,0
5503,42820,20,0
5503,42817,21,0
5503,42812,22,0
5503,41428,23,0
5503,41430,24,0
5503,46390,25,0
5503,42148,26,0
5503,42146,27,0
5503,42150,28,0
5503,42141,29,0
5503,42143,30,0
5503,41617,31,0
5503,41967,32,0
5503,41969,33,0
5503,41971,34,0
5503,41973,35,0
5503,41314,36,0
5503,41316,37,0
5503,41318,38,0
5503,41320,39,0
5503,41441,40,0
5503,43266,41,0
5503,41444,42,0
5503,46424,43,0
5503,41573,44,0
5503,41576,45,0
5503,41577,46,0
5503,41570,47,0
5503,41572,48,0
5503,41560,49,0
5503,41562,50,0
5503,41564,51,0
5503,41566,52,0
5503,41568,53,0
5503,41747,54,0
5503,41749,55,0
5503,41751,56,0
5503,41474,57,0
5503,41476,58,0
5503,41479,59,0
5503,41481,60,0
5503,46130,61,0
5503,46131,62,0
5503,46132,63,0
5503,46651,64,0
5503,46133,65,0
5503,46134,66,0
5503,46135,67,0
5503,46341,68,0
5503,46136,69,0
5503,46137,70,0
5503,46138,71,0
5503,43081,72,0
5503,43083,73,0
5503,43085,74,1
5504,43086,1,0
5504,43084,2,0
5504,43082,3,0
5504,46121,4,0
5504,46122,5,0
5504,46123,6,0
5504,46340,7,0
5504,46124,8,0
5504,46125,9,0
5504,46126,10,0
5504,46650,11,0
5504,46127,12,0
5504,46128,13,0
5504,46129,14,0
5504,41483,15,0
5504,41480,16,0
5504,41478,17,0
5504,41475,18,0
5504,41752,19,0
5504,41750,20,0
5504,41748,21,0
5504,41753,22,0
5504,41567,23,0
5504,41565,24,0
5504,41563,25,0
5504,41561,26,0
5504,41559,27,0
5504,41571,28,0
5504,41569,29,0
5504,41575,30,0
5504,41447,31,0
5504,46505,32,0
5504,41445,33,0
5504,46592,34,0
5504,41443,35,0
5504,41440,36,0
5504,41315,37,0
5504,41317,38,0
5504,41319,39,0
5504,41968,40,0
5504,41970,41,0
5504,41972,42,0
5504,41974,43,0
5504,41618,44,0
5504,42145,45,0
5504,42144,46,0
5504,42142,47,0
5504,42147,48,0
5504,42149,49,0
5504,41434,50,0
5504,41432,51,0
5504,41429,52,0
5504,42815,53,0
5504,42816,54,0
5504,42818,55,0
5504,46633,56,0
5504,41290,57,0
5504,41288,58,0
5504,41286,59,0
5504,41284,60,0
5504,41302,61,0
5504,41300,62,0
5504,41298,63,0
5504,41293,64,0
5504,41442,65,0
5504,41419,66,0
5504,41894,67,1
5504,41534,68,1
5504,41668,69,1
5504,43410,70,1
5504,46617,71,1
5504,41709,72,1
5504,40155,73,1
5601,46238,1,0
5601,41218,2,0
5601,41216,3,0
5601,42647,4,0
5601,42646,5,0
5601,42644,6,0
5601,42642,7,0
5601,42640,8,0
5601,42677,9,0
5601,46407,10,0
5601,42675,11,0
5601,43436,12,0
5601,46439,13,0
5601,42673,14,0
5601,42649,15,0
5601,41271,16,0
5601,42823,17,0
5601,46722,18,0
5601,42430,19,0
5601,42827,20,0
5601,42848,21,0
5601,42874,22,0
5601,42878,23,0
5601,42883,24,0
5601,42801,25,0
5601,46652,26,0
5601,46139,27,0
5601,46140,28,0
5601,41617,29,0
5601,46141,30,0
5601,46142,31,0
5601,46143,32,0
5601,46394,33,0
5601,42147,34,0
5601,42149,35,0
5601,41934,36,0
5601,41936,37,0
5601,46473,38,0
5601,43925,39,0
5601,43927,40,0
5601,43928,41,0
5601,43296,42,0
5601,46470,43,0
5601,44156,44,0
5601,41931,45,0
5601,46144,46,0
5601,46145,47,0
5601,41781,48,0
5601,42152,49,0
5601,42154,50,0
5601,42164,51,0
5601,42166,52,0
5601,42168,53,0
5601,42842,54,0
5601,41922,55,0
5601,41920,56,0
5601,41918,57,0
5601,41917,58,0
5601,41914,59,0
5601,43152,60,0
5601,46444,61,0
5601,46443,62,1
5601,48156,63,1
5602,48056,1,0
5602,43149,2,0
5602,41913,3,0
5602,41915,4,0
5602,41916,5,0
5602,42840,6,0
5602,42167,7,0
5602,42165,8,0
5602,42163,9,0
5602,42153,10,0
5602,42151,11,0
5602,41782,12,0
5602,46147,13,0
5602,46148,14,0
5602,41932,15,0
5602,44056,16,0
5602,43295,17,0
5602,43929,18,0
5602,43930,19,0
5602,43931,20,0
5602,46472,21,0
5602,46474,22,0
5602,41933,23,0
5602,41935,24,0
5602,42148,25,0
5602,42146,26,0
5602,46393,27,0
5602,46149,28,0
5602,46150,29,0
5602,46151,30,0
5602,41618,31,0
5602,46152,32,0
5602,46153,33,0
5602,42802,34,0
5602,42800,35,0
5602,42882,36,0
5602,42881,37,0
5602,42863,38,0
5602,42837,39,0
5602,42819,40,0
5602,46721,41,0
5602,41270,42,0
5602,41269,43,0
5602,42639,44,0
5602,46106,45,0
5602,43437,46,0
5602,42662,47,0
5602,46406,48,0
5602,42674,49,0
5602,42676,50,0
5602,42678,51,0
5602,42641,52,0
5602,42643,53,0
5602,45066,54,0
5602,41215,55,0
5602,43265,56,1
5801,47058,1,0
5801,41842,2,0
5801,41865,3,0
5801,41887,4,0
5801,41796,5,0
5801,41798,6,0
5801,41800,7,0
5801,41341,8,0
5801,41344,9,0
5801,41346,10,0
5801,41348,11,0
5801,41350,12,0
5801,41353,13,0
5801,42521,14,0
5801,42519,15,0
5801,42517,16,0
5801,42528,17,0
5801,42526,18,0
5801,42524,19,0
5801,46160,20,0
5801,46161,21,0
5801,46162,22,0
5801,42238,23,0
5801,41146,24,0
5801,41144,25,0
5801,46163,26,0
5801,46164,27,0
5801,46165,28,0
5801,43391,29,0
5801,43203,30,0
5801,43211,31,0
5801,43209,32,0
5801,43207,33,0
5801,43205,34,0
5801,41975,35,0
5801,41978,36,0
5801,41980,37,0
5801,41982,38,0
5801,42561,39,0
5801,42568,40,0
5801,42566,41,0
5801,46636,42,0
5801,41386,43,0
5801,41388,44,0
5801,41390,45,0
5801,41393,46,0
5801,42101,47,0
5801,45065,48,0
5801,41105,49,0
5801,41107,50,0
5801,41109,51,0
5801,41614,52,0
5801,41612,53,0
5801,41609,54,0
5801,41610,55,0
5801,42798,56,0
5801,46399,57,0
5801,46306,58,0
5801,45071,59,0
5801,45074,60,0
5801,46329,61,0
5801,45076,62,0
5801,46562,63,0
5801,46670,64,0
5801,46024,65,0
5801,46634,66,1
5802,46634,1,0
5802,45067,2,0
5802,46025,3,0
5802,46561,4,0
5802,46336,5,0
5802,46028,6,0
5802,46029,7,0
5802,46030,8,0
5802,46337,9,0
5802,42797,10,0
5802,41616,11,0
5802,41611,12,0
5802,41613,13,0
5802,41615,14,0
5802,41101,15,0
5802,41110,16,0
5802,41108,17,0
5802,41106,18,0
5802,42104,19,0
5802,42102,20,0
5802,41394,21,0
5802,41392,22,0
5802,41389,23,0
5802,41387,24,0
5802,46637,25,0
5802,42565,26,0
5802,42567,27,0
5802,42569,28,0
5802,42562,29,0
5802,41983,30,0
5802,41981,31,0
5802,41979,32,0
5802,41977,33,0
5802,43206,34,0
5802,43208,35,0
5802,43210,36,0
5802,43212,37,0
5802,43204,38,0
5802,46154,39,0
5802,46155,40,0
5802,46156,41,0
5802,41145,42,0
5802,41140,43,0
5802,42239,44,0
5802,42240,45,0
5802,46157,46,0
5802,46158,47,0
5802,46159,48,0
5802,42525,49,0
5802,42527,50,0
5802,42529,51,0
5802,42518,52,0
5802,42520,53,0
5802,41354,54,0
5802,41352,55,0
5802,41349,56,0
5802,41347,57,0
5802,41345,58,0
5802,41343,59,0
5802,41799,60,0
5802,41797,61,0
5802,41795,62,0
5802,41876,63,0
5802,46423,64,0
5802,47158,65,1
6001,41022,1,0
6001,41020,2,0
6001,46021,3,0
6001,42515,4,0
6001,42480,5,0
6001,42511,6,0
6001,42513,7,0
6001,42516,8,0
6001,41416,9,0
6001,41417,10,0
6001,41421,11,0
6001,41424,12,0
6001,41426,13,0
6001,42815,14,0
6001,42816,15,0
6001,42818,16,0
6001,46633,17,0
6001,46356,18,0
6001,41275,19,0
6001,41277,20,0
6001,46243,21,0
6001,41509,22,0
6001,45063,23,0
6001,41504,24,0
6001,41506,25,0
6001,43296,26,0
6001,46470,27,0
6001,44160,28,0
6001,41931,29,0
6001,41964,30,0
6001,41966,31,0
6001,41941,32,0
6001,41958,33,0
6001,41937,34,0
6001,43147,35,0
6001,43249,36,0
6001,43374,37,0
6001,43439,38,0
6001,45028,39,0
6001,45030,40,0
6001,42836,41,0
6001,42839,42,0
6001,42842,43,0
6001,42844,44,0
6001,42847,45,0
6001,42850,46,0
6001,42852,47,0
6001,42854,48,0
6001,41816,49,0
6001,41812,50,0
6001,41810,51,0
6001,41808,52,0
6001,41806,53,0
6001,41803,54,0
6001,41801,55,0
6001,41799,56,0
6001,41797,57,0
6001,41795,58,0
6001,41876,59,0
6001,46423,60,0
6001,47160,61,1
6002,47060,1,0
6002,41842,2,0
6002,41865,3,0
6002,41887,4,0
6002,41796,5,0
6002,41798,6,0
6002,41800,7,0
6002,41802,8,0
6002,41804,9,0
6002,41807,10,0
6002,41809,11,0
6002,41811,12,0
6002,42855,13,0
6002,42853,14,0
6002,42851,15,0
6002,42849,16,0
6002,42845,17,0
6002,42843,18,0
6002,42840,19,0
6002,42841,20,0
6002,45042,21,0
6002,43248,22,0
6002,43900,23,0
6002,43372,24,0
6002,43343,25,0
6002,43146,26,0
6002,41957,27,0
6002,41952,28,0
6002,41942,29,0
6002,41965,30,0
6002,41932,31,0
6002,44060,32,0
6002,43295,33,0
6002,41505,34,0
6002,41502,35,0
6002,45058,36,0
6002,41508,37,0
6002,46328,38,0
6002,41278,39,0
6002,41276,40,0
6002,41274,41,0
6002,42820,42,0
6002,42817,43,0
6002,42812,44,0
6002,41423,45,0
6002,41425,46,0
6002,41422,47,0
6002,41420,48,0
6002,41418,49,0
6002,42481,50,0
6002,42514,51,0
6002,42512,52,0
6002,42510,53,0
6002,41620,54,0
6002,41619,55,0
6002,49060,56,1
6103,48061,1,0
6103,43343,2,0
6103,43146,3,0
6103,41957,4,0
6103,41952,5,0
6103,42833,6,0
6103,43380,7,0
6103,43381,8,0
6103,43980,9,0
6103,46530,10,0
6103,43382,11,0
6103,43383,12,0
6103,44061,13,0
6103,43295,14,0
6103,41510,15,0
6103,41770,16,0
6103,43405,17,0
6103,41772,18,0
6103,41296,19,0
6103,41605,20,0
6103,41603,21,0
6103,46535,22,0
6103,45027,23,0
6103,41608,24,0
6103,46424,25,0
6103,41446,26,0
6103,41448,27,0
6103,41450,28,0
6103,46326,29,0
6103,41678,30,0
6103,41676,31,0
6103,41674,32,0
6103,41672,33,0
6103,41670,34,0
6103,41685,35,0
6103,41682,36,0
6103,41632,37,0
6103,41630,38,0
6103,41306,39,0
6103,41304,40,0
6103,41309,41,0
6103,41311,42,0
6103,41683,43,0
6103,41681,44,0
6103,42431,45,0
6103,42434,46,0
6103,42436,47,0
6103,41472,48,0
6103,41474,49,0
6103,41759,50,0
6103,41761,51,0
6103,41763,52,0
6103,41765,53,0
6103,41767,54,0
6103,41777,55,0
6103,41779,56,0
6103,43268,57,1
6104,43267,1,0
6104,41780,2,0
6104,41778,3,0
6104,41776,4,0
6104,41766,5,0
6104,41764,6,0
6104,41762,7,0
6104,41760,8,0
6104,41475,9,0
6104,41470,10,0
6104,42439,11,0
6104,42437,12,0
6104,42435,13,0
6104,42432,14,0
6104,41680,15,0
6104,41679,16,0
6104,41308,17,0
6104,41310,18,0
6104,41305,19,0
6104,41307,20,0
6104,41631,21,0
6104,41633,22,0
6104,41684,23,0
6104,41686,24,0
6104,41671,25,0
6104,41673,26,0
6104,41675,27,0
6104,41677,28,0
6104,46649,29,0
6104,43389,30,0
6104,41451,31,0
6104,41449,32,0
6104,41447,33,0
6104,46505,34,0
6104,41607,35,0
6104,45026,36,0
6104,46534,37,0
6104,41604,38,0
6104,43984,39,0
6104,41295,40,0
6104,41771,41,0
6104,43404,42,0
6104,41769,43,0
6104,41511,44,0
6104,43296,45,0
6104,46470,46,0
6104,44161,47,0
6104,43385,48,0
6104,43386,49,0
6104,46531,50,0
6104,43979,51,0
6104,43387,52,0
6104,46422,53,0
6104,42832,54,0
6104,41958,55,0
6104,41937,56,0
6104,43147,57,0
6104,43148,58,0
6104,46443,59,1
6104,48161,60,1
6303,47063,1,0
6303,41267,2,0
6303,41221,3,0
6303,41223,4,0
6303,41225,5,0
6303,41227,6,0
6303,41229,7,0
6303,41232,8,0
6303,41234,9,0
6303,41236,10,0
6303,41238,11,0
6303,41240,12,0
6303,41688,13,0
6303,41690,14,0
6303,41692,15,0
6303,41515,16,0
6303,41517,17,0
6303,41519,18,0
6303,41513,19,0
6303,41924,20,0
6303,41370,21,0
6303,41351,22,0
6303,43510,23,0
6303,43506,24,0
6303,43343,25,0
6303,43146,26,0
6303,41957,27,0
6303,41952,28,0
6303,41942,29,0
6303,41965,30,0
6303,41018,31,0
6303,44063,32,0
6303,41962,33,0
6303,41950,34,0
6303,41943,35,0
6303,41945,36,0
6303,41946,37,0
6303,41948,38,0
6303,46187,39,0
6303,46189,40,0
6303,46190,41,0
6303,46191,42,0
6303,46192,43,0
6303,46193,44,0
6303,46402,45,0
6303,42741,46,0
6303,45041,47,0
6303,46194,48,0
6303,46195,49,0
6303,46196,50,0
6303,46197,51,0
6303,46198,52,0
6303,46199,53,0
6303,46200,54,0
6303,46201,55,0
6303,46202,56,0
6303,46203,57,0
6303,46204,58,0
6303,46205,59,0
6303,41658,60,0
6303,42574,61,0
6303,42576,62,0
6303,42578,63,0
6303,42580,64,0
6303,42886,65,0
6303,42888,66,0
6303,42890,67,0
6303,42893,68,0
6303,42897,69,0
6303,42898,70,0
6303,49063,71,1
6304,46330,1,0
6304,42895,2,0
6304,42894,3,0
6304,42891,4,0
6304,42889,5,0
6304,42887,6,0
6304,43009,7,0
6304,43007,8,0
6304,42579,9,0
6304,42577,10,0
6304,42575,11,0
6304,42573,12,0
6304,46166,13,0
6304,46167,14,0
6304,46168,15,0
6304,46169,16,0
6304,46170,17,0
6304,46171,18,0
6304,46172,19,0
6304,46173,20,0
6304,46174,21,0
6304,46175,22,0
6304,46176,23,0
6304,46177,24,0
6304,46302,25,0
6304,42740,26,0
6304,46178,27,0
6304,46179,28,0
6304,46180,29,0
6304,46181,30,0
6304,46182,31,0
6304,46183,32,0
6304,41961,33,0
6304,41954,34,0
6304,41955,35,0
6304,41949,36,0
6304,41947,37,0
6304,41944,38,0
6304,41960,39,0
6304,46355,40,0
6304,41932,41,0
6304,44163,42,0
6304,41931,43,0
6304,41964,44,0
6304,41966,45,0
6304,41941,46,0
6304,41958,47,0
6304,41937,48,0
6304,43147,49,0
6304,43148,50,0
6304,43507,51,0
6304,43509,52,0
6304,41342,53,0
6304,41360,54,0
6304,46186,55,0
6304,41925,56,0
6304,41923,57,0
6304,41512,58,0
6304,41518,59,0
6304,41516,60,0
6304,41514,61,0
6304,41691,62,0
6304,41689,63,0
6304,41687,64,0
6304,41239,65,0
6304,41237,66,0
6304,41235,67,0
6304,41233,68,0
6304,41231,69,0
6304,41228,70,0
6304,41226,71,0
6304,41224,72,0
6304,41222,73,0
6304,41220,74,0
6304,47163,75,1
6503,48065,1,0
6503,43343,2,0
6503,43146,3,0
6503,41957,4,0
6503,41952,5,0
6503,41942,6,0
6503,41965,7,0
6503,41963,8,0
6503,41962,9,0
6503,41950,10,0
6503,41943,11,0
6503,41945,12,0
6503,41946,13,0
6503,41948,14,0
6503,41951,15,0
6503,41953,16,0
6503,41956,17,0
6503,46222,18,0
6503,46223,19,0
6503,46224,20,0
6503,46225,21,0
6503,46226,22,0
6503,46227,23,0
6503,46228,24,0
6503,46229,25,0
6503,42550,26,0
6503,42531,27,0
6503,42533,28,0
6503,42535,29,0
6503,42537,30,0
6503,42539,31,0
6503,42542,32,0
6503,42548,33,0
6503,42546,34,0
6503,42541,35,0
6503,46445,36,0
6503,46446,37,0
6503,46447,38,0
6503,46448,39,0
6503,46449,40,0
6503,46450,41,0
6503,46451,42,0
6503,46452,43,0
6503,46453,44,0
6503,43403,45,0
6503,41530,46,0
6503,41532,47,0
6503,46317,48,0
6503,46277,49,0
6503,41663,50,0
6503,41665,51,0
6503,41655,52,0
6503,41656,53,0
6503,41658,54,0
6503,42574,55,0
6503,42576,56,0
6503,42578,57,0
6503,42580,58,0
6503,42886,59,0
6503,42888,60,0
6503,42890,61,0
6503,42893,62,0
6503,42897,63,0
6503,42898,64,0
6503,49065,65,1
6504,46331,1,0
6504,42895,2,0
6504,42894,3,0
6504,42891,4,0
6504,42889,5,0
6504,42887,6,0
6504,43009,7,0
6504,43007,8,0
6504,42579,9,0
6504,42577,10,0
6504,42575,11,0
6504,42573,12,0
6504,41660,13,0
6504,45007,14,0
6504,41662,15,0
6504,41664,16,0
6504,46276,17,0
6504,46596,18,0
6504,41529,19,0
6504,41531,20,0
6504,41533,21,0
6504,46455,22,0
6504,46456,23,0
6504,46457,24,0
6504,46458,25,0
6504,46459,26,0
6504,46460,27,0
6504,46461,28,0
6504,46462,29,0
6504,46463,30,0
6504,46618,31,0
6504,42530,32,0
6504,42545,33,0
6504,42547,34,0
6504,42549,35,0
6504,42532,36,0
6504,42534,37,0
6504,42536,38,0
6504,42538,39,0
6504,42540,40,0
6504,42543,41,0
6504,42544,42,0
6504,46214,43,0
6504,46215,44,0
6504,46216,45,0
6504,46217,46,0
6504,46218,47,0
6504,46219,48,0
6504,46220,49,0
6504,46221,50,0
6504,46074,51,0
6504,41959,52,0
6504,41961,53,0
6504,41954,54,0
6504,41955,55,0
6504,41949,56,0
6504,41947,57,0
6504,41944,58,0
6504,41960,59,0
6504,46355,60,0
6504,41964,61,0
6504,41966,62,0
6504,41941,63,0
6504,41958,64,0
6504,41937,65,0
6504,43147,66,0
6504,43148,67,0
6504,46443,68,1
6504,48165,69,1
6601,46238,1,0
6601,46239,2,0
6601,46240,3,0
6601,46241,4,0
6601,46242,5,0
6601,41715,6,0
6601,41713,7,0
6601,43066,8,0
6601,43068,9,0
6601,43018,10,0
6601,43021,11,0
6601,43024,12,0
6601,43026,13,0
6601,43029,14,0
6601,43031,15,0
6601,43032,16,0
6601,45045,17,0
6601,43036,18,0
6601,43039,19,0
6601,43041,20,0
6601,43044,21,0
6601,43046,22,0
6601,43049,23,0
6601,41056,24,0
6601,41059,25,0
6601,41061,26,0
6601,41063,27,0
6601,42498,28,0
6601,42496,29,0
6601,42494,30,0
6601,42492,31,0
6601,42489,32,0
6601,42487,33,0
6601,42485,34,0
6601,42483,35,0
6601,42481,36,0
6601,42514,37,0
6601,42512,38,0
6601,42510,39,0
6601,41301,40,0
6601,41303,41,0
6601,41285,42,0
6601,41291,43,0
6601,41287,44,0
6601,46603,45,0
6601,41289,46,0
6601,41292,47,0
6601,42822,48,0
6601,42825,49,0
6601,41509,50,0
6601,45063,51,0
6601,41504,52,0
6601,41506,53,0
6601,43296,54,0
6601,46470,55,0
6601,44166,56,1
6602,44066,1,0
6602,43295,2,0
6602,41505,3,0
6602,41502,4,0
6602,45058,5,0
6602,41508,6,0
6602,42826,7,0
6602,46633,8,0
6602,41290,9,0
6602,41288,10,0
6602,41286,11,0
6602,41284,12,0
6602,41302,13,0
6602,42480,14,0
6602,42511,15,0
6602,42513,16,0
6602,42516,17,0
6602,42482,18,0
6602,42484,19,0
6602,42486,20,0
6602,42488,21,0
6602,42490,22,0
6602,42493,23,0
6602,42495,24,0
6602,41057,25,0
6602,41064,26,0
6602,41062,27,0
6602,41060,28,0
6602,41058,29,0
6602,43047,30,0
6602,43045,31,0
6602,43042,32,0
6602,43040,33,0
6602,43038,34,0
6602,43033,35,0
6602,45008,36,0
6602,43034,37,0
6602,43030,38,0
6602,43027,39,0
6602,43025,40,0
6602,43023,41,0
6602,43019,42,0
6602,43017,43,0
6602,43016,44,0
6602,43067,45,0
6602,43065,46,0
6602,41714,47,0
6602,46322,48,0
6602,46244,49,0
6602,46245,50,0
6602,46246,51,0
6602,46247,52,1
7001,48070,1,0
7001,43343,2,0
7001,43146,3,0
7001,41957,4,0
7001,41952,5,0
7001,42833,6,0
7001,43380,7,0
7001,43381,8,0
7001,43980,9,0
7001,46530,10,0
7001,43382,11,0
7001,43383,12,0
7001,44070,13,0
7001,43295,14,0
7001,43929,15,0
7001,43930,16,0
7001,43931,17,0
7001,43932,18,0
7001,41296,19,0
7001,46332,20,0
7001,46411,21,0
7001,43933,22,0
7001,43934,23,0
7001,46501,24,0
7001,46502,25,0
7001,43935,26,0
7001,43936,27,0
7001,43938,28,0
7001,41946,29,0
7001,41948,30,0
7001,46601,31,0
7001,42246,32,0
7001,42252,33,0
7001,42250,34,0
7001,42253,35,0
7001,42255,36,0
7001,42257,37,0
7001,41644,38,0
7001,42783,39,0
7001,42781,40,0
7001,42780,41,0
7001,42778,42,0
7001,42774,43,0
7001,42772,44,0
7001,42770,45,0
7001,42768,46,0
7001,42766,47,0
7001,42788,48,0
7001,42786,49,0
7001,42776,50,0
7001,42470,51,0
7001,42468,52,0
7001,42466,53,0
7001,42478,54,0
7001,42476,55,0
7001,42474,56,0
7001,42472,57,0
7001,42425,58,0
7001,42423,59,0
7001,42421,60,0
7001,41757,61,0
7001,41755,62,0
7001,42722,63,0
7001,42720,64,0
7001,42716,65,0
7001,46260,66,0
7001,46261,67,0
7001,42523,68,0
7001,42525,69,0
7001,42527,70,0
7001,42529,71,0
7001,42518,72,0
7001,42520,73,0
7001,41354,74,0
7001,41352,75,0
7001,41349,76,0
7001,41347,77,0
7001,41345,78,0
7001,41343,79,0
7001,41799,80,0
7001,41797,81,0
7001,41795,82,0
7001,41876,83,0
7001,46423,84,0
7001,47170,85,1
7002,47070,1,0
7002,41842,2,0
7002,41865,3,0
7002,41887,4,0
7002,41796,5,0
7002,41798,6,0
7002,41800,7,0
7002,41341,8,0
7002,41344,9,0
7002,41346,10,0
7002,41348,11,0
7002,41350,12,0
7002,41353,13,0
7002,42521,14,0
7002,42519,15,0
7002,42517,16,0
7002,42528,17,0
7002,42526,18,0
7002,42524,19,0
7002,42522,20,0
7002,46262,21,0
7002,45031,22,0
7002,42705,23,0
7002,42719,24,0
7002,42721,25,0
7002,41754,26,0
7002,41756,27,0
7002,41758,28,0
7002,42422,29,0
7002,42424,30,0
7002,42426,31,0
7002,42473,32,0
7002,42475,33,0
7002,42477,34,0
7002,42479,35,0
7002,42467,36,0
7002,42469,37,0
7002,42471,38,0
7002,42785,39,0
7002,42787,40,0
7002,42789,41,0
7002,42767,42,0
7002,42769,43,0
7002,42771,44,0
7002,42773,45,0
7002,42775,46,0
7002,42777,47,0
7002,42779,48,0
7002,43162,49,0
7002,42782,50,0
7002,42784,51,0
7002,42251,52,0
7002,42254,53,0
7002,42256,54,0
7002,42258,55,0
7002,42247,56,0
7002,42248,57,0
7002,42249,58,0
7002,41961,59,0
7002,41954,60,0
7002,46602,61,0
7002,43939,62,0
7002,43921,63,0
7002,43922,64,0
7002,46504,65,0
7002,46503,66,0
7002,43923,67,0
7002,43924,68,0
7002,46412,69,0
7002,43984,70,0
7002,41295,71,0
7002,43920,72,0
7002,43925,73,0
7002,43927,74,0
7002,43928,75,0
7002,43296,76,0
7002,46470,77,0
7002,44170,78,0
7002,43385,79,0
7002,43386,80,0
7002,46531,81,0
7002,43979,82,0
7002,43387,83,0
7002,46422,84,0
7002,42832,85,0
7002,41958,86,0
7002,41937,87,0
7002,43147,88,0
7002,43148,89,0
7002,46443,90,1
7002,48170,91,1
7303,47073,1,0
7303,41842,2,0
7303,41865,3,0
7303,41887,4,0
7303,41796,5,0
7303,41798,6,0
7303,41800,7,0
7303,41802,8,0
7303,41804,9,0
7303,41807,10,0
7303,41809,11,0
7303,41811,12,0
7303,41813,13,0
7303,41817,14,0
7303,41820,15,0
7303,41822,16,0
7303,41824,17,0
7303,41826,18,0
7303,41828,19,0
7303,41831,20,0
7303,41839,21,0
7303,41834,22,0
7303,41837,23,0
7303,41833,24,0
7303,41841,25,0
7303,41844,26,0
7303,41846,27,0
7303,41848,28,0
7303,41849,29,0
7303,41852,30,0
7303,41854,31,0
7303,41856,32,0
7303,41858,33,0
7303,41860,34,0
7303,41862,35,0
7303,41864,36,0
7303,42912,37,0
7303,42910,38,0
7303,42907,39,0
7303,42905,40,0
7303,42903,41,0
7303,42901,42,0
7303,42895,43,0
7303,42894,44,0
7303,42891,45,0
7303,42889,46,0
7303,42887,47,0
7303,43009,48,0
7303,43007,49,0
7303,43003,50,0
7303,43001,51,0
7303,43000,52,0
7303,42996,53,0
7303,42994,54,0
7303,42992,55,0
7303,42990,56,0
7303,42988,57,0
7303,42986,58,0
7303,46433,59,0
7303,46435,60,0
7303,41206,61,0
7303,42981,62,0
7303,42979,63,0
7303,42977,64,0
7303,42974,65,0
7303,42972,66,0
7303,42970,67,0
7303,42968,68,0
7303,42966,69,0
7303,42963,70,0
7303,42961,71,0
7303,43981,72,0
7303,42959,73,0
7303,42957,74,0
7303,42955,75,0
7303,41048,76,0
7303,41047,77,0
7303,46523,78,0
7303,46524,79,1
7304,46525,1,0
7304,46526,2,0
7304,46527,3,0
7304,41049,4,0
7304,41050,5,0
7304,42958,6,0
7304,42960,7,0
7304,43982,8,0
7304,42962,9,0
7304,42965,10,0
7304,42967,11,0
7304,42969,12,0
7304,42971,13,0
7304,42973,14,0
7304,42976,15,0
7304,42978,16,0
7304,42980,17,0
7304,42982,18,0
7304,46430,19,0
7304,46436,20,0
7304,46434,21,0
7304,46403,22,0
7304,42989,23,0
7304,42991,24,0
7304,42993,25,0
7304,42995,26,0
7304,42998,27,0
7304,42999,28,0
7304,43002,29,0
7304,43004,30,0
7304,43008,31,0
7304,42886,32,0
7304,42888,33,0
7304,42890,34,0
7304,42893,35,0
7304,42897,36,0
7304,42898,37,0
7304,42902,38,0
7304,42904,39,0
7304,42906,40,0
7304,42909,41,0
7304,42911,42,0
7304,46471,43,0
7304,41866,44,0
7304,41863,45,0
7304,41861,46,0
7304,41859,47,0
7304,41857,48,0
7304,41855,49,0
7304,41853,50,0
7304,41851,51,0
7304,41850,52,0
7304,41847,53,0
7304,41845,54,0
7304,41843,55,0
7304,41835,56,0
7304,41838,57,0
7304,41836,58,0
7304,41840,59,0
7304,41832,60,0
7304,41830,61,0
7304,41827,62,0
7304,41825,63,0
7304,41823,64,0
7304,41821,65,0
7304,41819,66,0
7304,41815,67,0
7304,41816,68,0
7304,41812,69,0
7304,41810,70,0
7304,41808,71,0
7304,41806,72,0
7304,41803,73,0
7304,41801,74,0
7304,41799,75,0
7304,41797,76,0
7304,41795,77,0
7304,41876,78,0
7304,46423,79,0
7304,47173,80,1
7401,47074,1,0
7401,41842,2,0
7401,41865,3,0
7401,41887,4,0
7401,41796,5,0
7401,41798,6,0
7401,41800,7,0
7401,41802,8,0
7401,41804,9,0
7401,41807,10,0
7401,41809,11,0
7401,41811,12,0
7401,41813,13,0
7401,41817,14,0
7401,41820,15,0
7401,41822,16,0
7401,41824,17,0
7401,41826,18,0
7401,41828,19,0
7401,41831,20,0
7401,41839,21,0
7401,41834,22,0
7401,41837,23,0
7401,41833,24,0
7401,41841,25,0
7401,41844,26,0
7401,41846,27,0
7401,41848,28,0
7401,41849,29,0
7401,41852,30,0
7401,41854,31,0
7401,41856,32,0
7401,42679,33,0
7401,42686,34,0
7401,42688,35,0
7401,42690,36,0
7401,42692,37,0
7401,42681,38,0
7401,42683,39,0
7401,42581,40,0
7401,42625,41,0
7401,42634,42,0
7401,42636,43,0
7401,42638,44,0
7401,42627,45,0
7401,42629,46,0
7401,42631,47,0
7401,46438,48,0
7401,41886,49,0
7401,41889,50,0
7401,41070,51,0
7401,46343,52,0
7401,43397,53,0
7401,42313,54,0
7401,42311,55,0
7401,42309,56,0
7401,42307,57,0
7401,42304,58,0
7401,42302,59,0
7401,42299,60,0
7401,42300,61,0
7401,42297,62,0
7401,42294,63,0
7401,42291,64,0
7401,42289,65,0
7401,42287,66,0
7401,42285,67,0
7401,42283,68,0
7401,42280,69,0
7401,42278,70,0
7401,42276,71,0
7401,42274,72,0
7401,42272,73,0
7401,42269,74,0
7401,42267,75,0
7401,42265,76,0
7401,42263,77,0
7401,42261,78,0
7401,42407,79,0
7401,42405,80,0
7401,42403,81,0
7401,42401,82,0
7401,42398,83,0
7401,42397,84,0
7401,42395,85,0
7401,42393,86,0
7401,42391,87,0
7401,42389,88,0
7401,42386,89,0
7401,42384,90,0
7401,42382,91,0
7401,42380,92,0
7401,49074,93,1
7402,42379,1,0
7402,42381,2,0
7402,42383,3,0
7402,42385,4,0
7402,42387,5,0
7402,42390,6,0
7402,42392,7,0
7402,42394,8,0
7402,42396,9,0
7402,45006,10,0
7402,42400,11,0
7402,42402,12,0
7402,42404,13,0
7402,42406,14,0
7402,42408,15,0
7402,42262,16,0
7402,42264,17,0
7402,42266,18,0
7402,42268,19,0
7402,42270,20,0
7402,42273,21,0
7402,42275,22,0
7402,42277,23,0
7402,42279,24,0
7402,42281,25,0
7402,42284,26,0
7402,42286,27,0
7402,42288,28,0
7402,42290,29,0
7402,42292,30,0
7402,42295,31,0
7402,42296,32,0
7402,42298,33,0
7402,42301,34,0
7402,42303,35,0
7402,42305,36,0
7402,42308,37,0
7402,42310,38,0
7402,42312,39,0
7402,43398,40,0
7402,46342,41,0
7402,41891,42,0
7402,41890,43,0
7402,41888,44,0
7402,46437,45,0
7402,42632,46,0
7402,42630,47,0
7402,42628,48,0
7402,42626,49,0
7402,42637,50,0
7402,42635,51,0
7402,42633,52,0
7402,42582,53,0
7402,42684,54,0
7402,42682,55,0
7402,42680,56,0
7402,42691,57,0
7402,42689,58,0
7402,42687,59,0
7402,42685,60,0
7402,41857,61,0
7402,41855,62,0
7402,41853,63,0
7402,41851,64,0
7402,41850,65,0
7402,41847,66,0
7402,41845,67,0
7402,41843,68,0
7402,41835,69,0
7402,41838,70,0
7402,41836,71,0
7402,41840,72,0
7402,41832,73,0
7402,41830,74,0
7402,41827,75,0
7402,41825,76,0
7402,41823,77,0
7402,41821,78,0
7402,41819,79,0
7402,41815,80,0
7402,41816,81,0
7402,41812,82,0
7402,41810,83,0
7402,41808,84,0
7402,41806,85,0
7402,41803,86,0
7402,41801,87,0
7402,41799,88,0
7402,41797,89,0
7402,41795,90,0
7402,41876,91,0
7402,46423,92,0
7402,47174,93,1
7601,41198,1,0
7601,41590,2,0
7601,41595,3,0
7601,41597,4,0
7601,41599,5,0
7601,41580,6,0
7601,41582,7,0
7601,41586,8,0
7601,41588,9,0
7601,41591,10,0
7601,45004,11,0
7601,45005,12,0
7601,46638,13,0
7601,42920,14,0
7601,42940,15,0
7601,42964,16,0
7601,42987,17,0
7601,42885,18,0
7601,42908,19,0
7601,42914,20,0
7601,42916,21,0
7601,42918,22,0
7601,42921,23,0
7601,42923,24,0
7601,42925,25,0
7601,42927,26,0
7601,42929,27,0
7601,42932,28,0
7601,42934,29,0
7601,42936,30,0
7601,46605,31,0
7601,42938,32,0
7601,42941,33,0
7601,42943,34,0
7601,42945,35,0
7601,42947,36,0
7601,45036,37,0
7601,46323,38,0
7601,41046,39,0
7601,43101,40,0
7601,43103,41,0
7601,43105,42,0
7601,41049,43,0
7601,41050,44,0
7601,42958,45,0
7601,42960,46,0
7601,43982,47,0
7601,42962,48,0
7601,42965,49,0
7601,42967,50,0
7601,42969,51,0
7601,42433,52,0
7601,42431,53,0
7601,42434,54,0
7601,42436,55,0
7601,41466,56,0
7601,41469,57,0
7601,41465,58,0
7601,41500,59,0
7601,41498,60,0
7601,41493,61,0
7601,41477,62,0
7601,46264,63,0
7601,46414,64,0
7601,46265,65,0
7601,46266,66,0
7601,41494,67,0
7601,45037,68,0
7601,45038,69,0
7601,46074,70,0
7601,41959,71,0
7601,41961,72,0
7601,41954,73,0
7601,41955,74,0
7601,41949,75,0
7601,41947,76,0
7601,41944,77,0
7601,41960,78,0
7601,46355,79,0
7601,41964,80,0
7601,41966,81,0
7601,41941,82,0
7601,41958,83,0
7601,41937,84,0
7601,43147,85,0
7601,43148,86,0
7601,46443,87,1
7601,48176,88,1
7602,48076,1,0
7602,43343,2,0
7602,43146,3,0
7602,41957,4,0
7602,41952,5,0
7602,41942,6,0
7602,41965,7,0
7602,41963,8,0
7602,41962,9,0
7602,41950,10,0
7602,41943,11,0
7602,41945,12,0
7602,41946,13,0
7602,41948,14,0
7602,41951,15,0
7602,41953,16,0
7602,41268,17,0
7602,45039,18,0
7602,45040,19,0
7602,41495,20,0
7602,46269,21,0
7602,46270,22,0
7602,46413,23,0
7602,46271,24,0
7602,41555,25,0
7602,41497,26,0
7602,41499,27,0
7602,43417,28,0
7602,41501,29,0
7602,41467,30,0
7602,41468,31,0
7602,42437,32,0
7602,42435,33,0
7602,42432,34,0
7602,46263,35,0
7602,42966,36,0
7602,42963,37,0
7602,42961,38,0
7602,43981,39,0
7602,42959,40,0
7602,42957,41,0
7602,42955,42,0
7602,41048,43,0
7602,41047,44,0
7602,43106,45,0
7602,43104,46,0
7602,43102,47,0
7602,41045,48,0
7602,46325,49,0
7602,42946,50,0
7602,42944,51,0
7602,42942,52,0
7602,42939,53,0
7602,42937,54,0
7602,46604,55,0
7602,42935,56,0
7602,42933,57,0
7602,42930,58,0
7602,42928,59,0
7602,42926,60,0
7602,42924,61,0
7602,42922,62,0
7602,42919,63,0
7602,42917,64,0
7602,42915,65,0
7602,42913,66,0
7602,42896,67,0
7602,42997,68,0
7602,42975,69,0
7602,42953,70,0
7602,42931,71,0
7602,42884,72,0
7602,46639,73,0
7602,42583,74,0
7602,41592,75,0
7602,41589,76,0
7602,41587,77,0
7602,41585,78,0
7602,41581,79,0
7602,41600,80,0
7602,41598,81,0
7602,41596,82,0
7602,41594,83,0
7602,41579,84,0
7602,45002,85,0
7602,41198,86,1
14401,46238,1,0
14401,41218,2,0
14401,41216,3,0
14401,41694,4,0
14401,41698,5,0
14401,41700,6,0
14401,41702,7,0
14401,41704,8,0
14401,46272,9,0
14401,46273,10,0
14401,41165,11,0
14401,41162,12,0
14401,41160,13,0
14401,41158,14,0
14401,43264,15,0
14401,41156,16,0
14401,41204,17,0
14401,41202,18,0
14401,41192,19,0
14401,41200,20,0
14401,43039,21,0
14401,43041,22,0
14401,43044,23,0
14401,43046,24,0
14401,43049,25,0
14401,43052,26,0
14401,43054,27,0
14401,42076,28,0
14401,42097,29,0
14401,42119,30,0
14401,42006,31,0
14401,45046,32,0
14401,42028,33,0
14401,42050,34,0
14401,42053,35,0
14401,42056,36,0
14401,42058,37,0
14401,41419,38,0
14401,41894,39,1
14401,41896,40,1
14401,41898,41,1
14401,40144,42,1
14402,40144,1,0
14402,41899,2,0
14402,41897,3,0
14402,41895,4,0
14402,42057,5,0
14402,42054,6,0
14402,46354,7,0
14402,42052,8,0
14402,42039,9,0
14402,42017,10,0
14402,41997,11,0
14402,42130,12,0
14402,42108,13,0
14402,42087,14,0
14402,42064,15,0
14402,43053,16,0
14402,43051,17,0
14402,43047,18,0
14402,43045,19,0
14402,43042,20,0
14402,43040,21,0
14402,43038,22,0
14402,41155,23,0
14402,45044,24,0
14402,41180,25,0
14402,41199,26,0
14402,41203,27,0
14402,41205,28,0
14402,43257,29,0
14402,41157,30,0
14402,41159,31,0
14402,41161,32,0
14402,41163,33,0
14402,41164,34,0
14402,46274,35,0
14402,41695,36,0
14402,41703,37,0
14402,41701,38,0
14402,41697,39,0
14402,41699,40,0
14402,41696,41,0
14402,42650,42,0
14402,41215,43,0
14402,43265,44,1
15103,40151,1,0
15103,41899,2,0
15103,41897,3,0
15103,41895,4,0
15103,41431,5,0
15103,41263,6,0
15103,41461,7,0
15103,41463,8,0
15103,41410,9,0
15103,41412,10,0
15103,41414,11,0
15103,41416,12,0
15103,41417,13,0
15103,41421,14,0
15103,41424,15,0
15103,41426,16,0
15103,41428,17,0
15103,41430,18,0
15103,41433,19,0
15103,41435,20,0
15103,41437,21,0
15103,46728,22,0
15103,41439,23,0
15103,41441,24,0
15103,43266,25,0
15103,41444,26,0
15103,46424,27,0
15103,41446,28,0
15103,41448,29,0
15103,41450,30,0
15103,43390,31,0
15103,41452,32,0
15103,46308,33,0
15103,41454,34,0
15103,46620,35,0
15103,41456,36,0
15103,41458,37,0
15103,46317,38,0
15103,46277,39,0
15103,46278,40,0
15103,46319,41,0
15103,42999,42,0
15103,43002,43,0
15103,43004,44,0
15103,43008,45,0
15103,42886,46,0
15103,42888,47,0
15103,41548,48,0
15103,41550,49,0
15103,41552,50,0
15103,41554,51,0
15103,41544,52,0
15103,46593,53,0
15103,49151,54,1
15104,41546,1,0
15104,41545,2,0
15104,41543,3,0
15104,41553,4,0
15104,41551,5,0
15104,41549,6,0
15104,41547,7,0
15104,43009,8,0
15104,43007,9,0
15104,43003,10,0
15104,43001,11,0
15104,43000,12,0
15104,42996,13,0
15104,46318,14,0
15104,46275,15,0
15104,46276,16,0
15104,46316,17,0
15104,41459,18,0
15104,41457,19,0
15104,46619,20,0
15104,41455,21,0
15104,46309,22,0
15104,41453,23,0
15104,43389,24,0
15104,41451,25,0
15104,41449,26,0
15104,41447,27,0
15104,46505,28,0
15104,41445,29,0
15104,46592,30,0
15104,41443,31,0
15104,41440,32,0
15104,41438,33,0
15104,41436,34,0
15104,41434,35,0
15104,41432,36,0
15104,41429,37,0
15104,41427,38,0
15104,41423,39,0
15104,41425,40,0
15104,41422,41,0
15104,41420,42,0
15104,41418,43,0
15104,41415,44,0
15104,41413,45,0
15104,41411,46,0
15104,46653,47,0
15104,41409,48,0
15104,41462,49,0
15104,41460,50,0
15104,41442,51,0
15104,41419,52,0
15104,41894,53,1
15104,41896,54,1
15104,41898,55,1
15104,40313,56,1
22201,47222,1,0
22201,41842,2,0
22201,41865,3,0
22201,41887,4,0
22201,43196,5,0
22201,43198,6,0
22201,43200,7,0
22201,43202,8,0
22201,43192,9,0
22201,46715,10,0
22201,46717,11,0
22201,46719,12,0
22201,42066,13,0
22201,41230,14,0
22201,42068,15,0
22201,42069,16,0
22201,42071,17,0
22201,42073,18,0
22201,42075,19,0
22201,42078,20,0
22201,42080,21,0
22201,42082,22,0
22201,42083,23,0
22201,46327,24,0
22201,42086,25,0
22201,42089,26,0
22201,42090,27,0
22201,42092,28,0
22201,42094,29,0
22201,42096,30,0
22201,42099,31,0
22201,42101,32,0
22201,45065,33,0
22201,41105,34,0
22201,41107,35,0
22201,41109,36,0
22201,41614,37,0
22201,41612,38,0
22201,41609,39,0
22201,41610,40,0
22201,42798,41,0
22201,46399,42,0
22201,46306,43,0
22201,45071,44,0
22201,45074,45,0
22201,46329,46,0
22201,45076,47,0
22201,46395,48,0
22201,45069,49,0
22201,46339,50,0
22201,46032,51,0
22201,46350,52,0
22201,46033,53,0
22201,46483,54,0
22201,46484,55,0
22201,46485,56,0
22201,46486,57,0
22201,46494,58,0
22201,46495,59,0
22201,46487,60,0
22201,46488,61,0
22201,46489,62,0
22201,46024,63,0
22201,46634,64,1
22202,45067,1,0
22202,46025,2,0
22202,46490,3,0
22202,46491,4,0
22202,46492,5,0
22202,46493,6,0
22202,42187,7,0
22202,42229,8,0
22202,46496,9,0
22202,46497,10,0
22202,46498,11,0
22202,45068,12,0
22202,46333,13,0
22202,46334,14,0
22202,46335,15,0
22202,45072,16,0
22202,46336,17,0
22202,46028,18,0
22202,46029,19,0
22202,46030,20,0
22202,46337,21,0
22202,42797,22,0
22202,41616,23,0
22202,41611,24,0
22202,41613,25,0
22202,41615,26,0
22202,41101,27,0
22202,41110,28,0
22202,41108,29,0
22202,41106,30,0
22202,42104,31,0
22202,42102,32,0
22202,42100,33,0
22202,42098,34,0
22202,42095,35,0
22202,42093,36,0
22202,42091,37,0
22202,45010,38,0
22202,42088,39,0
22202,42085,40,0
22202,46031,41,0
22202,42084,42,0
22202,42081,43,0
22202,42079,44,0
22202,42077,45,0
22202,42074,46,0
22202,46621,47,0
22202,42072,48,0
22202,42070,49,0
22202,41219,50,0
22202,42067,51,0
22202,46720,52,0
22202,46718,53,0
22202,46716,54,0
22202,46714,55,0
22202,43191,56,0
22202,43201,57,0
22202,43199,58,0
22202,43197,59,0
22202,45011,60,0
22202,41876,61,0
22202,46423,62,0
22202,47128,63,1
25201,46654,1,0
25201,41706,2,0
25201,46631,3,0
25201,46384,4,0
25201,43302,5,0
25201,42584,6,0
25201,46629,7,0
25201,41393,8,0
25201,42101,9,0
25201,42103,10,0
25201,42105,11,0
25201,42107,12,0
25201,42110,13,0
25201,42112,14,0
25201,42114,15,0
25201,42116,16,0
25201,42118,17,0
25201,42121,18,0
25201,42123,19,0
25201,42125,20,0
25201,42127,21,0
25201,42129,22,0
25201,42132,23,0
25201,42134,24,0
25201,42136,25,0
25201,42138,26,0
25201,42140,27,0
25201,41988,28,0
25201,41990,29,0
25201,41992,30,0
25201,41994,31,0
25201,41996,32,0
25201,41999,33,0
25201,42001,34,0
25201,42003,35,0
25201,46743,36,0
25201,42005,37,0
25201,42008,38,0
25201,42010,39,0
25201,42409,40,0
25201,42414,41,0
25201,42416,42,0
25201,42418,43,0
25201,42420,44,0
25201,42411,45,0
25201,42412,46,0
25201,42178,47,0
25201,42179,48,0
25201,42180,49,0
25201,42184,50,0
25201,42447,51,0
25201,42455,52,0
25201,42457,53,0
25201,42459,54,0
25201,46632,55,1
25202,41272,1,0
25202,41273,2,0
25202,42445,3,0
25202,42446,4,0
25202,42013,5,0
25202,42448,6,0
25202,42460,7,0
25202,42458,8,0
25202,42456,9,0
25202,42453,10,0
25202,42181,11,0
25202,42182,12,0
25202,42183,13,0
25202,42185,14,0
25202,42177,15,0
25202,42175,16,0
25202,42410,17,0
25202,42419,18,0
25202,42417,19,0
25202,42415,20,0
25202,42413,21,0
25202,42011,22,0
25202,42009,23,0
25202,42007,24,0
25202,46742,25,0
25202,42004,26,0
25202,42002,27,0
25202,42000,28,0
25202,41998,29,0
25202,41995,30,0
25202,41993,31,0
25202,41991,32,0
25202,41989,33,0
25202,41987,34,0
25202,42139,35,0
25202,42137,36,0
25202,42135,37,0
25202,42133,38,0
25202,42131,39,0
25202,42128,40,0
25202,42126,41,0
25202,42124,42,0
25202,42122,43,0
25202,42120,44,0
25202,42117,45,0
25202,42115,46,0
25202,42113,47,0
25202,42111,48,0
25202,42109,49,0
25202,42106,50,0
25202,42104,51,0
25202,42102,52,0
25202,41394,53,0
25202,41392,54,0
25202,46628,55,1
25202,42170,56,1
25202,43303,57,1
25202,46385,58,1
25202,46630,59,1
25202,41707,60,1
25202,40131,61,1
31303,40802,1,0
31303,43420,2,0
31303,46643,3,0
31303,46645,4,1
31304,46646,1,0
31304,42430,2,0
31304,46702,3,0
31304,40313,4,1
32201,40322,1,0
32201,47322,2,0
32201,41842,3,0
32201,41865,4,0
32201,41887,5,0
32201,43196,6,0
32201,43198,7,0
32201,43200,8,0
32201,43202,9,0
32201,43192,10,0
32201,46715,11,0
32201,46717,12,0
32201,46719,13,0
32201,42066,14,0
32201,41230,15,0
32201,42068,16,0
32201,42069,17,0
32201,42071,18,0
32201,42073,19,0
32201,42075,20,0
32201,42078,21,0
32201,42080,22,0
32201,42082,23,0
32201,42083,24,0
32201,46327,25,0
32201,42086,26,0
32201,42089,27,0
32201,42090,28,0
32201,42092,29,0
32201,42094,30,0
32201,42096,31,0
32201,42099,32,0
32201,42101,33,0
32201,45065,34,0
32201,41105,35,0
32201,41107,36,0
32201,41109,37,0
32201,41614,38,0
32201,41612,39,0
32201,41609,40,0
32201,41610,41,0
32201,42798,42,0
32201,46399,43,0
32201,46306,44,0
32201,45071,45,0
32201,45074,46,0
32201,46734,47,0
32201,46735,48,0
32201,46350,49,0
32201,46033,50,0
32201,46483,51,0
32201,46484,52,0
32201,46485,53,0
32201,46486,54,0
32201,42188,55,0
32201,42189,56,0
32201,42191,57,0
32201,42193,58,0
32201,42194,59,1
32202,42196,1,0
32202,43308,2,0
32202,42192,3,0
32202,42190,4,0
32202,46558,5,0
32202,46559,6,0
32202,46560,7,0
32202,46497,8,0
32202,46498,9,0
32202,46561,10,0
32202,46336,11,0
32202,46028,12,0
32202,46029,13,0
32202,46030,14,0
32202,46337,15,0
32202,42797,16,0
32202,41616,17,0
32202,41611,18,0
32202,41613,19,0
32202,41615,20,0
32202,41101,21,0
32202,41110,22,0
32202,41108,23,0
32202,41106,24,0
32202,42104,25,0
32202,42102,26,0
32202,42100,27,0
32202,42098,28,0
32202,42095,29,0
32202,42093,30,0
32202,42091,31,0
32202,45010,32,0
32202,42088,33,0
32202,42085,34,0
32202,46031,35,0
32202,42084,36,0
32202,42081,37,0
32202,42079,38,0
32202,42077,39,0
32202,42074,40,0
32202,46621,41,0
32202,42072,42,0
32202,42070,43,0
32202,41219,44,0
32202,42067,45,0
32202,46720,46,0
32202,46718,47,0
32202,46716,48,0
32202,46714,49,0
32202,43191,50,0
32202,43201,51,0
32202,43199,52,0
32202,43197,53,0
32202,45011,54,0
32202,41876,55,0
32202,46423,56,0
32202,47131,57,0
32202,40102,58,1
34503,40002,1,0
34503,42794,2,0
34503,47002,3,0
34503,41842,4,0
34503,41865,5,0
34503,41887,6,0
34503,41796,7,0
34503,41798,8,0
34503,41340,9,0
34503,41337,10,0
34503,41335,11,0
34503,41333,12,0
34503,41328,13,0
34503,41326,14,0
34503,41324,15,0
34503,41322,16,0
34503,41391,17,0
34503,41370,18,0
34503,41351,19,0
34503,48045,20,0
34503,43249,21,0
34503,43374,22,0
34503,43439,23,0
34503,45028,24,0
34503,45030,25,0
34503,42836,26,0
34503,41738,27,0
34503,41742,28,0
34503,41744,29,0
34503,41746,30,0
34503,46099,31,0
34503,46100,32,0
34503,46101,33,0
34503,46102,34,0
34503,46103,35,0
34503,46104,36,0
34503,46105,37,0
34503,46388,38,0
34503,46426,39,0
34503,46511,40,0
34503,46635,41,1
34504,46382,1,0
34504,46512,2,0
34504,46425,3,0
34504,46389,4,0
34504,46094,5,0
34504,45021,6,0
34504,45020,7,0
34504,41740,8,0
34504,41739,9,0
34504,46095,10,0
34504,46096,11,0
34504,46097,12,0
34504,41745,13,0
34504,41743,14,0
34504,41741,15,0
34504,42840,16,0
34504,42841,17,0
34504,45042,18,0
34504,43248,19,0
34504,43900,20,0
34504,43372,21,0
34504,46304,22,0
34504,46443,23,0
34504,48002,24,0
34504,41342,25,0
34504,41360,26,0
34504,41380,27,0
34504,41395,28,0
34504,41323,29,0
34504,41325,30,0
34504,41327,31,0
34504,41331,32,0
34504,41334,33,0
34504,41336,34,0
34504,41338,35,0
34504,41339,36,0
34504,41799,37,0
34504,41797,38,0
34504,41795,39,0
34504,41876,40,0
34504,46423,41,0
34504,47102,42,0
34504,40102,43,1
71303,40802,1,0
71303,41897,2,0
71303,46664,3,1
71303,46662,4,1
71304,46662,1,0
71304,46663,2,0
71304,41896,3,1
71304,40713,4,1
73003,46659,1,0
73003,46660,2,0
73003,46299,3,0
73003,41201,4,0
73003,41198,5,1
73004,41198,1,0
73004,41190,2,0
73004,41787,3,0
73004,46665,4,1
73004,46666,5,1
73004,46658,6,1
73004,46661,7,1
74401,41196,1,0
74401,41190,2,0
74401,46657,3,0
74401,41187,4,0
74401,46533,5,0
74401,43259,6,0
74401,41178,7,0
74401,43022,8,0
74401,46011,9,0
74401,43064,10,0
74401,43068,11,0
74401,43430,12,0
74401,43433,13,0
74401,41896,14,1
74401,40802,15,1
74402,40802,1,0
74402,41897,2,0
74402,43422,3,0
74402,43023,4,0
74402,43016,5,0
74402,43065,6,0
74402,43028,7,0
74402,43020,8,0
74402,41177,9,0
74402,43258,10,0
74402,46532,11,0
74402,41186,12,0
74402,41194,13,0
74402,41201,14,0
74402,41196,15,1
90103,47901,1,0
90103,46515,2,0
90103,41705,3,0
90103,41711,4,0
90103,41213,5,0
90103,42176,6,0
90103,42410,7,0
90103,42419,8,0
90103,42417,9,0
90103,42415,10,0
90103,45012,11,0
90103,45013,12,0
90103,46301,13,0
90103,42458,14,0
90103,42456,15,0
90103,42453,16,0
90103,42449,17,0
90103,45059,18,0
90103,49901,19,1
90104,45060,1,0
90104,42452,2,0
90104,42454,3,0
90104,42447,4,0
90104,42455,5,0
90104,42457,6,0
90104,42459,7,0
90104,41272,8,0
90104,41273,9,0
90104,46300,10,0
90104,42416,11,0
90104,42418,12,0
90104,42420,13,0
90104,42411,14,0
90104,41212,15,0
90104,41710,16,0
90104,41712,17,0
90104,47911,18,1
90203,40144,1,0
90203,41899,2,0
90203,41897,3,0
90203,41895,4,0
90203,41431,5,0
90203,41283,6,0
90203,46591,7,0
90203,41297,8,0
90203,41299,9,0
90203,41301,10,0
90203,41303,11,0
90203,41285,12,0
90203,41291,13,0
90203,41287,14,0
90203,46603,15,0
90203,41289,16,0
90203,41292,17,0
90203,46419,18,0
90203,46520,19,0
90203,46429,20,0
90203,43925,21,0
90203,43927,22,0
90203,43928,23,0
90203,43296,24,0
90203,46470,25,0
90203,44912,26,1
90204,44902,1,0
90204,43295,2,0
90204,43929,3,0
90204,43930,4,0
90204,43931,5,0
90204,46428,6,0
90204,46518,7,0
90204,46519,8,0
90204,41294,9,0
90204,46633,10,0
90204,41290,11,0
90204,41288,12,0
90204,41286,13,0
90204,41284,14,0
90204,41302,15,0
90204,41300,16,0
90204,41298,17,0
90204,41293,18,0
90204,41442,19,0
90204,41419,20,0
90204,41894,21,1
90204,41896,22,1
90204,41898,23,1
90204,40144,24,1
90301,45003,1,0
90301,41197,2,0
90301,43260,3,0
90301,41190,4,0
90301,46280,5,0
90301,41784,6,0
90301,41785,7,0
90301,41787,8,0
90301,46281,9,0
90301,46282,10,0
90301,46283,11,0
90301,46284,12,0
90301,46285,13,0
90301,46286,14,0
90301,46287,15,0
90301,46288,16,0
90301,46289,17,0
90301,46640,18,0
90301,42920,19,0
90301,42940,20,0
90301,42964,21,0
90301,42987,22,0
90301,42885,23,0
90301,42908,24,0
90301,42914,25,0
90301,42916,26,0
90301,42918,27,0
90301,42921,28,0
90301,42923,29,0
90301,42925,30,0
90301,42927,31,0
90301,42929,32,0
90301,42932,33,0
90301,42934,34,0
90301,42936,35,0
90301,46605,36,0
90301,42938,37,0
90301,42941,38,0
90301,42943,39,0
90301,42945,40,0
90301,42947,41,0
90301,45036,42,0
90301,42950,43,0
90301,42951,44,0
90301,42954,45,0
90301,42956,46,0
90301,43075,47,0
90301,43073,48,0
90301,43071,49,0
90301,43069,50,0
90301,41483,51,0
90301,43920,52,0
90301,44913,53,0
90301,41941,54,0
90301,41958,55,0
90301,41937,56,0
90301,46443,57,1
90301,48913,58,1
90302,48903,1,0
90302,41957,2,0
90302,41952,3,0
90302,41942,4,0
90302,44903,5,0
90302,43932,6,0
90302,41481,7,0
90302,46130,8,0
90302,43070,9,0
90302,43072,10,0
90302,43074,11,0
90302,43076,12,0
90302,42952,13,0
90302,42949,14,0
90302,42948,15,0
90302,46325,16,0
90302,42946,17,0
90302,42944,18,0
90302,42942,19,0
90302,42939,20,0
90302,42937,21,0
90302,46604,22,0
90302,42935,23,0
90302,42933,24,0
90302,42930,25,0
90302,42928,26,0
90302,42926,27,0
90302,42924,28,0
90302,42922,29,0
90302,42919,30,0
90302,42917,31,0
90302,42915,32,0
90302,42913,33,0
90302,42896,34,0
90302,42997,35,0
90302,42975,36,0
90302,42953,37,0
90302,42931,38,0
90302,42884,39,0
90302,46641,40,0
90302,46290,41,0
90302,46291,42,0
90302,46292,43,0
90302,46293,44,0
90302,46294,45,0
90302,46295,46,0
90302,46296,47,0
90302,46297,48,0
90302,46298,49,0
90302,46299,50,0
90302,41788,51,0
90302,41783,52,0
90302,41786,53,0
90302,41201,54,0
90302,43263,55,0
90302,41195,56,0
90302,45003,57,1
92503,40925,1,0
92503,46475,2,0
92503,46476,3,0
92503,46477,4,0
92503,46478,5,0
92503,46537,6,0
92503,46514,7,0
92503,46500,8,0
92503,46529,9,0
92503,46656,10,0
92503,42136,11,0
92503,42138,12,0
92503,42140,13,0
92503,41988,14,0
92503,41990,15,0
92503,41992,16,0
92503,41994,17,0
92503,41996,18,0
92503,41999,19,0
92503,42001,20,0
92503,42003,21,0
92503,46743,22,0
92503,42005,23,0
92503,42008,24,0
92503,42010,25,0
92503,42409,26,0
92503,42414,27,0
92503,42416,28,0
92503,42418,29,0
92503,42420,30,0
92503,42411,31,0
92503,42412,32,0
92503,42178,33,0
92503,42179,34,0
92503,42180,35,0
92503,42184,36,0
92503,42447,37,0
92503,42455,38,0
92503,42457,39,0
92503,42459,40,0
92503,46632,41,1
92504,41272,1,0
92504,41273,2,0
92504,42445,3,0
92504,42446,4,0
92504,42013,5,0
92504,42448,6,0
92504,42460,7,0
92504,42458,8,0
92504,42456,9,0
92504,42453,10,0
92504,42181,11,0
92504,42182,12,0
92504,42183,13,0
92504,42185,14,0
92504,42177,15,0
92504,42175,16,0
92504,42410,17,0
92504,42419,18,0
92504,42417,19,0
92504,42415,20,0
92504,42413,21,0
92504,42011,22,0
92504,42009,23,0
92504,42007,24,0
92504,46742,25,0
92504,42004,26,0
92504,42002,27,0
92504,42000,28,0
92504,41998,29,0
92504,41995,30,0
92504,41993,31,0
92504,41991,32,0
92504,41989,33,0
92504,41987,34,0
92504,42139,35,0
92504,42137,36,0
92504,42135,37,0
92504,46528,38,1
92504,46499,39,1
92504,46513,40,1
92504,46536,41,1
92504,46479,42,1
92504,46480,43,1
92504,46481,44,1
92504,46482,45,1
92504,40935,46,1
