1704,'DIM',457,,7029,14,,,1,90,,7030,14,,,1,100,,7034,14,,,1,102,,7028,14,,,1,99,,165,14,,,1,100,,7032,14,,,1,101,,7033,14,,,1,100,,7035,14,,,1,101,,7036,14,,,1,101,,7031,14,,,1,102,,7017,14,,,1,99,,7018,14,,,1,100,,7021,14,,,1,101,,7023,14,,,1,99,,7022,14,,,1,98,,7020,14,,,1,100,,7024,14,,,1,101,,7027,14,,,1,99,,7019,14,,,1,99,,7025,14,,,1,96,,7026,14,,,1
1704,'SAM',457,,7049,14,,,1,90,,7050,14,,,1,100,,7056,14,,,1,102,,7053,14,,,1,99,,7048,14,,,1,100,,7052,14,,,1,101,,7057,14,,,1,100,,7055,14,,,1,101,,7054,14,,,1,101,,7051,14,,,1,101,,7038,14,,,1,100,,7039,14,,,1,101,,7041,14,,,1,100,,7043,14,,,1,99,,7037,14,,,1,98,,7045,14,,,1,100,,7042,14,,,1,101,,7040,14,,,1,99,,7044,14,,,1,99,,7046,14,,,1,96,,7047,14,,,1
1704,'SEM',509,,7072,14,,,1,92,,7077,14,,,1,22,,7080,14,,,1,22,,7059,14,,,1,66,,7063,14,,,1,35,,7064,14,,,1,61,,7058,14,,,1,98,,7061,14,,,1,44,,7062,14,,,1,100,,7065,14,,,1,100,,7076,14,,,1,100,,7078,14,,,1,100,,7067,14,,,1,102,,7079,14,,,1,100,,7060,14,,,1,105,,7068,14,,,1,96,,7066,14,,,1,98,,7069,14,,,1,101,,7074,14,,,1,101,,7075,14,,,1,100,,7070,14,,,1,100,,7071,14,,,1,100,,7073,14,,,1
3104,'DIM',617,,7960,24,,,1,102,,7961,24,,,1,100,,7959,24,,,1,100,,7965,24,,,1,100,,7966,24,,,1,100,,7964,24,,,1,100,,7962,24,,,1,103,,7950,24,,,1,101,,7963,24,,,1,100,,7949,24,,,1,101,,7948,24,,,1,99,,7953,24,,,1,98,,7955,24,,,1,103,,7954,24,,,1,96,,7956,24,,,1,101,,7952,24,,,1,100,,7951,24,,,1,98,,7957,24,,,1,102,,7958,24,,,1
3104,'SAM',518,,1137,24,,,1,99,,7976,24,,,1,102,,7979,24,,,1,100,,7978,24,,,1,100,,7981,24,,,1,100,,7984,24,,,1,100,,7985,24,,,1,100,,7980,24,,,1,102,,7975,24,,,1,101,,7982,24,,,1,101,,7977,24,,,1,101,,7983,24,,,1,100,,7971,24,,,1,98,,7973,24,,,1,100,,7969,24,,,1,99,,7974,24,,,1,100,,7967,24,,,1,100,,7968,24,,,1,98,,7970,24,,,1,102,,7972,24,,,1
3104,'SEM',441,,7994,24,,,1,77,,7995,24,,,1,90,,8006,24,,,1,21,,8008,24,,,1,23,,7988,24,,,1,73,,8007,24,,,1,28,,8004,24,,,1,69,,8002,24,,,1,35,,8003,24,,,1,61,,8005,24,,,1,100,,7986,24,,,1,101,,7987,24,,,1,100,,7990,24,,,1,101,,8009,24,,,1,100,,7989,24,,,1,102,,7992,24,,,1,100,,7993,24,,,1,96,,7991,24,,,1,105,,7996,24,,,1,97,,8001,24,,,1,105,,8000,24,,,1,100,,7997,24,,,1,102,,7998,24,,,1,100,,7999,24,,,1
3904,'DIM',818,,8313,14,,,1,112,,8307,14,,,1,82,,8314,14,,,1,30,,8317,14,,,1,73,,8308,14,,,1,27,,8306,14,,,1,73,,8316,14,,,1,29,,8311,14,,,1,74,,8300,14,,,1,27,,8315,14,,,1,70,,8309,14,,,1,31,,8310,14,,,1,72,,8299,14,,,1,30,,8312,14,,,1,71,,8295,14,,,1,31,,8296,14,,,1,68,,8301,14,,,1,28,,8302,14,,,1,70,,8303,14,,,1,43,,8304,14,,,1,98,,8297,14,,,1,100,,8305,14,,,1,100,,8298,14,,,1
3904,'SAM',818,,8333,14,,,1,112,,8326,14,,,1,82,,8337,14,,,1,30,,8327,14,,,1,70,,8318,14,,,1,30,,8324,14,,,1,76,,8330,14,,,1,26,,8328,14,,,1,74,,8334,14,,,1,27,,8325,14,,,1,70,,8331,14,,,1,31,,8332,14,,,1,71,,8338,14,,,1,31,,8329,14,,,1,72,,8335,14,,,1,24,,8336,14,,,1,74,,8339,14,,,1,28,,8340,14,,,1,70,,8319,14,,,1,86,,8320,14,,,1,57,,8322,14,,,1,98,,8321,14,,,1,100,,8323,14,,,1
3904,'SEM',613,,8364,14,,,1,27,,8357,14,,,1,14,,8363,14,,,1,51,,8345,14,,,1,29,,8360,14,,,1,71,,8341,14,,,1,31,,8358,14,,,1,70,,8365,14,,,1,35,,8343,14,,,1,67,,8344,14,,,1,33,,8355,14,,,1,69,,8359,14,,,1,31,,8361,14,,,1,68,,8352,14,,,1,32,,8356,14,,,1,67,,8362,14,,,1,38,,8342,14,,,1,74,,8347,14,,,1,30,,8349,14,,,1,71,,8350,14,,,1,101,,8366,14,,,1,112,,8353,14,,,1,99,,8354,14,,,1,105,,8346,14,,,1,100,,8348,14,,,1,94,,8351,14,,,1
4504,'DIM',615,,9016,14,,,1,100,,9009,14,,,1,99,,9017,14,,,1,101,,9019,14,,,1,99,,9023,14,,,1,97,,9024,14,,,1,102,,9020,14,,,1,98,,9015,14,,,1,108,,9013,14,,,1,98,,9007,14,,,1,100,,9022,14,,,1,96,,9018,14,,,1,101,,9021,14,,,1,103,,9008,14,,,1,101,,9014,14,,,1,101,,9010,14,,,1,100,,9011,14,,,1,100,,9012,14,,,1
4504,'SAM',615,,2249,14,,,1,100,,9038,14,,,1,99,,9035,14,,,1,101,,9039,14,,,1,99,,9037,14,,,1,101,,9026,14,,,1,97,,9036,14,,,1,102,,9025,14,,,1,104,,9031,14,,,1,101,,9040,14,,,1,98,,9028,14,,,1,96,,9041,14,,,1,101,,9029,14,,,1,103,,9033,14,,,1,101,,9027,14,,,1,101,,9032,14,,,1,100,,9030,14,,,1,100,,9034,14,,,1
4504,'SEM',532,,9061,14,,,1,15,,9062,14,,,1,80,,9067,14,,,1,84,,9047,14,,,1,18,,9045,14,,,1,18,,9043,14,,,1,57,,9060,14,,,1,51,,9046,14,,,1,146,,9064,14,,,1,111,,9059,14,,,1,96,,9049,14,,,1,94,,9048,14,,,1,100,,9065,14,,,1,42,,9044,14,,,1,65,,9042,14,,,1,31,,9063,14,,,1,70,,9066,14,,,1,38,,9051,14,,,1,77,,9054,14,,,1,81,,9055,14,,,1,104,,9053,14,,,1,105,,9052,14,,,1,102,,9056,14,,,1,90,,9058,14,,,1,100,,9050,14,,,1,95,,9057,14,,,1
