1703,'DIM',627,,6972,28,,,1,89,,6965,28,,,1,100,,100,28,,,1,102,,6967,28,,,1,97,,6968,28,,,1,101,,6964,28,,,1,100,,6970,28,,,1,99,,6966,28,,,1,102,,6969,28,,,1,100,,6971,28,,,1,102,,6954,28,,,1,98,,6958,28,,,1,99,,6957,28,,,1,101,,6956,28,,,1,98,,6959,28,,,1,99,,6962,28,,,1,100,,6955,28,,,1,100,,6960,28,,,1,102,,6961,28,,,1,119,,6963,28,,,1
1703,'SAM',549,,6984,28,,,1,78,,6990,28,,,1,89,,121,28,,,1,100,,6981,28,,,1,102,,6983,28,,,1,97,,6985,28,,,1,100,,6989,28,,,1,101,,6987,28,,,1,100,,6982,28,,,1,101,,6988,28,,,1,100,,6986,28,,,1,102,,6991,28,,,1,99,,6992,28,,,1,99,,6973,28,,,1,100,,6978,28,,,1,98,,6975,28,,,1,99,,6974,28,,,1,100,,6976,28,,,1,100,,6979,28,,,1,102,,6980,28,,,1,119,,6977,28,,,1
1703,'SEM',609,,7010,28,,,1,103,,7012,28,,,1,106,,7011,28,,,1,96,,6996,28,,,1,101,,7009,28,,,1,100,,7008,28,,,1,100,,7014,28,,,1,101,,6997,28,,,1,100,,6994,28,,,1,98,,7013,28,,,1,35,,7016,28,,,1,60,,7015,28,,,1,36,,6993,28,,,1,63,,7004,28,,,1,38,,6995,28,,,1,79,,6998,28,,,1,30,,7001,28,,,1,68,,7006,28,,,1,99,,7007,28,,,1,100,,6999,28,,,1,100,,7000,28,,,1,99,,7002,28,,,1,99,,7003,28,,,1,103,,7005,28,,,1
3103,'DIM',646,,7902,30,,,1,100,,7901,30,,,1,100,,1058,30,,,1,99,,7906,30,,,1,99,,7905,30,,,1,100,,7903,30,,,1,102,,7892,30,,,1,101,,7904,30,,,1,99,,7891,30,,,1,102,,7890,30,,,1,99,,7895,30,,,1,98,,7897,30,,,1,103,,7896,30,,,1,96,,7898,30,,,1,101,,7894,30,,,1,100,,7893,30,,,1,100,,7899,30,,,1,100,,7900,30,,,1
3103,'SAM',646,,7919,30,,,1,100,,7918,30,,,1,100,,1075,30,,,1,99,,7923,30,,,1,99,,7924,30,,,1,100,,7920,30,,,1,100,,7916,30,,,1,102,,7921,30,,,1,100,,7917,30,,,1,102,,7922,30,,,1,100,,7911,30,,,1,98,,7913,30,,,1,100,,7909,30,,,1,99,,7914,30,,,1,100,,7907,30,,,1,100,,7908,30,,,1,100,,7910,30,,,1,101,,7912,30,,,1,95,,7915,30,,,1
3103,'SEM',642,,7946,30,,,1,100,,7944,30,,,1,100,,7945,30,,,1,101,,7925,30,,,1,101,,7926,30,,,1,100,,7928,30,,,1,100,,7947,30,,,1,100,,7927,30,,,1,101,,7932,30,,,1,98,,7933,30,,,1,11,,7934,30,,,1,77,,7929,30,,,1,69,,7938,30,,,1,40,,7935,30,,,1,69,,7931,30,,,1,36,,7943,30,,,1,69,,7930,30,,,1,36,,7942,30,,,1,100,,7936,30,,,1,101,,7939,30,,,1,100,,7940,30,,,1,96,,7937,30,,,1,154,,7941,30,,,1
3903,'DIM',849,,1407,41,,,1,100,,8236,51,,,1,70,,8241,51,,,1,31,,8242,51,,,1,70,,8239,51,,,1,34,,8240,51,,,1,66,,8243,51,,,1,29,,8233,51,,,1,71,,8237,51,,,1,30,,8234,51,,,1,70,,8220,51,,,1,30,,8223,51,,,1,72,,8226,51,,,1,30,,8238,51,,,1,71,,8227,51,,,1,30,,8228,51,,,1,65,,8229,51,,,1,18,,8235,51,,,1,10,,8230,51,,,1,64,,8224,51,,,1,25,,8231,51,,,1,99,,8221,51,,,1,100,,8232,51,,,1,98,,8222,51,,,1,104,,8225,51,,,1
3903,'SAM',849,,8268,41,,,1,100,,8263,51,,,1,70,,8267,51,,,1,31,,8244,51,,,1,70,,8258,51,,,1,34,,8261,51,,,1,66,,8260,51,,,1,30,,8245,51,,,1,70,,8259,51,,,1,30,,8262,51,,,1,70,,8246,51,,,1,30,,8265,51,,,1,72,,8249,51,,,1,30,,8250,51,,,1,71,,8252,51,,,1,30,,8266,51,,,1,65,,8253,51,,,1,18,,8264,51,,,1,11,,8251,51,,,1,63,,8248,51,,,1,29,,8247,51,,,1,97,,8255,51,,,1,98,,8254,51,,,1,98,,8257,51,,,1,104,,8256,51,,,1
3903,'SEM',741,,8291,51,,,1,100,,8273,51,,,1,104,,8271,51,,,1,73,,8275,51,,,1,29,,8292,51,,,1,71,,8293,51,,,1,29,,8286,51,,,1,71,,8290,51,,,1,27,,8294,51,,,1,78,,8270,51,,,1,33,,8277,51,,,1,67,,8279,51,,,1,32,,8280,51,,,1,75,,8269,51,,,1,78,,8287,51,,,1,23,,8281,51,,,1,28,,8272,51,,,1,65,,8274,51,,,1,33,,8282,51,,,1,79,,8283,51,,,1,79,,8276,51,,,1,98,,8278,51,,,1,95,,8284,51,,,1,103,,8288,51,,,1,96,,8285,51,,,1,48,,8289,51,,,1
7303,'DIM',701,,10755,28,,,1,100,,10752,28,,,1,101,,10753,28,,,1,98,,10756,28,,,1,100,,10759,28,,,1,100,,10754,28,,,1,100,,10757,28,,,1,102,,10751,28,,,1,99,,10758,28,,,1,102,,10760,28,,,1,99,,10745,28,,,1,99,,10742,28,,,1,101,,10748,28,,,1,98,,10744,28,,,1,100,,10743,28,,,1,100,,10746,28,,,1,59,,10747,28,,,1,142,,10750,28,,,1,105,,10749,28,,,1
7303,'SAM',607,,10775,28,,,1,94,,10772,28,,,1,100,,10771,28,,,1,101,,10776,28,,,1,98,,10778,28,,,1,101,,10774,28,,,1,99,,10764,28,,,1,100,,10777,28,,,1,102,,10773,28,,,1,99,,10779,28,,,1,102,,10780,28,,,1,101,,10763,28,,,1,98,,10761,28,,,1,99,,10762,28,,,1,99,,10766,28,,,1,100,,10765,28,,,1,100,,4040,28,,,1,59,,10767,28,,,1,142,,4041,28,,,1,105,,10768,28,,,1,100,,10770,28,,,1,100,,10769,28,,,1
7303,'SEM',554,,10817,28,,,1,66,,10814,28,,,1,80,,10813,28,,,1,10,,10818,28,,,1,39,,10807,28,,,1,56,,10783,28,,,1,43,,10815,28,,,1,52,,10782,28,,,1,30,,10800,28,,,1,71,,10816,28,,,1,29,,10784,28,,,1,71,,10789,28,,,1,29,,10799,28,,,1,72,,10790,28,,,1,29,,10819,28,,,1,70,,10785,28,,,1,30,,10788,28,,,1,70,,10794,28,,,1,30,,10781,28,,,1,70,,10791,28,,,1,35,,10820,28,,,1,65,,10801,28,,,1,15,,10793,28,,,1,21,,10786,28,,,1,16,,10787,28,,,1,63,,10797,28,,,1,16,,10795,28,,,1,70,,10808,28,,,1,15,,10796,28,,,1,16,,10792,28,,,1,72,,10802,28,,,1,30,,10805,28,,,1,72,,10798,28,,,1,99,,10810,28,,,1,100,,10803,28,,,1,99,,10809,28,,,1,99,,10804,28,,,1,41,,10806,28,,,1,95,,10811,28,,,1,161,,10812,28,,,1
7401,'DIM',731,,10911,28,,,2,100,,10912,28,,,2,102,,10915,28,,,2,97,,10914,28,,,2,101,,10916,28,,,2,100,,10913,28,,,2,101,,10910,28,,,2,99,,10909,28,,,2,102,,10917,28,,,2,99,,10903,28,,,2,102,,10904,28,,,2,99,,10906,28,,,2,98,,10907,28,,,2,99,,10908,28,,,2,101,,10902,28,,,2,99,,10901,28,,,2,100,,10905,28,,,2
7401,'SAM',731,,10926,28,,,2,100,,10928,28,,,2,102,,10927,28,,,2,98,,10930,28,,,2,100,,10932,28,,,2,100,,10934,28,,,2,102,,10929,28,,,2,98,,10933,28,,,2,101,,10931,28,,,2,100,,10918,28,,,2,101,,10921,28,,,2,101,,10923,28,,,2,98,,10922,28,,,2,98,,10924,28,,,2,101,,10919,28,,,2,99,,10925,28,,,2,100,,10920,28,,,2
7401,'SEM',634,,10950,28,,,2,96,,10935,28,,,2,101,,10949,28,,,2,103,,10939,28,,,2,101,,10940,28,,,2,101,,10953,28,,,2,99,,10938,28,,,2,101,,10952,28,,,2,100,,10951,28,,,2,93,,10937,28,,,2,95,,10941,28,,,2,101,,10936,28,,,2,30,,10943,28,,,2,83,,10948,28,,,2,99,,10942,28,,,2,101,,10945,28,,,2,100,,10946,28,,,2,99,,10944,28,,,2,99,,10954,28,,,2,95,,10947,28,,,2
