3904,'DIM',848,,8313,61,4,,1,152,,8307,61,4,,1,42,,8314,61,4,,1,70,,8317,61,4,,1,34,,8308,61,4,,1,67,,8306,61,4,,1,33,,8316,61,4,,1,69,,8311,61,4,,1,35,,8300,61,4,,1,67,,8315,61,4,,1,30,,8309,61,4,,1,71,,8310,61,4,,1,32,,8299,61,4,,1,70,,8312,61,4,,1,31,,8295,61,4,,1,71,,8296,61,4,,1,27,,8301,61,4,,1,68,,8302,61,4,,1,29,,8303,61,4,,1,83,,8304,61,4,,1,97,,8297,61,4,,1,100,,8305,61,4,,1,99,,8298,61,4,,1
3904,'SAM',848,,8333,61,4,,1,152,,8326,61,4,,1,42,,8337,61,4,,1,70,,8327,61,4,,1,31,,8318,61,4,,1,70,,8324,61,4,,1,36,,8330,61,4,,1,66,,8328,61,4,,1,35,,8334,61,4,,1,67,,8325,61,4,,1,30,,8331,61,4,,1,71,,8332,61,4,,1,31,,8338,61,4,,1,71,,8329,61,4,,1,32,,8335,61,4,,1,64,,8336,61,4,,1,33,,8339,61,4,,1,68,,8340,61,4,,1,29,,8319,61,4,,1,86,,8320,61,4,,1,96,,8322,61,4,,1,98,,8321,61,4,,1,99,,8323,61,4,,1
3904,'SEM',642,,8364,61,4,,1,67,,8357,61,4,,1,15,,8363,61,4,,1,11,,8345,61,4,,1,71,,8360,61,4,,1,31,,8341,61,4,,1,71,,8358,61,4,,1,30,,8365,61,4,,1,75,,8343,61,4,,1,28,,8344,61,4,,1,73,,8355,61,4,,1,30,,8359,61,4,,1,71,,8361,61,4,,1,28,,8352,61,4,,1,72,,8356,61,4,,1,27,,8362,61,4,,1,78,,8342,61,4,,1,34,,8347,61,4,,1,70,,8349,61,4,,1,32,,8350,61,4,,1,101,,8366,61,4,,1,149,,8353,61,4,,1,97,,8354,61,4,,1,104,,8346,61,4,,1,100,,8348,61,4,,1,93,,8351,61,4,,1
4001,'DIM',834,,8370,29,4,,1,102,,8379,29,4,,1,102,,8381,29,4,,1,100,,8382,29,4,,1,99,,8380,29,4,,1,101,,8383,29,4,,1,100,,8378,29,4,,1,100,,8377,29,4,,1,100,,8367,29,4,,1,103,,8373,29,4,,1,97,,8376,29,4,,1,98,,8374,29,4,,1,99,,8369,29,4,,1,99,,8368,29,4,,1,99,,8371,29,4,,1,100,,8372,29,4,,1,93,,8375,29,4,,1
4001,'SAM',731,,8390,29,4,,1,103,,8392,29,4,,1,102,,8399,29,4,,1,102,,8396,29,4,,1,96,,8397,29,4,,1,104,,8395,29,4,,1,100,,8400,29,4,,1,100,,8398,29,4,,1,99,,8391,29,4,,1,101,,8401,29,4,,1,103,,8384,29,4,,1,97,,8393,29,4,,1,98,,8385,29,4,,1,99,,8387,29,4,,1,99,,8394,29,4,,1,99,,8386,29,4,,1,100,,8388,29,4,,1,93,,8389,29,4,,1
4001,'SEM',504,,8407,29,4,,1,25,,8429,29,4,,1,75,,8412,29,4,,1,33,,8431,29,4,,1,71,,8405,29,4,,1,25,,8435,29,4,,1,21,,8438,29,4,,1,63,,8436,29,4,,1,18,,8422,29,4,,1,69,,8411,29,4,,1,23,,8404,29,4,,1,76,,8406,29,4,,1,30,,8413,29,4,,1,70,,8432,29,4,,1,31,,8414,29,4,,1,71,,8434,29,4,,1,30,,8430,29,4,,1,70,,8409,29,4,,1,30,,8433,29,4,,1,75,,8403,29,4,,1,37,,8410,29,4,,1,60,,8408,29,4,,1,30,,8402,29,4,,1,71,,8418,29,4,,1,33,,8437,29,4,,1,72,,8419,29,4,,1,28,,8415,29,4,,1,74,,8423,29,4,,1,31,,8416,29,4,,1,70,,8424,29,4,,1,28,,8421,29,4,,1,69,,8425,29,4,,1,99,,8420,29,4,,1,97,,8417,29,4,,1,104,,8426,29,4,,1,88,,8427,29,4,,1,100,,8428,29,4,,1
4504,'DIM',636,,9016,53,4,,1,100,,9009,53,4,,1,100,,9017,53,4,,1,101,,9019,53,4,,1,100,,9023,53,4,,1,97,,9024,53,4,,1,103,,9020,53,4,,1,98,,9015,53,4,,1,108,,9013,53,4,,1,98,,9007,53,4,,1,100,,9022,53,4,,1,96,,9018,53,4,,1,100,,9021,53,4,,1,102,,9008,53,4,,1,100,,9014,53,4,,1,101,,9010,53,4,,1,100,,9011,53,4,,1,99,,9012,53,4,,1
4504,'SAM',636,,2249,53,4,,1,100,,9038,53,4,,1,100,,9035,53,4,,1,101,,9039,53,4,,1,100,,9037,53,4,,1,101,,9026,53,4,,1,98,,9036,53,4,,1,102,,9025,53,4,,1,104,,9031,53,4,,1,101,,9040,53,4,,1,98,,9028,53,4,,1,96,,9041,53,4,,1,100,,9029,53,4,,1,102,,9033,53,4,,1,100,,9027,53,4,,1,101,,9032,53,4,,1,100,,9030,53,4,,1,99,,9034,53,4,,1
4504,'SEM',554,,9061,53,4,,1,55,,9062,53,4,,1,43,,9067,53,4,,1,85,,9047,53,4,,1,19,,9045,53,4,,1,58,,9043,53,4,,1,17,,9060,53,4,,1,90,,9046,53,4,,1,106,,9064,53,4,,1,112,,9059,53,4,,1,96,,9049,53,4,,1,94,,9048,53,4,,1,100,,9065,53,4,,1,83,,9044,53,4,,1,25,,9042,53,4,,1,72,,9063,53,4,,1,30,,9066,53,4,,1,78,,9051,53,4,,1,34,,9054,53,4,,1,81,,9055,53,4,,1,102,,9053,53,4,,1,104,,9052,53,4,,1,102,,9056,53,4,,1,90,,9058,53,4,,1,99,,9050,53,4,,1,95,,9057,53,4,,1
5001,'DIM',525,,9340,10,4,,1,100,,9348,10,4,,1,100,,9336,10,4,,1,97,,9353,10,4,,1,101,,9345,10,4,,1,33,,9355,10,4,,1,77,,9347,10,4,,1,23,,9360,10,4,,1,78,,9358,10,4,,1,22,,9359,10,4,,1,75,,9361,10,4,,1,69,,9346,10,4,,1,32,,9349,10,4,,1,76,,9362,10,4,,1,29,,9351,10,4,,1,73,,9350,10,4,,1,30,,9356,10,4,,1,63,,9354,10,4,,1,34,,9352,10,4,,1,81,,9357,10,4,,1,18,,9338,10,4,,1,100,,9341,10,4,,1,99,,9344,10,4,,1,100,,9337,10,4,,1,99,,9342,10,4,,1,98,,9339,10,4,,1,100,,9343,10,4,,1
5001,'SAM',525,,9370,10,4,,1,100,,9373,10,4,,1,100,,9364,10,4,,1,97,,9385,10,4,,1,101,,9383,10,4,,1,79,,9388,10,4,,1,30,,9381,10,4,,1,24,,9365,10,4,,1,78,,9389,10,4,,1,22,,9387,10,4,,1,75,,9366,10,4,,1,69,,9377,10,4,,1,32,,9379,10,4,,1,76,,9382,10,4,,1,29,,9378,10,4,,1,73,,9380,10,4,,1,30,,9368,10,4,,1,63,,9369,10,4,,1,34,,9363,10,4,,1,79,,9384,10,4,,1,21,,9386,10,4,,1,99,,9374,10,4,,1,99,,9376,10,4,,1,100,,9375,10,4,,1,99,,9371,10,4,,1,98,,9367,10,4,,1,100,,9372,10,4,,1
5001,'SEM',515,,9411,10,4,,1,105,,9416,10,4,,1,35,,9412,10,4,,1,63,,9391,10,4,,1,36,,9390,10,4,,1,64,,9393,10,4,,1,31,,9419,10,4,,1,67,,9420,10,4,,1,33,,9415,10,4,,1,67,,9392,10,4,,1,33,,9396,10,4,,1,68,,9414,10,4,,1,32,,9402,10,4,,1,71,,9417,10,4,,1,30,,9397,10,4,,1,72,,9413,10,4,,1,28,,9418,10,4,,1,70,,9395,10,4,,1,82,,9394,10,4,,1,26,,9405,10,4,,1,76,,9398,10,4,,1,30,,9399,10,4,,1,69,,9404,10,4,,1,29,,9400,10,4,,1,75,,9403,10,4,,1,30,,9406,10,4,,1,75,,9407,10,4,,1,104,,11984,10,4,,1,104,,9401,10,4,,1,104,,9409,10,4,,1,105,,9408,10,4,,1,106,,9410,10,4,,1
5601,'DIM',713,,9667,62,4,,2,100,,9669,62,4,,2,100,,9666,62,4,,2,30,,9672,62,4,,2,71,,9665,62,4,,2,29,,9664,62,4,,2,71,,9671,62,4,,2,30,,9670,62,4,,2,70,,9661,62,4,,2,32,,9674,62,4,,2,70,,9668,62,4,,2,31,,9662,62,4,,2,71,,9675,62,4,,2,30,,9663,62,4,,2,70,,9652,62,4,,2,30,,9653,62,4,,2,70,,9655,62,4,,2,30,,9659,62,4,,2,74,,9673,62,4,,2,33,,9656,62,4,,2,68,,9657,62,4,,2,91,,9676,62,4,,2,100,,9658,62,4,,2,100,,9654,62,4,,2,100,,9660,62,4,,2
5601,'SAM',713,,9695,62,4,,2,100,,9691,62,4,,2,100,,9690,62,4,,2,32,,9693,62,4,,2,68,,9698,62,4,,2,26,,9694,62,4,,2,76,,9700,62,4,,2,29,,9692,62,4,,2,70,,9696,62,4,,2,32,,9701,62,4,,2,70,,9677,62,4,,2,31,,9699,62,4,,2,71,,9683,62,4,,2,30,,9680,62,4,,2,70,,9697,62,4,,2,30,,9681,62,4,,2,71,,9684,62,4,,2,29,,9685,62,4,,2,74,,9678,62,4,,2,32,,9687,62,4,,2,69,,9689,62,4,,2,91,,9686,62,4,,2,100,,9688,62,4,,2,100,,9682,62,4,,2,100,,9679,62,4,,2
5601,'SEM',510,,9731,62,4,,2,100,,9722,62,4,,2,32,,9728,62,4,,2,68,,9707,62,4,,2,28,,9704,62,4,,2,79,,9719,62,4,,2,30,,9703,62,4,,2,72,,9708,62,4,,2,30,,9725,62,4,,2,75,,9726,62,4,,2,20,,9729,62,4,,2,75,,9723,62,4,,2,30,,9732,62,4,,2,70,,9720,62,4,,2,32,,9709,62,4,,2,70,,9718,62,4,,2,31,,9721,62,4,,2,71,,9730,62,4,,2,29,,9724,62,4,,2,72,,9702,62,4,,2,30,,9705,62,4,,2,71,,9706,62,4,,2,75,,9727,62,4,,2,34,,9713,62,4,,2,24,,9712,62,4,,2,68,,9710,62,4,,2,28,,9716,62,4,,2,98,,9714,62,4,,2,104,,9717,62,4,,2,85,,9711,62,4,,2,91,,9715,62,4,,2
6104,'DIM',657,,10121,59,4,,2,100,,10122,59,4,,2,143,,10119,59,4,,2,103,,10123,59,4,,2,101,,10125,59,4,,2,102,,10124,59,4,,2,102,,10120,59,4,,2,103,,10118,59,4,,2,102,,10108,59,4,,2,103,,10111,59,4,,2,94,,10113,59,4,,2,102,,10115,59,4,,2,96,,10117,59,4,,2,97,,10116,59,4,,2,98,,10112,59,4,,2,98,,10109,59,4,,2,58,,10110,59,4,,2,99,,10114,59,4,,2
6104,'SAM',657,,10134,59,4,,2,100,,10133,59,4,,2,143,,10136,59,4,,2,104,,10138,59,4,,2,100,,10141,59,4,,2,102,,10135,59,4,,2,99,,10139,59,4,,2,106,,10142,59,4,,2,102,,10140,59,4,,2,103,,10143,59,4,,2,94,,10137,59,4,,2,101,,10129,59,4,,2,100,,10126,59,4,,2,94,,10130,59,4,,2,98,,10128,59,4,,2,98,,10131,59,4,,2,58,,10127,59,4,,2,99,,10132,59,4,,2
6104,'SEM',524,,10147,59,4,,2,101,,10156,59,4,,2,75,,10144,59,4,,2,22,,10159,59,4,,2,36,,10154,59,4,,2,69,,10163,59,4,,2,102,,10145,59,4,,2,100,,10146,59,4,,2,102,,10161,59,4,,2,104,,10155,59,4,,2,100,,10158,59,4,,2,102,,10157,59,4,,2,100,,10160,59,4,,2,111,,10162,59,4,,2,66,,10150,59,4,,2,97,,10152,59,4,,2,96,,10151,59,4,,2,100,,10148,59,4,,2,98,,10153,59,4,,2,39,,10149,59,4,,2,89,,11997,59,4,,2,101,,11998,59,4,,2
6504,'DIM',725,,10395,67,4,,2,102,,10393,67,4,,2,101,,10396,67,4,,2,102,,10398,67,4,,2,102,,10400,67,4,,2,102,,10397,67,4,,2,99,,10394,67,4,,2,102,,10402,67,4,,2,106,,10399,67,4,,2,95,,10401,67,4,,2,97,,10388,67,4,,2,101,,10390,67,4,,2,97,,10389,67,4,,2,98,,10391,67,4,,2,100,,10392,67,4,,2,96,,10386,67,4,,2,100,,10387,67,4,,2
6504,'SAM',725,,10413,67,4,,2,102,,10412,67,4,,2,101,,10416,67,4,,2,102,,10415,67,4,,2,102,,10417,67,4,,2,101,,10419,67,4,,2,99,,10420,67,4,,2,103,,10418,67,4,,2,105,,10414,67,4,,2,96,,10403,67,4,,2,97,,10405,67,4,,2,101,,10408,67,4,,2,99,,10409,67,4,,2,96,,10411,67,4,,2,100,,10410,67,4,,2,96,,10407,67,4,,2,100,,10404,67,4,,2,99,,10406,67,4,,2
6504,'SEM',543,,10442,67,4,,2,87,,10452,67,4,,2,26,,10423,67,4,,2,60,,10432,67,4,,2,16,,10439,67,4,,2,12,,10450,67,4,,2,10,,10422,67,4,,2,50,,10451,67,4,,2,10,,10447,67,4,,2,23,,10424,67,4,,2,70,,10426,67,4,,2,32,,10441,67,4,,2,70,,10455,67,4,,2,33,,10427,67,4,,2,71,,10428,67,4,,2,27,,10444,67,4,,2,75,,10429,67,4,,2,27,,10454,67,4,,2,80,,10448,67,4,,2,20,,10449,67,4,,2,70,,10453,67,4,,2,30,,10431,67,4,,2,70,,10434,67,4,,2,38,,10425,67,4,,2,67,,10438,67,4,,2,40,,10440,67,4,,2,73,,10421,67,4,,2,20,,10433,67,4,,2,64,,10430,67,4,,2,36,,10443,67,4,,2,71,,10445,67,4,,2,86,,10436,67,4,,2,99,,10435,67,4,,2,97,,10437,67,4,,2,99,,12001,67,4,,2,99,,12002,67,4,,2,58,,10446,67,4,,2
7002,'DIM',619,,10680,67,4,,1,40,,10679,67,4,,1,90,,10662,90,4,,1,104,,10669,90,4,,1,101,,3943,90,4,,1,102,,10665,90,4,,1,68,,10666,90,4,,1,34,,10668,90,4,,1,69,,10658,90,4,,1,25,,10667,90,4,,1,75,,10664,90,4,,1,25,,10673,90,4,,1,79,,10671,90,4,,1,28,,10674,90,4,,1,76,,10656,90,4,,1,65,,10670,90,4,,1,31,,10676,90,4,,1,23,,10672,90,4,,1,78,,10675,90,4,,1,27,,10660,90,4,,1,75,,10678,90,4,,1,73,,3946,90,4,,1,97,,10677,90,4,,1,54,,10655,90,4,,1,95,,10657,90,4,,1,97,,10661,90,4,,1,99,,10659,90,4,,1,103,,10663,90,4,,1
7002,'SAM',619,,10707,67,4,,1,40,,10708,67,4,,1,89,,10705,90,4,,1,105,,10685,90,4,,1,101,,10693,90,4,,1,102,,10692,90,4,,1,65,,10701,90,4,,1,37,,10706,90,4,,1,69,,10703,90,4,,1,24,,10697,90,4,,1,75,,10696,90,4,,1,26,,10695,90,4,,1,79,,10698,90,4,,1,76,,10694,90,4,,1,27,,10704,90,4,,1,25,,10702,90,4,,1,68,,10700,90,4,,1,26,,10699,90,4,,1,79,,10688,90,4,,1,68,,10684,90,4,,1,35,,10686,90,4,,1,73,,10681,90,4,,1,96,,10690,90,4,,1,54,,10682,90,4,,1,96,,10683,90,4,,1,96,,10689,90,4,,1,99,,10687,90,4,,1,103,,10691,90,4,,1
7002,'SEM',627,,10714,90,4,,1,100,,10734,90,4,,1,26,,10735,90,4,,1,73,,10713,90,4,,1,77,,10716,90,4,,1,27,,10718,90,4,,1,29,,10733,90,4,,1,70,,10711,90,4,,1,30,,10740,90,4,,1,71,,10719,90,4,,1,28,,10741,90,4,,1,73,,10736,90,4,,1,26,,10738,90,4,,1,74,,10737,90,4,,1,70,,10712,90,4,,1,30,,10739,90,4,,1,25,,10732,90,4,,1,77,,10717,90,4,,1,73,,10720,90,4,,1,31,,10715,90,4,,1,70,,10709,90,4,,1,33,,10710,90,4,,1,65,,10723,90,4,,1,31,,10724,90,4,,1,64,,10728,90,4,,1,30,,10727,90,4,,1,90,,10725,90,4,,1,81,,10729,90,4,,1,52,,10721,90,4,,1,150,,10726,90,4,,1,106,,10722,90,4,,1,96,,10731,90,4,,1,105,,10730,90,4,,1
7601,'DIM',511,,11036,42,4,,2,100,,11009,87,4,,2,25,,11023,87,4,,2,104,,11024,87,4,,2,101,,11016,87,4,,2,101,,11028,87,4,,2,68,,11033,87,4,,2,30,,11030,87,4,,2,71,,11026,87,4,,2,30,,11027,87,4,,2,70,,11007,87,4,,2,31,,11031,87,4,,2,72,,11029,87,4,,2,29,,11014,87,4,,2,73,,11034,87,4,,2,31,,11035,87,4,,2,69,,11006,87,4,,2,33,,11017,87,4,,2,67,,11025,87,4,,2,30,,11010,87,4,,2,70,,11012,87,4,,2,29,,11008,87,4,,2,68,,11015,87,4,,2,29,,11032,87,4,,2,105,,11020,87,4,,2,97,,11021,87,4,,2,97,,11013,87,4,,2,98,,11022,87,4,,2,100,,11011,87,4,,2,100,,11018,87,4,,2,99,,11019,87,4,,2
7601,'SAM',511,,11067,42,4,,2,100,,11041,87,4,,2,25,,11050,87,4,,2,104,,11053,87,4,,2,101,,11052,87,4,,2,101,,11056,87,4,,2,68,,11060,87,4,,2,30,,11057,87,4,,2,71,,11063,87,4,,2,30,,11051,87,4,,2,70,,11059,87,4,,2,32,,11058,87,4,,2,71,,11065,87,4,,2,29,,11038,87,4,,2,73,,11054,87,4,,2,31,,11037,87,4,,2,69,,11055,87,4,,2,33,,11062,87,4,,2,67,,11066,87,4,,2,30,,11039,87,4,,2,70,,11061,87,4,,2,29,,11043,87,4,,2,68,,11064,87,4,,2,31,,11040,87,4,,2,103,,11046,87,4,,2,97,,11048,87,4,,2,97,,11044,87,4,,2,98,,11042,87,4,,2,100,,11047,87,4,,2,100,,11045,87,4,,2,99,,11049,87,4,,2
7601,'SEM',531,,11068,87,4,,2,92,,11089,87,4,,2,27,,11096,87,4,,2,65,,11104,87,4,,2,24,,11074,87,4,,2,12,,11099,87,4,,2,55,,11076,87,4,,2,17,,11097,87,4,,2,24,,11101,87,4,,2,60,,11071,87,4,,2,25,,11075,87,4,,2,22,,11069,87,4,,2,70,,11098,87,4,,2,30,,11072,87,4,,2,69,,11094,87,4,,2,31,,11070,87,4,,2,70,,11100,87,4,,2,31,,11079,87,4,,2,70,,11095,87,4,,2,32,,11078,87,4,,2,72,,11081,87,4,,2,71,,11103,87,4,,2,33,,11082,87,4,,2,70,,11073,87,4,,2,38,,11102,87,4,,2,66,,11077,87,4,,2,25,,11080,87,4,,2,24,,11086,87,4,,2,67,,11090,87,4,,2,29,,11092,87,4,,2,72,,11088,87,4,,2,23,,11084,87,4,,2,69,,11093,87,4,,2,99,,11091,87,4,,2,100,,11083,87,4,,2,99,,11085,87,4,,2,103,,11087,87,4,,2
34504,'SEM',2520,,11789,23,,,1,118,,11788,23,,,1
90301,'DIM',856,,11859,58,4,,2,145,,11857,58,4,,2,101,,11860,58,4,,2,57,,11858,58,4,,2,99,,11864,58,4,,2,142,,11863,58,4,,2,101,,11865,58,4,,2,104,,11861,58,4,,2,96,,11862,58,4,,2,104,,11856,58,4,,2
90301,'SAM',658,,5244,58,4,,2,142,,11870,58,4,,2,56,,11872,58,4,,2,145,,11871,58,4,,2,100,,11874,58,4,,2,56,,11873,58,4,,2,101,,11875,58,4,,2,142,,11869,58,4,,2,100,,11876,58,4,,2,105,,11866,58,4,,2,96,,11868,58,4,,2,100,,11867,58,4,,2
90301,'SEM',543,,11885,58,4,,2,80,,11888,58,4,,2,23,,11893,58,4,,2,12,,11895,58,4,,2,52,,11892,58,4,,2,10,,11894,58,4,,2,10,,11877,58,4,,2,16,,11880,58,4,,2,61,,11887,58,4,,2,25,,11889,58,4,,2,70,,11896,58,4,,2,103,,11879,58,4,,2,100,,11884,58,4,,2,99,,11878,58,4,,2,100,,11891,58,4,,2,101,,11890,58,4,,2,100,,11882,58,4,,2,42,,11897,58,4,,2,107,,11883,58,4,,2,105,,11881,58,4,,2,92,,11886,58,4,,2
