201,'SAM',2559,,6872,19,,,1,81,,6874,19,,,1,84,,6873,19,,,1
201,'SEM',2520,,6875,19,,,1,24,,6876,19,,,1,81,,6877,19,,,1,81,,6878,19,,,1
202,'SAM',2617,,6879,3,,,1,41,,6880,3,,,1
202,'SEM',516,,6885,3,,,1,30,,6886,3,,,1,55,,6881,3,,,1,1999,,6882,3,,,1,41,,6883,3,,,1,81,,6884,3,,,1
1703,'DIM',611,,6972,1,,,1,89,,6965,1,,,1,59,,100,1,,,1,100,,6967,1,,,1,97,,6968,1,,,1,101,,6964,1,,,1,100,,6970,1,,,1,99,,6966,1,,,1,101,,6969,1,,,1,100,,6971,1,,,1,102,,6954,1,,,1,99,,6958,1,,,1,99,,6957,1,,,1,101,,6956,1,,,1,99,,6959,1,,,1,100,,6962,1,,,1,101,,6955,1,,,1,100,,6960,1,,,1,142,,6961,1,,,1,120,,6963,1,,,1
1703,'SAM',534,,6984,1,,,1,77,,6990,1,,,1,89,,121,1,,,1,59,,6981,1,,,1,100,,6983,1,,,1,97,,6985,1,,,1,100,,6989,1,,,1,101,,6987,1,,,1,100,,6982,1,,,1,100,,6988,1,,,1,100,,6986,1,,,1,102,,6991,1,,,1,100,,6992,1,,,1,99,,6973,1,,,1,100,,6978,1,,,1,99,,6975,1,,,1,100,,6974,1,,,1,101,,6976,1,,,1,100,,6979,1,,,1,142,,6980,1,,,1,120,,6977,1,,,1
1703,'SEM',553,,7010,1,,,1,102,,7012,1,,,1,145,,7011,1,,,1,55,,6996,1,,,1,100,,7009,1,,,1,100,,7008,1,,,1,100,,7014,1,,,1,100,,6997,1,,,1,100,,6994,1,,,1,98,,7013,1,,,1,75,,7016,1,,,1,20,,7015,1,,,1,76,,6993,1,,,1,23,,7004,1,,,1,78,,6995,1,,,1,80,,6998,1,,,1,30,,7001,1,,,1,69,,7006,1,,,1,99,,7007,1,,,1,100,,6999,1,,,1,101,,7000,1,,,1,100,,7002,1,,,1,100,,7003,1,,,1,104,,7005,1,,,1
3103,'DIM',630,,7902,3,,,1,99,,7901,3,,,1,98,,1058,3,,,1,99,,7906,3,,,1,99,,7905,3,,,1,100,,7903,3,,,1,102,,7892,3,,,1,100,,7904,3,,,1,99,,7891,3,,,1,102,,7890,3,,,1,99,,7895,3,,,1,99,,7897,3,,,1,103,,7896,3,,,1,97,,7898,3,,,1,101,,7894,3,,,1,101,,7893,3,,,1,100,,7899,3,,,1,101,,7900,3,,,1
3103,'SAM',630,,7919,3,,,1,99,,7918,3,,,1,98,,1075,3,,,1,99,,7923,3,,,1,99,,7924,3,,,1,100,,7920,3,,,1,100,,7916,3,,,1,101,,7921,3,,,1,100,,7917,3,,,1,102,,7922,3,,,1,100,,7911,3,,,1,99,,7913,3,,,1,100,,7909,3,,,1,100,,7914,3,,,1,100,,7907,3,,,1,101,,7908,3,,,1,100,,7910,3,,,1,102,,7912,3,,,1,95,,7915,3,,,1
3103,'SEM',625,,7946,3,,,1,99,,7944,3,,,1,100,,7945,3,,,1,99,,7925,3,,,1,101,,7926,3,,,1,100,,7928,3,,,1,100,,7947,3,,,1,100,,7927,3,,,1,100,,7932,3,,,1,98,,7933,3,,,1,11,,7934,3,,,1,76,,7929,3,,,1,30,,7938,3,,,1,80,,7935,3,,,1,30,,7931,3,,,1,76,,7943,3,,,1,30,,7930,3,,,1,76,,7942,3,,,1,100,,7936,3,,,1,101,,7939,3,,,1,101,,7940,3,,,1,98,,7937,3,,,1,114,,7941,3,,,1
34503,'SEM',431,,11786,3,,,1,100,,11787,3,,,1
34504,'SEM',2531,,11789,42,,,1,118,,11788,42,,,1
