6303,'DIM',813,,10176,66,,,1,101,,10178,66,,,1,102,,10169,66,,,1,98,,10177,66,,,1,103,,10181,66,,,1,96,,10179,66,,,1,103,,10182,66,,,1,103,,10180,66,,,1,100,,10183,66,,,1,100,,10184,66,,,1,100,,10170,66,,,1,97,,10166,66,,,1,98,,10167,66,,,1,99,,10172,66,,,1,100,,10168,66,,,1,100,,10173,66,,,1,99,,10171,66,,,1,100,,10174,66,,,1,97,,10175,66,,,1
6303,'SAM',712,,10198,66,,,1,101,,10202,66,,,1,101,,10199,66,,,1,102,,10197,66,,,1,98,,10201,66,,,1,103,,10200,66,,,1,96,,10204,66,,,1,103,,10203,66,,,1,103,,10185,66,,,1,102,,10186,66,,,1,98,,10187,66,,,1,100,,10189,66,,,1,97,,10188,66,,,1,98,,10193,66,,,1,99,,10190,66,,,1,100,,10191,66,,,1,100,,10194,66,,,1,99,,10192,66,,,1,100,,10195,66,,,1,97,,10196,66,,,1
6303,'SEM',634,,10220,66,,,1,21,,10230,66,,,1,56,,10231,66,,,1,37,,10237,66,,,1,54,,10235,66,,,1,33,,10209,66,,,1,23,,10211,66,,,1,73,,10212,66,,,1,73,,10205,66,,,1,25,,10208,66,,,1,73,,10234,66,,,1,28,,10222,66,,,1,72,,10238,66,,,1,26,,10232,66,,,1,78,,10206,66,,,1,27,,10207,66,,,1,71,,10236,66,,,1,30,,10233,66,,,1,74,,10239,66,,,1,32,,10214,66,,,1,65,,10213,66,,,1,34,,10218,66,,,1,19,,10216,66,,,1,65,,10210,66,,,1,32,,10219,66,,,1,80,,10217,66,,,1,96,,10215,66,,,1,81,,10223,66,,,1,93,,10226,66,,,1,54,,10221,66,,,1,88,,10224,66,,,1,103,,10225,66,,,1,99,,10229,66,,,1,104,,10227,66,,,1,93,,10228,66,,,1
6503,'DIM',742,,10321,60,,,2,101,,10323,60,,,2,101,,10325,60,,,2,100,,10327,60,,,2,103,,10324,60,,,2,98,,10322,60,,,2,108,,10310,60,,,2,100,,10326,60,,,2,96,,10328,60,,,2,98,,10313,60,,,2,102,,10315,60,,,2,97,,10314,60,,,2,99,,10317,60,,,2,100,,10319,60,,,2,99,,10311,60,,,2,100,,10312,60,,,2,99,,10318,60,,,2,99,,10320,60,,,2,99,,10316,60,,,2
6503,'SAM',742,,10342,60,,,2,101,,10345,60,,,2,101,,10344,60,,,2,100,,10346,60,,,2,102,,10347,60,,,2,98,,10349,60,,,2,109,,10348,60,,,2,99,,10343,60,,,2,97,,10329,60,,,2,98,,10331,60,,,2,102,,10334,60,,,2,99,,10337,60,,,2,97,,10341,60,,,2,100,,10339,60,,,2,99,,10333,60,,,2,100,,10330,60,,,2,99,,10332,60,,,2,99,,10335,60,,,2,99,,10336,60,,,2,84,,10338,60,,,2,75,,10340,60,,,2
6503,'SEM',532,,10385,48,,,2,97,,10359,60,,,2,28,,10351,60,,,2,68,,10376,60,,,2,24,,10352,60,,,2,64,,10354,60,,,2,38,,10367,60,,,2,66,,10382,60,,,2,37,,10355,60,,,2,65,,10356,60,,,2,30,,10373,60,,,2,70,,10357,60,,,2,30,,10380,60,,,2,71,,10377,60,,,2,30,,10378,60,,,2,71,,10379,60,,,2,30,,10358,60,,,2,70,,10361,60,,,2,31,,10353,60,,,2,70,,10365,60,,,2,34,,10366,60,,,2,72,,10350,60,,,2,25,,10360,60,,,2,65,,10370,60,,,2,14,,10381,60,,,2,15,,10371,60,,,2,54,,10372,60,,,2,14,,10368,60,,,2,13,,10374,60,,,2,17,,10369,60,,,2,73,,10363,60,,,2,102,,10362,60,,,2,99,,10364,60,,,2,100,,11999,60,,,2,100,,12000,60,,,2,97,,10375,60,,,2
7304,'DIM',527,,10839,33,,,1,30,,10828,33,,,1,102,,10832,33,,,1,100,,10835,33,,,1,100,,10831,33,,,1,100,,10833,33,,,1,100,,10836,33,,,1,100,,10840,33,,,1,142,,10834,33,,,1,101,,10837,33,,,1,101,,10830,33,,,1,100,,10838,33,,,1,100,,10841,33,,,1,100,,10824,33,,,1,99,,10821,33,,,1,98,,10827,33,,,1,100,,10823,33,,,1,59,,10822,33,,,1,100,,10825,33,,,1,141,,10826,33,,,1,59,,10829,33,,,1
7304,'SAM',527,,10861,33,,,1,30,,10851,33,,,1,102,,10856,33,,,1,100,,10853,33,,,1,100,,10852,33,,,1,100,,10857,33,,,1,100,,10859,33,,,1,141,,10855,33,,,1,101,,10845,33,,,1,101,,10858,33,,,1,101,,10854,33,,,1,100,,10860,33,,,1,100,,10862,33,,,1,100,,10844,33,,,1,98,,10842,33,,,1,99,,10843,33,,,1,100,,10847,33,,,1,59,,10846,33,,,1,100,,4131,33,,,1,141,,10848,33,,,1,59,,4133,33,,,1,100,,10849,33,,,1,100,,10850,33,,,1
7304,'SEM',449,,10894,33,,,1,80,,10891,33,,,1,80,,10897,33,,,1,18,,10900,33,,,1,31,,10896,33,,,1,54,,10893,33,,,1,13,,10869,33,,,1,28,,10871,33,,,1,54,,10892,33,,,1,15,,10898,33,,,1,25,,10887,33,,,1,71,,10865,33,,,1,40,,10864,33,,,1,69,,10880,33,,,1,31,,10895,33,,,1,70,,10866,33,,,1,30,,10870,33,,,1,76,,10879,33,,,1,25,,10872,33,,,1,70,,10899,33,,,1,30,,10867,33,,,1,70,,10868,33,,,1,71,,10876,33,,,1,31,,10863,33,,,1,72,,10873,33,,,1,39,,10883,33,,,1,62,,10881,33,,,1,29,,10875,33,,,1,69,,10882,33,,,1,37,,10877,33,,,1,61,,10888,33,,,1,30,,10874,33,,,1,70,,10884,33,,,1,30,,10886,33,,,1,73,,10878,33,,,1,98,,10890,33,,,1,100,,10885,33,,,1,104,,10889,33,,,1
15103,'DIM',700,,11384,47,,,2,20,,11388,47,,,2,30,,11370,47,,,2,69,,11383,47,,,2,35,,11392,47,,,2,71,,11385,47,,,2,29,,11389,47,,,2,71,,11395,47,,,2,75,,11394,47,,,2,31,,11397,47,,,2,71,,11390,47,,,2,33,,11387,47,,,2,74,,11396,47,,,2,32,,11400,47,,,2,71,,11386,47,,,2,34,,11391,47,,,2,73,,11398,47,,,2,32,,11401,47,,,2,71,,11366,47,,,2,37,,11372,47,,,2,70,,11393,47,,,2,72,,11399,47,,,2,28,,11377,47,,,2,75,,11378,47,,,2,30,,11381,47,,,2,69,,11367,47,,,2,29,,11369,47,,,2,68,,11373,47,,,2,28,,11371,47,,,2,29,,11375,47,,,2,70,,11368,47,,,2,30,,11379,47,,,2,70,,11374,47,,,2,93,,11376,47,,,2,98,,11380,47,,,2,35,,11382,47,,,2
15103,'SAM',700,,11425,47,,,2,20,,11427,47,,,2,30,,11423,47,,,2,69,,11424,47,,,2,35,,11431,47,,,2,71,,11426,47,,,2,29,,11428,47,,,2,71,,11435,47,,,2,75,,11433,47,,,2,31,,11436,47,,,2,71,,11429,47,,,2,33,,11420,47,,,2,74,,11411,47,,,2,32,,11434,47,,,2,71,,11432,47,,,2,34,,11430,47,,,2,73,,11422,47,,,2,32,,11412,47,,,2,71,,11437,47,,,2,37,,11404,47,,,2,70,,11402,47,,,2,72,,11438,47,,,2,28,,11408,47,,,2,75,,11409,47,,,2,30,,11410,47,,,2,69,,11417,47,,,2,29,,11403,47,,,2,68,,11419,47,,,2,28,,11405,47,,,2,29,,11406,47,,,2,70,,11418,47,,,2,30,,11415,47,,,2,72,,11413,47,,,2,91,,11407,47,,,2,98,,11416,47,,,2,35,,11414,47,,,2,91,,11421,47,,,2
15103,'SEM',630,,11440,47,,,2,18,,11459,47,,,2,61,,11478,47,,,2,34,,11480,47,,,2,62,,11484,47,,,2,28,,11449,47,,,2,71,,11481,47,,,2,32,,11444,47,,,2,20,,11472,47,,,2,60,,11486,47,,,2,21,,11485,47,,,2,20,,11450,47,,,2,60,,11476,47,,,2,20,,11482,47,,,2,20,,11445,47,,,2,61,,11473,47,,,2,20,,11483,47,,,2,62,,12011,47,,,2,16,,11479,47,,,2,25,,11477,47,,,2,60,,11452,47,,,2,20,,11439,47,,,2,20,,11447,47,,,2,60,,11451,47,,,2,20,,11441,47,,,2,22,,11458,47,,,2,59,,11460,47,,,2,17,,11463,47,,,2,15,,11461,47,,,2,14,,11443,47,,,2,56,,11453,47,,,2,13,,11448,47,,,2,15,,11465,47,,,2,15,,11442,47,,,2,53,,11446,47,,,2,16,,11467,47,,,2,14,,11456,47,,,2,15,,11462,47,,,2,14,,11464,47,,,2,53,,11468,47,,,2,22,,11454,47,,,2,73,,11466,47,,,2,29,,11457,47,,,2,67,,11470,47,,,2,31,,12009,47,,,2,101,,11469,47,,,2,95,,12010,47,,,2,102,,11474,47,,,2,108,,11471,47,,,2,114,,11475,47,,,2
