2202,'DIM',723,,7249,28,,,2,100,,7248,28,,,2,100,,7247,28,,,2,100,,6315,28,,,2,101,,7250,28,,,2,100,,7252,28,,,2,96,,7251,28,,,2,106,,7246,28,,,2,98,,7240,28,,,2,114,,7253,28,,,2,88,,7242,28,,,2,100,,7243,28,,,2,98,,7245,28,,,2,101,,7244,28,,,2,100,,7239,28,,,2,100,,7241,28,,,2
2202,'SAM',625,,7270,12,,,2,98,,7264,28,,,2,100,,7261,28,,,2,100,,7260,28,,,2,98,,7266,28,,,2,103,,7265,28,,,2,100,,7263,28,,,2,96,,7269,28,,,2,104,,7262,28,,,2,100,,7268,28,,,2,112,,7267,28,,,2,90,,7255,28,,,2,100,,7257,28,,,2,98,,7254,28,,,2,101,,7256,28,,,2,100,,7259,28,,,2,100,,7258,28,,,2
2202,'SEM',600,,6230,28,,,2,18,,7282,28,,,2,105,,7289,28,,,2,31,,7279,28,,,2,70,,7271,28,,,2,98,,7273,28,,,2,31,,7272,28,,,2,69,,7290,28,,,2,101,,7277,28,,,2,100,,7288,28,,,2,100,,7291,28,,,2,102,,7276,28,,,2,100,,7278,28,,,2,102,,7274,28,,,2,24,,7275,28,,,2,75,,7281,28,,,2,99,,7280,28,,,2,100,,7287,28,,,2,101,,7286,28,,,2,98,,7284,28,,,2,107,,7283,28,,,2,96,,7285,28,,,2
5002,'DIM',602,,9440,5,,,1,100,,2653,5,,,1,100,,9423,5,,,1,56,,9438,5,,,1,147,,9431,5,,,1,25,,9441,5,,,1,77,,9433,5,,,1,24,,9445,5,,,1,79,,9443,5,,,1,22,,9444,5,,,1,75,,9446,5,,,1,29,,9432,5,,,1,72,,9434,5,,,1,36,,9447,5,,,1,69,,9436,5,,,1,34,,9435,5,,,1,70,,9442,5,,,1,26,,9439,5,,,1,71,,9437,5,,,1,100,,9425,5,,,1,99,,9427,5,,,1,99,,9430,5,,,1,99,,9424,5,,,1,98,,9428,5,,,1,98,,9426,5,,,1,100,,9429,5,,,1
5002,'SAM',602,,9455,5,,,1,100,,9458,5,,,1,100,,9449,5,,,1,99,,9470,5,,,1,104,,9469,5,,,1,25,,9468,5,,,1,76,,9466,5,,,1,25,,9450,5,,,1,79,,9473,5,,,1,22,,9472,5,,,1,75,,9451,5,,,1,29,,9462,5,,,1,72,,9464,5,,,1,36,,9467,5,,,1,69,,9463,5,,,1,34,,9465,5,,,1,70,,9453,5,,,1,26,,9454,5,,,1,71,,9448,5,,,1,100,,9471,5,,,1,99,,9459,5,,,1,99,,9461,5,,,1,99,,9460,5,,,1,98,,9456,5,,,1,98,,9452,5,,,1,100,,9457,5,,,1
5002,'SEM',450,,9480,5,,,1,75,,9502,5,,,1,30,,9498,5,,,1,70,,9474,5,,,1,75,,9506,5,,,1,31,,9499,5,,,1,24,,9475,5,,,1,75,,9492,5,,,1,26,,9478,5,,,1,71,,9504,5,,,1,26,,9505,5,,,1,73,,9501,5,,,1,27,,9477,5,,,1,73,,9481,5,,,1,28,,9500,5,,,1,72,,9489,5,,,1,32,,9503,5,,,1,70,,9482,5,,,1,30,,9485,5,,,1,81,,9476,5,,,1,67,,9486,5,,,1,37,,9479,5,,,1,72,,9493,5,,,1,31,,9483,5,,,1,70,,9484,5,,,1,30,,9491,5,,,1,70,,9487,5,,,1,30,,9490,5,,,1,105,,9494,5,,,1,105,,9507,5,,,1,101,,9488,5,,,1,150,,9496,5,,,1,105,,9495,5,,,1,98,,9497,5,,,1
5802,'DIM',601,,9883,5,,,2,100,,9890,5,,,2,51,,9887,5,,,2,100,,9891,5,,,2,100,,9894,5,,,2,99,,9886,5,,,2,101,,9896,5,,,2,100,,9893,5,,,2,101,,9889,5,,,2,99,,9892,5,,,2,101,,9888,5,,,2,99,,9882,5,,,2,101,,9895,5,,,2,101,,9879,5,,,2,100,,9885,5,,,2,99,,9881,5,,,2,99,,9880,5,,,2,99,,9884,5,,,2
5802,'SAM',601,,9914,5,,,2,100,,9906,5,,,2,51,,9905,5,,,2,100,,9910,5,,,2,100,,9908,5,,,2,99,,9911,5,,,2,101,,9913,5,,,2,100,,9897,5,,,2,98,,9904,5,,,2,101,,9909,5,,,2,101,,9907,5,,,2,101,,9912,5,,,2,100,,9899,5,,,2,101,,9902,5,,,2,100,,9898,5,,,2,99,,9903,5,,,2,99,,9900,5,,,2,99,,9901,5,,,2
5802,'SEM',520,,9932,5,,,2,34,,9926,5,,,2,62,,9925,5,,,2,39,,9933,5,,,2,75,,9935,5,,,2,29,,9918,5,,,2,73,,9917,5,,,2,83,,9921,5,,,2,99,,9936,5,,,2,100,,9915,5,,,2,100,,9922,5,,,2,100,,9934,5,,,2,101,,9916,5,,,2,25,,9919,5,,,2,69,,9923,5,,,2,101,,9929,5,,,2,33,,9920,5,,,2,95,,9924,5,,,2,96,,9930,5,,,2,100,,9937,5,,,2,100,,9931,5,,,2,98,,9928,5,,,2,99,,9927,5,,,2
22202,'DIM',1437,,4994,17,,,2
22202,'SAM',1437,,11668,17,,,2,898,,11666,17,,,2,100,,11667,17,,,2
22202,'SEM',537,,11675,17,,,2,119,,11670,17,,,2,81,,11671,17,,,2,767,,11674,17,,,2,35,,11669,17,,,2,703,,11672,17,,,2,65,,11673,17,,,2
32202,'SAM',2550,,11777,11,,,2
32202,'SEM',2419,,11779,11,,,2,84,,11778,11,,,2
