1703,'DIM',624,,6972,22,,,1,89,,6965,22,,,1,100,,100,22,,,1,101,,6967,22,,,1,97,,6968,22,,,1,101,,6964,22,,,1,100,,6970,22,,,1,99,,6966,22,,,1,102,,6969,22,,,1,100,,6971,22,,,1,102,,6954,22,,,1,98,,6958,22,,,1,99,,6957,22,,,1,101,,6956,22,,,1,98,,6959,22,,,1,99,,6962,22,,,1,101,,6955,22,,,1,100,,6960,22,,,1,102,,6961,22,,,1,119,,6963,22,,,1
1703,'SAM',546,,6984,22,,,1,78,,6990,22,,,1,89,,121,22,,,1,100,,6981,22,,,1,101,,6983,22,,,1,97,,6985,22,,,1,100,,6989,22,,,1,101,,6987,22,,,1,100,,6982,22,,,1,101,,6988,22,,,1,100,,6986,22,,,1,102,,6991,22,,,1,99,,6992,22,,,1,99,,6973,22,,,1,100,,6978,22,,,1,98,,6975,22,,,1,99,,6974,22,,,1,101,,6976,22,,,1,100,,6979,22,,,1,102,,6980,22,,,1,119,,6977,22,,,1
1703,'SEM',606,,7010,22,,,1,103,,7012,22,,,1,105,,7011,22,,,1,96,,6996,22,,,1,101,,7009,22,,,1,100,,7008,22,,,1,100,,7014,22,,,1,101,,6997,22,,,1,100,,6994,22,,,1,98,,7013,22,,,1,35,,7016,22,,,1,60,,7015,22,,,1,36,,6993,22,,,1,63,,7004,22,,,1,38,,6995,22,,,1,79,,6998,22,,,1,30,,7001,22,,,1,68,,7006,22,,,1,99,,7007,22,,,1,100,,6999,22,,,1,100,,7000,22,,,1,100,,7002,22,,,1,99,,7003,22,,,1,103,,7005,22,,,1
3103,'DIM',643,,7902,24,,,1,100,,7901,24,,,1,99,,1058,24,,,1,99,,7906,24,,,1,99,,7905,24,,,1,100,,7903,24,,,1,102,,7892,24,,,1,101,,7904,24,,,1,99,,7891,24,,,1,102,,7890,24,,,1,99,,7895,24,,,1,98,,7897,24,,,1,103,,7896,24,,,1,96,,7898,24,,,1,101,,7894,24,,,1,100,,7893,24,,,1,100,,7899,24,,,1,101,,7900,24,,,1
3103,'SAM',643,,7919,24,,,1,100,,7918,24,,,1,99,,1075,24,,,1,99,,7923,24,,,1,99,,7924,24,,,1,100,,7920,24,,,1,100,,7916,24,,,1,102,,7921,24,,,1,100,,7917,24,,,1,102,,7922,24,,,1,100,,7911,24,,,1,98,,7913,24,,,1,100,,7909,24,,,1,99,,7914,24,,,1,100,,7907,24,,,1,100,,7908,24,,,1,100,,7910,24,,,1,102,,7912,24,,,1,95,,7915,24,,,1
3103,'SEM',639,,7946,24,,,1,99,,7944,24,,,1,100,,7945,24,,,1,101,,7925,24,,,1,101,,7926,24,,,1,100,,7928,24,,,1,100,,7947,24,,,1,100,,7927,24,,,1,101,,7932,24,,,1,98,,7933,24,,,1,11,,7934,24,,,1,76,,7929,24,,,1,30,,7938,24,,,1,80,,7935,24,,,1,69,,7931,24,,,1,36,,7943,24,,,1,69,,7930,24,,,1,36,,7942,24,,,1,100,,7936,24,,,1,101,,7939,24,,,1,100,,7940,24,,,1,97,,7937,24,,,1,114,,7941,24,,,1
7303,'DIM',658,,10755,22,,,1,100,,10752,22,,,1,100,,10753,22,,,1,98,,10756,22,,,1,100,,10759,22,,,1,100,,10754,22,,,1,100,,10757,22,,,1,102,,10751,22,,,1,99,,10758,22,,,1,102,,10760,22,,,1,99,,10745,22,,,1,99,,10742,22,,,1,101,,10748,22,,,1,98,,10744,22,,,1,100,,10743,22,,,1,100,,10746,22,,,1,100,,10747,22,,,1,102,,10750,22,,,1,145,,10749,22,,,1
7303,'SAM',604,,10775,22,,,1,54,,10772,22,,,1,100,,10771,22,,,1,100,,10776,22,,,1,98,,10778,22,,,1,101,,10774,22,,,1,99,,10764,22,,,1,100,,10777,22,,,1,102,,10773,22,,,1,99,,10779,22,,,1,102,,10780,22,,,1,141,,10763,22,,,1,58,,10761,22,,,1,99,,10762,22,,,1,99,,10766,22,,,1,100,,10765,22,,,1,100,,4040,22,,,1,100,,10767,22,,,1,102,,4041,22,,,1,145,,10768,22,,,1,100,,10770,22,,,1,100,,10769,22,,,1
7303,'SEM',551,,10817,22,,,1,66,,10814,22,,,1,39,,10813,22,,,1,50,,10818,22,,,1,39,,10807,22,,,1,56,,10783,22,,,1,43,,10815,22,,,1,12,,10782,22,,,1,70,,10800,22,,,1,31,,10816,22,,,1,69,,10784,22,,,1,31,,10789,22,,,1,69,,10799,22,,,1,32,,10790,22,,,1,69,,10819,22,,,1,30,,10785,22,,,1,70,,10788,22,,,1,30,,10794,22,,,1,70,,10781,22,,,1,30,,10791,22,,,1,75,,10820,22,,,1,24,,10801,22,,,1,55,,10793,22,,,1,21,,10786,22,,,1,16,,10787,22,,,1,63,,10797,22,,,1,17,,10795,22,,,1,30,,10808,22,,,1,55,,10796,22,,,1,16,,10792,22,,,1,72,,10802,22,,,1,30,,10805,22,,,1,72,,10798,22,,,1,99,,10810,22,,,1,100,,10803,22,,,1,99,,10809,22,,,1,100,,10804,22,,,1,41,,10806,22,,,1,95,,10811,22,,,1,121,,10812,22,,,1
7401,'DIM',728,,10911,22,,,2,99,,10912,22,,,2,102,,10915,22,,,2,97,,10914,22,,,2,101,,10916,22,,,2,100,,10913,22,,,2,101,,10910,22,,,2,99,,10909,22,,,2,102,,10917,22,,,2,99,,10903,22,,,2,102,,10904,22,,,2,99,,10906,22,,,2,98,,10907,22,,,2,99,,10908,22,,,2,101,,10902,22,,,2,99,,10901,22,,,2,101,,10905,22,,,2
7401,'SAM',728,,10926,22,,,2,99,,10928,22,,,2,102,,10927,22,,,2,98,,10930,22,,,2,100,,10932,22,,,2,100,,10934,22,,,2,102,,10929,22,,,2,98,,10933,22,,,2,101,,10931,22,,,2,100,,10918,22,,,2,101,,10921,22,,,2,101,,10923,22,,,2,98,,10922,22,,,2,98,,10924,22,,,2,101,,10919,22,,,2,99,,10925,22,,,2,101,,10920,22,,,2
7401,'SEM',631,,10950,22,,,2,95,,10935,22,,,2,101,,10949,22,,,2,103,,10939,22,,,2,101,,10940,22,,,2,101,,10953,22,,,2,99,,10938,22,,,2,101,,10952,22,,,2,100,,10951,22,,,2,93,,10937,22,,,2,94,,10941,22,,,2,101,,10936,22,,,2,30,,10943,22,,,2,84,,10948,22,,,2,99,,10942,22,,,2,101,,10945,22,,,2,100,,10946,22,,,2,99,,10944,22,,,2,100,,12005,22,,,2,95,,10947,22,,,2
