1601,'SEM',1622,,6945,17,,,1,32,,6943,17,,,1,74,,6946,17,,,1,24,,6944,17,,,1,72,,6947,17,,,1
3903,'DIM',922,,8236,8,,,1,30,,8241,8,,,1,71,,8242,8,,,1,30,,8239,8,,,1,74,,8240,8,,,1,26,,8243,8,,,1,69,,8233,8,,,1,31,,8237,8,,,1,70,,8234,8,,,1,30,,8220,8,,,1,70,,8223,8,,,1,31,,8226,8,,,1,70,,8238,8,,,1,31,,8227,8,,,1,71,,8228,8,,,1,25,,8229,8,,,1,58,,8235,8,,,1,10,,8230,8,,,1,24,,8224,8,,,1,65,,8231,8,,,1,99,,8221,8,,,1,100,,8232,8,,,1,99,,8222,8,,,1,104,,8225,8,,,1
3903,'SAM',922,,8263,8,,,1,30,,8267,8,,,1,71,,8244,8,,,1,30,,8258,8,,,1,74,,8261,8,,,1,26,,8260,8,,,1,70,,8245,8,,,1,30,,8259,8,,,1,70,,8262,8,,,1,30,,8246,8,,,1,70,,8265,8,,,1,31,,8249,8,,,1,70,,8250,8,,,1,31,,8252,8,,,1,71,,8266,8,,,1,25,,8253,8,,,1,58,,8264,8,,,1,11,,8251,8,,,1,23,,8248,8,,,1,69,,8247,8,,,1,97,,8255,8,,,1,98,,8254,8,,,1,99,,8257,8,,,1,104,,8256,8,,,1
3903,'SEM',713,,8291,8,,,1,99,,8273,8,,,1,104,,8271,8,,,1,33,,8275,8,,,1,69,,8292,8,,,1,31,,8293,8,,,1,68,,8286,8,,,1,31,,8290,8,,,1,67,,8294,8,,,1,38,,8270,8,,,1,73,,8277,8,,,1,27,,8279,8,,,1,71,,8280,8,,,1,34,,8269,8,,,1,77,,8287,8,,,1,23,,8281,8,,,1,68,,8272,8,,,1,25,,8274,8,,,1,75,,8282,8,,,1,80,,8283,8,,,1,40,,8276,8,,,1,99,,8278,8,,,1,96,,8284,8,,,1,103,,8288,8,,,1,99,,8285,8,,,1,88,,8289,8,,,1
4001,'DIM',833,,8370,27,,,1,102,,8379,27,,,1,102,,8381,27,,,1,100,,8382,27,,,1,99,,8380,27,,,1,101,,8383,27,,,1,100,,8378,27,,,1,100,,8377,27,,,1,100,,8367,27,,,1,103,,8373,27,,,1,97,,8376,27,,,1,98,,8374,27,,,1,99,,8369,27,,,1,99,,8368,27,,,1,99,,8371,27,,,1,100,,8372,27,,,1,93,,8375,27,,,1
4001,'SAM',730,,8390,27,,,1,103,,8392,27,,,1,102,,8399,27,,,1,102,,8396,27,,,1,96,,8397,27,,,1,104,,8395,27,,,1,100,,8400,27,,,1,100,,8398,27,,,1,99,,8391,27,,,1,101,,8401,27,,,1,103,,8384,27,,,1,97,,8393,27,,,1,98,,8385,27,,,1,99,,8387,27,,,1,99,,8394,27,,,1,99,,8386,27,,,1,100,,8388,27,,,1,93,,8389,27,,,1
4001,'SEM',503,,8407,27,,,1,25,,8429,27,,,1,75,,8412,27,,,1,33,,8431,27,,,1,71,,8405,27,,,1,25,,8435,27,,,1,21,,8438,27,,,1,63,,8436,27,,,1,18,,8422,27,,,1,69,,8411,27,,,1,23,,8404,27,,,1,76,,8406,27,,,1,30,,8413,27,,,1,70,,8432,27,,,1,30,,8414,27,,,1,71,,8434,27,,,1,30,,8430,27,,,1,70,,8409,27,,,1,30,,8433,27,,,1,75,,8403,27,,,1,37,,8410,27,,,1,60,,8408,27,,,1,30,,8402,27,,,1,71,,8418,27,,,1,33,,8437,27,,,1,72,,8419,27,,,1,28,,8415,27,,,1,74,,8423,27,,,1,32,,8416,27,,,1,70,,8424,27,,,1,28,,8421,27,,,1,69,,8425,27,,,1,99,,8420,27,,,1,97,,8417,27,,,1,104,,8426,27,,,1,88,,8427,27,,,1,100,,8428,27,,,1
4201,'DIM',513,,8511,12,,,2,102,,8535,12,,,2,30,,8552,12,,,2,70,,1716,12,,,2,31,,8536,12,,,2,71,,8541,12,,,2,27,,8545,12,,,2,71,,8548,12,,,2,31,,8540,12,,,2,66,,8543,12,,,2,35,,8542,12,,,2,60,,8528,12,,,2,23,,8533,12,,,2,18,,8532,12,,,2,62,,8534,12,,,2,18,,8538,12,,,2,20,,8537,12,,,2,59,,8555,12,,,2,22,,8549,12,,,2,21,,8544,12,,,2,60,,1723,12,,,2,21,,8551,12,,,2,20,,8515,12,,,2,60,,8517,12,,,2,20,,8518,12,,,2,21,,8550,12,,,2,58,,8539,12,,,2,21,,8546,12,,,2,20,,8516,12,,,2,55,,8554,12,,,2,15,,8553,12,,,2,14,,8527,12,,,2,13,,8547,12,,,2,58,,8513,12,,,2,32,,8512,12,,,2,70,,8523,12,,,2,30,,8510,12,,,2,70,,8519,12,,,2,29,,8530,12,,,2,70,,8514,12,,,2,31,,8521,12,,,2,70,,8525,12,,,2,30,,8526,12,,,2,70,,8520,12,,,2,35,,8524,12,,,2,70,,8522,12,,,2,34,,8529,12,,,2,75,,8531,12,,,2
4201,'SAM',513,,8556,12,,,2,102,,8584,12,,,2,30,,8559,12,,,2,70,,8591,12,,,2,31,,8587,12,,,2,71,,8586,12,,,2,27,,8590,12,,,2,71,,8597,12,,,2,31,,8602,12,,,2,65,,8595,12,,,2,36,,8581,12,,,2,60,,8593,12,,,2,22,,8585,12,,,2,19,,8576,12,,,2,61,,8583,12,,,2,19,,8557,12,,,2,20,,8589,12,,,2,59,,8588,12,,,2,22,,8582,12,,,2,21,,8592,12,,,2,60,,8558,12,,,2,20,,8594,12,,,2,20,,8598,12,,,2,61,,8562,12,,,2,20,,8600,12,,,2,21,,8603,12,,,2,59,,8604,12,,,2,19,,8568,12,,,2,21,,8601,12,,,2,54,,8570,12,,,2,16,,8596,12,,,2,14,,8572,12,,,2,15,,8599,12,,,2,56,,8575,12,,,2,36,,8560,12,,,2,66,,8563,12,,,2,30,,8579,12,,,2,70,,8565,12,,,2,29,,8567,12,,,2,73,,8561,12,,,2,27,,8564,12,,,2,70,,8566,12,,,2,31,,8569,12,,,2,70,,8571,12,,,2,35,,8573,12,,,2,70,,8580,12,,,2,34,,8574,12,,,2,75,,8578,12,,,2,30,,8577,12,,,2
4201,'SEM',614,,8652,12,,,2,29,,8607,12,,,2,57,,8647,12,,,2,21,,8650,12,,,2,21,,8653,12,,,2,62,,8651,12,,,2,19,,8608,12,,,2,19,,8646,12,,,2,62,,8605,12,,,2,19,,8611,12,,,2,19,,8636,12,,,2,63,,8648,12,,,2,18,,8649,12,,,2,23,,8612,12,,,2,57,,8634,12,,,2,23,,8614,12,,,2,20,,8615,12,,,2,59,,8616,12,,,2,22,,8610,12,,,2,15,,8618,12,,,2,63,,8619,12,,,2,19,,8620,12,,,2,21,,8609,12,,,2,61,,8624,12,,,2,20,,8654,12,,,2,19,,8628,12,,,2,59,,8629,12,,,2,20,,8630,12,,,2,14,,8632,12,,,2,12,,8606,12,,,2,53,,8656,12,,,2,11,,8623,12,,,2,13,,8635,12,,,2,14,,8637,12,,,2,15,,8626,12,,,2,55,,8622,12,,,2,14,,8621,12,,,2,15,,8641,12,,,2,15,,8643,12,,,2,55,,8613,12,,,2,15,,8645,12,,,2,23,,8638,12,,,2,54,,8642,12,,,2,21,,8617,12,,,2,27,,8644,12,,,2,71,,8625,12,,,2,28,,8627,12,,,2,73,,8631,12,,,2,28,,8633,12,,,2,107,,8655,12,,,2,93,,8640,12,,,2,84,,8639,12,,,2
5001,'DIM',524,,9340,8,,,1,100,,9348,8,,,1,100,,9336,8,,,1,96,,9353,8,,,1,101,,9345,8,,,1,33,,9355,8,,,1,77,,9347,8,,,1,23,,9360,8,,,1,78,,9358,8,,,1,22,,9359,8,,,1,75,,9361,8,,,1,29,,9346,8,,,1,72,,9349,8,,,1,76,,9362,8,,,1,29,,9351,8,,,1,73,,9350,8,,,1,30,,9356,8,,,1,63,,9354,8,,,1,34,,9352,8,,,1,81,,9357,8,,,1,18,,9338,8,,,1,100,,9341,8,,,1,99,,9344,8,,,1,100,,9337,8,,,1,99,,9342,8,,,1,98,,9339,8,,,1,100,,9343,8,,,1
5001,'SAM',524,,9370,8,,,1,100,,9373,8,,,1,100,,9364,8,,,1,96,,9385,8,,,1,101,,9383,8,,,1,79,,9388,8,,,1,30,,9381,8,,,1,24,,9365,8,,,1,78,,9389,8,,,1,22,,9387,8,,,1,75,,9366,8,,,1,29,,9377,8,,,1,72,,9379,8,,,1,76,,9382,8,,,1,29,,9378,8,,,1,73,,9380,8,,,1,30,,9368,8,,,1,63,,9369,8,,,1,34,,9363,8,,,1,79,,9384,8,,,1,21,,9386,8,,,1,99,,9374,8,,,1,99,,9376,8,,,1,100,,9375,8,,,1,99,,9371,8,,,1,98,,9367,8,,,1,100,,9372,8,,,1
5001,'SEM',513,,9411,8,,,1,105,,9416,8,,,1,35,,9412,8,,,1,63,,9391,8,,,1,36,,9390,8,,,1,64,,9393,8,,,1,31,,9419,8,,,1,67,,9420,8,,,1,33,,9415,8,,,1,67,,9392,8,,,1,33,,9396,8,,,1,68,,9414,8,,,1,32,,9402,8,,,1,70,,9417,8,,,1,30,,9397,8,,,1,72,,9413,8,,,1,28,,9418,8,,,1,70,,9395,8,,,1,42,,9394,8,,,1,66,,9405,8,,,1,76,,9398,8,,,1,29,,9399,8,,,1,29,,9404,8,,,1,70,,9400,8,,,1,75,,9403,8,,,1,30,,9406,8,,,1,75,,9407,8,,,1,105,,9421,8,,,1,104,,9401,8,,,1,104,,9409,8,,,1,105,,9408,8,,,1,107,,9410,8,,,1
6001,'DIM',804,,9939,35,,,1,103,,9947,35,,,1,101,,9945,35,,,1,103,,9946,35,,,1,101,,9948,35,,,1,102,,9951,35,,,1,102,,9949,35,,,1,100,,9952,35,,,1,100,,9950,35,,,1,102,,9953,35,,,1,93,,9954,35,,,1,99,,9941,35,,,1,98,,9943,35,,,1,98,,9942,35,,,1,99,,9944,35,,,1,99,,9938,35,,,1,100,,9940,35,,,1
6001,'SAM',702,,9961,35,,,1,102,,9966,35,,,1,103,,9957,35,,,1,101,,9969,35,,,1,102,,9971,35,,,1,102,,9967,35,,,1,102,,9970,35,,,1,102,,9968,35,,,1,100,,9956,35,,,1,100,,9972,35,,,1,102,,9955,35,,,1,93,,9959,35,,,1,100,,9964,35,,,1,97,,9960,35,,,1,98,,9962,35,,,1,99,,9965,35,,,1,99,,9958,35,,,1,100,,9963,35,,,1
6001,'SEM',546,,9987,35,,,1,101,,9973,35,,,1,86,,9991,35,,,1,77,,9985,35,,,1,36,,9989,35,,,1,101,,9975,35,,,1,100,,9992,35,,,1,101,,9990,35,,,1,104,,9976,35,,,1,100,,9974,35,,,1,101,,9986,35,,,1,102,,9988,35,,,1,99,,9977,35,,,1,102,,9981,35,,,1,98,,9979,35,,,1,90,,9984,35,,,1,98,,9982,35,,,1,99,,9978,35,,,1,99,,9980,35,,,1,94,,9983,35,,,1
6104,'DIM',656,,10121,57,,,2,100,,10122,57,,,2,103,,10119,57,,,2,143,,10123,57,,,2,101,,10125,57,,,2,102,,10124,57,,,2,102,,10120,57,,,2,102,,10118,57,,,2,102,,10108,57,,,2,103,,10111,57,,,2,94,,10113,57,,,2,102,,10115,57,,,2,96,,10117,57,,,2,97,,10116,57,,,2,98,,10112,57,,,2,58,,10109,57,,,2,99,,10110,57,,,2,99,,10114,57,,,2
6104,'SAM',656,,10134,57,,,2,100,,10133,57,,,2,103,,10136,57,,,2,144,,10138,57,,,2,100,,10141,57,,,2,102,,10135,57,,,2,99,,10139,57,,,2,105,,10142,57,,,2,102,,10140,57,,,2,103,,10143,57,,,2,94,,10137,57,,,2,101,,10129,57,,,2,100,,10126,57,,,2,94,,10130,57,,,2,98,,10128,57,,,2,58,,10131,57,,,2,99,,10127,57,,,2,99,,10132,57,,,2
6104,'SEM',523,,10147,57,,,2,100,,10156,57,,,2,35,,10144,57,,,2,62,,10159,57,,,2,36,,10154,57,,,2,69,,10163,57,,,2,102,,10145,57,,,2,100,,10146,57,,,2,102,,10161,57,,,2,104,,10155,57,,,2,100,,10158,57,,,2,102,,10157,57,,,2,100,,10160,57,,,2,111,,10162,57,,,2,66,,10150,57,,,2,97,,10152,57,,,2,96,,10151,57,,,2,100,,10148,57,,,2,98,,10153,57,,,2,39,,10149,57,,,2,90,,10165,57,,,2,101,,10164,57,,,2
6304,'DIM',750,,10251,49,,,1,102,,10247,49,,,1,101,,10249,49,,,1,102,,10243,49,,,1,99,,10248,49,,,1,104,,10253,49,,,1,96,,10250,49,,,1,102,,10254,49,,,1,103,,10252,49,,,1,100,,10255,49,,,1,99,,10256,49,,,1,99,,10244,49,,,1,99,,10240,49,,,1,98,,10241,49,,,1,99,,10245,49,,,1,98,,10242,49,,,1,99,,10246,49,,,1
6304,'SAM',650,,10270,49,,,1,100,,10268,49,,,1,102,,10273,49,,,1,101,,10269,49,,,1,102,,10267,49,,,1,99,,10272,49,,,1,104,,10271,49,,,1,96,,10275,49,,,1,102,,10274,49,,,1,103,,10257,49,,,1,142,,10258,49,,,1,57,,10259,49,,,1,99,,10261,49,,,1,99,,10260,49,,,1,98,,10265,49,,,1,99,,10262,49,,,1,98,,10263,49,,,1,99,,10266,49,,,1,98,,10264,49,,,1
6304,'SEM',505,,10303,49,,,1,111,,10299,49,,,1,30,,10308,49,,,1,71,,10291,49,,,1,16,,10302,49,,,1,67,,10305,49,,,1,26,,10307,49,,,1,19,,10306,49,,,1,70,,10280,49,,,1,30,,10281,49,,,1,71,,10282,49,,,1,30,,10276,49,,,1,65,,10279,49,,,1,31,,10304,49,,,1,72,,10294,49,,,1,30,,10287,49,,,1,66,,10300,49,,,1,38,,10277,49,,,1,67,,10278,49,,,1,32,,10288,49,,,1,71,,10301,49,,,1,39,,10309,49,,,1,70,,10284,49,,,1,24,,10283,49,,,1,74,,10289,49,,,1,16,,10286,49,,,1,68,,10295,49,,,1,29,,10290,49,,,1,77,,10293,49,,,1,96,,10285,49,,,1,40,,10296,49,,,1,91,,10298,49,,,1,93,,10292,49,,,1,99,,10297,49,,,1
6504,'DIM',724,,10395,65,,,2,102,,10393,65,,,2,101,,10396,65,,,2,102,,10398,65,,,2,102,,10400,65,,,2,102,,10397,65,,,2,99,,10394,65,,,2,102,,10402,65,,,2,106,,10399,65,,,2,95,,10401,65,,,2,97,,10388,65,,,2,101,,10390,65,,,2,97,,10389,65,,,2,98,,10391,65,,,2,100,,10392,65,,,2,96,,10386,65,,,2,100,,10387,65,,,2
6504,'SAM',724,,10413,65,,,2,102,,10412,65,,,2,101,,10416,65,,,2,102,,10415,65,,,2,102,,10417,65,,,2,101,,10419,65,,,2,99,,10420,65,,,2,103,,10418,65,,,2,105,,10414,65,,,2,96,,10403,65,,,2,97,,10405,65,,,2,101,,10408,65,,,2,99,,10409,65,,,2,96,,10411,65,,,2,100,,10410,65,,,2,96,,10407,65,,,2,100,,10404,65,,,2,99,,10406,65,,,2
6504,'SEM',542,,10442,65,,,2,86,,10452,65,,,2,26,,10423,65,,,2,60,,10432,65,,,2,16,,10439,65,,,2,12,,10450,65,,,2,10,,10422,65,,,2,50,,10451,65,,,2,10,,10447,65,,,2,23,,10424,65,,,2,70,,10426,65,,,2,32,,10441,65,,,2,70,,10455,65,,,2,33,,10427,65,,,2,71,,10428,65,,,2,27,,10444,65,,,2,75,,10429,65,,,2,27,,10454,65,,,2,80,,10448,65,,,2,20,,10449,65,,,2,70,,10453,65,,,2,30,,10431,65,,,2,70,,10434,65,,,2,38,,10425,65,,,2,67,,10438,65,,,2,40,,10440,65,,,2,73,,10421,65,,,2,20,,10433,65,,,2,64,,10430,65,,,2,36,,10443,65,,,2,71,,10445,65,,,2,86,,10436,65,,,2,99,,10435,65,,,2,98,,10437,65,,,2,99,,10457,65,,,2,99,,10456,65,,,2,58,,10446,65,,,2
7002,'DIM',618,,10680,65,,,1,40,,10679,65,,,1,90,,10662,88,,,1,103,,10669,88,,,1,101,,3943,88,,,1,102,,10665,88,,,1,68,,10666,88,,,1,34,,10668,88,,,1,69,,10658,88,,,1,25,,10667,88,,,1,75,,10664,88,,,1,25,,10673,88,,,1,79,,10671,88,,,1,28,,10674,88,,,1,76,,10656,88,,,1,25,,10670,88,,,1,71,,10676,88,,,1,23,,10672,88,,,1,78,,10675,88,,,1,27,,10660,88,,,1,75,,10678,88,,,1,73,,3946,88,,,1,97,,10677,88,,,1,54,,10655,88,,,1,95,,10657,88,,,1,97,,10661,88,,,1,99,,10659,88,,,1,103,,10663,88,,,1
7002,'SAM',618,,10707,65,,,1,40,,10708,65,,,1,89,,10705,88,,,1,104,,10685,88,,,1,101,,10693,88,,,1,102,,10692,88,,,1,65,,10701,88,,,1,37,,10706,88,,,1,69,,10703,88,,,1,24,,10697,88,,,1,75,,10696,88,,,1,26,,10695,88,,,1,79,,10698,88,,,1,76,,10694,88,,,1,27,,10704,88,,,1,25,,10702,88,,,1,68,,10700,88,,,1,26,,10699,88,,,1,79,,10688,88,,,1,28,,10684,88,,,1,75,,10686,88,,,1,73,,10681,88,,,1,96,,10690,88,,,1,54,,10682,88,,,1,96,,10683,88,,,1,96,,10689,88,,,1,99,,10687,88,,,1,103,,10691,88,,,1
7002,'SEM',626,,10714,88,,,1,99,,10734,88,,,1,26,,10735,88,,,1,73,,10713,88,,,1,77,,10716,88,,,1,27,,10718,88,,,1,29,,10733,88,,,1,70,,10711,88,,,1,30,,10740,88,,,1,71,,10719,88,,,1,28,,10741,88,,,1,73,,10736,88,,,1,26,,10738,88,,,1,74,,10737,88,,,1,30,,10712,88,,,1,70,,10739,88,,,1,25,,10732,88,,,1,77,,10717,88,,,1,73,,10720,88,,,1,31,,10715,88,,,1,70,,10709,88,,,1,33,,10710,88,,,1,65,,10723,88,,,1,31,,10724,88,,,1,24,,10728,88,,,1,70,,10727,88,,,1,90,,10725,88,,,1,41,,10729,88,,,1,92,,10721,88,,,1,151,,10726,88,,,1,106,,10722,88,,,1,96,,10731,88,,,1,105,,10730,88,,,1
7601,'DIM',510,,11036,40,,,2,100,,11009,85,,,2,25,,11023,85,,,2,104,,11024,85,,,2,101,,11016,85,,,2,101,,11028,85,,,2,68,,11033,85,,,2,30,,11030,85,,,2,71,,11026,85,,,2,30,,11027,85,,,2,70,,11007,85,,,2,31,,11031,85,,,2,71,,11029,85,,,2,29,,11014,85,,,2,73,,11034,85,,,2,31,,11035,85,,,2,69,,11006,85,,,2,33,,11017,85,,,2,67,,11025,85,,,2,30,,11010,85,,,2,70,,11012,85,,,2,29,,11008,85,,,2,69,,11015,85,,,2,29,,11032,85,,,2,105,,11020,85,,,2,97,,11021,85,,,2,97,,11013,85,,,2,98,,11022,85,,,2,100,,11011,85,,,2,100,,11018,85,,,2,99,,11019,85,,,2
7601,'SAM',510,,11067,40,,,2,100,,11041,85,,,2,25,,11050,85,,,2,104,,11053,85,,,2,101,,11052,85,,,2,101,,11056,85,,,2,68,,11060,85,,,2,30,,11057,85,,,2,71,,11063,85,,,2,30,,11051,85,,,2,70,,11059,85,,,2,32,,11058,85,,,2,70,,11065,85,,,2,29,,11038,85,,,2,73,,11054,85,,,2,31,,11037,85,,,2,69,,11055,85,,,2,33,,11062,85,,,2,67,,11066,85,,,2,30,,11039,85,,,2,70,,11061,85,,,2,29,,11043,85,,,2,69,,11064,85,,,2,31,,11040,85,,,2,103,,11046,85,,,2,97,,11048,85,,,2,97,,11044,85,,,2,98,,11042,85,,,2,100,,11047,85,,,2,100,,11045,85,,,2,99,,11049,85,,,2
7601,'SEM',529,,11068,85,,,2,92,,11089,85,,,2,27,,11096,85,,,2,65,,11104,85,,,2,24,,11074,85,,,2,12,,11099,85,,,2,55,,11076,85,,,2,17,,11097,85,,,2,24,,11101,85,,,2,60,,11071,85,,,2,25,,11075,85,,,2,22,,11069,85,,,2,70,,11098,85,,,2,30,,11072,85,,,2,69,,11094,85,,,2,31,,11070,85,,,2,70,,11100,85,,,2,31,,11079,85,,,2,70,,11095,85,,,2,32,,11078,85,,,2,72,,11081,85,,,2,31,,11103,85,,,2,73,,11082,85,,,2,70,,11073,85,,,2,38,,11102,85,,,2,66,,11077,85,,,2,25,,11080,85,,,2,24,,11086,85,,,2,67,,11090,85,,,2,29,,11092,85,,,2,72,,11088,85,,,2,23,,11084,85,,,2,69,,11093,85,,,2,100,,11091,85,,,2,100,,11083,85,,,2,99,,11085,85,,,2,103,,11087,85,,,2
