4504,'DIM',633,,9016,48,,,1,100,,9009,48,,,1,100,,9017,48,,,1,101,,9019,48,,,1,99,,9023,48,,,1,97,,9024,48,,,1,103,,9020,48,,,1,98,,9015,48,,,1,108,,9013,48,,,1,98,,9007,48,,,1,100,,9022,48,,,1,96,,9018,48,,,1,100,,9021,48,,,1,102,,9008,48,,,1,101,,9014,48,,,1,101,,9010,48,,,1,100,,9011,48,,,1,99,,9012,48,,,1
4504,'SAM',633,,2249,48,,,1,100,,9038,48,,,1,100,,9035,48,,,1,101,,9039,48,,,1,99,,9037,48,,,1,101,,9026,48,,,1,98,,9036,48,,,1,102,,9025,48,,,1,104,,9031,48,,,1,101,,9040,48,,,1,98,,9028,48,,,1,96,,9041,48,,,1,100,,9029,48,,,1,102,,9033,48,,,1,101,,9027,48,,,1,101,,9032,48,,,1,100,,9030,48,,,1,99,,9034,48,,,1
4504,'SEM',551,,9061,48,,,1,55,,9062,48,,,1,43,,9067,48,,,1,84,,9047,48,,,1,19,,9045,48,,,1,58,,9043,48,,,1,17,,9060,48,,,1,90,,9046,48,,,1,106,,9064,48,,,1,112,,9059,48,,,1,96,,9049,48,,,1,94,,9048,48,,,1,100,,9065,48,,,1,83,,9044,48,,,1,25,,9042,48,,,1,72,,9063,48,,,1,30,,9066,48,,,1,78,,9051,48,,,1,34,,9054,48,,,1,81,,9055,48,,,1,102,,9053,48,,,1,104,,9052,48,,,1,102,,9056,48,,,1,90,,9058,48,,,1,100,,9050,48,,,1,95,,9057,48,,,1
5002,'DIM',621,,9440,39,,,1,100,,2653,39,,,1,102,,9423,39,,,1,96,,9438,39,,,1,107,,9431,39,,,1,25,,9441,39,,,1,77,,9433,39,,,1,24,,9445,39,,,1,79,,9443,39,,,1,22,,9444,39,,,1,75,,9446,39,,,1,29,,9432,39,,,1,73,,9434,39,,,1,76,,9447,39,,,1,29,,9436,39,,,1,74,,9435,39,,,1,30,,9442,39,,,1,66,,9439,39,,,1,31,,9437,39,,,1,99,,9425,39,,,1,99,,9427,39,,,1,99,,9430,39,,,1,99,,9424,39,,,1,97,,9428,39,,,1,98,,9426,39,,,1,99,,9429,39,,,1
5002,'SAM',621,,9455,39,,,1,100,,9458,39,,,1,102,,9449,39,,,1,99,,9470,39,,,1,104,,9469,39,,,1,25,,9468,39,,,1,76,,9466,39,,,1,25,,9450,39,,,1,79,,9473,39,,,1,22,,9472,39,,,1,75,,9451,39,,,1,29,,9462,39,,,1,73,,9464,39,,,1,76,,9467,39,,,1,29,,9463,39,,,1,74,,9465,39,,,1,30,,9453,39,,,1,66,,9454,39,,,1,31,,9448,39,,,1,99,,9471,39,,,1,99,,9459,39,,,1,99,,9461,39,,,1,99,,9460,39,,,1,97,,9456,39,,,1,98,,9452,39,,,1,99,,9457,39,,,1
5002,'SEM',510,,9480,39,,,1,36,,9502,39,,,1,71,,9498,39,,,1,30,,9474,39,,,1,76,,9506,39,,,1,32,,9499,39,,,1,63,,9475,39,,,1,35,,9492,39,,,1,66,,9478,39,,,1,31,,9504,39,,,1,66,,9505,39,,,1,33,,9501,39,,,1,68,,9477,39,,,1,33,,9481,39,,,1,68,,9500,39,,,1,32,,9489,39,,,1,72,,9503,39,,,1,30,,9482,39,,,1,70,,9485,39,,,1,82,,9476,39,,,1,26,,9486,39,,,1,78,,9479,39,,,1,33,,9493,39,,,1,70,,9483,39,,,1,28,,9484,39,,,1,69,,9491,39,,,1,29,,9487,39,,,1,70,,9490,39,,,1,105,,9494,39,,,1,104,,11986,39,,,1,101,,9488,39,,,1,110,,9496,39,,,1,103,,9495,39,,,1,97,,9497,39,,,1
6002,'DIM',703,,9994,21,,,1,100,,10003,21,,,1,100,,10001,21,,,1,100,,10002,21,,,1,100,,10004,21,,,1,100,,10007,21,,,1,101,,10005,21,,,1,100,,10008,21,,,1,100,,10006,21,,,1,99,,10009,21,,,1,99,,10010,21,,,1,100,,9996,21,,,1,100,,9998,21,,,1,101,,9997,21,,,1,101,,9999,21,,,1,100,,9993,21,,,1,100,,9995,21,,,1,99,,10000,21,,,1
6002,'SAM',703,,10022,21,,,1,100,,10013,21,,,1,100,,10025,21,,,1,100,,10027,21,,,1,100,,10023,21,,,1,100,,10026,21,,,1,101,,10024,21,,,1,100,,10012,21,,,1,100,,10028,21,,,1,99,,10011,21,,,1,99,,10015,21,,,1,102,,10020,21,,,1,98,,10016,21,,,1,101,,10017,21,,,1,101,,10021,21,,,1,100,,10014,21,,,1,100,,10018,21,,,1,99,,10019,21,,,1
6002,'SEM',634,,10045,21,,,1,101,,10043,21,,,1,101,,10030,21,,,1,99,,10046,21,,,1,100,,10044,21,,,1,102,,10035,21,,,1,100,,10029,21,,,1,99,,10031,21,,,1,101,,10042,21,,,1,99,,10032,21,,,1,101,,10037,21,,,1,106,,10034,21,,,1,93,,10040,21,,,1,99,,10038,21,,,1,99,,10033,21,,,1,100,,10036,21,,,1,99,,10039,21,,,1,90,,10041,21,,,1,100,,11993,21,,,1
34504,'SEM',2516,,11789,18,,,1,118,,11788,18,,,1
