15104,'DIM',634,,4806,54,4,,2,111,,4823,54,4,,2,62,,4827,54,4,,2,25,,4807,54,4,,2,72,,4825,54,4,,2,37,,4832,54,4,,2,72,,4834,54,4,,2,30,,4829,54,4,,2,72,,4828,54,4,,2,34,,4821,54,4,,2,73,,4837,54,4,,2,31,,4822,54,4,,2,72,,4835,54,4,,2,77,,4833,54,4,,2,31,,4826,54,4,,2,71,,4830,54,4,,2,32,,4824,54,4,,2,66,,4831,54,4,,2,42,,4808,54,4,,2,79,,4810,54,4,,2,25,,4809,54,4,,2,72,,4816,54,4,,2,18,,4836,54,4,,2,69,,4838,54,4,,2,31,,4819,54,4,,2,70,,4811,54,4,,2,27,,4817,54,4,,2,69,,4814,54,4,,2,31,,4820,54,4,,2,79,,4813,54,4,,2,95,,4812,54,4,,2,99,,4815,54,4,,2,33,,4818,54,4,,2
15104,'SAM',635,,4854,54,4,,2,110,,4856,54,4,,2,62,,4858,54,4,,2,25,,4855,54,4,,2,73,,4857,54,4,,2,36,,4862,54,4,,2,72,,4864,54,4,,2,30,,4865,54,4,,2,72,,4866,54,4,,2,34,,4867,54,4,,2,73,,4868,54,4,,2,31,,4839,54,4,,2,72,,4860,54,4,,2,77,,4859,54,4,,2,31,,4861,54,4,,2,71,,4853,54,4,,2,32,,4863,54,4,,2,65,,4840,54,4,,2,43,,4871,54,4,,2,79,,4869,54,4,,2,25,,4870,54,4,,2,72,,4849,54,4,,2,18,,4844,54,4,,2,69,,4845,54,4,,2,31,,4851,54,4,,2,70,,4841,54,4,,2,27,,4850,54,4,,2,69,,4846,54,4,,2,31,,4852,54,4,,2,79,,4843,54,4,,2,95,,4842,54,4,,2,99,,4847,54,4,,2,33,,4848,54,4,,2
15104,'SEM',507,,4907,54,4,,2,32,,4885,54,4,,2,11,,4902,54,4,,2,77,,4920,54,4,,2,15,,4924,54,4,,2,17,,4930,54,4,,2,52,,4873,54,4,,2,11,,4878,54,4,,2,9,,4880,54,4,,2,9,,4886,54,4,,2,11,,4888,54,4,,2,52,,4927,54,4,,2,12,,4917,54,4,,2,16,,4922,54,4,,2,15,,4921,54,4,,2,10,,4925,54,4,,2,60,,4874,54,4,,2,18,,4887,54,4,,2,24,,4884,54,4,,2,60,,4923,54,4,,2,23,,4891,54,4,,2,17,,4882,54,4,,2,65,,4931,54,4,,2,21,,4901,54,4,,2,63,,4918,54,4,,2,20,,4919,54,4,,2,20,,4916,54,4,,2,60,,4928,54,4,,2,26,,4926,54,4,,2,24,,4929,54,4,,2,61,,4872,54,4,,2,22,,4875,54,4,,2,18,,4892,54,4,,2,66,,4879,54,4,,2,23,,4889,54,4,,2,62,,4876,54,4,,2,22,,4883,54,4,,2,19,,4877,54,4,,2,60,,4881,54,4,,2,22,,4897,54,4,,2,15,,4896,54,4,,2,59,,4893,54,4,,2,17,,4909,54,4,,2,13,,4890,54,4,,2,13,,4899,54,4,,2,53,,4906,54,4,,2,21,,4903,54,4,,2,20,,4898,54,4,,2,59,,4912,54,4,,2,28,,4910,54,4,,2,28,,4894,54,4,,2,72,,4895,54,4,,2,28,,4915,54,4,,2,70,,4900,54,4,,2,29,,4904,54,4,,2,70,,4905,54,4,,2,25,,4908,54,4,,2,58,,4911,54,4,,2,38,,4914,54,4,,2,80,,4913,54,4,,2
25104,'SEM',716,,5046,38,4,,1,10,,5044,38,4,,1,9,,5048,38,4,,1,10,,5045,38,4,,1,12,,5049,38,4,,1,52,,5041,38,4,,1,14,,5047,38,4,,1,15,,5042,38,4,,1,67,,5043,38,4,,1
25503,'DIM',805,,5070,1,,,2,100,,5072,1,,,2,100,,5073,1,,,2,100,,5071,1,,,2,100,,5057,1,,,2,100,,5059,1,,,2,100,,5058,1,,,2,100,,5060,1,,,2,100,,5065,1,,,2,101,,5069,1,,,2,99,,5066,1,,,2,100,,5061,1,,,2,100,,5063,1,,,2,100,,5062,1,,,2,100,,5064,1,,,2,96,,5067,1,,,2,100,,5068,1,,,2
25503,'SAM',805,,5087,1,,,2,99,,5088,1,,,2,101,,5086,1,,,2,100,,5074,1,,,2,100,,5084,1,,,2,100,,5089,1,,,2,100,,5085,1,,,2,100,,5090,1,,,2,100,,5076,1,,,2,101,,5077,1,,,2,99,,5081,1,,,2,100,,5080,1,,,2,100,,5082,1,,,2,100,,5078,1,,,2,100,,5075,1,,,2,100,,5079,1,,,2,100,,5083,1,,,2
25503,'SEM',2132,,5093,1,,,2,98,,5092,1,,,2,120,,5091,1,,,2
25504,'DIM',651,,5105,70,4,,2,102,,5106,70,4,,2,103,,5108,70,4,,2,101,,5107,70,4,,2,101,,5110,70,4,,2,100,,5111,70,4,,2,100,,5109,70,4,,2,100,,5094,70,4,,2,101,,5096,70,4,,2,141,,5095,70,4,,2,101,,5097,70,4,,2,57,,5102,70,4,,2,100,,5104,70,4,,2,98,,5103,70,4,,2,96,,5098,70,4,,2,99,,5100,70,4,,2,98,,5099,70,4,,2,99,,5101,70,4,,2
25504,'SAM',651,,5121,70,4,,2,102,,5124,70,4,,2,103,,5126,70,4,,2,101,,5125,70,4,,2,101,,5127,70,4,,2,100,,5123,70,4,,2,100,,5112,70,4,,2,100,,5120,70,4,,2,101,,5128,70,4,,2,141,,5122,70,4,,2,101,,5129,70,4,,2,57,,5114,70,4,,2,100,,5115,70,4,,2,98,,5118,70,4,,2,96,,5117,70,4,,2,99,,5119,70,4,,2,98,,5116,70,4,,2,99,,5113,70,4,,2
25504,'SEM',522,,5135,70,4,,2,33,,5131,70,4,,2,1571,,5134,70,4,,2,97,,5130,70,4,,2,97,,5132,70,4,,2,94,,5133,70,4,,2
