2402,'DIM',724,,531,37,,,1,107,,537,37,,,1,99,,534,37,,,1,99,,528,37,,,1,74,,532,37,,,1,25,,518,37,,,1,75,,543,37,,,1,30,,536,37,,,1,71,,533,37,,,1,24,,538,37,,,1,76,,541,37,,,1,25,,535,37,,,1,75,,544,37,,,1,25,,542,37,,,1,76,,540,37,,,1,30,,519,37,,,1,69,,539,37,,,1,29,,523,37,,,1,69,,521,37,,,1,32,,529,37,,,1,100,,525,37,,,1,99,,520,37,,,1,98,,524,37,,,1,99,,522,37,,,1,94,,527,37,,,1,101,,530,37,,,1,98,,526,37,,,1
2402,'SAM',628,,567,37,,,1,97,,558,37,,,1,106,,562,37,,,1,99,,556,37,,,1,100,,566,37,,,1,73,,5348,37,,,1,25,,569,37,,,1,75,,550,37,,,1,30,,563,37,,,1,71,,557,37,,,1,25,,559,37,,,1,75,,564,37,,,1,29,,568,37,,,1,71,,560,37,,,1,24,,570,37,,,1,77,,561,37,,,1,30,,572,37,,,1,69,,545,37,,,1,29,,549,37,,,1,69,,571,37,,,1,32,,552,37,,,1,100,,546,37,,,1,99,,555,37,,,1,98,,547,37,,,1,99,,553,37,,,1,94,,548,37,,,1,101,,554,37,,,1,101,,551,37,,,1
2402,'SEM',553,,573,37,,,1,83,,608,37,,,1,80,,602,37,,,1,21,,578,37,,,1,66,,605,37,,,1,27,,577,37,,,1,71,,579,37,,,1,29,,606,37,,,1,29,,582,37,,,1,70,,588,37,,,1,30,,5565,37,,,1,70,,576,37,,,1,30,,603,37,,,1,70,,604,37,,,1,30,,575,37,,,1,71,,609,37,,,1,70,,580,37,,,1,30,,586,37,,,1,71,,610,37,,,1,23,,581,37,,,1,22,,591,37,,,1,60,,5349,37,,,1,22,,584,37,,,1,24,,587,37,,,1,58,,583,37,,,1,18,,590,37,,,1,24,,594,37,,,1,55,,597,37,,,1,18,,585,37,,,1,18,,592,37,,,1,61,,600,37,,,1,49,,589,37,,,1,98,,598,37,,,1,100,,593,37,,,1,99,,595,37,,,1,103,,599,37,,,1,99,,596,37,,,1,95,,601,37,,,1
6602,'DIM',716,,3748,33,,,1,108,,3752,33,,,1,103,,3754,33,,,1,101,,3753,33,,,1,99,,3755,33,,,1,95,,3751,33,,,1,107,,3761,33,,,1,171,,3758,33,,,1,55,,3757,33,,,1,74,,3756,33,,,1,71,,3745,33,,,1,31,,3760,33,,,1,25,,3759,33,,,1,72,,3746,33,,,1,99,,3744,33,,,1,100,,3749,33,,,1,99,,3747,33,,,1,92,,3750,33,,,1
6602,'SAM',716,,3771,33,,,1,108,,3774,33,,,1,103,,3778,33,,,1,101,,3775,33,,,1,99,,3776,33,,,1,101,,3762,33,,,1,101,,3773,33,,,1,171,,3777,33,,,1,100,,3765,33,,,1,30,,3763,33,,,1,28,,3779,33,,,1,73,,3768,33,,,1,25,,3764,33,,,1,72,,3769,33,,,1,99,,3772,33,,,1,100,,3770,33,,,1,99,,3767,33,,,1,92,,3766,33,,,1
6602,'SEM',700,,5381,33,,,1,101,,3780,33,,,1,106,,3781,33,,,1,105,,3786,33,,,1,99,,3782,33,,,1,102,,5477,33,,,1,100,,3785,33,,,1,100,,3795,33,,,1,32,,5623,33,,,1,90,,3784,33,,,1,104,,3788,33,,,1,99,,3794,33,,,1,95,,3789,33,,,1,102,,3792,33,,,1,101,,3793,33,,,1,96,,3791,33,,,1,71,,3790,33,,,1
14402,'DIM',750,,4553,21,,,2,100,,4546,21,,,2,101,,4556,21,,,2,101,,4555,21,,,2,72,,4552,21,,,2,30,,4554,21,,,2,73,,4557,21,,,2,73,,4567,21,,,2,30,,4560,21,,,2,74,,4559,21,,,2,33,,4565,21,,,2,68,,4561,21,,,2,35,,4563,21,,,2,73,,4566,21,,,2,28,,4564,21,,,2,74,,4544,21,,,2,34,,4562,21,,,2,67,,4558,21,,,2,34,,4549,21,,,2,99,,4550,21,,,2,81,,4543,21,,,2,97,,4548,21,,,2,98,,4551,21,,,2,96,,4542,21,,,2,101,,4545,21,,,2,95,,4547,21,,,2
14402,'SAM',750,,4582,21,,,2,100,,4571,21,,,2,101,,4587,21,,,2,101,,4588,21,,,2,72,,4583,21,,,2,30,,4589,21,,,2,73,,4593,21,,,2,73,,4585,21,,,2,30,,4584,21,,,2,74,,4568,21,,,2,33,,4586,21,,,2,68,,4590,21,,,2,35,,4591,21,,,2,73,,4573,21,,,2,28,,4592,21,,,2,74,,4569,21,,,2,34,,4572,21,,,2,67,,4594,21,,,2,34,,4579,21,,,2,99,,4570,21,,,2,81,,4575,21,,,2,97,,4574,21,,,2,98,,4576,21,,,2,96,,4581,21,,,2,101,,4577,21,,,2,99,,4578,21,,,2,100,,4580,21,,,2
14402,'SEM',550,,4619,21,,,2,91,,4627,21,,,2,110,,4630,21,,,2,94,,4602,21,,,2,90,,4596,21,,,2,70,,4605,21,,,2,34,,4610,21,,,2,70,,4609,21,,,2,30,,4611,21,,,2,75,,5633,21,,,2,30,,4625,21,,,2,71,,4599,21,,,2,35,,4598,21,,,2,73,,4626,21,,,2,29,,4629,21,,,2,80,,5397,21,,,2,20,,4597,21,,,2,58,,4604,21,,,2,12,,4607,21,,,2,23,,4614,21,,,2,14,,4608,21,,,2,49,,4628,21,,,2,14,,5396,21,,,2,15,,4601,21,,,2,11,,4600,21,,,2,56,,4603,21,,,2,16,,4606,21,,,2,20,,4616,21,,,2,16,,4612,21,,,2,62,,4620,21,,,2,94,,4617,21,,,2,92,,4621,21,,,2,99,,4613,21,,,2,100,,4615,21,,,2,97,,4618,21,,,2,100,,4623,21,,,2,110,,4622,21,,,2
24402,'SEM',1616,,5401,19,,,2,18,,5638,19,,,2,19,,4975,19,,,2
