2202,'DIM',727,,7249,35,,,2,100,,7248,35,,,2,100,,7247,35,,,2,100,,6315,35,,,2,101,,7250,35,,,2,100,,7252,35,,,2,96,,7251,35,,,2,106,,7246,35,,,2,98,,7240,35,,,2,114,,7253,35,,,2,88,,7242,35,,,2,100,,7243,35,,,2,98,,7245,35,,,2,101,,7244,35,,,2,100,,7239,35,,,2,100,,7241,35,,,2
2202,'SAM',629,,7270,19,,,2,98,,7264,35,,,2,100,,7261,35,,,2,100,,7260,35,,,2,98,,7266,35,,,2,103,,7265,35,,,2,100,,7263,35,,,2,96,,7269,35,,,2,104,,7262,35,,,2,100,,7268,35,,,2,112,,7267,35,,,2,90,,7255,35,,,2,100,,7257,35,,,2,98,,7254,35,,,2,101,,7256,35,,,2,100,,7259,35,,,2,100,,7258,35,,,2
2202,'SEM',604,,6230,35,,,2,18,,7282,35,,,2,105,,7289,35,,,2,31,,7279,35,,,2,70,,7271,35,,,2,98,,7273,35,,,2,31,,7272,35,,,2,69,,7290,35,,,2,101,,7277,35,,,2,100,,7288,35,,,2,100,,7291,35,,,2,102,,7276,35,,,2,100,,7278,35,,,2,102,,7274,35,,,2,24,,7275,35,,,2,75,,7281,35,,,2,99,,7280,35,,,2,100,,7287,35,,,2,101,,7286,35,,,2,98,,7284,35,,,2,107,,7283,35,,,2,96,,7285,35,,,2
5002,'DIM',606,,9440,12,,,1,100,,2653,12,,,1,100,,9423,12,,,1,96,,9438,12,,,1,107,,9431,12,,,1,25,,9441,12,,,1,77,,9433,12,,,1,24,,9445,12,,,1,79,,9443,12,,,1,22,,9444,12,,,1,75,,9446,12,,,1,29,,9432,12,,,1,72,,9434,12,,,1,36,,9447,12,,,1,69,,9436,12,,,1,34,,9435,12,,,1,70,,9442,12,,,1,26,,9439,12,,,1,71,,9437,12,,,1,100,,9425,12,,,1,99,,9427,12,,,1,99,,9430,12,,,1,99,,9424,12,,,1,98,,9428,12,,,1,98,,9426,12,,,1,100,,9429,12,,,1
5002,'SAM',606,,9455,12,,,1,100,,9458,12,,,1,100,,9449,12,,,1,99,,9470,12,,,1,104,,9469,12,,,1,25,,9468,12,,,1,76,,9466,12,,,1,25,,9450,12,,,1,79,,9473,12,,,1,22,,9472,12,,,1,75,,9451,12,,,1,29,,9462,12,,,1,72,,9464,12,,,1,36,,9467,12,,,1,69,,9463,12,,,1,34,,9465,12,,,1,70,,9453,12,,,1,26,,9454,12,,,1,71,,9448,12,,,1,100,,9471,12,,,1,99,,9459,12,,,1,99,,9461,12,,,1,99,,9460,12,,,1,98,,9456,12,,,1,98,,9452,12,,,1,100,,9457,12,,,1
5002,'SEM',454,,9480,12,,,1,75,,9502,12,,,1,30,,9498,12,,,1,70,,9474,12,,,1,75,,9506,12,,,1,31,,9499,12,,,1,24,,9475,12,,,1,75,,9492,12,,,1,66,,9478,12,,,1,31,,9504,12,,,1,26,,9505,12,,,1,73,,9501,12,,,1,27,,9477,12,,,1,73,,9481,12,,,1,28,,9500,12,,,1,72,,9489,12,,,1,72,,9503,12,,,1,30,,9482,12,,,1,70,,9485,12,,,1,41,,9476,12,,,1,67,,9486,12,,,1,37,,9479,12,,,1,73,,9493,12,,,1,30,,9483,12,,,1,70,,9484,12,,,1,30,,9491,12,,,1,70,,9487,12,,,1,30,,9490,12,,,1,105,,9494,12,,,1,145,,9507,12,,,1,101,,9488,12,,,1,110,,9496,12,,,1,105,,9495,12,,,1,98,,9497,12,,,1
5802,'DIM',605,,9883,12,,,2,100,,9890,12,,,2,51,,9887,12,,,2,100,,9891,12,,,2,100,,9894,12,,,2,99,,9886,12,,,2,101,,9896,12,,,2,100,,9893,12,,,2,101,,9889,12,,,2,99,,9892,12,,,2,101,,9888,12,,,2,99,,9882,12,,,2,101,,9895,12,,,2,101,,9879,12,,,2,100,,9885,12,,,2,99,,9881,12,,,2,99,,9880,12,,,2,99,,9884,12,,,2
5802,'SAM',605,,9914,12,,,2,100,,9906,12,,,2,51,,9905,12,,,2,100,,9910,12,,,2,100,,9908,12,,,2,99,,9911,12,,,2,101,,9913,12,,,2,100,,9897,12,,,2,98,,9904,12,,,2,101,,9909,12,,,2,101,,9907,12,,,2,101,,9912,12,,,2,100,,9899,12,,,2,101,,9902,12,,,2,100,,9898,12,,,2,99,,9903,12,,,2,99,,9900,12,,,2,99,,9901,12,,,2
5802,'SEM',524,,9932,12,,,2,34,,9926,12,,,2,62,,9925,12,,,2,39,,9933,12,,,2,75,,9935,12,,,2,69,,9918,12,,,2,33,,9917,12,,,2,83,,9921,12,,,2,99,,9936,12,,,2,100,,9915,12,,,2,100,,9922,12,,,2,100,,9934,12,,,2,101,,9916,12,,,2,25,,9919,12,,,2,69,,9923,12,,,2,102,,9929,12,,,2,33,,9920,12,,,2,94,,9924,12,,,2,96,,9930,12,,,2,100,,9937,12,,,2,100,,9931,12,,,2,98,,9928,12,,,2,99,,9927,12,,,2
22202,'DIM',1441,,4994,24,,,2
22202,'SAM',1441,,11668,24,,,2,898,,11666,24,,,2,100,,11667,24,,,2
22202,'SEM',541,,11675,24,,,2,159,,11670,24,,,2,41,,11671,24,,,2,767,,11674,24,,,2,35,,11669,24,,,2,703,,11672,24,,,2,65,,11673,24,,,2
32202,'SAM',2554,,11777,18,,,2
32202,'SEM',2423,,11779,18,,,2,84,,11778,18,,,2
