4604,'DIM',547,,2335,54,,,1,95,,2346,54,,,1,101,,2337,54,,,1,99,,2349,54,,,1,107,,2351,54,,,1,106,,2342,54,,,1,97,,2352,54,,,1,102,,2353,54,,,1,100,,2345,54,,,1,96,,2347,54,,,1,104,,2350,54,,,1,94,,2348,54,,,1,106,,2338,54,,,1,100,,2344,54,,,1,98,,2336,54,,,1,99,,2340,54,,,1,99,,2343,54,,,1,98,,2341,54,,,1,100,,2339,54,,,1
4604,'SAM',548,,2357,54,,,1,100,,2364,54,,,1,95,,2365,54,,,1,99,,2367,54,,,1,107,,2370,54,,,1,101,,2373,54,,,1,102,,2369,54,,,1,103,,2372,54,,,1,97,,2356,54,,,1,98,,2366,54,,,1,104,,2368,54,,,1,94,,2359,54,,,1,106,,2358,54,,,1,100,,2371,54,,,1,98,,2354,54,,,1,99,,2355,54,,,1,99,,2362,54,,,1,98,,2363,54,,,1,100,,2360,54,,,1,98,,2361,54,,,1
4604,'SEM',505,,2374,54,,,1,45,,2395,54,,,1,70,,2401,54,,,1,30,,5298,54,,,1,53,,2377,54,,,1,13,,2382,54,,,1,11,,5364,54,,,1,74,,2397,54,,,1,27,,5599,54,,,1,28,,5598,54,,,1,70,,2383,54,,,1,29,,2398,54,,,1,70,,2386,54,,,1,30,,2375,54,,,1,70,,2385,54,,,1,30,,2400,54,,,1,70,,2399,54,,,1,30,,2381,54,,,1,70,,2396,54,,,1,26,,2384,54,,,1,75,,5597,54,,,1,31,,2403,54,,,1,78,,2387,54,,,1,75,,2378,54,,,1,37,,2376,54,,,1,59,,2391,54,,,1,94,,2379,54,,,1,50,,2390,54,,,1,99,,2394,54,,,1,101,,2393,54,,,1,100,,2388,54,,,1,101,,2389,54,,,1,97,,2392,54,,,1
6002,'DIM',723,,3197,45,,,1,104,,3210,45,,,1,100,,3209,45,,,1,103,,3198,45,,,1,102,,3208,45,,,1,101,,3212,45,,,1,101,,3204,45,,,1,100,,3211,45,,,1,100,,3213,45,,,1,101,,3201,45,,,1,95,,3214,45,,,1,99,,3203,45,,,1,100,,3200,45,,,1,98,,3199,45,,,1,99,,3202,45,,,1,98,,3207,45,,,1,100,,3205,45,,,1,99,,3206,45,,,1
6002,'SAM',723,,3226,45,,,1,104,,3215,45,,,1,100,,3228,45,,,1,103,,3222,45,,,1,102,,3225,45,,,1,101,,3231,45,,,1,101,,3229,45,,,1,100,,3227,45,,,1,100,,3230,45,,,1,101,,3217,45,,,1,95,,5376,45,,,1,99,,3216,45,,,1,100,,3223,45,,,1,98,,3219,45,,,1,99,,3218,45,,,1,98,,3221,45,,,1,100,,3220,45,,,1,99,,3224,45,,,1
6002,'SEM',707,,3235,45,,,1,98,,3234,45,,,1,100,,3233,45,,,1,99,,3251,45,,,1,102,,3239,45,,,1,99,,3250,45,,,1,100,,3241,45,,,1,100,,3236,45,,,1,102,,3238,45,,,1,101,,3237,45,,,1,104,,3243,45,,,1,97,,3242,45,,,1,92,,3244,45,,,1,54,,3247,45,,,1,103,,3245,45,,,1,98,,3240,45,,,1,99,,3248,45,,,1,89,,3246,45,,,1,100,,3249,45,,,1
15104,'DIM',621,,4758,39,,,2,110,,4775,39,,,2,22,,4779,39,,,2,64,,4759,39,,,2,31,,4777,39,,,2,76,,4784,39,,,2,32,,4786,39,,,2,70,,4781,39,,,2,32,,4780,39,,,2,74,,4773,39,,,2,72,,4789,39,,,2,31,,4774,39,,,2,72,,4787,39,,,2,37,,4785,39,,,2,71,,4778,39,,,2,31,,4782,39,,,2,72,,4776,39,,,2,26,,4783,39,,,2,82,,4760,39,,,2,79,,4762,39,,,2,26,,4761,39,,,2,72,,4768,39,,,2,18,,4788,39,,,2,29,,4790,39,,,2,72,,4771,39,,,2,30,,4763,39,,,2,69,,4769,39,,,2,29,,4766,39,,,2,71,,4772,39,,,2,79,,4765,39,,,2,56,,4764,39,,,2,99,,4767,39,,,2,73,,4770,39,,,2
15104,'SAM',622,,4806,39,,,2,109,,4808,39,,,2,22,,4810,39,,,2,64,,4807,39,,,2,32,,4809,39,,,2,75,,4814,39,,,2,32,,4816,39,,,2,70,,4817,39,,,2,32,,4818,39,,,2,74,,4819,39,,,2,72,,4820,39,,,2,31,,4791,39,,,2,72,,4812,39,,,2,37,,4811,39,,,2,71,,4813,39,,,2,31,,4805,39,,,2,72,,4815,39,,,2,25,,4792,39,,,2,83,,4823,39,,,2,79,,4821,39,,,2,26,,4822,39,,,2,72,,4801,39,,,2,18,,4796,39,,,2,29,,4797,39,,,2,72,,4803,39,,,2,30,,4793,39,,,2,69,,4802,39,,,2,29,,4798,39,,,2,71,,4804,39,,,2,79,,4795,39,,,2,56,,4794,39,,,2,99,,4799,39,,,2,73,,4800,39,,,2
15104,'SEM',454,,4857,39,,,2,72,,4836,39,,,2,10,,4852,39,,,2,77,,4870,39,,,2,14,,4874,39,,,2,15,,4880,39,,,2,11,,4825,39,,,2,51,,4830,39,,,2,9,,5480,39,,,2,9,,4837,39,,,2,11,,5481,39,,,2,12,,4877,39,,,2,12,,4867,39,,,2,56,,4872,39,,,2,15,,4871,39,,,2,11,,4875,39,,,2,20,,4826,39,,,2,58,,4838,39,,,2,24,,4835,39,,,2,60,,4873,39,,,2,23,,4841,39,,,2,17,,4833,39,,,2,65,,4881,39,,,2,21,,4851,39,,,2,22,,4868,39,,,2,60,,4869,39,,,2,20,,5482,39,,,2,20,,4878,39,,,2,66,,4876,39,,,2,24,,4879,39,,,2,61,,4824,39,,,2,22,,4827,39,,,2,18,,4842,39,,,2,66,,4831,39,,,2,23,,4839,39,,,2,21,,4828,39,,,2,62,,4834,39,,,2,19,,4829,39,,,2,20,,4832,39,,,2,62,,4847,39,,,2,16,,4846,39,,,2,19,,4843,39,,,2,58,,4859,39,,,2,13,,4840,39,,,2,13,,4849,39,,,2,13,,4856,39,,,2,61,,4853,39,,,2,20,,4848,39,,,2,19,,4862,39,,,2,68,,4860,39,,,2,29,,4844,39,,,2,74,,4845,39,,,2,29,,4865,39,,,2,70,,4850,39,,,2,29,,4854,39,,,2,70,,4855,39,,,2,25,,4858,39,,,2,18,,4861,39,,,2,78,,4864,39,,,2,80,,4863,39,,,2
25104,'SEM',658,,4987,23,,,1,50,,4985,23,,,1,9,,4989,23,,,1,10,,4986,23,,,1,12,,5486,23,,,1,12,,4982,23,,,1,54,,4988,23,,,1,15,,4983,23,,,1,28,,4984,23,,,1
