1704,'DIM',503,,160,25,,,1,50,,161,25,,,1,101,,166,25,,,1,102,,159,25,,,1,100,,164,25,,,1,100,,163,25,,,1,101,,165,25,,,1,100,,167,25,,,1,101,,168,25,,,1,101,,162,25,,,1,142,,148,25,,,1,99,,149,25,,,1,100,,152,25,,,1,101,,154,25,,,1,58,,153,25,,,1,98,,151,25,,,1,100,,155,25,,,1,100,,158,25,,,1,99,,150,25,,,1,99,,156,25,,,1,96,,157,25,,,1
1704,'SAM',503,,181,25,,,1,50,,182,25,,,1,101,,188,25,,,1,102,,185,25,,,1,100,,180,25,,,1,100,,184,25,,,1,101,,189,25,,,1,100,,187,25,,,1,101,,186,25,,,1,101,,183,25,,,1,141,,170,25,,,1,100,,171,25,,,1,101,,173,25,,,1,100,,175,25,,,1,58,,169,25,,,1,98,,177,25,,,1,100,,174,25,,,1,100,,172,25,,,1,99,,176,25,,,1,99,,178,25,,,1,96,,179,25,,,1
1704,'SEM',515,,204,25,,,1,93,,208,25,,,1,22,,211,25,,,1,22,,191,25,,,1,66,,195,25,,,1,35,,196,25,,,1,61,,190,25,,,1,98,,193,25,,,1,45,,194,25,,,1,100,,197,25,,,1,100,,207,25,,,1,100,,209,25,,,1,100,,199,25,,,1,102,,210,25,,,1,141,,192,25,,,1,105,,200,25,,,1,95,,198,25,,,1,57,,201,25,,,1,101,,206,25,,,1,101,,5222,25,,,1,100,,202,25,,,1,100,,203,25,,,1,99,,205,25,,,1
3104,'DIM',623,,1107,35,,,1,103,,1108,35,,,1,100,,1106,35,,,1,100,,1112,35,,,1,101,,1113,35,,,1,100,,1111,35,,,1,100,,1109,35,,,1,103,,1097,35,,,1,101,,1110,35,,,1,100,,1096,35,,,1,101,,1095,35,,,1,99,,1100,35,,,1,98,,1102,35,,,1,102,,1101,35,,,1,96,,1103,35,,,1,101,,1099,35,,,1,99,,1098,35,,,1,98,,1104,35,,,1,102,,1105,35,,,1
3104,'SAM',523,,1130,35,,,1,100,,1123,35,,,1,103,,1126,35,,,1,100,,1125,35,,,1,100,,1128,35,,,1,101,,1132,35,,,1,100,,1133,35,,,1,100,,1127,35,,,1,102,,1122,35,,,1,101,,1129,35,,,1,101,,1124,35,,,1,101,,1131,35,,,1,100,,1118,35,,,1,98,,1120,35,,,1,99,,1116,35,,,1,99,,1121,35,,,1,100,,1114,35,,,1,99,,1115,35,,,1,98,,1117,35,,,1,102,,1119,35,,,1
3104,'SEM',447,,1142,35,,,1,77,,1143,35,,,1,91,,1154,35,,,1,21,,1156,35,,,1,23,,1136,35,,,1,73,,1155,35,,,1,68,,1152,35,,,1,29,,1150,35,,,1,75,,1151,35,,,1,22,,1153,35,,,1,100,,1134,35,,,1,102,,1135,35,,,1,100,,1138,35,,,1,101,,1157,35,,,1,100,,1137,35,,,1,102,,1140,35,,,1,100,,1141,35,,,1,96,,1139,35,,,1,103,,1144,35,,,1,97,,1149,35,,,1,105,,1148,35,,,1,100,,1145,35,,,1,102,,1146,35,,,1,100,,1147,35,,,1
4804,'DIM',537,,2444,6,,,1,109,,2448,6,,,1,102,,2445,6,,,1,106,,2449,6,,,1,104,,2452,6,,,1,99,,2435,6,,,1,143,,2446,6,,,1,100,,2447,6,,,1,56,,2451,6,,,1,145,,2437,6,,,1,101,,2450,6,,,1,101,,2436,6,,,1,99,,2442,6,,,1,57,,2438,6,,,1,97,,2443,6,,,1,97,,2440,6,,,1,100,,2439,6,,,1,97,,2441,6,,,1
4804,'SAM',537,,2464,6,,,1,109,,2453,6,,,1,102,,2466,6,,,1,105,,2468,6,,,1,105,,2472,6,,,1,99,,2465,6,,,1,102,,2471,6,,,1,100,,2467,6,,,1,96,,2469,6,,,1,146,,2470,6,,,1,101,,2457,6,,,1,101,,2460,6,,,1,99,,2458,6,,,1,57,,2461,6,,,1,97,,2455,6,,,1,97,,2454,6,,,1,98,,2456,6,,,1,99,,2462,6,,,1,98,,2463,6,,,1,76,,2459,6,,,1
4804,'SEM',506,,2475,6,,,1,41,,2493,6,,,1,69,,2473,6,,,1,30,,2476,6,,,1,67,,2480,6,,,1,39,,2495,6,,,1,70,,2494,6,,,1,30,,2497,6,,,1,70,,2483,6,,,1,31,,2482,6,,,1,70,,2477,6,,,1,100,,2484,6,,,1,100,,2496,6,,,1,100,,2481,6,,,1,102,,2478,6,,,1,78,,2474,6,,,1,106,,5398,6,,,1,97,,2490,6,,,1,28,,2492,6,,,1,106,,2487,6,,,1,114,,2491,6,,,1,100,,2485,6,,,1,100,,2486,6,,,1,98,,2488,6,,,1,97,,2489,6,,,1
7304,'DIM',538,,4008,53,,,1,70,,3997,53,,,1,102,,4001,53,,,1,101,,4004,53,,,1,101,,4000,53,,,1,100,,4002,53,,,1,100,,4005,53,,,1,100,,4009,53,,,1,102,,4003,53,,,1,101,,4006,53,,,1,101,,3999,53,,,1,100,,4007,53,,,1,100,,4010,53,,,1,100,,3993,53,,,1,99,,3990,53,,,1,98,,3996,53,,,1,100,,3992,53,,,1,99,,3991,53,,,1,98,,3994,53,,,1,101,,3995,53,,,1,99,,3998,53,,,1
7304,'SAM',538,,4032,53,,,1,70,,4022,53,,,1,102,,4027,53,,,1,101,,4024,53,,,1,101,,4023,53,,,1,100,,4028,53,,,1,100,,4030,53,,,1,101,,4026,53,,,1,101,,4014,53,,,1,101,,4029,53,,,1,101,,4025,53,,,1,100,,4031,53,,,1,100,,4033,53,,,1,100,,4013,53,,,1,98,,4011,53,,,1,99,,4012,53,,,1,100,,4016,53,,,1,99,,4015,53,,,1,98,,4017,53,,,1,101,,4018,53,,,1,99,,4020,53,,,1,100,,4019,53,,,1,99,,4021,53,,,1
7304,'SEM',500,,4063,53,,,1,41,,4060,53,,,1,82,,4066,53,,,1,18,,4069,53,,,1,71,,4065,53,,,1,14,,4062,53,,,1,13,,4040,53,,,1,68,,5468,53,,,1,14,,4061,53,,,1,15,,4067,53,,,1,65,,4056,53,,,1,31,,5511,53,,,1,80,,4035,53,,,1,29,,5512,53,,,1,70,,4064,53,,,1,30,,4037,53,,,1,71,,5510,53,,,1,36,,4049,53,,,1,66,,5268,53,,,1,30,,4068,53,,,1,70,,5509,53,,,1,30,,4039,53,,,1,72,,4046,53,,,1,31,,4034,53,,,1,72,,4043,53,,,1,39,,4053,53,,,1,62,,4051,53,,,1,28,,4045,53,,,1,69,,4052,53,,,1,36,,5513,53,,,1,60,,4057,53,,,1,30,,4044,53,,,1,70,,4054,53,,,1,30,,4055,53,,,1,73,,4048,53,,,1,98,,4059,53,,,1,99,,5269,53,,,1,103,,4058,53,,,1
7402,'DIM',638,,4133,66,,,2,101,,4136,66,,,2,101,,4138,66,,,2,101,,4137,66,,,2,101,,4135,66,,,2,100,,4134,66,,,2,101,,4141,66,,,2,100,,4140,66,,,2,103,,4142,66,,,2,99,,4139,66,,,2,99,,4127,66,,,2,102,,4126,66,,,2,98,,4128,66,,,2,98,,4130,66,,,2,100,,4129,66,,,2,100,,4131,66,,,2,99,,4132,66,,,2
7402,'SAM',638,,4150,66,,,2,101,,4154,66,,,2,101,,4152,66,,,2,101,,4149,66,,,2,101,,4153,66,,,2,100,,4155,66,,,2,101,,4158,66,,,2,101,,4151,66,,,2,100,,4156,66,,,2,101,,4159,66,,,2,100,,4157,66,,,2,100,,4143,66,,,2,99,,4145,66,,,2,98,,4147,66,,,2,100,,4146,66,,,2,100,,4148,66,,,2,99,,4144,66,,,2
7402,'SEM',557,,4173,66,,,2,88,,4178,66,,,2,60,,4161,66,,,2,41,,4172,66,,,2,100,,4162,66,,,2,99,,4160,66,,,2,99,,4164,66,,,2,101,,4174,66,,,2,97,,4177,66,,,2,100,,4163,66,,,2,101,,4176,66,,,2,102,,4175,66,,,2,100,,4165,66,,,2,97,,4166,66,,,2,100,,4169,66,,,2,98,,4171,66,,,2,99,,5514,66,,,2,103,,4168,66,,,2,99,,4170,66,,,2
