1703,'DIM',623,,6972,20,,,1,89,,6965,20,,,1,100,,100,20,,,1,101,,6967,20,,,1,97,,6968,20,,,1,101,,6964,20,,,1,100,,6970,20,,,1,99,,6966,20,,,1,102,,6969,20,,,1,100,,6971,20,,,1,102,,6954,20,,,1,98,,6958,20,,,1,99,,6957,20,,,1,101,,6956,20,,,1,98,,6959,20,,,1,99,,6962,20,,,1,101,,6955,20,,,1,100,,6960,20,,,1,102,,6961,20,,,1,119,,6963,20,,,1
1703,'SAM',545,,6984,20,,,1,78,,6990,20,,,1,89,,121,20,,,1,100,,6981,20,,,1,101,,6983,20,,,1,97,,6985,20,,,1,100,,6989,20,,,1,101,,6987,20,,,1,100,,6982,20,,,1,101,,6988,20,,,1,100,,6986,20,,,1,102,,6991,20,,,1,99,,6992,20,,,1,99,,6973,20,,,1,100,,6978,20,,,1,98,,6975,20,,,1,99,,6974,20,,,1,101,,6976,20,,,1,100,,6979,20,,,1,102,,6980,20,,,1,119,,6977,20,,,1
1703,'SEM',605,,7010,20,,,1,103,,7012,20,,,1,105,,7011,20,,,1,96,,6996,20,,,1,100,,7009,20,,,1,100,,7008,20,,,1,100,,7014,20,,,1,101,,6997,20,,,1,100,,6994,20,,,1,98,,7013,20,,,1,35,,7016,20,,,1,60,,7015,20,,,1,36,,6993,20,,,1,63,,7004,20,,,1,38,,6995,20,,,1,80,,6998,20,,,1,30,,7001,20,,,1,68,,7006,20,,,1,99,,7007,20,,,1,100,,6999,20,,,1,100,,7000,20,,,1,100,,7002,20,,,1,99,,7003,20,,,1,103,,7005,20,,,1
2703,'DIM',907,,7780,20,,,2,100,,7783,20,,,2,98,,7785,20,,,2,102,,7779,20,,,2,95,,7787,20,,,2,106,,7782,20,,,2,101,,7784,20,,,2,100,,7781,20,,,2,100,,7786,20,,,2,100,,7773,20,,,2,100,,7775,20,,,2,98,,7774,20,,,2,100,,7778,20,,,2,100,,7772,20,,,2,102,,7771,20,,,2,100,,7776,20,,,2,100,,7777,20,,,2
2703,'SAM',707,,7797,20,,,2,100,,7798,20,,,2,100,,7796,20,,,2,100,,7806,20,,,2,100,,7800,20,,,2,100,,7803,20,,,2,94,,7799,20,,,2,107,,7801,20,,,2,102,,7802,20,,,2,99,,7795,20,,,2,94,,7804,20,,,2,106,,7805,20,,,2,100,,7790,20,,,2,98,,7793,20,,,2,100,,7788,20,,,2,100,,7789,20,,,2,102,,7791,20,,,2,100,,7792,20,,,2,100,,7794,20,,,2
2703,'SEM',813,,7823,20,,,2,90,,7809,20,,,2,100,,7815,20,,,2,100,,7808,20,,,2,99,,7825,20,,,2,51,,7822,20,,,2,103,,7826,20,,,2,100,,7812,20,,,2,81,,7810,20,,,2,82,,7824,20,,,2,15,,7807,20,,,2,70,,7814,20,,,2,39,,7811,20,,,2,65,,7821,20,,,2,96,,7818,20,,,2,47,,7820,20,,,2,103,,7817,20,,,2,102,,7813,20,,,2,99,,7816,20,,,2,100,,11960,20,,,2,100,,7819,20,,,2
3103,'DIM',642,,7902,22,,,1,100,,7901,22,,,1,99,,1058,22,,,1,99,,7906,22,,,1,99,,7905,22,,,1,100,,7903,22,,,1,102,,7892,22,,,1,101,,7904,22,,,1,99,,7891,22,,,1,102,,7890,22,,,1,99,,7895,22,,,1,98,,7897,22,,,1,103,,7896,22,,,1,96,,7898,22,,,1,101,,7894,22,,,1,100,,7893,22,,,1,100,,7899,22,,,1,101,,7900,22,,,1
3103,'SAM',642,,7919,22,,,1,100,,7918,22,,,1,99,,1075,22,,,1,99,,7923,22,,,1,99,,7924,22,,,1,100,,7920,22,,,1,100,,7916,22,,,1,102,,7921,22,,,1,100,,7917,22,,,1,102,,7922,22,,,1,100,,7911,22,,,1,98,,7913,22,,,1,100,,7909,22,,,1,99,,7914,22,,,1,100,,7907,22,,,1,100,,7908,22,,,1,100,,7910,22,,,1,102,,7912,22,,,1,95,,7915,22,,,1
3103,'SEM',638,,7946,22,,,1,99,,7944,22,,,1,100,,7945,22,,,1,100,,7925,22,,,1,101,,7926,22,,,1,100,,7928,22,,,1,100,,7947,22,,,1,100,,7927,22,,,1,101,,7932,22,,,1,98,,7933,22,,,1,11,,7934,22,,,1,77,,7929,22,,,1,29,,7938,22,,,1,80,,7935,22,,,1,70,,7931,22,,,1,36,,7943,22,,,1,69,,7930,22,,,1,36,,7942,22,,,1,100,,7936,22,,,1,101,,7939,22,,,1,100,,7940,22,,,1,97,,7937,22,,,1,114,,7941,22,,,1
3903,'DIM',839,,1407,19,,,1,100,,8236,29,,,1,70,,8241,29,,,1,31,,8242,29,,,1,70,,8239,29,,,1,34,,8240,29,,,1,66,,8243,29,,,1,29,,8233,29,,,1,71,,8237,29,,,1,30,,8234,29,,,1,70,,8220,29,,,1,30,,8223,29,,,1,72,,8226,29,,,1,30,,8238,29,,,1,71,,8227,29,,,1,30,,8228,29,,,1,65,,8229,29,,,1,18,,8235,29,,,1,10,,8230,29,,,1,64,,8224,29,,,1,25,,8231,29,,,1,99,,8221,29,,,1,100,,8232,29,,,1,98,,8222,29,,,1,104,,8225,29,,,1
3903,'SAM',839,,8268,19,,,1,100,,8263,29,,,1,70,,8267,29,,,1,31,,8244,29,,,1,70,,8258,29,,,1,34,,8261,29,,,1,66,,8260,29,,,1,30,,8245,29,,,1,70,,8259,29,,,1,30,,8262,29,,,1,70,,8246,29,,,1,30,,8265,29,,,1,72,,8249,29,,,1,30,,8250,29,,,1,71,,8252,29,,,1,30,,8266,29,,,1,65,,8253,29,,,1,18,,8264,29,,,1,11,,8251,29,,,1,63,,8248,29,,,1,29,,8247,29,,,1,97,,8255,29,,,1,98,,8254,29,,,1,98,,8257,29,,,1,104,,8256,29,,,1
3903,'SEM',731,,8291,29,,,1,100,,8273,29,,,1,104,,8271,29,,,1,73,,8275,29,,,1,29,,8292,29,,,1,71,,8293,29,,,1,29,,8286,29,,,1,71,,8290,29,,,1,27,,8294,29,,,1,77,,8270,29,,,1,33,,8277,29,,,1,67,,8279,29,,,1,31,,8280,29,,,1,75,,8269,29,,,1,38,,8287,29,,,1,63,,8281,29,,,1,28,,8272,29,,,1,65,,8274,29,,,1,33,,8282,29,,,1,80,,8283,29,,,1,79,,8276,29,,,1,98,,8278,29,,,1,56,,8284,29,,,1,143,,8288,29,,,1,56,,8285,29,,,1,88,,8289,29,,,1
7303,'DIM',657,,10755,20,,,1,100,,10752,20,,,1,100,,10753,20,,,1,98,,10756,20,,,1,100,,10759,20,,,1,100,,10754,20,,,1,100,,10757,20,,,1,102,,10751,20,,,1,99,,10758,20,,,1,102,,10760,20,,,1,99,,10745,20,,,1,99,,10742,20,,,1,101,,10748,20,,,1,98,,10744,20,,,1,100,,10743,20,,,1,100,,10746,20,,,1,100,,10747,20,,,1,102,,10750,20,,,1,145,,10749,20,,,1
7303,'SAM',603,,10775,20,,,1,54,,10772,20,,,1,100,,10771,20,,,1,100,,10776,20,,,1,98,,10778,20,,,1,101,,10774,20,,,1,99,,10764,20,,,1,100,,10777,20,,,1,102,,10773,20,,,1,99,,10779,20,,,1,102,,10780,20,,,1,101,,10763,20,,,1,98,,10761,20,,,1,99,,10762,20,,,1,99,,10766,20,,,1,100,,10765,20,,,1,100,,4040,20,,,1,100,,10767,20,,,1,102,,4041,20,,,1,145,,10768,20,,,1,100,,10770,20,,,1,100,,10769,20,,,1
7303,'SEM',550,,10817,20,,,1,66,,10814,20,,,1,39,,10813,20,,,1,50,,10818,20,,,1,39,,10807,20,,,1,56,,10783,20,,,1,43,,10815,20,,,1,12,,10782,20,,,1,70,,10800,20,,,1,31,,10816,20,,,1,69,,10784,20,,,1,31,,10789,20,,,1,69,,10799,20,,,1,31,,10790,20,,,1,69,,10819,20,,,1,30,,10785,20,,,1,70,,10788,20,,,1,30,,10794,20,,,1,70,,10781,20,,,1,30,,10791,20,,,1,75,,10820,20,,,1,25,,10801,20,,,1,55,,10793,20,,,1,21,,10786,20,,,1,16,,10787,20,,,1,63,,10797,20,,,1,16,,10795,20,,,1,30,,10808,20,,,1,55,,10796,20,,,1,16,,10792,20,,,1,73,,10802,20,,,1,30,,10805,20,,,1,72,,10798,20,,,1,99,,10810,20,,,1,100,,10803,20,,,1,99,,10809,20,,,1,100,,10804,20,,,1,41,,10806,20,,,1,95,,10811,20,,,1,121,,10812,20,,,1
7401,'DIM',727,,10911,20,,,2,99,,10912,20,,,2,102,,10915,20,,,2,97,,10914,20,,,2,101,,10916,20,,,2,100,,10913,20,,,2,101,,10910,20,,,2,99,,10909,20,,,2,102,,10917,20,,,2,99,,10903,20,,,2,102,,10904,20,,,2,99,,10906,20,,,2,98,,10907,20,,,2,99,,10908,20,,,2,101,,10902,20,,,2,99,,10901,20,,,2,101,,10905,20,,,2
7401,'SAM',727,,10926,20,,,2,99,,10928,20,,,2,102,,10927,20,,,2,98,,10930,20,,,2,100,,10932,20,,,2,100,,10934,20,,,2,102,,10929,20,,,2,98,,10933,20,,,2,101,,10931,20,,,2,100,,10918,20,,,2,101,,10921,20,,,2,101,,10923,20,,,2,98,,10922,20,,,2,98,,10924,20,,,2,101,,10919,20,,,2,99,,10925,20,,,2,101,,10920,20,,,2
7401,'SEM',630,,10950,20,,,2,95,,10935,20,,,2,101,,10949,20,,,2,103,,10939,20,,,2,101,,10940,20,,,2,101,,10953,20,,,2,99,,10938,20,,,2,101,,10952,20,,,2,100,,10951,20,,,2,93,,10937,20,,,2,93,,10941,20,,,2,101,,10936,20,,,2,30,,10943,20,,,2,85,,10948,20,,,2,99,,10942,20,,,2,101,,10945,20,,,2,100,,10946,20,,,2,99,,10944,20,,,2,100,,12005,20,,,2,95,,10947,20,,,2
