1704,'DIM',513,,7029,46,,,1,90,,7030,46,,,1,101,,7034,46,,,1,103,,7028,46,,,1,101,,165,46,,,1,101,,7032,46,,,1,102,,7033,46,,,1,100,,7035,46,,,1,101,,7036,46,,,1,101,,7031,46,,,1,102,,7017,46,,,1,99,,7018,46,,,1,100,,7021,46,,,1,100,,7023,46,,,1,98,,7022,46,,,1,98,,7020,46,,,1,100,,7024,46,,,1,98,,7027,46,,,1,98,,7019,46,,,1,99,,7025,46,,,1,96,,7026,46,,,1
1704,'SAM',513,,7049,46,,,1,90,,7050,46,,,1,101,,7056,46,,,1,103,,7053,46,,,1,101,,7048,46,,,1,101,,7052,46,,,1,102,,7057,46,,,1,100,,7055,46,,,1,101,,7054,46,,,1,101,,7051,46,,,1,101,,7038,46,,,1,100,,7039,46,,,1,101,,7041,46,,,1,99,,7043,46,,,1,98,,7037,46,,,1,98,,7045,46,,,1,100,,7042,46,,,1,98,,7040,46,,,1,98,,7044,46,,,1,99,,7046,46,,,1,96,,7047,46,,,1
1704,'SEM',525,,7072,46,,,1,94,,7077,46,,,1,23,,7080,46,,,1,62,,7059,46,,,1,27,,7063,46,,,1,76,,7064,46,,,1,21,,7058,46,,,1,98,,7061,46,,,1,85,,7062,46,,,1,100,,7065,46,,,1,100,,7076,46,,,1,100,,7078,46,,,1,100,,7067,46,,,1,102,,7079,46,,,1,101,,7060,46,,,1,105,,7068,46,,,1,95,,7066,46,,,1,97,,7069,46,,,1,100,,7074,46,,,1,100,,7075,46,,,1,99,,7070,46,,,1,99,,7071,46,,,1,99,,7073,46,,,1
2704,'DIM',800,,7846,51,,,2,101,,7847,51,,,2,100,,7842,51,,,2,99,,7844,51,,,2,59,,7845,51,,,2,143,,7841,51,,,2,55,,7848,51,,,2,147,,7843,51,,,2,100,,7834,51,,,2,100,,7838,51,,,2,100,,7839,51,,,2,98,,7835,51,,,2,100,,7837,51,,,2,98,,7836,51,,,2,100,,7840,51,,,2,100,,7833,51,,,2
2704,'SAM',659,,7861,51,,,2,141,,7857,51,,,2,101,,7858,51,,,2,100,,7856,51,,,2,99,,7865,51,,,2,101,,7860,51,,,2,101,,7863,51,,,2,54,,7859,51,,,2,148,,7862,51,,,2,100,,7852,51,,,2,100,,7853,51,,,2,53,,7855,51,,,2,145,,7864,51,,,2,100,,7851,51,,,2,98,,7854,51,,,2,100,,7849,51,,,2,100,,7850,51,,,2
2704,'SEM',623,,7887,51,,,2,28,,7867,51,,,2,68,,7884,51,,,2,29,,7870,51,,,2,67,,7871,51,,,2,28,,7889,51,,,2,66,,7886,51,,,2,49,,7885,51,,,2,100,,7874,51,,,2,148,,7866,51,,,2,95,,7888,51,,,2,48,,7869,51,,,2,106,,7868,51,,,2,147,,7879,51,,,2,37,,7880,51,,,2,80,,7875,51,,,2,13,,7872,51,,,2,70,,7873,51,,,2,31,,7877,51,,,2,75,,7882,51,,,2,100,,7878,51,,,2,45,,7881,51,,,2,94,,7876,51,,,2,104,,7883,51,,,2
3104,'DIM',633,,7960,56,,,1,104,,7961,56,,,1,100,,7959,56,,,1,102,,7965,56,,,1,102,,7966,56,,,1,100,,7964,56,,,1,100,,7962,56,,,1,103,,7950,56,,,1,101,,7963,56,,,1,100,,7949,56,,,1,101,,7948,56,,,1,99,,7953,56,,,1,97,,7955,56,,,1,102,,7954,56,,,1,96,,7956,56,,,1,99,,7952,56,,,1,99,,7951,56,,,1,97,,7957,56,,,1,102,,7958,56,,,1
3104,'SAM',533,,1137,56,,,1,100,,7976,56,,,1,104,,7979,56,,,1,100,,7978,56,,,1,102,,7981,56,,,1,102,,7984,56,,,1,100,,7985,56,,,1,100,,7980,56,,,1,102,,7975,56,,,1,101,,7982,56,,,1,101,,7977,56,,,1,101,,7983,56,,,1,100,,7971,56,,,1,97,,7973,56,,,1,99,,7969,56,,,1,99,,7974,56,,,1,98,,7967,56,,,1,99,,7968,56,,,1,97,,7970,56,,,1,102,,7972,56,,,1
3104,'SEM',457,,7994,56,,,1,77,,7995,56,,,1,92,,8006,56,,,1,22,,8008,56,,,1,64,,7988,56,,,1,34,,8007,56,,,1,68,,8004,56,,,1,29,,8002,56,,,1,75,,8003,56,,,1,22,,8005,56,,,1,100,,7986,56,,,1,102,,7987,56,,,1,100,,7990,56,,,1,101,,8009,56,,,1,100,,7989,56,,,1,102,,7992,56,,,1,100,,7993,56,,,1,96,,7991,56,,,1,103,,7996,56,,,1,96,,8001,56,,,1,105,,8000,56,,,1,98,,7997,56,,,1,101,,7998,56,,,1,100,,7999,56,,,1
4304,'DIM',509,,8893,31,,,1,103,,8887,31,,,1,100,,8883,31,,,1,102,,8885,31,,,1,102,,8890,31,,,1,100,,8888,31,,,1,106,,8889,31,,,1,100,,8886,31,,,1,100,,8894,31,,,1,100,,8891,31,,,1,104,,8892,31,,,1,99,,8875,31,,,1,99,,8876,31,,,1,101,,8878,31,,,1,94,,8881,31,,,1,98,,8880,31,,,1,99,,8877,31,,,1,99,,8879,31,,,1,100,,8884,31,,,1,100,,8882,31,,,1
4304,'SAM',509,,8911,31,,,1,103,,8908,31,,,1,100,,8905,31,,,1,102,,8896,31,,,1,102,,8912,31,,,1,100,,8897,31,,,1,106,,8898,31,,,1,100,,8909,31,,,1,100,,8906,31,,,1,100,,8913,31,,,1,103,,8907,31,,,1,101,,8910,31,,,1,98,,8895,31,,,1,97,,8914,31,,,1,98,,8902,31,,,1,98,,8899,31,,,1,99,,2109,31,,,1,99,,8900,31,,,1,100,,8901,31,,,1,100,,8904,31,,,1,98,,8903,31,,,1
4304,'SEM',525,,8934,31,,,1,76,,8940,31,,,1,35,,8915,31,,,1,66,,8917,31,,,1,21,,8938,31,,,1,31,,8916,31,,,1,73,,8939,31,,,1,73,,8920,31,,,1,35,,8935,31,,,1,68,,8941,31,,,1,31,,8919,31,,,1,70,,8936,31,,,1,30,,8926,31,,,1,70,,8922,31,,,1,30,,8943,31,,,1,70,,8942,31,,,1,30,,8937,31,,,1,72,,8923,31,,,1,29,,8924,31,,,1,70,,8928,31,,,1,36,,8944,31,,,1,66,,8918,31,,,1,26,,8925,31,,,1,70,,8921,31,,,1,56,,8927,31,,,1,96,,8930,31,,,1,100,,8932,31,,,1,101,,8933,31,,,1,99,,11972,31,,,1,101,,11973,31,,,1,150,,8929,31,,,1,20,,8931,31,,,1
6001,'DIM',815,,9939,55,,,1,103,,9947,55,,,1,102,,9945,55,,,1,104,,9946,55,,,1,102,,9948,55,,,1,102,,9951,55,,,1,102,,9949,55,,,1,100,,9952,55,,,1,100,,9950,55,,,1,102,,9953,55,,,1,91,,9954,55,,,1,99,,9941,55,,,1,98,,9943,55,,,1,97,,9942,55,,,1,99,,9944,55,,,1,99,,9938,55,,,1,100,,9940,55,,,1
6001,'SAM',711,,9961,55,,,1,104,,9966,55,,,1,103,,9957,55,,,1,102,,9969,55,,,1,103,,9971,55,,,1,103,,9967,55,,,1,102,,9970,55,,,1,102,,9968,55,,,1,100,,9956,55,,,1,100,,9972,55,,,1,102,,9955,55,,,1,91,,9959,55,,,1,100,,9964,55,,,1,97,,9960,55,,,1,97,,9962,55,,,1,99,,9965,55,,,1,99,,9958,55,,,1,100,,9963,55,,,1
6001,'SEM',557,,9987,55,,,1,102,,9973,55,,,1,87,,9991,55,,,1,78,,9985,55,,,1,77,,9989,55,,,1,101,,9975,55,,,1,101,,9992,55,,,1,101,,9990,55,,,1,104,,9976,55,,,1,100,,9974,55,,,1,101,,9986,55,,,1,102,,9988,55,,,1,99,,9977,55,,,1,102,,9981,55,,,1,96,,9979,55,,,1,49,,9984,55,,,1,98,,9982,55,,,1,98,,9978,55,,,1,98,,9980,55,,,1,94,,9983,55,,,1
7304,'DIM',548,,10839,74,,,1,70,,10828,74,,,1,103,,10832,74,,,1,101,,10835,74,,,1,102,,10831,74,,,1,102,,10833,74,,,1,100,,10836,74,,,1,100,,10840,74,,,1,102,,10834,74,,,1,101,,10837,74,,,1,101,,10830,74,,,1,100,,10838,74,,,1,100,,10841,74,,,1,99,,10824,74,,,1,99,,10821,74,,,1,97,,10827,74,,,1,99,,10823,74,,,1,99,,10822,74,,,1,97,,10825,74,,,1,101,,10826,74,,,1,99,,10829,74,,,1
7304,'SAM',548,,10861,74,,,1,70,,10851,74,,,1,103,,10856,74,,,1,101,,10853,74,,,1,102,,10852,74,,,1,102,,10857,74,,,1,100,,10859,74,,,1,101,,10855,74,,,1,101,,10845,74,,,1,101,,10858,74,,,1,101,,10854,74,,,1,100,,10860,74,,,1,100,,10862,74,,,1,99,,10844,74,,,1,98,,10842,74,,,1,98,,10843,74,,,1,99,,10847,74,,,1,99,,10846,74,,,1,97,,4131,74,,,1,101,,10848,74,,,1,99,,4133,74,,,1,100,,10849,74,,,1,99,,10850,74,,,1
7304,'SEM',510,,10894,74,,,1,42,,10891,74,,,1,82,,10897,74,,,1,18,,10900,74,,,1,72,,10896,74,,,1,15,,10893,74,,,1,14,,10869,74,,,1,68,,10871,74,,,1,14,,10892,74,,,1,15,,10898,74,,,1,65,,10887,74,,,1,31,,10865,74,,,1,80,,10864,74,,,1,29,,10880,74,,,1,70,,10895,74,,,1,30,,10866,74,,,1,71,,10870,74,,,1,76,,10879,74,,,1,26,,10872,74,,,1,30,,10899,74,,,1,70,,10867,74,,,1,30,,10868,74,,,1,73,,10876,74,,,1,71,,10863,74,,,1,32,,10873,74,,,1,79,,10883,74,,,1,22,,10881,74,,,1,67,,10875,74,,,1,29,,10882,74,,,1,76,,10877,74,,,1,20,,10888,74,,,1,29,,10874,74,,,1,70,,10884,74,,,1,29,,10886,74,,,1,73,,10878,74,,,1,96,,10890,74,,,1,99,,10885,74,,,1,102,,10889,74,,,1
7402,'DIM',649,,10961,87,,,2,102,,10964,87,,,2,101,,6451,87,,,2,102,,10965,87,,,2,102,,10963,87,,,2,100,,10962,87,,,2,101,,10968,87,,,2,100,,10967,87,,,2,143,,10969,87,,,2,59,,10966,87,,,2,99,,10956,87,,,2,101,,10955,87,,,2,98,,10957,87,,,2,98,,10958,87,,,2,99,,6443,87,,,2,100,,10959,87,,,2,97,,10960,87,,,2
7402,'SAM',649,,10977,87,,,2,102,,10981,87,,,2,101,,10979,87,,,2,102,,10976,87,,,2,102,,10980,87,,,2,100,,10982,87,,,2,101,,10985,87,,,2,101,,10978,87,,,2,100,,10983,87,,,2,101,,10986,87,,,2,100,,10984,87,,,2,99,,10970,87,,,2,99,,10972,87,,,2,98,,10974,87,,,2,99,,10973,87,,,2,100,,10975,87,,,2,97,,10971,87,,,2
7402,'SEM',608,,11000,87,,,2,50,,11005,87,,,2,60,,10988,87,,,2,82,,10999,87,,,2,100,,10989,87,,,2,59,,10987,87,,,2,99,,10991,87,,,2,101,,11001,87,,,2,97,,11004,87,,,2,100,,10990,87,,,2,101,,11003,87,,,2,102,,11002,87,,,2,100,,10992,87,,,2,97,,10993,87,,,2,100,,10996,87,,,2,97,,10998,87,,,2,99,,10994,87,,,2,102,,10995,87,,,2,97,,10997,87,,,2
33504,'DIM',1110,,11783,3,,,2
33504,'SAM',1110,,11784,3,,,2
33504,'SEM',1110,,11785,3,,,2,199,,12019,3,,,2
