1704,'DIM',455,,160,8,,,1,89,,161,8,,,1,100,,166,8,,,1,102,,159,8,,,1,99,,164,8,,,1,100,,163,8,,,1,101,,165,8,,,1,100,,167,8,,,1,101,,168,8,,,1,101,,162,8,,,1,102,,148,8,,,1,99,,149,8,,,1,100,,152,8,,,1,101,,154,8,,,1,99,,153,8,,,1,98,,151,8,,,1,100,,155,8,,,1,101,,158,8,,,1,99,,150,8,,,1,100,,156,8,,,1,96,,157,8,,,1
1704,'SAM',455,,181,8,,,1,89,,182,8,,,1,100,,188,8,,,1,102,,185,8,,,1,99,,180,8,,,1,100,,184,8,,,1,101,,189,8,,,1,100,,187,8,,,1,101,,186,8,,,1,101,,183,8,,,1,101,,170,8,,,1,100,,171,8,,,1,101,,173,8,,,1,100,,175,8,,,1,99,,169,8,,,1,98,,177,8,,,1,100,,174,8,,,1,101,,172,8,,,1,99,,176,8,,,1,100,,178,8,,,1,96,,179,8,,,1
1704,'SEM',506,,204,8,,,1,52,,208,8,,,1,62,,211,8,,,1,22,,191,8,,,1,66,,195,8,,,1,35,,196,8,,,1,61,,190,8,,,1,98,,193,8,,,1,44,,194,8,,,1,100,,197,8,,,1,100,,207,8,,,1,100,,209,8,,,1,100,,199,8,,,1,102,,210,8,,,1,100,,192,8,,,1,105,,200,8,,,1,96,,198,8,,,1,98,,201,8,,,1,101,,206,8,,,1,101,,5222,8,,,1,100,,202,8,,,1,100,,203,8,,,1,100,,205,8,,,1
3104,'DIM',614,,1107,18,,,1,102,,1108,18,,,1,100,,1106,18,,,1,100,,1112,18,,,1,100,,1113,18,,,1,100,,1111,18,,,1,100,,1109,18,,,1,103,,1097,18,,,1,101,,1110,18,,,1,100,,1096,18,,,1,101,,1095,18,,,1,99,,1100,18,,,1,98,,1102,18,,,1,103,,1101,18,,,1,96,,1103,18,,,1,101,,1099,18,,,1,100,,1098,18,,,1,98,,1104,18,,,1,102,,1105,18,,,1
3104,'SAM',515,,1130,18,,,1,99,,1123,18,,,1,102,,1126,18,,,1,100,,1125,18,,,1,100,,1128,18,,,1,100,,1132,18,,,1,100,,1133,18,,,1,100,,1127,18,,,1,102,,1122,18,,,1,101,,1129,18,,,1,101,,1124,18,,,1,101,,1131,18,,,1,100,,1118,18,,,1,98,,1120,18,,,1,100,,1116,18,,,1,99,,1121,18,,,1,100,,1114,18,,,1,100,,1115,18,,,1,98,,1117,18,,,1,102,,1119,18,,,1
3104,'SEM',438,,1142,18,,,1,77,,1143,18,,,1,90,,1154,18,,,1,21,,1156,18,,,1,23,,1136,18,,,1,73,,1155,18,,,1,28,,1152,18,,,1,69,,1150,18,,,1,35,,1151,18,,,1,61,,1153,18,,,1,100,,1134,18,,,1,101,,1135,18,,,1,100,,1138,18,,,1,101,,1157,18,,,1,100,,1137,18,,,1,102,,1140,18,,,1,100,,1141,18,,,1,96,,1139,18,,,1,105,,1144,18,,,1,97,,1149,18,,,1,105,,1148,18,,,1,100,,1145,18,,,1,102,,1146,18,,,1,100,,1147,18,,,1
3904,'DIM',815,,1465,8,,,1,112,,1459,8,,,1,82,,1466,8,,,1,30,,1469,8,,,1,73,,1460,8,,,1,27,,1458,8,,,1,73,,1468,8,,,1,29,,1463,8,,,1,74,,1452,8,,,1,27,,1467,8,,,1,70,,1461,8,,,1,31,,1462,8,,,1,72,,1451,8,,,1,30,,1464,8,,,1,71,,1447,8,,,1,31,,1448,8,,,1,68,,1453,8,,,1,28,,1454,8,,,1,70,,1455,8,,,1,43,,1456,8,,,1,98,,1449,8,,,1,100,,1457,8,,,1,100,,1450,8,,,1
3904,'SAM',815,,1485,8,,,1,112,,1478,8,,,1,82,,1489,8,,,1,30,,1479,8,,,1,70,,1470,8,,,1,30,,1476,8,,,1,76,,1482,8,,,1,26,,1480,8,,,1,74,,1486,8,,,1,27,,1477,8,,,1,70,,1483,8,,,1,31,,1484,8,,,1,71,,1490,8,,,1,31,,1481,8,,,1,72,,1487,8,,,1,24,,1488,8,,,1,74,,1491,8,,,1,28,,1492,8,,,1,70,,1471,8,,,1,46,,1472,8,,,1,97,,1474,8,,,1,98,,1473,8,,,1,100,,1475,8,,,1
3904,'SEM',610,,1516,8,,,1,27,,1509,8,,,1,14,,1515,8,,,1,51,,1497,8,,,1,29,,1512,8,,,1,71,,1493,8,,,1,31,,1510,8,,,1,70,,1517,8,,,1,35,,5391,8,,,1,67,,5455,8,,,1,33,,5392,8,,,1,69,,5393,8,,,1,31,,1513,8,,,1,68,,1504,8,,,1,32,,1508,8,,,1,67,,1514,8,,,1,38,,1494,8,,,1,74,,1499,8,,,1,30,,1501,8,,,1,71,,1502,8,,,1,101,,1518,8,,,1,112,,1505,8,,,1,99,,1506,8,,,1,105,,1498,8,,,1,100,,1500,8,,,1,94,,1503,8,,,1
4504,'DIM',612,,2173,8,,,1,100,,2166,8,,,1,99,,2174,8,,,1,101,,2176,8,,,1,99,,2180,8,,,1,97,,2181,8,,,1,102,,2177,8,,,1,98,,2172,8,,,1,108,,2170,8,,,1,98,,2164,8,,,1,100,,2179,8,,,1,96,,2175,8,,,1,101,,2178,8,,,1,103,,2165,8,,,1,101,,2171,8,,,1,101,,2167,8,,,1,100,,2168,8,,,1,100,,2169,8,,,1
4504,'SAM',612,,2195,8,,,1,100,,2196,8,,,1,99,,2192,8,,,1,101,,2197,8,,,1,99,,2194,8,,,1,101,,2183,8,,,1,97,,2193,8,,,1,102,,2182,8,,,1,104,,2188,8,,,1,101,,2198,8,,,1,98,,2185,8,,,1,96,,2199,8,,,1,101,,2186,8,,,1,103,,2190,8,,,1,101,,2184,8,,,1,101,,2189,8,,,1,100,,2187,8,,,1,100,,2191,8,,,1
4504,'SEM',529,,2219,8,,,1,15,,2220,8,,,1,80,,2225,8,,,1,84,,2205,8,,,1,18,,2203,8,,,1,18,,2201,8,,,1,57,,2218,8,,,1,51,,2204,8,,,1,106,,2222,8,,,1,151,,2217,8,,,1,96,,2207,8,,,1,54,,2206,8,,,1,100,,2223,8,,,1,82,,2202,8,,,1,65,,2200,8,,,1,31,,2221,8,,,1,70,,2224,8,,,1,38,,2209,8,,,1,77,,2212,8,,,1,81,,2213,8,,,1,104,,2211,8,,,1,105,,2210,8,,,1,102,,2214,8,,,1,90,,2216,8,,,1,101,,2208,8,,,1,95,,2215,8,,,1
