1703,'DIM',634,,6972,46,,,1,89,,6965,46,,,1,101,,100,46,,,1,102,,6967,46,,,1,97,,6968,46,,,1,103,,6964,46,,,1,100,,6970,46,,,1,99,,6966,46,,,1,102,,6969,46,,,1,100,,6971,46,,,1,102,,6954,46,,,1,98,,6958,46,,,1,98,,6957,46,,,1,101,,6956,46,,,1,98,,6959,46,,,1,99,,6962,46,,,1,100,,6955,46,,,1,100,,6960,46,,,1,102,,6961,46,,,1,116,,6963,46,,,1
1703,'SAM',556,,6984,46,,,1,78,,6990,46,,,1,89,,121,46,,,1,101,,6981,46,,,1,102,,6983,46,,,1,97,,6985,46,,,1,102,,6989,46,,,1,101,,6987,46,,,1,100,,6982,46,,,1,101,,6988,46,,,1,100,,6986,46,,,1,102,,6991,46,,,1,99,,6992,46,,,1,98,,6973,46,,,1,100,,6978,46,,,1,98,,6975,46,,,1,99,,6974,46,,,1,100,,6976,46,,,1,100,,6979,46,,,1,102,,6980,46,,,1,116,,6977,46,,,1
1703,'SEM',617,,7010,46,,,1,104,,7012,46,,,1,106,,7011,46,,,1,96,,6996,46,,,1,101,,7009,46,,,1,101,,7008,46,,,1,100,,7014,46,,,1,101,,6997,46,,,1,100,,6994,46,,,1,99,,7013,46,,,1,75,,7016,46,,,1,20,,7015,46,,,1,36,,6993,46,,,1,63,,7004,46,,,1,37,,6995,46,,,1,79,,6998,46,,,1,70,,7001,46,,,1,27,,7006,46,,,1,99,,7007,46,,,1,100,,6999,46,,,1,100,,7000,46,,,1,99,,7002,46,,,1,99,,7003,46,,,1,102,,7005,46,,,1
3903,'DIM',857,,1407,59,,,1,100,,8236,69,,,1,70,,8241,69,,,1,31,,8242,69,,,1,70,,8239,69,,,1,74,,8240,69,,,1,26,,8243,69,,,1,30,,8233,69,,,1,71,,8237,69,,,1,30,,8234,69,,,1,71,,8220,69,,,1,70,,8223,69,,,1,32,,8226,69,,,1,70,,8238,69,,,1,31,,8227,69,,,1,70,,8228,69,,,1,25,,8229,69,,,1,18,,8235,69,,,1,10,,8230,69,,,1,64,,8224,69,,,1,25,,8231,69,,,1,98,,8221,69,,,1,100,,8232,69,,,1,98,,8222,69,,,1,104,,8225,69,,,1
3903,'SAM',857,,8268,59,,,1,100,,8263,69,,,1,70,,8267,69,,,1,31,,8244,69,,,1,70,,8258,69,,,1,74,,8261,69,,,1,26,,8260,69,,,1,31,,8245,69,,,1,70,,8259,69,,,1,30,,8262,69,,,1,71,,8246,69,,,1,70,,8265,69,,,1,32,,8249,69,,,1,70,,8250,69,,,1,31,,8252,69,,,1,70,,8266,69,,,1,25,,8253,69,,,1,18,,8264,69,,,1,11,,8251,69,,,1,63,,8248,69,,,1,29,,8247,69,,,1,96,,8255,69,,,1,98,,8254,69,,,1,98,,8257,69,,,1,104,,8256,69,,,1
3903,'SEM',750,,8291,69,,,1,101,,8273,69,,,1,104,,8271,69,,,1,72,,8275,69,,,1,29,,8292,69,,,1,71,,8293,69,,,1,29,,8286,69,,,1,71,,8290,69,,,1,28,,8294,69,,,1,78,,8270,69,,,1,73,,8277,69,,,1,27,,8279,69,,,1,72,,8280,69,,,1,35,,8269,69,,,1,78,,8287,69,,,1,23,,8281,69,,,1,68,,8272,69,,,1,25,,8274,69,,,1,73,,8282,69,,,1,39,,8283,69,,,1,79,,8276,69,,,1,98,,8278,69,,,1,95,,8284,69,,,1,103,,8288,69,,,1,95,,8285,69,,,1,86,,8289,69,,,1
4503,'DIM',701,,8950,47,,,1,100,,8960,47,,,1,101,,8958,47,,,1,99,,8964,47,,,1,101,,8959,47,,,1,98,,8962,47,,,1,105,,8952,47,,,1,101,,8956,47,,,1,98,,8949,47,,,1,102,,8947,47,,,1,52,,8961,47,,,1,142,,8963,47,,,1,103,,8948,47,,,1,102,,8957,47,,,1,101,,8951,47,,,1,99,,8954,47,,,1,99,,8955,47,,,1,101,,8953,47,,,1
4503,'SAM',701,,8978,47,,,1,100,,8974,47,,,1,101,,8977,47,,,1,99,,8976,47,,,1,101,,8966,47,,,1,57,,8975,47,,,1,146,,8979,47,,,1,100,,8970,47,,,1,101,,8981,47,,,1,101,,8980,47,,,1,51,,8982,47,,,1,145,,8965,47,,,1,100,,8972,47,,,1,102,,8967,47,,,1,101,,8971,47,,,1,99,,8969,47,,,1,99,,8973,47,,,1,101,,8968,47,,,1
4503,'SEM',652,,8988,47,,,1,58,,8986,47,,,1,35,,8983,47,,,1,68,,9003,47,,,1,25,,8987,47,,,1,79,,8985,47,,,1,25,,9004,47,,,1,110,,9002,47,,,1,100,,8991,47,,,1,95,,8989,47,,,1,100,,9005,47,,,1,103,,8984,47,,,1,106,,9006,47,,,1,68,,8993,47,,,1,87,,8996,47,,,1,18,,8990,47,,,1,17,,8997,47,,,1,71,,8999,47,,,1,39,,8995,47,,,1,98,,8994,47,,,1,100,,8998,47,,,1,100,,9001,47,,,1,99,,8992,47,,,1,95,,9000,47,,,1
7401,'DIM',741,,10911,48,,,2,100,,10912,48,,,2,102,,10915,48,,,2,98,,10914,48,,,2,101,,10916,48,,,2,100,,10913,48,,,2,101,,10910,48,,,2,99,,10909,48,,,2,102,,10917,48,,,2,98,,10903,48,,,2,102,,10904,48,,,2,99,,10906,48,,,2,98,,10907,48,,,2,99,,10908,48,,,2,101,,10902,48,,,2,99,,10901,48,,,2,100,,10905,48,,,2
7401,'SAM',741,,10926,48,,,2,100,,10928,48,,,2,102,,10927,48,,,2,99,,10930,48,,,2,100,,10932,48,,,2,100,,10934,48,,,2,102,,10929,48,,,2,98,,10933,48,,,2,101,,10931,48,,,2,99,,10918,48,,,2,101,,10921,48,,,2,101,,10923,48,,,2,98,,10922,48,,,2,98,,10924,48,,,2,101,,10919,48,,,2,99,,10925,48,,,2,100,,10920,48,,,2
7401,'SEM',644,,10950,48,,,2,96,,10935,48,,,2,101,,10949,48,,,2,103,,10939,48,,,2,101,,10940,48,,,2,101,,10953,48,,,2,100,,10938,48,,,2,101,,10952,48,,,2,100,,10951,48,,,2,93,,10937,48,,,2,96,,10941,48,,,2,101,,10936,48,,,2,69,,10943,48,,,2,42,,10948,48,,,2,99,,10942,48,,,2,101,,10945,48,,,2,100,,10946,48,,,2,99,,10944,48,,,2,99,,10954,48,,,2,95,,10947,48,,,2
