4504,'DIM',632,,2173,46,,,1,100,,2166,46,,,1,100,,2174,46,,,1,101,,2176,46,,,1,100,,2180,46,,,1,97,,2181,46,,,1,102,,2177,46,,,1,98,,2172,46,,,1,108,,2170,46,,,1,98,,2164,46,,,1,100,,2179,46,,,1,96,,2175,46,,,1,101,,2178,46,,,1,102,,2165,46,,,1,100,,2171,46,,,1,101,,2167,46,,,1,100,,2168,46,,,1,99,,2169,46,,,1
4504,'SAM',632,,2195,46,,,1,100,,2196,46,,,1,100,,2192,46,,,1,101,,2197,46,,,1,100,,2194,46,,,1,101,,2183,46,,,1,97,,2193,46,,,1,102,,2182,46,,,1,104,,2188,46,,,1,101,,2198,46,,,1,98,,2185,46,,,1,96,,2199,46,,,1,101,,2186,46,,,1,102,,2190,46,,,1,100,,2184,46,,,1,101,,2189,46,,,1,100,,2187,46,,,1,99,,2191,46,,,1
4504,'SEM',550,,2219,46,,,1,55,,2220,46,,,1,43,,2225,46,,,1,85,,2205,46,,,1,19,,2203,46,,,1,58,,2201,46,,,1,16,,2218,46,,,1,90,,2204,46,,,1,106,,2222,46,,,1,112,,2217,46,,,1,96,,2207,46,,,1,94,,2206,46,,,1,100,,2223,46,,,1,83,,2202,46,,,1,25,,2200,46,,,1,72,,2221,46,,,1,30,,2224,46,,,1,78,,2209,46,,,1,35,,2212,46,,,1,81,,2213,46,,,1,102,,2211,46,,,1,104,,2210,46,,,1,102,,2214,46,,,1,90,,2216,46,,,1,99,,2208,46,,,1,95,,2215,46,,,1
5002,'DIM',620,,2603,37,,,1,100,,2587,37,,,1,102,,2585,37,,,1,97,,2601,37,,,1,107,,2594,37,,,1,25,,2604,37,,,1,77,,2596,37,,,1,24,,2608,37,,,1,79,,2606,37,,,1,22,,2607,37,,,1,75,,2609,37,,,1,29,,2595,37,,,1,73,,2597,37,,,1,76,,2610,37,,,1,29,,2599,37,,,1,74,,2598,37,,,1,30,,2605,37,,,1,66,,2602,37,,,1,31,,2600,37,,,1,99,,2588,37,,,1,99,,2590,37,,,1,99,,2593,37,,,1,99,,2586,37,,,1,97,,2591,37,,,1,98,,2589,37,,,1,98,,2592,37,,,1
5002,'SAM',620,,2618,37,,,1,100,,2621,37,,,1,102,,2612,37,,,1,100,,2633,37,,,1,104,,2632,37,,,1,25,,2631,37,,,1,76,,2629,37,,,1,25,,2613,37,,,1,79,,2636,37,,,1,22,,2635,37,,,1,75,,2614,37,,,1,29,,2625,37,,,1,73,,2627,37,,,1,76,,2630,37,,,1,29,,2626,37,,,1,74,,2628,37,,,1,30,,2616,37,,,1,66,,2617,37,,,1,31,,2611,37,,,1,99,,2634,37,,,1,99,,2622,37,,,1,99,,2624,37,,,1,99,,2623,37,,,1,97,,2619,37,,,1,98,,2615,37,,,1,98,,2620,37,,,1
5002,'SEM',509,,2643,37,,,1,36,,2665,37,,,1,71,,2661,37,,,1,30,,2637,37,,,1,77,,2669,37,,,1,32,,2662,37,,,1,63,,2638,37,,,1,35,,2655,37,,,1,66,,2641,37,,,1,31,,2667,37,,,1,66,,2668,37,,,1,33,,2664,37,,,1,68,,2640,37,,,1,33,,2644,37,,,1,68,,2663,37,,,1,32,,2652,37,,,1,72,,2666,37,,,1,30,,2645,37,,,1,70,,2648,37,,,1,82,,2639,37,,,1,26,,2649,37,,,1,77,,2642,37,,,1,33,,2656,37,,,1,70,,2646,37,,,1,29,,2647,37,,,1,69,,2654,37,,,1,29,,2650,37,,,1,70,,2653,37,,,1,104,,2657,37,,,1,104,,2670,37,,,1,101,,2651,37,,,1,110,,2659,37,,,1,103,,2658,37,,,1,97,,2660,37,,,1
5602,'DIM',805,,2913,6,,,2,30,,2919,6,,,2,70,,2915,6,,,2,30,,2920,6,,,2,70,,2918,6,,,2,29,,2917,6,,,2,70,,2910,6,,,2,37,,2914,6,,,2,63,,2916,6,,,2,30,,2911,6,,,2,71,,2921,6,,,2,30,,2912,6,,,2,70,,2897,6,,,2,30,,2898,6,,,2,70,,2902,6,,,2,30,,2907,6,,,2,72,,2900,6,,,2,35,,2903,6,,,2,69,,2905,6,,,2,93,,2899,6,,,2,101,,2906,6,,,2,100,,2901,6,,,2,101,,2908,6,,,2,100,,2909,6,,,2,99,,2904,6,,,2
5602,'SAM',705,,2941,6,,,2,100,,2939,6,,,2,30,,2937,6,,,2,70,,2944,6,,,2,30,,2945,6,,,2,70,,2946,6,,,2,29,,2933,6,,,2,70,,2926,6,,,2,37,,2938,6,,,2,63,,2943,6,,,2,30,,2942,6,,,2,71,,2947,6,,,2,30,,2922,6,,,2,70,,2940,6,,,2,30,,2923,6,,,2,71,,2927,6,,,2,29,,2928,6,,,2,72,,2924,6,,,2,32,,2932,6,,,2,71,,2929,6,,,2,94,,2931,6,,,2,101,,2930,6,,,2,100,,2925,6,,,2,101,,2936,6,,,2,100,,2934,6,,,2,99,,2935,6,,,2
5602,'SEM',628,,2949,6,,,2,108,,2976,6,,,2,71,,2951,6,,,2,27,,2971,6,,,2,78,,2972,6,,,2,25,,2952,6,,,2,70,,2968,6,,,2,30,,2975,6,,,2,70,,2966,6,,,2,30,,2953,6,,,2,70,,2965,6,,,2,30,,2967,6,,,2,71,,2974,6,,,2,30,,2969,6,,,2,69,,2948,6,,,2,30,,2950,6,,,2,70,,2970,6,,,2,35,,2973,6,,,2,64,,2959,6,,,2,26,,2957,6,,,2,76,,2954,6,,,2,30,,2955,6,,,2,70,,2961,6,,,2,34,,2958,6,,,2,99,,2963,6,,,2,90,,2956,6,,,2,86,,2960,6,,,2,104,,2964,6,,,2,100,,2962,6,,,2
6002,'DIM',702,,3158,19,,,1,101,,3167,19,,,1,99,,3165,19,,,1,100,,3166,19,,,1,100,,3168,19,,,1,100,,3171,19,,,1,101,,3169,19,,,1,100,,3172,19,,,1,100,,3170,19,,,1,99,,3173,19,,,1,99,,3174,19,,,1,100,,3160,19,,,1,101,,3162,19,,,1,101,,3161,19,,,1,101,,3163,19,,,1,100,,3157,19,,,1,100,,3159,19,,,1,98,,3164,19,,,1
6002,'SAM',702,,3186,19,,,1,101,,3177,19,,,1,99,,3189,19,,,1,100,,3191,19,,,1,100,,3187,19,,,1,100,,3190,19,,,1,101,,3188,19,,,1,100,,3176,19,,,1,100,,3192,19,,,1,99,,3175,19,,,1,99,,3179,19,,,1,102,,3184,19,,,1,99,,3180,19,,,1,101,,3181,19,,,1,101,,3185,19,,,1,100,,3178,19,,,1,100,,3182,19,,,1,98,,3183,19,,,1
6002,'SEM',634,,3210,19,,,1,100,,3208,19,,,1,101,,3194,19,,,1,99,,3211,19,,,1,100,,3209,19,,,1,102,,3199,19,,,1,100,,3193,19,,,1,99,,3195,19,,,1,101,,3207,19,,,1,99,,3196,19,,,1,101,,3201,19,,,1,106,,3198,19,,,1,93,,3204,19,,,1,100,,3202,19,,,1,99,,3197,19,,,1,100,,3200,19,,,1,99,,3203,19,,,1,89,,3206,19,,,1,100,,3205,19,,,1
34504,'SEM',2516,,4976,16,,,1,118,,4975,16,,,1
