2602,'DIM',628,,777,11,,,2,23,,7645,11,,,2,67,,7639,11,,,2,30,,7641,11,,,2,70,,794,11,,,2,32,,7652,11,,,2,69,,7646,11,,,2,30,,7640,11,,,2,66,,7649,11,,,2,24,,7642,11,,,2,20,,7653,11,,,2,60,,7635,11,,,2,19,,7655,11,,,2,20,,7648,11,,,2,59,,7657,11,,,2,21,,7617,11,,,2,19,,7650,11,,,2,62,,7638,11,,,2,19,,7643,11,,,2,21,,7644,11,,,2,62,,7618,11,,,2,18,,7619,11,,,2,20,,7636,11,,,2,60,,7637,11,,,2,19,,7616,11,,,2,21,,7651,11,,,2,60,,7654,11,,,2,20,,7647,11,,,2,62,,7627,11,,,2,42,,7632,11,,,2,70,,7628,11,,,2,30,,780,11,,,2,70,,7656,11,,,2,30,,7658,11,,,2,70,,7624,11,,,2,29,,7620,11,,,2,70,,7631,11,,,2,30,,7621,11,,,2,71,,7622,11,,,2,29,,7630,11,,,2,69,,7626,11,,,2,28,,7623,11,,,2,71,,7625,11,,,2,30,,7629,11,,,2,85,,7633,11,,,2,78,,7634,11,,,2
2602,'SAM',628,,832,11,,,2,23,,7692,11,,,2,67,,7689,11,,,2,30,,7694,11,,,2,70,,7690,11,,,2,31,,7697,11,,,2,70,,7695,11,,,2,30,,7703,11,,,2,65,,7688,11,,,2,25,,7699,11,,,2,20,,7685,11,,,2,60,,7704,11,,,2,19,,7701,11,,,2,20,,7663,11,,,2,59,,7698,11,,,2,21,,7693,11,,,2,20,,7684,11,,,2,61,,7686,11,,,2,21,,7687,11,,,2,19,,7660,11,,,2,62,,7662,11,,,2,18,,7664,11,,,2,20,,7696,11,,,2,62,,7702,11,,,2,16,,7691,11,,,2,21,,7665,11,,,2,61,,7700,11,,,2,20,,7669,11,,,2,62,,7674,11,,,2,42,,7677,11,,,2,70,,7680,11,,,2,30,,7683,11,,,2,71,,7678,11,,,2,29,,7661,11,,,2,70,,7668,11,,,2,29,,7667,11,,,2,70,,7675,11,,,2,30,,7670,11,,,2,70,,7671,11,,,2,30,,7681,11,,,2,69,,7666,11,,,2,28,,7672,11,,,2,71,,7673,11,,,2,30,,7682,11,,,2,85,,7679,11,,,2,78,,7676,11,,,2
2602,'SEM',511,,7748,11,,,2,22,,7763,11,,,2,74,,7734,11,,,2,20,,7706,11,,,2,17,,7735,11,,,2,15,,7750,11,,,2,50,,7752,11,,,2,20,,7760,11,,,2,14,,7765,11,,,2,14,,7714,11,,,2,58,,7756,11,,,2,14,,7708,11,,,2,9,,7716,11,,,2,19,,7768,11,,,2,55,,7710,11,,,2,20,,7751,11,,,2,20,,7707,11,,,2,61,,7764,11,,,2,21,,7759,11,,,2,19,,7712,11,,,2,60,,7761,11,,,2,19,,7715,11,,,2,18,,7767,11,,,2,64,,7753,11,,,2,22,,7755,11,,,2,15,,7762,11,,,2,65,,7757,11,,,2,19,,7769,11,,,2,14,,7709,11,,,2,52,,7754,11,,,2,27,,7711,11,,,2,22,,7758,11,,,2,57,,7766,11,,,2,23,,7713,11,,,2,21,,7725,11,,,2,57,,7727,11,,,2,12,,7733,11,,,2,12,,7718,11,,,2,13,,7736,11,,,2,10,,7738,11,,,2,51,,7722,11,,,2,10,,7740,11,,,2,10,,7724,11,,,2,7,,7717,11,,,2,14,,7746,11,,,2,12,,7747,11,,,2,54,,7719,11,,,2,15,,7732,11,,,2,20,,7739,11,,,2,61,,7720,11,,,2,19,,7721,11,,,2,24,,7737,11,,,2,60,,7744,11,,,2,16,,7749,11,,,2,30,,7728,11,,,2,70,,7723,11,,,2,74,,7730,11,,,2,26,,7726,11,,,2,29,,7729,11,,,2,66,,7742,11,,,2,25,,7731,11,,,2,80,,7741,11,,,2,29,,7743,11,,,2,80,,7745,11,,,2
3602,'SEM',1518,,8114,11,,,2,23,,8115,11,,,2,72,,8108,11,,,2,24,,8113,11,,,2,73,,8109,11,,,2,31,,8110,11,,,2,65,,8111,11,,,2,29,,8112,11,,,2
4603,'DIM',642,,9078,11,,,1,105,,9079,11,,,1,105,,9071,11,,,1,101,,9083,11,,,1,97,,9080,11,,,1,103,,9085,11,,,1,100,,9086,11,,,1,101,,9077,11,,,1,101,,9081,11,,,1,99,,9068,11,,,1,100,,9084,11,,,1,100,,9082,11,,,1,99,,9070,11,,,1,100,,9087,11,,,1,100,,9074,11,,,1,100,,9069,11,,,1,100,,9072,11,,,1,99,,9073,11,,,1,99,,9075,11,,,1,150,,9076,11,,,1
4603,'SAM',642,,9100,11,,,1,105,,9101,11,,,1,105,,9105,11,,,1,101,,9104,11,,,1,97,,9103,11,,,1,103,,9099,11,,,1,99,,9106,11,,,1,97,,9088,11,,,1,106,,9089,11,,,1,145,,9102,11,,,1,54,,9107,11,,,1,100,,9091,11,,,1,99,,9092,11,,,1,100,,9096,11,,,1,100,,9093,11,,,1,100,,9097,11,,,1,100,,9090,11,,,1,99,,9095,11,,,1,99,,9098,11,,,1,151,,9094,11,,,1
4603,'SEM',653,,9127,11,,,1,97,,9130,11,,,1,73,,9124,11,,,1,33,,9123,11,,,1,67,,9112,11,,,1,30,,9128,11,,,1,70,,9109,11,,,1,30,,9125,11,,,1,70,,9126,11,,,1,31,,9108,11,,,1,70,,9134,11,,,1,28,,9113,11,,,1,72,,9131,11,,,1,30,,9133,11,,,1,70,,9116,11,,,1,35,,9129,11,,,1,65,,9132,11,,,1,31,,9115,11,,,1,71,,9110,11,,,1,24,,9114,11,,,1,70,,9111,11,,,1,35,,9119,11,,,1,64,,9118,11,,,1,35,,9122,11,,,1,59,,9120,11,,,1,35,,9137,11,,,1,100,,9117,11,,,1,101,,9138,11,,,1,103,,9135,11,,,1,100,,9136,11,,,1,150,,9121,11,,,1
6001,'DIM',743,,9939,7,,,1,101,,9947,7,,,1,100,,9945,7,,,1,103,,9946,7,,,1,100,,9948,7,,,1,101,,9951,7,,,1,101,,9949,7,,,1,101,,9952,7,,,1,101,,9950,7,,,1,102,,9953,7,,,1,93,,9954,7,,,1,101,,9941,7,,,1,99,,9943,7,,,1,99,,9942,7,,,1,99,,9944,7,,,1,99,,9938,7,,,1,100,,9940,7,,,1
6001,'SAM',642,,9961,7,,,1,101,,9966,7,,,1,101,,9957,7,,,1,100,,9969,7,,,1,102,,9971,7,,,1,101,,9967,7,,,1,101,,9970,7,,,1,101,,9968,7,,,1,101,,9956,7,,,1,101,,9972,7,,,1,102,,9955,7,,,1,93,,9959,7,,,1,102,,9964,7,,,1,98,,9960,7,,,1,99,,9962,7,,,1,99,,9965,7,,,1,99,,9958,7,,,1,100,,9963,7,,,1
6001,'SEM',527,,9987,7,,,1,100,,9973,7,,,1,85,,9991,7,,,1,36,,9985,7,,,1,75,,9989,7,,,1,100,,9975,7,,,1,100,,9992,7,,,1,100,,9990,7,,,1,103,,9976,7,,,1,100,,9974,7,,,1,100,,9986,7,,,1,101,,9988,7,,,1,99,,9977,7,,,1,104,,9981,7,,,1,100,,9979,7,,,1,90,,9984,7,,,1,99,,9982,7,,,1,100,,9978,7,,,1,100,,9980,7,,,1,95,,9983,7,,,1
6602,'DIM',710,,10529,16,,,1,104,,10524,16,,,1,101,,10527,16,,,1,101,,10532,16,,,1,100,,10531,16,,,1,101,,10525,16,,,1,100,,10523,16,,,1,133,,10526,16,,,1,99,,10528,16,,,1,70,,10530,16,,,1,31,,10518,16,,,1,70,,10519,16,,,1,30,,10517,16,,,1,69,,10521,16,,,1,100,,10522,16,,,1,100,,10520,16,,,1,99,,10515,16,,,1,98,,10516,16,,,1
6602,'SAM',710,,10544,16,,,1,104,,10542,16,,,1,101,,10536,16,,,1,101,,10533,16,,,1,100,,10548,16,,,1,101,,10549,16,,,1,100,,10547,16,,,1,133,,10550,16,,,1,99,,10538,16,,,1,70,,10534,16,,,1,31,,10540,16,,,1,71,,10541,16,,,1,29,,10539,16,,,1,74,,10543,16,,,1,96,,10535,16,,,1,99,,10537,16,,,1,99,,10546,16,,,1,98,,10545,16,,,1
6602,'SEM',651,,10552,16,,,1,103,,10564,16,,,1,104,,10562,16,,,1,145,,10561,16,,,1,101,,10553,16,,,1,101,,10551,16,,,1,99,,10563,16,,,1,102,,10554,16,,,1,28,,5375,16,,,1,91,,10558,16,,,1,103,,10559,16,,,1,101,,10560,16,,,1,95,,10555,16,,,1,103,,10556,16,,,1,99,,10557,16,,,1,97,,10566,16,,,1,79,,10565,16,,,1
