5503,'SEM',642,,9631,14,,,2,117,,9627,14,,,2,142,,9617,14,,,2,56,,9628,14,,,2,98,,11989,14,,,2,102,,9619,14,,,2,100,,9629,14,,,2,100,,9630,14,,,2,99,,9620,14,,,2,97,,9622,14,,,2,72,,9624,14,,,2,33,,9625,14,,,2,70,,9618,14,,,2,76,,9621,14,,,2,47,,9623,14,,,2,96,,9626,14,,,2,100,,11988,14,,,2
6601,'DIM',600,,10467,41,,,1,100,,10469,41,,,1,103,,10475,41,,,1,100,,10465,41,,,1,32,,10466,41,,,1,71,,10473,41,,,1,31,,10476,41,,,1,75,,10464,41,,,1,26,,10471,41,,,1,70,,10470,41,,,1,101,,10477,41,,,1,101,,10474,41,,,1,103,,10472,41,,,1,99,,10468,41,,,1,103,,10460,41,,,1,96,,10462,41,,,1,98,,10459,41,,,1,100,,10461,41,,,1,100,,10463,41,,,1,100,,10458,41,,,1
6601,'SAM',600,,10483,41,,,1,100,,10490,41,,,1,103,,10492,41,,,1,100,,10488,41,,,1,32,,10486,41,,,1,71,,10478,41,,,1,31,,10495,41,,,1,75,,10484,41,,,1,26,,10496,41,,,1,70,,10491,41,,,1,101,,10494,41,,,1,101,,10497,41,,,1,103,,10493,41,,,1,99,,10489,41,,,1,103,,10479,41,,,1,96,,10480,41,,,1,98,,10482,41,,,1,100,,10481,41,,,1,100,,10485,41,,,1,100,,10487,41,,,1
6601,'SEM',641,,10512,41,,,1,104,,10501,41,,,1,101,,10514,41,,,1,103,,10511,41,,,1,100,,10500,41,,,1,106,,10504,41,,,1,102,,10498,41,,,1,100,,10513,41,,,1,143,,10502,41,,,1,31,,10507,41,,,1,88,,10508,41,,,1,106,,10499,41,,,1,93,,10505,41,,,1,99,,10503,41,,,1,98,,10509,41,,,1,98,,10506,41,,,1,99,,10510,41,,,1
25503,'DIM',819,,11693,11,,,2,100,,11694,11,,,2,99,,11691,11,,,2,100,,11695,11,,,2,99,,11692,11,,,2,100,,11696,11,,,2,102,,11683,11,,,2,100,,11697,11,,,2,101,,11684,11,,,2,100,,11698,11,,,2,100,,11689,11,,,2,100,,11699,11,,,2,100,,11690,11,,,2,99,,11687,11,,,2,100,,11685,11,,,2,100,,11688,11,,,2,100,,11686,11,,,2
25503,'SAM',819,,11714,11,,,2,100,,11705,11,,,2,99,,11710,11,,,2,100,,11712,11,,,2,99,,11711,11,,,2,100,,11713,11,,,2,102,,11700,11,,,2,100,,11715,11,,,2,101,,11701,11,,,2,100,,11716,11,,,2,100,,11708,11,,,2,100,,11702,11,,,2,100,,11709,11,,,2,99,,11703,11,,,2,100,,11706,11,,,2,100,,11704,11,,,2,100,,11707,11,,,2
25503,'SEM',2145,,11717,11,,,2,101,,12012,11,,,2,158,,11718,11,,,2
71303,'DIM',638,,11790,11,,,2,165,,12024,11,,,2,31,,12021,11,,,2,70,,12022,11,,,2,30,,12023,11,,,2,70,,12027,11,,,2,30,,12025,11,,,2,71,,12020,11,,,2,30,,12026,11,,,2,70,,12028,11,,,2
71303,'SAM',707,,11791,11,,,2,25,,11792,11,,,2
71303,'SEM',618,,12030,11,,,2,96,,12029,11,,,2,114,,11799,11,,,2,101,,11797,11,,,2,100,,12031,11,,,2,100,,11802,11,,,2,100,,12032,11,,,2,100,,12033,11,,,2,100,,11800,11,,,2,90,,12037,11,,,2,31,,12034,11,,,2,71,,11811,11,,,2,30,,11801,11,,,2,71,,11810,11,,,2,30,,12035,11,,,2,68,,11812,11,,,2,99,,11813,11,,,2,100,,12038,11,,,2,97,,12036,11,,,2,99,,12039,11,,,2,100,,12041,11,,,2,100,,12040,11,,,2,102,,12042,11,,,2
