2202,'DIM',728,,7249,38,,,2,100,,7248,38,,,2,100,,7247,38,,,2,100,,6315,38,,,2,101,,7250,38,,,2,100,,7252,38,,,2,96,,7251,38,,,2,106,,7246,38,,,2,98,,7240,38,,,2,114,,7253,38,,,2,88,,7242,38,,,2,100,,7243,38,,,2,98,,7245,38,,,2,101,,7244,38,,,2,100,,7239,38,,,2,100,,7241,38,,,2
2202,'SAM',630,,7270,22,,,2,98,,7264,38,,,2,100,,7261,38,,,2,100,,7260,38,,,2,98,,7266,38,,,2,103,,7265,38,,,2,100,,7263,38,,,2,96,,7269,38,,,2,104,,7262,38,,,2,100,,7268,38,,,2,112,,7267,38,,,2,90,,7255,38,,,2,100,,7257,38,,,2,98,,7254,38,,,2,101,,7256,38,,,2,100,,7259,38,,,2,100,,7258,38,,,2
2202,'SEM',606,,6230,38,,,2,18,,7282,38,,,2,105,,7289,38,,,2,71,,7279,38,,,2,30,,7271,38,,,2,98,,7273,38,,,2,31,,7272,38,,,2,69,,7290,38,,,2,101,,7277,38,,,2,100,,7288,38,,,2,100,,7291,38,,,2,102,,7276,38,,,2,100,,7278,38,,,2,102,,7274,38,,,2,24,,7275,38,,,2,75,,7281,38,,,2,99,,7280,38,,,2,100,,7287,38,,,2,101,,7286,38,,,2,97,,7284,38,,,2,107,,7283,38,,,2,96,,7285,38,,,2
5802,'DIM',606,,9883,15,,,2,100,,9890,15,,,2,51,,9887,15,,,2,100,,9891,15,,,2,100,,9894,15,,,2,99,,9886,15,,,2,101,,9896,15,,,2,100,,9893,15,,,2,101,,9889,15,,,2,99,,9892,15,,,2,101,,9888,15,,,2,99,,9882,15,,,2,101,,9895,15,,,2,101,,9879,15,,,2,100,,9885,15,,,2,99,,9881,15,,,2,99,,9880,15,,,2,99,,9884,15,,,2
5802,'SAM',606,,9914,15,,,2,100,,9906,15,,,2,51,,9905,15,,,2,100,,9910,15,,,2,100,,9908,15,,,2,99,,9911,15,,,2,101,,9913,15,,,2,100,,9897,15,,,2,98,,9904,15,,,2,101,,9909,15,,,2,101,,9907,15,,,2,101,,9912,15,,,2,100,,9899,15,,,2,101,,9902,15,,,2,100,,9898,15,,,2,99,,9903,15,,,2,99,,9900,15,,,2,99,,9901,15,,,2
5802,'SEM',525,,9932,15,,,2,34,,9926,15,,,2,62,,9925,15,,,2,79,,9933,15,,,2,35,,9935,15,,,2,69,,9918,15,,,2,33,,9917,15,,,2,83,,9921,15,,,2,99,,9936,15,,,2,100,,9915,15,,,2,100,,9922,15,,,2,100,,9934,15,,,2,101,,9916,15,,,2,25,,9919,15,,,2,69,,9923,15,,,2,103,,9929,15,,,2,33,,9920,15,,,2,93,,9924,15,,,2,96,,9930,15,,,2,100,,9937,15,,,2,100,,9931,15,,,2,98,,9928,15,,,2,99,,9927,15,,,2
22202,'DIM',1442,,4994,27,,,2
22202,'SAM',1442,,11668,27,,,2,898,,11666,27,,,2,100,,11667,27,,,2
22202,'SEM',542,,11675,27,,,2,159,,11670,27,,,2,41,,11671,27,,,2,767,,11674,27,,,2,35,,11669,27,,,2,703,,11672,27,,,2,65,,11673,27,,,2
32202,'SAM',2555,,11777,21,,,2
32202,'SEM',2424,,11779,21,,,2,84,,11778,21,,,2
