2601,'DIM',508,,627,52,,,2,51,,619,52,,,2,85,,628,52,,,2,81,,620,52,,,2,25,,638,52,,,2,65,,631,52,,,2,31,,634,52,,,2,70,,632,52,,,2,33,,645,52,,,2,69,,639,52,,,2,30,,633,52,,,2,66,,642,52,,,2,24,,635,52,,,2,20,,646,52,,,2,60,,626,52,,,2,20,,648,52,,,2,20,,641,52,,,2,59,,650,52,,,2,22,,609,52,,,2,19,,643,52,,,2,62,,630,52,,,2,19,,636,52,,,2,61,,637,52,,,2,22,,610,52,,,2,17,,611,52,,,2,20,,612,52,,,2,60,,629,52,,,2,19,,608,52,,,2,21,,644,52,,,2,61,,647,52,,,2,20,,640,52,,,2,62,,622,52,,,2,43,,625,52,,,2,71,,623,52,,,2,29,,615,52,,,2,70,,649,52,,,2,30,,651,52,,,2,70,,617,52,,,2,29,,613,52,,,2,69,,624,52,,,2,28,,614,52,,,2,69,,616,52,,,2,29,,618,52,,,2,68,,621,52,,,2
2601,'SAM',508,,678,52,,,2,51,,668,52,,,2,85,,681,52,,,2,81,,669,52,,,2,25,,688,52,,,2,65,,685,52,,,2,31,,690,52,,,2,70,,686,52,,,2,32,,694,52,,,2,70,,691,52,,,2,30,,698,52,,,2,65,,684,52,,,2,25,,696,52,,,2,62,,680,52,,,2,18,,699,52,,,2,21,,692,52,,,2,19,,655,52,,,2,59,,695,52,,,2,22,,689,52,,,2,20,,679,52,,,2,61,,682,52,,,2,21,,683,52,,,2,59,,652,52,,,2,22,,654,52,,,2,17,,658,52,,,2,20,,656,52,,,2,60,,693,52,,,2,18,,687,52,,,2,21,,659,52,,,2,62,,697,52,,,2,20,,663,52,,,2,62,,667,52,,,2,43,,671,52,,,2,71,,674,52,,,2,29,,677,52,,,2,70,,672,52,,,2,30,,653,52,,,2,70,,662,52,,,2,29,,661,52,,,2,69,,670,52,,,2,28,,657,52,,,2,69,,665,52,,,2,29,,675,52,,,2,68,,660,52,,,2,30,,664,52,,,2,70,,666,52,,,2,30,,676,52,,,2,81,,673,52,,,2
2601,'SEM',507,,747,52,,,2,36,,733,52,,,2,71,,738,52,,,2,15,,748,52,,,2,13,,752,52,,,2,13,,756,52,,,2,51,,723,52,,,2,10,,706,52,,,2,12,,700,52,,,2,11,,742,52,,,2,16,,716,52,,,2,50,,709,52,,,2,12,,744,52,,,2,14,,743,52,,,2,16,,750,52,,,2,59,,712,52,,,2,23,,705,52,,,2,22,,710,52,,,2,61,,754,52,,,2,20,,734,52,,,2,20,,702,52,,,2,61,,749,52,,,2,22,,741,52,,,2,19,,704,52,,,2,60,,745,52,,,2,20,,708,52,,,2,21,,753,52,,,2,62,,735,52,,,2,22,,737,52,,,2,15,,746,52,,,2,65,,5449,52,,,2,19,,755,52,,,2,14,,703,52,,,2,57,,736,52,,,2,25,,701,52,,,2,23,,740,52,,,2,60,,751,52,,,2,20,,707,52,,,2,20,,717,52,,,2,60,,719,52,,,2,22,,711,52,,,2,18,,724,52,,,2,62,,725,52,,,2,18,,726,52,,,2,69,,730,52,,,2,30,,722,52,,,2,70,,713,52,,,2,28,,714,52,,,2,74,,728,52,,,2,25,,731,52,,,2,73,,720,52,,,2,22,,715,52,,,2,76,,721,52,,,2,29,,718,52,,,2,70,,727,52,,,2,17,,729,52,,,2,102,,732,52,,,2
3601,'SEM',636,,1254,29,,,2,23,,1249,29,,,2,51,,1248,29,,,2,23,,1251,29,,,2,15,,1252,29,,,2,63,,1255,29,,,2,14,,1250,29,,,2,79,,1253,29,,,2
4604,'DIM',546,,2298,60,,,1,100,,2304,60,,,1,101,,2306,60,,,1,99,,2307,60,,,1,107,,2301,60,,,1,105,,2311,60,,,1,96,,2308,60,,,1,103,,2313,60,,,1,100,,2314,60,,,1,101,,2305,60,,,1,101,,2309,60,,,1,99,,2297,60,,,1,101,,2312,60,,,1,99,,2310,60,,,1,98,,2300,60,,,1,99,,2315,60,,,1,99,,2303,60,,,1,98,,2299,60,,,1,100,,2302,60,,,1
4604,'SAM',546,,2318,60,,,1,100,,2327,60,,,1,101,,2328,60,,,1,99,,2329,60,,,1,107,,2333,60,,,1,106,,2332,60,,,1,95,,2331,60,,,1,103,,2326,60,,,1,99,,2334,60,,,1,97,,2316,60,,,1,106,,2317,60,,,1,145,,2330,60,,,1,55,,2335,60,,,1,99,,2320,60,,,1,98,,2321,60,,,1,99,,2324,60,,,1,99,,2322,60,,,1,98,,2325,60,,,1,100,,2319,60,,,1,98,,2323,60,,,1
4604,'SEM',506,,2362,60,,,1,46,,2350,60,,,1,70,,2358,60,,,1,26,,2363,60,,,1,59,,2338,60,,,1,26,,2345,60,,,1,67,,2355,60,,,1,30,,2339,60,,,1,72,,2359,60,,,1,28,,2353,60,,,1,70,,2351,60,,,1,29,,2340,60,,,1,30,,2356,60,,,1,70,,2337,60,,,1,30,,2352,60,,,1,70,,2354,60,,,1,74,,2336,60,,,1,27,,2365,60,,,1,28,,2341,60,,,1,72,,2360,60,,,1,70,,2364,60,,,1,34,,2344,60,,,1,79,,2357,60,,,1,30,,2361,60,,,1,63,,2343,60,,,1,101,,2342,60,,,1,95,,2347,60,,,1,56,,2349,60,,,1,94,,5238,60,,,1,100,,2346,60,,,1,99,,5237,60,,,1,100,,2348,60,,,1
6002,'DIM',727,,3158,51,,,1,103,,3167,51,,,1,101,,3165,51,,,1,102,,3166,51,,,1,101,,3168,51,,,1,101,,3171,51,,,1,101,,3169,51,,,1,101,,3172,51,,,1,100,,3170,51,,,1,99,,3173,51,,,1,99,,3174,51,,,1,98,,3160,51,,,1,99,,3162,51,,,1,100,,3161,51,,,1,100,,3163,51,,,1,99,,3157,51,,,1,99,,3159,51,,,1,97,,3164,51,,,1
6002,'SAM',727,,3186,51,,,1,103,,3177,51,,,1,101,,3189,51,,,1,102,,3191,51,,,1,101,,3187,51,,,1,101,,3190,51,,,1,101,,3188,51,,,1,101,,3176,51,,,1,100,,3192,51,,,1,99,,3175,51,,,1,99,,3179,51,,,1,100,,3184,51,,,1,97,,3180,51,,,1,100,,3181,51,,,1,100,,3185,51,,,1,99,,3178,51,,,1,99,,3182,51,,,1,97,,3183,51,,,1
6002,'SEM',700,,3210,51,,,1,105,,3208,51,,,1,102,,3194,51,,,1,100,,3211,51,,,1,100,,3209,51,,,1,104,,3199,51,,,1,101,,3193,51,,,1,99,,3195,51,,,1,101,,3207,51,,,1,99,,3196,51,,,1,103,,3201,51,,,1,103,,3198,51,,,1,91,,3204,51,,,1,99,,3202,51,,,1,98,,3197,51,,,1,100,,3200,51,,,1,96,,3203,51,,,1,49,,3206,51,,,1,98,,3205,51,,,1
6601,'DIM',558,,3631,37,,,1,100,,3633,37,,,1,142,,3639,37,,,1,100,,3629,37,,,1,32,,3630,37,,,1,71,,3637,37,,,1,31,,3640,37,,,1,75,,3628,37,,,1,26,,3635,37,,,1,70,,3634,37,,,1,101,,3641,37,,,1,101,,3638,37,,,1,103,,3636,37,,,1,99,,3632,37,,,1,103,,3624,37,,,1,96,,3626,37,,,1,98,,3623,37,,,1,100,,3625,37,,,1,100,,3627,37,,,1,100,,3622,37,,,1
6601,'SAM',558,,3647,37,,,1,100,,3654,37,,,1,142,,3656,37,,,1,100,,3652,37,,,1,32,,3650,37,,,1,71,,3642,37,,,1,31,,3659,37,,,1,75,,3648,37,,,1,26,,3660,37,,,1,70,,3655,37,,,1,101,,3658,37,,,1,101,,3661,37,,,1,103,,3657,37,,,1,99,,3653,37,,,1,103,,3643,37,,,1,96,,3644,37,,,1,98,,3646,37,,,1,100,,3645,37,,,1,100,,3649,37,,,1,100,,3651,37,,,1
6601,'SEM',638,,3675,37,,,1,104,,3665,37,,,1,101,,3677,37,,,1,103,,3674,37,,,1,100,,3664,37,,,1,106,,5259,37,,,1,102,,3662,37,,,1,100,,3676,37,,,1,103,,3666,37,,,1,71,,3670,37,,,1,88,,3671,37,,,1,106,,3663,37,,,1,93,,3668,37,,,1,99,,3667,37,,,1,98,,3672,37,,,1,98,,3669,37,,,1,99,,3673,37,,,1
