'OCRE25DIM',14401,62300,4,'',2,8700,4,'',2,9900,4,'',2,10200,4,'',2,9800,4,'',2,3200,4,'',2,7000,4,'',2,3000,4,'',2,7300,4,'',2,3000,4,'',2,7200,4,'',2,3300,4,'',2,7000,4,'',2,3400,4,'',2,7300,4,'',2,3000,4,'',2,7100,4,'',2,7400,4,'',2,2900,4,'',2,7100,4,'',2,10100,4,'',2,4500,4,'',2,9600,4,'',2,9900,4,'',2,9900,4,'',2,10000,4,'',2
'OCRE25JRA',14401,114100,4,'',2,7300,4,'',2,3000,4,'',2,7200,4,'',2,3300,4,'',2,7000,4,'',2,3400,4,'',2,7300,4,'',2,3000,4,'',2,7100,4,'',2,7400,4,'',2,2900,4,'',2,7100,4,'',2,10100,4,'',2,4500,4,'',2,9600,4,'',2
'OCRE25NOE',14401,114100,4,'',2,7300,4,'',2,3000,4,'',2,7200,4,'',2,3300,4,'',2,7000,4,'',2,3400,4,'',2,7300,4,'',2,3000,4,'',2,7100,4,'',2,7400,4,'',2,2900,4,'',2,7100,4,'',2,10100,4,'',2,4500,4,'',2,9600,4,'',2
'OCRE25SAM',14401,62300,4,'',2,8700,4,'',2,9900,4,'',2,10200,4,'',2,9800,4,'',2,3200,4,'',2,7000,4,'',2,3000,4,'',2,7300,4,'',2,3000,4,'',2,7200,4,'',2,3300,4,'',2,7000,4,'',2,3400,4,'',2,7300,4,'',2,3000,4,'',2,7100,4,'',2,7400,4,'',2,2900,4,'',2,7100,4,'',2,10100,4,'',2,4500,4,'',2,9600,4,'',2,9900,4,'',2,9900,4,'',2,10000,4,'',2,10000,4,'',2,10100,4,'',2
'OCRE25SEM',14401,55800,4,'',2,8100,4,'',2,1600,4,'',2,5600,4,'',2,1400,4,'',2,1200,4,'',2,1500,4,'',2,5200,4,'',2,2000,4,'',2,1800,4,'',2,6300,4,'',2,1600,4,'',2,2100,4,'',2,6300,4,'',2,2500,4,'',2,7200,4,'',2,2900,4,'',2,7100,4,'',2,2800,4,'',2,7300,4,'',2,3000,4,'',2,7100,4,'',2,3200,4,'',2,7300,4,'',2,3400,4,'',2,10400,4,'',2,9300,4,'',2,9900,4,'',2,9300,4,'',2,9400,4,'',2,9500,4,'',2,9500,4,'',2,10600,4,'',2,10400,4,'',2
'OCRE25DIM',15104,63700,4,'',2,11200,4,'',2,6100,4,'',2,2500,4,'',2,7200,4,'',2,3500,4,'',2,7300,4,'',2,2900,4,'',2,7200,4,'',2,3400,4,'',2,7400,4,'',2,3200,4,'',2,7200,4,'',2,7400,4,'',2,3100,4,'',2,7200,4,'',2,3400,4,'',2,6400,4,'',2,4300,4,'',2,8100,4,'',2,2500,4,'',2,7200,4,'',2,1800,4,'',2,7000,4,'',2,2900,4,'',2,7000,4,'',2,2600,4,'',2,6800,4,'',2,3000,4,'',2,8000,4,'',2,9600,4,'',2,9900,4,'',2,3400,4,'',2
'OCRE25JRA',15104,63700,4,'',2,11200,4,'',2,6100,4,'',2,2500,4,'',2,7200,4,'',2,3500,4,'',2,7300,4,'',2,2900,4,'',2,7200,4,'',2,3400,4,'',2,7400,4,'',2,3200,4,'',2,7200,4,'',2,7400,4,'',2,3100,4,'',2,7200,4,'',2,3400,4,'',2,6400,4,'',2,4300,4,'',2,8100,4,'',2,2500,4,'',2,7200,4,'',2,1800,4,'',2,7000,4,'',2,2900,4,'',2,7000,4,'',2,2600,4,'',2,6800,4,'',2,3000,4,'',2,8000,4,'',2,9600,4,'',2,9900,4,'',2,3400,4,'',2
'OCRE25NOE',15104,63700,4,'',2,11200,4,'',2,6100,4,'',2,2500,4,'',2,7200,4,'',2,3500,4,'',2,7300,4,'',2,2900,4,'',2,7200,4,'',2,3400,4,'',2,7400,4,'',2,3200,4,'',2,7200,4,'',2,7400,4,'',2,3100,4,'',2,7200,4,'',2,3400,4,'',2,6400,4,'',2,4300,4,'',2,8100,4,'',2,2500,4,'',2,7200,4,'',2,1800,4,'',2,7000,4,'',2,2900,4,'',2,7000,4,'',2,2600,4,'',2,6800,4,'',2,3000,4,'',2,8000,4,'',2,9600,4,'',2,9900,4,'',2,3400,4,'',2
'OCRE25SAM',15104,64000,4,'',2,11100,4,'',2,6300,4,'',2,2500,4,'',2,7300,4,'',2,3400,4,'',2,7300,4,'',2,2900,4,'',2,7200,4,'',2,3400,4,'',2,7300,4,'',2,3100,4,'',2,7200,4,'',2,7600,4,'',2,3100,4,'',2,7300,4,'',2,3600,4,'',2,6700,4,'',2,3800,4,'',2,7300,4,'',2,3400,4,'',2,6700,4,'',2,1700,4,'',2,6900,4,'',2,3100,4,'',2,7000,4,'',2,2700,4,'',2,6900,4,'',2,3000,4,'',2,8000,4,'',2,9500,4,'',2,9900,4,'',2,3300,4,'',2
'OCRE25SEM',15104,51100,4,'',2,2600,4,'',2,6300,4,'',2,2500,4,'',2,1400,4,'',2,6300,4,'',2,1100,4,'',2,1200,4,'',2,1000,4,'',2,1100,4,'',2,1200,4,'',2,5000,4,'',2,1400,4,'',2,1900,4,'',2,1800,4,'',2,5500,4,'',2,2400,4,'',2,2000,4,'',2,6000,4,'',2,2000,4,'',2,1900,4,'',2,6100,4,'',2,2100,4,'',2,2000,4,'',2,6200,4,'',2,1900,4,'',2,6100,4,'',2,2000,4,'',2,2500,4,'',2,5600,4,'',2,2200,4,'',2,2200,4,'',2,5800,4,'',2,1800,4,'',2,2900,4,'',2,6700,4,'',2,2000,4,'',2,1700,4,'',2,6800,4,'',2,1400,4,'',2,1500,4,'',2,5500,4,'',2,1300,4,'',2,1200,4,'',2,1900,4,'',2,5700,4,'',2,1900,4,'',2,2100,4,'',2,5900,4,'',2,2500,4,'',2,7400,4,'',2,2600,4,'',2,7200,4,'',2,2800,4,'',2,6800,4,'',2,2900,4,'',2,2800,4,'',2,6300,4,'',2,3200,4,'',2,8000,4,'',2
'OCRE25SEM',71304,61500,4,'',2,2900,4,'',2,7700,4,'',2,2900,4,'',2,6900,4,'',2,2900,4,'',2,9900,4,'',2,9500,4,'',2,10000,4,'',2,10000,4,'',2,10000,4,'',2,10100,4,'',2,10100,4,'',2,8900,4,'',2,10400,4,'',2,9800,4,'',2,9900,4,'',2,9900,4,'',2,9900,4,'',2,10000,4,'',2,10000,4,'',2,10900,4,'',2
'OCRE25SEM',90204,61300,4,'',1,3300,4,'',1,6800,4,'',1,3900,4,'',1,7100,4,'',1,3100,4,'',1,7000,4,'',1,2000,4,'',1,10100,4,'',1,10000,4,'',1,10500,4,'',1,9500,4,'',1,10700,4,'',1,15200,4,'',1,5300,4,'',1,9800,4,'',1,10000,4,'',1,9800,4,'',1,9600,4,'',1,10000,4,'',1,10000,4,'',1
