1703,'DIM',618,,102,11,,,1,89,,94,11,,,1,99,,97,11,,,1,101,,96,11,,,1,97,,98,11,,,1,101,,93,11,,,1,100,,100,11,,,1,99,,95,11,,,1,101,,99,11,,,1,100,,101,11,,,1,102,,83,11,,,1,99,,87,11,,,1,99,,86,11,,,1,101,,85,11,,,1,99,,88,11,,,1,99,,91,11,,,1,101,,84,11,,,1,100,,89,11,,,1,102,,90,11,,,1,120,,92,11,,,1
1703,'SAM',540,,114,11,,,1,78,,121,11,,,1,89,,115,11,,,1,99,,111,11,,,1,101,,113,11,,,1,97,,116,11,,,1,100,,120,11,,,1,101,,118,11,,,1,100,,112,11,,,1,100,,119,11,,,1,100,,117,11,,,1,102,,122,11,,,1,100,,123,11,,,1,99,,103,11,,,1,100,,108,11,,,1,99,,105,11,,,1,99,,104,11,,,1,101,,106,11,,,1,100,,109,11,,,1,102,,110,11,,,1,120,,107,11,,,1
1703,'SEM',600,,140,11,,,1,102,,142,11,,,1,105,,141,11,,,1,96,,127,11,,,1,100,,139,11,,,1,100,,138,11,,,1,100,,144,11,,,1,100,,128,11,,,1,100,,125,11,,,1,98,,143,11,,,1,35,,146,11,,,1,20,,145,11,,,1,76,,124,11,,,1,23,,135,11,,,1,78,,126,11,,,1,80,,129,11,,,1,30,,132,11,,,1,69,,137,11,,,1,99,,5221,11,,,1,100,,130,11,,,1,100,,131,11,,,1,100,,133,11,,,1,100,,134,11,,,1,104,,136,11,,,1
2703,'DIM',901,,925,11,,,2,100,,928,11,,,2,58,,930,11,,,2,142,,924,11,,,2,55,,932,11,,,2,146,,927,11,,,2,101,,929,11,,,2,100,,926,11,,,2,100,,931,11,,,2,100,,918,11,,,2,100,,920,11,,,2,98,,919,11,,,2,100,,923,11,,,2,100,,917,11,,,2,102,,916,11,,,2,100,,921,11,,,2,100,,922,11,,,2
2703,'SAM',701,,942,11,,,2,100,,943,11,,,2,100,,941,11,,,2,100,,951,11,,,2,100,,945,11,,,2,100,,948,11,,,2,54,,944,11,,,2,147,,946,11,,,2,102,,947,11,,,2,99,,940,11,,,2,54,,949,11,,,2,146,,950,11,,,2,100,,935,11,,,2,98,,938,11,,,2,100,,933,11,,,2,100,,934,11,,,2,102,,936,11,,,2,100,,937,11,,,2,100,,939,11,,,2
2703,'SEM',807,,969,11,,,2,50,,954,11,,,2,100,,5302,11,,,2,100,,953,11,,,2,99,,971,11,,,2,90,,968,11,,,2,103,,972,11,,,2,100,,957,11,,,2,81,,5303,11,,,2,82,,970,11,,,2,15,,952,11,,,2,30,,959,11,,,2,79,,956,11,,,2,65,,967,11,,,2,56,,963,11,,,2,87,,966,11,,,2,103,,962,11,,,2,102,,958,11,,,2,100,,961,11,,,2,100,,964,11,,,2,100,,965,11,,,2
3103,'DIM',637,,1047,13,,,1,99,,1046,13,,,1,99,,1051,13,,,1,99,,1052,13,,,1,99,,1050,13,,,1,100,,1048,13,,,1,102,,1037,13,,,1,100,,1049,13,,,1,99,,1036,13,,,1,102,,1035,13,,,1,99,,1040,13,,,1,99,,1042,13,,,1,103,,1041,13,,,1,97,,1043,13,,,1,101,,1039,13,,,1,100,,1038,13,,,1,100,,1044,13,,,1,101,,1045,13,,,1
3103,'SAM',637,,1065,13,,,1,99,,1064,13,,,1,99,,1067,13,,,1,99,,1070,13,,,1,99,,1071,13,,,1,100,,1066,13,,,1,100,,1062,13,,,1,101,,1068,13,,,1,100,,1063,13,,,1,102,,1069,13,,,1,100,,1057,13,,,1,99,,1059,13,,,1,100,,1055,13,,,1,100,,1060,13,,,1,100,,1053,13,,,1,100,,1054,13,,,1,100,,1056,13,,,1,102,,1058,13,,,1,95,,1061,13,,,1
3103,'SEM',632,,1093,13,,,1,99,,1091,13,,,1,100,,1092,13,,,1,100,,1072,13,,,1,101,,1073,13,,,1,100,,1075,13,,,1,100,,1094,13,,,1,100,,1074,13,,,1,100,,1079,13,,,1,98,,1080,13,,,1,11,,1081,13,,,1,76,,1076,13,,,1,30,,1085,13,,,1,80,,1082,13,,,1,30,,1078,13,,,1,76,,1090,13,,,1,70,,1077,13,,,1,36,,1089,13,,,1,100,,1083,13,,,1,101,,1086,13,,,1,100,,1087,13,,,1,98,,1084,13,,,1,114,,1088,13,,,1
4303,'DIM',636,,1973,11,,,1,101,,1975,11,,,1,100,,1979,11,,,1,100,,1977,11,,,1,106,,1978,11,,,1,101,,1976,11,,,1,100,,1982,11,,,1,99,,1980,11,,,1,103,,1981,11,,,1,97,,1963,11,,,1,99,,1964,11,,,1,104,,1966,11,,,1,92,,1969,11,,,1,99,,1968,11,,,1,100,,1965,11,,,1,100,,1967,11,,,1,100,,1974,11,,,1,100,,1970,11,,,1,99,,1972,11,,,1,100,,1971,11,,,1
4303,'SAM',636,,1995,11,,,1,101,,1984,11,,,1,100,,2000,11,,,1,100,,1985,11,,,1,106,,1986,11,,,1,101,,1998,11,,,1,100,,1996,11,,,1,99,,2001,11,,,1,102,,1997,11,,,1,101,,1999,11,,,1,98,,1983,11,,,1,98,,2002,11,,,1,96,,1990,11,,,1,99,,1987,11,,,1,100,,1991,11,,,1,100,,1988,11,,,1,100,,1989,11,,,1,100,,1994,11,,,1,99,,1992,11,,,1,100,,1993,11,,,1
4303,'SEM',637,,2022,11,,,1,100,,2023,11,,,1,81,,2006,11,,,1,104,,2024,11,,,1,31,,2005,11,,,1,69,,2020,11,,,1,30,,2012,11,,,1,70,,2008,11,,,1,30,,2026,11,,,1,70,,2025,11,,,1,30,,2021,11,,,1,72,,2009,11,,,1,28,,2010,11,,,1,70,,2014,11,,,1,30,,2027,11,,,1,70,,2004,11,,,1,25,,2011,11,,,1,70,,2007,11,,,1,19,,2028,11,,,1,76,,2013,11,,,1,31,,2003,11,,,1,71,,2017,11,,,1,102,,2018,11,,,1,101,,2019,11,,,1,101,,5230,11,,,1,101,,5231,11,,,1,109,,2015,11,,,1,106,,2016,11,,,1
6002,'DIM',657,,3158,11,,,1,100,,3167,11,,,1,99,,3165,11,,,1,100,,3166,11,,,1,100,,3168,11,,,1,100,,3171,11,,,1,101,,3169,11,,,1,100,,3172,11,,,1,100,,3170,11,,,1,99,,3173,11,,,1,99,,3174,11,,,1,100,,3160,11,,,1,101,,3162,11,,,1,101,,3161,11,,,1,101,,3163,11,,,1,100,,3157,11,,,1,100,,3159,11,,,1,99,,3164,11,,,1
6002,'SAM',657,,3186,11,,,1,100,,3177,11,,,1,99,,3189,11,,,1,100,,3191,11,,,1,100,,3187,11,,,1,100,,3190,11,,,1,101,,3188,11,,,1,100,,3176,11,,,1,100,,3192,11,,,1,99,,3175,11,,,1,99,,3179,11,,,1,102,,3184,11,,,1,99,,3180,11,,,1,101,,3181,11,,,1,101,,3185,11,,,1,100,,3178,11,,,1,100,,3182,11,,,1,99,,3183,11,,,1
6002,'SEM',628,,3210,11,,,1,100,,3208,11,,,1,101,,3194,11,,,1,99,,3211,11,,,1,100,,3209,11,,,1,101,,3199,11,,,1,100,,3193,11,,,1,99,,3195,11,,,1,101,,3207,11,,,1,98,,3196,11,,,1,101,,3201,11,,,1,107,,3198,11,,,1,94,,3204,11,,,1,100,,3202,11,,,1,99,,3197,11,,,1,100,,3200,11,,,1,99,,3203,11,,,1,90,,3206,11,,,1,100,,3205,11,,,1
7303,'DIM',652,,3922,11,,,1,99,,3919,11,,,1,100,,3920,11,,,1,98,,3923,11,,,1,100,,3926,11,,,1,100,,3921,11,,,1,100,,3924,11,,,1,101,,3918,11,,,1,99,,3925,11,,,1,102,,3927,11,,,1,99,,3912,11,,,1,100,,3909,11,,,1,101,,3915,11,,,1,99,,3911,11,,,1,100,,3910,11,,,1,100,,3913,11,,,1,100,,3914,11,,,1,102,,3917,11,,,1,105,,3916,11,,,1
7303,'SAM',558,,3944,11,,,1,94,,3941,11,,,1,99,,3940,11,,,1,100,,3945,11,,,1,98,,3947,11,,,1,101,,3943,11,,,1,99,,3931,11,,,1,100,,3946,11,,,1,101,,3942,11,,,1,99,,3948,11,,,1,102,,3949,11,,,1,101,,3930,11,,,1,99,,3928,11,,,1,99,,3929,11,,,1,100,,3933,11,,,1,100,,3932,11,,,1,100,,3934,11,,,1,100,,3935,11,,,1,102,,3938,11,,,1,105,,3936,11,,,1,100,,3939,11,,,1,100,,3937,11,,,1
7303,'SEM',545,,3984,11,,,1,66,,3981,11,,,1,38,,3980,11,,,1,10,,3985,11,,,1,78,,3974,11,,,1,16,,3952,11,,,1,83,,5328,11,,,1,12,,3951,11,,,1,70,,3968,11,,,1,31,,3983,11,,,1,69,,3953,11,,,1,31,,5329,11,,,1,69,,3967,11,,,1,31,,5265,11,,,1,69,,3986,11,,,1,30,,3954,11,,,1,70,,3957,11,,,1,30,,3962,11,,,1,70,,3950,11,,,1,30,,3959,11,,,1,75,,3987,11,,,1,24,,3969,11,,,1,55,,3961,11,,,1,21,,3955,11,,,1,16,,3956,11,,,1,63,,3965,11,,,1,17,,3963,11,,,1,30,,3975,11,,,1,55,,3964,11,,,1,16,,3960,11,,,1,33,,3970,11,,,1,70,,3972,11,,,1,32,,3966,11,,,1,100,,3977,11,,,1,100,,5266,11,,,1,100,,3976,11,,,1,100,,3971,11,,,1,81,,3973,11,,,1,95,,3978,11,,,1,121,,3979,11,,,1
7401,'DIM',722,,4082,11,,,2,99,,4083,11,,,2,101,,4086,11,,,2,97,,4085,11,,,2,101,,4087,11,,,2,100,,4084,11,,,2,100,,4081,11,,,2,99,,4080,11,,,2,102,,4088,11,,,2,99,,4074,11,,,2,102,,4075,11,,,2,99,,4077,11,,,2,100,,4078,11,,,2,99,,4079,11,,,2,101,,4073,11,,,2,99,,4072,11,,,2,101,,4076,11,,,2
7401,'SAM',722,,4097,11,,,2,99,,4099,11,,,2,101,,4098,11,,,2,98,,4101,11,,,2,100,,4103,11,,,2,100,,4105,11,,,2,101,,4100,11,,,2,98,,4104,11,,,2,101,,4102,11,,,2,100,,4089,11,,,2,101,,4092,11,,,2,101,,4094,11,,,2,100,,4093,11,,,2,98,,4095,11,,,2,101,,4090,11,,,2,99,,4096,11,,,2,101,,4091,11,,,2
7401,'SEM',624,,4121,11,,,2,95,,4106,11,,,2,100,,4120,11,,,2,103,,4110,11,,,2,101,,4111,11,,,2,101,,4124,11,,,2,99,,4109,11,,,2,101,,4123,11,,,2,100,,4122,11,,,2,93,,4108,11,,,2,93,,4112,11,,,2,101,,4107,11,,,2,30,,4114,11,,,2,85,,4119,11,,,2,100,,4113,11,,,2,101,,4116,11,,,2,100,,4117,11,,,2,100,,4115,11,,,2,100,,5271,11,,,2,95,,4118,11,,,2
