1703,'DIM',616,,102,8,,,1,89,,94,8,,,1,99,,97,8,,,1,101,,96,8,,,1,97,,98,8,,,1,101,,93,8,,,1,100,,100,8,,,1,99,,95,8,,,1,101,,99,8,,,1,100,,101,8,,,1,102,,83,8,,,1,99,,87,8,,,1,99,,86,8,,,1,101,,85,8,,,1,99,,88,8,,,1,99,,91,8,,,1,101,,84,8,,,1,100,,89,8,,,1,102,,90,8,,,1,120,,92,8,,,1
1703,'SAM',539,,114,8,,,1,77,,121,8,,,1,89,,115,8,,,1,99,,111,8,,,1,101,,113,8,,,1,97,,116,8,,,1,100,,120,8,,,1,101,,118,8,,,1,100,,112,8,,,1,100,,119,8,,,1,100,,117,8,,,1,102,,122,8,,,1,100,,123,8,,,1,99,,103,8,,,1,100,,108,8,,,1,99,,105,8,,,1,99,,104,8,,,1,101,,106,8,,,1,100,,109,8,,,1,102,,110,8,,,1,120,,107,8,,,1
1703,'SEM',558,,140,8,,,1,142,,142,8,,,1,105,,141,8,,,1,96,,127,8,,,1,100,,139,8,,,1,100,,138,8,,,1,100,,144,8,,,1,100,,128,8,,,1,100,,125,8,,,1,58,,143,8,,,1,75,,146,8,,,1,20,,145,8,,,1,76,,124,8,,,1,23,,135,8,,,1,78,,126,8,,,1,80,,129,8,,,1,30,,132,8,,,1,69,,137,8,,,1,99,,5221,8,,,1,100,,130,8,,,1,100,,131,8,,,1,100,,133,8,,,1,100,,134,8,,,1,104,,136,8,,,1
2703,'DIM',859,,925,8,,,2,100,,928,8,,,2,98,,930,8,,,2,102,,924,8,,,2,95,,932,8,,,2,146,,927,8,,,2,101,,929,8,,,2,100,,926,8,,,2,100,,931,8,,,2,100,,918,8,,,2,100,,920,8,,,2,58,,919,8,,,2,100,,923,8,,,2,100,,917,8,,,2,142,,916,8,,,2,100,,921,8,,,2,100,,922,8,,,2
2703,'SAM',659,,942,8,,,2,100,,943,8,,,2,100,,941,8,,,2,100,,951,8,,,2,100,,945,8,,,2,100,,948,8,,,2,94,,944,8,,,2,147,,946,8,,,2,102,,947,8,,,2,99,,940,8,,,2,54,,949,8,,,2,146,,950,8,,,2,100,,935,8,,,2,58,,938,8,,,2,100,,933,8,,,2,100,,934,8,,,2,142,,936,8,,,2,100,,937,8,,,2,100,,939,8,,,2
2703,'SEM',805,,969,8,,,2,50,,954,8,,,2,100,,5302,8,,,2,100,,953,8,,,2,99,,971,8,,,2,90,,968,8,,,2,103,,972,8,,,2,100,,957,8,,,2,81,,5386,8,,,2,82,,970,8,,,2,15,,952,8,,,2,30,,959,8,,,2,79,,956,8,,,2,25,,967,8,,,2,96,,963,8,,,2,87,,966,8,,,2,103,,962,8,,,2,102,,958,8,,,2,100,,961,8,,,2,100,,964,8,,,2,100,,965,8,,,2
3103,'DIM',635,,1047,10,,,1,99,,1046,10,,,1,99,,1051,10,,,1,99,,1052,10,,,1,99,,1050,10,,,1,100,,1048,10,,,1,102,,1037,10,,,1,100,,1049,10,,,1,99,,1036,10,,,1,102,,1035,10,,,1,99,,1040,10,,,1,99,,1042,10,,,1,103,,1041,10,,,1,97,,1043,10,,,1,101,,1039,10,,,1,100,,1038,10,,,1,100,,1044,10,,,1,101,,1045,10,,,1
3103,'SAM',635,,1065,10,,,1,99,,1064,10,,,1,99,,1067,10,,,1,99,,1070,10,,,1,99,,1071,10,,,1,100,,1066,10,,,1,100,,1062,10,,,1,101,,1068,10,,,1,100,,1063,10,,,1,102,,1069,10,,,1,100,,1057,10,,,1,99,,1059,10,,,1,100,,1055,10,,,1,100,,1060,10,,,1,100,,1053,10,,,1,100,,1054,10,,,1,100,,1056,10,,,1,102,,1058,10,,,1,95,,1061,10,,,1
3103,'SEM',630,,1093,10,,,1,99,,1091,10,,,1,100,,1092,10,,,1,100,,1072,10,,,1,101,,1073,10,,,1,100,,1075,10,,,1,100,,1094,10,,,1,100,,1074,10,,,1,100,,1079,10,,,1,98,,1080,10,,,1,11,,1081,10,,,1,76,,1076,10,,,1,30,,1085,10,,,1,80,,1082,10,,,1,30,,1078,10,,,1,76,,1090,10,,,1,70,,1077,10,,,1,36,,1089,10,,,1,100,,1083,10,,,1,101,,1086,10,,,1,100,,1087,10,,,1,98,,1084,10,,,1,114,,1088,10,,,1
4303,'DIM',635,,1973,8,,,1,100,,1975,8,,,1,100,,1979,8,,,1,100,,1977,8,,,1,106,,1978,8,,,1,101,,1976,8,,,1,100,,1982,8,,,1,99,,1980,8,,,1,103,,1981,8,,,1,97,,1963,8,,,1,99,,1964,8,,,1,104,,1966,8,,,1,92,,1969,8,,,1,99,,1968,8,,,1,100,,1965,8,,,1,100,,1967,8,,,1,100,,1974,8,,,1,100,,1970,8,,,1,100,,1972,8,,,1,100,,1971,8,,,1
4303,'SAM',635,,1995,8,,,1,100,,1984,8,,,1,100,,2000,8,,,1,100,,1985,8,,,1,106,,1986,8,,,1,101,,1998,8,,,1,100,,1996,8,,,1,99,,2001,8,,,1,102,,1997,8,,,1,101,,1999,8,,,1,98,,1983,8,,,1,98,,2002,8,,,1,96,,1990,8,,,1,99,,1987,8,,,1,100,,1991,8,,,1,100,,1988,8,,,1,100,,1989,8,,,1,100,,1994,8,,,1,100,,1992,8,,,1,100,,1993,8,,,1
4303,'SEM',635,,2022,8,,,1,100,,2023,8,,,1,81,,2006,8,,,1,104,,2024,8,,,1,31,,2005,8,,,1,69,,2020,8,,,1,30,,5542,8,,,1,70,,2008,8,,,1,30,,2026,8,,,1,70,,2025,8,,,1,30,,2021,8,,,1,72,,2009,8,,,1,28,,2010,8,,,1,70,,2014,8,,,1,30,,2027,8,,,1,70,,2004,8,,,1,25,,2011,8,,,1,70,,2007,8,,,1,19,,2028,8,,,1,76,,2013,8,,,1,31,,2003,8,,,1,71,,2017,8,,,1,102,,2018,8,,,1,101,,2019,8,,,1,101,,5230,8,,,1,101,,5231,8,,,1,110,,2015,8,,,1,106,,2016,8,,,1
6002,'DIM',655,,3158,8,,,1,100,,3167,8,,,1,99,,3165,8,,,1,100,,3166,8,,,1,100,,3168,8,,,1,100,,3171,8,,,1,100,,3169,8,,,1,100,,3172,8,,,1,100,,3170,8,,,1,99,,3173,8,,,1,99,,3174,8,,,1,101,,3160,8,,,1,101,,3162,8,,,1,101,,3161,8,,,1,101,,3163,8,,,1,100,,3157,8,,,1,100,,3159,8,,,1,99,,3164,8,,,1
6002,'SAM',655,,3186,8,,,1,100,,3177,8,,,1,99,,3189,8,,,1,100,,3191,8,,,1,100,,3187,8,,,1,100,,3190,8,,,1,100,,3188,8,,,1,100,,3176,8,,,1,100,,3192,8,,,1,99,,3175,8,,,1,99,,3179,8,,,1,103,,3184,8,,,1,99,,3180,8,,,1,101,,3181,8,,,1,101,,3185,8,,,1,100,,3178,8,,,1,100,,3182,8,,,1,99,,3183,8,,,1
6002,'SEM',626,,3210,8,,,1,100,,3208,8,,,1,100,,3194,8,,,1,99,,3211,8,,,1,100,,3209,8,,,1,101,,3199,8,,,1,100,,3193,8,,,1,99,,3195,8,,,1,101,,3207,8,,,1,98,,3196,8,,,1,101,,3201,8,,,1,107,,3198,8,,,1,94,,3204,8,,,1,101,,3202,8,,,1,99,,3197,8,,,1,100,,3200,8,,,1,99,,3203,8,,,1,90,,3206,8,,,1,100,,3205,8,,,1
7303,'DIM',650,,3922,8,,,1,99,,3919,8,,,1,100,,3920,8,,,1,98,,3923,8,,,1,100,,3926,8,,,1,100,,3921,8,,,1,100,,3924,8,,,1,101,,3918,8,,,1,99,,3925,8,,,1,102,,3927,8,,,1,99,,3912,8,,,1,100,,3909,8,,,1,101,,3915,8,,,1,99,,3911,8,,,1,100,,3910,8,,,1,100,,3913,8,,,1,100,,3914,8,,,1,102,,3917,8,,,1,105,,3916,8,,,1
7303,'SAM',557,,3944,8,,,1,93,,3941,8,,,1,99,,3940,8,,,1,100,,3945,8,,,1,98,,3947,8,,,1,101,,3943,8,,,1,99,,3931,8,,,1,100,,3946,8,,,1,101,,3942,8,,,1,99,,3948,8,,,1,102,,3949,8,,,1,101,,3930,8,,,1,99,,3928,8,,,1,99,,3929,8,,,1,100,,3933,8,,,1,100,,3932,8,,,1,100,,3934,8,,,1,100,,3935,8,,,1,102,,3938,8,,,1,105,,3936,8,,,1,100,,3939,8,,,1,100,,3937,8,,,1
7303,'SEM',543,,3984,8,,,1,66,,3981,8,,,1,38,,3980,8,,,1,10,,3985,8,,,1,78,,3974,8,,,1,16,,5506,8,,,1,83,,5409,8,,,1,12,,3951,8,,,1,70,,5507,8,,,1,31,,3983,8,,,1,69,,3953,8,,,1,31,,5590,8,,,1,69,,3967,8,,,1,31,,5265,8,,,1,69,,3986,8,,,1,30,,5553,8,,,1,70,,3957,8,,,1,30,,3962,8,,,1,70,,3950,8,,,1,30,,3959,8,,,1,75,,3987,8,,,1,24,,3969,8,,,1,55,,3961,8,,,1,21,,3955,8,,,1,16,,3956,8,,,1,63,,3965,8,,,1,17,,5552,8,,,1,30,,3975,8,,,1,55,,3964,8,,,1,16,,3960,8,,,1,33,,3970,8,,,1,70,,3972,8,,,1,32,,3966,8,,,1,100,,3977,8,,,1,100,,5266,8,,,1,100,,3976,8,,,1,100,,3971,8,,,1,81,,3973,8,,,1,95,,3978,8,,,1,121,,3979,8,,,1
7401,'DIM',720,,4082,8,,,2,99,,4083,8,,,2,101,,4086,8,,,2,97,,4085,8,,,2,101,,4087,8,,,2,100,,4084,8,,,2,100,,4081,8,,,2,99,,4080,8,,,2,102,,4088,8,,,2,99,,4074,8,,,2,102,,4075,8,,,2,99,,4077,8,,,2,100,,4078,8,,,2,99,,4079,8,,,2,101,,4073,8,,,2,99,,4072,8,,,2,101,,4076,8,,,2
7401,'SAM',720,,4097,8,,,2,99,,4099,8,,,2,101,,4098,8,,,2,98,,4101,8,,,2,100,,4103,8,,,2,100,,4105,8,,,2,101,,4100,8,,,2,98,,4104,8,,,2,101,,4102,8,,,2,100,,4089,8,,,2,101,,4092,8,,,2,101,,4094,8,,,2,100,,4093,8,,,2,98,,4095,8,,,2,101,,4090,8,,,2,99,,4096,8,,,2,101,,4091,8,,,2
7401,'SEM',622,,4121,8,,,2,95,,4106,8,,,2,100,,4120,8,,,2,103,,4110,8,,,2,101,,4111,8,,,2,101,,4124,8,,,2,99,,4109,8,,,2,101,,4123,8,,,2,100,,4122,8,,,2,93,,4108,8,,,2,93,,4112,8,,,2,101,,4107,8,,,2,30,,4114,8,,,2,85,,4119,8,,,2,100,,4113,8,,,2,101,,4116,8,,,2,100,,4117,8,,,2,100,,4115,8,,,2,100,,5271,8,,,2,95,,4118,8,,,2
