4503,'DIM',638,,2107,4,,,1,100,,2117,4,,,1,101,,2115,4,,,1,98,,2121,4,,,1,101,,2116,4,,,1,98,,2119,4,,,1,105,,2109,4,,,1,100,,2113,4,,,1,98,,2106,4,,,1,102,,2104,4,,,1,92,,2118,4,,,1,102,,2120,4,,,1,104,,2105,4,,,1,102,,2114,4,,,1,102,,2108,4,,,1,99,,2111,4,,,1,99,,2112,4,,,1,101,,2110,4,,,1
4503,'SAM',638,,2135,4,,,1,100,,2131,4,,,1,101,,2134,4,,,1,98,,2133,4,,,1,101,,2123,4,,,1,97,,2132,4,,,1,106,,2136,4,,,1,99,,2127,4,,,1,101,,2138,4,,,1,101,,2137,4,,,1,91,,2139,4,,,1,105,,2122,4,,,1,101,,2129,4,,,1,102,,2124,4,,,1,102,,2128,4,,,1,99,,2126,4,,,1,99,,2130,4,,,1,101,,2125,4,,,1
4503,'SEM',625,,2145,4,,,1,18,,2143,4,,,1,74,,2140,4,,,1,26,,2160,4,,,1,67,,2144,4,,,1,39,,2142,4,,,1,65,,2161,4,,,1,110,,2159,4,,,1,100,,2148,4,,,1,95,,2146,4,,,1,100,,2162,4,,,1,101,,2141,4,,,1,105,,2163,4,,,1,26,,2150,4,,,1,88,,2153,4,,,1,19,,2147,4,,,1,58,,2154,4,,,1,32,,2156,4,,,1,80,,2152,4,,,1,100,,2151,4,,,1,100,,2155,4,,,1,100,,2158,4,,,1,100,,2149,4,,,1,95,,2157,4,,,1
5001,'DIM',528,,2502,14,,,1,100,,2510,14,,,1,100,,2498,14,,,1,98,,2515,14,,,1,101,,2507,14,,,1,73,,2517,14,,,1,37,,2509,14,,,1,64,,2522,14,,,1,38,,2520,14,,,1,62,,2521,14,,,1,35,,2523,14,,,1,69,,2508,14,,,1,32,,2511,14,,,1,76,,2524,14,,,1,29,,2513,14,,,1,73,,2512,14,,,1,30,,2518,14,,,1,63,,2516,14,,,1,34,,2514,14,,,1,81,,2519,14,,,1,18,,2500,14,,,1,100,,2503,14,,,1,99,,2506,14,,,1,100,,2499,14,,,1,99,,2504,14,,,1,98,,2501,14,,,1,100,,2505,14,,,1
5001,'SAM',528,,2532,14,,,1,100,,2535,14,,,1,100,,2526,14,,,1,98,,2547,14,,,1,101,,2545,14,,,1,79,,2550,14,,,1,30,,2543,14,,,1,65,,2527,14,,,1,38,,2551,14,,,1,62,,2549,14,,,1,35,,2528,14,,,1,69,,2539,14,,,1,32,,2541,14,,,1,76,,2544,14,,,1,29,,2540,14,,,1,73,,2542,14,,,1,30,,2530,14,,,1,63,,2531,14,,,1,34,,2525,14,,,1,79,,2546,14,,,1,21,,2548,14,,,1,99,,2536,14,,,1,99,,2538,14,,,1,100,,2537,14,,,1,99,,2533,14,,,1,98,,2529,14,,,1,100,,2534,14,,,1
5001,'SEM',518,,2573,14,,,1,106,,2578,14,,,1,76,,2574,14,,,1,23,,2553,14,,,1,36,,2552,14,,,1,64,,2555,14,,,1,31,,2581,14,,,1,67,,2582,14,,,1,33,,2577,14,,,1,67,,2554,14,,,1,33,,2558,14,,,1,68,,2576,14,,,1,32,,2564,14,,,1,72,,2579,14,,,1,30,,2559,14,,,1,72,,2575,14,,,1,28,,2580,14,,,1,70,,2557,14,,,1,82,,2556,14,,,1,26,,2567,14,,,1,76,,2560,14,,,1,30,,2561,14,,,1,69,,2566,14,,,1,29,,2562,14,,,1,75,,2565,14,,,1,29,,2568,14,,,1,75,,2569,14,,,1,104,,5240,14,,,1,104,,2563,14,,,1,104,,2571,14,,,1,105,,2570,14,,,1,106,,2572,14,,,1,89,,2584,4,,,1
6001,'DIM',806,,3103,38,,,1,103,,3111,38,,,1,101,,3109,38,,,1,104,,3110,38,,,1,101,,3112,38,,,1,102,,3115,38,,,1,102,,3113,38,,,1,100,,3116,38,,,1,100,,3114,38,,,1,102,,3117,38,,,1,92,,3118,38,,,1,99,,3105,38,,,1,98,,3107,38,,,1,98,,3106,38,,,1,99,,3108,38,,,1,99,,3102,38,,,1,100,,3104,38,,,1
6001,'SAM',703,,3125,38,,,1,103,,3130,38,,,1,103,,3121,38,,,1,101,,3133,38,,,1,103,,3135,38,,,1,102,,3131,38,,,1,102,,3134,38,,,1,102,,3132,38,,,1,100,,3120,38,,,1,100,,3136,38,,,1,102,,3119,38,,,1,92,,3123,38,,,1,100,,3128,38,,,1,97,,3124,38,,,1,98,,3126,38,,,1,99,,3129,38,,,1,99,,3122,38,,,1,100,,3127,38,,,1
6001,'SEM',548,,3151,38,,,1,101,,3137,38,,,1,86,,3155,38,,,1,77,,3149,38,,,1,37,,3153,38,,,1,101,,3139,38,,,1,100,,3156,38,,,1,101,,3154,38,,,1,104,,3140,38,,,1,100,,3138,38,,,1,101,,3150,38,,,1,102,,3152,38,,,1,99,,3141,38,,,1,102,,3145,38,,,1,97,,3143,38,,,1,90,,3148,38,,,1,98,,3146,38,,,1,99,,3142,38,,,1,99,,3144,38,,,1,94,,3147,38,,,1
34503,'SEM',443,,4973,23,,,1,101,,4974,23,,,1
