201,'SAM',2557,,1,16,,,1,81,,3,16,,,1,84,,2,16,,,1
201,'SEM',2518,,4,16,,,1,24,,5,16,,,1,81,,5216,16,,,1,81,,5217,16,,,1
1704,'DIM',514,,160,49,,,1,90,,161,49,,,1,101,,166,49,,,1,103,,159,49,,,1,102,,164,49,,,1,101,,163,49,,,1,102,,165,49,,,1,100,,167,49,,,1,101,,168,49,,,1,101,,162,49,,,1,102,,148,49,,,1,99,,149,49,,,1,100,,152,49,,,1,100,,154,49,,,1,98,,153,49,,,1,98,,151,49,,,1,100,,155,49,,,1,98,,158,49,,,1,98,,150,49,,,1,98,,156,49,,,1,96,,157,49,,,1
1704,'SAM',514,,181,49,,,1,90,,182,49,,,1,101,,188,49,,,1,103,,185,49,,,1,102,,180,49,,,1,101,,184,49,,,1,102,,189,49,,,1,100,,187,49,,,1,101,,186,49,,,1,101,,183,49,,,1,101,,170,49,,,1,100,,171,49,,,1,101,,173,49,,,1,99,,175,49,,,1,98,,169,49,,,1,98,,177,49,,,1,100,,174,49,,,1,98,,172,49,,,1,98,,176,49,,,1,98,,178,49,,,1,96,,179,49,,,1
1704,'SEM',527,,204,49,,,1,94,,208,49,,,1,23,,211,49,,,1,62,,191,49,,,1,27,,195,49,,,1,76,,196,49,,,1,21,,190,49,,,1,98,,193,49,,,1,85,,194,49,,,1,100,,197,49,,,1,100,,207,49,,,1,100,,209,49,,,1,100,,199,49,,,1,102,,210,49,,,1,101,,192,49,,,1,105,,200,49,,,1,95,,198,49,,,1,97,,201,49,,,1,100,,206,49,,,1,100,,5222,49,,,1,99,,202,49,,,1,99,,203,49,,,1,98,,205,49,,,1
2704,'DIM',802,,991,54,,,2,101,,992,54,,,2,100,,987,54,,,2,99,,989,54,,,2,99,,990,54,,,2,103,,986,54,,,2,55,,993,54,,,2,147,,988,54,,,2,100,,979,54,,,2,100,,983,54,,,2,100,,984,54,,,2,98,,980,54,,,2,100,,982,54,,,2,98,,981,54,,,2,100,,985,54,,,2,100,,978,54,,,2
2704,'SAM',701,,1006,54,,,2,101,,1002,54,,,2,101,,1003,54,,,2,100,,1001,54,,,2,99,,1010,54,,,2,101,,1005,54,,,2,101,,1008,54,,,2,54,,1004,54,,,2,148,,1007,54,,,2,100,,997,54,,,2,100,,998,54,,,2,53,,1000,54,,,2,145,,1009,54,,,2,100,,996,54,,,2,98,,999,54,,,2,100,,994,54,,,2,100,,995,54,,,2
2704,'SEM',625,,1032,54,,,2,28,,1012,54,,,2,68,,1029,54,,,2,29,,1015,54,,,2,67,,1016,54,,,2,28,,1034,54,,,2,66,,1031,54,,,2,89,,1030,54,,,2,100,,1019,54,,,2,108,,1011,54,,,2,95,,1033,54,,,2,48,,1014,54,,,2,106,,1013,54,,,2,147,,1024,54,,,2,37,,1025,54,,,2,80,,1020,54,,,2,13,,1017,54,,,2,70,,1018,54,,,2,31,,1022,54,,,2,75,,1027,54,,,2,100,,1023,54,,,2,45,,1026,54,,,2,94,,1021,54,,,2,104,,1028,54,,,2
3104,'DIM',634,,1107,59,,,1,104,,1108,59,,,1,101,,1106,59,,,1,102,,1112,59,,,1,102,,1113,59,,,1,100,,1111,59,,,1,100,,1109,59,,,1,103,,1097,59,,,1,101,,1110,59,,,1,100,,1096,59,,,1,101,,1095,59,,,1,99,,1100,59,,,1,97,,1102,59,,,1,102,,1101,59,,,1,96,,1103,59,,,1,99,,1099,59,,,1,99,,1098,59,,,1,97,,1104,59,,,1,101,,1105,59,,,1
3104,'SAM',534,,1130,59,,,1,100,,1123,59,,,1,104,,1126,59,,,1,101,,1125,59,,,1,102,,1128,59,,,1,102,,1132,59,,,1,100,,1133,59,,,1,100,,1127,59,,,1,102,,1122,59,,,1,101,,1129,59,,,1,101,,1124,59,,,1,101,,1131,59,,,1,100,,1118,59,,,1,97,,1120,59,,,1,99,,1116,59,,,1,99,,1121,59,,,1,98,,1114,59,,,1,99,,1115,59,,,1,97,,1117,59,,,1,101,,1119,59,,,1
3104,'SEM',459,,1142,59,,,1,77,,1143,59,,,1,92,,1154,59,,,1,22,,1156,59,,,1,64,,1136,59,,,1,34,,1155,59,,,1,68,,1152,59,,,1,29,,1150,59,,,1,75,,1151,59,,,1,22,,1153,59,,,1,100,,1134,59,,,1,102,,1135,59,,,1,100,,1138,59,,,1,101,,1157,59,,,1,100,,1137,59,,,1,102,,1140,59,,,1,100,,1141,59,,,1,96,,1139,59,,,1,103,,1144,59,,,1,96,,1149,59,,,1,105,,1148,59,,,1,98,,1145,59,,,1,101,,1146,59,,,1,100,,1147,59,,,1
4304,'DIM',510,,2049,34,,,1,103,,2043,34,,,1,100,,2039,34,,,1,102,,2041,34,,,1,102,,2046,34,,,1,101,,2044,34,,,1,106,,2045,34,,,1,100,,2042,34,,,1,100,,2050,34,,,1,100,,2047,34,,,1,104,,2048,34,,,1,99,,2031,34,,,1,99,,2032,34,,,1,101,,2034,34,,,1,93,,2037,34,,,1,98,,2036,34,,,1,99,,2033,34,,,1,99,,2035,34,,,1,100,,2040,34,,,1,100,,2038,34,,,1
4304,'SAM',510,,2068,34,,,1,103,,2065,34,,,1,100,,2062,34,,,1,102,,2052,34,,,1,102,,2069,34,,,1,101,,2053,34,,,1,106,,2054,34,,,1,100,,2066,34,,,1,100,,2063,34,,,1,100,,2070,34,,,1,103,,2064,34,,,1,101,,2067,34,,,1,98,,2051,34,,,1,97,,2071,34,,,1,97,,2058,34,,,1,98,,2055,34,,,1,99,,2059,34,,,1,99,,2056,34,,,1,100,,2057,34,,,1,100,,2061,34,,,1,98,,2060,34,,,1
4304,'SEM',527,,2091,34,,,1,76,,2097,34,,,1,35,,2072,34,,,1,66,,2074,34,,,1,21,,2095,34,,,1,31,,2073,34,,,1,73,,2096,34,,,1,73,,2077,34,,,1,35,,2092,34,,,1,68,,2098,34,,,1,31,,2076,34,,,1,70,,2093,34,,,1,30,,2083,34,,,1,70,,2079,34,,,1,30,,2100,34,,,1,70,,2099,34,,,1,30,,2094,34,,,1,72,,2080,34,,,1,29,,2081,34,,,1,70,,2085,34,,,1,36,,2101,34,,,1,66,,2075,34,,,1,26,,2082,34,,,1,70,,2078,34,,,1,96,,2084,34,,,1,56,,2087,34,,,1,100,,2089,34,,,1,101,,2090,34,,,1,99,,5232,34,,,1,101,,5233,34,,,1,150,,2086,34,,,1,20,,2088,34,,,1
4804,'DIM',611,,2444,64,,,1,110,,2448,64,,,1,103,,2445,64,,,1,109,,2449,64,,,1,107,,2452,64,,,1,101,,2435,64,,,1,103,,2446,64,,,1,100,,2447,64,,,1,97,,2451,64,,,1,105,,2437,64,,,1,101,,2450,64,,,1,101,,2436,64,,,1,97,,2442,64,,,1,95,,2438,64,,,1,94,,2443,64,,,1,97,,2440,64,,,1,100,,2439,64,,,1,95,,2441,64,,,1
4804,'SAM',611,,2464,64,,,1,110,,2453,64,,,1,103,,2466,64,,,1,108,,2468,64,,,1,108,,2472,64,,,1,101,,2465,64,,,1,102,,2471,64,,,1,100,,2467,64,,,1,97,,2469,64,,,1,106,,2470,64,,,1,101,,2457,64,,,1,101,,2460,64,,,1,97,,2458,64,,,1,95,,2461,64,,,1,94,,2455,64,,,1,97,,2454,64,,,1,98,,2456,64,,,1,97,,2462,64,,,1,97,,2463,64,,,1,33,,2459,64,,,1
4804,'SEM',542,,2475,64,,,1,82,,2493,64,,,1,32,,2473,64,,,1,73,,2476,64,,,1,27,,2480,64,,,1,79,,2495,64,,,1,70,,2494,64,,,1,30,,2497,64,,,1,70,,2483,64,,,1,31,,2482,64,,,1,71,,2477,64,,,1,101,,2484,64,,,1,100,,2496,64,,,1,100,,2481,64,,,1,102,,2478,64,,,1,39,,2474,64,,,1,107,,5398,64,,,1,95,,2490,64,,,1,67,,2492,64,,,1,102,,2487,64,,,1,114,,2491,64,,,1,99,,2485,64,,,1,98,,2486,64,,,1,96,,2488,64,,,1,97,,2489,64,,,1
5802,'DIM',628,,3047,62,,,2,101,,3054,62,,,2,93,,3051,62,,,2,100,,3055,62,,,2,100,,3058,62,,,2,99,,3050,62,,,2,101,,3060,62,,,2,100,,3057,62,,,2,102,,3053,62,,,2,99,,3056,62,,,2,101,,3052,62,,,2,99,,3046,62,,,2,101,,3059,62,,,2,100,,3043,62,,,2,99,,3049,62,,,2,98,,3045,62,,,2,98,,3044,62,,,2,98,,3048,62,,,2
5802,'SAM',628,,3078,62,,,2,101,,3070,62,,,2,93,,3069,62,,,2,100,,3074,62,,,2,100,,3072,62,,,2,99,,3075,62,,,2,101,,3077,62,,,2,100,,3061,62,,,2,99,,3068,62,,,2,101,,3073,62,,,2,101,,3071,62,,,2,101,,3076,62,,,2,100,,3063,62,,,2,100,,3066,62,,,2,99,,3062,62,,,2,98,,3067,62,,,2,98,,3064,62,,,2,98,,3065,62,,,2
5802,'SEM',548,,3096,62,,,2,76,,3090,62,,,2,22,,3089,62,,,2,80,,3097,62,,,2,75,,3099,62,,,2,29,,3082,62,,,2,73,,3081,62,,,2,43,,3085,62,,,2,100,,3100,62,,,2,100,,3079,62,,,2,100,,3086,62,,,2,100,,3098,62,,,2,100,,3080,62,,,2,65,,3083,62,,,2,30,,3087,62,,,2,104,,3093,62,,,2,71,,3084,62,,,2,93,,3088,62,,,2,96,,3094,62,,,2,98,,5247,62,,,2,99,,3095,62,,,2,57,,3092,62,,,2,99,,3091,62,,,2
6001,'DIM',816,,3103,58,,,1,104,,3111,58,,,1,102,,3109,58,,,1,104,,3110,58,,,1,102,,3112,58,,,1,102,,3115,58,,,1,102,,3113,58,,,1,100,,3116,58,,,1,100,,3114,58,,,1,102,,3117,58,,,1,91,,3118,58,,,1,99,,3105,58,,,1,98,,3107,58,,,1,97,,3106,58,,,1,99,,3108,58,,,1,99,,3102,58,,,1,100,,3104,58,,,1
6001,'SAM',712,,3125,58,,,1,104,,3130,58,,,1,104,,3121,58,,,1,102,,3133,58,,,1,103,,3135,58,,,1,103,,3131,58,,,1,102,,3134,58,,,1,102,,3132,58,,,1,100,,3120,58,,,1,100,,3136,58,,,1,102,,3119,58,,,1,91,,3123,58,,,1,100,,3128,58,,,1,97,,3124,58,,,1,97,,3126,58,,,1,99,,3129,58,,,1,99,,3122,58,,,1,100,,3127,58,,,1
6001,'SEM',558,,3151,58,,,1,143,,3137,58,,,1,47,,3155,58,,,1,78,,3149,58,,,1,77,,3153,58,,,1,101,,3139,58,,,1,101,,3156,58,,,1,101,,3154,58,,,1,104,,3140,58,,,1,100,,3138,58,,,1,101,,5404,58,,,1,102,,3152,58,,,1,99,,3141,58,,,1,102,,3145,58,,,1,96,,3143,58,,,1,49,,3148,58,,,1,98,,3146,58,,,1,98,,3142,58,,,1,98,,3144,58,,,1,94,,3147,58,,,1
7001,'DIM',744,,3749,82,,,1,101,,3739,82,,,1,99,,3747,82,,,1,100,,3750,82,,,1,69,,3753,82,,,1,31,,3748,82,,,1,70,,3755,82,,,1,28,,3754,82,,,1,70,,3751,82,,,1,35,,3752,82,,,1,69,,3756,82,,,1,27,,3732,82,,,1,74,,3757,82,,,1,25,,3735,82,,,1,75,,3736,82,,,1,27,,3737,82,,,1,73,,3734,82,,,1,33,,3740,82,,,1,73,,3743,82,,,1,30,,3738,82,,,1,94,,3744,82,,,1,98,,3741,82,,,1,100,,3733,82,,,1,99,,3745,82,,,1,100,,3746,82,,,1,99,,3742,82,,,1
7001,'SAM',744,,3774,82,,,1,101,,3779,82,,,1,99,,3781,82,,,1,100,,3782,82,,,1,68,,3780,82,,,1,32,,3758,82,,,1,69,,3783,82,,,1,29,,3778,82,,,1,70,,3759,82,,,1,34,,3775,82,,,1,68,,3760,82,,,1,33,,3776,82,,,1,70,,3762,82,,,1,25,,3777,82,,,1,73,,3765,82,,,1,29,,3767,82,,,1,73,,3764,82,,,1,34,,3766,82,,,1,72,,3770,82,,,1,30,,3768,82,,,1,94,,3772,82,,,1,98,,3761,82,,,1,100,,3763,82,,,1,98,,3773,82,,,1,101,,3771,82,,,1,99,,3769,82,,,1
7001,'SEM',555,,3810,82,,,1,73,,3788,82,,,1,29,,3811,82,,,1,58,,3812,82,,,1,19,,3807,82,,,1,68,,3818,82,,,1,24,,3799,82,,,1,24,,3785,82,,,1,69,,3817,82,,,1,30,,3814,82,,,1,71,,3815,82,,,1,29,,3796,82,,,1,71,,3819,82,,,1,29,,3787,82,,,1,72,,3792,82,,,1,28,,3816,82,,,1,70,,3786,82,,,1,30,,3784,82,,,1,72,,3813,82,,,1,30,,3791,82,,,1,79,,3794,82,,,1,24,,3790,82,,,1,51,,3797,82,,,1,50,,3789,82,,,1,77,,3801,82,,,1,27,,3804,82,,,1,73,,3805,82,,,1,24,,3793,82,,,1,78,,3802,82,,,1,84,,3798,82,,,1,33,,3795,82,,,1,108,,3803,82,,,1,99,,3800,82,,,1,99,,3808,82,,,1,99,,3806,82,,,1,167,,3809,82,,,1
7304,'DIM',549,,4008,77,,,1,70,,3997,77,,,1,103,,4001,77,,,1,101,,4004,77,,,1,103,,4000,77,,,1,102,,4002,77,,,1,100,,4005,77,,,1,100,,4009,77,,,1,102,,4003,77,,,1,101,,4006,77,,,1,101,,3999,77,,,1,100,,4007,77,,,1,100,,4010,77,,,1,99,,3993,77,,,1,99,,3990,77,,,1,97,,3996,77,,,1,99,,3992,77,,,1,99,,3991,77,,,1,97,,3994,77,,,1,100,,3995,77,,,1,99,,3998,77,,,1
7304,'SAM',549,,4032,77,,,1,70,,4022,77,,,1,103,,4027,77,,,1,101,,4024,77,,,1,103,,4023,77,,,1,102,,4028,77,,,1,100,,4030,77,,,1,101,,4026,77,,,1,101,,4014,77,,,1,101,,4029,77,,,1,101,,4025,77,,,1,100,,4031,77,,,1,100,,4033,77,,,1,99,,4013,77,,,1,98,,4011,77,,,1,98,,4012,77,,,1,99,,4016,77,,,1,99,,4015,77,,,1,97,,4017,77,,,1,100,,4018,77,,,1,99,,4020,77,,,1,100,,4019,77,,,1,99,,4021,77,,,1
7304,'SEM',512,,4063,77,,,1,42,,4060,77,,,1,82,,4066,77,,,1,18,,4069,77,,,1,72,,4065,77,,,1,15,,4062,77,,,1,14,,4040,77,,,1,68,,5412,77,,,1,14,,4061,77,,,1,15,,4067,77,,,1,65,,4056,77,,,1,31,,4036,77,,,1,80,,4035,77,,,1,29,,4050,77,,,1,70,,4064,77,,,1,30,,4037,77,,,1,71,,5411,77,,,1,76,,4049,77,,,1,26,,5268,77,,,1,70,,4068,77,,,1,30,,4038,77,,,1,70,,4039,77,,,1,33,,4046,77,,,1,71,,4034,77,,,1,32,,4043,77,,,1,79,,4053,77,,,1,22,,4051,77,,,1,67,,4045,77,,,1,29,,4052,77,,,1,76,,4047,77,,,1,20,,4057,77,,,1,29,,4044,77,,,1,70,,4054,77,,,1,29,,4055,77,,,1,73,,4048,77,,,1,96,,4059,77,,,1,99,,5269,77,,,1,102,,4058,77,,,1
7402,'DIM',650,,4133,90,,,2,103,,4136,90,,,2,101,,4138,90,,,2,102,,4137,90,,,2,102,,4135,90,,,2,100,,4134,90,,,2,101,,4141,90,,,2,100,,4140,90,,,2,143,,4142,90,,,2,99,,4139,90,,,2,99,,4127,90,,,2,101,,4126,90,,,2,58,,4128,90,,,2,98,,4130,90,,,2,99,,4129,90,,,2,100,,4131,90,,,2,97,,4132,90,,,2
7402,'SAM',650,,4150,90,,,2,103,,4154,90,,,2,101,,4152,90,,,2,102,,4149,90,,,2,102,,4153,90,,,2,100,,4155,90,,,2,101,,4158,90,,,2,141,,4151,90,,,2,100,,4156,90,,,2,101,,4159,90,,,2,100,,4157,90,,,2,99,,4143,90,,,2,59,,4145,90,,,2,98,,4147,90,,,2,99,,4146,90,,,2,100,,4148,90,,,2,97,,4144,90,,,2
7402,'SEM',610,,4173,90,,,2,90,,4178,90,,,2,20,,4161,90,,,2,82,,4172,90,,,2,100,,4162,90,,,2,99,,4160,90,,,2,99,,4164,90,,,2,101,,4174,90,,,2,57,,4177,90,,,2,100,,4163,90,,,2,101,,4176,90,,,2,142,,4175,90,,,2,100,,4165,90,,,2,57,,4166,90,,,2,100,,4169,90,,,2,97,,4171,90,,,2,99,,4167,90,,,2,102,,4168,90,,,2,97,,4170,90,,,2
34504,'SEM',2529,,5290,39,,,1,118,,4975,39,,,1
