5503,'SEM',644,,9631,17,,,2,157,,9627,17,,,2,102,,9617,17,,,2,56,,9628,17,,,2,98,,9633,17,,,2,102,,9619,17,,,2,100,,9629,17,,,2,100,,9630,17,,,2,99,,9620,17,,,2,97,,9622,17,,,2,72,,9624,17,,,2,73,,9625,17,,,2,30,,9618,17,,,2,76,,9621,17,,,2,47,,9623,17,,,2,96,,9626,17,,,2,100,,9632,17,,,2
6601,'DIM',601,,10467,44,,,1,100,,10469,44,,,1,103,,10475,44,,,1,100,,10465,44,,,1,33,,10466,44,,,1,71,,10473,44,,,1,31,,10476,44,,,1,75,,10464,44,,,1,26,,10471,44,,,1,70,,10470,44,,,1,101,,10477,44,,,1,101,,10474,44,,,1,103,,10472,44,,,1,99,,10468,44,,,1,103,,10460,44,,,1,95,,10462,44,,,1,98,,10459,44,,,1,100,,10461,44,,,1,100,,10463,44,,,1,100,,10458,44,,,1
6601,'SAM',601,,10483,44,,,1,100,,10490,44,,,1,103,,10492,44,,,1,100,,10488,44,,,1,33,,10486,44,,,1,71,,10478,44,,,1,31,,10495,44,,,1,75,,10484,44,,,1,26,,10496,44,,,1,70,,10491,44,,,1,101,,10494,44,,,1,101,,10497,44,,,1,103,,10493,44,,,1,99,,10489,44,,,1,103,,10479,44,,,1,95,,10480,44,,,1,98,,10482,44,,,1,100,,10481,44,,,1,100,,10485,44,,,1,100,,10487,44,,,1
6601,'SEM',642,,10512,44,,,1,105,,10501,44,,,1,101,,10514,44,,,1,103,,10511,44,,,1,100,,10500,44,,,1,106,,10504,44,,,1,102,,10498,44,,,1,100,,10513,44,,,1,143,,10502,44,,,1,31,,10507,44,,,1,88,,10508,44,,,1,106,,10499,44,,,1,93,,10505,44,,,1,98,,10503,44,,,1,98,,10509,44,,,1,98,,10506,44,,,1,99,,10510,44,,,1
25503,'DIM',821,,11693,14,,,2,100,,11694,14,,,2,99,,11691,14,,,2,100,,11695,14,,,2,99,,11692,14,,,2,100,,11696,14,,,2,102,,11683,14,,,2,100,,11697,14,,,2,101,,11684,14,,,2,100,,11698,14,,,2,100,,11689,14,,,2,100,,11699,14,,,2,100,,11690,14,,,2,98,,11687,14,,,2,100,,11685,14,,,2,100,,11688,14,,,2,100,,11686,14,,,2
25503,'SAM',821,,11714,14,,,2,100,,11705,14,,,2,99,,11710,14,,,2,100,,11712,14,,,2,99,,11711,14,,,2,100,,11713,14,,,2,102,,11700,14,,,2,100,,11715,14,,,2,101,,11701,14,,,2,100,,11716,14,,,2,100,,11708,14,,,2,100,,11702,14,,,2,100,,11709,14,,,2,98,,11703,14,,,2,100,,11706,14,,,2,100,,11704,14,,,2,100,,11707,14,,,2
25503,'SEM',2147,,11717,14,,,2,101,,11719,14,,,2,157,,11718,14,,,2
71303,'DIM',639,,11790,14,,,2
71303,'SAM',708,,11791,14,,,2,25,,11792,14,,,2
71303,'SEM',619,,11793,14,,,2,96,,11809,14,,,2,114,,11799,14,,,2,101,,11797,14,,,2,100,,11794,14,,,2,100,,11802,14,,,2,100,,11795,14,,,2,100,,11796,14,,,2,100,,11800,14,,,2,90,,11798,14,,,2,31,,11803,14,,,2,71,,11811,14,,,2,30,,11801,14,,,2,71,,11810,14,,,2,30,,11814,14,,,2,68,,11812,14,,,2,99,,11813,14,,,2,100,,11804,14,,,2,97,,11805,14,,,2,99,,11807,14,,,2,100,,11806,14,,,2,100,,11808,14,,,2,102,,11815,14,,,2
