1703,'DIM',630,,6972,34,,,1,89,,6965,34,,,1,100,,100,34,,,1,102,,6967,34,,,1,97,,6968,34,,,1,102,,6964,34,,,1,100,,6970,34,,,1,99,,6966,34,,,1,102,,6969,34,,,1,100,,6971,34,,,1,102,,6954,34,,,1,98,,6958,34,,,1,98,,6957,34,,,1,101,,6956,34,,,1,98,,6959,34,,,1,99,,6962,34,,,1,100,,6955,34,,,1,100,,6960,34,,,1,102,,6961,34,,,1,118,,6963,34,,,1
1703,'SAM',552,,6984,34,,,1,78,,6990,34,,,1,89,,121,34,,,1,100,,6981,34,,,1,102,,6983,34,,,1,97,,6985,34,,,1,101,,6989,34,,,1,101,,6987,34,,,1,100,,6982,34,,,1,101,,6988,34,,,1,100,,6986,34,,,1,102,,6991,34,,,1,99,,6992,34,,,1,98,,6973,34,,,1,100,,6978,34,,,1,98,,6975,34,,,1,99,,6974,34,,,1,100,,6976,34,,,1,100,,6979,34,,,1,102,,6980,34,,,1,118,,6977,34,,,1
1703,'SEM',612,,7010,34,,,1,103,,7012,34,,,1,106,,7011,34,,,1,96,,6996,34,,,1,101,,7009,34,,,1,101,,7008,34,,,1,100,,7014,34,,,1,101,,6997,34,,,1,100,,6994,34,,,1,99,,7013,34,,,1,35,,7016,34,,,1,60,,7015,34,,,1,36,,6993,34,,,1,63,,7004,34,,,1,37,,6995,34,,,1,79,,6998,34,,,1,30,,7001,34,,,1,67,,7006,34,,,1,99,,7007,34,,,1,100,,6999,34,,,1,100,,7000,34,,,1,99,,7002,34,,,1,99,,7003,34,,,1,103,,7005,34,,,1
3103,'DIM',649,,7902,36,,,1,100,,7901,36,,,1,100,,1058,36,,,1,100,,7906,36,,,1,100,,7905,36,,,1,100,,7903,36,,,1,102,,7892,36,,,1,101,,7904,36,,,1,99,,7891,36,,,1,101,,7890,36,,,1,99,,7895,36,,,1,98,,7897,36,,,1,103,,7896,36,,,1,96,,7898,36,,,1,101,,7894,36,,,1,100,,7893,36,,,1,99,,7899,36,,,1,100,,7900,36,,,1
3103,'SAM',649,,7919,36,,,1,100,,7918,36,,,1,100,,1075,36,,,1,100,,7923,36,,,1,100,,7924,36,,,1,100,,7920,36,,,1,100,,7916,36,,,1,102,,7921,36,,,1,100,,7917,36,,,1,101,,7922,36,,,1,100,,7911,36,,,1,98,,7913,36,,,1,100,,7909,36,,,1,99,,7914,36,,,1,100,,7907,36,,,1,100,,7908,36,,,1,99,,7910,36,,,1,101,,7912,36,,,1,95,,7915,36,,,1
3103,'SEM',645,,7946,36,,,1,100,,7944,36,,,1,101,,7945,36,,,1,101,,7925,36,,,1,101,,7926,36,,,1,100,,7928,36,,,1,100,,7947,36,,,1,100,,7927,36,,,1,102,,7932,36,,,1,98,,7933,36,,,1,11,,7934,36,,,1,77,,7929,36,,,1,69,,7938,36,,,1,40,,7935,36,,,1,68,,7931,36,,,1,36,,7943,36,,,1,69,,7930,36,,,1,36,,7942,36,,,1,100,,7936,36,,,1,101,,7939,36,,,1,99,,7940,36,,,1,96,,7937,36,,,1,154,,7941,36,,,1
3903,'DIM',852,,1407,47,,,1,100,,8236,57,,,1,70,,8241,57,,,1,31,,8242,57,,,1,70,,8239,57,,,1,34,,8240,57,,,1,66,,8243,57,,,1,29,,8233,57,,,1,71,,8237,57,,,1,30,,8234,57,,,1,71,,8220,57,,,1,30,,8223,57,,,1,72,,8226,57,,,1,30,,8238,57,,,1,71,,8227,57,,,1,30,,8228,57,,,1,65,,8229,57,,,1,18,,8235,57,,,1,10,,8230,57,,,1,64,,8224,57,,,1,25,,8231,57,,,1,98,,8221,57,,,1,100,,8232,57,,,1,98,,8222,57,,,1,104,,8225,57,,,1
3903,'SAM',852,,8268,47,,,1,100,,8263,57,,,1,70,,8267,57,,,1,31,,8244,57,,,1,70,,8258,57,,,1,34,,8261,57,,,1,66,,8260,57,,,1,30,,8245,57,,,1,70,,8259,57,,,1,30,,8262,57,,,1,71,,8246,57,,,1,30,,8265,57,,,1,72,,8249,57,,,1,30,,8250,57,,,1,71,,8252,57,,,1,30,,8266,57,,,1,65,,8253,57,,,1,18,,8264,57,,,1,11,,8251,57,,,1,63,,8248,57,,,1,29,,8247,57,,,1,96,,8255,57,,,1,98,,8254,57,,,1,98,,8257,57,,,1,104,,8256,57,,,1
3903,'SEM',744,,8291,57,,,1,101,,8273,57,,,1,104,,8271,57,,,1,72,,8275,57,,,1,29,,8292,57,,,1,71,,8293,57,,,1,29,,8286,57,,,1,71,,8290,57,,,1,28,,8294,57,,,1,78,,8270,57,,,1,73,,8277,57,,,1,27,,8279,57,,,1,32,,8280,57,,,1,75,,8269,57,,,1,78,,8287,57,,,1,23,,8281,57,,,1,68,,8272,57,,,1,25,,8274,57,,,1,73,,8282,57,,,1,39,,8283,57,,,1,79,,8276,57,,,1,98,,8278,57,,,1,95,,8284,57,,,1,103,,8288,57,,,1,95,,8285,57,,,1,48,,8289,57,,,1
4503,'DIM',656,,8950,35,,,1,100,,8960,35,,,1,101,,8958,35,,,1,99,,8964,35,,,1,101,,8959,35,,,1,98,,8962,35,,,1,145,,8952,35,,,1,101,,8956,35,,,1,58,,8949,35,,,1,142,,8947,35,,,1,52,,8961,35,,,1,102,,8963,35,,,1,103,,8948,35,,,1,142,,8957,35,,,1,101,,8951,35,,,1,99,,8954,35,,,1,59,,8955,35,,,1,141,,8953,35,,,1
4503,'SAM',656,,8978,35,,,1,100,,8974,35,,,1,101,,8977,35,,,1,99,,8976,35,,,1,101,,8966,35,,,1,97,,8975,35,,,1,146,,8979,35,,,1,100,,8970,35,,,1,101,,8981,35,,,1,101,,8980,35,,,1,51,,8982,35,,,1,105,,8965,35,,,1,100,,8972,35,,,1,142,,8967,35,,,1,101,,8971,35,,,1,99,,8969,35,,,1,59,,8973,35,,,1,141,,8968,35,,,1
4503,'SEM',647,,8988,35,,,1,58,,8986,35,,,1,34,,8983,35,,,1,68,,9003,35,,,1,25,,8987,35,,,1,79,,8985,35,,,1,25,,9004,35,,,1,110,,9002,35,,,1,100,,8991,35,,,1,95,,8989,35,,,1,100,,9005,35,,,1,103,,8984,35,,,1,106,,9006,35,,,1,68,,8993,35,,,1,87,,8996,35,,,1,18,,8990,35,,,1,17,,8997,35,,,1,71,,8999,35,,,1,39,,8995,35,,,1,98,,8994,35,,,1,100,,8998,35,,,1,100,,9001,35,,,1,99,,8992,35,,,1,95,,9000,35,,,1
7303,'DIM',704,,10755,34,,,1,100,,10752,34,,,1,102,,10753,34,,,1,98,,10756,34,,,1,100,,10759,34,,,1,100,,10754,34,,,1,101,,10757,34,,,1,102,,10751,34,,,1,99,,10758,34,,,1,102,,10760,34,,,1,99,,10745,34,,,1,99,,10742,34,,,1,100,,10748,34,,,1,97,,10744,34,,,1,100,,10743,34,,,1,100,,10746,34,,,1,99,,10747,34,,,1,102,,10750,34,,,1,105,,10749,34,,,1
7303,'SAM',610,,10775,34,,,1,94,,10772,34,,,1,100,,10771,34,,,1,102,,10776,34,,,1,98,,10778,34,,,1,101,,10774,34,,,1,99,,10764,34,,,1,101,,10777,34,,,1,102,,10773,34,,,1,99,,10779,34,,,1,102,,10780,34,,,1,101,,10763,34,,,1,98,,10761,34,,,1,98,,10762,34,,,1,98,,10766,34,,,1,100,,10765,34,,,1,100,,4040,34,,,1,99,,10767,34,,,1,102,,4041,34,,,1,105,,10768,34,,,1,100,,10770,34,,,1,100,,10769,34,,,1
7303,'SEM',558,,10817,34,,,1,66,,10814,34,,,1,79,,10813,34,,,1,10,,10818,34,,,1,39,,10807,34,,,1,56,,10783,34,,,1,43,,10815,34,,,1,52,,10782,34,,,1,31,,10800,34,,,1,71,,10816,34,,,1,29,,10784,34,,,1,71,,10789,34,,,1,29,,10799,34,,,1,72,,10790,34,,,1,30,,10819,34,,,1,70,,10785,34,,,1,30,,10788,34,,,1,70,,10794,34,,,1,30,,10781,34,,,1,70,,10791,34,,,1,35,,10820,34,,,1,65,,10801,34,,,1,15,,10793,34,,,1,21,,10786,34,,,1,16,,10787,34,,,1,63,,10797,34,,,1,16,,10795,34,,,1,70,,10808,34,,,1,14,,10796,34,,,1,16,,10792,34,,,1,72,,10802,34,,,1,30,,10805,34,,,1,72,,10798,34,,,1,99,,10810,34,,,1,100,,10803,34,,,1,98,,10809,34,,,1,99,,10804,34,,,1,41,,10806,34,,,1,95,,10811,34,,,1,161,,10812,34,,,1
