2602,'DIM',628,,777,10,,,2,23,,7645,10,,,2,67,,7639,10,,,2,30,,7641,10,,,2,70,,794,10,,,2,32,,7652,10,,,2,69,,7646,10,,,2,30,,7640,10,,,2,66,,7649,10,,,2,24,,7642,10,,,2,20,,7653,10,,,2,60,,7635,10,,,2,19,,7655,10,,,2,20,,7648,10,,,2,59,,7657,10,,,2,21,,7617,10,,,2,19,,7650,10,,,2,62,,7638,10,,,2,19,,7643,10,,,2,21,,7644,10,,,2,62,,7618,10,,,2,18,,7619,10,,,2,20,,7636,10,,,2,60,,7637,10,,,2,19,,7616,10,,,2,21,,7651,10,,,2,60,,7654,10,,,2,20,,7647,10,,,2,62,,7627,10,,,2,42,,7632,10,,,2,70,,7628,10,,,2,30,,780,10,,,2,70,,7656,10,,,2,30,,7658,10,,,2,70,,7624,10,,,2,29,,7620,10,,,2,70,,7631,10,,,2,30,,7621,10,,,2,71,,7622,10,,,2,29,,7630,10,,,2,69,,7626,10,,,2,28,,7623,10,,,2,71,,7625,10,,,2,30,,7629,10,,,2,85,,7633,10,,,2,78,,7634,10,,,2
2602,'SAM',628,,832,10,,,2,23,,7692,10,,,2,67,,7689,10,,,2,30,,7694,10,,,2,70,,7690,10,,,2,31,,7697,10,,,2,70,,7695,10,,,2,30,,7703,10,,,2,65,,7688,10,,,2,25,,7699,10,,,2,20,,7685,10,,,2,60,,7704,10,,,2,19,,7701,10,,,2,20,,7663,10,,,2,59,,7698,10,,,2,21,,7693,10,,,2,20,,7684,10,,,2,61,,7686,10,,,2,21,,7687,10,,,2,19,,7660,10,,,2,62,,7662,10,,,2,18,,7664,10,,,2,20,,7696,10,,,2,62,,7702,10,,,2,16,,7691,10,,,2,21,,7665,10,,,2,61,,7700,10,,,2,20,,7669,10,,,2,62,,7674,10,,,2,42,,7677,10,,,2,70,,7680,10,,,2,30,,7683,10,,,2,71,,7678,10,,,2,29,,7661,10,,,2,70,,7668,10,,,2,29,,7667,10,,,2,70,,7675,10,,,2,30,,7670,10,,,2,70,,7671,10,,,2,30,,7681,10,,,2,69,,7666,10,,,2,28,,7672,10,,,2,71,,7673,10,,,2,30,,7682,10,,,2,85,,7679,10,,,2,78,,7676,10,,,2
2602,'SEM',511,,7748,10,,,2,22,,7763,10,,,2,74,,7734,10,,,2,20,,7706,10,,,2,17,,7735,10,,,2,15,,7750,10,,,2,50,,7752,10,,,2,20,,7760,10,,,2,14,,7765,10,,,2,14,,7714,10,,,2,58,,7756,10,,,2,14,,7708,10,,,2,9,,7716,10,,,2,19,,7768,10,,,2,55,,7710,10,,,2,20,,7751,10,,,2,20,,7707,10,,,2,61,,7764,10,,,2,21,,7759,10,,,2,19,,7712,10,,,2,60,,7761,10,,,2,19,,7715,10,,,2,18,,7767,10,,,2,64,,7753,10,,,2,22,,7755,10,,,2,15,,7762,10,,,2,65,,7757,10,,,2,19,,7769,10,,,2,14,,7709,10,,,2,52,,7754,10,,,2,27,,7711,10,,,2,22,,7758,10,,,2,57,,7766,10,,,2,23,,7713,10,,,2,21,,7725,10,,,2,57,,7727,10,,,2,12,,7733,10,,,2,12,,7718,10,,,2,13,,7736,10,,,2,10,,7738,10,,,2,51,,7722,10,,,2,10,,7740,10,,,2,10,,7724,10,,,2,7,,7717,10,,,2,14,,7746,10,,,2,12,,7747,10,,,2,54,,7719,10,,,2,15,,7732,10,,,2,20,,7739,10,,,2,61,,7720,10,,,2,19,,7721,10,,,2,24,,7737,10,,,2,60,,7744,10,,,2,16,,7749,10,,,2,30,,7728,10,,,2,70,,7723,10,,,2,74,,7730,10,,,2,26,,7726,10,,,2,29,,7729,10,,,2,66,,7742,10,,,2,25,,7731,10,,,2,80,,7741,10,,,2,29,,7743,10,,,2,80,,7745,10,,,2
3602,'SEM',1518,,8114,10,,,2,23,,8115,10,,,2,72,,8108,10,,,2,24,,8113,10,,,2,73,,8109,10,,,2,31,,8110,10,,,2,65,,8111,10,,,2,29,,8112,10,,,2
4603,'DIM',642,,9078,10,,,1,105,,9079,10,,,1,105,,9071,10,,,1,101,,9083,10,,,1,97,,9080,10,,,1,103,,9085,10,,,1,100,,9086,10,,,1,101,,9077,10,,,1,101,,9081,10,,,1,99,,9068,10,,,1,100,,9084,10,,,1,100,,9082,10,,,1,99,,9070,10,,,1,100,,9087,10,,,1,100,,9074,10,,,1,100,,9069,10,,,1,100,,9072,10,,,1,99,,9073,10,,,1,99,,9075,10,,,1,150,,9076,10,,,1
4603,'SAM',642,,9100,10,,,1,105,,9101,10,,,1,105,,9105,10,,,1,101,,9104,10,,,1,97,,9103,10,,,1,103,,9099,10,,,1,99,,9106,10,,,1,97,,9088,10,,,1,106,,9089,10,,,1,145,,9102,10,,,1,54,,9107,10,,,1,100,,9091,10,,,1,99,,9092,10,,,1,100,,9096,10,,,1,100,,9093,10,,,1,100,,9097,10,,,1,100,,9090,10,,,1,99,,9095,10,,,1,99,,9098,10,,,1,151,,9094,10,,,1
4603,'SEM',653,,9127,10,,,1,97,,9130,10,,,1,73,,9124,10,,,1,33,,9123,10,,,1,67,,9112,10,,,1,30,,9128,10,,,1,70,,9109,10,,,1,30,,9125,10,,,1,70,,9126,10,,,1,30,,9108,10,,,1,70,,9134,10,,,1,28,,9113,10,,,1,72,,9131,10,,,1,30,,9133,10,,,1,70,,9116,10,,,1,35,,9129,10,,,1,65,,9132,10,,,1,31,,9115,10,,,1,71,,9110,10,,,1,24,,9114,10,,,1,70,,9111,10,,,1,35,,9119,10,,,1,64,,9118,10,,,1,35,,9122,10,,,1,60,,9120,10,,,1,35,,11976,10,,,1,100,,9117,10,,,1,101,,11974,10,,,1,103,,11977,10,,,1,100,,11975,10,,,1,150,,9121,10,,,1
6001,'DIM',742,,9939,6,,,1,101,,9947,6,,,1,100,,9945,6,,,1,103,,9946,6,,,1,100,,9948,6,,,1,101,,9951,6,,,1,102,,9949,6,,,1,101,,9952,6,,,1,100,,9950,6,,,1,102,,9953,6,,,1,94,,9954,6,,,1,101,,9941,6,,,1,99,,9943,6,,,1,99,,9942,6,,,1,99,,9944,6,,,1,99,,9938,6,,,1,100,,9940,6,,,1
6001,'SAM',642,,9961,6,,,1,100,,9966,6,,,1,101,,9957,6,,,1,100,,9969,6,,,1,102,,9971,6,,,1,101,,9967,6,,,1,101,,9970,6,,,1,102,,9968,6,,,1,101,,9956,6,,,1,100,,9972,6,,,1,102,,9955,6,,,1,94,,9959,6,,,1,102,,9964,6,,,1,98,,9960,6,,,1,99,,9962,6,,,1,99,,9965,6,,,1,99,,9958,6,,,1,100,,9963,6,,,1
6001,'SEM',526,,9987,6,,,1,101,,9973,6,,,1,85,,9991,6,,,1,36,,9985,6,,,1,74,,9989,6,,,1,100,,9975,6,,,1,100,,9992,6,,,1,100,,9990,6,,,1,103,,9976,6,,,1,100,,9974,6,,,1,100,,9986,6,,,1,101,,9988,6,,,1,100,,9977,6,,,1,103,,9981,6,,,1,100,,9979,6,,,1,91,,9984,6,,,1,99,,9982,6,,,1,100,,9978,6,,,1,100,,9980,6,,,1,94,,9983,6,,,1
6602,'DIM',710,,10529,15,,,1,104,,10524,15,,,1,101,,10527,15,,,1,101,,10532,15,,,1,100,,10531,15,,,1,101,,10525,15,,,1,100,,10523,15,,,1,133,,10526,15,,,1,99,,10528,15,,,1,70,,10530,15,,,1,31,,10518,15,,,1,70,,10519,15,,,1,30,,10517,15,,,1,69,,10521,15,,,1,100,,10522,15,,,1,100,,10520,15,,,1,99,,10515,15,,,1,98,,10516,15,,,1
6602,'SAM',710,,10544,15,,,1,104,,10542,15,,,1,101,,10536,15,,,1,101,,10533,15,,,1,100,,10548,15,,,1,101,,10549,15,,,1,100,,10547,15,,,1,133,,10550,15,,,1,99,,10538,15,,,1,70,,10534,15,,,1,31,,10540,15,,,1,71,,10541,15,,,1,29,,10539,15,,,1,74,,10543,15,,,1,96,,10535,15,,,1,99,,10537,15,,,1,99,,10546,15,,,1,98,,10545,15,,,1
6602,'SEM',651,,10552,15,,,1,103,,10564,15,,,1,104,,10562,15,,,1,145,,10561,15,,,1,101,,10553,15,,,1,101,,10551,15,,,1,99,,10563,15,,,1,102,,10554,15,,,1,28,,5375,15,,,1,91,,10558,15,,,1,102,,10559,15,,,1,101,,10560,15,,,1,96,,10555,15,,,1,103,,10556,15,,,1,99,,10557,15,,,1,97,,12004,15,,,1,79,,12003,15,,,1
