1704,'DIM',508,,7029,36,,,1,50,,7030,36,,,1,101,,7034,36,,,1,143,,7028,36,,,1,101,,165,36,,,1,100,,7032,36,,,1,101,,7033,36,,,1,100,,7035,36,,,1,101,,7036,36,,,1,101,,7031,36,,,1,102,,7017,36,,,1,99,,7018,36,,,1,100,,7021,36,,,1,101,,7023,36,,,1,98,,7022,36,,,1,98,,7020,36,,,1,100,,7024,36,,,1,98,,7027,36,,,1,99,,7019,36,,,1,99,,7025,36,,,1,56,,7026,36,,,1
1704,'SAM',508,,7049,36,,,1,50,,7050,36,,,1,101,,7056,36,,,1,143,,7053,36,,,1,101,,7048,36,,,1,100,,7052,36,,,1,101,,7057,36,,,1,100,,7055,36,,,1,101,,7054,36,,,1,101,,7051,36,,,1,101,,7038,36,,,1,100,,7039,36,,,1,101,,7041,36,,,1,100,,7043,36,,,1,98,,7037,36,,,1,98,,7045,36,,,1,100,,7042,36,,,1,98,,7040,36,,,1,99,,7044,36,,,1,99,,7046,36,,,1,56,,7047,36,,,1
1704,'SEM',520,,7072,36,,,1,94,,7077,36,,,1,22,,7080,36,,,1,22,,7059,36,,,1,67,,7063,36,,,1,75,,7064,36,,,1,21,,7058,36,,,1,98,,7061,36,,,1,85,,7062,36,,,1,100,,7065,36,,,1,100,,7076,36,,,1,100,,7078,36,,,1,100,,7067,36,,,1,102,,7079,36,,,1,101,,7060,36,,,1,105,,7068,36,,,1,95,,7066,36,,,1,97,,7069,36,,,1,101,,7074,36,,,1,100,,7075,36,,,1,99,,7070,36,,,1,100,,7071,36,,,1,99,,7073,36,,,1
2704,'DIM',754,,7846,41,,,2,101,,7847,41,,,2,100,,7842,41,,,2,99,,7844,41,,,2,98,,7845,41,,,2,103,,7841,41,,,2,95,,7848,41,,,2,107,,7843,41,,,2,100,,7834,41,,,2,100,,7838,41,,,2,100,,7839,41,,,2,99,,7835,41,,,2,100,,7837,41,,,2,98,,7836,41,,,2,100,,7840,41,,,2,100,,7833,41,,,2
2704,'SAM',654,,7861,41,,,2,100,,7857,41,,,2,101,,7858,41,,,2,100,,7856,41,,,2,99,,7865,41,,,2,100,,7860,41,,,2,101,,7863,41,,,2,94,,7859,41,,,2,108,,7862,41,,,2,100,,7852,41,,,2,100,,7853,41,,,2,93,,7855,41,,,2,106,,7864,41,,,2,100,,7851,41,,,2,98,,7854,41,,,2,100,,7849,41,,,2,100,,7850,41,,,2
2704,'SEM',617,,7887,41,,,2,28,,7867,41,,,2,68,,7884,41,,,2,28,,7870,41,,,2,67,,7871,41,,,2,28,,7889,41,,,2,66,,7886,41,,,2,49,,7885,41,,,2,100,,7874,41,,,2,108,,7866,41,,,2,95,,7888,41,,,2,88,,7869,41,,,2,106,,7868,41,,,2,107,,7879,41,,,2,77,,7880,41,,,2,80,,7875,41,,,2,13,,7872,41,,,2,30,,7873,41,,,2,71,,7877,41,,,2,75,,7882,41,,,2,100,,7878,41,,,2,45,,7881,41,,,2,96,,7876,41,,,2,104,,7883,41,,,2
3104,'DIM',628,,7960,46,,,1,104,,7961,46,,,1,100,,7959,46,,,1,101,,7965,46,,,1,101,,7966,46,,,1,100,,7964,46,,,1,100,,7962,46,,,1,103,,7950,46,,,1,101,,7963,46,,,1,100,,7949,46,,,1,101,,7948,46,,,1,99,,7953,46,,,1,98,,7955,46,,,1,102,,7954,46,,,1,96,,7956,46,,,1,99,,7952,46,,,1,99,,7951,46,,,1,98,,7957,46,,,1,102,,7958,46,,,1
3104,'SAM',528,,1137,46,,,1,100,,7976,46,,,1,104,,7979,46,,,1,100,,7978,46,,,1,101,,7981,46,,,1,101,,7984,46,,,1,100,,7985,46,,,1,100,,7980,46,,,1,102,,7975,46,,,1,101,,7982,46,,,1,101,,7977,46,,,1,101,,7983,46,,,1,100,,7971,46,,,1,98,,7973,46,,,1,99,,7969,46,,,1,99,,7974,46,,,1,98,,7967,46,,,1,99,,7968,46,,,1,98,,7970,46,,,1,102,,7972,46,,,1
3104,'SEM',452,,7994,46,,,1,77,,7995,46,,,1,92,,8006,46,,,1,21,,8008,46,,,1,63,,7988,46,,,1,34,,8007,46,,,1,68,,8004,46,,,1,29,,8002,46,,,1,75,,8003,46,,,1,22,,8005,46,,,1,100,,7986,46,,,1,102,,7987,46,,,1,100,,7990,46,,,1,101,,8009,46,,,1,100,,7989,46,,,1,102,,7992,46,,,1,100,,7993,46,,,1,96,,7991,46,,,1,103,,7996,46,,,1,97,,8001,46,,,1,105,,8000,46,,,1,99,,7997,46,,,1,101,,7998,46,,,1,100,,7999,46,,,1
3904,'DIM',838,,8313,46,,,1,112,,8307,46,,,1,82,,8314,46,,,1,70,,8317,46,,,1,33,,8308,46,,,1,67,,8306,46,,,1,33,,8316,46,,,1,69,,8311,46,,,1,34,,8300,46,,,1,67,,8315,46,,,1,30,,8309,46,,,1,71,,8310,46,,,1,32,,8299,46,,,1,70,,8312,46,,,1,31,,8295,46,,,1,71,,8296,46,,,1,28,,8301,46,,,1,68,,8302,46,,,1,29,,8303,46,,,1,83,,8304,46,,,1,98,,8297,46,,,1,100,,8305,46,,,1,100,,8298,46,,,1
3904,'SAM',838,,8333,46,,,1,112,,8326,46,,,1,82,,8337,46,,,1,70,,8327,46,,,1,30,,8318,46,,,1,70,,8324,46,,,1,36,,8330,46,,,1,66,,8328,46,,,1,34,,8334,46,,,1,67,,8325,46,,,1,30,,8331,46,,,1,71,,8332,46,,,1,31,,8338,46,,,1,71,,8329,46,,,1,32,,8335,46,,,1,64,,8336,46,,,1,34,,8339,46,,,1,68,,8340,46,,,1,29,,8319,46,,,1,86,,8320,46,,,1,97,,8322,46,,,1,98,,8321,46,,,1,100,,8323,46,,,1
3904,'SEM',632,,8364,46,,,1,27,,8357,46,,,1,54,,8363,46,,,1,11,,8345,46,,,1,30,,8360,46,,,1,71,,8341,46,,,1,31,,8358,46,,,1,70,,8365,46,,,1,75,,8343,46,,,1,28,,8344,46,,,1,73,,8355,46,,,1,30,,8359,46,,,1,71,,8361,46,,,1,28,,8352,46,,,1,72,,8356,46,,,1,27,,8362,46,,,1,78,,8342,46,,,1,34,,8347,46,,,1,70,,8349,46,,,1,31,,8350,46,,,1,102,,8366,46,,,1,110,,8353,46,,,1,98,,8354,46,,,1,104,,8346,46,,,1,100,,8348,46,,,1,94,,8351,46,,,1
4304,'DIM',504,,8893,21,,,1,103,,8887,21,,,1,100,,8883,21,,,1,102,,8885,21,,,1,102,,8890,21,,,1,100,,8888,21,,,1,106,,8889,21,,,1,100,,8886,21,,,1,100,,8894,21,,,1,100,,8891,21,,,1,104,,8892,21,,,1,99,,8875,21,,,1,99,,8876,21,,,1,101,,8878,21,,,1,94,,8881,21,,,1,98,,8880,21,,,1,99,,8877,21,,,1,99,,8879,21,,,1,100,,8884,21,,,1,100,,8882,21,,,1
4304,'SAM',504,,8911,21,,,1,103,,8908,21,,,1,100,,8905,21,,,1,102,,8896,21,,,1,102,,8912,21,,,1,100,,8897,21,,,1,106,,8898,21,,,1,100,,8909,21,,,1,100,,8906,21,,,1,100,,8913,21,,,1,103,,8907,21,,,1,101,,8910,21,,,1,98,,8895,21,,,1,97,,8914,21,,,1,98,,8902,21,,,1,98,,8899,21,,,1,99,,2109,21,,,1,99,,8900,21,,,1,100,,8901,21,,,1,100,,8904,21,,,1,98,,8903,21,,,1
4304,'SEM',521,,8934,21,,,1,35,,8940,21,,,1,75,,8915,21,,,1,25,,8917,21,,,1,61,,8938,21,,,1,31,,8916,21,,,1,73,,8939,21,,,1,33,,8920,21,,,1,75,,8935,21,,,1,28,,8941,21,,,1,71,,8919,21,,,1,30,,8936,21,,,1,70,,8926,21,,,1,30,,8922,21,,,1,70,,8943,21,,,1,30,,8942,21,,,1,70,,8937,21,,,1,72,,8923,21,,,1,29,,8924,21,,,1,30,,8928,21,,,1,76,,8944,21,,,1,65,,8918,21,,,1,26,,8925,21,,,1,30,,8921,21,,,1,97,,8927,21,,,1,97,,8930,21,,,1,100,,8932,21,,,1,101,,8933,21,,,1,99,,11972,21,,,1,101,,11973,21,,,1,150,,8929,21,,,1,20,,8931,21,,,1
7304,'DIM',543,,10839,64,,,1,70,,10828,64,,,1,103,,10832,64,,,1,101,,10835,64,,,1,101,,10831,64,,,1,101,,10833,64,,,1,100,,10836,64,,,1,100,,10840,64,,,1,102,,10834,64,,,1,101,,10837,64,,,1,101,,10830,64,,,1,100,,10838,64,,,1,100,,10841,64,,,1,100,,10824,64,,,1,99,,10821,64,,,1,97,,10827,64,,,1,99,,10823,64,,,1,99,,10822,64,,,1,98,,10825,64,,,1,101,,10826,64,,,1,99,,10829,64,,,1
7304,'SAM',543,,10861,64,,,1,70,,10851,64,,,1,103,,10856,64,,,1,101,,10853,64,,,1,101,,10852,64,,,1,101,,10857,64,,,1,100,,10859,64,,,1,101,,10855,64,,,1,101,,10845,64,,,1,101,,10858,64,,,1,101,,10854,64,,,1,100,,10860,64,,,1,100,,10862,64,,,1,100,,10844,64,,,1,98,,10842,64,,,1,98,,10843,64,,,1,99,,10847,64,,,1,99,,10846,64,,,1,98,,4131,64,,,1,101,,10848,64,,,1,99,,4133,64,,,1,100,,10849,64,,,1,99,,10850,64,,,1
7304,'SEM',505,,10894,64,,,1,42,,10891,64,,,1,82,,10897,64,,,1,18,,10900,64,,,1,71,,10896,64,,,1,14,,10893,64,,,1,14,,10869,64,,,1,68,,10871,64,,,1,14,,10892,64,,,1,15,,10898,64,,,1,65,,10887,64,,,1,31,,10865,64,,,1,80,,10864,64,,,1,29,,10880,64,,,1,70,,10895,64,,,1,30,,10866,64,,,1,71,,10870,64,,,1,36,,10879,64,,,1,66,,10872,64,,,1,30,,10899,64,,,1,70,,10867,64,,,1,30,,10868,64,,,1,73,,10876,64,,,1,31,,10863,64,,,1,72,,10873,64,,,1,79,,10883,64,,,1,22,,10881,64,,,1,27,,10875,64,,,1,69,,10882,64,,,1,76,,10877,64,,,1,20,,10888,64,,,1,30,,10874,64,,,1,70,,10884,64,,,1,30,,10886,64,,,1,73,,10878,64,,,1,96,,10890,64,,,1,99,,10885,64,,,1,103,,10889,64,,,1
7402,'DIM',644,,10961,77,,,2,102,,10964,77,,,2,101,,6451,77,,,2,101,,10965,77,,,2,101,,10963,77,,,2,100,,10962,77,,,2,101,,10968,77,,,2,100,,10967,77,,,2,103,,10969,77,,,2,99,,10966,77,,,2,99,,10956,77,,,2,102,,10955,77,,,2,98,,10957,77,,,2,98,,10958,77,,,2,99,,6443,77,,,2,100,,10959,77,,,2,98,,10960,77,,,2
7402,'SAM',644,,10977,77,,,2,102,,10981,77,,,2,101,,10979,77,,,2,101,,10976,77,,,2,101,,10980,77,,,2,100,,10982,77,,,2,101,,10985,77,,,2,101,,10978,77,,,2,100,,10983,77,,,2,101,,10986,77,,,2,100,,10984,77,,,2,100,,10970,77,,,2,99,,10972,77,,,2,98,,10974,77,,,2,99,,10973,77,,,2,100,,10975,77,,,2,98,,10971,77,,,2
7402,'SEM',603,,11000,77,,,2,49,,11005,77,,,2,60,,10988,77,,,2,41,,10999,77,,,2,100,,10989,77,,,2,99,,10987,77,,,2,99,,10991,77,,,2,101,,11001,77,,,2,97,,11004,77,,,2,100,,10990,77,,,2,101,,11003,77,,,2,102,,11002,77,,,2,100,,10992,77,,,2,97,,10993,77,,,2,100,,10996,77,,,2,98,,10998,77,,,2,99,,10994,77,,,2,102,,10995,77,,,2,98,,10997,77,,,2
