2202,'DIM',730,,383,43,,,2,100,,382,43,,,2,100,,381,43,,,2,100,,387,43,,,2,101,,384,43,,,2,100,,386,43,,,2,96,,385,43,,,2,106,,380,43,,,2,98,,374,43,,,2,114,,388,43,,,2,88,,376,43,,,2,100,,377,43,,,2,98,,379,43,,,2,101,,378,43,,,2,100,,373,43,,,2,100,,375,43,,,2
2202,'SAM',632,,405,27,,,2,98,,399,43,,,2,100,,396,43,,,2,100,,395,43,,,2,98,,401,43,,,2,103,,400,43,,,2,100,,398,43,,,2,96,,404,43,,,2,104,,397,43,,,2,100,,403,43,,,2,112,,402,43,,,2,90,,390,43,,,2,100,,392,43,,,2,98,,389,43,,,2,101,,391,43,,,2,100,,394,43,,,2,100,,393,43,,,2
2202,'SEM',608,,416,43,,,2,18,,418,43,,,2,105,,425,43,,,2,71,,414,43,,,2,30,,406,43,,,2,98,,408,43,,,2,71,,407,43,,,2,29,,426,43,,,2,101,,412,43,,,2,100,,424,43,,,2,100,,427,43,,,2,102,,411,43,,,2,100,,413,43,,,2,102,,409,43,,,2,24,,410,43,,,2,75,,417,43,,,2,99,,415,43,,,2,100,,423,43,,,2,101,,422,43,,,2,97,,420,43,,,2,107,,419,43,,,2,96,,421,43,,,2
4202,'DIM',501,,1816,56,,,2,41,,1857,56,,,2,65,,1827,56,,,2,30,,1815,56,,,2,70,,1839,56,,,2,29,,1837,56,,,2,70,,1858,56,,,2,32,,1842,56,,,2,71,,1838,56,,,2,31,,1846,56,,,2,71,,1850,56,,,2,23,,1856,56,,,2,22,,1852,56,,,2,61,,1843,56,,,2,22,,1848,56,,,2,19,,1844,56,,,2,60,,1847,56,,,2,18,,1832,56,,,2,23,,1835,56,,,2,60,,1834,56,,,2,22,,1836,56,,,2,59,,1841,56,,,2,20,,1840,56,,,2,18,,1860,56,,,2,62,,1853,56,,,2,21,,1849,56,,,2,21,,1845,56,,,2,61,,1855,56,,,2,20,,1820,56,,,2,20,,1821,56,,,2,61,,1822,56,,,2,23,,1854,56,,,2,76,,1851,56,,,2,35,,1859,56,,,2,69,,1831,56,,,2,30,,1818,56,,,2,72,,1817,56,,,2,30,,1826,56,,,2,70,,1814,56,,,2,28,,1823,56,,,2,68,,1833,56,,,2,28,,1819,56,,,2,71,,1825,56,,,2,30,,1829,56,,,2,68,,1830,56,,,2,30,,1824,56,,,2,77,,1828,56,,,2
4202,'SAM',501,,1863,56,,,2,41,,1865,56,,,2,65,,1883,56,,,2,30,,1861,56,,,2,70,,1891,56,,,2,29,,1889,56,,,2,70,,1866,56,,,2,32,,1897,56,,,2,71,,1893,56,,,2,31,,1892,56,,,2,71,,1896,56,,,2,23,,1908,56,,,2,22,,1902,56,,,2,61,,1906,56,,,2,21,,1901,56,,,2,20,,1904,56,,,2,60,,1886,56,,,2,18,,1899,56,,,2,22,,1890,56,,,2,61,,1882,56,,,2,21,,1888,56,,,2,60,,1862,56,,,2,20,,1895,56,,,2,18,,1894,56,,,2,62,,1887,56,,,2,21,,1898,56,,,2,21,,1864,56,,,2,60,,1900,56,,,2,20,,1903,56,,,2,21,,1869,56,,,2,61,,1905,56,,,2,23,,1907,56,,,2,75,,1875,56,,,2,35,,1877,56,,,2,70,,1879,56,,,2,30,,1881,56,,,2,75,,1867,56,,,2,27,,1870,56,,,2,70,,1884,56,,,2,28,,1872,56,,,2,68,,1874,56,,,2,31,,1868,56,,,2,67,,1871,56,,,2,30,,1873,56,,,2,69,,1876,56,,,2,30,,1878,56,,,2,77,,1880,56,,,2,30,,1885,56,,,2
4202,'SEM',459,,1950,56,,,2,97,,1952,56,,,2,72,,1956,56,,,2,16,,1959,56,,,2,15,,1909,56,,,2,50,,1911,56,,,2,11,,1914,56,,,2,9,,1917,56,,,2,10,,5312,56,,,2,12,,1955,56,,,2,60,,1912,56,,,2,18,,1927,56,,,2,21,,1913,56,,,2,62,,1960,56,,,2,22,,1957,56,,,2,19,,1915,56,,,2,61,,1951,56,,,2,20,,1910,56,,,2,19,,1954,56,,,2,61,,1919,56,,,2,20,,1943,56,,,2,21,,1953,56,,,2,64,,1921,56,,,2,16,,5311,56,,,2,24,,1923,56,,,2,60,,1925,56,,,2,20,,1926,56,,,2,63,,1918,56,,,2,16,,1928,56,,,2,21,,1929,56,,,2,20,,1930,56,,,2,61,,1916,56,,,2,21,,1932,56,,,2,60,,1961,56,,,2,20,,1935,56,,,2,20,,1936,56,,,2,60,,1937,56,,,2,22,,1939,56,,,2,18,,1920,56,,,2,64,,1942,56,,,2,20,,1922,56,,,2,23,,1931,56,,,2,64,,1924,56,,,2,19,,1947,56,,,2,70,,1949,56,,,2,45,,1946,56,,,2,76,,1948,56,,,2,29,,1933,56,,,2,69,,1934,56,,,2,30,,1938,56,,,2,66,,1940,56,,,2,37,,1945,56,,,2,67,,5228,56,,,2,32,,1944,56,,,2
5202,'DIM',643,,2740,100,,,2,111,,2735,100,,,2,100,,2736,100,,,2,100,,2737,100,,,2,98,,2742,100,,,2,102,,2741,100,,,2,99,,2738,100,,,2,101,,2734,100,,,2,102,,2739,100,,,2,96,,2733,100,,,2,105,,2743,100,,,2,100,,2731,100,,,2,99,,2744,100,,,2,100,,2728,100,,,2,98,,2729,100,,,2,100,,2730,100,,,2,99,,2732,100,,,2
5202,'SAM',643,,2756,100,,,2,111,,2752,100,,,2,100,,2755,100,,,2,100,,2751,100,,,2,99,,2753,100,,,2,101,,2761,100,,,2,99,,2759,100,,,2,102,,2760,100,,,2,102,,2757,100,,,2,100,,2754,100,,,2,97,,2758,100,,,2,103,,2748,100,,,2,100,,2749,100,,,2,99,,2750,100,,,2,98,,2745,100,,,2,100,,2746,100,,,2,99,,2747,100,,,2
5202,'SEM',606,,2772,100,,,2,52,,2780,100,,,2,65,,2763,100,,,2,31,,2776,100,,,2,103,,2773,100,,,2,100,,2774,100,,,2,100,,2775,100,,,2,97,,2762,100,,,2,103,,2777,100,,,2,100,,2779,100,,,2,102,,2778,100,,,2,141,,2764,100,,,2,59,,5317,100,,,2,99,,2766,100,,,2,99,,2771,100,,,2,100,,2770,100,,,2,101,,2767,100,,,2,100,,2768,100,,,2,96,,2769,100,,,2
5802,'DIM',609,,3047,20,,,2,100,,3054,20,,,2,91,,3051,20,,,2,100,,3055,20,,,2,100,,3058,20,,,2,59,,3050,20,,,2,141,,3060,20,,,2,100,,3057,20,,,2,101,,3053,20,,,2,99,,3056,20,,,2,101,,3052,20,,,2,99,,3046,20,,,2,101,,3059,20,,,2,101,,3043,20,,,2,100,,3049,20,,,2,99,,3045,20,,,2,99,,3044,20,,,2,58,,3048,20,,,2
5802,'SAM',609,,3078,20,,,2,100,,3070,20,,,2,91,,3069,20,,,2,100,,3074,20,,,2,100,,3072,20,,,2,59,,3075,20,,,2,141,,3077,20,,,2,100,,3061,20,,,2,58,,3068,20,,,2,101,,3073,20,,,2,141,,3071,20,,,2,101,,3076,20,,,2,100,,3063,20,,,2,101,,3066,20,,,2,100,,3062,20,,,2,99,,3067,20,,,2,99,,3064,20,,,2,58,,3065,20,,,2
5802,'SEM',527,,3096,20,,,2,74,,3090,20,,,2,22,,3089,20,,,2,80,,3097,20,,,2,35,,3099,20,,,2,69,,3082,20,,,2,33,,3081,20,,,2,83,,3085,20,,,2,99,,3100,20,,,2,100,,3079,20,,,2,100,,3086,20,,,2,100,,3098,20,,,2,101,,3080,20,,,2,25,,3083,20,,,2,69,,3087,20,,,2,103,,3093,20,,,2,33,,3084,20,,,2,93,,3088,20,,,2,96,,3094,20,,,2,100,,5247,20,,,2,100,,3095,20,,,2,98,,3092,20,,,2,99,,3091,20,,,2
22202,'DIM',1444,,4846,32,,,2
22202,'SAM',1444,,4849,32,,,2,898,,4847,32,,,2,100,,4848,32,,,2
22202,'SEM',544,,4856,32,,,2,159,,4851,32,,,2,41,,4852,32,,,2,767,,4855,32,,,2,35,,4850,32,,,2,703,,4853,32,,,2,65,,4854,32,,,2
25202,'SEM',536,,4861,52,,,2,99,,4863,52,,,2,181,,4862,52,,,2
32202,'SAM',2557,,4960,26,,,2
32202,'SEM',2425,,4961,26,,,2,84,,4962,26,,,2
