1704,'DIM',508,,7029,37,,,1,50,,7030,37,,,1,101,,7034,37,,,1,143,,7028,37,,,1,101,,165,37,,,1,101,,7032,37,,,1,101,,7033,37,,,1,100,,7035,37,,,1,101,,7036,37,,,1,101,,7031,37,,,1,102,,7017,37,,,1,99,,7018,37,,,1,100,,7021,37,,,1,100,,7023,37,,,1,98,,7022,37,,,1,98,,7020,37,,,1,100,,7024,37,,,1,98,,7027,37,,,1,99,,7019,37,,,1,99,,7025,37,,,1,56,,7026,37,,,1
1704,'SAM',508,,7049,37,,,1,50,,7050,37,,,1,101,,7056,37,,,1,143,,7053,37,,,1,101,,7048,37,,,1,101,,7052,37,,,1,101,,7057,37,,,1,100,,7055,37,,,1,101,,7054,37,,,1,101,,7051,37,,,1,101,,7038,37,,,1,100,,7039,37,,,1,101,,7041,37,,,1,99,,7043,37,,,1,98,,7037,37,,,1,98,,7045,37,,,1,100,,7042,37,,,1,98,,7040,37,,,1,99,,7044,37,,,1,99,,7046,37,,,1,56,,7047,37,,,1
1704,'SEM',520,,7072,37,,,1,94,,7077,37,,,1,22,,7080,37,,,1,22,,7059,37,,,1,67,,7063,37,,,1,76,,7064,37,,,1,21,,7058,37,,,1,98,,7061,37,,,1,85,,7062,37,,,1,100,,7065,37,,,1,100,,7076,37,,,1,100,,7078,37,,,1,100,,7067,37,,,1,102,,7079,37,,,1,101,,7060,37,,,1,105,,7068,37,,,1,95,,7066,37,,,1,97,,7069,37,,,1,100,,7074,37,,,1,100,,7075,37,,,1,99,,7070,37,,,1,100,,7071,37,,,1,99,,7073,37,,,1
2704,'DIM',755,,7846,42,,,2,101,,7847,42,,,2,100,,7842,42,,,2,99,,7844,42,,,2,98,,7845,42,,,2,103,,7841,42,,,2,95,,7848,42,,,2,107,,7843,42,,,2,100,,7834,42,,,2,100,,7838,42,,,2,100,,7839,42,,,2,99,,7835,42,,,2,100,,7837,42,,,2,98,,7836,42,,,2,100,,7840,42,,,2,100,,7833,42,,,2
2704,'SAM',654,,7861,42,,,2,101,,7857,42,,,2,101,,7858,42,,,2,100,,7856,42,,,2,99,,7865,42,,,2,100,,7860,42,,,2,101,,7863,42,,,2,94,,7859,42,,,2,108,,7862,42,,,2,100,,7852,42,,,2,100,,7853,42,,,2,93,,7855,42,,,2,106,,7864,42,,,2,100,,7851,42,,,2,98,,7854,42,,,2,100,,7849,42,,,2,100,,7850,42,,,2
2704,'SEM',618,,7887,42,,,2,28,,7867,42,,,2,68,,7884,42,,,2,28,,7870,42,,,2,67,,7871,42,,,2,28,,7889,42,,,2,66,,7886,42,,,2,49,,7885,42,,,2,100,,7874,42,,,2,148,,7866,42,,,2,55,,7888,42,,,2,88,,7869,42,,,2,106,,7868,42,,,2,107,,7879,42,,,2,77,,7880,42,,,2,80,,7875,42,,,2,13,,7872,42,,,2,30,,7873,42,,,2,71,,7877,42,,,2,75,,7882,42,,,2,100,,7878,42,,,2,45,,7881,42,,,2,95,,7876,42,,,2,104,,7883,42,,,2
3104,'DIM',628,,7960,47,,,1,104,,7961,47,,,1,100,,7959,47,,,1,102,,7965,47,,,1,101,,7966,47,,,1,100,,7964,47,,,1,100,,7962,47,,,1,103,,7950,47,,,1,101,,7963,47,,,1,100,,7949,47,,,1,101,,7948,47,,,1,99,,7953,47,,,1,97,,7955,47,,,1,102,,7954,47,,,1,96,,7956,47,,,1,99,,7952,47,,,1,99,,7951,47,,,1,98,,7957,47,,,1,102,,7958,47,,,1
3104,'SAM',528,,1137,47,,,1,100,,7976,47,,,1,104,,7979,47,,,1,100,,7978,47,,,1,102,,7981,47,,,1,101,,7984,47,,,1,100,,7985,47,,,1,100,,7980,47,,,1,102,,7975,47,,,1,101,,7982,47,,,1,101,,7977,47,,,1,101,,7983,47,,,1,100,,7971,47,,,1,97,,7973,47,,,1,99,,7969,47,,,1,99,,7974,47,,,1,98,,7967,47,,,1,99,,7968,47,,,1,98,,7970,47,,,1,102,,7972,47,,,1
3104,'SEM',452,,7994,47,,,1,77,,7995,47,,,1,92,,8006,47,,,1,21,,8008,47,,,1,64,,7988,47,,,1,34,,8007,47,,,1,68,,8004,47,,,1,29,,8002,47,,,1,75,,8003,47,,,1,22,,8005,47,,,1,100,,7986,47,,,1,102,,7987,47,,,1,100,,7990,47,,,1,101,,8009,47,,,1,100,,7989,47,,,1,102,,7992,47,,,1,100,,7993,47,,,1,96,,7991,47,,,1,103,,7996,47,,,1,96,,8001,47,,,1,105,,8000,47,,,1,99,,7997,47,,,1,101,,7998,47,,,1,100,,7999,47,,,1
3904,'DIM',839,,8313,47,,,1,112,,8307,47,,,1,82,,8314,47,,,1,70,,8317,47,,,1,33,,8308,47,,,1,67,,8306,47,,,1,33,,8316,47,,,1,69,,8311,47,,,1,34,,8300,47,,,1,67,,8315,47,,,1,30,,8309,47,,,1,71,,8310,47,,,1,32,,8299,47,,,1,70,,8312,47,,,1,31,,8295,47,,,1,71,,8296,47,,,1,28,,8301,47,,,1,68,,8302,47,,,1,29,,8303,47,,,1,83,,8304,47,,,1,98,,8297,47,,,1,100,,8305,47,,,1,99,,8298,47,,,1
3904,'SAM',839,,8333,47,,,1,112,,8326,47,,,1,82,,8337,47,,,1,70,,8327,47,,,1,30,,8318,47,,,1,70,,8324,47,,,1,36,,8330,47,,,1,66,,8328,47,,,1,34,,8334,47,,,1,67,,8325,47,,,1,30,,8331,47,,,1,71,,8332,47,,,1,31,,8338,47,,,1,71,,8329,47,,,1,32,,8335,47,,,1,64,,8336,47,,,1,34,,8339,47,,,1,68,,8340,47,,,1,29,,8319,47,,,1,86,,8320,47,,,1,97,,8322,47,,,1,98,,8321,47,,,1,99,,8323,47,,,1
3904,'SEM',633,,8364,47,,,1,67,,8357,47,,,1,14,,8363,47,,,1,11,,8345,47,,,1,30,,8360,47,,,1,71,,8341,47,,,1,31,,8358,47,,,1,70,,8365,47,,,1,75,,8343,47,,,1,28,,8344,47,,,1,73,,8355,47,,,1,30,,8359,47,,,1,71,,8361,47,,,1,28,,8352,47,,,1,72,,8356,47,,,1,27,,8362,47,,,1,78,,8342,47,,,1,34,,8347,47,,,1,70,,8349,47,,,1,31,,8350,47,,,1,102,,8366,47,,,1,110,,8353,47,,,1,98,,8354,47,,,1,104,,8346,47,,,1,100,,8348,47,,,1,93,,8351,47,,,1
4304,'DIM',504,,8893,22,,,1,103,,8887,22,,,1,100,,8883,22,,,1,102,,8885,22,,,1,102,,8890,22,,,1,100,,8888,22,,,1,106,,8889,22,,,1,100,,8886,22,,,1,100,,8894,22,,,1,100,,8891,22,,,1,104,,8892,22,,,1,99,,8875,22,,,1,99,,8876,22,,,1,101,,8878,22,,,1,94,,8881,22,,,1,98,,8880,22,,,1,99,,8877,22,,,1,99,,8879,22,,,1,100,,8884,22,,,1,100,,8882,22,,,1
4304,'SAM',504,,8911,22,,,1,103,,8908,22,,,1,100,,8905,22,,,1,102,,8896,22,,,1,102,,8912,22,,,1,100,,8897,22,,,1,106,,8898,22,,,1,100,,8909,22,,,1,100,,8906,22,,,1,100,,8913,22,,,1,103,,8907,22,,,1,101,,8910,22,,,1,98,,8895,22,,,1,97,,8914,22,,,1,98,,8902,22,,,1,98,,8899,22,,,1,99,,2109,22,,,1,99,,8900,22,,,1,100,,8901,22,,,1,100,,8904,22,,,1,98,,8903,22,,,1
4304,'SEM',521,,8934,22,,,1,35,,8940,22,,,1,75,,8915,22,,,1,25,,8917,22,,,1,61,,8938,22,,,1,31,,8916,22,,,1,73,,8939,22,,,1,33,,8920,22,,,1,75,,8935,22,,,1,28,,8941,22,,,1,71,,8919,22,,,1,30,,8936,22,,,1,70,,8926,22,,,1,30,,8922,22,,,1,70,,8943,22,,,1,30,,8942,22,,,1,70,,8937,22,,,1,72,,8923,22,,,1,29,,8924,22,,,1,30,,8928,22,,,1,76,,8944,22,,,1,65,,8918,22,,,1,26,,8925,22,,,1,30,,8921,22,,,1,97,,8927,22,,,1,97,,8930,22,,,1,100,,8932,22,,,1,101,,8933,22,,,1,99,,8945,22,,,1,101,,8946,22,,,1,150,,8929,22,,,1,20,,8931,22,,,1
7304,'DIM',543,,10839,65,,,1,70,,10828,65,,,1,103,,10832,65,,,1,101,,10835,65,,,1,102,,10831,65,,,1,101,,10833,65,,,1,100,,10836,65,,,1,100,,10840,65,,,1,102,,10834,65,,,1,101,,10837,65,,,1,101,,10830,65,,,1,100,,10838,65,,,1,100,,10841,65,,,1,99,,10824,65,,,1,99,,10821,65,,,1,97,,10827,65,,,1,99,,10823,65,,,1,99,,10822,65,,,1,98,,10825,65,,,1,101,,10826,65,,,1,99,,10829,65,,,1
7304,'SAM',543,,10861,65,,,1,70,,10851,65,,,1,103,,10856,65,,,1,101,,10853,65,,,1,102,,10852,65,,,1,101,,10857,65,,,1,100,,10859,65,,,1,101,,10855,65,,,1,101,,10845,65,,,1,101,,10858,65,,,1,101,,10854,65,,,1,100,,10860,65,,,1,100,,10862,65,,,1,99,,10844,65,,,1,98,,10842,65,,,1,98,,10843,65,,,1,99,,10847,65,,,1,99,,10846,65,,,1,98,,4131,65,,,1,101,,10848,65,,,1,99,,4133,65,,,1,100,,10849,65,,,1,99,,10850,65,,,1
7304,'SEM',505,,10894,65,,,1,42,,10891,65,,,1,82,,10897,65,,,1,18,,10900,65,,,1,71,,10896,65,,,1,15,,10893,65,,,1,14,,10869,65,,,1,68,,10871,65,,,1,14,,10892,65,,,1,15,,10898,65,,,1,65,,10887,65,,,1,31,,10865,65,,,1,80,,10864,65,,,1,29,,10880,65,,,1,70,,10895,65,,,1,30,,10866,65,,,1,71,,10870,65,,,1,36,,10879,65,,,1,66,,10872,65,,,1,30,,10899,65,,,1,70,,10867,65,,,1,30,,10868,65,,,1,73,,10876,65,,,1,31,,10863,65,,,1,72,,10873,65,,,1,79,,10883,65,,,1,22,,10881,65,,,1,27,,10875,65,,,1,69,,10882,65,,,1,76,,10877,65,,,1,20,,10888,65,,,1,29,,10874,65,,,1,70,,10884,65,,,1,30,,10886,65,,,1,73,,10878,65,,,1,96,,10890,65,,,1,99,,10885,65,,,1,103,,10889,65,,,1
7402,'DIM',644,,10961,78,,,2,102,,10964,78,,,2,101,,6451,78,,,2,101,,10965,78,,,2,102,,10963,78,,,2,100,,10962,78,,,2,101,,10968,78,,,2,100,,10967,78,,,2,103,,10969,78,,,2,99,,10966,78,,,2,99,,10956,78,,,2,101,,10955,78,,,2,98,,10957,78,,,2,98,,10958,78,,,2,99,,6443,78,,,2,100,,10959,78,,,2,98,,10960,78,,,2
7402,'SAM',644,,10977,78,,,2,102,,10981,78,,,2,101,,10979,78,,,2,101,,10976,78,,,2,102,,10980,78,,,2,100,,10982,78,,,2,101,,10985,78,,,2,101,,10978,78,,,2,100,,10983,78,,,2,101,,10986,78,,,2,100,,10984,78,,,2,99,,10970,78,,,2,99,,10972,78,,,2,98,,10974,78,,,2,99,,10973,78,,,2,100,,10975,78,,,2,98,,10971,78,,,2
7402,'SEM',603,,11000,78,,,2,49,,11005,78,,,2,60,,10988,78,,,2,42,,10999,78,,,2,100,,10989,78,,,2,99,,10987,78,,,2,99,,10991,78,,,2,101,,11001,78,,,2,97,,11004,78,,,2,100,,10990,78,,,2,101,,11003,78,,,2,102,,11002,78,,,2,100,,10992,78,,,2,97,,10993,78,,,2,100,,10996,78,,,2,97,,10998,78,,,2,99,,10994,78,,,2,102,,10995,78,,,2,98,,10997,78,,,2
