2401,'DIM',648,,443,12,,,1,96,,440,12,,,1,107,,447,12,,,1,99,,444,12,,,1,102,,437,12,,,1,70,,441,12,,,1,29,,429,12,,,1,71,,453,12,,,1,30,,446,12,,,1,72,,442,12,,,1,24,,448,12,,,1,76,,451,12,,,1,25,,445,12,,,1,77,,454,12,,,1,23,,452,12,,,1,76,,450,12,,,1,30,,430,12,,,1,68,,449,12,,,1,31,,433,12,,,1,99,,438,12,,,1,100,,435,12,,,1,99,,431,12,,,1,98,,434,12,,,1,100,,432,12,,,1,93,,436,12,,,1,101,,439,12,,,1
2401,'SAM',620,,468,12,,,1,27,,477,12,,,1,97,,467,12,,,1,107,,472,12,,,1,99,,465,12,,,1,102,,476,12,,,1,70,,475,12,,,1,29,,479,12,,,1,71,,460,12,,,1,31,,473,12,,,1,71,,466,12,,,1,25,,469,12,,,1,75,,474,12,,,1,29,,478,12,,,1,73,,470,12,,,1,22,,480,12,,,1,77,,471,12,,,1,30,,481,12,,,1,68,,455,12,,,1,31,,459,12,,,1,99,,461,12,,,1,100,,456,12,,,1,99,,464,12,,,1,98,,457,12,,,1,100,,462,12,,,1,95,,458,12,,,1,99,,463,12,,,1
2401,'SEM',458,,491,12,,,1,78,,512,12,,,1,76,,482,12,,,1,15,,483,12,,,1,10,,506,12,,,1,10,,490,12,,,1,8,,516,12,,,1,58,,496,12,,,1,15,,501,12,,,1,15,,485,12,,,1,14,,488,12,,,1,66,,514,12,,,1,27,,487,12,,,1,71,,489,12,,,1,30,,515,12,,,1,69,,493,12,,,1,30,,498,12,,,1,72,,5612,12,,,1,28,,486,12,,,1,70,,511,12,,,1,30,,513,12,,,1,70,,484,12,,,1,30,,517,12,,,1,71,,492,12,,,1,30,,497,12,,,1,80,,518,12,,,1,27,,504,12,,,1,60,,503,12,,,1,33,,494,12,,,1,74,,495,12,,,1,27,,502,12,,,1,74,,508,12,,,1,99,,510,12,,,1,88,,499,12,,,1,100,,500,12,,,1,100,,505,12,,,1,99,,507,12,,,1,100,,509,12,,,1
6601,'DIM',550,,3737,20,,,1,106,,3735,20,,,1,96,,3739,20,,,1,100,,3734,20,,,1,72,,3732,20,,,1,31,,3738,20,,,1,76,,3745,20,,,1,71,,3736,20,,,1,30,,3730,20,,,1,24,,3742,20,,,1,94,,3733,20,,,1,107,,3746,20,,,1,145,,3741,20,,,1,56,,3740,20,,,1,101,,3743,20,,,1,100,,3744,20,,,1,99,,3728,20,,,1,98,,3727,20,,,1,100,,3731,20,,,1,98,,3729,20,,,1
6601,'SAM',550,,3756,20,,,1,106,,3761,20,,,1,96,,3757,20,,,1,100,,3759,20,,,1,72,,3749,20,,,1,31,,3764,20,,,1,76,,3765,20,,,1,71,,3760,20,,,1,30,,3747,20,,,1,24,,3763,20,,,1,100,,3766,20,,,1,101,,3758,20,,,1,144,,3750,20,,,1,57,,3762,20,,,1,101,,3748,20,,,1,100,,3752,20,,,1,97,,3753,20,,,1,100,,3755,20,,,1,100,,3754,20,,,1,98,,3751,20,,,1
6601,'SEM',633,,3767,20,,,1,105,,3768,20,,,1,97,,3771,20,,,1,101,,3769,20,,,1,104,,3777,20,,,1,99,,3770,20,,,1,102,,3772,20,,,1,100,,3776,20,,,1,100,,3773,20,,,1,75,,5373,20,,,1,88,,3774,20,,,1,105,,5374,20,,,1,98,,3775,20,,,1,100,,3780,20,,,1,96,,3779,20,,,1,101,,3781,20,,,1,96,,3778,20,,,1
14401,'DIM',612,,4507,22,,,2,40,,4509,22,,,2,99,,4503,22,,,2,100,,4511,22,,,2,96,,4522,22,,,2,73,,4514,22,,,2,29,,4510,22,,,2,72,,4512,22,,,2,32,,4508,22,,,2,70,,4513,22,,,2,33,,4515,22,,,2,74,,4524,22,,,2,70,,4518,22,,,2,35,,4517,22,,,2,73,,4523,22,,,2,28,,4521,22,,,2,75,,4520,22,,,2,33,,4519,22,,,2,68,,4516,22,,,2,34,,4501,22,,,2,101,,4505,22,,,2,82,,4504,22,,,2,97,,4506,22,,,2,99,,4500,22,,,2,99,,4499,22,,,2,100,,4502,22,,,2
14401,'SAM',610,,4539,22,,,2,42,,4540,22,,,2,99,,4536,22,,,2,100,,4544,22,,,2,96,,4550,22,,,2,73,,4545,22,,,2,29,,4551,22,,,2,72,,4546,22,,,2,32,,4541,22,,,2,70,,4547,22,,,2,33,,4526,22,,,2,74,,4543,22,,,2,70,,4542,22,,,2,35,,4525,22,,,2,73,,4531,22,,,2,28,,4549,22,,,2,75,,4548,22,,,2,33,,4530,22,,,2,68,,4552,22,,,2,34,,4527,22,,,2,101,,4528,22,,,2,82,,4535,22,,,2,97,,4529,22,,,2,99,,4532,22,,,2,99,,4537,22,,,2,100,,4533,22,,,2,100,,4534,22,,,2,101,,4538,22,,,2
14401,'SEM',542,,4580,22,,,2,72,,4582,22,,,2,17,,4584,22,,,2,14,,4557,22,,,2,55,,4559,22,,,2,16,,5461,22,,,2,15,,4562,22,,,2,15,,4585,22,,,2,54,,4578,22,,,2,15,,4560,22,,,2,16,,4553,22,,,2,24,,4565,22,,,2,62,,4572,22,,,2,18,,4568,22,,,2,70,,4554,22,,,2,30,,4564,22,,,2,74,,5382,22,,,2,31,,4567,22,,,2,70,,4569,22,,,2,35,,4555,22,,,2,71,,4581,22,,,2,30,,5580,22,,,2,75,,4558,22,,,2,34,,4563,22,,,2,69,,4571,22,,,2,100,,4561,22,,,2,86,,4566,22,,,2,100,,4576,22,,,2,100,,4574,22,,,2,93,,4577,22,,,2,100,,4570,22,,,2,55,,4573,22,,,2,147,,4575,22,,,2,101,,4579,22,,,2
24401,'SEM',623,,5030,22,,,2,15,,5027,22,,,2,15,,5028,22,,,2,54,,5029,22,,,2
