2202,'DIM',725,,7249,32,,,2,100,,7248,32,,,2,100,,7247,32,,,2,100,,6315,32,,,2,101,,7250,32,,,2,100,,7252,32,,,2,96,,7251,32,,,2,106,,7246,32,,,2,98,,7240,32,,,2,114,,7253,32,,,2,88,,7242,32,,,2,100,,7243,32,,,2,98,,7245,32,,,2,101,,7244,32,,,2,100,,7239,32,,,2,100,,7241,32,,,2
2202,'SAM',627,,7270,16,,,2,98,,7264,32,,,2,100,,7261,32,,,2,100,,7260,32,,,2,98,,7266,32,,,2,103,,7265,32,,,2,100,,7263,32,,,2,96,,7269,32,,,2,104,,7262,32,,,2,100,,7268,32,,,2,112,,7267,32,,,2,90,,7255,32,,,2,100,,7257,32,,,2,98,,7254,32,,,2,101,,7256,32,,,2,100,,7259,32,,,2,100,,7258,32,,,2
2202,'SEM',602,,6230,32,,,2,18,,7282,32,,,2,105,,7289,32,,,2,31,,7279,32,,,2,70,,7271,32,,,2,98,,7273,32,,,2,31,,7272,32,,,2,69,,7290,32,,,2,101,,7277,32,,,2,100,,7288,32,,,2,100,,7291,32,,,2,102,,7276,32,,,2,100,,7278,32,,,2,102,,7274,32,,,2,24,,7275,32,,,2,75,,7281,32,,,2,99,,7280,32,,,2,100,,7287,32,,,2,101,,7286,32,,,2,98,,7284,32,,,2,107,,7283,32,,,2,96,,7285,32,,,2
5002,'DIM',604,,9440,9,,,1,100,,2653,9,,,1,100,,9423,9,,,1,96,,9438,9,,,1,107,,9431,9,,,1,25,,9441,9,,,1,77,,9433,9,,,1,24,,9445,9,,,1,79,,9443,9,,,1,22,,9444,9,,,1,75,,9446,9,,,1,29,,9432,9,,,1,72,,9434,9,,,1,36,,9447,9,,,1,69,,9436,9,,,1,34,,9435,9,,,1,70,,9442,9,,,1,26,,9439,9,,,1,71,,9437,9,,,1,100,,9425,9,,,1,99,,9427,9,,,1,99,,9430,9,,,1,99,,9424,9,,,1,98,,9428,9,,,1,98,,9426,9,,,1,100,,9429,9,,,1
5002,'SAM',604,,9455,9,,,1,100,,9458,9,,,1,100,,9449,9,,,1,99,,9470,9,,,1,104,,9469,9,,,1,25,,9468,9,,,1,76,,9466,9,,,1,25,,9450,9,,,1,79,,9473,9,,,1,22,,9472,9,,,1,75,,9451,9,,,1,29,,9462,9,,,1,72,,9464,9,,,1,36,,9467,9,,,1,69,,9463,9,,,1,34,,9465,9,,,1,70,,9453,9,,,1,26,,9454,9,,,1,71,,9448,9,,,1,100,,9471,9,,,1,99,,9459,9,,,1,99,,9461,9,,,1,99,,9460,9,,,1,98,,9456,9,,,1,98,,9452,9,,,1,100,,9457,9,,,1
5002,'SEM',452,,9480,9,,,1,75,,9502,9,,,1,30,,9498,9,,,1,70,,9474,9,,,1,75,,9506,9,,,1,31,,9499,9,,,1,24,,9475,9,,,1,75,,9492,9,,,1,26,,9478,9,,,1,71,,9504,9,,,1,26,,9505,9,,,1,73,,9501,9,,,1,27,,9477,9,,,1,73,,9481,9,,,1,28,,9500,9,,,1,72,,9489,9,,,1,72,,9503,9,,,1,30,,9482,9,,,1,70,,9485,9,,,1,41,,9476,9,,,1,67,,9486,9,,,1,37,,9479,9,,,1,72,,9493,9,,,1,31,,9483,9,,,1,70,,9484,9,,,1,30,,9491,9,,,1,70,,9487,9,,,1,30,,9490,9,,,1,105,,9494,9,,,1,105,,11986,9,,,1,101,,9488,9,,,1,150,,9496,9,,,1,105,,9495,9,,,1,98,,9497,9,,,1
5802,'DIM',603,,9883,9,,,2,100,,9890,9,,,2,51,,9887,9,,,2,100,,9891,9,,,2,100,,9894,9,,,2,99,,9886,9,,,2,101,,9896,9,,,2,100,,9893,9,,,2,101,,9889,9,,,2,99,,9892,9,,,2,101,,9888,9,,,2,99,,9882,9,,,2,101,,9895,9,,,2,101,,9879,9,,,2,100,,9885,9,,,2,99,,9881,9,,,2,99,,9880,9,,,2,99,,9884,9,,,2
5802,'SAM',603,,9914,9,,,2,100,,9906,9,,,2,51,,9905,9,,,2,100,,9910,9,,,2,100,,9908,9,,,2,99,,9911,9,,,2,101,,9913,9,,,2,100,,9897,9,,,2,98,,9904,9,,,2,101,,9909,9,,,2,101,,9907,9,,,2,101,,9912,9,,,2,100,,9899,9,,,2,101,,9902,9,,,2,100,,9898,9,,,2,99,,9903,9,,,2,99,,9900,9,,,2,99,,9901,9,,,2
5802,'SEM',522,,9932,9,,,2,34,,9926,9,,,2,62,,9925,9,,,2,39,,9933,9,,,2,75,,9935,9,,,2,69,,9918,9,,,2,33,,9917,9,,,2,83,,9921,9,,,2,99,,9936,9,,,2,100,,9915,9,,,2,100,,9922,9,,,2,100,,9934,9,,,2,101,,9916,9,,,2,25,,9919,9,,,2,69,,9923,9,,,2,102,,9929,9,,,2,33,,9920,9,,,2,94,,9924,9,,,2,96,,9930,9,,,2,100,,11992,9,,,2,100,,9931,9,,,2,98,,9928,9,,,2,99,,9927,9,,,2
22202,'DIM',1439,,4994,21,,,2
22202,'SAM',1439,,11668,21,,,2,898,,11666,21,,,2,100,,11667,21,,,2
22202,'SEM',539,,11675,21,,,2,119,,11670,21,,,2,81,,11671,21,,,2,767,,11674,21,,,2,35,,11669,21,,,2,703,,11672,21,,,2,65,,11673,21,,,2
32202,'SAM',2552,,11777,15,,,2
32202,'SEM',2421,,12016,15,,,2,84,,11778,15,,,2
