1704,'DIM',456,,7029,10,,,1,89,,7030,10,,,1,100,,7034,10,,,1,102,,7028,10,,,1,99,,165,10,,,1,100,,7032,10,,,1,101,,7033,10,,,1,100,,7035,10,,,1,101,,7036,10,,,1,101,,7031,10,,,1,102,,7017,10,,,1,99,,7018,10,,,1,100,,7021,10,,,1,101,,7023,10,,,1,99,,7022,10,,,1,98,,7020,10,,,1,100,,7024,10,,,1,101,,7027,10,,,1,99,,7019,10,,,1,100,,7025,10,,,1,96,,7026,10,,,1
1704,'SAM',456,,7049,10,,,1,89,,7050,10,,,1,100,,7056,10,,,1,102,,7053,10,,,1,99,,7048,10,,,1,100,,7052,10,,,1,101,,7057,10,,,1,100,,7055,10,,,1,101,,7054,10,,,1,101,,7051,10,,,1,101,,7038,10,,,1,100,,7039,10,,,1,101,,7041,10,,,1,100,,7043,10,,,1,99,,7037,10,,,1,98,,7045,10,,,1,100,,7042,10,,,1,101,,7040,10,,,1,99,,7044,10,,,1,100,,7046,10,,,1,96,,7047,10,,,1
1704,'SEM',507,,7072,10,,,1,52,,7077,10,,,1,62,,7080,10,,,1,22,,7059,10,,,1,66,,7063,10,,,1,35,,7064,10,,,1,61,,7058,10,,,1,98,,7061,10,,,1,44,,7062,10,,,1,100,,7065,10,,,1,100,,7076,10,,,1,100,,7078,10,,,1,100,,7067,10,,,1,102,,7079,10,,,1,100,,7060,10,,,1,105,,7068,10,,,1,96,,7066,10,,,1,98,,7069,10,,,1,101,,7074,10,,,1,101,,7075,10,,,1,100,,7070,10,,,1,100,,7071,10,,,1,100,,7073,10,,,1
3104,'DIM',615,,7960,20,,,1,102,,7961,20,,,1,100,,7959,20,,,1,100,,7965,20,,,1,100,,7966,20,,,1,100,,7964,20,,,1,100,,7962,20,,,1,103,,7950,20,,,1,101,,7963,20,,,1,100,,7949,20,,,1,101,,7948,20,,,1,99,,7953,20,,,1,98,,7955,20,,,1,103,,7954,20,,,1,96,,7956,20,,,1,101,,7952,20,,,1,100,,7951,20,,,1,98,,7957,20,,,1,102,,7958,20,,,1
3104,'SAM',516,,1137,20,,,1,99,,7976,20,,,1,102,,7979,20,,,1,100,,7978,20,,,1,100,,7981,20,,,1,100,,7984,20,,,1,100,,7985,20,,,1,100,,7980,20,,,1,102,,7975,20,,,1,101,,7982,20,,,1,101,,7977,20,,,1,101,,7983,20,,,1,100,,7971,20,,,1,98,,7973,20,,,1,100,,7969,20,,,1,99,,7974,20,,,1,100,,7967,20,,,1,100,,7968,20,,,1,98,,7970,20,,,1,102,,7972,20,,,1
3104,'SEM',439,,7994,20,,,1,77,,7995,20,,,1,90,,8006,20,,,1,21,,8008,20,,,1,23,,7988,20,,,1,73,,8007,20,,,1,28,,8004,20,,,1,69,,8002,20,,,1,35,,8003,20,,,1,61,,8005,20,,,1,100,,7986,20,,,1,101,,7987,20,,,1,100,,7990,20,,,1,101,,8009,20,,,1,100,,7989,20,,,1,102,,7992,20,,,1,100,,7993,20,,,1,96,,7991,20,,,1,105,,7996,20,,,1,97,,8001,20,,,1,105,,8000,20,,,1,100,,7997,20,,,1,102,,7998,20,,,1,100,,7999,20,,,1
3904,'DIM',816,,8313,10,,,1,112,,8307,10,,,1,82,,8314,10,,,1,30,,8317,10,,,1,73,,8308,10,,,1,27,,8306,10,,,1,73,,8316,10,,,1,29,,8311,10,,,1,74,,8300,10,,,1,27,,8315,10,,,1,70,,8309,10,,,1,31,,8310,10,,,1,72,,8299,10,,,1,30,,8312,10,,,1,71,,8295,10,,,1,31,,8296,10,,,1,68,,8301,10,,,1,28,,8302,10,,,1,70,,8303,10,,,1,43,,8304,10,,,1,98,,8297,10,,,1,100,,8305,10,,,1,100,,8298,10,,,1
3904,'SAM',816,,8333,10,,,1,112,,8326,10,,,1,82,,8337,10,,,1,30,,8327,10,,,1,70,,8318,10,,,1,30,,8324,10,,,1,76,,8330,10,,,1,26,,8328,10,,,1,74,,8334,10,,,1,27,,8325,10,,,1,70,,8331,10,,,1,31,,8332,10,,,1,71,,8338,10,,,1,31,,8329,10,,,1,72,,8335,10,,,1,24,,8336,10,,,1,74,,8339,10,,,1,28,,8340,10,,,1,70,,8319,10,,,1,86,,8320,10,,,1,57,,8322,10,,,1,98,,8321,10,,,1,100,,8323,10,,,1
3904,'SEM',611,,8364,10,,,1,27,,8357,10,,,1,14,,8363,10,,,1,51,,8345,10,,,1,29,,8360,10,,,1,71,,8341,10,,,1,31,,8358,10,,,1,70,,8365,10,,,1,35,,8343,10,,,1,67,,8344,10,,,1,33,,8355,10,,,1,69,,8359,10,,,1,31,,8361,10,,,1,68,,8352,10,,,1,32,,8356,10,,,1,67,,8362,10,,,1,38,,8342,10,,,1,74,,8347,10,,,1,30,,8349,10,,,1,71,,8350,10,,,1,101,,8366,10,,,1,112,,8353,10,,,1,99,,8354,10,,,1,105,,8346,10,,,1,100,,8348,10,,,1,94,,8351,10,,,1
4504,'DIM',613,,9016,10,,,1,100,,9009,10,,,1,99,,9017,10,,,1,101,,9019,10,,,1,99,,9023,10,,,1,97,,9024,10,,,1,102,,9020,10,,,1,98,,9015,10,,,1,108,,9013,10,,,1,98,,9007,10,,,1,100,,9022,10,,,1,96,,9018,10,,,1,101,,9021,10,,,1,103,,9008,10,,,1,101,,9014,10,,,1,101,,9010,10,,,1,100,,9011,10,,,1,100,,9012,10,,,1
4504,'SAM',613,,2249,10,,,1,100,,9038,10,,,1,99,,9035,10,,,1,101,,9039,10,,,1,99,,9037,10,,,1,101,,9026,10,,,1,97,,9036,10,,,1,102,,9025,10,,,1,104,,9031,10,,,1,101,,9040,10,,,1,98,,9028,10,,,1,96,,9041,10,,,1,101,,9029,10,,,1,103,,9033,10,,,1,101,,9027,10,,,1,101,,9032,10,,,1,100,,9030,10,,,1,100,,9034,10,,,1
4504,'SEM',530,,9061,10,,,1,15,,9062,10,,,1,80,,9067,10,,,1,84,,9047,10,,,1,18,,9045,10,,,1,18,,9043,10,,,1,57,,9060,10,,,1,51,,9046,10,,,1,106,,9064,10,,,1,151,,9059,10,,,1,96,,9049,10,,,1,94,,9048,10,,,1,100,,9065,10,,,1,42,,9044,10,,,1,65,,9042,10,,,1,31,,9063,10,,,1,70,,9066,10,,,1,38,,9051,10,,,1,77,,9054,10,,,1,81,,9055,10,,,1,104,,9053,10,,,1,105,,9052,10,,,1,102,,9056,10,,,1,90,,9058,10,,,1,101,,9050,10,,,1,95,,9057,10,,,1
