2601,'DIM',508,,627,51,,,2,51,,619,51,,,2,85,,628,51,,,2,81,,620,51,,,2,25,,638,51,,,2,65,,631,51,,,2,31,,634,51,,,2,70,,632,51,,,2,33,,645,51,,,2,69,,639,51,,,2,30,,633,51,,,2,66,,642,51,,,2,24,,635,51,,,2,20,,646,51,,,2,60,,626,51,,,2,20,,648,51,,,2,20,,641,51,,,2,59,,650,51,,,2,21,,609,51,,,2,19,,643,51,,,2,62,,630,51,,,2,19,,636,51,,,2,21,,637,51,,,2,62,,610,51,,,2,17,,611,51,,,2,20,,612,51,,,2,60,,629,51,,,2,19,,608,51,,,2,21,,644,51,,,2,61,,647,51,,,2,20,,640,51,,,2,62,,622,51,,,2,44,,625,51,,,2,71,,623,51,,,2,29,,615,51,,,2,70,,649,51,,,2,30,,651,51,,,2,70,,617,51,,,2,29,,613,51,,,2,69,,624,51,,,2,28,,614,51,,,2,69,,616,51,,,2,29,,618,51,,,2,68,,621,51,,,2
2601,'SAM',508,,678,51,,,2,51,,668,51,,,2,85,,681,51,,,2,81,,669,51,,,2,25,,688,51,,,2,65,,685,51,,,2,31,,690,51,,,2,70,,686,51,,,2,32,,694,51,,,2,70,,691,51,,,2,30,,698,51,,,2,65,,684,51,,,2,25,,696,51,,,2,62,,680,51,,,2,18,,699,51,,,2,21,,692,51,,,2,19,,655,51,,,2,59,,695,51,,,2,21,,689,51,,,2,20,,679,51,,,2,61,,682,51,,,2,21,,683,51,,,2,19,,652,51,,,2,62,,654,51,,,2,17,,658,51,,,2,20,,656,51,,,2,60,,693,51,,,2,18,,687,51,,,2,21,,659,51,,,2,62,,697,51,,,2,20,,663,51,,,2,62,,667,51,,,2,44,,671,51,,,2,71,,674,51,,,2,29,,677,51,,,2,70,,672,51,,,2,30,,653,51,,,2,70,,662,51,,,2,29,,661,51,,,2,69,,670,51,,,2,28,,657,51,,,2,69,,665,51,,,2,29,,675,51,,,2,68,,660,51,,,2,30,,664,51,,,2,70,,666,51,,,2,30,,676,51,,,2,81,,673,51,,,2
2601,'SEM',507,,747,51,,,2,36,,733,51,,,2,71,,738,51,,,2,15,,748,51,,,2,12,,752,51,,,2,13,,756,51,,,2,51,,723,51,,,2,10,,706,51,,,2,12,,700,51,,,2,11,,742,51,,,2,16,,716,51,,,2,50,,709,51,,,2,12,,744,51,,,2,14,,743,51,,,2,16,,750,51,,,2,59,,712,51,,,2,23,,705,51,,,2,22,,710,51,,,2,61,,754,51,,,2,20,,734,51,,,2,20,,702,51,,,2,61,,749,51,,,2,22,,741,51,,,2,19,,704,51,,,2,60,,745,51,,,2,20,,708,51,,,2,21,,753,51,,,2,62,,735,51,,,2,22,,737,51,,,2,15,,746,51,,,2,65,,5449,51,,,2,19,,755,51,,,2,14,,703,51,,,2,57,,736,51,,,2,25,,701,51,,,2,23,,740,51,,,2,60,,751,51,,,2,20,,707,51,,,2,20,,717,51,,,2,60,,719,51,,,2,22,,711,51,,,2,18,,724,51,,,2,62,,725,51,,,2,18,,726,51,,,2,69,,730,51,,,2,30,,722,51,,,2,70,,713,51,,,2,28,,714,51,,,2,75,,728,51,,,2,25,,731,51,,,2,73,,720,51,,,2,22,,715,51,,,2,76,,721,51,,,2,29,,718,51,,,2,70,,727,51,,,2,17,,729,51,,,2,102,,732,51,,,2
3601,'SEM',635,,1254,28,,,2,23,,1249,28,,,2,51,,1248,28,,,2,23,,1251,28,,,2,15,,1252,28,,,2,63,,1255,28,,,2,14,,1250,28,,,2,80,,1253,28,,,2
4604,'DIM',545,,2298,59,,,1,100,,2304,59,,,1,101,,2306,59,,,1,99,,2307,59,,,1,107,,2301,59,,,1,106,,2311,59,,,1,96,,2308,59,,,1,103,,2313,59,,,1,100,,2314,59,,,1,101,,2305,59,,,1,101,,2309,59,,,1,99,,2297,59,,,1,101,,2312,59,,,1,99,,2310,59,,,1,98,,2300,59,,,1,98,,2315,59,,,1,99,,2303,59,,,1,98,,2299,59,,,1,100,,2302,59,,,1
4604,'SAM',545,,2318,59,,,1,100,,2327,59,,,1,101,,2328,59,,,1,99,,2329,59,,,1,107,,2333,59,,,1,107,,2332,59,,,1,95,,2331,59,,,1,103,,2326,59,,,1,99,,2334,59,,,1,97,,2316,59,,,1,106,,2317,59,,,1,145,,2330,59,,,1,55,,2335,59,,,1,99,,2320,59,,,1,98,,2321,59,,,1,98,,2324,59,,,1,99,,2322,59,,,1,98,,2325,59,,,1,100,,2319,59,,,1,98,,2323,59,,,1
4604,'SEM',505,,2362,59,,,1,46,,2350,59,,,1,70,,2358,59,,,1,27,,2363,59,,,1,59,,2338,59,,,1,26,,2345,59,,,1,67,,2355,59,,,1,30,,2339,59,,,1,72,,2359,59,,,1,28,,2353,59,,,1,70,,2351,59,,,1,29,,2340,59,,,1,30,,2356,59,,,1,70,,2337,59,,,1,30,,2352,59,,,1,70,,2354,59,,,1,74,,2336,59,,,1,27,,2365,59,,,1,28,,2341,59,,,1,72,,2360,59,,,1,70,,2364,59,,,1,33,,2344,59,,,1,79,,2357,59,,,1,30,,2361,59,,,1,64,,2343,59,,,1,101,,2342,59,,,1,95,,2347,59,,,1,56,,2349,59,,,1,94,,5238,59,,,1,100,,2346,59,,,1,98,,5237,59,,,1,100,,2348,59,,,1
6002,'DIM',727,,3158,50,,,1,103,,3167,50,,,1,100,,3165,50,,,1,103,,3166,50,,,1,101,,3168,50,,,1,101,,3171,50,,,1,101,,3169,50,,,1,101,,3172,50,,,1,100,,3170,50,,,1,98,,3173,50,,,1,99,,3174,50,,,1,98,,3160,50,,,1,99,,3162,50,,,1,100,,3161,50,,,1,100,,3163,50,,,1,100,,3157,50,,,1,99,,3159,50,,,1,97,,3164,50,,,1
6002,'SAM',727,,3186,50,,,1,103,,3177,50,,,1,100,,3189,50,,,1,103,,3191,50,,,1,101,,3187,50,,,1,101,,3190,50,,,1,101,,3188,50,,,1,101,,3176,50,,,1,100,,3192,50,,,1,98,,3175,50,,,1,99,,3179,50,,,1,100,,3184,50,,,1,97,,3180,50,,,1,100,,3181,50,,,1,100,,3185,50,,,1,100,,3178,50,,,1,99,,3182,50,,,1,97,,3183,50,,,1
6002,'SEM',700,,3210,50,,,1,105,,3208,50,,,1,102,,3194,50,,,1,100,,3211,50,,,1,100,,3209,50,,,1,104,,3199,50,,,1,101,,3193,50,,,1,99,,3195,50,,,1,101,,3207,50,,,1,99,,3196,50,,,1,103,,3201,50,,,1,103,,3198,50,,,1,91,,3204,50,,,1,99,,3202,50,,,1,98,,3197,50,,,1,99,,3200,50,,,1,96,,3203,50,,,1,49,,3206,50,,,1,98,,3205,50,,,1
6601,'DIM',558,,3631,36,,,1,100,,3633,36,,,1,142,,3639,36,,,1,100,,3629,36,,,1,32,,3630,36,,,1,71,,3637,36,,,1,31,,3640,36,,,1,75,,3628,36,,,1,26,,3635,36,,,1,70,,3634,36,,,1,101,,3641,36,,,1,101,,3638,36,,,1,103,,3636,36,,,1,99,,3632,36,,,1,103,,3624,36,,,1,96,,3626,36,,,1,98,,3623,36,,,1,100,,3625,36,,,1,100,,3627,36,,,1,100,,3622,36,,,1
6601,'SAM',558,,3647,36,,,1,100,,3654,36,,,1,142,,3656,36,,,1,100,,3652,36,,,1,32,,3650,36,,,1,71,,3642,36,,,1,31,,3659,36,,,1,75,,3648,36,,,1,26,,3660,36,,,1,70,,3655,36,,,1,101,,3658,36,,,1,101,,3661,36,,,1,103,,3657,36,,,1,99,,3653,36,,,1,103,,3643,36,,,1,96,,3644,36,,,1,98,,3646,36,,,1,100,,3645,36,,,1,100,,3649,36,,,1,100,,3651,36,,,1
6601,'SEM',638,,3675,36,,,1,104,,3665,36,,,1,101,,3677,36,,,1,103,,3674,36,,,1,100,,3664,36,,,1,106,,5259,36,,,1,102,,3662,36,,,1,100,,3676,36,,,1,103,,3666,36,,,1,71,,3670,36,,,1,88,,3671,36,,,1,106,,3663,36,,,1,93,,3668,36,,,1,99,,3667,36,,,1,98,,3672,36,,,1,98,,3669,36,,,1,99,,3673,36,,,1
