2402,'DIM',723,,531,34,,,1,107,,537,34,,,1,99,,534,34,,,1,99,,528,34,,,1,74,,532,34,,,1,25,,518,34,,,1,75,,543,34,,,1,30,,536,34,,,1,71,,533,34,,,1,24,,538,34,,,1,76,,541,34,,,1,25,,535,34,,,1,75,,544,34,,,1,25,,542,34,,,1,76,,540,34,,,1,30,,519,34,,,1,69,,539,34,,,1,29,,523,34,,,1,69,,521,34,,,1,32,,529,34,,,1,100,,525,34,,,1,99,,520,34,,,1,98,,524,34,,,1,99,,522,34,,,1,94,,527,34,,,1,101,,530,34,,,1,98,,526,34,,,1
2402,'SAM',627,,567,34,,,1,97,,558,34,,,1,106,,562,34,,,1,99,,556,34,,,1,100,,566,34,,,1,73,,5348,34,,,1,25,,569,34,,,1,75,,550,34,,,1,30,,563,34,,,1,71,,557,34,,,1,25,,559,34,,,1,75,,564,34,,,1,29,,568,34,,,1,71,,560,34,,,1,24,,570,34,,,1,77,,561,34,,,1,30,,572,34,,,1,69,,545,34,,,1,29,,549,34,,,1,69,,571,34,,,1,32,,552,34,,,1,100,,546,34,,,1,99,,555,34,,,1,98,,547,34,,,1,99,,553,34,,,1,94,,548,34,,,1,101,,554,34,,,1,101,,551,34,,,1
2402,'SEM',552,,573,34,,,1,83,,608,34,,,1,80,,602,34,,,1,21,,578,34,,,1,66,,605,34,,,1,27,,577,34,,,1,71,,579,34,,,1,29,,606,34,,,1,29,,582,34,,,1,70,,588,34,,,1,30,,5565,34,,,1,70,,576,34,,,1,30,,603,34,,,1,70,,604,34,,,1,30,,575,34,,,1,71,,609,34,,,1,30,,580,34,,,1,70,,586,34,,,1,71,,610,34,,,1,23,,581,34,,,1,22,,591,34,,,1,60,,5349,34,,,1,22,,584,34,,,1,24,,587,34,,,1,58,,583,34,,,1,18,,590,34,,,1,24,,594,34,,,1,55,,597,34,,,1,18,,585,34,,,1,18,,592,34,,,1,61,,600,34,,,1,49,,589,34,,,1,98,,598,34,,,1,100,,593,34,,,1,99,,595,34,,,1,103,,599,34,,,1,99,,596,34,,,1,95,,601,34,,,1
6602,'DIM',715,,3748,30,,,1,108,,3752,30,,,1,103,,3754,30,,,1,101,,3753,30,,,1,99,,3755,30,,,1,95,,3751,30,,,1,107,,3761,30,,,1,131,,3758,30,,,1,95,,3757,30,,,1,74,,3756,30,,,1,31,,3745,30,,,1,71,,3760,30,,,1,25,,3759,30,,,1,72,,3746,30,,,1,99,,3744,30,,,1,100,,3749,30,,,1,99,,3747,30,,,1,92,,3750,30,,,1
6602,'SAM',715,,3771,30,,,1,108,,3774,30,,,1,103,,3778,30,,,1,101,,3775,30,,,1,99,,3776,30,,,1,101,,3762,30,,,1,101,,3773,30,,,1,131,,3777,30,,,1,100,,3765,30,,,1,70,,3763,30,,,1,28,,3779,30,,,1,73,,3768,30,,,1,25,,3764,30,,,1,72,,3769,30,,,1,99,,3772,30,,,1,100,,3770,30,,,1,99,,3767,30,,,1,92,,3766,30,,,1
6602,'SEM',659,,5381,30,,,1,141,,3780,30,,,1,106,,3781,30,,,1,105,,3786,30,,,1,99,,3782,30,,,1,102,,5477,30,,,1,100,,3785,30,,,1,100,,3795,30,,,1,32,,5623,30,,,1,90,,3784,30,,,1,104,,3788,30,,,1,99,,3794,30,,,1,95,,3789,30,,,1,102,,3792,30,,,1,101,,3793,30,,,1,96,,3791,30,,,1,71,,3790,30,,,1
14402,'DIM',749,,4553,18,,,2,100,,4546,18,,,2,101,,4556,18,,,2,101,,4555,18,,,2,72,,4552,18,,,2,30,,4554,18,,,2,73,,4557,18,,,2,33,,4567,18,,,2,70,,4560,18,,,2,74,,4559,18,,,2,33,,4565,18,,,2,68,,4561,18,,,2,35,,4563,18,,,2,73,,4566,18,,,2,28,,4564,18,,,2,74,,4544,18,,,2,34,,4562,18,,,2,67,,4558,18,,,2,34,,4549,18,,,2,99,,4550,18,,,2,81,,4543,18,,,2,97,,4548,18,,,2,98,,4551,18,,,2,96,,4542,18,,,2,101,,4545,18,,,2,95,,4547,18,,,2
14402,'SAM',749,,4582,18,,,2,100,,4571,18,,,2,101,,4587,18,,,2,101,,4588,18,,,2,72,,4583,18,,,2,30,,4589,18,,,2,73,,4593,18,,,2,33,,4585,18,,,2,70,,4584,18,,,2,74,,4568,18,,,2,33,,4586,18,,,2,68,,4590,18,,,2,35,,4591,18,,,2,73,,4573,18,,,2,28,,4592,18,,,2,74,,4569,18,,,2,34,,4572,18,,,2,67,,4594,18,,,2,34,,4579,18,,,2,99,,4570,18,,,2,81,,4575,18,,,2,97,,4574,18,,,2,98,,4576,18,,,2,96,,4581,18,,,2,101,,4577,18,,,2,99,,4578,18,,,2,100,,4580,18,,,2
14402,'SEM',549,,4619,18,,,2,91,,4627,18,,,2,110,,4630,18,,,2,94,,4602,18,,,2,90,,4596,18,,,2,70,,4605,18,,,2,34,,4610,18,,,2,70,,4609,18,,,2,30,,4611,18,,,2,75,,5633,18,,,2,30,,4625,18,,,2,71,,4599,18,,,2,35,,4598,18,,,2,73,,4626,18,,,2,29,,4629,18,,,2,80,,5397,18,,,2,20,,4597,18,,,2,57,,4604,18,,,2,12,,4607,18,,,2,23,,4614,18,,,2,14,,4608,18,,,2,50,,4628,18,,,2,14,,5396,18,,,2,15,,4601,18,,,2,11,,4600,18,,,2,56,,4603,18,,,2,16,,4606,18,,,2,20,,4616,18,,,2,16,,4612,18,,,2,62,,4620,18,,,2,94,,4617,18,,,2,92,,4621,18,,,2,99,,4613,18,,,2,100,,4615,18,,,2,57,,4618,18,,,2,100,,4623,18,,,2,150,,4622,18,,,2
24402,'SEM',1614,,5401,16,,,2,18,,5638,16,,,2,19,,4975,16,,,2
