2201,'DIM',643,,7194,40,,,2,101,,7198,40,,,2,104,,7197,40,,,2,99,,7196,40,,,2,101,,7193,40,,,2,99,,7195,40,,,2,101,,7200,40,,,2,102,,7202,40,,,2,96,,7199,40,,,2,105,,7201,40,,,2,99,,7187,40,,,2,100,,7189,40,,,2,97,,7188,40,,,2,102,,7191,40,,,2,100,,7190,40,,,2,100,,7192,40,,,2
2201,'SAM',643,,7211,40,,,2,101,,7213,40,,,2,104,,7210,40,,,2,99,,7212,40,,,2,102,,7215,40,,,2,99,,7219,40,,,2,101,,7218,40,,,2,101,,7214,40,,,2,96,,7216,40,,,2,102,,7217,40,,,2,102,,7204,40,,,2,101,,7207,40,,,2,96,,7205,40,,,2,102,,7203,40,,,2,100,,7209,40,,,2,100,,7208,40,,,2,100,,7206,40,,,2
2201,'SEM',638,,7234,40,,,2,100,,7223,40,,,2,94,,7221,40,,,2,80,,7220,40,,,2,34,,7236,40,,,2,101,,7222,40,,,2,100,,7235,40,,,2,100,,7237,40,,,2,100,,7225,40,,,2,96,,7226,40,,,2,105,,7224,40,,,2,100,,7230,40,,,2,100,,7228,40,,,2,99,,7227,40,,,2,98,,7229,40,,,2,104,,7233,40,,,2,100,,7231,40,,,2,95,,7232,40,,,2,98,,7238,40,,,2
5001,'DIM',545,,9340,47,,,1,100,,9348,47,,,1,101,,9336,47,,,1,98,,9353,47,,,1,101,,9345,47,,,1,73,,9355,47,,,1,37,,9347,47,,,1,64,,9360,47,,,1,39,,9358,47,,,1,62,,9359,47,,,1,35,,9361,47,,,1,69,,9346,47,,,1,32,,9349,47,,,1,76,,9362,47,,,1,69,,9351,47,,,1,34,,9350,47,,,1,70,,9356,47,,,1,23,,9354,47,,,1,74,,9352,47,,,1,41,,9357,47,,,1,58,,9338,47,,,1,99,,9341,47,,,1,58,,9344,47,,,1,100,,9337,47,,,1,99,,9342,47,,,1,98,,9339,47,,,1,100,,9343,47,,,1
5001,'SAM',545,,9370,47,,,1,100,,9373,47,,,1,101,,9364,47,,,1,98,,9385,47,,,1,101,,9383,47,,,1,79,,9388,47,,,1,30,,9381,47,,,1,65,,9365,47,,,1,39,,9389,47,,,1,62,,9387,47,,,1,35,,9366,47,,,1,69,,9377,47,,,1,32,,9379,47,,,1,76,,9382,47,,,1,69,,9378,47,,,1,34,,9380,47,,,1,70,,9368,47,,,1,23,,9369,47,,,1,74,,9363,47,,,1,39,,9384,47,,,1,61,,9386,47,,,1,98,,9374,47,,,1,58,,9376,47,,,1,100,,9375,47,,,1,99,,9371,47,,,1,98,,9367,47,,,1,100,,9372,47,,,1
5001,'SEM',537,,9411,47,,,1,107,,9416,47,,,1,76,,9412,47,,,1,24,,9391,47,,,1,77,,9390,47,,,1,24,,9393,47,,,1,71,,9419,47,,,1,26,,9420,47,,,1,73,,9415,47,,,1,27,,9392,47,,,1,73,,9396,47,,,1,28,,9414,47,,,1,72,,9402,47,,,1,32,,9417,47,,,1,70,,9397,47,,,1,32,,9413,47,,,1,68,,9418,47,,,1,30,,9395,47,,,1,84,,9394,47,,,1,27,,9405,47,,,1,76,,9398,47,,,1,70,,9399,47,,,1,29,,9404,47,,,1,26,,9400,47,,,1,75,,9403,47,,,1,69,,9406,47,,,1,35,,9407,47,,,1,104,,9421,47,,,1,103,,9401,47,,,1,103,,9409,47,,,1,105,,9408,47,,,1,106,,9410,47,,,1,89,,9422,37,,,1
5801,'DIM',546,,9832,55,,,2,101,,9814,55,,,2,91,,9823,55,,,2,101,,9826,55,,,2,99,,9829,55,,,2,100,,9822,55,,,2,102,,9831,55,,,2,98,,9828,55,,,2,103,,9825,55,,,2,99,,9827,55,,,2,102,,9824,55,,,2,99,,9817,55,,,2,101,,9830,55,,,2,99,,9813,55,,,2,99,,9821,55,,,2,99,,9816,55,,,2,100,,9815,55,,,2,100,,9819,55,,,2,98,,9818,55,,,2,110,,9820,55,,,2
5801,'SAM',546,,9852,55,,,2,101,,9844,55,,,2,91,,9843,55,,,2,101,,9848,55,,,2,100,,9846,55,,,2,99,,9849,55,,,2,102,,9851,55,,,2,98,,9833,55,,,2,101,,9842,55,,,2,101,,9847,55,,,2,101,,9845,55,,,2,101,,9850,55,,,2,100,,9836,55,,,2,100,,9840,55,,,2,98,,9834,55,,,2,99,,9841,55,,,2,100,,9837,55,,,2,100,,9839,55,,,2,98,,9835,55,,,2,110,,9838,55,,,2
5801,'SEM',537,,9866,55,,,2,68,,9863,55,,,2,42,,9875,55,,,2,85,,9864,55,,,2,86,,9870,55,,,2,85,,9857,55,,,2,99,,9876,55,,,2,100,,9853,55,,,2,100,,9858,55,,,2,100,,9874,55,,,2,100,,9854,55,,,2,47,,9865,55,,,2,71,,9855,55,,,2,32,,9877,55,,,2,69,,9860,55,,,2,35,,9862,55,,,2,69,,9861,55,,,2,27,,9856,55,,,2,69,,9873,55,,,2,29,,9859,55,,,2,70,,9872,55,,,2,100,,9878,55,,,2,99,,9868,55,,,2,99,,9867,55,,,2,99,,9869,55,,,2,98,,9871,55,,,2
22201,'DIM',1415,,11652,40,,,2,815,,11650,40,,,2,83,,11651,40,,,2
22201,'SAM',1415,,11657,40,,,2,815,,11653,40,,,2,83,,11654,40,,,2,100,,11656,40,,,2,112,,11655,40,,,2
22201,'SEM',718,,11658,40,,,2,10,,11659,40,,,2,683,,11660,40,,,2,100,,11661,40,,,2,106,,11665,40,,,2,100,,11663,40,,,2,90,,11662,40,,,2,625,,11664,40,,,2
32201,'DIM',524,,11767,41,,,2,802,,11769,40,,,2,802,,11768,40,,,2
32201,'SAM',524,,11770,41,,,2,802,,11771,40,,,2
32201,'SEM',526,,11772,41,,,2,19,,11773,41,,,2,67,,11774,41,,,2,715,,11775,40,,,2,801,,11776,40,,,2
