1704,'DIM',501,,7029,23,,,1,50,,7030,23,,,1,101,,7034,23,,,1,102,,7028,23,,,1,100,,165,23,,,1,100,,7032,23,,,1,101,,7033,23,,,1,100,,7035,23,,,1,101,,7036,23,,,1,101,,7031,23,,,1,102,,7017,23,,,1,99,,7018,23,,,1,100,,7021,23,,,1,101,,7023,23,,,1,99,,7022,23,,,1,98,,7020,23,,,1,100,,7024,23,,,1,99,,7027,23,,,1,99,,7019,23,,,1,99,,7025,23,,,1,96,,7026,23,,,1
1704,'SAM',501,,7049,23,,,1,50,,7050,23,,,1,101,,7056,23,,,1,102,,7053,23,,,1,100,,7048,23,,,1,100,,7052,23,,,1,101,,7057,23,,,1,100,,7055,23,,,1,101,,7054,23,,,1,101,,7051,23,,,1,101,,7038,23,,,1,100,,7039,23,,,1,101,,7041,23,,,1,100,,7043,23,,,1,99,,7037,23,,,1,98,,7045,23,,,1,100,,7042,23,,,1,99,,7040,23,,,1,99,,7044,23,,,1,99,,7046,23,,,1,96,,7047,23,,,1
1704,'SEM',513,,7072,23,,,1,93,,7077,23,,,1,22,,7080,23,,,1,22,,7059,23,,,1,67,,7063,23,,,1,35,,7064,23,,,1,61,,7058,23,,,1,98,,7061,23,,,1,44,,7062,23,,,1,100,,7065,23,,,1,100,,7076,23,,,1,100,,7078,23,,,1,100,,7067,23,,,1,102,,7079,23,,,1,101,,7060,23,,,1,145,,7068,23,,,1,55,,7066,23,,,1,98,,7069,23,,,1,101,,7074,23,,,1,100,,7075,23,,,1,100,,7070,23,,,1,100,,7071,23,,,1,99,,7073,23,,,1
3104,'DIM',621,,7960,33,,,1,103,,7961,33,,,1,100,,7959,33,,,1,101,,7965,33,,,1,100,,7966,33,,,1,100,,7964,33,,,1,100,,7962,33,,,1,103,,7950,33,,,1,101,,7963,33,,,1,100,,7949,33,,,1,101,,7948,33,,,1,99,,7953,33,,,1,98,,7955,33,,,1,103,,7954,33,,,1,96,,7956,33,,,1,100,,7952,33,,,1,99,,7951,33,,,1,98,,7957,33,,,1,102,,7958,33,,,1
3104,'SAM',522,,1137,33,,,1,99,,7976,33,,,1,103,,7979,33,,,1,100,,7978,33,,,1,101,,7981,33,,,1,100,,7984,33,,,1,100,,7985,33,,,1,100,,7980,33,,,1,102,,7975,33,,,1,101,,7982,33,,,1,101,,7977,33,,,1,101,,7983,33,,,1,100,,7971,33,,,1,98,,7973,33,,,1,100,,7969,33,,,1,99,,7974,33,,,1,99,,7967,33,,,1,99,,7968,33,,,1,98,,7970,33,,,1,102,,7972,33,,,1
3104,'SEM',445,,7994,33,,,1,77,,7995,33,,,1,91,,8006,33,,,1,21,,8008,33,,,1,23,,7988,33,,,1,74,,8007,33,,,1,28,,8004,33,,,1,69,,8002,33,,,1,75,,8003,33,,,1,21,,8005,33,,,1,100,,7986,33,,,1,102,,7987,33,,,1,100,,7990,33,,,1,101,,8009,33,,,1,100,,7989,33,,,1,102,,7992,33,,,1,100,,7993,33,,,1,96,,7991,33,,,1,104,,7996,33,,,1,97,,8001,33,,,1,105,,8000,33,,,1,99,,7997,33,,,1,102,,7998,33,,,1,100,,7999,33,,,1
3904,'DIM',824,,8313,23,,,1,112,,8307,23,,,1,82,,8314,23,,,1,30,,8317,23,,,1,73,,8308,23,,,1,27,,8306,23,,,1,73,,8316,23,,,1,29,,8311,23,,,1,74,,8300,23,,,1,27,,8315,23,,,1,70,,8309,23,,,1,31,,8310,23,,,1,72,,8299,23,,,1,30,,8312,23,,,1,71,,8295,23,,,1,31,,8296,23,,,1,68,,8301,23,,,1,28,,8302,23,,,1,69,,8303,23,,,1,83,,8304,23,,,1,98,,8297,23,,,1,100,,8305,23,,,1,100,,8298,23,,,1
3904,'SAM',824,,8333,23,,,1,112,,8326,23,,,1,82,,8337,23,,,1,30,,8327,23,,,1,70,,8318,23,,,1,30,,8324,23,,,1,76,,8330,23,,,1,26,,8328,23,,,1,74,,8334,23,,,1,27,,8325,23,,,1,70,,8331,23,,,1,31,,8332,23,,,1,71,,8338,23,,,1,31,,8329,23,,,1,72,,8335,23,,,1,24,,8336,23,,,1,74,,8339,23,,,1,28,,8340,23,,,1,69,,8319,23,,,1,86,,8320,23,,,1,97,,8322,23,,,1,98,,8321,23,,,1,100,,8323,23,,,1
3904,'SEM',618,,8364,23,,,1,27,,8357,23,,,1,14,,8363,23,,,1,51,,8345,23,,,1,29,,8360,23,,,1,71,,8341,23,,,1,31,,8358,23,,,1,70,,8365,23,,,1,35,,8343,23,,,1,68,,8344,23,,,1,33,,8355,23,,,1,69,,8359,23,,,1,31,,8361,23,,,1,68,,8352,23,,,1,32,,8356,23,,,1,67,,8362,23,,,1,38,,8342,23,,,1,74,,8347,23,,,1,30,,8349,23,,,1,71,,8350,23,,,1,102,,8366,23,,,1,111,,8353,23,,,1,99,,8354,23,,,1,104,,8346,23,,,1,100,,8348,23,,,1,94,,8351,23,,,1
7304,'DIM',537,,10839,51,,,1,70,,10828,51,,,1,102,,10832,51,,,1,100,,10835,51,,,1,101,,10831,51,,,1,101,,10833,51,,,1,100,,10836,51,,,1,100,,10840,51,,,1,102,,10834,51,,,1,101,,10837,51,,,1,101,,10830,51,,,1,100,,10838,51,,,1,100,,10841,51,,,1,100,,10824,51,,,1,99,,10821,51,,,1,97,,10827,51,,,1,100,,10823,51,,,1,99,,10822,51,,,1,99,,10825,51,,,1,101,,10826,51,,,1,99,,10829,51,,,1
7304,'SAM',537,,10861,51,,,1,70,,10851,51,,,1,102,,10856,51,,,1,100,,10853,51,,,1,101,,10852,51,,,1,101,,10857,51,,,1,100,,10859,51,,,1,101,,10855,51,,,1,101,,10845,51,,,1,101,,10858,51,,,1,101,,10854,51,,,1,100,,10860,51,,,1,100,,10862,51,,,1,100,,10844,51,,,1,98,,10842,51,,,1,98,,10843,51,,,1,100,,10847,51,,,1,99,,10846,51,,,1,99,,4131,51,,,1,101,,10848,51,,,1,99,,4133,51,,,1,100,,10849,51,,,1,99,,10850,51,,,1
7304,'SEM',459,,10894,51,,,1,81,,10891,51,,,1,81,,10897,51,,,1,18,,10900,51,,,1,71,,10896,51,,,1,14,,10893,51,,,1,14,,10869,51,,,1,68,,10871,51,,,1,14,,10892,51,,,1,15,,10898,51,,,1,65,,10887,51,,,1,31,,10865,51,,,1,80,,10864,51,,,1,29,,10880,51,,,1,70,,10895,51,,,1,30,,10866,51,,,1,70,,10870,51,,,1,36,,10879,51,,,1,66,,10872,51,,,1,30,,10899,51,,,1,70,,10867,51,,,1,30,,10868,51,,,1,72,,10876,51,,,1,31,,10863,51,,,1,72,,10873,51,,,1,39,,10883,51,,,1,62,,10881,51,,,1,28,,10875,51,,,1,69,,10882,51,,,1,37,,10877,51,,,1,60,,10888,51,,,1,30,,10874,51,,,1,70,,10884,51,,,1,30,,10886,51,,,1,73,,10878,51,,,1,97,,10890,51,,,1,99,,10885,51,,,1,104,,10889,51,,,1
7402,'DIM',637,,10961,64,,,2,101,,10964,64,,,2,101,,6451,64,,,2,100,,10965,64,,,2,101,,10963,64,,,2,100,,10962,64,,,2,101,,10968,64,,,2,100,,10967,64,,,2,103,,10969,64,,,2,99,,10966,64,,,2,99,,10956,64,,,2,103,,10955,64,,,2,98,,10957,64,,,2,98,,10958,64,,,2,100,,6443,64,,,2,100,,10959,64,,,2,98,,10960,64,,,2
7402,'SAM',637,,10977,64,,,2,101,,10981,64,,,2,101,,10979,64,,,2,100,,10976,64,,,2,101,,10980,64,,,2,100,,10982,64,,,2,101,,10985,64,,,2,101,,10978,64,,,2,100,,10983,64,,,2,101,,10986,64,,,2,100,,10984,64,,,2,101,,10970,64,,,2,99,,10972,64,,,2,98,,10974,64,,,2,100,,10973,64,,,2,100,,10975,64,,,2,98,,10971,64,,,2
7402,'SEM',555,,11000,64,,,2,89,,11005,64,,,2,60,,10988,64,,,2,40,,10999,64,,,2,100,,10989,64,,,2,99,,10987,64,,,2,99,,10991,64,,,2,101,,11001,64,,,2,97,,11004,64,,,2,100,,10990,64,,,2,101,,11003,64,,,2,102,,11002,64,,,2,100,,10992,64,,,2,97,,10993,64,,,2,100,,10996,64,,,2,99,,10998,64,,,2,99,,10994,64,,,2,103,,10995,64,,,2,98,,10997,64,,,2
