3104,'DIM',641,,1107,63,4,,1,104,,1108,63,4,,1,102,,1106,63,4,,1,102,,1112,63,4,,1,102,,1113,63,4,,1,100,,1111,63,4,,1,101,,1109,63,4,,1,103,,1097,63,4,,1,101,,1110,63,4,,1,100,,1096,63,4,,1,100,,1095,63,4,,1,99,,1100,63,4,,1,97,,1102,63,4,,1,101,,1101,63,4,,1,96,,1103,63,4,,1,99,,1099,63,4,,1,99,,1098,63,4,,1,97,,1104,63,4,,1,101,,1105,63,4,,1
3104,'SAM',541,,1130,63,4,,1,100,,1123,63,4,,1,104,,1126,63,4,,1,102,,1125,63,4,,1,102,,1128,63,4,,1,102,,1132,63,4,,1,100,,1133,63,4,,1,101,,1127,63,4,,1,102,,1122,63,4,,1,101,,1129,63,4,,1,101,,1124,63,4,,1,100,,1131,63,4,,1,100,,1118,63,4,,1,97,,1120,63,4,,1,98,,1116,63,4,,1,99,,1121,63,4,,1,98,,1114,63,4,,1,99,,1115,63,4,,1,97,,1117,63,4,,1,101,,1119,63,4,,1
3104,'SEM',506,,1142,63,4,,1,38,,1143,63,4,,1,93,,1154,63,4,,1,22,,1156,63,4,,1,64,,1136,63,4,,1,34,,1155,63,4,,1,68,,1152,63,4,,1,29,,1150,63,4,,1,75,,1151,63,4,,1,22,,1153,63,4,,1,100,,1134,63,4,,1,102,,1135,63,4,,1,100,,1138,63,4,,1,101,,1157,63,4,,1,100,,1137,63,4,,1,102,,1140,63,4,,1,100,,1141,63,4,,1,96,,1139,63,4,,1,103,,1144,63,4,,1,96,,1149,63,4,,1,104,,1148,63,4,,1,98,,1145,63,4,,1,101,,1146,63,4,,1,100,,1147,63,4,,1
5202,'DIM',702,,2740,109,4,,2,112,,2735,109,4,,2,101,,2736,109,4,,2,100,,2737,109,4,,2,98,,2742,109,4,,2,102,,2741,109,4,,2,99,,2738,109,4,,2,101,,2734,109,4,,2,102,,2739,109,4,,2,96,,2733,109,4,,2,105,,2743,109,4,,2,100,,2731,109,4,,2,98,,2744,109,4,,2,100,,2728,109,4,,2,98,,2729,109,4,,2,100,,2730,109,4,,2,99,,2732,109,4,,2
5202,'SAM',702,,2756,109,4,,2,112,,2752,109,4,,2,101,,2755,109,4,,2,100,,2751,109,4,,2,99,,2753,109,4,,2,101,,2761,109,4,,2,99,,2759,109,4,,2,102,,2760,109,4,,2,102,,2757,109,4,,2,100,,2754,109,4,,2,97,,2758,109,4,,2,103,,2748,109,4,,2,99,,2749,109,4,,2,99,,2750,109,4,,2,98,,2745,109,4,,2,100,,2746,109,4,,2,99,,2747,109,4,,2
5202,'SEM',627,,2772,109,4,,2,93,,2780,109,4,,2,25,,2763,109,4,,2,71,,2776,109,4,,2,103,,2773,109,4,,2,100,,2774,109,4,,2,100,,2775,109,4,,2,97,,2762,109,4,,2,103,,2777,109,4,,2,101,,2779,109,4,,2,102,,2778,109,4,,2,102,,2764,109,4,,2,99,,5317,109,4,,2,97,,2766,109,4,,2,98,,2771,109,4,,2,100,,2770,109,4,,2,101,,2767,109,4,,2,100,,2768,109,4,,2,95,,2769,109,4,,2
25202,'SEM',556,,4861,61,4,,2,99,,4863,61,4,,2,182,,4862,61,4,,2
33504,'DIM',1117,,4968,5,4,,2
33504,'SAM',1117,,4969,5,4,,2
33504,'SEM',1117,,5288,5,4,,2
