2202,'DIM',727,,7249,36,,,2,100,,7248,36,,,2,100,,7247,36,,,2,100,,6315,36,,,2,101,,7250,36,,,2,100,,7252,36,,,2,96,,7251,36,,,2,106,,7246,36,,,2,98,,7240,36,,,2,114,,7253,36,,,2,88,,7242,36,,,2,100,,7243,36,,,2,98,,7245,36,,,2,101,,7244,36,,,2,100,,7239,36,,,2,100,,7241,36,,,2
2202,'SAM',629,,7270,20,,,2,98,,7264,36,,,2,100,,7261,36,,,2,100,,7260,36,,,2,98,,7266,36,,,2,103,,7265,36,,,2,100,,7263,36,,,2,96,,7269,36,,,2,104,,7262,36,,,2,100,,7268,36,,,2,112,,7267,36,,,2,90,,7255,36,,,2,100,,7257,36,,,2,98,,7254,36,,,2,101,,7256,36,,,2,100,,7259,36,,,2,100,,7258,36,,,2
2202,'SEM',605,,6230,36,,,2,18,,7282,36,,,2,105,,7289,36,,,2,31,,7279,36,,,2,70,,7271,36,,,2,98,,7273,36,,,2,31,,7272,36,,,2,69,,7290,36,,,2,101,,7277,36,,,2,100,,7288,36,,,2,100,,7291,36,,,2,102,,7276,36,,,2,100,,7278,36,,,2,102,,7274,36,,,2,24,,7275,36,,,2,75,,7281,36,,,2,99,,7280,36,,,2,100,,7287,36,,,2,101,,7286,36,,,2,97,,7284,36,,,2,107,,7283,36,,,2,96,,7285,36,,,2
5002,'DIM',606,,9440,13,,,1,100,,2653,13,,,1,100,,9423,13,,,1,96,,9438,13,,,1,107,,9431,13,,,1,25,,9441,13,,,1,77,,9433,13,,,1,24,,9445,13,,,1,79,,9443,13,,,1,22,,9444,13,,,1,75,,9446,13,,,1,29,,9432,13,,,1,73,,9434,13,,,1,36,,9447,13,,,1,69,,9436,13,,,1,34,,9435,13,,,1,70,,9442,13,,,1,26,,9439,13,,,1,71,,9437,13,,,1,99,,9425,13,,,1,99,,9427,13,,,1,99,,9430,13,,,1,99,,9424,13,,,1,98,,9428,13,,,1,98,,9426,13,,,1,100,,9429,13,,,1
5002,'SAM',606,,9455,13,,,1,100,,9458,13,,,1,100,,9449,13,,,1,99,,9470,13,,,1,104,,9469,13,,,1,25,,9468,13,,,1,76,,9466,13,,,1,25,,9450,13,,,1,79,,9473,13,,,1,22,,9472,13,,,1,75,,9451,13,,,1,29,,9462,13,,,1,73,,9464,13,,,1,36,,9467,13,,,1,69,,9463,13,,,1,34,,9465,13,,,1,70,,9453,13,,,1,26,,9454,13,,,1,71,,9448,13,,,1,99,,9471,13,,,1,99,,9459,13,,,1,99,,9461,13,,,1,99,,9460,13,,,1,98,,9456,13,,,1,98,,9452,13,,,1,100,,9457,13,,,1
5002,'SEM',454,,9480,13,,,1,75,,9502,13,,,1,71,,9498,13,,,1,30,,9474,13,,,1,75,,9506,13,,,1,31,,9499,13,,,1,64,,9475,13,,,1,35,,9492,13,,,1,66,,9478,13,,,1,31,,9504,13,,,1,26,,9505,13,,,1,73,,9501,13,,,1,27,,9477,13,,,1,73,,9481,13,,,1,28,,9500,13,,,1,72,,9489,13,,,1,72,,9503,13,,,1,30,,9482,13,,,1,70,,9485,13,,,1,41,,9476,13,,,1,67,,9486,13,,,1,37,,9479,13,,,1,72,,9493,13,,,1,31,,9483,13,,,1,70,,9484,13,,,1,30,,9491,13,,,1,69,,9487,13,,,1,30,,9490,13,,,1,105,,9494,13,,,1,145,,11986,13,,,1,101,,9488,13,,,1,110,,9496,13,,,1,105,,9495,13,,,1,98,,9497,13,,,1
5802,'DIM',606,,9883,13,,,2,100,,9890,13,,,2,51,,9887,13,,,2,100,,9891,13,,,2,100,,9894,13,,,2,99,,9886,13,,,2,101,,9896,13,,,2,100,,9893,13,,,2,101,,9889,13,,,2,99,,9892,13,,,2,101,,9888,13,,,2,99,,9882,13,,,2,101,,9895,13,,,2,101,,9879,13,,,2,100,,9885,13,,,2,99,,9881,13,,,2,99,,9880,13,,,2,98,,9884,13,,,2
5802,'SAM',606,,9914,13,,,2,100,,9906,13,,,2,51,,9905,13,,,2,100,,9910,13,,,2,100,,9908,13,,,2,99,,9911,13,,,2,101,,9913,13,,,2,100,,9897,13,,,2,98,,9904,13,,,2,101,,9909,13,,,2,101,,9907,13,,,2,101,,9912,13,,,2,100,,9899,13,,,2,101,,9902,13,,,2,100,,9898,13,,,2,99,,9903,13,,,2,99,,9900,13,,,2,98,,9901,13,,,2
5802,'SEM',524,,9932,13,,,2,34,,9926,13,,,2,62,,9925,13,,,2,80,,9933,13,,,2,35,,9935,13,,,2,69,,9918,13,,,2,33,,9917,13,,,2,83,,9921,13,,,2,99,,9936,13,,,2,100,,9915,13,,,2,100,,9922,13,,,2,100,,9934,13,,,2,101,,9916,13,,,2,25,,9919,13,,,2,69,,9923,13,,,2,102,,9929,13,,,2,33,,9920,13,,,2,94,,9924,13,,,2,96,,9930,13,,,2,100,,11992,13,,,2,100,,9931,13,,,2,98,,9928,13,,,2,99,,9927,13,,,2
22202,'DIM',1441,,4994,25,,,2
22202,'SAM',1441,,11668,25,,,2,898,,11666,25,,,2,100,,11667,25,,,2
22202,'SEM',541,,11675,25,,,2,159,,11670,25,,,2,41,,11671,25,,,2,767,,11674,25,,,2,35,,11669,25,,,2,703,,11672,25,,,2,65,,11673,25,,,2
32202,'SAM',2554,,11777,19,,,2
32202,'SEM',2423,,12016,19,,,2,84,,11778,19,,,2
