4201,'DIM',505,,8511,2,,,2,102,,8535,2,,,2,30,,8552,2,,,2,70,,1716,2,,,2,30,,8536,2,,,2,70,,8541,2,,,2,27,,8545,2,,,2,71,,8548,2,,,2,30,,8540,2,,,2,65,,8543,2,,,2,35,,8542,2,,,2,20,,8528,2,,,2,63,,8533,2,,,2,18,,8532,2,,,2,22,,8534,2,,,2,58,,8538,2,,,2,20,,8537,2,,,2,18,,8555,2,,,2,62,,8549,2,,,2,20,,8544,2,,,2,20,,1723,2,,,2,60,,8551,2,,,2,20,,8515,2,,,2,20,,8517,2,,,2,60,,8518,2,,,2,21,,8550,2,,,2,19,,8539,2,,,2,61,,8546,2,,,2,20,,8516,2,,,2,15,,8554,2,,,2,55,,8553,2,,,2,15,,8527,2,,,2,14,,8547,2,,,2,18,,8513,2,,,2,72,,8512,2,,,2,30,,8523,2,,,2,70,,8510,2,,,2,31,,8519,2,,,2,69,,8530,2,,,2,30,,8514,2,,,2,71,,8521,2,,,2,30,,8525,2,,,2,70,,8526,2,,,2,31,,8520,2,,,2,75,,8524,2,,,2,70,,8522,2,,,2,35,,8529,2,,,2,75,,8531,2,,,2
4201,'SAM',505,,8556,2,,,2,102,,8584,2,,,2,30,,8559,2,,,2,70,,8591,2,,,2,30,,8587,2,,,2,70,,8586,2,,,2,27,,8590,2,,,2,71,,8597,2,,,2,30,,8602,2,,,2,24,,8595,2,,,2,76,,8581,2,,,2,20,,8593,2,,,2,62,,8585,2,,,2,19,,8576,2,,,2,21,,8583,2,,,2,59,,8557,2,,,2,20,,8589,2,,,2,18,,8588,2,,,2,62,,8582,2,,,2,20,,8592,2,,,2,20,,8558,2,,,2,59,,8594,2,,,2,20,,8598,2,,,2,21,,8562,2,,,2,60,,8600,2,,,2,21,,8603,2,,,2,20,,8604,2,,,2,59,,8568,2,,,2,21,,8601,2,,,2,14,,8570,2,,,2,56,,8596,2,,,2,15,,8572,2,,,2,16,,8599,2,,,2,16,,8575,2,,,2,76,,8560,2,,,2,26,,8563,2,,,2,70,,8579,2,,,2,31,,8565,2,,,2,69,,8567,2,,,2,33,,8561,2,,,2,67,,8564,2,,,2,30,,8566,2,,,2,71,,8569,2,,,2,31,,8571,2,,,2,75,,8573,2,,,2,70,,8580,2,,,2,35,,8574,2,,,2,75,,8578,2,,,2,30,,8577,2,,,2
4201,'SEM',605,,8652,2,,,2,29,,8607,2,,,2,17,,8647,2,,,2,60,,8650,2,,,2,21,,8653,2,,,2,22,,8651,2,,,2,58,,8608,2,,,2,19,,8646,2,,,2,22,,8605,2,,,2,59,,8611,2,,,2,19,,8636,2,,,2,23,,8648,2,,,2,57,,8649,2,,,2,23,,8612,2,,,2,17,,11964,2,,,2,62,,8614,2,,,2,20,,8615,2,,,2,19,,8616,2,,,2,62,,8610,2,,,2,15,,8618,2,,,2,23,,8619,2,,,2,59,,8620,2,,,2,21,,8609,2,,,2,21,,8624,2,,,2,60,,8654,2,,,2,19,,8628,2,,,2,19,,8629,2,,,2,60,,8630,2,,,2,14,,8632,2,,,2,12,,8606,2,,,2,13,,11962,2,,,2,51,,8623,2,,,2,12,,8635,2,,,2,14,,8637,2,,,2,15,,8626,2,,,2,15,,8622,2,,,2,54,,8621,2,,,2,15,,8641,2,,,2,15,,8643,2,,,2,16,,8613,2,,,2,55,,8645,2,,,2,23,,8638,2,,,2,14,,8642,2,,,2,62,,8617,2,,,2,27,,8644,2,,,2,72,,8625,2,,,2,28,,8627,2,,,2,73,,8631,2,,,2,28,,8633,2,,,2,108,,11963,2,,,2,94,,8640,2,,,2,84,,8639,2,,,2
5602,'DIM',814,,9749,17,,,2,30,,9755,17,,,2,70,,9751,17,,,2,30,,9756,17,,,2,70,,9754,17,,,2,30,,9753,17,,,2,70,,9746,17,,,2,37,,9750,17,,,2,63,,9752,17,,,2,30,,9747,17,,,2,71,,9757,17,,,2,30,,9748,17,,,2,70,,9733,17,,,2,30,,9734,17,,,2,70,,9738,17,,,2,30,,9743,17,,,2,72,,9736,17,,,2,35,,9739,17,,,2,69,,9741,17,,,2,93,,9735,17,,,2,101,,9742,17,,,2,100,,9737,17,,,2,101,,9744,17,,,2,100,,9745,17,,,2,98,,9740,17,,,2
5602,'SAM',714,,9777,17,,,2,100,,9775,17,,,2,30,,9773,17,,,2,70,,9780,17,,,2,30,,9781,17,,,2,70,,9782,17,,,2,30,,9769,17,,,2,70,,9762,17,,,2,37,,9774,17,,,2,63,,9779,17,,,2,30,,9778,17,,,2,71,,9783,17,,,2,30,,9758,17,,,2,70,,9776,17,,,2,30,,9759,17,,,2,71,,9763,17,,,2,29,,9764,17,,,2,72,,9760,17,,,2,32,,9768,17,,,2,71,,9765,17,,,2,94,,9767,17,,,2,101,,9766,17,,,2,100,,9761,17,,,2,101,,9772,17,,,2,100,,9770,17,,,2,98,,9771,17,,,2
5602,'SEM',637,,9785,17,,,2,108,,9812,17,,,2,71,,9787,17,,,2,27,,9807,17,,,2,78,,9808,17,,,2,25,,9788,17,,,2,70,,9804,17,,,2,30,,9811,17,,,2,70,,9802,17,,,2,30,,9789,17,,,2,71,,9801,17,,,2,31,,9803,17,,,2,71,,9810,17,,,2,30,,9805,17,,,2,70,,9784,17,,,2,30,,9786,17,,,2,70,,9806,17,,,2,35,,9809,17,,,2,64,,9795,17,,,2,26,,9793,17,,,2,76,,9790,17,,,2,30,,9791,17,,,2,70,,9797,17,,,2,32,,9794,17,,,2,99,,9799,17,,,2,90,,9792,17,,,2,86,,9796,17,,,2,104,,9800,17,,,2,100,,9798,17,,,2
6002,'DIM',714,,9994,33,,,1,102,,10003,33,,,1,100,,10001,33,,,1,100,,10002,33,,,1,100,,10004,33,,,1,101,,10007,33,,,1,101,,10005,33,,,1,101,,10008,33,,,1,100,,10006,33,,,1,99,,10009,33,,,1,99,,10010,33,,,1,99,,9996,33,,,1,100,,9998,33,,,1,100,,9997,33,,,1,101,,9999,33,,,1,100,,9993,33,,,1,100,,9995,33,,,1,97,,10000,33,,,1
6002,'SAM',714,,10022,33,,,1,102,,10013,33,,,1,100,,10025,33,,,1,100,,10027,33,,,1,100,,10023,33,,,1,101,,10026,33,,,1,101,,10024,33,,,1,101,,10012,33,,,1,100,,10028,33,,,1,99,,10011,33,,,1,99,,10015,33,,,1,101,,10020,33,,,1,98,,10016,33,,,1,100,,10017,33,,,1,101,,10021,33,,,1,100,,10014,33,,,1,100,,10018,33,,,1,97,,10019,33,,,1
6002,'SEM',646,,10045,33,,,1,103,,10043,33,,,1,101,,10030,33,,,1,100,,10046,33,,,1,100,,10044,33,,,1,103,,10035,33,,,1,101,,10029,33,,,1,99,,10031,33,,,1,101,,10042,33,,,1,99,,10032,33,,,1,102,,10037,33,,,1,104,,10034,33,,,1,92,,10040,33,,,1,99,,10038,33,,,1,99,,10033,33,,,1,100,,10036,33,,,1,97,,10039,33,,,1,89,,10041,33,,,1,99,,11993,33,,,1
6103,'DIM',746,,10060,14,,,2,102,,10062,14,,,2,98,,10064,14,,,2,102,,10063,14,,,2,101,,10061,14,,,2,103,,10059,14,,,2,98,,10048,14,,,2,104,,10051,14,,,2,95,,10053,14,,,2,104,,10055,14,,,2,100,,10065,14,,,2,95,,10056,14,,,2,100,,10052,14,,,2,99,,10049,14,,,2,101,,10050,14,,,2,99,,10054,14,,,2,100,,10058,14,,,2,99,,10057,14,,,2
6103,'SAM',746,,10076,14,,,2,102,,10078,14,,,2,98,,10081,14,,,2,102,,10075,14,,,2,98,,10079,14,,,2,106,,10082,14,,,2,99,,10080,14,,,2,103,,10083,14,,,2,95,,10077,14,,,2,103,,10069,14,,,2,101,,10066,14,,,2,95,,10070,14,,,2,100,,10068,14,,,2,99,,10071,14,,,2,101,,10067,14,,,2,99,,10072,14,,,2,100,,10073,14,,,2,99,,10074,14,,,2
6103,'SEM',608,,10100,14,,,2,101,,10104,14,,,2,102,,10085,14,,,2,97,,10086,14,,,2,101,,10102,14,,,2,101,,10097,14,,,2,101,,10099,14,,,2,102,,10098,14,,,2,100,,10101,14,,,2,110,,10103,14,,,2,26,,10092,14,,,2,64,,10084,14,,,2,32,,10094,14,,,2,74,,10087,14,,,2,26,,10093,14,,,2,72,,10088,14,,,2,28,,10089,14,,,2,72,,10091,14,,,2,31,,10096,14,,,2,79,,10090,14,,,2,95,,11994,14,,,2,99,,11996,14,,,2,100,,11995,14,,,2,107,,10095,14,,,2
6602,'DIM',701,,10529,2,,,1,103,,10524,2,,,1,100,,10527,2,,,1,100,,10532,2,,,1,100,,10531,2,,,1,100,,10525,2,,,1,100,,10523,2,,,1,132,,10526,2,,,1,99,,10528,2,,,1,70,,10530,2,,,1,31,,10518,2,,,1,70,,10519,2,,,1,30,,10517,2,,,1,70,,10521,2,,,1,101,,10522,2,,,1,100,,10520,2,,,1,100,,10515,2,,,1,99,,10516,2,,,1
6602,'SAM',701,,10544,2,,,1,103,,10542,2,,,1,100,,10536,2,,,1,100,,10533,2,,,1,100,,10548,2,,,1,100,,10549,2,,,1,100,,10547,2,,,1,132,,10550,2,,,1,99,,10538,2,,,1,70,,10534,2,,,1,31,,10540,2,,,1,71,,10541,2,,,1,29,,10539,2,,,1,75,,10543,2,,,1,97,,10535,2,,,1,99,,10537,2,,,1,100,,10546,2,,,1,99,,10545,2,,,1
6602,'SEM',641,,10552,2,,,1,102,,10564,2,,,1,103,,10562,2,,,1,105,,10561,2,,,1,100,,10553,2,,,1,101,,10551,2,,,1,99,,10563,2,,,1,102,,10554,2,,,1,68,,5375,2,,,1,91,,10558,2,,,1,100,,10559,2,,,1,101,,10560,2,,,1,97,,10555,2,,,1,105,,10556,2,,,1,99,,10557,2,,,1,97,,12004,2,,,1,40,,12003,2,,,1
7001,'DIM',702,,10584,14,,,1,101,,10574,14,,,1,99,,10582,14,,,1,99,,10585,14,,,1,28,,10588,14,,,1,71,,10583,14,,,1,30,,10590,14,,,1,28,,10589,14,,,1,70,,10586,14,,,1,75,,10587,14,,,1,29,,10591,14,,,1,27,,10567,14,,,1,74,,10592,14,,,1,25,,10570,14,,,1,75,,10571,14,,,1,67,,10572,14,,,1,34,,10569,14,,,1,73,,10575,14,,,1,33,,10578,14,,,1,70,,10573,14,,,1,94,,10579,14,,,1,100,,10576,14,,,1,100,,10568,14,,,1,99,,10580,14,,,1,100,,10581,14,,,1,100,,10577,14,,,1
7001,'SAM',702,,10609,14,,,1,101,,10614,14,,,1,99,,10616,14,,,1,99,,10617,14,,,1,27,,10615,14,,,1,72,,10593,14,,,1,29,,10618,14,,,1,29,,10613,14,,,1,70,,10594,14,,,1,74,,10610,14,,,1,28,,10595,14,,,1,73,,10611,14,,,1,30,,10597,14,,,1,25,,10612,14,,,1,73,,10600,14,,,1,69,,10602,14,,,1,34,,10599,14,,,1,74,,10601,14,,,1,32,,10605,14,,,1,70,,10603,14,,,1,94,,10607,14,,,1,100,,10596,14,,,1,100,,10598,14,,,1,98,,10608,14,,,1,101,,10606,14,,,1,100,,10604,14,,,1
7001,'SEM',516,,10645,14,,,1,30,,10623,14,,,1,66,,10646,14,,,1,18,,10647,14,,,1,17,,10642,14,,,1,68,,10653,14,,,1,24,,10634,14,,,1,65,,10620,14,,,1,29,,10652,14,,,1,70,,10649,14,,,1,31,,10650,14,,,1,69,,10631,14,,,1,31,,10654,14,,,1,69,,10622,14,,,1,32,,10627,14,,,1,68,,10651,14,,,1,30,,10621,14,,,1,69,,10619,14,,,1,32,,10648,14,,,1,70,,10626,14,,,1,37,,10629,14,,,1,64,,10625,14,,,1,10,,10632,14,,,1,88,,10624,14,,,1,37,,10636,14,,,1,68,,10639,14,,,1,36,,10640,14,,,1,66,,10628,14,,,1,40,,10637,14,,,1,85,,10633,14,,,1,74,,10630,14,,,1,109,,10638,14,,,1,99,,10635,14,,,1,100,,10643,14,,,1,100,,10641,14,,,1,129,,10644,14,,,1
