3904,'DIM',856,,8313,68,,,1,153,,8307,68,,,1,42,,8314,68,,,1,70,,8317,68,,,1,34,,8308,68,,,1,67,,8306,68,,,1,33,,8316,68,,,1,69,,8311,68,,,1,35,,8300,68,,,1,67,,8315,68,,,1,30,,8309,68,,,1,71,,8310,68,,,1,32,,8299,68,,,1,69,,8312,68,,,1,31,,8295,68,,,1,71,,8296,68,,,1,27,,8301,68,,,1,68,,8302,68,,,1,29,,8303,68,,,1,83,,8304,68,,,1,97,,8297,68,,,1,100,,8305,68,,,1,99,,8298,68,,,1
3904,'SAM',856,,8333,68,,,1,153,,8326,68,,,1,42,,8337,68,,,1,70,,8327,68,,,1,31,,8318,68,,,1,70,,8324,68,,,1,36,,8330,68,,,1,66,,8328,68,,,1,35,,8334,68,,,1,67,,8325,68,,,1,30,,8331,68,,,1,71,,8332,68,,,1,31,,8338,68,,,1,70,,8329,68,,,1,72,,8335,68,,,1,24,,8336,68,,,1,33,,8339,68,,,1,68,,8340,68,,,1,29,,8319,68,,,1,86,,8320,68,,,1,96,,8322,68,,,1,98,,8321,68,,,1,99,,8323,68,,,1
3904,'SEM',650,,8364,68,,,1,67,,8357,68,,,1,15,,8363,68,,,1,11,,8345,68,,,1,72,,8360,68,,,1,31,,8341,68,,,1,71,,8358,68,,,1,30,,8365,68,,,1,75,,8343,68,,,1,28,,8344,68,,,1,73,,8355,68,,,1,30,,8359,68,,,1,72,,8361,68,,,1,28,,8352,68,,,1,72,,8356,68,,,1,27,,8362,68,,,1,78,,8342,68,,,1,74,,8347,68,,,1,30,,8349,68,,,1,72,,8350,68,,,1,101,,8366,68,,,1,108,,8353,68,,,1,97,,8354,68,,,1,103,,8346,68,,,1,100,,8348,68,,,1,93,,8351,68,,,1
5002,'DIM',631,,9440,51,,,1,101,,2653,51,,,1,103,,9423,51,,,1,97,,9438,51,,,1,108,,9431,51,,,1,65,,9441,51,,,1,37,,9433,51,,,1,64,,9445,51,,,1,39,,9443,51,,,1,62,,9444,51,,,1,36,,9446,51,,,1,69,,9432,51,,,1,33,,9434,51,,,1,76,,9447,51,,,1,29,,9436,51,,,1,74,,9435,51,,,1,30,,9442,51,,,1,66,,9439,51,,,1,30,,9437,51,,,1,99,,9425,51,,,1,98,,9427,51,,,1,99,,9430,51,,,1,99,,9424,51,,,1,97,,9428,51,,,1,97,,9426,51,,,1,98,,9429,51,,,1
5002,'SAM',631,,9455,51,,,1,101,,9458,51,,,1,103,,9449,51,,,1,100,,9470,51,,,1,105,,9469,51,,,1,65,,9468,51,,,1,36,,9466,51,,,1,65,,9450,51,,,1,39,,9473,51,,,1,62,,9472,51,,,1,36,,9451,51,,,1,69,,9462,51,,,1,33,,9464,51,,,1,76,,9467,51,,,1,29,,9463,51,,,1,74,,9465,51,,,1,30,,9453,51,,,1,66,,9454,51,,,1,30,,9448,51,,,1,99,,9471,51,,,1,98,,9459,51,,,1,99,,9461,51,,,1,99,,9460,51,,,1,97,,9456,51,,,1,97,,9452,51,,,1,98,,9457,51,,,1
5002,'SEM',520,,9480,51,,,1,37,,9502,51,,,1,72,,9498,51,,,1,30,,9474,51,,,1,78,,9506,51,,,1,72,,9499,51,,,1,24,,9475,51,,,1,75,,9492,51,,,1,26,,9478,51,,,1,71,,9504,51,,,1,26,,9505,51,,,1,73,,9501,51,,,1,28,,9477,51,,,1,73,,9481,51,,,1,28,,9500,51,,,1,72,,9489,51,,,1,32,,9503,51,,,1,70,,9482,51,,,1,30,,9485,51,,,1,82,,9476,51,,,1,27,,9486,51,,,1,79,,9479,51,,,1,33,,9493,51,,,1,70,,9483,51,,,1,27,,9484,51,,,1,69,,9491,51,,,1,28,,9487,51,,,1,69,,9490,51,,,1,103,,9494,51,,,1,104,,11986,51,,,1,100,,9488,51,,,1,110,,9496,51,,,1,103,,9495,51,,,1,97,,9497,51,,,1
6002,'DIM',710,,9994,30,,,1,101,,10003,30,,,1,100,,10001,30,,,1,100,,10002,30,,,1,100,,10004,30,,,1,101,,10007,30,,,1,101,,10005,30,,,1,100,,10008,30,,,1,100,,10006,30,,,1,99,,10009,30,,,1,99,,10010,30,,,1,100,,9996,30,,,1,100,,9998,30,,,1,100,,9997,30,,,1,101,,9999,30,,,1,100,,9993,30,,,1,100,,9995,30,,,1,98,,10000,30,,,1
6002,'SAM',710,,10022,30,,,1,101,,10013,30,,,1,100,,10025,30,,,1,100,,10027,30,,,1,100,,10023,30,,,1,101,,10026,30,,,1,101,,10024,30,,,1,100,,10012,30,,,1,100,,10028,30,,,1,99,,10011,30,,,1,99,,10015,30,,,1,102,,10020,30,,,1,98,,10016,30,,,1,100,,10017,30,,,1,101,,10021,30,,,1,100,,10014,30,,,1,100,,10018,30,,,1,98,,10019,30,,,1
6002,'SEM',642,,10045,30,,,1,102,,10043,30,,,1,101,,10030,30,,,1,100,,10046,30,,,1,100,,10044,30,,,1,102,,10035,30,,,1,100,,10029,30,,,1,99,,10031,30,,,1,101,,10042,30,,,1,99,,10032,30,,,1,102,,10037,30,,,1,105,,10034,30,,,1,92,,10040,30,,,1,99,,10038,30,,,1,99,,10033,30,,,1,100,,10036,30,,,1,98,,10039,30,,,1,89,,10041,30,,,1,100,,11993,30,,,1
6303,'DIM',751,,10176,30,,,1,100,,10178,30,,,1,102,,10169,30,,,1,98,,10177,30,,,1,103,,10181,30,,,1,96,,10179,30,,,1,103,,10182,30,,,1,103,,10180,30,,,1,100,,10183,30,,,1,100,,10184,30,,,1,100,,10170,30,,,1,97,,10166,30,,,1,99,,10167,30,,,1,99,,10172,30,,,1,100,,10168,30,,,1,100,,10173,30,,,1,99,,10171,30,,,1,100,,10174,30,,,1,98,,10175,30,,,1
6303,'SAM',650,,10198,30,,,1,101,,10202,30,,,1,100,,10199,30,,,1,102,,10197,30,,,1,98,,10201,30,,,1,103,,10200,30,,,1,96,,10204,30,,,1,103,,10203,30,,,1,103,,10185,30,,,1,102,,10186,30,,,1,98,,10187,30,,,1,100,,10189,30,,,1,97,,10188,30,,,1,99,,10193,30,,,1,99,,10190,30,,,1,100,,10191,30,,,1,100,,10194,30,,,1,99,,10192,30,,,1,100,,10195,30,,,1,98,,10196,30,,,1
6303,'SEM',610,,10220,30,,,1,20,,10230,30,,,1,16,,10231,30,,,1,76,,10237,30,,,1,14,,10235,30,,,1,74,,10209,30,,,1,23,,10211,30,,,1,74,,10212,30,,,1,33,,10205,30,,,1,65,,10208,30,,,1,33,,10234,30,,,1,67,,10222,30,,,1,32,,10238,30,,,1,66,,10232,30,,,1,38,,10206,30,,,1,67,,10207,30,,,1,30,,10236,30,,,1,70,,10233,30,,,1,32,,10239,30,,,1,72,,10214,30,,,1,26,,10213,30,,,1,74,,10218,30,,,1,19,,10216,30,,,1,25,,10210,30,,,1,73,,10219,30,,,1,81,,10217,30,,,1,96,,10215,30,,,1,41,,10223,30,,,1,93,,10226,30,,,1,95,,10221,30,,,1,88,,10224,30,,,1,105,,10225,30,,,1,99,,10229,30,,,1,104,,10227,30,,,1,94,,10228,30,,,1
6503,'DIM',715,,10321,7,,,2,101,,10323,7,,,2,100,,10325,7,,,2,100,,10327,7,,,2,103,,10324,7,,,2,97,,10322,7,,,2,107,,10310,7,,,2,100,,10326,7,,,2,96,,10328,7,,,2,98,,10313,7,,,2,102,,10315,7,,,2,98,,10314,7,,,2,99,,10317,7,,,2,100,,10319,7,,,2,100,,10311,7,,,2,100,,10312,7,,,2,100,,10318,7,,,2,99,,10320,7,,,2,100,,10316,7,,,2
6503,'SAM',715,,10342,7,,,2,101,,10345,7,,,2,100,,10344,7,,,2,100,,10346,7,,,2,102,,10347,7,,,2,97,,10349,7,,,2,108,,10348,7,,,2,99,,10343,7,,,2,97,,10329,7,,,2,98,,10331,7,,,2,102,,10334,7,,,2,100,,10337,7,,,2,97,,10341,7,,,2,100,,10339,7,,,2,100,,10333,7,,,2,100,,10330,7,,,2,100,,10332,7,,,2,99,,10335,7,,,2,100,,10336,7,,,2,85,,10338,7,,,2,35,,10340,7,,,2
6503,'SEM',601,,10359,7,,,2,27,,10351,7,,,2,27,,10376,7,,,2,64,,10352,7,,,2,24,,10354,7,,,2,78,,10367,7,,,2,26,,10382,7,,,2,78,,10355,7,,,2,25,,10356,7,,,2,70,,10373,7,,,2,30,,10357,7,,,2,70,,10380,7,,,2,30,,10377,7,,,2,70,,10378,7,,,2,30,,10379,7,,,2,70,,10358,7,,,2,30,,10361,7,,,2,70,,10353,7,,,2,30,,10365,7,,,2,74,,10366,7,,,2,30,,10350,7,,,2,65,,10360,7,,,2,25,,10370,7,,,2,15,,10381,7,,,2,55,,10371,7,,,2,15,,10372,7,,,2,15,,10368,7,,,2,13,,10374,7,,,2,57,,10369,7,,,2,33,,10363,7,,,2,103,,10362,7,,,2,99,,10364,7,,,2,100,,11999,7,,,2,100,,12000,7,,,2,99,,10375,7,,,2
7602,'DIM',609,,5136,7,,,2,96,,11115,7,,,2,100,,11125,7,,,2,100,,11127,7,,,2,30,,11123,7,,,2,70,,11124,7,,,2,30,,11105,7,,,2,70,,11128,7,,,2,30,,11126,7,,,2,70,,11114,7,,,2,32,,11129,7,,,2,72,,11130,7,,,2,27,,11106,7,,,2,74,,11116,7,,,2,33,,11108,7,,,2,64,,11109,7,,,2,30,,11111,7,,,2,70,,11107,7,,,2,30,,4405,7,,,2,70,,4422,7,,,2,30,,11112,7,,,2,74,,11120,7,,,2,94,,11121,7,,,2,100,,11113,7,,,2,101,,11122,7,,,2,101,,11110,7,,,2,99,,11117,7,,,2,100,,11119,7,,,2,100,,11118,7,,,2
7602,'SAM',609,,11148,7,,,2,96,,11147,7,,,2,100,,11151,7,,,2,100,,11153,7,,,2,30,,11158,7,,,2,70,,11146,7,,,2,30,,11155,7,,,2,70,,11154,7,,,2,30,,11160,7,,,2,70,,11132,7,,,2,30,,11149,7,,,2,74,,11131,7,,,2,27,,11150,7,,,2,74,,11157,7,,,2,33,,11133,7,,,2,64,,11134,7,,,2,30,,11156,7,,,2,70,,11137,7,,,2,30,,11159,7,,,2,70,,11135,7,,,2,30,,11152,7,,,2,75,,11140,7,,,2,93,,11142,7,,,2,100,,11138,7,,,2,101,,11136,7,,,2,101,,11141,7,,,2,99,,11139,7,,,2,100,,11144,7,,,2,100,,11143,7,,,2,101,,11145,7,,,2
7602,'SEM',552,,11161,7,,,2,62,,11190,7,,,2,16,,4470,7,,,2,11,,11188,7,,,2,64,,11192,7,,,2,18,,11194,7,,,2,22,,11168,7,,,2,61,,11162,7,,,2,35,,11189,7,,,2,68,,11193,7,,,2,31,,11186,7,,,2,72,,11163,7,,,2,30,,11191,7,,,2,70,,11167,7,,,2,29,,11187,7,,,2,71,,11166,7,,,2,30,,11171,7,,,2,71,,11196,7,,,2,28,,11172,7,,,2,70,,11164,7,,,2,35,,11195,7,,,2,65,,11165,7,,,2,24,,11169,7,,,2,66,,11176,7,,,2,25,,11177,7,,,2,25,,11180,7,,,2,65,,11182,7,,,2,25,,11178,7,,,2,60,,11174,7,,,2,34,,11170,7,,,2,70,,11181,7,,,2,31,,11184,7,,,2,100,,11173,7,,,2,100,,11175,7,,,2,99,,11183,7,,,2,103,,11179,7,,,2,109,,11185,7,,,2
