'OCRE25DIM',4603,70600,4,'',1,10500,4,'',1,10600,4,'',1,10200,4,'',1,10000,4,'',1,10100,4,'',1,10100,4,'',1,10100,4,'',1,10000,4,'',1,9500,4,'',1,10500,4,'',1,10000,4,'',1,9900,4,'',1,9800,4,'',1,10000,4,'',1,10000,4,'',1,9900,4,'',1,9900,4,'',1,10000,4,'',1,10800,4,'',1
'OCRE25JRA',4603,70600,4,'',1,10500,4,'',1,10600,4,'',1,10200,4,'',1,10000,4,'',1,10100,4,'',1,10100,4,'',1,10100,4,'',1,10000,4,'',1,9500,4,'',1,10500,4,'',1,10000,4,'',1,9900,4,'',1,9800,4,'',1,10000,4,'',1,10000,4,'',1,9900,4,'',1,9900,4,'',1,10000,4,'',1,10800,4,'',1
'OCRE25NOE',4603,70600,4,'',1,10500,4,'',1,10600,4,'',1,10200,4,'',1,10000,4,'',1,10100,4,'',1,10100,4,'',1,10100,4,'',1,10000,4,'',1,9500,4,'',1,10500,4,'',1,10000,4,'',1,9900,4,'',1,9800,4,'',1,10000,4,'',1,10000,4,'',1,9900,4,'',1,9900,4,'',1,10000,4,'',1,10800,4,'',1
'OCRE25SAM',4603,70600,4,'',1,10500,4,'',1,10600,4,'',1,10100,4,'',1,10100,4,'',1,10300,4,'',1,9900,4,'',1,10200,4,'',1,9900,4,'',1,9500,4,'',1,10500,4,'',1,10000,4,'',1,9900,4,'',1,9800,4,'',1,10000,4,'',1,10000,4,'',1,9900,4,'',1,9900,4,'',1,10000,4,'',1,10800,4,'',1
'OCRE25SEM',4603,72300,4,'',1,9800,4,'',1,3100,4,'',1,7100,4,'',1,2900,4,'',1,7000,4,'',1,3000,4,'',1,7000,4,'',1,3000,4,'',1,7000,4,'',1,3100,4,'',1,6900,4,'',1,3000,4,'',1,7100,4,'',1,3100,4,'',1,7700,4,'',1,2400,4,'',1,5500,4,'',1,1800,4,'',1,2700,4,'',1,4700,4,'',1,2200,4,'',1,1900,4,'',1,1300,4,'',1,5800,4,'',1,2900,4,'',1,7200,4,'',1,2700,4,'',1,7700,4,'',1,10000,4,'',1,9900,4,'',1,9700,4,'',1,9900,4,'',1,11200,4,'',1
'OCRE25SEM',5503,71900,4,'',2,11700,4,'',2,9200,4,'',2,10200,4,'',2,9800,4,'',2,9800,4,'',2,10100,4,'',2,10300,4,'',2,10300,4,'',2,8700,4,'',2,8400,4,'',2,3000,4,'',2,7700,4,'',2,3000,4,'',2,9100,4,'',2,9300,4,'',2,9800,4,'',2
'OCRE25DIM',25503,85400,4,'',2,10200,4,'',2,10200,4,'',2,10000,4,'',2,14200,4,'',2,10000,4,'',2,10000,4,'',2,10200,4,'',2,9900,4,'',2,10300,4,'',2,9600,4,'',2,5700,4,'',2,9900,4,'',2,9900,4,'',2,9900,4,'',2,9900,4,'',2,9900,4,'',2
'OCRE25JRA',25503,115800,4,'',2,14200,4,'',2,10000,4,'',2,10000,4,'',2,10200,4,'',2,9900,4,'',2,10300,4,'',2,9600,4,'',2,5700,4,'',2,9900,4,'',2
'OCRE25NOE',25503,115800,4,'',2,14200,4,'',2,10000,4,'',2,10000,4,'',2,10200,4,'',2,9900,4,'',2,10300,4,'',2,9600,4,'',2,5700,4,'',2,9900,4,'',2
'OCRE25SAM',25503,85500,4,'',2,10200,4,'',2,10100,4,'',2,10000,4,'',2,14200,4,'',2,10000,4,'',2,10000,4,'',2,10100,4,'',2,10000,4,'',2,10300,4,'',2,9600,4,'',2,5700,4,'',2,9900,4,'',2,9900,4,'',2,9900,4,'',2,9900,4,'',2,9900,4,'',2
'OCRE25SEM',25503,221800,4,'',2,9900,4,'',2,11900,4,'',2
