4503,'DIM',638,,2107,5,,,1,100,,2117,5,,,1,101,,2115,5,,,1,98,,2121,5,,,1,101,,2116,5,,,1,98,,2119,5,,,1,105,,2109,5,,,1,101,,2113,5,,,1,98,,2106,5,,,1,102,,2104,5,,,1,92,,2118,5,,,1,102,,2120,5,,,1,103,,2105,5,,,1,102,,2114,5,,,1,102,,2108,5,,,1,99,,2111,5,,,1,99,,2112,5,,,1,102,,2110,5,,,1
4503,'SAM',638,,2135,5,,,1,100,,2131,5,,,1,101,,2134,5,,,1,98,,2133,5,,,1,101,,2123,5,,,1,97,,2132,5,,,1,106,,2136,5,,,1,100,,2127,5,,,1,101,,2138,5,,,1,101,,2137,5,,,1,91,,2139,5,,,1,105,,2122,5,,,1,100,,2129,5,,,1,102,,2124,5,,,1,102,,2128,5,,,1,99,,2126,5,,,1,99,,2130,5,,,1,102,,2125,5,,,1
4503,'SEM',625,,2145,5,,,1,18,,2143,5,,,1,74,,2140,5,,,1,27,,2160,5,,,1,66,,2144,5,,,1,39,,2142,5,,,1,65,,2161,5,,,1,110,,2159,5,,,1,101,,2148,5,,,1,95,,2146,5,,,1,100,,2162,5,,,1,101,,2141,5,,,1,105,,2163,5,,,1,25,,2150,5,,,1,88,,2153,5,,,1,19,,2147,5,,,1,58,,2154,5,,,1,33,,2156,5,,,1,80,,2152,5,,,1,99,,2151,5,,,1,100,,2155,5,,,1,100,,2158,5,,,1,100,,2149,5,,,1,95,,2157,5,,,1
5001,'DIM',529,,2502,15,,,1,100,,2510,15,,,1,100,,2498,15,,,1,98,,2515,15,,,1,101,,2507,15,,,1,73,,2517,15,,,1,37,,2509,15,,,1,63,,2522,15,,,1,38,,2520,15,,,1,62,,2521,15,,,1,35,,2523,15,,,1,69,,2508,15,,,1,32,,2511,15,,,1,76,,2524,15,,,1,29,,2513,15,,,1,73,,2512,15,,,1,30,,2518,15,,,1,63,,2516,15,,,1,34,,2514,15,,,1,81,,2519,15,,,1,18,,2500,15,,,1,100,,2503,15,,,1,99,,2506,15,,,1,100,,2499,15,,,1,99,,2504,15,,,1,98,,2501,15,,,1,100,,2505,15,,,1
5001,'SAM',529,,2532,15,,,1,100,,2535,15,,,1,100,,2526,15,,,1,98,,2547,15,,,1,101,,2545,15,,,1,79,,2550,15,,,1,30,,2543,15,,,1,64,,2527,15,,,1,38,,2551,15,,,1,62,,2549,15,,,1,35,,2528,15,,,1,69,,2539,15,,,1,32,,2541,15,,,1,76,,2544,15,,,1,29,,2540,15,,,1,73,,2542,15,,,1,30,,2530,15,,,1,63,,2531,15,,,1,34,,2525,15,,,1,79,,2546,15,,,1,21,,2548,15,,,1,99,,2536,15,,,1,99,,2538,15,,,1,100,,2537,15,,,1,99,,2533,15,,,1,98,,2529,15,,,1,100,,2534,15,,,1
5001,'SEM',519,,2573,15,,,1,106,,2578,15,,,1,75,,2574,15,,,1,23,,2553,15,,,1,36,,2552,15,,,1,64,,2555,15,,,1,31,,2581,15,,,1,67,,2582,15,,,1,33,,2577,15,,,1,67,,2554,15,,,1,33,,2558,15,,,1,68,,2576,15,,,1,32,,2564,15,,,1,72,,2579,15,,,1,30,,2559,15,,,1,72,,2575,15,,,1,28,,2580,15,,,1,70,,2557,15,,,1,82,,2556,15,,,1,26,,2567,15,,,1,76,,2560,15,,,1,30,,2561,15,,,1,69,,2566,15,,,1,29,,2562,15,,,1,75,,2565,15,,,1,29,,2568,15,,,1,75,,2569,15,,,1,104,,5240,15,,,1,104,,2563,15,,,1,104,,2571,15,,,1,105,,2570,15,,,1,106,,2572,15,,,1,89,,2584,5,,,1
6001,'DIM',806,,3103,39,,,1,103,,3111,39,,,1,102,,3109,39,,,1,103,,3110,39,,,1,101,,3112,39,,,1,102,,3115,39,,,1,102,,3113,39,,,1,100,,3116,39,,,1,100,,3114,39,,,1,102,,3117,39,,,1,93,,3118,39,,,1,99,,3105,39,,,1,98,,3107,39,,,1,97,,3106,39,,,1,99,,3108,39,,,1,99,,3102,39,,,1,100,,3104,39,,,1
6001,'SAM',704,,3125,39,,,1,102,,3130,39,,,1,103,,3121,39,,,1,102,,3133,39,,,1,102,,3135,39,,,1,102,,3131,39,,,1,102,,3134,39,,,1,102,,3132,39,,,1,100,,3120,39,,,1,100,,3136,39,,,1,102,,3119,39,,,1,93,,3123,39,,,1,100,,3128,39,,,1,97,,3124,39,,,1,97,,3126,39,,,1,99,,3129,39,,,1,99,,3122,39,,,1,100,,3127,39,,,1
6001,'SEM',548,,3151,39,,,1,101,,3137,39,,,1,87,,3155,39,,,1,77,,3149,39,,,1,36,,3153,39,,,1,101,,3139,39,,,1,101,,3156,39,,,1,101,,3154,39,,,1,104,,3140,39,,,1,100,,3138,39,,,1,101,,3150,39,,,1,102,,3152,39,,,1,99,,3141,39,,,1,142,,3145,39,,,1,57,,3143,39,,,1,90,,3148,39,,,1,98,,3146,39,,,1,98,,3142,39,,,1,99,,3144,39,,,1,94,,3147,39,,,1
34503,'SEM',443,,4973,24,,,1,101,,4974,24,,,1
