4604,'DIM',547,,2335,55,0,5,1,95,,2346,55,0,5,1,101,,2337,55,0,5,1,99,,2349,55,0,5,1,107,,2351,55,0,5,1,106,,2342,55,0,5,1,98,,2352,55,0,5,1,102,,2353,55,0,5,1,100,,2345,55,0,5,1,96,,2347,55,0,5,1,104,,2350,55,0,5,1,94,,2348,55,0,5,1,106,,2338,55,0,5,1,99,,2344,55,0,5,1,98,,2336,55,0,5,1,99,,2340,55,0,5,1,99,,2343,55,0,5,1,98,,2341,55,0,5,1,100,,2339,55,0,5,1
4604,'SAM',548,,2357,55,0,5,1,100,,2364,55,0,5,1,95,,2365,55,0,5,1,99,,2367,55,0,5,1,107,,2370,55,0,5,1,101,,2373,55,0,5,1,103,,2369,55,0,5,1,103,,2372,55,0,5,1,97,,2356,55,0,5,1,98,,2366,55,0,5,1,104,,2368,55,0,5,1,94,,2359,55,0,5,1,106,,2358,55,0,5,1,99,,2371,55,0,5,1,98,,2354,55,0,5,1,99,,2355,55,0,5,1,99,,2362,55,0,5,1,98,,2363,55,0,5,1,100,,2360,55,0,5,1,98,,2361,55,0,5,1
4604,'SEM',505,,2374,55,0,5,1,45,,2395,55,0,5,1,70,,2401,55,0,5,1,31,,5298,55,0,5,1,53,,2377,55,0,5,1,13,,2382,55,0,5,1,11,,5364,55,0,5,1,74,,2397,55,0,5,1,27,,5599,55,0,5,1,28,,5598,55,0,5,1,70,,2383,55,0,5,1,29,,2398,55,0,5,1,70,,2386,55,0,5,1,30,,2375,55,0,5,1,70,,2385,55,0,5,1,30,,2400,55,0,5,1,70,,2399,55,0,5,1,30,,2381,55,0,5,1,70,,2396,55,0,5,1,26,,2384,55,0,5,1,75,,5597,55,0,5,1,31,,2403,55,0,5,1,78,,2387,55,0,5,1,75,,2378,55,0,5,1,37,,2376,55,0,5,1,59,,2391,55,0,5,1,94,,2379,55,0,5,1,49,,2390,55,0,5,1,99,,2394,55,0,5,1,101,,2393,55,0,5,1,100,,2388,55,0,5,1,101,,2389,55,0,5,1,97,,2392,55,0,5,1
6002,'DIM',724,,3197,46,0,8,1,104,,3210,46,0,8,1,100,,3209,46,0,8,1,103,,3198,46,0,8,1,102,,3208,46,0,8,1,101,,3212,46,0,8,1,101,,3204,46,0,8,1,100,,3211,46,0,8,1,100,,3213,46,0,8,1,101,,3201,46,0,8,1,95,,3214,46,0,8,1,99,,3203,46,0,8,1,100,,3200,46,0,8,1,98,,3199,46,0,8,1,99,,3202,46,0,8,1,98,,3207,46,0,8,1,100,,3205,46,0,8,1,99,,3206,46,0,8,1
6002,'SAM',724,,3226,46,0,8,1,104,,3215,46,0,8,1,100,,3228,46,0,8,1,103,,3222,46,0,8,1,102,,3225,46,0,8,1,101,,3231,46,0,8,1,101,,3229,46,0,8,1,100,,3227,46,0,8,1,100,,3230,46,0,8,1,101,,3217,46,0,8,1,95,,5376,46,0,8,1,99,,3216,46,0,8,1,100,,3223,46,0,8,1,98,,3219,46,0,8,1,99,,3218,46,0,8,1,98,,3221,46,0,8,1,100,,3220,46,0,8,1,99,,3224,46,0,8,1
6002,'SEM',708,,3235,46,0,8,1,98,,3234,46,0,8,1,100,,3233,46,0,8,1,99,,3251,46,0,8,1,102,,3239,46,0,8,1,99,,3250,46,0,8,1,100,,3241,46,0,8,1,100,,3236,46,0,8,1,102,,3238,46,0,8,1,101,,3237,46,0,8,1,104,,3243,46,0,8,1,97,,3242,46,0,8,1,92,,3244,46,0,8,1,54,,3247,46,0,8,1,103,,3245,46,0,8,1,98,,3240,46,0,8,1,99,,3248,46,0,8,1,88,,3246,46,0,8,1,100,,3249,46,0,8,1
15104,'DIM',621,,4758,40,0,5,2,110,,4775,40,0,5,2,22,,4779,40,0,5,2,65,,4759,40,0,5,2,31,,4777,40,0,5,2,76,,4784,40,0,5,2,32,,4786,40,0,5,2,70,,4781,40,0,5,2,32,,4780,40,0,5,2,74,,4773,40,0,5,2,72,,4789,40,0,5,2,31,,4774,40,0,5,2,72,,4787,40,0,5,2,37,,4785,40,0,5,2,71,,4778,40,0,5,2,31,,4782,40,0,5,2,72,,4776,40,0,5,2,26,,4783,40,0,5,2,82,,4760,40,0,5,2,79,,4762,40,0,5,2,26,,4761,40,0,5,2,72,,4768,40,0,5,2,18,,4788,40,0,5,2,29,,4790,40,0,5,2,72,,4771,40,0,5,2,30,,4763,40,0,5,2,68,,4769,40,0,5,2,29,,4766,40,0,5,2,71,,4772,40,0,5,2,79,,4765,40,0,5,2,56,,4764,40,0,5,2,99,,4767,40,0,5,2,73,,4770,40,0,5,2
15104,'SAM',622,,4806,40,0,5,2,109,,4808,40,0,5,2,22,,4810,40,0,5,2,65,,4807,40,0,5,2,32,,4809,40,0,5,2,75,,4814,40,0,5,2,32,,4816,40,0,5,2,70,,4817,40,0,5,2,32,,4818,40,0,5,2,74,,4819,40,0,5,2,72,,4820,40,0,5,2,31,,4791,40,0,5,2,72,,4812,40,0,5,2,37,,4811,40,0,5,2,71,,4813,40,0,5,2,31,,4805,40,0,5,2,72,,4815,40,0,5,2,25,,4792,40,0,5,2,83,,4823,40,0,5,2,79,,4821,40,0,5,2,26,,4822,40,0,5,2,72,,4801,40,0,5,2,18,,4796,40,0,5,2,29,,4797,40,0,5,2,72,,4803,40,0,5,2,30,,4793,40,0,5,2,68,,4802,40,0,5,2,29,,4798,40,0,5,2,71,,4804,40,0,5,2,79,,4795,40,0,5,2,56,,4794,40,0,5,2,99,,4799,40,0,5,2,73,,4800,40,0,5,2
15104,'SEM',454,,4857,40,0,5,2,72,,4836,40,0,5,2,10,,4852,40,0,5,2,77,,4870,40,0,5,2,14,,4874,40,0,5,2,16,,4880,40,0,5,2,11,,4825,40,0,5,2,51,,4830,40,0,5,2,9,,5480,40,0,5,2,9,,4837,40,0,5,2,11,,5481,40,0,5,2,12,,4877,40,0,5,2,12,,4867,40,0,5,2,56,,4872,40,0,5,2,15,,4871,40,0,5,2,11,,4875,40,0,5,2,60,,4826,40,0,5,2,18,,4838,40,0,5,2,24,,4835,40,0,5,2,60,,4873,40,0,5,2,23,,4841,40,0,5,2,17,,4833,40,0,5,2,65,,4881,40,0,5,2,21,,4851,40,0,5,2,22,,4868,40,0,5,2,60,,4869,40,0,5,2,20,,5482,40,0,5,2,20,,4878,40,0,5,2,66,,4876,40,0,5,2,24,,4879,40,0,5,2,61,,4824,40,0,5,2,22,,4827,40,0,5,2,18,,4842,40,0,5,2,66,,4831,40,0,5,2,23,,4839,40,0,5,2,21,,4828,40,0,5,2,62,,4834,40,0,5,2,19,,4829,40,0,5,2,20,,4832,40,0,5,2,62,,4847,40,0,5,2,16,,4846,40,0,5,2,19,,4843,40,0,5,2,58,,4859,40,0,5,2,13,,4840,40,0,5,2,13,,4849,40,0,5,2,13,,4856,40,0,5,2,61,,4853,40,0,5,2,20,,4848,40,0,5,2,19,,4862,40,0,5,2,68,,4860,40,0,5,2,29,,4844,40,0,5,2,74,,4845,40,0,5,2,28,,4865,40,0,5,2,70,,4850,40,0,5,2,29,,4854,40,0,5,2,70,,4855,40,0,5,2,25,,4858,40,0,5,2,18,,4861,40,0,5,2,78,,4864,40,0,5,2,80,,4863,40,0,5,2
25104,'SEM',659,,4987,24,0,5,1,50,,4985,24,0,5,1,9,,4989,24,0,5,1,10,,4986,24,0,5,1,12,,5486,24,0,5,1,12,,4982,24,0,5,1,54,,4988,24,0,5,1,15,,4983,24,0,5,1,28,,4984,24,0,5,1
