3103,'DIM',625,,1047,1,0,6,1,98,,1048,1,0,6,1,97,,1051,1,0,6,1,99,,1052,1,0,6,1,100,,1053,1,0,6,1,101,,1049,1,0,6,1,99,,1046,1,0,6,1,99,,1050,1,0,6,1,101,,1036,1,0,6,1,100,,1038,1,0,6,1,101,,1040,1,0,6,1,100,,1044,1,0,6,1,100,,1045,1,0,6,1,100,,1039,1,0,6,1,100,,1037,1,0,6,1,101,,1042,1,0,6,1,100,,1041,1,0,6,1,102,,1043,1,0,6,1
3103,'SAM',625,,1066,1,0,6,1,98,,1069,1,0,6,1,97,,1068,1,0,6,1,98,,1070,1,0,6,1,100,,1071,1,0,6,1,103,,1065,1,0,6,1,99,,1072,1,0,6,1,99,,1067,1,0,6,1,99,,1054,1,0,6,1,101,,1056,1,0,6,1,101,,1059,1,0,6,1,101,,1060,1,0,6,1,99,,1055,1,0,6,1,100,,1058,1,0,6,1,100,,1063,1,0,6,1,101,,1064,1,0,6,1,100,,1057,1,0,6,1,102,,1062,1,0,6,1,95,,1061,1,0,6,1
3103,'SEM',619,,1073,1,0,6,1,102,,1095,1,0,6,1,97,,1092,1,0,6,1,99,,1088,1,0,6,1,100,,1094,1,0,6,1,100,,1093,1,0,6,1,99,,1074,1,0,6,1,100,,1077,1,0,6,1,99,,1076,1,0,6,1,97,,1080,1,0,6,1,13,,1081,1,0,6,1,34,,1084,1,0,6,1,69,,1087,1,0,6,1,81,,1090,1,0,6,1,30,,1075,1,0,6,1,77,,1091,1,0,6,1,28,,1079,1,0,6,1,81,,1086,1,0,6,1,101,,1078,1,0,6,1,102,,1085,1,0,6,1,99,,1083,1,0,6,1,100,,1082,1,0,6,1,114,,1089,1,0,6,1
5201,'DIM',702,,2721,1,0,7,2,54,,2718,1,0,7,2,100,,2724,1,0,7,2,100,,2719,1,0,7,2,148,,2726,1,0,7,2,52,,2723,1,0,7,2,98,,2720,1,0,7,2,100,,2722,1,0,7,2,100,,2725,1,0,7,2,102,,2727,1,0,7,2,98,,2714,1,0,7,2,100,,2716,1,0,7,2,100,,2711,1,0,7,2,100,,2715,1,0,7,2,102,,2710,1,0,7,2,94,,2709,1,0,7,2,100,,2712,1,0,7,2,100,,2713,1,0,7,2,100,,2717,1,0,7,2
5201,'SAM',702,,2740,1,0,7,2,54,,2729,1,0,7,2,100,,2744,1,0,7,2,100,,2746,1,0,7,2,102,,2742,1,0,7,2,98,,2739,1,0,7,2,98,,2745,1,0,7,2,100,,2743,1,0,7,2,100,,2741,1,0,7,2,102,,2732,1,0,7,2,98,,2733,1,0,7,2,103,,2735,1,0,7,2,97,,2728,1,0,7,2,100,,2730,1,0,7,2,102,,2736,1,0,7,2,94,,2737,1,0,7,2,100,,2731,1,0,7,2,100,,2734,1,0,7,2,106,,2738,1,0,7,2
5201,'SEM',601,,2764,1,0,7,2,101,,2753,1,0,7,2,99,,2747,1,0,7,2,101,,2752,1,0,7,2,100,,2751,1,0,7,2,99,,2763,1,0,7,2,100,,2749,1,0,7,2,100,,2750,1,0,7,2,100,,2748,1,0,7,2,52,,2755,1,0,7,2,198,,2759,1,0,7,2,107,,2762,1,0,7,2,143,,2754,1,0,7,2,102,,2757,1,0,7,2,100,,2756,1,0,7,2,98,,2758,1,0,7,2,56,,2761,1,0,7,2,151,,2760,1,0,7,2
5503,'SEM',618,,2833,1,0,6,2,114,,2830,1,0,6,2,104,,2822,1,0,6,2,101,,2817,1,0,6,2,100,,2829,1,0,6,2,100,,2820,1,0,6,2,100,,2831,1,0,6,2,95,,2819,1,0,6,2,93,,2818,1,0,6,2,75,,2823,1,0,6,2,42,,2825,1,0,6,2,77,,2832,1,0,6,2,39,,2821,1,0,6,2,71,,2827,1,0,6,2,100,,2826,1,0,6,2,95,,2828,1,0,6,2,105,,2824,1,0,6,2
25201,'SEM',1522,,4990,1,0,7,2,99,,4991,1,0,7,2,100,,4993,1,0,7,2,104,,4992,1,0,7,2
33504,'DIM',1117,,5100,5,4,,2
33504,'SAM',1117,,5101,5,4,,2
33504,'SEM',1117,,5102,5,4,,2
