1703,'DIM',620,,102,16,,,1,89,,94,16,,,1,100,,97,16,,,1,101,,96,16,,,1,97,,98,16,,,1,101,,93,16,,,1,100,,100,16,,,1,99,,95,16,,,1,102,,99,16,,,1,100,,101,16,,,1,102,,83,16,,,1,98,,87,16,,,1,99,,86,16,,,1,101,,85,16,,,1,98,,88,16,,,1,99,,91,16,,,1,101,,84,16,,,1,100,,89,16,,,1,102,,90,16,,,1,120,,92,16,,,1
1703,'SAM',542,,114,16,,,1,78,,121,16,,,1,89,,115,16,,,1,100,,111,16,,,1,101,,113,16,,,1,97,,116,16,,,1,100,,120,16,,,1,101,,118,16,,,1,100,,112,16,,,1,101,,119,16,,,1,100,,117,16,,,1,102,,122,16,,,1,99,,123,16,,,1,99,,103,16,,,1,100,,108,16,,,1,98,,105,16,,,1,99,,104,16,,,1,101,,106,16,,,1,100,,109,16,,,1,102,,110,16,,,1,120,,107,16,,,1
1703,'SEM',602,,140,16,,,1,103,,142,16,,,1,105,,141,16,,,1,96,,127,16,,,1,100,,139,16,,,1,100,,138,16,,,1,100,,144,16,,,1,101,,128,16,,,1,100,,125,16,,,1,98,,143,16,,,1,35,,146,16,,,1,60,,145,16,,,1,36,,124,16,,,1,23,,135,16,,,1,78,,126,16,,,1,80,,129,16,,,1,30,,132,16,,,1,68,,137,16,,,1,99,,5221,16,,,1,100,,130,16,,,1,100,,131,16,,,1,100,,133,16,,,1,99,,134,16,,,1,104,,136,16,,,1
2703,'DIM',904,,925,16,,,2,100,,928,16,,,2,98,,930,16,,,2,102,,924,16,,,2,55,,932,16,,,2,146,,927,16,,,2,101,,929,16,,,2,100,,926,16,,,2,100,,931,16,,,2,100,,918,16,,,2,100,,920,16,,,2,98,,919,16,,,2,100,,923,16,,,2,100,,917,16,,,2,102,,916,16,,,2,100,,921,16,,,2,100,,922,16,,,2
2703,'SAM',704,,942,16,,,2,100,,943,16,,,2,100,,941,16,,,2,100,,951,16,,,2,100,,945,16,,,2,100,,948,16,,,2,54,,944,16,,,2,147,,946,16,,,2,102,,947,16,,,2,99,,940,16,,,2,94,,949,16,,,2,106,,950,16,,,2,100,,935,16,,,2,98,,938,16,,,2,100,,933,16,,,2,100,,934,16,,,2,102,,936,16,,,2,100,,937,16,,,2,100,,939,16,,,2
2703,'SEM',810,,969,16,,,2,90,,954,16,,,2,100,,5302,16,,,2,100,,953,16,,,2,59,,971,16,,,2,91,,968,16,,,2,103,,972,16,,,2,100,,957,16,,,2,81,,5303,16,,,2,82,,970,16,,,2,15,,952,16,,,2,70,,959,16,,,2,39,,956,16,,,2,65,,967,16,,,2,96,,963,16,,,2,47,,966,16,,,2,103,,962,16,,,2,102,,958,16,,,2,99,,961,16,,,2,100,,964,16,,,2,100,,965,16,,,2
3103,'DIM',639,,1047,18,,,1,100,,1046,18,,,1,99,,1051,18,,,1,99,,1052,18,,,1,99,,1050,18,,,1,100,,1048,18,,,1,102,,1037,18,,,1,101,,1049,18,,,1,99,,1036,18,,,1,102,,1035,18,,,1,99,,1040,18,,,1,98,,1042,18,,,1,103,,1041,18,,,1,96,,1043,18,,,1,101,,1039,18,,,1,100,,1038,18,,,1,100,,1044,18,,,1,101,,1045,18,,,1
3103,'SAM',639,,1065,18,,,1,100,,1064,18,,,1,99,,1067,18,,,1,99,,1070,18,,,1,99,,1071,18,,,1,100,,1066,18,,,1,100,,1062,18,,,1,102,,1068,18,,,1,100,,1063,18,,,1,102,,1069,18,,,1,100,,1057,18,,,1,98,,1059,18,,,1,100,,1055,18,,,1,99,,1060,18,,,1,100,,1053,18,,,1,100,,1054,18,,,1,100,,1056,18,,,1,102,,1058,18,,,1,95,,1061,18,,,1
3103,'SEM',635,,1093,18,,,1,99,,1091,18,,,1,100,,1092,18,,,1,100,,1072,18,,,1,101,,1073,18,,,1,100,,1075,18,,,1,100,,1094,18,,,1,100,,1074,18,,,1,101,,1079,18,,,1,98,,1080,18,,,1,11,,1081,18,,,1,76,,1076,18,,,1,30,,1085,18,,,1,80,,1082,18,,,1,70,,1078,18,,,1,36,,1090,18,,,1,69,,1077,18,,,1,36,,1089,18,,,1,100,,1083,18,,,1,101,,1086,18,,,1,100,,1087,18,,,1,97,,1084,18,,,1,114,,1088,18,,,1
3903,'DIM',835,,1395,15,,,1,100,,1387,25,,,1,70,,1392,25,,,1,31,,1393,25,,,1,70,,1390,25,,,1,34,,1391,25,,,1,66,,1394,25,,,1,29,,1384,25,,,1,71,,1388,25,,,1,30,,1385,25,,,1,70,,1371,25,,,1,30,,1374,25,,,1,72,,1377,25,,,1,30,,1389,25,,,1,71,,1378,25,,,1,31,,1379,25,,,1,65,,1380,25,,,1,18,,1386,25,,,1,10,,1381,25,,,1,24,,1375,25,,,1,65,,1382,25,,,1,99,,1372,25,,,1,100,,1383,25,,,1,98,,1373,25,,,1,104,,1376,25,,,1
3903,'SAM',835,,1420,15,,,1,100,,1415,25,,,1,70,,1419,25,,,1,31,,1396,25,,,1,70,,1410,25,,,1,34,,1413,25,,,1,66,,1412,25,,,1,30,,1397,25,,,1,70,,1411,25,,,1,30,,1414,25,,,1,70,,1398,25,,,1,30,,1417,25,,,1,72,,1401,25,,,1,30,,1402,25,,,1,71,,1404,25,,,1,31,,1418,25,,,1,65,,1405,25,,,1,18,,1416,25,,,1,11,,1403,25,,,1,23,,1400,25,,,1,69,,1399,25,,,1,97,,1407,25,,,1,98,,1406,25,,,1,98,,1409,25,,,1,104,,1408,25,,,1
3903,'SEM',727,,1443,25,,,1,100,,1425,25,,,1,104,,1423,25,,,1,73,,1427,25,,,1,29,,5305,25,,,1,71,,1445,25,,,1,29,,1438,25,,,1,71,,5306,25,,,1,27,,1446,25,,,1,77,,1422,25,,,1,33,,1429,25,,,1,67,,1431,25,,,1,31,,1432,25,,,1,75,,1421,25,,,1,38,,1439,25,,,1,63,,1433,25,,,1,28,,1424,25,,,1,65,,1426,25,,,1,33,,1434,25,,,1,80,,1435,25,,,1,79,,1428,25,,,1,58,,1430,25,,,1,96,,1436,25,,,1,103,,1440,25,,,1,97,,1437,25,,,1,88,,1441,25,,,1
4303,'DIM',638,,1973,16,,,1,101,,1975,16,,,1,100,,1979,16,,,1,100,,1977,16,,,1,106,,1978,16,,,1,101,,1976,16,,,1,100,,1982,16,,,1,100,,1980,16,,,1,103,,1981,16,,,1,97,,1963,16,,,1,99,,1964,16,,,1,104,,1966,16,,,1,91,,1969,16,,,1,99,,1968,16,,,1,100,,1965,16,,,1,100,,1967,16,,,1,100,,1974,16,,,1,100,,1970,16,,,1,99,,1972,16,,,1,100,,1971,16,,,1
4303,'SAM',638,,1995,16,,,1,101,,1984,16,,,1,100,,2000,16,,,1,100,,1985,16,,,1,106,,1986,16,,,1,101,,1998,16,,,1,100,,1996,16,,,1,100,,2001,16,,,1,102,,1997,16,,,1,101,,1999,16,,,1,98,,1983,16,,,1,98,,2002,16,,,1,95,,1990,16,,,1,99,,1987,16,,,1,100,,1991,16,,,1,100,,1988,16,,,1,100,,1989,16,,,1,100,,1994,16,,,1,99,,1992,16,,,1,100,,1993,16,,,1
4303,'SEM',639,,2022,16,,,1,100,,2023,16,,,1,81,,2006,16,,,1,104,,2024,16,,,1,31,,2005,16,,,1,69,,2020,16,,,1,30,,2012,16,,,1,71,,2008,16,,,1,30,,2026,16,,,1,70,,2025,16,,,1,30,,2021,16,,,1,72,,2009,16,,,1,28,,2010,16,,,1,70,,2014,16,,,1,30,,2027,16,,,1,70,,2004,16,,,1,25,,2011,16,,,1,70,,2007,16,,,1,19,,2028,16,,,1,76,,2013,16,,,1,31,,2003,16,,,1,71,,2017,16,,,1,101,,2018,16,,,1,101,,2019,16,,,1,101,,5230,16,,,1,101,,5231,16,,,1,109,,2015,16,,,1,106,,2016,16,,,1
7303,'DIM',654,,3922,16,,,1,100,,3919,16,,,1,100,,3920,16,,,1,98,,3923,16,,,1,100,,3926,16,,,1,100,,3921,16,,,1,100,,3924,16,,,1,102,,3918,16,,,1,99,,3925,16,,,1,102,,3927,16,,,1,99,,3912,16,,,1,99,,3909,16,,,1,101,,3915,16,,,1,98,,3911,16,,,1,100,,3910,16,,,1,100,,3913,16,,,1,100,,3914,16,,,1,102,,3917,16,,,1,105,,3916,16,,,1
7303,'SAM',600,,3944,16,,,1,54,,3941,16,,,1,100,,3940,16,,,1,100,,3945,16,,,1,98,,3947,16,,,1,101,,3943,16,,,1,99,,3931,16,,,1,100,,3946,16,,,1,102,,3942,16,,,1,99,,3948,16,,,1,102,,3949,16,,,1,101,,3930,16,,,1,98,,3928,16,,,1,99,,3929,16,,,1,99,,3933,16,,,1,100,,3932,16,,,1,100,,3934,16,,,1,100,,3935,16,,,1,102,,3938,16,,,1,105,,3936,16,,,1,100,,3939,16,,,1,100,,3937,16,,,1
7303,'SEM',547,,3984,16,,,1,66,,3981,16,,,1,39,,3980,16,,,1,50,,3985,16,,,1,39,,3974,16,,,1,16,,3952,16,,,1,83,,5328,16,,,1,12,,3951,16,,,1,70,,3968,16,,,1,31,,3983,16,,,1,69,,3953,16,,,1,31,,5329,16,,,1,69,,3967,16,,,1,31,,5265,16,,,1,69,,3986,16,,,1,30,,3954,16,,,1,70,,3957,16,,,1,30,,3962,16,,,1,70,,3950,16,,,1,30,,3959,16,,,1,75,,3987,16,,,1,24,,3969,16,,,1,55,,3961,16,,,1,21,,3955,16,,,1,16,,3956,16,,,1,63,,3965,16,,,1,17,,3963,16,,,1,30,,3975,16,,,1,55,,3964,16,,,1,16,,3960,16,,,1,33,,3970,16,,,1,70,,3972,16,,,1,32,,3966,16,,,1,99,,3977,16,,,1,100,,5266,16,,,1,99,,3976,16,,,1,100,,3971,16,,,1,81,,3973,16,,,1,95,,3978,16,,,1,121,,3979,16,,,1
7401,'DIM',724,,4082,16,,,2,99,,4083,16,,,2,102,,4086,16,,,2,97,,4085,16,,,2,101,,4087,16,,,2,100,,4084,16,,,2,101,,4081,16,,,2,99,,4080,16,,,2,102,,4088,16,,,2,99,,4074,16,,,2,102,,4075,16,,,2,99,,4077,16,,,2,98,,4078,16,,,2,99,,4079,16,,,2,101,,4073,16,,,2,99,,4072,16,,,2,101,,4076,16,,,2
7401,'SAM',724,,4097,16,,,2,99,,4099,16,,,2,102,,4098,16,,,2,98,,4101,16,,,2,100,,4103,16,,,2,100,,4105,16,,,2,102,,4100,16,,,2,98,,4104,16,,,2,101,,4102,16,,,2,100,,4089,16,,,2,101,,4092,16,,,2,101,,4094,16,,,2,98,,4093,16,,,2,98,,4095,16,,,2,101,,4090,16,,,2,99,,4096,16,,,2,101,,4091,16,,,2
7401,'SEM',627,,4121,16,,,2,95,,4106,16,,,2,101,,4120,16,,,2,103,,4110,16,,,2,101,,4111,16,,,2,101,,4124,16,,,2,99,,4109,16,,,2,101,,4123,16,,,2,100,,4122,16,,,2,93,,4108,16,,,2,93,,4112,16,,,2,101,,4107,16,,,2,30,,4114,16,,,2,85,,4119,16,,,2,99,,4113,16,,,2,101,,4116,16,,,2,100,,4117,16,,,2,99,,4115,16,,,2,100,,5271,16,,,2,95,,4118,16,,,2
