2201,'DIM',645,,328,44,,,2,101,,332,44,,,2,104,,331,44,,,2,99,,330,44,,,2,101,,327,44,,,2,99,,329,44,,,2,101,,334,44,,,2,102,,336,44,,,2,96,,333,44,,,2,105,,335,44,,,2,99,,321,44,,,2,100,,323,44,,,2,97,,322,44,,,2,102,,325,44,,,2,100,,324,44,,,2,100,,326,44,,,2
2201,'SAM',645,,345,44,,,2,101,,347,44,,,2,104,,344,44,,,2,99,,346,44,,,2,102,,349,44,,,2,99,,353,44,,,2,101,,352,44,,,2,101,,348,44,,,2,96,,350,44,,,2,102,,351,44,,,2,102,,338,44,,,2,101,,341,44,,,2,96,,339,44,,,2,102,,337,44,,,2,100,,343,44,,,2,100,,342,44,,,2,100,,340,44,,,2
2201,'SEM',640,,369,44,,,2,100,,357,44,,,2,94,,355,44,,,2,80,,354,44,,,2,34,,371,44,,,2,101,,356,44,,,2,100,,370,44,,,2,100,,372,44,,,2,100,,359,44,,,2,96,,360,44,,,2,105,,358,44,,,2,100,,364,44,,,2,100,,362,44,,,2,99,,361,44,,,2,98,,363,44,,,2,104,,367,44,,,2,100,,365,44,,,2,95,,366,44,,,2,98,,368,44,,,2
5001,'DIM',547,,2502,51,,,1,100,,2510,51,,,1,101,,2498,51,,,1,98,,2515,51,,,1,101,,2507,51,,,1,73,,2517,51,,,1,37,,2509,51,,,1,64,,2522,51,,,1,79,,2520,51,,,1,22,,2521,51,,,1,35,,2523,51,,,1,69,,2508,51,,,1,32,,2511,51,,,1,76,,2524,51,,,1,69,,2513,51,,,1,34,,2512,51,,,1,70,,2518,51,,,1,23,,2516,51,,,1,74,,2514,51,,,1,41,,2519,51,,,1,58,,2500,51,,,1,99,,2503,51,,,1,98,,2506,51,,,1,100,,2499,51,,,1,59,,2504,51,,,1,98,,2501,51,,,1,99,,2505,51,,,1
5001,'SAM',547,,2532,51,,,1,100,,2535,51,,,1,101,,2526,51,,,1,98,,2547,51,,,1,101,,2545,51,,,1,79,,2550,51,,,1,30,,2543,51,,,1,65,,2527,51,,,1,79,,2551,51,,,1,22,,2549,51,,,1,35,,2528,51,,,1,69,,2539,51,,,1,32,,2541,51,,,1,76,,2544,51,,,1,69,,2540,51,,,1,34,,2542,51,,,1,70,,2530,51,,,1,23,,2531,51,,,1,74,,2525,51,,,1,39,,2546,51,,,1,61,,2548,51,,,1,98,,2536,51,,,1,98,,2538,51,,,1,100,,2537,51,,,1,59,,2533,51,,,1,98,,2529,51,,,1,99,,2534,51,,,1
5001,'SEM',539,,2573,51,,,1,107,,2578,51,,,1,76,,2574,51,,,1,24,,2553,51,,,1,77,,2552,51,,,1,24,,2555,51,,,1,71,,2581,51,,,1,26,,2582,51,,,1,73,,2577,51,,,1,27,,2554,51,,,1,73,,2558,51,,,1,28,,2576,51,,,1,72,,2564,51,,,1,32,,2579,51,,,1,70,,2559,51,,,1,32,,2575,51,,,1,68,,2580,51,,,1,30,,2557,51,,,1,84,,2556,51,,,1,67,,2567,51,,,1,36,,2560,51,,,1,70,,2561,51,,,1,29,,2566,51,,,1,66,,2562,51,,,1,35,,2565,51,,,1,69,,2568,51,,,1,35,,2569,51,,,1,104,,5240,51,,,1,103,,2563,51,,,1,103,,2571,51,,,1,104,,2570,51,,,1,146,,2572,51,,,1,49,,2584,41,,,1
5801,'DIM',547,,2996,59,,,2,101,,2978,59,,,2,91,,2987,59,,,2,101,,2990,59,,,2,99,,2993,59,,,2,100,,2986,59,,,2,102,,2995,59,,,2,98,,2992,59,,,2,103,,2989,59,,,2,99,,2991,59,,,2,102,,2988,59,,,2,99,,2981,59,,,2,101,,2994,59,,,2,99,,2977,59,,,2,99,,2985,59,,,2,99,,2980,59,,,2,100,,2979,59,,,2,100,,2983,59,,,2,98,,2982,59,,,2,110,,2984,59,,,2
5801,'SAM',547,,3016,59,,,2,101,,3008,59,,,2,91,,3007,59,,,2,101,,3012,59,,,2,100,,3010,59,,,2,99,,3013,59,,,2,102,,3015,59,,,2,98,,2997,59,,,2,101,,3006,59,,,2,101,,3011,59,,,2,101,,3009,59,,,2,101,,3014,59,,,2,100,,3000,59,,,2,100,,3004,59,,,2,98,,2998,59,,,2,99,,3005,59,,,2,100,,3001,59,,,2,100,,3003,59,,,2,98,,2999,59,,,2,110,,3002,59,,,2
5801,'SEM',539,,3030,59,,,2,68,,3027,59,,,2,42,,3038,59,,,2,85,,3028,59,,,2,86,,3034,59,,,2,85,,3021,59,,,2,99,,3039,59,,,2,100,,3017,59,,,2,100,,3022,59,,,2,100,,3037,59,,,2,100,,3018,59,,,2,47,,3029,59,,,2,71,,3019,59,,,2,32,,3040,59,,,2,69,,3024,59,,,2,35,,3026,59,,,2,69,,3025,59,,,2,27,,3020,59,,,2,69,,3036,59,,,2,29,,3023,59,,,2,70,,5245,59,,,2,100,,5246,59,,,2,99,,3032,59,,,2,99,,3031,59,,,2,99,,3033,59,,,2,98,,3035,59,,,2
22201,'DIM',1417,,4832,44,,,2,815,,4830,44,,,2,83,,4831,44,,,2
22201,'SAM',1417,,4837,44,,,2,815,,4833,44,,,2,83,,4834,44,,,2,100,,4836,44,,,2,112,,4835,44,,,2
22201,'SEM',720,,4838,44,,,2,10,,4839,44,,,2,683,,4840,44,,,2,100,,4841,44,,,2,106,,4845,44,,,2,100,,4843,44,,,2,90,,4842,44,,,2,625,,4844,44,,,2
32201,'DIM',525,,4950,45,,,2,802,,4952,44,,,2,802,,4951,44,,,2
32201,'SAM',525,,4953,45,,,2,802,,4954,44,,,2
32201,'SEM',528,,4955,45,,,2,19,,4956,45,,,2,67,,4957,45,,,2,714,,4958,44,,,2,801,,4959,44,,,2
