1703,'DIM',631,,6972,36,,,1,89,,6965,36,,,1,101,,100,36,,,1,102,,6967,36,,,1,97,,6968,36,,,1,102,,6964,36,,,1,100,,6970,36,,,1,99,,6966,36,,,1,102,,6969,36,,,1,100,,6971,36,,,1,102,,6954,36,,,1,98,,6958,36,,,1,98,,6957,36,,,1,101,,6956,36,,,1,98,,6959,36,,,1,99,,6962,36,,,1,100,,6955,36,,,1,100,,6960,36,,,1,102,,6961,36,,,1,117,,6963,36,,,1
1703,'SAM',553,,6984,36,,,1,78,,6990,36,,,1,89,,121,36,,,1,101,,6981,36,,,1,102,,6983,36,,,1,97,,6985,36,,,1,101,,6989,36,,,1,101,,6987,36,,,1,100,,6982,36,,,1,101,,6988,36,,,1,100,,6986,36,,,1,102,,6991,36,,,1,99,,6992,36,,,1,98,,6973,36,,,1,100,,6978,36,,,1,98,,6975,36,,,1,99,,6974,36,,,1,100,,6976,36,,,1,100,,6979,36,,,1,102,,6980,36,,,1,117,,6977,36,,,1
1703,'SEM',613,,7010,36,,,1,104,,7012,36,,,1,106,,7011,36,,,1,96,,6996,36,,,1,101,,7009,36,,,1,101,,7008,36,,,1,100,,7014,36,,,1,101,,6997,36,,,1,100,,6994,36,,,1,99,,7013,36,,,1,35,,7016,36,,,1,60,,7015,36,,,1,36,,6993,36,,,1,63,,7004,36,,,1,37,,6995,36,,,1,79,,6998,36,,,1,70,,7001,36,,,1,27,,7006,36,,,1,99,,7007,36,,,1,100,,6999,36,,,1,100,,7000,36,,,1,99,,7002,36,,,1,99,,7003,36,,,1,102,,7005,36,,,1
3103,'DIM',650,,7902,38,,,1,101,,7901,38,,,1,100,,1058,38,,,1,100,,7906,38,,,1,100,,7905,38,,,1,100,,7903,38,,,1,102,,7892,38,,,1,101,,7904,38,,,1,99,,7891,38,,,1,101,,7890,38,,,1,99,,7895,38,,,1,98,,7897,38,,,1,103,,7896,38,,,1,96,,7898,38,,,1,101,,7894,38,,,1,100,,7893,38,,,1,99,,7899,38,,,1,100,,7900,38,,,1
3103,'SAM',650,,7919,38,,,1,101,,7918,38,,,1,100,,1075,38,,,1,100,,7923,38,,,1,100,,7924,38,,,1,100,,7920,38,,,1,100,,7916,38,,,1,102,,7921,38,,,1,100,,7917,38,,,1,101,,7922,38,,,1,100,,7911,38,,,1,98,,7913,38,,,1,100,,7909,38,,,1,99,,7914,38,,,1,100,,7907,38,,,1,100,,7908,38,,,1,99,,7910,38,,,1,101,,7912,38,,,1,95,,7915,38,,,1
3103,'SEM',647,,7946,38,,,1,100,,7944,38,,,1,101,,7945,38,,,1,101,,7925,38,,,1,101,,7926,38,,,1,100,,7928,38,,,1,100,,7947,38,,,1,100,,7927,38,,,1,102,,7932,38,,,1,98,,7933,38,,,1,51,,7934,38,,,1,37,,7929,38,,,1,69,,7938,38,,,1,40,,7935,38,,,1,68,,7931,38,,,1,36,,7943,38,,,1,69,,7930,38,,,1,36,,7942,38,,,1,100,,7936,38,,,1,101,,7939,38,,,1,99,,7940,38,,,1,96,,7937,38,,,1,154,,7941,38,,,1
3903,'DIM',854,,1407,49,,,1,100,,8236,59,,,1,70,,8241,59,,,1,31,,8242,59,,,1,70,,8239,59,,,1,34,,8240,59,,,1,66,,8243,59,,,1,29,,8233,59,,,1,71,,8237,59,,,1,30,,8234,59,,,1,71,,8220,59,,,1,30,,8223,59,,,1,72,,8226,59,,,1,30,,8238,59,,,1,71,,8227,59,,,1,30,,8228,59,,,1,65,,8229,59,,,1,18,,8235,59,,,1,10,,8230,59,,,1,64,,8224,59,,,1,25,,8231,59,,,1,98,,8221,59,,,1,100,,8232,59,,,1,98,,8222,59,,,1,104,,8225,59,,,1
3903,'SAM',854,,8268,49,,,1,100,,8263,59,,,1,70,,8267,59,,,1,31,,8244,59,,,1,70,,8258,59,,,1,34,,8261,59,,,1,66,,8260,59,,,1,30,,8245,59,,,1,70,,8259,59,,,1,30,,8262,59,,,1,71,,8246,59,,,1,30,,8265,59,,,1,72,,8249,59,,,1,30,,8250,59,,,1,71,,8252,59,,,1,30,,8266,59,,,1,65,,8253,59,,,1,18,,8264,59,,,1,11,,8251,59,,,1,63,,8248,59,,,1,29,,8247,59,,,1,96,,8255,59,,,1,98,,8254,59,,,1,98,,8257,59,,,1,104,,8256,59,,,1
3903,'SEM',746,,8291,59,,,1,101,,8273,59,,,1,104,,8271,59,,,1,72,,8275,59,,,1,29,,8292,59,,,1,71,,8293,59,,,1,29,,8286,59,,,1,71,,8290,59,,,1,28,,8294,59,,,1,78,,8270,59,,,1,73,,8277,59,,,1,27,,8279,59,,,1,72,,8280,59,,,1,35,,8269,59,,,1,78,,8287,59,,,1,23,,8281,59,,,1,68,,8272,59,,,1,25,,8274,59,,,1,73,,8282,59,,,1,39,,8283,59,,,1,79,,8276,59,,,1,98,,8278,59,,,1,95,,8284,59,,,1,103,,8288,59,,,1,95,,8285,59,,,1,47,,8289,59,,,1
4503,'DIM',658,,8950,37,,,1,100,,8960,37,,,1,101,,8958,37,,,1,99,,8964,37,,,1,101,,8959,37,,,1,98,,8962,37,,,1,145,,8952,37,,,1,101,,8956,37,,,1,98,,8949,37,,,1,102,,8947,37,,,1,52,,8961,37,,,1,102,,8963,37,,,1,143,,8948,37,,,1,102,,8957,37,,,1,101,,8951,37,,,1,99,,8954,37,,,1,99,,8955,37,,,1,101,,8953,37,,,1
4503,'SAM',658,,8978,37,,,1,100,,8974,37,,,1,101,,8977,37,,,1,99,,8976,37,,,1,101,,8966,37,,,1,97,,8975,37,,,1,146,,8979,37,,,1,100,,8970,37,,,1,101,,8981,37,,,1,101,,8980,37,,,1,51,,8982,37,,,1,145,,8965,37,,,1,100,,8972,37,,,1,102,,8967,37,,,1,101,,8971,37,,,1,99,,8969,37,,,1,99,,8973,37,,,1,101,,8968,37,,,1
4503,'SEM',649,,8988,37,,,1,58,,8986,37,,,1,34,,8983,37,,,1,68,,9003,37,,,1,25,,8987,37,,,1,79,,8985,37,,,1,25,,9004,37,,,1,110,,9002,37,,,1,100,,8991,37,,,1,95,,8989,37,,,1,100,,9005,37,,,1,103,,8984,37,,,1,106,,9006,37,,,1,68,,8993,37,,,1,87,,8996,37,,,1,18,,8990,37,,,1,17,,8997,37,,,1,71,,8999,37,,,1,39,,8995,37,,,1,98,,8994,37,,,1,100,,8998,37,,,1,100,,9001,37,,,1,99,,8992,37,,,1,95,,9000,37,,,1
7303,'DIM',705,,10755,36,,,1,100,,10752,36,,,1,102,,10753,36,,,1,98,,10756,36,,,1,100,,10759,36,,,1,100,,10754,36,,,1,101,,10757,36,,,1,102,,10751,36,,,1,99,,10758,36,,,1,102,,10760,36,,,1,99,,10745,36,,,1,99,,10742,36,,,1,100,,10748,36,,,1,98,,10744,36,,,1,100,,10743,36,,,1,100,,10746,36,,,1,98,,10747,36,,,1,102,,10750,36,,,1,105,,10749,36,,,1
7303,'SAM',611,,10775,36,,,1,94,,10772,36,,,1,100,,10771,36,,,1,102,,10776,36,,,1,98,,10778,36,,,1,101,,10774,36,,,1,99,,10764,36,,,1,101,,10777,36,,,1,102,,10773,36,,,1,99,,10779,36,,,1,102,,10780,36,,,1,101,,10763,36,,,1,98,,10761,36,,,1,98,,10762,36,,,1,99,,10766,36,,,1,100,,10765,36,,,1,100,,4040,36,,,1,98,,10767,36,,,1,102,,4041,36,,,1,105,,10768,36,,,1,100,,10770,36,,,1,100,,10769,36,,,1
7303,'SEM',559,,10817,36,,,1,66,,10814,36,,,1,80,,10813,36,,,1,10,,10818,36,,,1,39,,10807,36,,,1,56,,10783,36,,,1,43,,10815,36,,,1,52,,10782,36,,,1,30,,10800,36,,,1,71,,10816,36,,,1,29,,10784,36,,,1,71,,10789,36,,,1,29,,10799,36,,,1,72,,10790,36,,,1,30,,10819,36,,,1,70,,10785,36,,,1,30,,10788,36,,,1,70,,10794,36,,,1,30,,10781,36,,,1,70,,10791,36,,,1,35,,10820,36,,,1,65,,10801,36,,,1,15,,10793,36,,,1,22,,10786,36,,,1,56,,10787,36,,,1,23,,10797,36,,,1,16,,10795,36,,,1,69,,10808,36,,,1,14,,10796,36,,,1,16,,10792,36,,,1,72,,10802,36,,,1,30,,10805,36,,,1,72,,10798,36,,,1,99,,10810,36,,,1,100,,10803,36,,,1,99,,10809,36,,,1,98,,10804,36,,,1,41,,10806,36,,,1,95,,10811,36,,,1,161,,10812,36,,,1
