5504,'SEM',643,,9646,67,4,,2,61,,9651,37,4,,2,9,,9634,67,4,,2,11,,9635,67,4,,2,93,,9649,67,4,,2,30,,9644,67,4,,2,95,,9643,67,4,,2,97,,9636,67,4,,2,100,,9645,67,4,,2,94,,9650,67,4,,2,103,,9637,67,4,,2,105,,9647,67,4,,2,103,,9648,67,4,,2,98,,9638,67,4,,2,97,,9639,67,4,,2,100,,9641,67,4,,2,101,,9640,67,4,,2,92,,9642,67,4,,2
14401,'DIM',616,,11205,39,4,,2,25,,11208,39,4,,2,99,,11206,39,4,,2,95,,11209,39,4,,2,101,,11216,39,4,,2,71,,11220,39,4,,2,28,,11219,39,4,,2,72,,11222,39,4,,2,36,,11214,39,4,,2,67,,11221,39,4,,2,33,,11207,39,4,,2,75,,11212,39,4,,2,29,,11215,39,4,,2,75,,11210,39,4,,2,35,,11211,39,4,,2,68,,11197,39,4,,2,34,,11213,39,4,,2,81,,11217,39,4,,2,62,,11198,39,4,,2,39,,11199,39,4,,2,96,,11218,39,4,,2,81,,11201,39,4,,2,97,,11203,39,4,,2,100,,11202,39,4,,2,98,,11204,39,4,,2,100,,11200,39,4,,2
14401,'SAM',616,,11238,39,4,,2,25,,11243,39,4,,2,99,,11241,39,4,,2,95,,11244,39,4,,2,101,,11248,39,4,,2,71,,11249,39,4,,2,28,,11250,39,4,,2,72,,11223,39,4,,2,35,,11231,39,4,,2,68,,11227,39,4,,2,33,,11239,39,4,,2,75,,11247,39,4,,2,29,,11245,39,4,,2,75,,11242,39,4,,2,35,,11240,39,4,,2,68,,11226,39,4,,2,34,,11246,39,4,,2,81,,11228,39,4,,2,62,,11229,39,4,,2,38,,11230,39,4,,2,100,,11234,39,4,,2,78,,11235,39,4,,2,97,,11224,39,4,,2,100,,11225,39,4,,2,98,,11237,39,4,,2,100,,11232,39,4,,2,100,,11236,39,4,,2,101,,11233,39,4,,2
14401,'SEM',552,,11272,39,4,,2,80,,11276,39,4,,2,12,,11279,39,4,,2,58,,11254,39,4,,2,20,,11273,39,4,,2,19,,11277,39,4,,2,13,,11275,39,4,,2,60,,11255,39,4,,2,20,,11278,39,4,,2,19,,11280,39,4,,2,75,,11260,39,4,,2,25,,11253,39,4,,2,75,,11258,39,4,,2,28,,11270,39,4,,2,67,,11261,39,4,,2,30,,11274,39,4,,2,66,,11271,39,4,,2,34,,11251,39,4,,2,75,,11259,39,4,,2,25,,11252,39,4,,2,73,,11263,39,4,,2,26,,11265,39,4,,2,71,,11257,39,4,,2,102,,11256,39,4,,2,107,,11266,39,4,,2,96,,11267,39,4,,2,102,,11262,39,4,,2,88,,11282,39,4,,2,100,,11264,39,4,,2,99,,11281,39,4,,2,101,,11269,39,4,,2,100,,11268,39,4,,2
15104,'DIM',631,,11494,53,4,,2,98,,11514,53,4,,2,25,,11507,53,4,,2,66,,11511,53,4,,2,32,,11495,53,4,,2,74,,11506,53,4,,2,29,,11515,53,4,,2,73,,11508,53,4,,2,72,,11512,53,4,,2,33,,11517,53,4,,2,71,,11516,53,4,,2,32,,11519,53,4,,2,73,,11513,53,4,,2,34,,11510,53,4,,2,72,,11518,53,4,,2,32,,11489,53,4,,2,74,,11509,53,4,,2,33,,11497,53,4,,2,72,,11520,53,4,,2,31,,11521,53,4,,2,75,,11490,53,4,,2,70,,11502,53,4,,2,31,,11504,53,4,,2,69,,11492,53,4,,2,30,,11499,53,4,,2,70,,11500,53,4,,2,30,,11503,53,4,,2,27,,11491,53,4,,2,69,,11493,53,4,,2,31,,11496,53,4,,2,97,,11498,53,4,,2,98,,11501,53,4,,2,73,,11505,53,4,,2
15104,'SAM',631,,11538,53,4,,2,98,,11546,53,4,,2,25,,11541,53,4,,2,66,,11543,53,4,,2,32,,11539,53,4,,2,74,,11540,53,4,,2,30,,11547,53,4,,2,72,,11542,53,4,,2,72,,11544,53,4,,2,33,,11550,53,4,,2,71,,11549,53,4,,2,32,,11551,53,4,,2,73,,11545,53,4,,2,34,,11537,53,4,,2,72,,11531,53,4,,2,32,,11552,53,4,,2,74,,11548,53,4,,2,33,,11522,53,4,,2,72,,11554,53,4,,2,31,,11526,53,4,,2,75,,11553,53,4,,2,70,,11529,53,4,,2,31,,11523,53,4,,2,69,,11524,53,4,,2,30,,11535,53,4,,2,70,,11528,53,4,,2,30,,11530,53,4,,2,27,,11534,53,4,,2,69,,11525,53,4,,2,31,,11536,53,4,,2,97,,11527,53,4,,2,98,,11533,53,4,,2,73,,11532,53,4,,2
15104,'SEM',505,,11590,53,4,,2,30,,11572,53,4,,2,21,,11588,53,4,,2,65,,11591,53,4,,2,21,,11593,53,4,,2,12,,11597,53,4,,2,55,,11601,40,4,,2,12,,11556,53,4,,2,12,,11603,40,4,,2,13,,11573,53,4,,2,11,,11589,53,4,,2,54,,11600,40,4,,2,13,,11564,53,4,,2,10,,11592,53,4,,2,15,,11602,40,4,,2,55,,11598,53,4,,2,19,,11563,53,4,,2,21,,11586,53,4,,2,60,,11594,53,4,,2,21,,11559,53,4,,2,20,,11584,53,4,,2,60,,11596,53,4,,2,20,,11599,53,4,,2,21,,11557,53,4,,2,60,,11587,53,4,,2,20,,11565,53,4,,2,20,,11567,53,4,,2,61,,11595,53,4,,2,21,,11561,53,4,,2,25,,11569,53,4,,2,56,,11570,53,4,,2,24,,11560,53,4,,2,20,,11575,53,4,,2,61,,11555,53,4,,2,20,,11562,53,4,,2,24,,11576,53,4,,2,60,,11558,53,4,,2,23,,11571,53,4,,2,61,,11574,53,4,,2,31,,11577,53,4,,2,25,,11566,53,4,,2,77,,11578,53,4,,2,84,,11568,53,4,,2,103,,11583,53,4,,2,104,,11579,53,4,,2,94,,11581,53,4,,2,100,,11580,53,4,,2,94,,11582,53,4,,2,118,,11585,53,4,,2
25504,'DIM',642,,11726,67,4,,2,100,,11729,67,4,,2,103,,11731,67,4,,2,100,,11730,67,4,,2,102,,11732,67,4,,2,100,,11727,67,4,,2,100,,11733,67,4,,2,102,,11728,67,4,,2,100,,11734,67,4,,2,102,,11720,67,4,,2,100,,11735,67,4,,2,100,,11721,67,4,,2,100,,11736,67,4,,2,99,,11724,67,4,,2,98,,11737,67,4,,2,96,,11725,67,4,,2,98,,11723,67,4,,2,98,,11722,67,4,,2
25504,'SAM',642,,11746,67,4,,2,100,,11751,67,4,,2,103,,11742,67,4,,2,100,,11752,67,4,,2,102,,11743,67,4,,2,100,,11747,67,4,,2,100,,11749,67,4,,2,102,,11748,67,4,,2,100,,11750,67,4,,2,102,,11738,67,4,,2,100,,11753,67,4,,2,100,,11739,67,4,,2,100,,11754,67,4,,2,99,,11745,67,4,,2,98,,11740,67,4,,2,96,,5119,67,4,,2,98,,11741,67,4,,2,98,,11744,67,4,,2
25504,'SEM',517,,11755,67,4,,2,33,,11758,67,4,,2,1572,,11757,67,4,,2,97,,11759,67,4,,2,94,,11756,67,4,,2,93,,11760,67,4,,2
71304,'DIM',554,,11816,19,4,,2,182,,11817,19,4,,2
71304,'SAM',620,,11818,19,4,,2,26,,11819,19,4,,2,65,,11820,19,4,,2
71304,'SEM',607,,11837,19,4,,2,29,,11826,19,4,,2,77,,11828,19,4,,2,27,,11821,19,4,,2,69,,11827,19,4,,2,30,,11838,19,4,,2,99,,11829,19,4,,2,95,,11831,19,4,,2,100,,11822,19,4,,2,100,,11824,19,4,,2,100,,11823,19,4,,2,100,,11825,19,4,,2,101,,11830,19,4,,2,89,,11839,19,4,,2,104,,11840,19,4,,2,98,,11841,19,4,,2,100,,11832,19,4,,2,99,,11842,19,4,,2,100,,11833,19,4,,2,100,,11834,19,4,,2,100,,11836,19,4,,2,109,,11835,19,4,,2
