20301,'DIM',1820,,4789,1,,,2,100,,4787,1,,,2,100,,4784,1,,,2,100,,4785,1,,,2,100,,4786,1,,,2,100,,4788,1,,,2
20301,'SAM',1820,,4793,1,,,2,100,,4790,1,,,2,100,,4791,1,,,2,100,,4792,1,,,2,100,,4794,1,,,2,100,,4795,1,,,2
20301,'SEM',1528,,5561,1,,,2,112,,4797,1,,,2,99,,4796,1,,,2,103,,4801,1,,,2,70,,4799,1,,,2,44,,4804,1,,,2,100,,4806,1,,,2,100,,4798,1,,,2,100,,4802,1,,,2,144,,4803,1,,,2,112,,4805,1,,,2
20302,'DIM',606,,4812,48,4,,2,100,,4813,48,4,,2,99,,4814,48,4,,2,1202,,4810,48,4,,2,100,,4807,48,4,,2,100,,4808,48,4,,2,100,,4809,48,4,,2,100,,4811,48,4,,2
20302,'SAM',606,,4820,48,4,,2,100,,4821,48,4,,2,99,,4822,48,4,,2,1202,,4815,48,4,,2,100,,4816,48,4,,2,100,,4817,48,4,,2,100,,4818,48,4,,2,100,,4819,48,4,,2
20302,'SEM',526,,4828,48,4,,2,87,,4829,48,4,,2,35,,4823,48,4,,2,81,,4825,48,4,,2,116,,4824,48,4,,2,1498,,4826,48,4,,2,103,,4827,48,4,,2
90301,'DIM',812,,5116,1,,,2,105,,5114,1,,,2,100,,5117,1,,,2,97,,5115,1,,,2,97,,5121,1,,,2,102,,5120,1,,,2,101,,5122,1,,,2,105,,5118,1,,,2,96,,5119,1,,,2,104,,5113,1,,,2
90301,'SAM',618,,5126,1,,,2,99,,5128,1,,,2,95,,5130,1,,,2,105,,5129,1,,,2,99,,5132,1,,,2,96,,5131,1,,,2,99,,5133,1,,,2,102,,5127,1,,,2,100,,5134,1,,,2,106,,5123,1,,,2,96,,5125,1,,,2,100,,5124,1,,,2
90301,'SEM',501,,5143,1,,,2,40,,5146,1,,,2,60,,5151,1,,,2,12,,5153,1,,,2,11,,5150,1,,,2,10,,5152,1,,,2,10,,5135,1,,,2,15,,5138,1,,,2,60,,5145,1,,,2,26,,5147,1,,,2,70,,5154,1,,,2,103,,5137,1,,,2,100,,5142,1,,,2,99,,5136,1,,,2,100,,5149,1,,,2,100,,5148,1,,,2,100,,5140,1,,,2,40,,5155,1,,,2,147,,5141,1,,,2,107,,5139,1,,,2,93,,5144,1,,,2
90302,'DIM',910,,5158,58,4,,2,100,,5160,58,4,,2,97,,5159,58,4,,2,97,,5165,58,4,,2,102,,5164,58,4,,2,101,,5166,58,4,,2,104,,5161,58,4,,2,97,,5162,58,4,,2,104,,5156,58,4,,2,100,,5163,58,4,,2,100,,5157,58,4,,2
90302,'SAM',910,,5173,58,4,,2,99,,5176,58,4,,2,96,,5175,58,4,,2,100,,5174,58,4,,2,101,,5172,58,4,,2,100,,5177,58,4,,2,105,,5167,58,4,,2,97,,5169,58,4,,2,100,,5168,58,4,,2,104,,5170,58,4,,2,100,,5171,58,4,,2
90302,'SEM',807,,5182,58,4,,2,102,,5179,58,4,,2,101,,5188,58,4,,2,99,,5178,58,4,,2,101,,5196,58,4,,2,99,,5195,58,4,,2,101,,5185,58,4,,2,40,,5197,58,4,,2,106,,5186,58,4,,2,56,,5184,58,4,,2,21,,5183,58,4,,2,69,,5180,58,4,,2,30,,5181,58,4,,2,70,,5187,58,4,,2,33,,5191,58,4,,2,69,,5190,58,4,,2,39,,5192,58,4,,2,106,,5194,58,4,,2,100,,5189,58,4,,2,97,,5193,58,4,,2
