4202,'DIM',511,,8661,78,,,2,41,,8702,78,,,2,66,,8672,78,,,2,30,,8660,78,,,2,71,,8684,78,,,2,30,,8682,78,,,2,73,,8703,78,,,2,32,,8687,78,,,2,71,,8683,78,,,2,31,,8691,78,,,2,71,,8695,78,,,2,23,,8701,78,,,2,62,,8697,78,,,2,21,,8688,78,,,2,22,,8693,78,,,2,59,,8689,78,,,2,20,,8692,78,,,2,18,,8677,78,,,2,63,,8680,78,,,2,20,,8679,78,,,2,22,,8681,78,,,2,59,,8686,78,,,2,20,,8685,78,,,2,18,,8705,78,,,2,62,,8698,78,,,2,21,,8694,78,,,2,21,,8690,78,,,2,61,,8700,78,,,2,19,,8665,78,,,2,20,,8666,78,,,2,61,,8667,78,,,2,23,,8699,78,,,2,76,,8696,78,,,2,35,,8704,78,,,2,69,,8676,78,,,2,30,,8663,78,,,2,72,,8662,78,,,2,30,,8671,78,,,2,68,,8659,78,,,2,27,,8668,78,,,2,68,,8678,78,,,2,28,,8664,78,,,2,71,,8670,78,,,2,30,,8674,78,,,2,67,,8675,78,,,2,30,,8669,78,,,2,76,,8673,78,,,2
4202,'SAM',511,,8708,78,,,2,41,,8710,78,,,2,66,,8728,78,,,2,30,,8706,78,,,2,71,,8736,78,,,2,30,,8734,78,,,2,73,,8711,78,,,2,32,,8742,78,,,2,71,,8738,78,,,2,31,,8737,78,,,2,71,,8741,78,,,2,23,,8753,78,,,2,62,,8747,78,,,2,21,,8751,78,,,2,21,,8746,78,,,2,60,,8749,78,,,2,20,,8731,78,,,2,18,,8744,78,,,2,62,,8735,78,,,2,21,,8727,78,,,2,21,,8733,78,,,2,60,,8707,78,,,2,20,,8740,78,,,2,18,,8739,78,,,2,62,,8732,78,,,2,21,,8743,78,,,2,21,,8709,78,,,2,60,,8745,78,,,2,19,,8748,78,,,2,21,,8714,78,,,2,61,,8750,78,,,2,23,,8752,78,,,2,75,,8720,78,,,2,35,,8722,78,,,2,70,,8724,78,,,2,30,,8726,78,,,2,75,,8712,78,,,2,27,,8715,78,,,2,68,,8729,78,,,2,27,,8717,78,,,2,68,,8719,78,,,2,31,,8713,78,,,2,67,,8716,78,,,2,30,,8718,78,,,2,68,,8721,78,,,2,30,,8723,78,,,2,76,,8725,78,,,2,30,,8730,78,,,2
4202,'SEM',511,,8792,78,,,2,97,,8794,78,,,2,33,,8798,78,,,2,16,,8801,78,,,2,56,,8754,78,,,2,10,,8756,78,,,2,11,,8759,78,,,2,9,,8762,78,,,2,10,,8800,78,,,2,52,,8797,78,,,2,21,,8757,78,,,2,18,,8771,78,,,2,61,,8758,78,,,2,22,,8802,78,,,2,22,,8799,78,,,2,59,,8760,78,,,2,21,,8793,78,,,2,20,,8755,78,,,2,59,,8796,78,,,2,21,,8764,78,,,2,20,,8787,78,,,2,61,,8795,78,,,2,24,,8765,78,,,2,17,,11969,78,,,2,64,,8767,78,,,2,20,,8769,78,,,2,20,,8770,78,,,2,63,,8763,78,,,2,17,,8772,78,,,2,21,,8773,78,,,2,60,,8774,78,,,2,21,,8761,78,,,2,21,,8776,78,,,2,60,,8803,78,,,2,20,,8779,78,,,2,20,,8780,78,,,2,60,,8781,78,,,2,21,,8783,78,,,2,17,,11965,78,,,2,63,,8786,78,,,2,20,,8766,78,,,2,63,,8775,78,,,2,24,,8768,78,,,2,19,,8790,78,,,2,70,,11968,78,,,2,85,,11967,78,,,2,36,,8791,78,,,2,67,,8777,78,,,2,29,,8778,78,,,2,69,,8782,78,,,2,26,,8784,78,,,2,76,,8789,78,,,2,27,,11966,78,,,2,71,,8788,78,,,2
4804,'DIM',609,,9283,60,,,1,110,,9287,60,,,1,103,,9284,60,,,1,109,,9288,60,,,1,106,,9291,60,,,1,101,,9274,60,,,1,103,,9285,60,,,1,100,,9286,60,,,1,97,,9290,60,,,1,105,,9276,60,,,1,101,,9289,60,,,1,101,,9275,60,,,1,97,,9281,60,,,1,96,,9277,60,,,1,94,,9282,60,,,1,97,,9279,60,,,1,100,,9278,60,,,1,95,,9280,60,,,1
4804,'SAM',609,,9302,60,,,1,110,,2518,60,,,1,103,,9304,60,,,1,108,,9306,60,,,1,107,,9310,60,,,1,101,,9303,60,,,1,102,,9309,60,,,1,100,,9305,60,,,1,97,,9307,60,,,1,106,,9308,60,,,1,101,,9295,60,,,1,101,,9298,60,,,1,97,,9296,60,,,1,96,,9299,60,,,1,94,,9293,60,,,1,97,,9292,60,,,1,98,,9294,60,,,1,97,,9300,60,,,1,97,,9301,60,,,1,33,,9297,60,,,1
4804,'SEM',540,,9313,60,,,1,81,,9330,60,,,1,32,,9311,60,,,1,72,,9314,60,,,1,27,,9318,60,,,1,79,,9332,60,,,1,70,,9331,60,,,1,30,,9334,60,,,1,70,,9321,60,,,1,31,,9320,60,,,1,71,,9315,60,,,1,101,,9322,60,,,1,100,,9333,60,,,1,100,,9319,60,,,1,102,,9316,60,,,1,39,,9312,60,,,1,107,,9317,60,,,1,96,,9327,60,,,1,67,,9329,60,,,1,103,,9325,60,,,1,114,,9328,60,,,1,99,,9323,60,,,1,98,,9324,60,,,1,96,,11983,60,,,1,97,,9326,60,,,1
5802,'DIM',626,,9883,58,,,2,101,,9890,58,,,2,93,,9887,58,,,2,100,,9891,58,,,2,100,,9894,58,,,2,99,,9886,58,,,2,101,,9896,58,,,2,100,,9893,58,,,2,102,,9889,58,,,2,99,,9892,58,,,2,101,,9888,58,,,2,99,,9882,58,,,2,101,,9895,58,,,2,100,,9879,58,,,2,99,,9885,58,,,2,98,,9881,58,,,2,98,,9880,58,,,2,98,,9884,58,,,2
5802,'SAM',626,,9914,58,,,2,101,,9906,58,,,2,93,,9905,58,,,2,100,,9910,58,,,2,100,,9908,58,,,2,99,,9911,58,,,2,101,,9913,58,,,2,100,,9897,58,,,2,99,,9904,58,,,2,101,,9909,58,,,2,101,,9907,58,,,2,101,,9912,58,,,2,100,,9899,58,,,2,100,,9902,58,,,2,99,,9898,58,,,2,98,,9903,58,,,2,98,,9900,58,,,2,98,,9901,58,,,2
5802,'SEM',546,,9932,58,,,2,75,,9926,58,,,2,22,,9925,58,,,2,80,,9933,58,,,2,35,,9935,58,,,2,69,,9918,58,,,2,73,,9917,58,,,2,43,,9921,58,,,2,100,,9936,58,,,2,100,,9915,58,,,2,100,,9922,58,,,2,100,,9934,58,,,2,100,,9916,58,,,2,65,,9919,58,,,2,30,,9923,58,,,2,104,,9929,58,,,2,71,,9920,58,,,2,93,,9924,58,,,2,96,,9930,58,,,2,98,,11992,58,,,2,100,,9931,58,,,2,57,,9928,58,,,2,99,,9927,58,,,2
7001,'DIM',742,,10584,78,,,1,101,,10574,78,,,1,99,,10582,78,,,1,100,,10585,78,,,1,69,,10588,78,,,1,31,,10583,78,,,1,70,,10590,78,,,1,28,,10589,78,,,1,70,,10586,78,,,1,35,,10587,78,,,1,69,,10591,78,,,1,27,,10567,78,,,1,74,,10592,78,,,1,25,,10570,78,,,1,75,,10571,78,,,1,27,,10572,78,,,1,73,,10569,78,,,1,33,,10575,78,,,1,73,,10578,78,,,1,30,,10573,78,,,1,94,,10579,78,,,1,98,,10576,78,,,1,100,,10568,78,,,1,99,,10580,78,,,1,100,,10581,78,,,1,99,,10577,78,,,1
7001,'SAM',742,,10609,78,,,1,101,,10614,78,,,1,99,,10616,78,,,1,100,,10617,78,,,1,68,,10615,78,,,1,32,,10593,78,,,1,69,,10618,78,,,1,29,,10613,78,,,1,70,,10594,78,,,1,34,,10610,78,,,1,68,,10595,78,,,1,33,,10611,78,,,1,70,,10597,78,,,1,25,,10612,78,,,1,73,,10600,78,,,1,29,,10602,78,,,1,73,,10599,78,,,1,34,,10601,78,,,1,72,,10605,78,,,1,30,,10603,78,,,1,94,,10607,78,,,1,98,,10596,78,,,1,100,,10598,78,,,1,98,,10608,78,,,1,101,,10606,78,,,1,99,,10604,78,,,1
7001,'SEM',553,,10645,78,,,1,73,,10623,78,,,1,29,,10646,78,,,1,58,,10647,78,,,1,19,,10642,78,,,1,68,,10653,78,,,1,24,,10634,78,,,1,24,,10620,78,,,1,69,,10652,78,,,1,30,,10649,78,,,1,71,,10650,78,,,1,29,,10631,78,,,1,71,,10654,78,,,1,29,,10622,78,,,1,72,,10627,78,,,1,28,,10651,78,,,1,70,,10621,78,,,1,30,,10619,78,,,1,72,,10648,78,,,1,30,,10626,78,,,1,79,,10629,78,,,1,24,,10625,78,,,1,51,,10632,78,,,1,49,,10624,78,,,1,77,,10636,78,,,1,27,,10639,78,,,1,73,,10640,78,,,1,25,,10628,78,,,1,78,,10637,78,,,1,84,,10633,78,,,1,33,,10630,78,,,1,108,,10638,78,,,1,99,,10635,78,,,1,99,,10643,78,,,1,99,,10641,78,,,1,167,,10644,78,,,1
