2201,'DIM',643,,7194,39,,,2,101,,7198,39,,,2,104,,7197,39,,,2,99,,7196,39,,,2,101,,7193,39,,,2,99,,7195,39,,,2,101,,7200,39,,,2,102,,7202,39,,,2,96,,7199,39,,,2,105,,7201,39,,,2,99,,7187,39,,,2,100,,7189,39,,,2,97,,7188,39,,,2,102,,7191,39,,,2,100,,7190,39,,,2,100,,7192,39,,,2
2201,'SAM',643,,7211,39,,,2,101,,7213,39,,,2,104,,7210,39,,,2,99,,7212,39,,,2,102,,7215,39,,,2,99,,7219,39,,,2,101,,7218,39,,,2,101,,7214,39,,,2,96,,7216,39,,,2,102,,7217,39,,,2,102,,7204,39,,,2,101,,7207,39,,,2,96,,7205,39,,,2,102,,7203,39,,,2,100,,7209,39,,,2,100,,7208,39,,,2,100,,7206,39,,,2
2201,'SEM',638,,7234,39,,,2,100,,7223,39,,,2,94,,7221,39,,,2,80,,7220,39,,,2,34,,7236,39,,,2,101,,7222,39,,,2,100,,7235,39,,,2,100,,7237,39,,,2,100,,7225,39,,,2,96,,7226,39,,,2,105,,7224,39,,,2,100,,7230,39,,,2,100,,7228,39,,,2,99,,7227,39,,,2,98,,7229,39,,,2,104,,7233,39,,,2,100,,7231,39,,,2,95,,7232,39,,,2,98,,7238,39,,,2
5001,'DIM',545,,9340,46,,,1,100,,9348,46,,,1,101,,9336,46,,,1,98,,9353,46,,,1,101,,9345,46,,,1,73,,9355,46,,,1,37,,9347,46,,,1,64,,9360,46,,,1,39,,9358,46,,,1,62,,9359,46,,,1,35,,9361,46,,,1,69,,9346,46,,,1,32,,9349,46,,,1,76,,9362,46,,,1,69,,9351,46,,,1,34,,9350,46,,,1,70,,9356,46,,,1,23,,9354,46,,,1,74,,9352,46,,,1,41,,9357,46,,,1,58,,9338,46,,,1,99,,9341,46,,,1,58,,9344,46,,,1,100,,9337,46,,,1,99,,9342,46,,,1,98,,9339,46,,,1,100,,9343,46,,,1
5001,'SAM',545,,9370,46,,,1,100,,9373,46,,,1,101,,9364,46,,,1,98,,9385,46,,,1,101,,9383,46,,,1,79,,9388,46,,,1,30,,9381,46,,,1,65,,9365,46,,,1,39,,9389,46,,,1,62,,9387,46,,,1,35,,9366,46,,,1,69,,9377,46,,,1,32,,9379,46,,,1,76,,9382,46,,,1,69,,9378,46,,,1,34,,9380,46,,,1,70,,9368,46,,,1,23,,9369,46,,,1,74,,9363,46,,,1,39,,9384,46,,,1,61,,9386,46,,,1,98,,9374,46,,,1,58,,9376,46,,,1,100,,9375,46,,,1,99,,9371,46,,,1,98,,9367,46,,,1,100,,9372,46,,,1
5001,'SEM',536,,9411,46,,,1,107,,9416,46,,,1,76,,9412,46,,,1,24,,9391,46,,,1,77,,9390,46,,,1,24,,9393,46,,,1,71,,9419,46,,,1,26,,9420,46,,,1,73,,9415,46,,,1,27,,9392,46,,,1,73,,9396,46,,,1,28,,9414,46,,,1,72,,9402,46,,,1,32,,9417,46,,,1,70,,9397,46,,,1,32,,9413,46,,,1,68,,9418,46,,,1,30,,9395,46,,,1,84,,9394,46,,,1,27,,9405,46,,,1,76,,9398,46,,,1,70,,9399,46,,,1,29,,9404,46,,,1,26,,9400,46,,,1,75,,9403,46,,,1,69,,9406,46,,,1,35,,9407,46,,,1,104,,9421,46,,,1,103,,9401,46,,,1,103,,9409,46,,,1,105,,9408,46,,,1,106,,9410,46,,,1,89,,9422,36,,,1
5801,'DIM',546,,9832,54,,,2,101,,9814,54,,,2,91,,9823,54,,,2,100,,9826,54,,,2,99,,9829,54,,,2,100,,9822,54,,,2,102,,9831,54,,,2,98,,9828,54,,,2,103,,9825,54,,,2,99,,9827,54,,,2,102,,9824,54,,,2,99,,9817,54,,,2,101,,9830,54,,,2,99,,9813,54,,,2,99,,9821,54,,,2,99,,9816,54,,,2,100,,9815,54,,,2,100,,9819,54,,,2,99,,9818,54,,,2,110,,9820,54,,,2
5801,'SAM',546,,9852,54,,,2,101,,9844,54,,,2,91,,9843,54,,,2,100,,9848,54,,,2,100,,9846,54,,,2,99,,9849,54,,,2,102,,9851,54,,,2,98,,9833,54,,,2,101,,9842,54,,,2,101,,9847,54,,,2,101,,9845,54,,,2,101,,9850,54,,,2,100,,9836,54,,,2,100,,9840,54,,,2,98,,9834,54,,,2,99,,9841,54,,,2,100,,9837,54,,,2,100,,9839,54,,,2,99,,9835,54,,,2,110,,9838,54,,,2
5801,'SEM',537,,9866,54,,,2,68,,9863,54,,,2,42,,9875,54,,,2,84,,9864,54,,,2,86,,9870,54,,,2,85,,9857,54,,,2,99,,9876,54,,,2,100,,9853,54,,,2,100,,9858,54,,,2,100,,9874,54,,,2,100,,9854,54,,,2,47,,9865,54,,,2,71,,9855,54,,,2,32,,9877,54,,,2,69,,9860,54,,,2,35,,9862,54,,,2,69,,9861,54,,,2,27,,9856,54,,,2,69,,9873,54,,,2,29,,9859,54,,,2,70,,9872,54,,,2,100,,9878,54,,,2,99,,9868,54,,,2,99,,9867,54,,,2,100,,9869,54,,,2,98,,9871,54,,,2
22201,'DIM',1415,,11652,39,,,2,815,,11650,39,,,2,83,,11651,39,,,2
22201,'SAM',1415,,11657,39,,,2,815,,11653,39,,,2,83,,11654,39,,,2,100,,11656,39,,,2,112,,11655,39,,,2
22201,'SEM',718,,11658,39,,,2,10,,11659,39,,,2,683,,11660,39,,,2,100,,11661,39,,,2,106,,11665,39,,,2,100,,11663,39,,,2,90,,11662,39,,,2,625,,11664,39,,,2
32201,'DIM',524,,11767,40,,,2,801,,11769,39,,,2,802,,11768,39,,,2
32201,'SAM',524,,11770,40,,,2,801,,11771,39,,,2
32201,'SEM',525,,11772,40,,,2,19,,11773,40,,,2,67,,11774,40,,,2,715,,11775,39,,,2,801,,11776,39,,,2
