1703,'DIM',628,,6972,30,,,1,89,,6965,30,,,1,100,,100,30,,,1,102,,6967,30,,,1,97,,6968,30,,,1,101,,6964,30,,,1,100,,6970,30,,,1,99,,6966,30,,,1,102,,6969,30,,,1,100,,6971,30,,,1,102,,6954,30,,,1,98,,6958,30,,,1,99,,6957,30,,,1,101,,6956,30,,,1,98,,6959,30,,,1,99,,6962,30,,,1,100,,6955,30,,,1,100,,6960,30,,,1,102,,6961,30,,,1,118,,6963,30,,,1
1703,'SAM',550,,6984,30,,,1,78,,6990,30,,,1,89,,121,30,,,1,100,,6981,30,,,1,102,,6983,30,,,1,97,,6985,30,,,1,100,,6989,30,,,1,101,,6987,30,,,1,100,,6982,30,,,1,101,,6988,30,,,1,100,,6986,30,,,1,102,,6991,30,,,1,99,,6992,30,,,1,99,,6973,30,,,1,100,,6978,30,,,1,98,,6975,30,,,1,99,,6974,30,,,1,100,,6976,30,,,1,100,,6979,30,,,1,102,,6980,30,,,1,118,,6977,30,,,1
1703,'SEM',610,,7010,30,,,1,103,,7012,30,,,1,106,,7011,30,,,1,96,,6996,30,,,1,101,,7009,30,,,1,100,,7008,30,,,1,100,,7014,30,,,1,101,,6997,30,,,1,100,,6994,30,,,1,99,,7013,30,,,1,35,,7016,30,,,1,60,,7015,30,,,1,36,,6993,30,,,1,63,,7004,30,,,1,37,,6995,30,,,1,79,,6998,30,,,1,30,,7001,30,,,1,68,,7006,30,,,1,99,,7007,30,,,1,100,,6999,30,,,1,100,,7000,30,,,1,99,,7002,30,,,1,99,,7003,30,,,1,103,,7005,30,,,1
3103,'DIM',647,,7902,32,,,1,100,,7901,32,,,1,100,,1058,32,,,1,99,,7906,32,,,1,100,,7905,32,,,1,100,,7903,32,,,1,102,,7892,32,,,1,101,,7904,32,,,1,99,,7891,32,,,1,101,,7890,32,,,1,99,,7895,32,,,1,98,,7897,32,,,1,103,,7896,32,,,1,96,,7898,32,,,1,101,,7894,32,,,1,100,,7893,32,,,1,100,,7899,32,,,1,100,,7900,32,,,1
3103,'SAM',647,,7919,32,,,1,100,,7918,32,,,1,100,,1075,32,,,1,99,,7923,32,,,1,100,,7924,32,,,1,100,,7920,32,,,1,100,,7916,32,,,1,102,,7921,32,,,1,100,,7917,32,,,1,101,,7922,32,,,1,100,,7911,32,,,1,98,,7913,32,,,1,100,,7909,32,,,1,99,,7914,32,,,1,100,,7907,32,,,1,100,,7908,32,,,1,100,,7910,32,,,1,101,,7912,32,,,1,95,,7915,32,,,1
3103,'SEM',643,,7946,32,,,1,100,,7944,32,,,1,100,,7945,32,,,1,101,,7925,32,,,1,101,,7926,32,,,1,100,,7928,32,,,1,100,,7947,32,,,1,100,,7927,32,,,1,102,,7932,32,,,1,98,,7933,32,,,1,11,,7934,32,,,1,77,,7929,32,,,1,69,,7938,32,,,1,40,,7935,32,,,1,68,,7931,32,,,1,36,,7943,32,,,1,69,,7930,32,,,1,36,,7942,32,,,1,100,,7936,32,,,1,101,,7939,32,,,1,100,,7940,32,,,1,96,,7937,32,,,1,154,,7941,32,,,1
3903,'DIM',850,,1407,43,,,1,100,,8236,53,,,1,70,,8241,53,,,1,31,,8242,53,,,1,70,,8239,53,,,1,34,,8240,53,,,1,66,,8243,53,,,1,29,,8233,53,,,1,71,,8237,53,,,1,30,,8234,53,,,1,71,,8220,53,,,1,30,,8223,53,,,1,72,,8226,53,,,1,30,,8238,53,,,1,71,,8227,53,,,1,30,,8228,53,,,1,65,,8229,53,,,1,18,,8235,53,,,1,10,,8230,53,,,1,64,,8224,53,,,1,25,,8231,53,,,1,98,,8221,53,,,1,100,,8232,53,,,1,98,,8222,53,,,1,104,,8225,53,,,1
3903,'SAM',850,,8268,43,,,1,100,,8263,53,,,1,70,,8267,53,,,1,31,,8244,53,,,1,70,,8258,53,,,1,34,,8261,53,,,1,66,,8260,53,,,1,30,,8245,53,,,1,70,,8259,53,,,1,30,,8262,53,,,1,71,,8246,53,,,1,30,,8265,53,,,1,72,,8249,53,,,1,30,,8250,53,,,1,71,,8252,53,,,1,30,,8266,53,,,1,65,,8253,53,,,1,18,,8264,53,,,1,11,,8251,53,,,1,63,,8248,53,,,1,29,,8247,53,,,1,96,,8255,53,,,1,98,,8254,53,,,1,98,,8257,53,,,1,104,,8256,53,,,1
3903,'SEM',742,,8291,53,,,1,101,,8273,53,,,1,104,,8271,53,,,1,72,,8275,53,,,1,29,,8292,53,,,1,71,,8293,53,,,1,29,,8286,53,,,1,71,,8290,53,,,1,28,,8294,53,,,1,78,,8270,53,,,1,33,,8277,53,,,1,67,,8279,53,,,1,32,,8280,53,,,1,75,,8269,53,,,1,78,,8287,53,,,1,23,,8281,53,,,1,68,,8272,53,,,1,25,,8274,53,,,1,33,,8282,53,,,1,79,,8283,53,,,1,79,,8276,53,,,1,98,,8278,53,,,1,95,,8284,53,,,1,103,,8288,53,,,1,95,,8285,53,,,1,48,,8289,53,,,1
7303,'DIM',702,,10755,30,,,1,100,,10752,30,,,1,101,,10753,30,,,1,98,,10756,30,,,1,100,,10759,30,,,1,100,,10754,30,,,1,101,,10757,30,,,1,102,,10751,30,,,1,99,,10758,30,,,1,102,,10760,30,,,1,99,,10745,30,,,1,99,,10742,30,,,1,100,,10748,30,,,1,98,,10744,30,,,1,100,,10743,30,,,1,100,,10746,30,,,1,99,,10747,30,,,1,102,,10750,30,,,1,105,,10749,30,,,1
7303,'SAM',608,,10775,30,,,1,94,,10772,30,,,1,100,,10771,30,,,1,101,,10776,30,,,1,98,,10778,30,,,1,101,,10774,30,,,1,99,,10764,30,,,1,101,,10777,30,,,1,102,,10773,30,,,1,99,,10779,30,,,1,102,,10780,30,,,1,101,,10763,30,,,1,98,,10761,30,,,1,98,,10762,30,,,1,99,,10766,30,,,1,100,,10765,30,,,1,100,,4040,30,,,1,99,,10767,30,,,1,102,,4041,30,,,1,105,,10768,30,,,1,100,,10770,30,,,1,100,,10769,30,,,1
7303,'SEM',556,,10817,30,,,1,66,,10814,30,,,1,79,,10813,30,,,1,10,,10818,30,,,1,39,,10807,30,,,1,56,,10783,30,,,1,43,,10815,30,,,1,52,,10782,30,,,1,30,,10800,30,,,1,71,,10816,30,,,1,29,,10784,30,,,1,71,,10789,30,,,1,29,,10799,30,,,1,72,,10790,30,,,1,30,,10819,30,,,1,70,,10785,30,,,1,30,,10788,30,,,1,70,,10794,30,,,1,30,,10781,30,,,1,70,,10791,30,,,1,35,,10820,30,,,1,65,,10801,30,,,1,15,,10793,30,,,1,21,,10786,30,,,1,16,,10787,30,,,1,63,,10797,30,,,1,16,,10795,30,,,1,70,,10808,30,,,1,14,,10796,30,,,1,16,,10792,30,,,1,72,,10802,30,,,1,30,,10805,30,,,1,72,,10798,30,,,1,99,,10810,30,,,1,100,,10803,30,,,1,99,,10809,30,,,1,99,,10804,30,,,1,41,,10806,30,,,1,95,,10811,30,,,1,161,,10812,30,,,1
7401,'DIM',732,,10911,30,,,2,100,,10912,30,,,2,102,,10915,30,,,2,98,,10914,30,,,2,101,,10916,30,,,2,100,,10913,30,,,2,101,,10910,30,,,2,99,,10909,30,,,2,102,,10917,30,,,2,98,,10903,30,,,2,102,,10904,30,,,2,99,,10906,30,,,2,98,,10907,30,,,2,99,,10908,30,,,2,101,,10902,30,,,2,99,,10901,30,,,2,100,,10905,30,,,2
7401,'SAM',732,,10926,30,,,2,100,,10928,30,,,2,102,,10927,30,,,2,99,,10930,30,,,2,100,,10932,30,,,2,100,,10934,30,,,2,102,,10929,30,,,2,98,,10933,30,,,2,101,,10931,30,,,2,99,,10918,30,,,2,101,,10921,30,,,2,101,,10923,30,,,2,98,,10922,30,,,2,98,,10924,30,,,2,101,,10919,30,,,2,99,,10925,30,,,2,100,,10920,30,,,2
7401,'SEM',635,,10950,30,,,2,96,,10935,30,,,2,101,,10949,30,,,2,103,,10939,30,,,2,101,,10940,30,,,2,101,,10953,30,,,2,100,,10938,30,,,2,101,,10952,30,,,2,100,,10951,30,,,2,93,,10937,30,,,2,94,,10941,30,,,2,101,,10936,30,,,2,30,,10943,30,,,2,83,,10948,30,,,2,99,,10942,30,,,2,101,,10945,30,,,2,100,,10946,30,,,2,99,,10944,30,,,2,99,,12005,30,,,2,95,,10947,30,,,2
