2202,'DIM',728,,383,37,,,2,100,,382,37,,,2,100,,381,37,,,2,100,,387,37,,,2,101,,384,37,,,2,100,,386,37,,,2,96,,385,37,,,2,106,,380,37,,,2,98,,374,37,,,2,114,,388,37,,,2,88,,376,37,,,2,100,,377,37,,,2,98,,379,37,,,2,101,,378,37,,,2,100,,373,37,,,2,100,,375,37,,,2
2202,'SAM',630,,405,21,,,2,98,,399,37,,,2,100,,396,37,,,2,100,,395,37,,,2,98,,401,37,,,2,103,,400,37,,,2,100,,398,37,,,2,96,,404,37,,,2,104,,397,37,,,2,100,,403,37,,,2,112,,402,37,,,2,90,,390,37,,,2,100,,392,37,,,2,98,,389,37,,,2,101,,391,37,,,2,100,,394,37,,,2,100,,393,37,,,2
2202,'SEM',605,,416,37,,,2,18,,418,37,,,2,105,,425,37,,,2,31,,414,37,,,2,70,,406,37,,,2,98,,408,37,,,2,31,,407,37,,,2,69,,426,37,,,2,101,,412,37,,,2,100,,424,37,,,2,100,,427,37,,,2,102,,411,37,,,2,100,,413,37,,,2,102,,409,37,,,2,24,,410,37,,,2,75,,417,37,,,2,99,,415,37,,,2,100,,423,37,,,2,101,,422,37,,,2,98,,420,37,,,2,107,,419,37,,,2,96,,421,37,,,2
5002,'DIM',607,,2603,14,,,1,100,,2587,14,,,1,100,,2585,14,,,1,96,,2601,14,,,1,107,,2594,14,,,1,25,,2604,14,,,1,77,,2596,14,,,1,24,,2608,14,,,1,79,,2606,14,,,1,22,,2607,14,,,1,75,,2609,14,,,1,29,,2595,14,,,1,72,,2597,14,,,1,36,,2610,14,,,1,69,,2599,14,,,1,34,,2598,14,,,1,70,,2605,14,,,1,26,,2602,14,,,1,71,,2600,14,,,1,100,,2588,14,,,1,99,,2590,14,,,1,99,,2593,14,,,1,99,,2586,14,,,1,98,,2591,14,,,1,98,,2589,14,,,1,100,,2592,14,,,1
5002,'SAM',607,,2618,14,,,1,100,,2621,14,,,1,100,,2612,14,,,1,99,,2633,14,,,1,104,,2632,14,,,1,25,,2631,14,,,1,76,,2629,14,,,1,25,,2613,14,,,1,79,,2636,14,,,1,22,,2635,14,,,1,75,,2614,14,,,1,29,,2625,14,,,1,72,,2627,14,,,1,36,,2630,14,,,1,69,,2626,14,,,1,34,,2628,14,,,1,70,,2616,14,,,1,26,,2617,14,,,1,71,,2611,14,,,1,100,,2634,14,,,1,99,,2622,14,,,1,99,,2624,14,,,1,99,,2623,14,,,1,98,,2619,14,,,1,98,,2615,14,,,1,100,,2620,14,,,1
5002,'SEM',455,,2643,14,,,1,75,,2665,14,,,1,70,,2661,14,,,1,30,,2637,14,,,1,75,,2669,14,,,1,31,,2662,14,,,1,64,,2638,14,,,1,35,,2655,14,,,1,66,,2641,14,,,1,31,,2667,14,,,1,26,,2668,14,,,1,73,,2664,14,,,1,27,,2640,14,,,1,73,,5587,14,,,1,28,,2663,14,,,1,72,,2652,14,,,1,72,,2666,14,,,1,30,,2645,14,,,1,70,,2648,14,,,1,41,,2639,14,,,1,67,,5545,14,,,1,37,,2642,14,,,1,73,,2656,14,,,1,30,,2646,14,,,1,70,,2647,14,,,1,30,,2654,14,,,1,70,,2650,14,,,1,30,,2653,14,,,1,105,,2657,14,,,1,145,,5241,14,,,1,101,,2651,14,,,1,110,,2659,14,,,1,105,,2658,14,,,1,98,,2660,14,,,1
5802,'DIM',606,,3047,14,,,2,100,,3054,14,,,2,51,,3051,14,,,2,100,,3055,14,,,2,100,,3058,14,,,2,99,,3050,14,,,2,101,,3060,14,,,2,100,,3057,14,,,2,101,,3053,14,,,2,99,,3056,14,,,2,101,,3052,14,,,2,99,,3046,14,,,2,101,,3059,14,,,2,101,,3043,14,,,2,100,,3049,14,,,2,99,,3045,14,,,2,99,,3044,14,,,2,99,,3048,14,,,2
5802,'SAM',606,,3078,14,,,2,100,,3070,14,,,2,51,,3069,14,,,2,100,,3074,14,,,2,100,,3072,14,,,2,99,,3075,14,,,2,101,,3077,14,,,2,100,,3061,14,,,2,98,,3068,14,,,2,101,,3073,14,,,2,101,,3071,14,,,2,101,,3076,14,,,2,100,,3063,14,,,2,101,,3066,14,,,2,100,,3062,14,,,2,99,,3067,14,,,2,99,,3064,14,,,2,99,,3065,14,,,2
5802,'SEM',525,,3096,14,,,2,34,,3090,14,,,2,62,,3089,14,,,2,79,,3097,14,,,2,35,,3099,14,,,2,69,,3082,14,,,2,33,,5550,14,,,2,83,,3085,14,,,2,99,,3100,14,,,2,100,,3079,14,,,2,100,,3086,14,,,2,100,,3098,14,,,2,101,,3080,14,,,2,25,,3083,14,,,2,69,,3087,14,,,2,103,,3093,14,,,2,33,,3084,14,,,2,93,,3088,14,,,2,96,,3094,14,,,2,100,,5247,14,,,2,100,,3095,14,,,2,98,,3092,14,,,2,99,,3091,14,,,2
22202,'DIM',1442,,4846,26,,,2
22202,'SAM',1442,,4849,26,,,2,898,,4847,26,,,2,100,,4848,26,,,2
22202,'SEM',542,,4856,26,,,2,159,,4851,26,,,2,41,,4852,26,,,2,767,,4855,26,,,2,35,,4850,26,,,2,703,,4853,26,,,2,65,,4854,26,,,2
32202,'SAM',2555,,4960,20,,,2
32202,'SEM',2423,,4961,20,,,2,84,,4962,20,,,2
