1704,'DIM',509,,160,38,,,1,50,,161,38,,,1,141,,166,38,,,1,103,,159,38,,,1,101,,164,38,,,1,100,,163,38,,,1,101,,165,38,,,1,100,,167,38,,,1,101,,168,38,,,1,101,,162,38,,,1,102,,148,38,,,1,99,,149,38,,,1,100,,152,38,,,1,101,,154,38,,,1,98,,153,38,,,1,98,,151,38,,,1,100,,155,38,,,1,98,,158,38,,,1,99,,150,38,,,1,99,,156,38,,,1,56,,157,38,,,1
1704,'SAM',509,,181,38,,,1,50,,182,38,,,1,141,,188,38,,,1,103,,185,38,,,1,101,,180,38,,,1,100,,184,38,,,1,101,,189,38,,,1,100,,187,38,,,1,101,,186,38,,,1,101,,183,38,,,1,101,,170,38,,,1,100,,171,38,,,1,101,,173,38,,,1,100,,175,38,,,1,98,,169,38,,,1,98,,177,38,,,1,100,,174,38,,,1,98,,172,38,,,1,99,,176,38,,,1,99,,178,38,,,1,56,,179,38,,,1
1704,'SEM',521,,204,38,,,1,94,,208,38,,,1,22,,211,38,,,1,22,,191,38,,,1,67,,195,38,,,1,75,,196,38,,,1,21,,190,38,,,1,98,,193,38,,,1,85,,194,38,,,1,100,,197,38,,,1,100,,207,38,,,1,100,,209,38,,,1,100,,199,38,,,1,102,,210,38,,,1,101,,192,38,,,1,105,,200,38,,,1,95,,198,38,,,1,97,,201,38,,,1,101,,206,38,,,1,100,,5222,38,,,1,99,,202,38,,,1,100,,203,38,,,1,99,,205,38,,,1
2704,'DIM',755,,991,43,,,2,101,,992,43,,,2,100,,987,43,,,2,99,,989,43,,,2,98,,990,43,,,2,103,,986,43,,,2,95,,993,43,,,2,107,,988,43,,,2,100,,979,43,,,2,100,,983,43,,,2,100,,984,43,,,2,99,,980,43,,,2,100,,982,43,,,2,98,,981,43,,,2,100,,985,43,,,2,100,,978,43,,,2
2704,'SAM',655,,1006,43,,,2,100,,1002,43,,,2,101,,1003,43,,,2,100,,1001,43,,,2,99,,1010,43,,,2,100,,1005,43,,,2,101,,1008,43,,,2,94,,1004,43,,,2,108,,1007,43,,,2,100,,997,43,,,2,100,,998,43,,,2,93,,1000,43,,,2,106,,1009,43,,,2,100,,996,43,,,2,98,,999,43,,,2,100,,994,43,,,2,100,,995,43,,,2
2704,'SEM',618,,1032,43,,,2,28,,1012,43,,,2,68,,1029,43,,,2,28,,1015,43,,,2,67,,1016,43,,,2,28,,1034,43,,,2,66,,1031,43,,,2,49,,1030,43,,,2,100,,1019,43,,,2,148,,1011,43,,,2,55,,1033,43,,,2,88,,1014,43,,,2,106,,1013,43,,,2,107,,1024,43,,,2,77,,1025,43,,,2,80,,1020,43,,,2,13,,1017,43,,,2,30,,1018,43,,,2,71,,1022,43,,,2,75,,1027,43,,,2,100,,1023,43,,,2,45,,1026,43,,,2,96,,1021,43,,,2,104,,1028,43,,,2
3104,'DIM',629,,1107,48,,,1,104,,1108,48,,,1,100,,1106,48,,,1,101,,1112,48,,,1,101,,1113,48,,,1,100,,1111,48,,,1,100,,1109,48,,,1,103,,1097,48,,,1,101,,1110,48,,,1,100,,1096,48,,,1,101,,1095,48,,,1,99,,1100,48,,,1,98,,1102,48,,,1,102,,1101,48,,,1,96,,1103,48,,,1,99,,1099,48,,,1,99,,1098,48,,,1,98,,1104,48,,,1,102,,1105,48,,,1
3104,'SAM',529,,1130,48,,,1,100,,1123,48,,,1,104,,1126,48,,,1,100,,1125,48,,,1,101,,1128,48,,,1,101,,1132,48,,,1,100,,1133,48,,,1,100,,1127,48,,,1,102,,1122,48,,,1,101,,1129,48,,,1,101,,1124,48,,,1,101,,1131,48,,,1,100,,1118,48,,,1,98,,1120,48,,,1,99,,1116,48,,,1,99,,1121,48,,,1,98,,1114,48,,,1,99,,1115,48,,,1,98,,1117,48,,,1,102,,1119,48,,,1
3104,'SEM',453,,1142,48,,,1,77,,1143,48,,,1,92,,1154,48,,,1,21,,1156,48,,,1,63,,1136,48,,,1,34,,1155,48,,,1,68,,1152,48,,,1,29,,1150,48,,,1,75,,1151,48,,,1,22,,1153,48,,,1,100,,1134,48,,,1,102,,1135,48,,,1,100,,1138,48,,,1,101,,1157,48,,,1,100,,1137,48,,,1,102,,1140,48,,,1,100,,1141,48,,,1,96,,1139,48,,,1,103,,1144,48,,,1,97,,1149,48,,,1,105,,1148,48,,,1,99,,1145,48,,,1,101,,1146,48,,,1,100,,1147,48,,,1
3904,'DIM',839,,1465,48,,,1,112,,1459,48,,,1,82,,1466,48,,,1,70,,1469,48,,,1,33,,1460,48,,,1,67,,1458,48,,,1,33,,1468,48,,,1,69,,1463,48,,,1,34,,1452,48,,,1,67,,1467,48,,,1,30,,1461,48,,,1,71,,1462,48,,,1,32,,1451,48,,,1,70,,1464,48,,,1,31,,1447,48,,,1,71,,1448,48,,,1,28,,1453,48,,,1,68,,1454,48,,,1,29,,1455,48,,,1,83,,1456,48,,,1,98,,1449,48,,,1,100,,1457,48,,,1,100,,1450,48,,,1
3904,'SAM',839,,1485,48,,,1,112,,1478,48,,,1,82,,1489,48,,,1,70,,1479,48,,,1,30,,1470,48,,,1,70,,1476,48,,,1,36,,1482,48,,,1,66,,1480,48,,,1,34,,1486,48,,,1,67,,1477,48,,,1,30,,1483,48,,,1,71,,1484,48,,,1,31,,1490,48,,,1,71,,1481,48,,,1,32,,1487,48,,,1,64,,1488,48,,,1,34,,1491,48,,,1,68,,1492,48,,,1,29,,1471,48,,,1,86,,1472,48,,,1,97,,1474,48,,,1,98,,1473,48,,,1,100,,1475,48,,,1
3904,'SEM',633,,1516,48,,,1,67,,1509,48,,,1,14,,1515,48,,,1,11,,1497,48,,,1,30,,1512,48,,,1,71,,1493,48,,,1,31,,1510,48,,,1,70,,1517,48,,,1,75,,5391,48,,,1,28,,5455,48,,,1,73,,5392,48,,,1,30,,5393,48,,,1,71,,1513,48,,,1,28,,1504,48,,,1,72,,1508,48,,,1,27,,1514,48,,,1,78,,1494,48,,,1,34,,1499,48,,,1,70,,1501,48,,,1,31,,1502,48,,,1,102,,1518,48,,,1,110,,1505,48,,,1,98,,1506,48,,,1,104,,1498,48,,,1,100,,1500,48,,,1,94,,1503,48,,,1
4304,'DIM',505,,2049,23,,,1,103,,2043,23,,,1,100,,2039,23,,,1,102,,2041,23,,,1,102,,2046,23,,,1,100,,2044,23,,,1,106,,2045,23,,,1,100,,2042,23,,,1,100,,2050,23,,,1,100,,2047,23,,,1,104,,2048,23,,,1,99,,2031,23,,,1,99,,2032,23,,,1,101,,2034,23,,,1,94,,2037,23,,,1,98,,2036,23,,,1,99,,2033,23,,,1,99,,2035,23,,,1,100,,2040,23,,,1,100,,2038,23,,,1
4304,'SAM',505,,2068,23,,,1,103,,2065,23,,,1,100,,2062,23,,,1,102,,2052,23,,,1,102,,2069,23,,,1,100,,2053,23,,,1,106,,2054,23,,,1,100,,2066,23,,,1,100,,2063,23,,,1,100,,2070,23,,,1,103,,2064,23,,,1,101,,2067,23,,,1,98,,2051,23,,,1,97,,2071,23,,,1,98,,2058,23,,,1,98,,2055,23,,,1,99,,2059,23,,,1,99,,2056,23,,,1,100,,2057,23,,,1,100,,2061,23,,,1,98,,2060,23,,,1
4304,'SEM',522,,2091,23,,,1,35,,2097,23,,,1,75,,2072,23,,,1,25,,2074,23,,,1,61,,2095,23,,,1,31,,2073,23,,,1,73,,2096,23,,,1,33,,2077,23,,,1,75,,2092,23,,,1,28,,2098,23,,,1,71,,2076,23,,,1,30,,2093,23,,,1,70,,5543,23,,,1,30,,2079,23,,,1,70,,2100,23,,,1,30,,2099,23,,,1,70,,2094,23,,,1,72,,2080,23,,,1,29,,2081,23,,,1,70,,2085,23,,,1,36,,2101,23,,,1,65,,2075,23,,,1,26,,2082,23,,,1,30,,2078,23,,,1,97,,2084,23,,,1,97,,2087,23,,,1,100,,2089,23,,,1,101,,2090,23,,,1,99,,5232,23,,,1,101,,5233,23,,,1,150,,2086,23,,,1,20,,2088,23,,,1
7304,'DIM',544,,4008,66,,,1,70,,3997,66,,,1,103,,4001,66,,,1,101,,4004,66,,,1,101,,4000,66,,,1,101,,4002,66,,,1,100,,4005,66,,,1,100,,4009,66,,,1,102,,4003,66,,,1,101,,4006,66,,,1,101,,3999,66,,,1,100,,4007,66,,,1,100,,4010,66,,,1,100,,3993,66,,,1,99,,3990,66,,,1,97,,3996,66,,,1,99,,3992,66,,,1,99,,3991,66,,,1,98,,3994,66,,,1,101,,3995,66,,,1,99,,3998,66,,,1
7304,'SAM',544,,4032,66,,,1,70,,4022,66,,,1,103,,4027,66,,,1,101,,4024,66,,,1,101,,4023,66,,,1,101,,4028,66,,,1,100,,4030,66,,,1,101,,4026,66,,,1,101,,4014,66,,,1,101,,4029,66,,,1,101,,4025,66,,,1,100,,4031,66,,,1,100,,4033,66,,,1,100,,4013,66,,,1,98,,4011,66,,,1,98,,4012,66,,,1,99,,4016,66,,,1,99,,4015,66,,,1,98,,4017,66,,,1,101,,4018,66,,,1,99,,4020,66,,,1,100,,4019,66,,,1,99,,4021,66,,,1
7304,'SEM',506,,4063,66,,,1,42,,4060,66,,,1,82,,4066,66,,,1,18,,4069,66,,,1,71,,4065,66,,,1,14,,4062,66,,,1,14,,4040,66,,,1,68,,5468,66,,,1,14,,4061,66,,,1,15,,4067,66,,,1,65,,4056,66,,,1,31,,5511,66,,,1,80,,4035,66,,,1,29,,5512,66,,,1,70,,4064,66,,,1,30,,4037,66,,,1,71,,5591,66,,,1,36,,4049,66,,,1,66,,5268,66,,,1,30,,4068,66,,,1,70,,5556,66,,,1,30,,4039,66,,,1,73,,4046,66,,,1,31,,4034,66,,,1,72,,4043,66,,,1,79,,4053,66,,,1,22,,4051,66,,,1,27,,4045,66,,,1,69,,4052,66,,,1,76,,5555,66,,,1,20,,4057,66,,,1,30,,4044,66,,,1,70,,4054,66,,,1,30,,4055,66,,,1,73,,4048,66,,,1,96,,4059,66,,,1,99,,5269,66,,,1,103,,4058,66,,,1
7402,'DIM',645,,4133,79,,,2,102,,4136,79,,,2,101,,4138,79,,,2,101,,4137,79,,,2,101,,4135,79,,,2,100,,4134,79,,,2,101,,4141,79,,,2,100,,4140,79,,,2,103,,4142,79,,,2,99,,4139,79,,,2,99,,4127,79,,,2,102,,4126,79,,,2,98,,4128,79,,,2,98,,4130,79,,,2,99,,4129,79,,,2,100,,4131,79,,,2,98,,4132,79,,,2
7402,'SAM',645,,4150,79,,,2,102,,4154,79,,,2,101,,4152,79,,,2,101,,4149,79,,,2,101,,4153,79,,,2,100,,4155,79,,,2,101,,4158,79,,,2,101,,4151,79,,,2,100,,4156,79,,,2,101,,4159,79,,,2,100,,4157,79,,,2,100,,4143,79,,,2,99,,4145,79,,,2,98,,4147,79,,,2,99,,4146,79,,,2,100,,4148,79,,,2,98,,4144,79,,,2
7402,'SEM',604,,4173,79,,,2,49,,4178,79,,,2,60,,4161,79,,,2,41,,4172,79,,,2,100,,4162,79,,,2,99,,4160,79,,,2,99,,4164,79,,,2,101,,4174,79,,,2,97,,4177,79,,,2,100,,4163,79,,,2,101,,4176,79,,,2,102,,4175,79,,,2,100,,4165,79,,,2,97,,4166,79,,,2,100,,4169,79,,,2,98,,4171,79,,,2,99,,5558,79,,,2,102,,4168,79,,,2,98,,4170,79,,,2
