3904,'DIM',858,,8313,69,,,1,153,,8307,69,,,1,42,,8314,69,,,1,70,,8317,69,,,1,34,,8308,69,,,1,67,,8306,69,,,1,33,,8316,69,,,1,69,,8311,69,,,1,75,,8300,69,,,1,27,,8315,69,,,1,30,,8309,69,,,1,71,,8310,69,,,1,72,,8299,69,,,1,29,,8312,69,,,1,71,,8295,69,,,1,30,,8296,69,,,1,27,,8301,69,,,1,68,,8302,69,,,1,29,,8303,69,,,1,83,,8304,69,,,1,97,,8297,69,,,1,100,,8305,69,,,1,99,,8298,69,,,1
3904,'SAM',858,,8333,69,,,1,153,,8326,69,,,1,42,,8337,69,,,1,70,,8327,69,,,1,31,,8318,69,,,1,70,,8324,69,,,1,76,,8330,69,,,1,26,,8328,69,,,1,75,,8334,69,,,1,27,,8325,69,,,1,30,,8331,69,,,1,71,,8332,69,,,1,71,,8338,69,,,1,30,,8329,69,,,1,72,,8335,69,,,1,23,,8336,69,,,1,33,,8339,69,,,1,68,,8340,69,,,1,29,,8319,69,,,1,86,,8320,69,,,1,96,,8322,69,,,1,98,,8321,69,,,1,99,,8323,69,,,1
3904,'SEM',651,,8364,69,,,1,67,,8357,69,,,1,16,,8363,69,,,1,11,,8345,69,,,1,72,,8360,69,,,1,31,,8341,69,,,1,71,,8358,69,,,1,30,,8365,69,,,1,75,,8343,69,,,1,28,,8344,69,,,1,73,,8355,69,,,1,30,,8359,69,,,1,71,,8361,69,,,1,28,,8352,69,,,1,72,,8356,69,,,1,27,,8362,69,,,1,78,,8342,69,,,1,74,,8347,69,,,1,30,,8349,69,,,1,73,,8350,69,,,1,101,,8366,69,,,1,108,,8353,69,,,1,97,,8354,69,,,1,103,,8346,69,,,1,100,,8348,69,,,1,92,,8351,69,,,1
5002,'DIM',632,,9440,52,,,1,101,,2653,52,,,1,103,,9423,52,,,1,98,,9438,52,,,1,108,,9431,52,,,1,65,,9441,52,,,1,37,,9433,52,,,1,64,,9445,52,,,1,39,,9443,52,,,1,62,,9444,52,,,1,36,,9446,52,,,1,69,,9432,52,,,1,33,,9434,52,,,1,76,,9447,52,,,1,29,,9436,52,,,1,74,,9435,52,,,1,30,,9442,52,,,1,66,,9439,52,,,1,30,,9437,52,,,1,98,,9425,52,,,1,98,,9427,52,,,1,99,,9430,52,,,1,99,,9424,52,,,1,97,,9428,52,,,1,97,,9426,52,,,1,98,,9429,52,,,1
5002,'SAM',632,,9455,52,,,1,101,,9458,52,,,1,103,,9449,52,,,1,101,,9470,52,,,1,105,,9469,52,,,1,65,,9468,52,,,1,36,,9466,52,,,1,65,,9450,52,,,1,39,,9473,52,,,1,62,,9472,52,,,1,36,,9451,52,,,1,69,,9462,52,,,1,33,,9464,52,,,1,76,,9467,52,,,1,29,,9463,52,,,1,74,,9465,52,,,1,30,,9453,52,,,1,66,,9454,52,,,1,30,,9448,52,,,1,98,,9471,52,,,1,98,,9459,52,,,1,99,,9461,52,,,1,99,,9460,52,,,1,97,,9456,52,,,1,97,,9452,52,,,1,98,,9457,52,,,1
5002,'SEM',521,,9480,52,,,1,37,,9502,52,,,1,72,,9498,52,,,1,71,,9474,52,,,1,38,,9506,52,,,1,72,,9499,52,,,1,24,,9475,52,,,1,75,,9492,52,,,1,26,,9478,52,,,1,71,,9504,52,,,1,26,,9505,52,,,1,73,,9501,52,,,1,28,,9477,52,,,1,73,,9481,52,,,1,28,,9500,52,,,1,72,,9489,52,,,1,32,,9503,52,,,1,70,,9482,52,,,1,30,,9485,52,,,1,82,,9476,52,,,1,27,,9486,52,,,1,78,,9479,52,,,1,33,,9493,52,,,1,70,,9483,52,,,1,27,,9484,52,,,1,69,,9491,52,,,1,29,,9487,52,,,1,69,,9490,52,,,1,103,,9494,52,,,1,104,,11986,52,,,1,99,,9488,52,,,1,110,,9496,52,,,1,103,,9495,52,,,1,97,,9497,52,,,1
5602,'DIM',811,,9749,15,,,2,30,,9755,15,,,2,70,,9751,15,,,2,30,,9756,15,,,2,70,,9754,15,,,2,30,,9753,15,,,2,70,,9746,15,,,2,37,,9750,15,,,2,63,,9752,15,,,2,30,,9747,15,,,2,71,,9757,15,,,2,30,,9748,15,,,2,70,,9733,15,,,2,30,,9734,15,,,2,70,,9738,15,,,2,30,,9743,15,,,2,72,,9736,15,,,2,35,,9739,15,,,2,69,,9741,15,,,2,93,,9735,15,,,2,101,,9742,15,,,2,100,,9737,15,,,2,101,,9744,15,,,2,100,,9745,15,,,2,98,,9740,15,,,2
5602,'SAM',711,,9777,15,,,2,100,,9775,15,,,2,30,,9773,15,,,2,70,,9780,15,,,2,30,,9781,15,,,2,70,,9782,15,,,2,30,,9769,15,,,2,70,,9762,15,,,2,37,,9774,15,,,2,63,,9779,15,,,2,30,,9778,15,,,2,71,,9783,15,,,2,30,,9758,15,,,2,70,,9776,15,,,2,30,,9759,15,,,2,71,,9763,15,,,2,29,,9764,15,,,2,72,,9760,15,,,2,32,,9768,15,,,2,71,,9765,15,,,2,94,,9767,15,,,2,101,,9766,15,,,2,100,,9761,15,,,2,101,,9772,15,,,2,100,,9770,15,,,2,98,,9771,15,,,2
5602,'SEM',634,,9785,15,,,2,108,,9812,15,,,2,71,,9787,15,,,2,27,,9807,15,,,2,78,,9808,15,,,2,25,,9788,15,,,2,70,,9804,15,,,2,30,,9811,15,,,2,70,,9802,15,,,2,30,,9789,15,,,2,71,,9801,15,,,2,30,,9803,15,,,2,71,,9810,15,,,2,30,,9805,15,,,2,69,,9784,15,,,2,30,,9786,15,,,2,70,,9806,15,,,2,35,,9809,15,,,2,64,,9795,15,,,2,26,,9793,15,,,2,76,,9790,15,,,2,30,,9791,15,,,2,70,,9797,15,,,2,34,,9794,15,,,2,99,,9799,15,,,2,90,,9792,15,,,2,86,,9796,15,,,2,104,,9800,15,,,2,100,,9798,15,,,2
6002,'DIM',711,,9994,31,,,1,101,,10003,31,,,1,100,,10001,31,,,1,100,,10002,31,,,1,100,,10004,31,,,1,101,,10007,31,,,1,101,,10005,31,,,1,101,,10008,31,,,1,100,,10006,31,,,1,99,,10009,31,,,1,99,,10010,31,,,1,99,,9996,31,,,1,100,,9998,31,,,1,100,,9997,31,,,1,101,,9999,31,,,1,100,,9993,31,,,1,100,,9995,31,,,1,98,,10000,31,,,1
6002,'SAM',711,,10022,31,,,1,101,,10013,31,,,1,100,,10025,31,,,1,100,,10027,31,,,1,100,,10023,31,,,1,101,,10026,31,,,1,101,,10024,31,,,1,101,,10012,31,,,1,100,,10028,31,,,1,99,,10011,31,,,1,99,,10015,31,,,1,101,,10020,31,,,1,98,,10016,31,,,1,100,,10017,31,,,1,101,,10021,31,,,1,100,,10014,31,,,1,100,,10018,31,,,1,98,,10019,31,,,1
6002,'SEM',643,,10045,31,,,1,102,,10043,31,,,1,101,,10030,31,,,1,100,,10046,31,,,1,100,,10044,31,,,1,103,,10035,31,,,1,100,,10029,31,,,1,99,,10031,31,,,1,101,,10042,31,,,1,99,,10032,31,,,1,101,,10037,31,,,1,106,,10034,31,,,1,92,,10040,31,,,1,99,,10038,31,,,1,99,,10033,31,,,1,100,,10036,31,,,1,97,,10039,31,,,1,89,,10041,31,,,1,100,,11993,31,,,1
6304,'DIM',743,,10251,41,,,1,100,,10247,41,,,1,101,,10249,41,,,1,101,,10243,41,,,1,99,,10248,41,,,1,104,,10253,41,,,1,96,,10250,41,,,1,102,,10254,41,,,1,103,,10252,41,,,1,100,,10255,41,,,1,99,,10256,41,,,1,100,,10244,41,,,1,99,,10240,41,,,1,99,,10241,41,,,1,99,,10245,41,,,1,98,,10242,41,,,1,99,,10246,41,,,1
6304,'SAM',643,,10270,41,,,1,100,,10268,41,,,1,100,,10273,41,,,1,101,,10269,41,,,1,101,,10267,41,,,1,99,,10272,41,,,1,104,,10271,41,,,1,96,,10275,41,,,1,102,,10274,41,,,1,103,,10257,41,,,1,102,,10258,41,,,1,97,,10259,41,,,1,100,,10261,41,,,1,99,,10260,41,,,1,99,,10265,41,,,1,99,,10262,41,,,1,98,,10263,41,,,1,99,,10266,41,,,1,98,,10264,41,,,1
6304,'SEM',457,,10303,41,,,1,151,,10299,41,,,1,30,,10308,41,,,1,71,,10291,41,,,1,15,,10302,41,,,1,27,,10305,41,,,1,66,,10307,41,,,1,19,,10306,41,,,1,70,,10280,41,,,1,29,,10281,41,,,1,71,,10282,41,,,1,30,,10276,41,,,1,65,,10279,41,,,1,30,,10304,41,,,1,72,,10294,41,,,1,30,,10287,41,,,1,26,,10300,41,,,1,78,,10277,41,,,1,67,,10278,41,,,1,32,,10288,41,,,1,71,,10301,41,,,1,38,,10309,41,,,1,70,,10284,41,,,1,24,,10283,41,,,1,75,,10289,41,,,1,16,,10286,41,,,1,29,,10295,41,,,1,69,,10290,41,,,1,77,,10293,41,,,1,97,,10285,41,,,1,40,,10296,41,,,1,91,,10298,41,,,1,94,,10292,41,,,1,99,,10297,41,,,1
