1703,'DIM',632,,6972,41,,,1,89,,6965,41,,,1,101,,100,41,,,1,102,,6967,41,,,1,97,,6968,41,,,1,102,,6964,41,,,1,100,,6970,41,,,1,100,,6966,41,,,1,102,,6969,41,,,1,100,,6971,41,,,1,102,,6954,41,,,1,98,,6958,41,,,1,98,,6957,41,,,1,101,,6956,41,,,1,98,,6959,41,,,1,98,,6962,41,,,1,100,,6955,41,,,1,100,,6960,41,,,1,102,,6961,41,,,1,117,,6963,41,,,1
1703,'SAM',554,,6984,41,,,1,78,,6990,41,,,1,89,,121,41,,,1,101,,6981,41,,,1,102,,6983,41,,,1,97,,6985,41,,,1,101,,6989,41,,,1,101,,6987,41,,,1,101,,6982,41,,,1,101,,6988,41,,,1,100,,6986,41,,,1,102,,6991,41,,,1,99,,6992,41,,,1,98,,6973,41,,,1,100,,6978,41,,,1,98,,6975,41,,,1,98,,6974,41,,,1,100,,6976,41,,,1,100,,6979,41,,,1,102,,6980,41,,,1,117,,6977,41,,,1
1703,'SEM',614,,7010,41,,,1,104,,7012,41,,,1,106,,7011,41,,,1,96,,6996,41,,,1,101,,7009,41,,,1,101,,7008,41,,,1,101,,7014,41,,,1,101,,6997,41,,,1,100,,6994,41,,,1,99,,7013,41,,,1,35,,7016,41,,,1,60,,7015,41,,,1,36,,6993,41,,,1,63,,7004,41,,,1,37,,6995,41,,,1,79,,6998,41,,,1,70,,7001,41,,,1,27,,7006,41,,,1,99,,7007,41,,,1,100,,6999,41,,,1,99,,7000,41,,,1,99,,7002,41,,,1,99,,7003,41,,,1,102,,7005,41,,,1
3103,'DIM',652,,7902,43,,,1,101,,7901,43,,,1,100,,1058,43,,,1,100,,7906,43,,,1,100,,7905,43,,,1,100,,7903,43,,,1,102,,7892,43,,,1,101,,7904,43,,,1,99,,7891,43,,,1,101,,7890,43,,,1,99,,7895,43,,,1,98,,7897,43,,,1,103,,7896,43,,,1,96,,7898,43,,,1,101,,7894,43,,,1,100,,7893,43,,,1,99,,7899,43,,,1,100,,7900,43,,,1
3103,'SAM',652,,7919,43,,,1,101,,7918,43,,,1,100,,1075,43,,,1,100,,7923,43,,,1,100,,7924,43,,,1,100,,7920,43,,,1,100,,7916,43,,,1,102,,7921,43,,,1,100,,7917,43,,,1,101,,7922,43,,,1,100,,7911,43,,,1,98,,7913,43,,,1,100,,7909,43,,,1,99,,7914,43,,,1,100,,7907,43,,,1,100,,7908,43,,,1,99,,7910,43,,,1,101,,7912,43,,,1,95,,7915,43,,,1
3103,'SEM',649,,7946,43,,,1,100,,7944,43,,,1,101,,7945,43,,,1,101,,7925,43,,,1,101,,7926,43,,,1,100,,7928,43,,,1,100,,7947,43,,,1,100,,7927,43,,,1,102,,7932,43,,,1,98,,7933,43,,,1,51,,7934,43,,,1,37,,7929,43,,,1,69,,7938,43,,,1,40,,7935,43,,,1,68,,7931,43,,,1,36,,7943,43,,,1,69,,7930,43,,,1,36,,7942,43,,,1,100,,7936,43,,,1,101,,7939,43,,,1,99,,7940,43,,,1,96,,7937,43,,,1,154,,7941,43,,,1
3903,'DIM',855,,1407,54,,,1,100,,8236,64,,,1,70,,8241,64,,,1,31,,8242,64,,,1,70,,8239,64,,,1,74,,8240,64,,,1,26,,8243,64,,,1,29,,8233,64,,,1,71,,8237,64,,,1,30,,8234,64,,,1,71,,8220,64,,,1,30,,8223,64,,,1,72,,8226,64,,,1,30,,8238,64,,,1,71,,8227,64,,,1,70,,8228,64,,,1,25,,8229,64,,,1,18,,8235,64,,,1,10,,8230,64,,,1,64,,8224,64,,,1,25,,8231,64,,,1,99,,8221,64,,,1,99,,8232,64,,,1,98,,8222,64,,,1,104,,8225,64,,,1
3903,'SAM',855,,8268,54,,,1,100,,8263,64,,,1,70,,8267,64,,,1,31,,8244,64,,,1,70,,8258,64,,,1,74,,8261,64,,,1,26,,8260,64,,,1,30,,8245,64,,,1,70,,8259,64,,,1,30,,8262,64,,,1,71,,8246,64,,,1,30,,8265,64,,,1,72,,8249,64,,,1,30,,8250,64,,,1,71,,8252,64,,,1,70,,8266,64,,,1,25,,8253,64,,,1,18,,8264,64,,,1,11,,8251,64,,,1,63,,8248,64,,,1,29,,8247,64,,,1,97,,8255,64,,,1,97,,8254,64,,,1,98,,8257,64,,,1,104,,8256,64,,,1
3903,'SEM',747,,8291,64,,,1,101,,8273,64,,,1,104,,8271,64,,,1,72,,8275,64,,,1,29,,8292,64,,,1,71,,8293,64,,,1,29,,8286,64,,,1,71,,8290,64,,,1,28,,8294,64,,,1,78,,8270,64,,,1,74,,8277,64,,,1,27,,8279,64,,,1,72,,8280,64,,,1,35,,8269,64,,,1,78,,8287,64,,,1,23,,8281,64,,,1,68,,8272,64,,,1,24,,8274,64,,,1,73,,8282,64,,,1,39,,8283,64,,,1,79,,8276,64,,,1,99,,8278,64,,,1,95,,8284,64,,,1,102,,8288,64,,,1,95,,8285,64,,,1,87,,8289,64,,,1
4503,'DIM',659,,8950,42,,,1,100,,8960,42,,,1,141,,8958,42,,,1,59,,8964,42,,,1,141,,8959,42,,,1,58,,8962,42,,,1,145,,8952,42,,,1,101,,8956,42,,,1,98,,8949,42,,,1,102,,8947,42,,,1,52,,8961,42,,,1,102,,8963,42,,,1,143,,8948,42,,,1,102,,8957,42,,,1,101,,8951,42,,,1,99,,8954,42,,,1,99,,8955,42,,,1,101,,8953,42,,,1
4503,'SAM',659,,8978,42,,,1,100,,8974,42,,,1,141,,8977,42,,,1,59,,8976,42,,,1,141,,8966,42,,,1,57,,8975,42,,,1,146,,8979,42,,,1,100,,8970,42,,,1,101,,8981,42,,,1,101,,8980,42,,,1,51,,8982,42,,,1,145,,8965,42,,,1,100,,8972,42,,,1,102,,8967,42,,,1,101,,8971,42,,,1,99,,8969,42,,,1,99,,8973,42,,,1,101,,8968,42,,,1
4503,'SEM',650,,8988,42,,,1,58,,8986,42,,,1,34,,8983,42,,,1,68,,9003,42,,,1,25,,8987,42,,,1,79,,8985,42,,,1,25,,9004,42,,,1,110,,9002,42,,,1,100,,8991,42,,,1,96,,8989,42,,,1,100,,9005,42,,,1,103,,8984,42,,,1,106,,9006,42,,,1,68,,8993,42,,,1,87,,8996,42,,,1,18,,8990,42,,,1,17,,8997,42,,,1,71,,8999,42,,,1,39,,8995,42,,,1,97,,8994,42,,,1,100,,8998,42,,,1,100,,9001,42,,,1,99,,8992,42,,,1,95,,9000,42,,,1
