4504,'DIM',635,,9016,51,,,1,100,,9009,51,,,1,100,,9017,51,,,1,101,,9019,51,,,1,100,,9023,51,,,1,97,,9024,51,,,1,103,,9020,51,,,1,98,,9015,51,,,1,108,,9013,51,,,1,98,,9007,51,,,1,100,,9022,51,,,1,96,,9018,51,,,1,100,,9021,51,,,1,102,,9008,51,,,1,100,,9014,51,,,1,101,,9010,51,,,1,100,,9011,51,,,1,99,,9012,51,,,1
4504,'SAM',635,,2249,51,,,1,100,,9038,51,,,1,100,,9035,51,,,1,101,,9039,51,,,1,100,,9037,51,,,1,101,,9026,51,,,1,98,,9036,51,,,1,102,,9025,51,,,1,104,,9031,51,,,1,101,,9040,51,,,1,98,,9028,51,,,1,96,,9041,51,,,1,100,,9029,51,,,1,102,,9033,51,,,1,100,,9027,51,,,1,101,,9032,51,,,1,100,,9030,51,,,1,99,,9034,51,,,1
4504,'SEM',553,,9061,51,,,1,55,,9062,51,,,1,43,,9067,51,,,1,85,,9047,51,,,1,19,,9045,51,,,1,58,,9043,51,,,1,17,,9060,51,,,1,90,,9046,51,,,1,106,,9064,51,,,1,112,,9059,51,,,1,96,,9049,51,,,1,94,,9048,51,,,1,100,,9065,51,,,1,83,,9044,51,,,1,25,,9042,51,,,1,72,,9063,51,,,1,30,,9066,51,,,1,78,,9051,51,,,1,34,,9054,51,,,1,81,,9055,51,,,1,102,,9053,51,,,1,104,,9052,51,,,1,102,,9056,51,,,1,90,,9058,51,,,1,99,,9050,51,,,1,95,,9057,51,,,1
5002,'DIM',623,,9440,42,,,1,100,,2653,42,,,1,102,,9423,42,,,1,97,,9438,42,,,1,107,,9431,42,,,1,25,,9441,42,,,1,77,,9433,42,,,1,24,,9445,42,,,1,79,,9443,42,,,1,22,,9444,42,,,1,75,,9446,42,,,1,69,,9432,42,,,1,33,,9434,42,,,1,76,,9447,42,,,1,29,,9436,42,,,1,74,,9435,42,,,1,30,,9442,42,,,1,66,,9439,42,,,1,31,,9437,42,,,1,99,,9425,42,,,1,99,,9427,42,,,1,99,,9430,42,,,1,99,,9424,42,,,1,97,,9428,42,,,1,98,,9426,42,,,1,98,,9429,42,,,1
5002,'SAM',623,,9455,42,,,1,100,,9458,42,,,1,102,,9449,42,,,1,100,,9470,42,,,1,104,,9469,42,,,1,25,,9468,42,,,1,76,,9466,42,,,1,25,,9450,42,,,1,79,,9473,42,,,1,22,,9472,42,,,1,75,,9451,42,,,1,69,,9462,42,,,1,33,,9464,42,,,1,76,,9467,42,,,1,29,,9463,42,,,1,74,,9465,42,,,1,30,,9453,42,,,1,66,,9454,42,,,1,31,,9448,42,,,1,99,,9471,42,,,1,99,,9459,42,,,1,99,,9461,42,,,1,99,,9460,42,,,1,97,,9456,42,,,1,98,,9452,42,,,1,98,,9457,42,,,1
5002,'SEM',512,,9480,42,,,1,36,,9502,42,,,1,71,,9498,42,,,1,30,,9474,42,,,1,77,,9506,42,,,1,32,,9499,42,,,1,63,,9475,42,,,1,35,,9492,42,,,1,66,,9478,42,,,1,31,,9504,42,,,1,66,,9505,42,,,1,33,,9501,42,,,1,68,,9477,42,,,1,33,,9481,42,,,1,68,,9500,42,,,1,32,,9489,42,,,1,72,,9503,42,,,1,30,,9482,42,,,1,70,,9485,42,,,1,82,,9476,42,,,1,26,,9486,42,,,1,78,,9479,42,,,1,33,,9493,42,,,1,70,,9483,42,,,1,28,,9484,42,,,1,69,,9491,42,,,1,29,,9487,42,,,1,70,,9490,42,,,1,104,,9494,42,,,1,104,,11986,42,,,1,101,,9488,42,,,1,110,,9496,42,,,1,103,,9495,42,,,1,97,,9497,42,,,1
6002,'DIM',705,,9994,24,,,1,101,,10003,24,,,1,99,,10001,24,,,1,100,,10002,24,,,1,100,,10004,24,,,1,100,,10007,24,,,1,101,,10005,24,,,1,100,,10008,24,,,1,100,,10006,24,,,1,99,,10009,24,,,1,99,,10010,24,,,1,100,,9996,24,,,1,101,,9998,24,,,1,101,,9997,24,,,1,101,,9999,24,,,1,100,,9993,24,,,1,100,,9995,24,,,1,98,,10000,24,,,1
6002,'SAM',705,,10022,24,,,1,101,,10013,24,,,1,99,,10025,24,,,1,100,,10027,24,,,1,100,,10023,24,,,1,100,,10026,24,,,1,101,,10024,24,,,1,100,,10012,24,,,1,100,,10028,24,,,1,99,,10011,24,,,1,99,,10015,24,,,1,102,,10020,24,,,1,99,,10016,24,,,1,101,,10017,24,,,1,101,,10021,24,,,1,100,,10014,24,,,1,100,,10018,24,,,1,98,,10019,24,,,1
6002,'SEM',637,,10045,24,,,1,100,,10043,24,,,1,101,,10030,24,,,1,100,,10046,24,,,1,100,,10044,24,,,1,102,,10035,24,,,1,100,,10029,24,,,1,99,,10031,24,,,1,101,,10042,24,,,1,99,,10032,24,,,1,101,,10037,24,,,1,106,,10034,24,,,1,92,,10040,24,,,1,100,,10038,24,,,1,99,,10033,24,,,1,100,,10036,24,,,1,99,,10039,24,,,1,89,,10041,24,,,1,100,,11993,24,,,1
34504,'SEM',2519,,11789,21,,,1,118,,11788,21,,,1
