6304,'DIM',725,,3415,7,,,1,100,,3411,7,,,1,101,,3413,7,,,1,101,,3407,7,,,1,98,,3412,7,,,1,103,,3417,7,,,1,96,,3414,7,,,1,103,,3418,7,,,1,103,,3416,7,,,1,100,,3419,7,,,1,100,,3420,7,,,1,100,,3408,7,,,1,99,,3404,7,,,1,99,,3405,7,,,1,99,,3409,7,,,1,99,,3406,7,,,1,99,,3410,7,,,1
6304,'SAM',625,,3434,7,,,1,100,,3432,7,,,1,100,,3437,7,,,1,101,,3433,7,,,1,101,,3431,7,,,1,98,,3436,7,,,1,103,,3435,7,,,1,96,,3439,7,,,1,103,,3438,7,,,1,103,,3421,7,,,1,102,,3422,7,,,1,98,,3423,7,,,1,100,,3425,7,,,1,99,,3424,7,,,1,99,,3429,7,,,1,99,,3426,7,,,1,99,,3427,7,,,1,99,,3430,7,,,1,99,,3428,7,,,1
6304,'SEM',441,,3467,7,,,1,110,,3463,7,,,1,69,,3472,7,,,1,31,,3455,7,,,1,55,,3466,7,,,1,27,,3469,7,,,1,26,,3471,7,,,1,59,,3470,7,,,1,30,,3444,7,,,1,69,,3445,7,,,1,31,,3446,7,,,1,70,,3440,7,,,1,25,,3443,7,,,1,70,,3468,7,,,1,31,,5324,7,,,1,70,,3451,7,,,1,26,,3464,7,,,1,78,,3441,7,,,1,27,,3442,7,,,1,71,,3452,7,,,1,30,,3465,7,,,1,77,,3473,7,,,1,30,,3448,7,,,1,64,,3447,7,,,1,36,,3453,7,,,1,57,,3450,7,,,1,29,,3459,7,,,1,70,,3454,7,,,1,37,,3457,7,,,1,99,,3449,7,,,1,80,,3460,7,,,1,91,,3462,7,,,1,94,,3456,7,,,1,99,,3461,7,,,1
6504,'DIM',653,,3559,7,,,2,101,,3557,7,,,2,101,,3560,7,,,2,101,,3562,7,,,2,101,,3564,7,,,2,102,,3561,7,,,2,98,,3558,7,,,2,102,,3566,7,,,2,146,,3563,7,,,2,96,,3565,7,,,2,58,,3552,7,,,2,142,,3554,7,,,2,57,,3553,7,,,2,99,,3555,7,,,2,100,,3556,7,,,2,98,,3550,7,,,2,100,,3551,7,,,2
6504,'SAM',653,,3577,7,,,2,101,,3576,7,,,2,101,,3580,7,,,2,101,,3579,7,,,2,101,,3581,7,,,2,101,,3583,7,,,2,98,,3584,7,,,2,103,,3582,7,,,2,145,,3578,7,,,2,97,,3567,7,,,2,58,,3569,7,,,2,142,,3572,7,,,2,99,,3573,7,,,2,57,,3575,7,,,2,100,,3574,7,,,2,98,,3571,7,,,2,100,,3568,7,,,2,100,,3570,7,,,2
6504,'SEM',511,,3607,7,,,2,45,,3617,7,,,2,65,,3587,7,,,2,20,,3596,7,,,2,15,,3603,7,,,2,52,,3615,7,,,2,10,,3586,7,,,2,10,,3616,7,,,2,10,,3612,7,,,2,63,,3588,7,,,2,30,,3590,7,,,2,72,,3605,7,,,2,30,,3620,7,,,2,73,,3591,7,,,2,30,,3592,7,,,2,67,,3609,7,,,2,34,,3593,7,,,2,66,,3619,7,,,2,40,,3613,7,,,2,60,,3614,7,,,2,30,,3618,7,,,2,70,,3595,7,,,2,30,,3598,7,,,2,76,,3589,7,,,2,26,,3602,7,,,2,80,,3604,7,,,2,35,,3585,7,,,2,60,,3597,7,,,2,26,,3594,7,,,2,78,,3608,7,,,2,32,,3610,7,,,2,86,,3600,7,,,2,100,,3599,7,,,2,100,,3601,7,,,2,100,,3606,7,,,2,99,,5258,7,,,2,99,,3611,7,,,2
7303,'DIM',712,,3922,48,,,1,100,,3919,48,,,1,103,,3920,48,,,1,98,,3923,48,,,1,100,,3926,48,,,1,100,,3921,48,,,1,101,,3924,48,,,1,102,,3918,48,,,1,99,,3925,48,,,1,102,,3927,48,,,1,99,,3912,48,,,1,99,,3909,48,,,1,100,,3915,48,,,1,97,,3911,48,,,1,100,,3910,48,,,1,100,,3913,48,,,1,98,,3914,48,,,1,102,,3917,48,,,1,105,,3916,48,,,1
7303,'SAM',618,,3944,48,,,1,94,,3941,48,,,1,100,,3940,48,,,1,103,,3945,48,,,1,98,,3947,48,,,1,101,,3943,48,,,1,99,,3931,48,,,1,101,,3946,48,,,1,102,,3942,48,,,1,99,,3948,48,,,1,102,,3949,48,,,1,101,,3930,48,,,1,98,,3928,48,,,1,98,,3929,48,,,1,98,,3933,48,,,1,100,,3932,48,,,1,100,,3934,48,,,1,98,,3935,48,,,1,102,,3938,48,,,1,105,,3936,48,,,1,100,,3939,48,,,1,100,,3937,48,,,1
7303,'SEM',606,,3984,48,,,1,26,,3981,48,,,1,80,,3980,48,,,1,10,,3985,48,,,1,79,,3974,48,,,1,16,,3952,48,,,1,83,,5328,48,,,1,12,,3951,48,,,1,31,,3968,48,,,1,71,,3983,48,,,1,29,,3953,48,,,1,71,,5329,48,,,1,29,,3967,48,,,1,72,,5265,48,,,1,30,,3986,48,,,1,70,,3954,48,,,1,30,,3957,48,,,1,70,,3962,48,,,1,30,,3950,48,,,1,70,,3959,48,,,1,35,,3987,48,,,1,65,,3969,48,,,1,15,,3961,48,,,1,22,,3955,48,,,1,56,,3956,48,,,1,23,,3965,48,,,1,16,,3963,48,,,1,69,,3975,48,,,1,14,,3964,48,,,1,16,,3960,48,,,1,72,,3970,48,,,1,30,,3972,48,,,1,72,,3966,48,,,1,99,,3977,48,,,1,100,,5266,48,,,1,98,,3976,48,,,1,97,,3971,48,,,1,41,,3973,48,,,1,95,,3978,48,,,1,161,,3979,48,,,1
15104,'DIM',601,,4674,8,,,2,54,,4694,8,,,2,65,,4687,8,,,2,26,,4691,8,,,2,72,,4675,8,,,2,32,,4686,8,,,2,69,,4695,8,,,2,32,,4688,8,,,2,72,,4692,8,,,2,33,,4697,8,,,2,71,,4696,8,,,2,31,,4699,8,,,2,73,,4693,8,,,2,74,,4690,8,,,2,32,,4698,8,,,2,72,,4669,8,,,2,33,,4689,8,,,2,73,,4677,8,,,2,32,,4700,8,,,2,71,,4701,8,,,2,37,,4670,8,,,2,71,,4682,8,,,2,31,,4684,8,,,2,70,,4672,8,,,2,73,,4679,8,,,2,30,,4680,8,,,2,70,,4683,8,,,2,27,,4671,8,,,2,29,,4673,8,,,2,71,,4676,8,,,2,99,,4678,8,,,2,100,,4681,8,,,2,74,,4685,8,,,2
15104,'SAM',601,,4718,8,,,2,54,,4726,8,,,2,65,,4721,8,,,2,26,,4723,8,,,2,72,,4719,8,,,2,32,,4720,8,,,2,70,,4727,8,,,2,31,,4722,8,,,2,72,,4724,8,,,2,33,,4730,8,,,2,71,,4729,8,,,2,31,,4731,8,,,2,73,,4725,8,,,2,74,,4717,8,,,2,32,,4711,8,,,2,72,,4732,8,,,2,33,,4728,8,,,2,73,,4702,8,,,2,32,,4734,8,,,2,71,,4706,8,,,2,37,,4733,8,,,2,71,,4709,8,,,2,31,,4703,8,,,2,70,,4704,8,,,2,73,,4715,8,,,2,30,,4708,8,,,2,70,,4710,8,,,2,27,,4714,8,,,2,29,,4705,8,,,2,71,,4716,8,,,2,99,,4707,8,,,2,100,,4713,8,,,2,74,,4712,8,,,2
15104,'SEM',437,,4770,8,,,2,70,,4752,8,,,2,20,,4768,8,,,2,25,,4771,8,,,2,60,,4773,8,,,2,11,,4777,8,,,2,25,,4736,8,,,2,63,,4753,8,,,2,11,,4769,8,,,2,26,,4744,8,,,2,10,,4772,8,,,2,71,,4778,8,,,2,19,,4743,8,,,2,60,,4766,8,,,2,20,,4774,8,,,2,21,,4739,8,,,2,60,,4764,8,,,2,19,,4776,8,,,2,20,,4779,8,,,2,61,,4737,8,,,2,20,,4767,8,,,2,20,,4745,8,,,2,60,,4747,8,,,2,20,,4775,8,,,2,20,,4741,8,,,2,65,,4749,8,,,2,16,,4750,8,,,2,24,,4740,8,,,2,60,,4755,8,,,2,20,,4735,8,,,2,20,,4742,8,,,2,61,,5335,8,,,2,20,,4738,8,,,2,22,,4751,8,,,2,61,,4754,8,,,2,32,,4757,8,,,2,65,,4746,8,,,2,39,,4758,8,,,2,87,,4748,8,,,2,105,,4763,8,,,2,105,,4759,8,,,2,96,,4761,8,,,2,100,,4760,8,,,2,98,,4762,8,,,2,160,,4765,8,,,2
