201,'SAM',2550,,6872,2,,,1,81,,6874,2,,,1,84,,6873,2,,,1
201,'SEM',2511,,6875,2,,,1,24,,6876,2,,,1,81,,6877,2,,,1,41,,6878,2,,,1
3304,'DIM',731,,8062,2,,,1,170,,8063,2,,,1,130,,8057,2,,,1,170,,8061,2,,,1,137,,8065,2,,,1,164,,8064,2,,,1,128,,8055,2,,,1,172,,8059,2,,,1,129,,8058,2,,,1,170,,8060,2,,,1,130,,8056,2,,,1
3304,'SAM',731,,8073,2,,,1,170,,8075,2,,,1,130,,8074,2,,,1,170,,8076,2,,,1,136,,8067,2,,,1,165,,8066,2,,,1,130,,8071,2,,,1,170,,8070,2,,,1,129,,8068,2,,,1,170,,8072,2,,,1,130,,8069,2,,,1
3304,'SEM',450,,8081,2,,,1,90,,8092,2,,,1,75,,8093,2,,,1,92,,8099,2,,,1,38,,8084,2,,,1,61,,8098,2,,,1,31,,8094,2,,,1,104,,8078,2,,,1,100,,8095,2,,,1,100,,8079,2,,,1,100,,8096,2,,,1,96,,8097,2,,,1,110,,8077,2,,,1,110,,8083,2,,,1,75,,8082,2,,,1,90,,8085,2,,,1,33,,8080,2,,,1,65,,8091,2,,,1,30,,8090,2,,,1,96,,8089,2,,,1,94,,8086,2,,,1,111,,8088,2,,,1,79,,8087,2,,,1
4201,'DIM',515,,8511,16,,,2,103,,8535,16,,,2,30,,8552,16,,,2,70,,1716,16,,,2,31,,8536,16,,,2,71,,8541,16,,,2,28,,8545,16,,,2,71,,8548,16,,,2,31,,8540,16,,,2,66,,8543,16,,,2,35,,8542,16,,,2,60,,8528,16,,,2,23,,8533,16,,,2,18,,8532,16,,,2,62,,8534,16,,,2,18,,8538,16,,,2,20,,8537,16,,,2,59,,8555,16,,,2,22,,8549,16,,,2,21,,8544,16,,,2,60,,1723,16,,,2,21,,8551,16,,,2,20,,8515,16,,,2,60,,8517,16,,,2,20,,8518,16,,,2,21,,8550,16,,,2,58,,8539,16,,,2,21,,8546,16,,,2,20,,8516,16,,,2,55,,8554,16,,,2,15,,8553,16,,,2,14,,8527,16,,,2,13,,8547,16,,,2,58,,8513,16,,,2,32,,8512,16,,,2,70,,8523,16,,,2,30,,8510,16,,,2,70,,8519,16,,,2,29,,8530,16,,,2,70,,8514,16,,,2,31,,8521,16,,,2,70,,8525,16,,,2,30,,8526,16,,,2,70,,8520,16,,,2,35,,8524,16,,,2,69,,8522,16,,,2,34,,8529,16,,,2,75,,8531,16,,,2
4201,'SAM',515,,8556,16,,,2,103,,8584,16,,,2,30,,8559,16,,,2,70,,8591,16,,,2,31,,8587,16,,,2,71,,8586,16,,,2,28,,8590,16,,,2,71,,8597,16,,,2,31,,8602,16,,,2,65,,8595,16,,,2,36,,8581,16,,,2,60,,8593,16,,,2,22,,8585,16,,,2,19,,8576,16,,,2,61,,8583,16,,,2,19,,8557,16,,,2,20,,8589,16,,,2,59,,8588,16,,,2,22,,8582,16,,,2,21,,8592,16,,,2,60,,8558,16,,,2,20,,8594,16,,,2,20,,8598,16,,,2,61,,8562,16,,,2,20,,8600,16,,,2,21,,8603,16,,,2,59,,8604,16,,,2,19,,8568,16,,,2,21,,8601,16,,,2,54,,8570,16,,,2,16,,8596,16,,,2,14,,8572,16,,,2,15,,8599,16,,,2,56,,8575,16,,,2,36,,8560,16,,,2,66,,8563,16,,,2,30,,8579,16,,,2,70,,8565,16,,,2,29,,8567,16,,,2,73,,8561,16,,,2,27,,8564,16,,,2,70,,8566,16,,,2,31,,8569,16,,,2,70,,8571,16,,,2,35,,8573,16,,,2,69,,8580,16,,,2,34,,8574,16,,,2,75,,8578,16,,,2,30,,8577,16,,,2
4201,'SEM',618,,8652,16,,,2,29,,8607,16,,,2,57,,8647,16,,,2,21,,8650,16,,,2,21,,8653,16,,,2,62,,8651,16,,,2,19,,8608,16,,,2,19,,8646,16,,,2,62,,8605,16,,,2,19,,8611,16,,,2,19,,8636,16,,,2,63,,8648,16,,,2,18,,8649,16,,,2,23,,8612,16,,,2,57,,8634,16,,,2,23,,8614,16,,,2,20,,8615,16,,,2,59,,8616,16,,,2,22,,8610,16,,,2,15,,8618,16,,,2,63,,8619,16,,,2,19,,8620,16,,,2,21,,8609,16,,,2,61,,8624,16,,,2,20,,8654,16,,,2,19,,8628,16,,,2,59,,8629,16,,,2,20,,8630,16,,,2,15,,8632,16,,,2,13,,8606,16,,,2,53,,8656,16,,,2,11,,8623,16,,,2,13,,8635,16,,,2,14,,8637,16,,,2,55,,8626,16,,,2,14,,8622,16,,,2,14,,8621,16,,,2,14,,8641,16,,,2,15,,8643,16,,,2,55,,8613,16,,,2,15,,8645,16,,,2,23,,8638,16,,,2,54,,8642,16,,,2,21,,8617,16,,,2,27,,8644,16,,,2,71,,8625,16,,,2,28,,8627,16,,,2,73,,8631,16,,,2,28,,8633,16,,,2,72,,8658,2,,,2,75,,8655,16,,,2,23,,8657,2,,,2,30,,8640,16,,,2,84,,8639,16,,,2
6304,'DIM',753,,10251,53,,,1,103,,10247,53,,,1,101,,10249,53,,,1,102,,10243,53,,,1,99,,10248,53,,,1,144,,10253,53,,,1,56,,10250,53,,,1,142,,10254,53,,,1,103,,10252,53,,,1,100,,10255,53,,,1,99,,10256,53,,,1,99,,10244,53,,,1,99,,10240,53,,,1,58,,10241,53,,,1,99,,10245,53,,,1,98,,10242,53,,,1,98,,10246,53,,,1
6304,'SAM',653,,10270,53,,,1,100,,10268,53,,,1,103,,10273,53,,,1,101,,10269,53,,,1,102,,10267,53,,,1,99,,10272,53,,,1,144,,10271,53,,,1,56,,10275,53,,,1,142,,10274,53,,,1,103,,10257,53,,,1,102,,10258,53,,,1,97,,10259,53,,,1,99,,10261,53,,,1,99,,10260,53,,,1,58,,10265,53,,,1,99,,10262,53,,,1,98,,10263,53,,,1,98,,10266,53,,,1,98,,10264,53,,,1
6304,'SEM',508,,10303,53,,,1,112,,10299,53,,,1,30,,10308,53,,,1,71,,10291,53,,,1,16,,10302,53,,,1,67,,10305,53,,,1,26,,10307,53,,,1,19,,10306,53,,,1,70,,10280,53,,,1,30,,10281,53,,,1,71,,10282,53,,,1,30,,10276,53,,,1,65,,10279,53,,,1,31,,10304,53,,,1,72,,10294,53,,,1,30,,10287,53,,,1,66,,10300,53,,,1,38,,10277,53,,,1,67,,10278,53,,,1,33,,10288,53,,,1,71,,10301,53,,,1,79,,10309,53,,,1,30,,10284,53,,,1,24,,10283,53,,,1,74,,10289,53,,,1,16,,10286,53,,,1,68,,10295,53,,,1,28,,10290,53,,,1,77,,10293,53,,,1,96,,10285,53,,,1,40,,10296,53,,,1,91,,10298,53,,,1,92,,10292,53,,,1,99,,10297,53,,,1
34504,'SEM',2522,,11789,25,,,1,118,,11788,25,,,1
