2201,'DIM',646,,7194,47,,,2,101,,7198,47,,,2,104,,7197,47,,,2,99,,7196,47,,,2,101,,7193,47,,,2,99,,7195,47,,,2,101,,7200,47,,,2,102,,7202,47,,,2,96,,7199,47,,,2,105,,7201,47,,,2,100,,7187,47,,,2,100,,7189,47,,,2,97,,7188,47,,,2,101,,7191,47,,,2,100,,7190,47,,,2,100,,7192,47,,,2
2201,'SAM',646,,7211,47,,,2,101,,7213,47,,,2,104,,7210,47,,,2,99,,7212,47,,,2,102,,7215,47,,,2,99,,7219,47,,,2,101,,7218,47,,,2,101,,7214,47,,,2,96,,7216,47,,,2,102,,7217,47,,,2,103,,7204,47,,,2,101,,7207,47,,,2,96,,7205,47,,,2,101,,7203,47,,,2,100,,7209,47,,,2,100,,7208,47,,,2,100,,7206,47,,,2
2201,'SEM',643,,7234,47,,,2,100,,7223,47,,,2,93,,7221,47,,,2,80,,7220,47,,,2,34,,7236,47,,,2,101,,7222,47,,,2,100,,7235,47,,,2,100,,7237,47,,,2,100,,7225,47,,,2,96,,7226,47,,,2,105,,7224,47,,,2,100,,7230,47,,,2,100,,7228,47,,,2,99,,7227,47,,,2,98,,7229,47,,,2,104,,7233,47,,,2,100,,7231,47,,,2,95,,7232,47,,,2,98,,11959,47,,,2
5001,'DIM',548,,9340,54,,,1,100,,9348,54,,,1,101,,9336,54,,,1,98,,9353,54,,,1,101,,9345,54,,,1,73,,9355,54,,,1,37,,9347,54,,,1,64,,9360,54,,,1,79,,9358,54,,,1,22,,9359,54,,,1,35,,9361,54,,,1,69,,9346,54,,,1,32,,9349,54,,,1,76,,9362,54,,,1,69,,9351,54,,,1,34,,9350,54,,,1,70,,9356,54,,,1,23,,9354,54,,,1,74,,9352,54,,,1,41,,9357,54,,,1,58,,9338,54,,,1,99,,9341,54,,,1,98,,9344,54,,,1,100,,9337,54,,,1,99,,9342,54,,,1,58,,9339,54,,,1,100,,9343,54,,,1
5001,'SAM',548,,9370,54,,,1,100,,9373,54,,,1,101,,9364,54,,,1,98,,9385,54,,,1,101,,9383,54,,,1,79,,9388,54,,,1,30,,9381,54,,,1,65,,9365,54,,,1,79,,9389,54,,,1,22,,9387,54,,,1,35,,9366,54,,,1,69,,9377,54,,,1,32,,9379,54,,,1,76,,9382,54,,,1,69,,9378,54,,,1,34,,9380,54,,,1,70,,9368,54,,,1,23,,9369,54,,,1,74,,9363,54,,,1,39,,9384,54,,,1,61,,9386,54,,,1,98,,9374,54,,,1,98,,9376,54,,,1,100,,9375,54,,,1,99,,9371,54,,,1,58,,9367,54,,,1,100,,9372,54,,,1
5001,'SEM',540,,9411,54,,,1,107,,9416,54,,,1,76,,9412,54,,,1,24,,9391,54,,,1,77,,9390,54,,,1,24,,9393,54,,,1,71,,9419,54,,,1,26,,9420,54,,,1,73,,9415,54,,,1,27,,9392,54,,,1,73,,9396,54,,,1,28,,9414,54,,,1,72,,9402,54,,,1,32,,9417,54,,,1,70,,9397,54,,,1,32,,9413,54,,,1,68,,9418,54,,,1,30,,9395,54,,,1,84,,9394,54,,,1,67,,9405,54,,,1,36,,9398,54,,,1,70,,9399,54,,,1,29,,9404,54,,,1,66,,9400,54,,,1,35,,9403,54,,,1,69,,9406,54,,,1,35,,9407,54,,,1,104,,11984,54,,,1,103,,9401,54,,,1,103,,9409,54,,,1,105,,9408,54,,,1,146,,9410,54,,,1,49,,11985,44,,,1
5801,'DIM',549,,9832,62,,,2,101,,9814,62,,,2,91,,9823,62,,,2,101,,9826,62,,,2,99,,9829,62,,,2,100,,9822,62,,,2,102,,9831,62,,,2,98,,9828,62,,,2,103,,9825,62,,,2,99,,9827,62,,,2,102,,9824,62,,,2,99,,9817,62,,,2,101,,9830,62,,,2,99,,9813,62,,,2,99,,9821,62,,,2,99,,9816,62,,,2,100,,9815,62,,,2,100,,9819,62,,,2,98,,9818,62,,,2,110,,9820,62,,,2
5801,'SAM',549,,9852,62,,,2,101,,9844,62,,,2,91,,9843,62,,,2,101,,9848,62,,,2,100,,9846,62,,,2,99,,9849,62,,,2,102,,9851,62,,,2,98,,9833,62,,,2,101,,9842,62,,,2,101,,9847,62,,,2,101,,9845,62,,,2,101,,9850,62,,,2,100,,9836,62,,,2,100,,9840,62,,,2,98,,9834,62,,,2,99,,9841,62,,,2,100,,9837,62,,,2,100,,9839,62,,,2,98,,9835,62,,,2,110,,9838,62,,,2
5801,'SEM',540,,9866,62,,,2,68,,9863,62,,,2,42,,9875,62,,,2,86,,9864,62,,,2,86,,9870,62,,,2,85,,9857,62,,,2,99,,9876,62,,,2,100,,9853,62,,,2,100,,9858,62,,,2,100,,9874,62,,,2,100,,9854,62,,,2,47,,9865,62,,,2,71,,9855,62,,,2,32,,9877,62,,,2,69,,9860,62,,,2,75,,9862,62,,,2,29,,9861,62,,,2,27,,9856,62,,,2,69,,9873,62,,,2,29,,9859,62,,,2,70,,9872,62,,,2,100,,11991,62,,,2,99,,9868,62,,,2,99,,9867,62,,,2,98,,9869,62,,,2,98,,9871,62,,,2
22201,'DIM',1419,,11652,47,,,2,815,,11650,47,,,2,83,,11651,47,,,2
22201,'SAM',1419,,11657,47,,,2,815,,11653,47,,,2,83,,11654,47,,,2,100,,11656,47,,,2,112,,11655,47,,,2
22201,'SEM',722,,11658,47,,,2,10,,11659,47,,,2,683,,11660,47,,,2,100,,11661,47,,,2,106,,11665,47,,,2,100,,11663,47,,,2,90,,11662,47,,,2,625,,11664,47,,,2
