4202,'DIM',512,,8661,79,,,2,41,,8702,79,,,2,66,,8672,79,,,2,30,,8660,79,,,2,71,,8684,79,,,2,29,,8682,79,,,2,73,,8703,79,,,2,32,,8687,79,,,2,71,,8683,79,,,2,31,,8691,79,,,2,71,,8695,79,,,2,23,,8701,79,,,2,62,,8697,79,,,2,21,,8688,79,,,2,22,,8693,79,,,2,59,,8689,79,,,2,20,,8692,79,,,2,18,,8677,79,,,2,63,,8680,79,,,2,20,,8679,79,,,2,22,,8681,79,,,2,59,,8686,79,,,2,20,,8685,79,,,2,18,,8705,79,,,2,62,,8698,79,,,2,21,,8694,79,,,2,21,,8690,79,,,2,61,,8700,79,,,2,19,,8665,79,,,2,20,,8666,79,,,2,61,,8667,79,,,2,23,,8699,79,,,2,76,,8696,79,,,2,35,,8704,79,,,2,69,,8676,79,,,2,30,,8663,79,,,2,72,,8662,79,,,2,30,,8671,79,,,2,69,,8659,79,,,2,27,,8668,79,,,2,68,,8678,79,,,2,28,,8664,79,,,2,71,,8670,79,,,2,30,,8674,79,,,2,67,,8675,79,,,2,30,,8669,79,,,2,76,,8673,79,,,2
4202,'SAM',512,,8708,79,,,2,41,,8710,79,,,2,66,,8728,79,,,2,30,,8706,79,,,2,71,,8736,79,,,2,29,,8734,79,,,2,73,,8711,79,,,2,32,,8742,79,,,2,71,,8738,79,,,2,31,,8737,79,,,2,71,,8741,79,,,2,23,,8753,79,,,2,62,,8747,79,,,2,21,,8751,79,,,2,21,,8746,79,,,2,60,,8749,79,,,2,20,,8731,79,,,2,18,,8744,79,,,2,62,,8735,79,,,2,21,,8727,79,,,2,21,,8733,79,,,2,60,,8707,79,,,2,20,,8740,79,,,2,18,,8739,79,,,2,62,,8732,79,,,2,21,,8743,79,,,2,21,,8709,79,,,2,60,,8745,79,,,2,19,,8748,79,,,2,21,,8714,79,,,2,61,,8750,79,,,2,23,,8752,79,,,2,75,,8720,79,,,2,35,,8722,79,,,2,70,,8724,79,,,2,30,,8726,79,,,2,75,,8712,79,,,2,27,,8715,79,,,2,69,,8729,79,,,2,27,,8717,79,,,2,68,,8719,79,,,2,31,,8713,79,,,2,67,,8716,79,,,2,30,,8718,79,,,2,68,,8721,79,,,2,30,,8723,79,,,2,76,,8725,79,,,2,30,,8730,79,,,2
4202,'SEM',512,,8792,79,,,2,97,,8794,79,,,2,32,,8798,79,,,2,16,,8801,79,,,2,56,,8754,79,,,2,10,,8756,79,,,2,11,,8759,79,,,2,9,,8762,79,,,2,10,,8800,79,,,2,52,,8797,79,,,2,21,,8757,79,,,2,18,,8771,79,,,2,61,,8758,79,,,2,22,,8802,79,,,2,22,,8799,79,,,2,59,,8760,79,,,2,21,,8793,79,,,2,20,,8755,79,,,2,59,,8796,79,,,2,21,,8764,79,,,2,20,,8787,79,,,2,61,,8795,79,,,2,24,,8765,79,,,2,17,,8785,79,,,2,64,,8767,79,,,2,20,,8769,79,,,2,20,,8770,79,,,2,63,,8763,79,,,2,17,,8772,79,,,2,21,,8773,79,,,2,60,,8774,79,,,2,21,,8761,79,,,2,21,,8776,79,,,2,60,,8803,79,,,2,20,,8779,79,,,2,20,,8780,79,,,2,60,,8781,79,,,2,21,,8783,79,,,2,17,,8806,79,,,2,63,,8786,79,,,2,20,,8766,79,,,2,63,,8775,79,,,2,24,,8768,79,,,2,19,,8790,79,,,2,70,,8805,79,,,2,85,,8807,79,,,2,36,,8791,79,,,2,68,,8777,79,,,2,29,,8778,79,,,2,69,,8782,79,,,2,26,,8784,79,,,2,76,,8789,79,,,2,27,,8804,79,,,2,71,,8788,79,,,2
4804,'DIM',609,,9283,61,,,1,110,,9287,61,,,1,103,,9284,61,,,1,109,,9288,61,,,1,107,,9291,61,,,1,101,,9274,61,,,1,103,,9285,61,,,1,100,,9286,61,,,1,97,,9290,61,,,1,105,,9276,61,,,1,101,,9289,61,,,1,101,,9275,61,,,1,97,,9281,61,,,1,95,,9277,61,,,1,94,,9282,61,,,1,97,,9279,61,,,1,100,,9278,61,,,1,95,,9280,61,,,1
4804,'SAM',609,,9302,61,,,1,110,,2518,61,,,1,103,,9304,61,,,1,108,,9306,61,,,1,108,,9310,61,,,1,101,,9303,61,,,1,102,,9309,61,,,1,100,,9305,61,,,1,97,,9307,61,,,1,106,,9308,61,,,1,101,,9295,61,,,1,101,,9298,61,,,1,97,,9296,61,,,1,95,,9299,61,,,1,94,,9293,61,,,1,97,,9292,61,,,1,98,,9294,61,,,1,97,,9300,61,,,1,97,,9301,61,,,1,33,,9297,61,,,1
4804,'SEM',540,,9313,61,,,1,81,,9330,61,,,1,32,,9311,61,,,1,73,,9314,61,,,1,27,,9318,61,,,1,79,,9332,61,,,1,70,,9331,61,,,1,30,,9334,61,,,1,70,,9321,61,,,1,31,,9320,61,,,1,71,,9315,61,,,1,101,,9322,61,,,1,100,,9333,61,,,1,100,,9319,61,,,1,102,,9316,61,,,1,39,,9312,61,,,1,107,,9317,61,,,1,96,,9327,61,,,1,67,,9329,61,,,1,102,,9325,61,,,1,114,,9328,61,,,1,99,,9323,61,,,1,98,,9324,61,,,1,96,,9335,61,,,1,97,,9326,61,,,1
5802,'DIM',626,,9883,59,,,2,101,,9890,59,,,2,93,,9887,59,,,2,100,,9891,59,,,2,100,,9894,59,,,2,99,,9886,59,,,2,101,,9896,59,,,2,100,,9893,59,,,2,102,,9889,59,,,2,99,,9892,59,,,2,101,,9888,59,,,2,99,,9882,59,,,2,101,,9895,59,,,2,100,,9879,59,,,2,99,,9885,59,,,2,98,,9881,59,,,2,98,,9880,59,,,2,98,,9884,59,,,2
5802,'SAM',626,,9914,59,,,2,101,,9906,59,,,2,93,,9905,59,,,2,100,,9910,59,,,2,100,,9908,59,,,2,99,,9911,59,,,2,101,,9913,59,,,2,100,,9897,59,,,2,99,,9904,59,,,2,101,,9909,59,,,2,101,,9907,59,,,2,101,,9912,59,,,2,100,,9899,59,,,2,100,,9902,59,,,2,99,,9898,59,,,2,98,,9903,59,,,2,98,,9900,59,,,2,98,,9901,59,,,2
5802,'SEM',546,,9932,59,,,2,75,,9926,59,,,2,22,,9925,59,,,2,80,,9933,59,,,2,35,,9935,59,,,2,69,,9918,59,,,2,73,,9917,59,,,2,43,,9921,59,,,2,100,,9936,59,,,2,100,,9915,59,,,2,100,,9922,59,,,2,100,,9934,59,,,2,100,,9916,59,,,2,65,,9919,59,,,2,30,,9923,59,,,2,104,,9929,59,,,2,71,,9920,59,,,2,93,,9924,59,,,2,96,,9930,59,,,2,98,,9937,59,,,2,100,,9931,59,,,2,57,,9928,59,,,2,99,,9927,59,,,2
7001,'DIM',742,,10584,79,,,1,101,,10574,79,,,1,99,,10582,79,,,1,100,,10585,79,,,1,69,,10588,79,,,1,31,,10583,79,,,1,70,,10590,79,,,1,28,,10589,79,,,1,70,,10586,79,,,1,35,,10587,79,,,1,69,,10591,79,,,1,27,,10567,79,,,1,74,,10592,79,,,1,25,,10570,79,,,1,75,,10571,79,,,1,27,,10572,79,,,1,73,,10569,79,,,1,33,,10575,79,,,1,73,,10578,79,,,1,30,,10573,79,,,1,94,,10579,79,,,1,98,,10576,79,,,1,100,,10568,79,,,1,99,,10580,79,,,1,100,,10581,79,,,1,99,,10577,79,,,1
7001,'SAM',742,,10609,79,,,1,101,,10614,79,,,1,99,,10616,79,,,1,100,,10617,79,,,1,68,,10615,79,,,1,32,,10593,79,,,1,69,,10618,79,,,1,29,,10613,79,,,1,70,,10594,79,,,1,34,,10610,79,,,1,68,,10595,79,,,1,33,,10611,79,,,1,70,,10597,79,,,1,25,,10612,79,,,1,73,,10600,79,,,1,29,,10602,79,,,1,73,,10599,79,,,1,34,,10601,79,,,1,72,,10605,79,,,1,30,,10603,79,,,1,94,,10607,79,,,1,98,,10596,79,,,1,100,,10598,79,,,1,98,,10608,79,,,1,101,,10606,79,,,1,99,,10604,79,,,1
7001,'SEM',553,,10645,79,,,1,73,,10623,79,,,1,29,,10646,79,,,1,58,,10647,79,,,1,19,,10642,79,,,1,68,,10653,79,,,1,24,,10634,79,,,1,24,,10620,79,,,1,69,,10652,79,,,1,30,,10649,79,,,1,71,,10650,79,,,1,29,,10631,79,,,1,71,,10654,79,,,1,29,,10622,79,,,1,72,,10627,79,,,1,28,,10651,79,,,1,70,,10621,79,,,1,30,,10619,79,,,1,72,,10648,79,,,1,30,,10626,79,,,1,79,,10629,79,,,1,24,,10625,79,,,1,51,,10632,79,,,1,49,,10624,79,,,1,77,,10636,79,,,1,27,,10639,79,,,1,73,,10640,79,,,1,25,,10628,79,,,1,78,,10637,79,,,1,84,,10633,79,,,1,33,,10630,79,,,1,108,,10638,79,,,1,99,,10635,79,,,1,99,,10643,79,,,1,99,,10641,79,,,1,167,,10644,79,,,1
