2201,'DIM',624,,7194,1,,,2,101,,7198,1,,,2,104,,7197,1,,,2,98,,7196,1,,,2,101,,7193,1,,,2,99,,7195,1,,,2,101,,7200,1,,,2,101,,7202,1,,,2,96,,7199,1,,,2,105,,7201,1,,,2,100,,7187,1,,,2,100,,7189,1,,,2,97,,7188,1,,,2,102,,7191,1,,,2,100,,7190,1,,,2,100,,7192,1,,,2
2201,'SAM',624,,7211,1,,,2,101,,7213,1,,,2,104,,7210,1,,,2,98,,7212,1,,,2,102,,7215,1,,,2,99,,7219,1,,,2,101,,7218,1,,,2,100,,7214,1,,,2,96,,7216,1,,,2,102,,7217,1,,,2,103,,7204,1,,,2,101,,7207,1,,,2,96,,7205,1,,,2,102,,7203,1,,,2,100,,7209,1,,,2,100,,7208,1,,,2,100,,7206,1,,,2
2201,'SEM',618,,7234,1,,,2,99,,7223,1,,,2,95,,7221,1,,,2,40,,7220,1,,,2,74,,7236,1,,,2,101,,7222,1,,,2,100,,7235,1,,,2,100,,7237,1,,,2,100,,7225,1,,,2,96,,7226,1,,,2,103,,7224,1,,,2,100,,7230,1,,,2,100,,7228,1,,,2,100,,7227,1,,,2,99,,7229,1,,,2,104,,7233,1,,,2,100,,7231,1,,,2,95,,7232,1,,,2,99,,7238,1,,,2
4803,'DIM',700,,9218,1,,,1,102,,9222,1,,,1,102,,9226,1,,,1,99,,9209,1,,,1,102,,9219,1,,,1,100,,9220,1,,,1,95,,9225,1,,,1,105,,9221,1,,,1,99,,9223,1,,,1,101,,9210,1,,,1,100,,9224,1,,,1,100,,9212,1,,,1,95,,9216,1,,,1,100,,9215,1,,,1,101,,9214,1,,,1,99,,2438,1,,,1,100,,9211,1,,,1,35,,9213,1,,,1,121,,9217,1,,,1
4803,'SAM',600,,2450,1,,,1,100,,9238,1,,,1,101,,9241,1,,,1,103,,9245,1,,,1,99,,9236,1,,,1,101,,9244,1,,,1,100,,9239,1,,,1,54,,9242,1,,,1,146,,9240,1,,,1,100,,9237,1,,,1,101,,9243,1,,,1,100,,9230,1,,,1,100,,9232,1,,,1,95,,9228,1,,,1,100,,9227,1,,,1,59,,9229,1,,,1,141,,9234,1,,,1,100,,9235,1,,,1,35,,9231,1,,,1,121,,9233,1,,,1
4803,'SEM',555,,9265,1,,,1,60,,9267,1,,,1,37,,9258,1,,,1,73,,9268,1,,,1,30,,9271,1,,,1,64,,9254,1,,,1,40,,9253,1,,,1,70,,9248,1,,,1,95,,9255,1,,,1,100,,9250,1,,,1,100,,9249,1,,,1,100,,9269,1,,,1,80,,9246,1,,,1,100,,9251,1,,,1,35,,9266,1,,,1,65,,9247,1,,,1,30,,9270,1,,,1,70,,9259,1,,,1,30,,9252,1,,,1,70,,9260,1,,,1,55,,9264,1,,,1,100,,9256,1,,,1,100,,9257,1,,,1,100,,9273,1,,,1,100,,9262,1,,,1,99,,9261,1,,,1,91,,9263,1,,,1,73,,9272,1,,,1
22201,'DIM',1356,,11652,1,,,2,854,,11650,1,,,2,43,,11651,1,,,2
22201,'SAM',1356,,11657,1,,,2,854,,11653,1,,,2,43,,11654,1,,,2,100,,11656,1,,,2,152,,11655,1,,,2
22201,'SEM',657,,11658,1,,,2,50,,11659,1,,,2,643,,11660,1,,,2,100,,11661,1,,,2,105,,11665,1,,,2,100,,11663,1,,,2,90,,11662,1,,,2,667,,11664,1,,,2
32201,'DIM',505,,11767,2,,,2,799,,11769,1,,,2,802,,11768,1,,,2
32201,'SAM',505,,11770,2,,,2,799,,11771,1,,,2
32201,'SEM',506,,11772,2,,,2,19,,11773,2,,,2,27,,11774,2,,,2,754,,11775,1,,,2,800,,11776,1,,,2
