1704,'DIM',456,,7029,11,,,1,90,,7030,11,,,1,100,,7034,11,,,1,102,,7028,11,,,1,99,,165,11,,,1,100,,7032,11,,,1,101,,7033,11,,,1,100,,7035,11,,,1,100,,7036,11,,,1,101,,7031,11,,,1,103,,7017,11,,,1,99,,7018,11,,,1,100,,7021,11,,,1,101,,7023,11,,,1,99,,7022,11,,,1,98,,7020,11,,,1,100,,7024,11,,,1,101,,7027,11,,,1,99,,7019,11,,,1,99,,7025,11,,,1,96,,7026,11,,,1
1704,'SAM',456,,7049,11,,,1,90,,7050,11,,,1,100,,7056,11,,,1,102,,7053,11,,,1,99,,7048,11,,,1,100,,7052,11,,,1,101,,7057,11,,,1,100,,7055,11,,,1,100,,7054,11,,,1,101,,7051,11,,,1,102,,7038,11,,,1,100,,7039,11,,,1,101,,7041,11,,,1,100,,7043,11,,,1,99,,7037,11,,,1,98,,7045,11,,,1,100,,7042,11,,,1,101,,7040,11,,,1,99,,7044,11,,,1,99,,7046,11,,,1,96,,7047,11,,,1
1704,'SEM',508,,7072,11,,,1,92,,7077,11,,,1,22,,7080,11,,,1,21,,7059,11,,,1,66,,7063,11,,,1,35,,7064,11,,,1,61,,7058,11,,,1,98,,7061,11,,,1,45,,7062,11,,,1,100,,7065,11,,,1,100,,7076,11,,,1,100,,7078,11,,,1,100,,7067,11,,,1,102,,7079,11,,,1,100,,7060,11,,,1,105,,7068,11,,,1,96,,7066,11,,,1,98,,7069,11,,,1,101,,7074,11,,,1,101,,7075,11,,,1,100,,7070,11,,,1,100,,7071,11,,,1,100,,7073,11,,,1
3104,'DIM',615,,7960,21,,,1,102,,7961,21,,,1,100,,7959,21,,,1,100,,7965,21,,,1,100,,7966,21,,,1,100,,7964,21,,,1,100,,7962,21,,,1,103,,7950,21,,,1,101,,7963,21,,,1,100,,7949,21,,,1,101,,7948,21,,,1,99,,7953,21,,,1,98,,7955,21,,,1,103,,7954,21,,,1,96,,7956,21,,,1,101,,7952,21,,,1,101,,7951,21,,,1,98,,7957,21,,,1,102,,7958,21,,,1
3104,'SAM',516,,1137,21,,,1,99,,7976,21,,,1,102,,7979,21,,,1,100,,7978,21,,,1,100,,7981,21,,,1,100,,7984,21,,,1,100,,7985,21,,,1,100,,7980,21,,,1,102,,7975,21,,,1,101,,7982,21,,,1,101,,7977,21,,,1,101,,7983,21,,,1,100,,7971,21,,,1,98,,7973,21,,,1,100,,7969,21,,,1,99,,7974,21,,,1,100,,7967,21,,,1,101,,7968,21,,,1,98,,7970,21,,,1,102,,7972,21,,,1
3104,'SEM',440,,7994,21,,,1,76,,7995,21,,,1,90,,8006,21,,,1,21,,8008,21,,,1,23,,7988,21,,,1,73,,8007,21,,,1,28,,8004,21,,,1,69,,8002,21,,,1,35,,8003,21,,,1,61,,8005,21,,,1,100,,7986,21,,,1,101,,7987,21,,,1,100,,7990,21,,,1,101,,8009,21,,,1,100,,7989,21,,,1,102,,7992,21,,,1,100,,7993,21,,,1,96,,7991,21,,,1,105,,7996,21,,,1,98,,8001,21,,,1,105,,8000,21,,,1,100,,7997,21,,,1,102,,7998,21,,,1,100,,7999,21,,,1
3904,'DIM',817,,8313,11,,,1,112,,8307,11,,,1,82,,8314,11,,,1,30,,8317,11,,,1,73,,8308,11,,,1,27,,8306,11,,,1,73,,8316,11,,,1,29,,8311,11,,,1,74,,8300,11,,,1,27,,8315,11,,,1,70,,8309,11,,,1,31,,8310,11,,,1,72,,8299,11,,,1,30,,8312,11,,,1,71,,8295,11,,,1,31,,8296,11,,,1,68,,8301,11,,,1,28,,8302,11,,,1,70,,8303,11,,,1,43,,8304,11,,,1,98,,8297,11,,,1,100,,8305,11,,,1,100,,8298,11,,,1
3904,'SAM',817,,8333,11,,,1,112,,8326,11,,,1,82,,8337,11,,,1,30,,8327,11,,,1,70,,8318,11,,,1,30,,8324,11,,,1,76,,8330,11,,,1,26,,8328,11,,,1,74,,8334,11,,,1,27,,8325,11,,,1,70,,8331,11,,,1,31,,8332,11,,,1,71,,8338,11,,,1,31,,8329,11,,,1,72,,8335,11,,,1,24,,8336,11,,,1,74,,8339,11,,,1,28,,8340,11,,,1,70,,8319,11,,,1,86,,8320,11,,,1,57,,8322,11,,,1,98,,8321,11,,,1,100,,8323,11,,,1
3904,'SEM',612,,8364,11,,,1,27,,8357,11,,,1,14,,8363,11,,,1,51,,8345,11,,,1,29,,8360,11,,,1,71,,8341,11,,,1,31,,8358,11,,,1,70,,8365,11,,,1,35,,8343,11,,,1,67,,8344,11,,,1,33,,8355,11,,,1,69,,8359,11,,,1,31,,8361,11,,,1,68,,8352,11,,,1,32,,8356,11,,,1,67,,8362,11,,,1,38,,8342,11,,,1,74,,8347,11,,,1,30,,8349,11,,,1,71,,8350,11,,,1,101,,8366,11,,,1,112,,8353,11,,,1,99,,8354,11,,,1,105,,8346,11,,,1,100,,8348,11,,,1,94,,8351,11,,,1
4504,'DIM',614,,9016,11,,,1,100,,9009,11,,,1,99,,9017,11,,,1,101,,9019,11,,,1,99,,9023,11,,,1,97,,9024,11,,,1,102,,9020,11,,,1,98,,9015,11,,,1,108,,9013,11,,,1,98,,9007,11,,,1,100,,9022,11,,,1,96,,9018,11,,,1,101,,9021,11,,,1,103,,9008,11,,,1,101,,9014,11,,,1,101,,9010,11,,,1,100,,9011,11,,,1,100,,9012,11,,,1
4504,'SAM',614,,2249,11,,,1,100,,9038,11,,,1,99,,9035,11,,,1,101,,9039,11,,,1,99,,9037,11,,,1,101,,9026,11,,,1,97,,9036,11,,,1,102,,9025,11,,,1,104,,9031,11,,,1,101,,9040,11,,,1,98,,9028,11,,,1,96,,9041,11,,,1,101,,9029,11,,,1,103,,9033,11,,,1,101,,9027,11,,,1,101,,9032,11,,,1,100,,9030,11,,,1,100,,9034,11,,,1
4504,'SEM',531,,9061,11,,,1,15,,9062,11,,,1,80,,9067,11,,,1,84,,9047,11,,,1,18,,9045,11,,,1,18,,9043,11,,,1,57,,9060,11,,,1,51,,9046,11,,,1,146,,9064,11,,,1,111,,9059,11,,,1,96,,9049,11,,,1,94,,9048,11,,,1,100,,9065,11,,,1,42,,9044,11,,,1,65,,9042,11,,,1,31,,9063,11,,,1,70,,9066,11,,,1,38,,9051,11,,,1,77,,9054,11,,,1,81,,9055,11,,,1,104,,9053,11,,,1,105,,9052,11,,,1,102,,9056,11,,,1,90,,9058,11,,,1,100,,9050,11,,,1,95,,9057,11,,,1
