3903,'DIM',918,,1387,3,,,1,30,,1392,3,,,1,70,,1393,3,,,1,30,,1390,3,,,1,74,,1391,3,,,1,25,,1394,3,,,1,69,,1384,3,,,1,31,,1388,3,,,1,70,,1385,3,,,1,30,,1371,3,,,1,70,,1374,3,,,1,31,,1377,3,,,1,70,,1389,3,,,1,31,,1378,3,,,1,71,,1379,3,,,1,25,,1380,3,,,1,58,,1386,3,,,1,10,,1381,3,,,1,25,,1375,3,,,1,65,,1382,3,,,1,100,,1372,3,,,1,100,,1383,3,,,1,99,,1373,3,,,1,104,,1376,3,,,1
3903,'SAM',918,,1415,3,,,1,30,,1419,3,,,1,70,,1396,3,,,1,30,,1410,3,,,1,74,,1413,3,,,1,25,,1412,3,,,1,70,,1397,3,,,1,30,,1411,3,,,1,70,,1414,3,,,1,30,,1398,3,,,1,70,,1417,3,,,1,31,,1401,3,,,1,70,,1402,3,,,1,31,,1404,3,,,1,71,,1418,3,,,1,25,,1405,3,,,1,58,,1416,3,,,1,11,,1403,3,,,1,24,,1400,3,,,1,69,,1399,3,,,1,98,,1407,3,,,1,98,,1406,3,,,1,99,,1409,3,,,1,104,,1408,3,,,1
3903,'SEM',708,,1443,3,,,1,99,,1425,3,,,1,104,,5454,3,,,1,33,,1427,3,,,1,69,,5389,3,,,1,31,,1445,3,,,1,68,,1438,3,,,1,31,,5388,3,,,1,67,,1446,3,,,1,38,,1422,3,,,1,73,,1429,3,,,1,27,,1431,3,,,1,71,,1432,3,,,1,34,,1421,3,,,1,77,,1439,3,,,1,22,,1433,3,,,1,68,,1424,3,,,1,25,,1426,3,,,1,75,,1434,3,,,1,80,,1435,3,,,1,41,,1428,3,,,1,99,,1430,3,,,1,97,,1436,3,,,1,103,,1440,3,,,1,99,,1437,3,,,1,88,,1441,3,,,1
5001,'DIM',520,,2502,3,,,1,100,,2510,3,,,1,100,,2498,3,,,1,96,,2515,3,,,1,100,,2507,3,,,1,33,,2517,3,,,1,77,,2509,3,,,1,23,,2522,3,,,1,78,,2520,3,,,1,22,,2521,3,,,1,74,,2523,3,,,1,29,,2508,3,,,1,72,,2511,3,,,1,76,,2524,3,,,1,29,,2513,3,,,1,73,,2512,3,,,1,30,,2518,3,,,1,23,,2516,3,,,1,74,,2514,3,,,1,81,,2519,3,,,1,19,,2500,3,,,1,100,,2503,3,,,1,99,,2506,3,,,1,100,,2499,3,,,1,99,,2504,3,,,1,99,,2501,3,,,1,100,,2505,3,,,1
5001,'SAM',520,,2532,3,,,1,100,,2535,3,,,1,100,,2526,3,,,1,96,,2547,3,,,1,100,,2545,3,,,1,39,,2550,3,,,1,70,,2543,3,,,1,24,,2527,3,,,1,78,,2551,3,,,1,22,,2549,3,,,1,74,,2528,3,,,1,29,,2539,3,,,1,72,,2541,3,,,1,76,,2544,3,,,1,29,,2540,3,,,1,73,,2542,3,,,1,30,,2530,3,,,1,23,,2531,3,,,1,74,,2525,3,,,1,79,,2546,3,,,1,22,,2548,3,,,1,99,,2536,3,,,1,99,,2538,3,,,1,100,,2537,3,,,1,99,,2533,3,,,1,99,,2529,3,,,1,100,,2534,3,,,1
5001,'SEM',509,,2573,3,,,1,104,,2578,3,,,1,35,,2574,3,,,1,63,,2553,3,,,1,36,,5494,3,,,1,64,,2555,3,,,1,31,,2581,3,,,1,67,,2582,3,,,1,33,,2577,3,,,1,67,,2554,3,,,1,33,,2558,3,,,1,68,,2576,3,,,1,32,,2564,3,,,1,70,,2579,3,,,1,30,,2559,3,,,1,72,,2575,3,,,1,28,,2580,3,,,1,70,,2557,3,,,1,42,,2556,3,,,1,65,,2567,3,,,1,36,,2560,3,,,1,69,,2561,3,,,1,30,,2566,3,,,1,70,,2562,3,,,1,35,,2565,3,,,1,70,,2568,3,,,1,75,,2569,3,,,1,105,,5240,3,,,1,105,,2563,3,,,1,104,,2571,3,,,1,105,,2570,3,,,1,107,,2572,3,,,1
6001,'DIM',801,,3103,30,,,1,102,,3111,30,,,1,101,,3109,30,,,1,103,,3110,30,,,1,101,,3112,30,,,1,102,,3115,30,,,1,102,,3113,30,,,1,100,,3116,30,,,1,100,,3114,30,,,1,102,,3117,30,,,1,93,,3118,30,,,1,99,,3105,30,,,1,98,,3107,30,,,1,98,,3106,30,,,1,99,,3108,30,,,1,99,,3102,30,,,1,100,,3104,30,,,1
6001,'SAM',659,,3125,30,,,1,142,,3130,30,,,1,102,,3121,30,,,1,101,,3133,30,,,1,102,,3135,30,,,1,102,,3131,30,,,1,102,,3134,30,,,1,102,,3132,30,,,1,100,,3120,30,,,1,100,,3136,30,,,1,102,,3119,30,,,1,93,,3123,30,,,1,100,,3128,30,,,1,97,,3124,30,,,1,98,,3126,30,,,1,99,,3129,30,,,1,99,,3122,30,,,1,100,,3127,30,,,1
6001,'SEM',543,,3151,30,,,1,101,,3137,30,,,1,85,,3155,30,,,1,77,,5502,30,,,1,36,,3153,30,,,1,101,,3139,30,,,1,100,,3156,30,,,1,101,,3154,30,,,1,103,,3140,30,,,1,100,,3138,30,,,1,100,,5404,30,,,1,102,,3152,30,,,1,100,,3141,30,,,1,103,,3145,30,,,1,98,,3143,30,,,1,90,,3148,30,,,1,98,,3146,30,,,1,99,,3142,30,,,1,99,,3144,30,,,1,94,,3147,30,,,1
6304,'DIM',746,,3415,44,,,1,102,,3411,44,,,1,101,,3413,44,,,1,101,,3407,44,,,1,99,,3412,44,,,1,104,,3417,44,,,1,96,,3414,44,,,1,102,,3418,44,,,1,103,,3416,44,,,1,100,,3419,44,,,1,99,,3420,44,,,1,100,,3408,44,,,1,99,,3404,44,,,1,98,,3405,44,,,1,99,,3409,44,,,1,98,,3406,44,,,1,99,,3410,44,,,1
6304,'SAM',646,,3434,44,,,1,100,,3432,44,,,1,102,,3437,44,,,1,101,,3433,44,,,1,101,,3431,44,,,1,99,,3436,44,,,1,104,,3435,44,,,1,96,,3439,44,,,1,102,,3438,44,,,1,103,,3421,44,,,1,102,,3422,44,,,1,97,,3423,44,,,1,100,,3425,44,,,1,99,,3424,44,,,1,98,,3429,44,,,1,99,,3426,44,,,1,98,,3427,44,,,1,99,,3430,44,,,1,98,,3428,44,,,1
6304,'SEM',501,,3467,44,,,1,111,,3463,44,,,1,30,,3472,44,,,1,71,,3455,44,,,1,16,,3466,44,,,1,27,,3469,44,,,1,66,,3471,44,,,1,19,,3470,44,,,1,70,,3444,44,,,1,29,,3445,44,,,1,71,,3446,44,,,1,30,,3440,44,,,1,65,,3443,44,,,1,30,,3468,44,,,1,72,,5324,44,,,1,30,,3451,44,,,1,66,,3464,44,,,1,38,,3441,44,,,1,67,,3442,44,,,1,32,,3452,44,,,1,71,,3465,44,,,1,39,,3473,44,,,1,70,,3448,44,,,1,24,,3447,44,,,1,74,,3453,44,,,1,16,,3450,44,,,1,69,,3459,44,,,1,29,,3454,44,,,1,77,,3457,44,,,1,97,,3449,44,,,1,40,,3460,44,,,1,91,,3462,44,,,1,93,,3456,44,,,1,99,,3461,44,,,1
6504,'DIM',720,,3559,60,,,2,102,,3557,60,,,2,101,,3560,60,,,2,102,,3562,60,,,2,102,,3564,60,,,2,102,,3561,60,,,2,99,,3558,60,,,2,102,,3566,60,,,2,106,,3563,60,,,2,95,,3565,60,,,2,97,,3552,60,,,2,101,,3554,60,,,2,97,,3553,60,,,2,98,,3555,60,,,2,100,,3556,60,,,2,96,,3550,60,,,2,100,,3551,60,,,2
6504,'SAM',720,,3577,60,,,2,102,,3576,60,,,2,101,,3580,60,,,2,102,,3579,60,,,2,102,,3581,60,,,2,101,,3583,60,,,2,99,,3584,60,,,2,103,,3582,60,,,2,105,,3578,60,,,2,96,,3567,60,,,2,97,,3569,60,,,2,101,,3572,60,,,2,99,,3573,60,,,2,96,,3575,60,,,2,100,,3574,60,,,2,96,,3571,60,,,2,100,,3568,60,,,2,100,,3570,60,,,2
6504,'SEM',538,,3607,60,,,2,86,,3617,60,,,2,26,,3587,60,,,2,60,,3596,60,,,2,16,,3603,60,,,2,12,,3615,60,,,2,10,,3586,60,,,2,10,,3616,60,,,2,50,,3612,60,,,2,23,,3588,60,,,2,70,,3590,60,,,2,32,,3605,60,,,2,69,,3620,60,,,2,33,,3591,60,,,2,71,,3592,60,,,2,27,,3609,60,,,2,74,,3593,60,,,2,27,,3619,60,,,2,80,,3613,60,,,2,20,,3614,60,,,2,70,,3618,60,,,2,30,,3595,60,,,2,70,,3598,60,,,2,38,,3589,60,,,2,67,,3602,60,,,2,40,,3604,60,,,2,74,,3585,60,,,2,20,,3597,60,,,2,64,,3594,60,,,2,36,,3608,60,,,2,72,,3610,60,,,2,86,,3600,60,,,2,99,,3599,60,,,2,58,,3601,60,,,2,99,,3606,60,,,2,99,,5258,60,,,2,99,,3611,60,,,2
7601,'DIM',506,,4209,35,,,2,100,,4182,80,,,2,25,,4196,80,,,2,104,,4197,80,,,2,101,,4189,80,,,2,101,,4201,80,,,2,68,,4206,80,,,2,30,,4203,80,,,2,71,,4199,80,,,2,30,,4200,80,,,2,70,,4180,80,,,2,31,,4204,80,,,2,71,,4202,80,,,2,29,,4187,80,,,2,73,,4207,80,,,2,31,,4208,80,,,2,69,,4179,80,,,2,33,,4190,80,,,2,67,,4198,80,,,2,30,,4183,80,,,2,70,,4185,80,,,2,29,,4181,80,,,2,69,,4188,80,,,2,29,,4205,80,,,2,105,,4193,80,,,2,97,,4194,80,,,2,97,,4186,80,,,2,98,,4195,80,,,2,100,,4184,80,,,2,100,,4191,80,,,2,99,,4192,80,,,2
7601,'SAM',506,,4240,35,,,2,100,,4214,80,,,2,25,,4223,80,,,2,104,,4226,80,,,2,101,,4225,80,,,2,101,,4229,80,,,2,68,,4233,80,,,2,30,,4230,80,,,2,71,,4236,80,,,2,30,,4224,80,,,2,70,,4232,80,,,2,32,,4231,80,,,2,70,,4238,80,,,2,29,,4211,80,,,2,73,,4227,80,,,2,31,,4210,80,,,2,69,,4228,80,,,2,33,,4235,80,,,2,67,,4239,80,,,2,30,,4212,80,,,2,70,,4234,80,,,2,29,,4216,80,,,2,69,,4237,80,,,2,31,,4213,80,,,2,103,,4219,80,,,2,97,,4221,80,,,2,97,,4217,80,,,2,98,,4215,80,,,2,100,,4220,80,,,2,100,,4218,80,,,2,99,,4222,80,,,2
7601,'SEM',525,,4241,80,,,2,92,,4261,80,,,2,27,,4268,80,,,2,65,,4276,80,,,2,24,,4247,80,,,2,12,,4271,80,,,2,55,,4249,80,,,2,16,,4269,80,,,2,24,,4273,80,,,2,60,,4244,80,,,2,25,,4248,80,,,2,22,,4242,80,,,2,70,,4270,80,,,2,30,,4245,80,,,2,69,,4266,80,,,2,31,,4243,80,,,2,70,,4272,80,,,2,30,,4252,80,,,2,70,,4267,80,,,2,32,,4251,80,,,2,72,,5272,80,,,2,31,,4275,80,,,2,73,,4254,80,,,2,30,,4246,80,,,2,78,,4274,80,,,2,67,,4250,80,,,2,25,,4253,80,,,2,24,,4258,80,,,2,67,,4262,80,,,2,30,,4264,80,,,2,72,,4260,80,,,2,23,,4256,80,,,2,69,,4265,80,,,2,100,,4263,80,,,2,100,,4255,80,,,2,99,,4257,80,,,2,103,,4259,80,,,2
