202,'SAM',2625,,6879,19,,,1,81,,6880,19,,,1
202,'SEM',525,,6885,19,,,1,30,,6886,19,,,1,55,,6881,19,,,1,1999,,6882,19,,,1,41,,6883,19,,,1,81,,6884,19,,,1
3303,'DIM',706,,8014,51,,,1,132,,8018,51,,,1,171,,8016,51,,,1,132,,8013,51,,,1,168,,8015,51,,,1,130,,8010,51,,,1,170,,8017,51,,,1,133,,8019,51,,,1,167,,8020,51,,,1,130,,8012,51,,,1,169,,8011,51,,,1
3303,'SAM',706,,8024,51,,,1,132,,8025,51,,,1,171,,8027,51,,,1,132,,8028,51,,,1,168,,8029,51,,,1,130,,8026,51,,,1,170,,8031,51,,,1,136,,8030,51,,,1,164,,8022,51,,,1,130,,8023,51,,,1,169,,8021,51,,,1
3303,'SEM',555,,8053,28,,,1,80,,8043,51,,,1,73,,8054,28,,,1,25,,8044,51,,,1,74,,8033,51,,,1,26,,8051,51,,,1,100,,8050,51,,,1,100,,8045,51,,,1,100,,8048,51,,,1,94,,8036,51,,,1,106,,8047,51,,,1,101,,8032,51,,,1,87,,8049,51,,,1,33,,8052,51,,,1,66,,8046,51,,,1,99,,8034,51,,,1,28,,8035,51,,,1,74,,8041,51,,,1,80,,8037,51,,,1,31,,8039,51,,,1,103,,8038,51,,,1,103,,8042,51,,,1,104,,8040,51,,,1
4202,'DIM',517,,8661,90,,,2,42,,8702,90,,,2,66,,8672,90,,,2,30,,8660,90,,,2,71,,8684,90,,,2,30,,8682,90,,,2,73,,8703,90,,,2,72,,8687,90,,,2,31,,8683,90,,,2,72,,8691,90,,,2,31,,8695,90,,,2,23,,8701,90,,,2,62,,8697,90,,,2,22,,8688,90,,,2,62,,8693,90,,,2,19,,8689,90,,,2,20,,8692,90,,,2,58,,8677,90,,,2,23,,8680,90,,,2,20,,8679,90,,,2,62,,8681,90,,,2,19,,8686,90,,,2,20,,8685,90,,,2,58,,8705,90,,,2,22,,8698,90,,,2,21,,8694,90,,,2,61,,8690,90,,,2,21,,8700,90,,,2,19,,8665,90,,,2,60,,8666,90,,,2,21,,8667,90,,,2,23,,8699,90,,,2,75,,8696,90,,,2,74,,8704,90,,,2,29,,8676,90,,,2,30,,8663,90,,,2,72,,8662,90,,,2,70,,8671,90,,,2,28,,8659,90,,,2,27,,8668,90,,,2,68,,8678,90,,,2,28,,8664,90,,,2,70,,8670,90,,,2,30,,8674,90,,,2,67,,8675,90,,,2,29,,8669,90,,,2,76,,8673,90,,,2
4202,'SAM',517,,8708,90,,,2,42,,8710,90,,,2,66,,8728,90,,,2,30,,8706,90,,,2,71,,8736,90,,,2,30,,8734,90,,,2,73,,8711,90,,,2,72,,8742,90,,,2,31,,8738,90,,,2,72,,8737,90,,,2,31,,8741,90,,,2,23,,8753,90,,,2,62,,8747,90,,,2,22,,8751,90,,,2,61,,8746,90,,,2,20,,8749,90,,,2,20,,8731,90,,,2,58,,8744,90,,,2,22,,8735,90,,,2,21,,8727,90,,,2,61,,8733,90,,,2,20,,8707,90,,,2,20,,8740,90,,,2,58,,8739,90,,,2,22,,8732,90,,,2,21,,8743,90,,,2,61,,8709,90,,,2,20,,8745,90,,,2,19,,8748,90,,,2,61,,8714,90,,,2,21,,8750,90,,,2,23,,8752,90,,,2,74,,8720,90,,,2,34,,8722,90,,,2,70,,8724,90,,,2,30,,8726,90,,,2,75,,8712,90,,,2,67,,8715,90,,,2,28,,8729,90,,,2,27,,8717,90,,,2,68,,8719,90,,,2,31,,8713,90,,,2,66,,8716,90,,,2,30,,8718,90,,,2,68,,8721,90,,,2,29,,8723,90,,,2,76,,8725,90,,,2,30,,8730,90,,,2
4202,'SEM',518,,8792,90,,,2,97,,8794,90,,,2,33,,8798,90,,,2,57,,8801,90,,,2,16,,8754,90,,,2,10,,8756,90,,,2,11,,8759,90,,,2,9,,8762,90,,,2,50,,8800,90,,,2,12,,8797,90,,,2,21,,8757,90,,,2,18,,8771,90,,,2,61,,8758,90,,,2,22,,8802,90,,,2,22,,8799,90,,,2,59,,8760,90,,,2,21,,8793,90,,,2,20,,8755,90,,,2,59,,8796,90,,,2,21,,8764,90,,,2,20,,8787,90,,,2,61,,8795,90,,,2,24,,8765,90,,,2,17,,11969,90,,,2,64,,8767,90,,,2,20,,8769,90,,,2,61,,8770,90,,,2,23,,8763,90,,,2,17,,8772,90,,,2,61,,8773,90,,,2,20,,8774,90,,,2,21,,8761,90,,,2,61,,8776,90,,,2,20,,8803,90,,,2,20,,8779,90,,,2,60,,8780,90,,,2,20,,8781,90,,,2,21,,8783,90,,,2,57,,11965,90,,,2,22,,8786,90,,,2,20,,8766,90,,,2,62,,8775,90,,,2,24,,8768,90,,,2,19,,8790,90,,,2,70,,11968,90,,,2,85,,11967,90,,,2,36,,8791,90,,,2,67,,8777,90,,,2,29,,8778,90,,,2,68,,8782,90,,,2,26,,8784,90,,,2,76,,8789,90,,,2,27,,11966,90,,,2,71,,8788,90,,,2
6303,'DIM',744,,10176,22,,,1,100,,10178,22,,,1,101,,10169,22,,,1,96,,10177,22,,,1,103,,10181,22,,,1,96,,10179,22,,,1,103,,10182,22,,,1,103,,10180,22,,,1,101,,10183,22,,,1,100,,10184,22,,,1,100,,10170,22,,,1,98,,10166,22,,,1,99,,10167,22,,,1,100,,10172,22,,,1,100,,10168,22,,,1,100,,10173,22,,,1,99,,10171,22,,,1,100,,10174,22,,,1,99,,10175,22,,,1
6303,'SAM',643,,10198,22,,,1,101,,10202,22,,,1,100,,10199,22,,,1,101,,10197,22,,,1,96,,10201,22,,,1,103,,10200,22,,,1,96,,10204,22,,,1,103,,10203,22,,,1,103,,10185,22,,,1,103,,10186,22,,,1,98,,10187,22,,,1,100,,10189,22,,,1,98,,10188,22,,,1,99,,10193,22,,,1,100,,10190,22,,,1,100,,10191,22,,,1,100,,10194,22,,,1,99,,10192,22,,,1,100,,10195,22,,,1,99,,10196,22,,,1
6303,'SEM',603,,10220,22,,,1,20,,10230,22,,,1,15,,10231,22,,,1,76,,10237,22,,,1,14,,10235,22,,,1,74,,10209,22,,,1,23,,10211,22,,,1,34,,10212,22,,,1,73,,10205,22,,,1,25,,10208,22,,,1,73,,10234,22,,,1,27,,10222,22,,,1,70,,10238,22,,,1,26,,10232,22,,,1,78,,10206,22,,,1,27,,10207,22,,,1,70,,10236,22,,,1,30,,10233,22,,,1,72,,10239,22,,,1,72,,10214,22,,,1,26,,10213,22,,,1,74,,10218,22,,,1,19,,10216,22,,,1,25,,10210,22,,,1,73,,10219,22,,,1,81,,10217,22,,,1,58,,10215,22,,,1,81,,10223,22,,,1,94,,10226,22,,,1,95,,10221,22,,,1,88,,10224,22,,,1,106,,10225,22,,,1,99,,10229,22,,,1,104,,10227,22,,,1,94,,10228,22,,,1
34503,'SEM',439,,11786,19,,,1,101,,11787,19,,,1
