31303,'DIM',625,,4943,1,,,2
31303,'SAM',625,,4944,1,,,2
31303,'SEM',625,,4946,1,,,2,816,,4945,1,,,2
71303,'DIM',619,,5597,1,,,2,29,,5598,1,,,2,65,,5599,1,,,2
71303,'SAM',619,,5563,1,,,2,29,,5564,1,,,2,65,,5565,1,,,2
71303,'SEM',600,,4999,1,,,2,55,,5473,1,,,2,152,,5004,1,,,2,100,,5002,1,,,2,100,,5000,1,,,2,100,,5007,1,,,2,100,,5001,1,,,2,100,,5600,1,,,2,100,,5601,1,,,2,48,,5604,1,,,2,70,,5348,1,,,2,30,,5015,1,,,2,70,,5602,1,,,2,31,,5012,1,,,2,72,,5349,1,,,2,30,,5016,1,,,2,100,,5018,1,,,2,100,,5013,1,,,2,100,,5010,1,,,2,100,,5014,1,,,2,100,,5019,1,,,2,100,,5603,1,,,2,142,,5020,1,,,2
71304,'DIM',608,,5605,23,4,,2,27,,5607,23,4,,2,67,,5608,23,4,,2,25,,5609,23,4,,2,26,,5606,23,4,,2
71304,'SAM',608,,5570,23,4,,2,27,,5572,23,4,,2,67,,5573,23,4,,2,25,,5295,23,4,,2,26,,5571,23,4,,2
71304,'SEM',622,,5476,23,4,,2,30,,5052,23,4,,2,77,,5056,23,4,,2,29,,5049,23,4,,2,69,,5053,23,4,,2,29,,5477,23,4,,2,99,,5057,23,4,,2,95,,5059,23,4,,2,100,,5050,23,4,,2,100,,5610,23,4,,2,100,,5051,23,4,,2,101,,5611,23,4,,2,102,,5612,23,4,,2,89,,5061,23,4,,2,104,,5063,23,4,,2,98,,5066,23,4,,2,98,,5064,23,4,,2,98,,5067,23,4,,2,99,,5062,23,4,,2,100,,5060,23,4,,2,100,,5613,23,4,,2,109,,5068,23,4,,2
71403,'DIM',619,,5614,1,,,2,30,,5615,1,,,2,75,,5616,1,,,2
71403,'SAM',619,,5577,1,,,2,30,,5578,1,,,2,75,,5083,1,,,2
71404,'DIM',608,,5617,2,4,,2,30,,5619,2,4,,2,75,,5620,2,4,,2,30,,5618,2,4,,2
71404,'SAM',608,,5579,2,4,,2,30,,5581,2,4,,2,75,,5103,2,4,,2,30,,5580,2,4,,2
