'JANV25DIM',7601,53300,,'',2,2500,,'',2,9700,,'',2,9600,,'',2,10000,,'',2,7600,,'',2,2400,,'',2,7000,,'',2,3000,,'',2,7000,,'',2,3100,,'',2,7600,,'',2,2500,,'',2,7000,,'',2,3000,,'',2,7100,,'',2,2900,,'',2,7200,,'',2,3000,,'',2,7000,,'',2,3000,,'',2,7000,,'',2,7500,,'',2,10200,,'',2,5100,,'',2,10000,,'',2,10000,,'',2,10000,,'',2,10000,,'',2,10000,,'',2
'JANV25DIM',7602,65000,4,'',2,9500,4,'',2,10000,4,'',2,10100,4,'',2,7000,4,'',2,3000,4,'',2,7000,4,'',2,3100,4,'',2,7600,4,'',2,2400,4,'',2,7000,4,'',2,3000,4,'',2,7200,4,'',2,3000,4,'',2,7000,4,'',2,3100,4,'',2,7000,4,'',2,2900,4,'',2,7100,4,'',2,3500,4,'',2,6700,4,'',2,3200,4,'',2,9400,4,'',2,10000,4,'',2,10000,4,'',2,9900,4,'',2,10000,4,'',2,9900,4,'',2,9400,4,'',2
'JANV25SAM',7601,53300,,'',2,2500,,'',2,9700,,'',2,9600,,'',2,10000,,'',2,7600,,'',2,2400,,'',2,7000,,'',2,3000,,'',2,7000,,'',2,3100,,'',2,7700,,'',2,2400,,'',2,7000,,'',2,3000,,'',2,7100,,'',2,3000,,'',2,7100,,'',2,3000,,'',2,7000,,'',2,3000,,'',2,7000,,'',2,7500,,'',2,10200,,'',2,5100,,'',2,10000,,'',2,10000,,'',2,10000,,'',2,10000,,'',2,10000,,'',2
'JANV25SAM',7602,65000,4,'',2,9500,4,'',2,10000,4,'',2,10100,4,'',2,7000,4,'',2,3000,4,'',2,7000,4,'',2,3100,4,'',2,7700,4,'',2,2300,4,'',2,7000,4,'',2,3000,4,'',2,7200,4,'',2,3000,4,'',2,7100,4,'',2,3000,4,'',2,7000,4,'',2,2600,4,'',2,7400,4,'',2,3500,4,'',2,5800,4,'',2,4100,4,'',2,9400,4,'',2,10000,4,'',2,10000,4,'',2,9900,4,'',2,10000,4,'',2,9900,4,'',2,9900,4,'',2,10000,4,'',2
'JANV25SEM',7601,44900,,'',2,8500,,'',2,2000,,'',2,5600,,'',2,1500,,'',2,1000,,'',2,1200,,'',2,1200,,'',2,5500,,'',2,1500,,'',2,2500,,'',2,6500,,'',2,2000,,'',2,2000,,'',2,7600,,'',2,2400,,'',2,7000,,'',2,3000,,'',2,7000,,'',2,3000,,'',2,7000,,'',2,3000,,'',2,7000,,'',2,3000,,'',2,7000,,'',2,2100,,'',2,6900,,'',2,3000,,'',2,7300,,'',2,3500,,'',2,6500,,'',2,3600,,'',2,7400,,'',2,2500,,'',2,7100,,'',2,9900,,'',2,10000,,'',2,10000,,'',2,10400,,'',2
'JANV25SEM',7602,63800,4,'',2,2000,4,'',2,6500,4,'',2,2300,4,'',2,6400,4,'',2,2300,4,'',2,2000,4,'',2,5900,4,'',2,1800,4,'',2,2400,4,'',2,7000,4,'',2,3000,4,'',2,7000,4,'',2,3000,4,'',2,7000,4,'',2,2900,4,'',2,7100,4,'',2,2900,4,'',2,7100,4,'',2,2100,4,'',2,6600,4,'',2,2700,4,'',2,6700,4,'',2,2500,4,'',2,2200,4,'',2,6000,4,'',2,1800,4,'',2,2100,4,'',2,5900,4,'',2,1400,4,'',2,2100,4,'',2,6100,4,'',2,1700,4,'',2,2900,4,'',2,6900,4,'',2,9900,4,'',2,9900,4,'',2,9800,4,'',2,9900,4,'',2,11000,4,'',2
'JANV25SEM',73003,162400,4,'',2,400,4,'',2,400,4,'',2,9800,4,'',2,9800,4,'',2
'JANV25SEM',73004,60000,,'',2,10000,,'',2,2000,,'',2,200,,'',2,7800,,'',2
'JANV25DIM',90303,80400,4,'',2,10500,4,'',2,10100,4,'',2,10200,4,'',2,10000,4,'',2,10100,4,'',2,10000,4,'',2,9900,4,'',2,9700,4,'',2,10500,4,'',2,10000,4,'',2,9900,4,'',2,9900,4,'',2,9900,4,'',2,10000,4,'',2,9200,4,'',2,10000,4,'',2
'JANV25DIM',90304,81200,,'',2,10500,,'',2,10000,,'',2,10000,,'',2,10000,,'',2,10200,,'',2,9900,,'',2,9900,,'',2,9700,,'',2,10600,,'',2,10000,,'',2,9900,,'',2,10000,,'',2,10000,,'',2,10000,,'',2
'JANV25SAM',90303,70900,4,'',2,9500,4,'',2,10500,4,'',2,10100,4,'',2,10200,4,'',2,10000,4,'',2,10000,4,'',2,10100,4,'',2,10000,4,'',2,9600,4,'',2,10500,4,'',2,10000,4,'',2,9900,4,'',2,9900,4,'',2,9900,4,'',2,10000,4,'',2,9200,4,'',2,10000,4,'',2
'JANV25SAM',90304,62400,,'',2,9300,,'',2,9500,,'',2,10500,,'',2,10000,,'',2,10000,,'',2,10000,,'',2,10000,,'',2,10100,,'',2,10000,,'',2,9600,,'',2,10600,,'',2,10000,,'',2,9800,,'',2,10100,,'',2,10000,,'',2,10000,,'',2
'JANV25SEM',90303,70400,4,'',2,10200,4,'',2,10400,4,'',2,4900,4,'',2,10000,4,'',2,10000,4,'',2,14100,4,'',2,10000,4,'',2,5200,4,'',2,10700,4,'',2,5900,4,'',2,2200,4,'',2,6700,4,'',2,3100,4,'',2,6300,4,'',2,3200,4,'',2,7300,4,'',2,9500,4,'',2,9900,4,'',2,5700,4,'',2,10000,4,'',2,9700,4,'',2,10200,4,'',2
'JANV25SEM',90304,50200,,'',2,2800,,'',2,2500,,'',2,5400,,'',2,1500,,'',2,1000,,'',2,1000,,'',2,1000,,'',2,5500,,'',2,1500,,'',2,2500,,'',2,6200,,'',2,10400,,'',2,8900,,'',2,10000,,'',2,10000,,'',2,10100,,'',2,10000,,'',2,9500,,'',2,10400,,'',2,9900,,'',2,10000,,'',2,10800,,'',2,9500,,'',2,10000,,'',2,9600,,'',2,10200,,'',2
