1704,'DIM',506,,160,32,,,1,50,,161,32,,,1,101,,166,32,,,1,102,,159,32,,,1,141,,164,32,,,1,100,,163,32,,,1,101,,165,32,,,1,100,,167,32,,,1,101,,168,32,,,1,101,,162,32,,,1,102,,148,32,,,1,99,,149,32,,,1,100,,152,32,,,1,101,,154,32,,,1,98,,153,32,,,1,98,,151,32,,,1,100,,155,32,,,1,99,,158,32,,,1,59,,150,32,,,1,99,,156,32,,,1,96,,157,32,,,1
1704,'SAM',506,,181,32,,,1,50,,182,32,,,1,101,,188,32,,,1,102,,185,32,,,1,141,,180,32,,,1,100,,184,32,,,1,101,,189,32,,,1,100,,187,32,,,1,101,,186,32,,,1,101,,183,32,,,1,101,,170,32,,,1,100,,171,32,,,1,101,,173,32,,,1,100,,175,32,,,1,98,,169,32,,,1,98,,177,32,,,1,100,,174,32,,,1,99,,172,32,,,1,59,,176,32,,,1,99,,178,32,,,1,96,,179,32,,,1
1704,'SEM',518,,204,32,,,1,93,,208,32,,,1,22,,211,32,,,1,22,,191,32,,,1,67,,195,32,,,1,35,,196,32,,,1,61,,190,32,,,1,98,,193,32,,,1,85,,194,32,,,1,100,,197,32,,,1,100,,207,32,,,1,100,,209,32,,,1,100,,199,32,,,1,102,,210,32,,,1,101,,192,32,,,1,105,,200,32,,,1,95,,198,32,,,1,97,,201,32,,,1,101,,206,32,,,1,100,,5222,32,,,1,100,,202,32,,,1,100,,203,32,,,1,99,,205,32,,,1
2704,'DIM',752,,991,37,,,2,101,,992,37,,,2,100,,987,37,,,2,99,,989,37,,,2,98,,990,37,,,2,103,,986,37,,,2,95,,993,37,,,2,107,,988,37,,,2,100,,979,37,,,2,100,,983,37,,,2,100,,984,37,,,2,99,,980,37,,,2,100,,982,37,,,2,98,,981,37,,,2,100,,985,37,,,2,100,,978,37,,,2
2704,'SAM',651,,1006,37,,,2,101,,1002,37,,,2,101,,1003,37,,,2,100,,1001,37,,,2,99,,1010,37,,,2,100,,1005,37,,,2,101,,1008,37,,,2,94,,1004,37,,,2,108,,1007,37,,,2,100,,997,37,,,2,100,,998,37,,,2,93,,1000,37,,,2,106,,1009,37,,,2,100,,996,37,,,2,98,,999,37,,,2,100,,994,37,,,2,100,,995,37,,,2
2704,'SEM',615,,1032,37,,,2,28,,1012,37,,,2,68,,1029,37,,,2,28,,1015,37,,,2,67,,1016,37,,,2,28,,1034,37,,,2,66,,1031,37,,,2,49,,1030,37,,,2,100,,1019,37,,,2,108,,1011,37,,,2,95,,1033,37,,,2,87,,1014,37,,,2,106,,1013,37,,,2,107,,1024,37,,,2,77,,1025,37,,,2,80,,1020,37,,,2,13,,1017,37,,,2,31,,1018,37,,,2,71,,1022,37,,,2,35,,1027,37,,,2,100,,1023,37,,,2,85,,1026,37,,,2,95,,1021,37,,,2,104,,1028,37,,,2
3104,'DIM',626,,1107,42,,,1,103,,1108,42,,,1,100,,1106,42,,,1,101,,1112,42,,,1,101,,1113,42,,,1,100,,1111,42,,,1,100,,1109,42,,,1,103,,1097,42,,,1,101,,1110,42,,,1,100,,1096,42,,,1,101,,1095,42,,,1,99,,1100,42,,,1,98,,1102,42,,,1,102,,1101,42,,,1,96,,1103,42,,,1,100,,1099,42,,,1,99,,1098,42,,,1,98,,1104,42,,,1,102,,1105,42,,,1
3104,'SAM',526,,1130,42,,,1,100,,1123,42,,,1,103,,1126,42,,,1,100,,1125,42,,,1,101,,1128,42,,,1,101,,1132,42,,,1,100,,1133,42,,,1,100,,1127,42,,,1,102,,1122,42,,,1,101,,1129,42,,,1,101,,1124,42,,,1,101,,1131,42,,,1,100,,1118,42,,,1,98,,1120,42,,,1,99,,1116,42,,,1,99,,1121,42,,,1,99,,1114,42,,,1,99,,1115,42,,,1,98,,1117,42,,,1,102,,1119,42,,,1
3104,'SEM',450,,1142,42,,,1,77,,1143,42,,,1,91,,1154,42,,,1,21,,1156,42,,,1,63,,1136,42,,,1,34,,1155,42,,,1,68,,1152,42,,,1,29,,1150,42,,,1,75,,1151,42,,,1,22,,1153,42,,,1,100,,1134,42,,,1,102,,1135,42,,,1,100,,1138,42,,,1,101,,1157,42,,,1,100,,1137,42,,,1,102,,1140,42,,,1,100,,1141,42,,,1,96,,1139,42,,,1,103,,1144,42,,,1,97,,1149,42,,,1,105,,1148,42,,,1,99,,1145,42,,,1,102,,1146,42,,,1,100,,1147,42,,,1
3904,'DIM',835,,1465,42,,,1,112,,1459,42,,,1,82,,1466,42,,,1,30,,1469,42,,,1,73,,1460,42,,,1,27,,1458,42,,,1,73,,1468,42,,,1,69,,1463,42,,,1,34,,1452,42,,,1,67,,1467,42,,,1,30,,1461,42,,,1,71,,1462,42,,,1,32,,1451,42,,,1,70,,1464,42,,,1,31,,1447,42,,,1,71,,1448,42,,,1,28,,1453,42,,,1,68,,1454,42,,,1,29,,1455,42,,,1,83,,1456,42,,,1,98,,1449,42,,,1,100,,1457,42,,,1,100,,1450,42,,,1
3904,'SAM',835,,1485,42,,,1,112,,1478,42,,,1,82,,1489,42,,,1,30,,1479,42,,,1,70,,1470,42,,,1,30,,1476,42,,,1,76,,1482,42,,,1,66,,1480,42,,,1,34,,1486,42,,,1,67,,1477,42,,,1,30,,1483,42,,,1,71,,1484,42,,,1,31,,1490,42,,,1,71,,1481,42,,,1,32,,1487,42,,,1,64,,1488,42,,,1,34,,1491,42,,,1,68,,1492,42,,,1,29,,1471,42,,,1,86,,1472,42,,,1,97,,1474,42,,,1,98,,1473,42,,,1,100,,1475,42,,,1
3904,'SEM',629,,1516,42,,,1,27,,1509,42,,,1,54,,1515,42,,,1,11,,1497,42,,,1,30,,1512,42,,,1,71,,1493,42,,,1,31,,1510,42,,,1,70,,1517,42,,,1,35,,5391,42,,,1,68,,5455,42,,,1,33,,5392,42,,,1,70,,5393,42,,,1,71,,1513,42,,,1,28,,1504,42,,,1,72,,1508,42,,,1,27,,1514,42,,,1,78,,1494,42,,,1,34,,1499,42,,,1,70,,1501,42,,,1,31,,1502,42,,,1,102,,1518,42,,,1,110,,1505,42,,,1,98,,1506,42,,,1,104,,1498,42,,,1,100,,1500,42,,,1,94,,1503,42,,,1
7304,'DIM',541,,4008,60,,,1,70,,3997,60,,,1,102,,4001,60,,,1,101,,4004,60,,,1,101,,4000,60,,,1,101,,4002,60,,,1,100,,4005,60,,,1,100,,4009,60,,,1,102,,4003,60,,,1,101,,4006,60,,,1,101,,3999,60,,,1,100,,4007,60,,,1,100,,4010,60,,,1,100,,3993,60,,,1,99,,3990,60,,,1,97,,3996,60,,,1,100,,3992,60,,,1,99,,3991,60,,,1,98,,3994,60,,,1,101,,3995,60,,,1,99,,3998,60,,,1
7304,'SAM',541,,4032,60,,,1,70,,4022,60,,,1,102,,4027,60,,,1,101,,4024,60,,,1,101,,4023,60,,,1,101,,4028,60,,,1,100,,4030,60,,,1,101,,4026,60,,,1,101,,4014,60,,,1,101,,4029,60,,,1,101,,4025,60,,,1,100,,4031,60,,,1,100,,4033,60,,,1,100,,4013,60,,,1,98,,4011,60,,,1,98,,4012,60,,,1,100,,4016,60,,,1,99,,4015,60,,,1,98,,4017,60,,,1,101,,4018,60,,,1,99,,4020,60,,,1,100,,4019,60,,,1,99,,4021,60,,,1
7304,'SEM',503,,4063,60,,,1,41,,4060,60,,,1,82,,4066,60,,,1,18,,4069,60,,,1,71,,4065,60,,,1,14,,4062,60,,,1,14,,4040,60,,,1,68,,5468,60,,,1,14,,4061,60,,,1,15,,4067,60,,,1,65,,4056,60,,,1,31,,5469,60,,,1,80,,4035,60,,,1,29,,5471,60,,,1,70,,4064,60,,,1,30,,4037,60,,,1,71,,5470,60,,,1,36,,4049,60,,,1,66,,5268,60,,,1,30,,4068,60,,,1,70,,4038,60,,,1,30,,4039,60,,,1,73,,4046,60,,,1,31,,4034,60,,,1,72,,4043,60,,,1,79,,4053,60,,,1,22,,4051,60,,,1,27,,4045,60,,,1,69,,4052,60,,,1,36,,4047,60,,,1,60,,4057,60,,,1,30,,4044,60,,,1,70,,4054,60,,,1,30,,4055,60,,,1,73,,4048,60,,,1,97,,4059,60,,,1,99,,5269,60,,,1,103,,4058,60,,,1
7402,'DIM',642,,4133,73,,,2,101,,4136,73,,,2,101,,4138,73,,,2,101,,4137,73,,,2,101,,4135,73,,,2,100,,4134,73,,,2,101,,4141,73,,,2,100,,4140,73,,,2,103,,4142,73,,,2,99,,4139,73,,,2,99,,4127,73,,,2,102,,4126,73,,,2,98,,4128,73,,,2,98,,4130,73,,,2,100,,4129,73,,,2,100,,4131,73,,,2,98,,4132,73,,,2
7402,'SAM',642,,4150,73,,,2,101,,4154,73,,,2,101,,4152,73,,,2,101,,4149,73,,,2,101,,4153,73,,,2,100,,4155,73,,,2,101,,4158,73,,,2,101,,4151,73,,,2,100,,4156,73,,,2,101,,4159,73,,,2,100,,4157,73,,,2,100,,4143,73,,,2,99,,4145,73,,,2,98,,4147,73,,,2,100,,4146,73,,,2,100,,4148,73,,,2,98,,4144,73,,,2
7402,'SEM',600,,4173,73,,,2,49,,4178,73,,,2,60,,4161,73,,,2,41,,4172,73,,,2,100,,4162,73,,,2,99,,4160,73,,,2,99,,4164,73,,,2,101,,4174,73,,,2,97,,4177,73,,,2,100,,4163,73,,,2,101,,4176,73,,,2,102,,4175,73,,,2,100,,4165,73,,,2,97,,4166,73,,,2,100,,4169,73,,,2,98,,4171,73,,,2,99,,4167,73,,,2,103,,4168,73,,,2,98,,4170,73,,,2
