4201,'DIM',522,,8511,32,,,2,104,,8535,32,,,2,30,,8552,32,,,2,70,,1716,32,,,2,31,,8536,32,,,2,71,,8541,32,,,2,30,,8545,32,,,2,71,,8548,32,,,2,71,,8540,32,,,2,26,,8543,32,,,2,77,,8542,32,,,2,20,,8528,32,,,2,23,,8533,32,,,2,58,,8532,32,,,2,22,,8534,32,,,2,18,,8538,32,,,2,60,,8537,32,,,2,19,,8555,32,,,2,22,,8549,32,,,2,61,,8544,32,,,2,20,,1723,32,,,2,21,,8551,32,,,2,60,,8515,32,,,2,20,,8517,32,,,2,20,,8518,32,,,2,61,,8550,32,,,2,19,,8539,32,,,2,21,,8546,32,,,2,60,,8516,32,,,2,15,,8554,32,,,2,15,,8553,32,,,2,14,,8527,32,,,2,52,,8547,32,,,2,18,,8513,32,,,2,32,,8512,32,,,2,70,,8523,32,,,2,29,,8510,32,,,2,69,,8519,32,,,2,29,,8530,32,,,2,70,,8514,32,,,2,31,,8521,32,,,2,70,,8525,32,,,2,30,,8526,32,,,2,70,,8520,32,,,2,34,,8524,32,,,2,68,,8522,32,,,2,34,,8529,32,,,2,75,,8531,32,,,2
4201,'SAM',522,,8556,32,,,2,104,,8584,32,,,2,30,,8559,32,,,2,70,,8591,32,,,2,31,,8587,32,,,2,71,,8586,32,,,2,30,,8590,32,,,2,71,,8597,32,,,2,71,,8602,32,,,2,25,,8595,32,,,2,78,,8581,32,,,2,20,,8593,32,,,2,22,,8585,32,,,2,59,,8576,32,,,2,21,,8583,32,,,2,19,,8557,32,,,2,60,,8589,32,,,2,19,,8588,32,,,2,22,,8582,32,,,2,61,,8592,32,,,2,20,,8558,32,,,2,20,,8594,32,,,2,60,,8598,32,,,2,21,,8562,32,,,2,20,,8600,32,,,2,61,,8603,32,,,2,20,,8604,32,,,2,19,,8568,32,,,2,61,,8601,32,,,2,14,,8570,32,,,2,16,,8596,32,,,2,14,,8572,32,,,2,54,,8599,32,,,2,16,,8575,32,,,2,36,,8560,32,,,2,66,,8563,32,,,2,29,,8579,32,,,2,69,,8565,32,,,2,29,,8567,32,,,2,73,,8561,32,,,2,27,,8564,32,,,2,70,,8566,32,,,2,31,,8569,32,,,2,70,,8571,32,,,2,34,,8573,32,,,2,68,,8580,32,,,2,34,,8574,32,,,2,75,,8578,32,,,2,70,,8577,32,,,2
4201,'SEM',627,,8652,32,,,2,30,,8607,32,,,2,57,,8647,32,,,2,21,,8650,32,,,2,23,,8653,32,,,2,62,,8651,32,,,2,19,,8608,32,,,2,19,,8646,32,,,2,62,,8605,32,,,2,19,,8611,32,,,2,19,,8636,32,,,2,63,,8648,32,,,2,18,,8649,32,,,2,63,,8612,32,,,2,17,,11964,32,,,2,23,,8614,32,,,2,60,,8615,32,,,2,19,,8616,32,,,2,22,,8610,32,,,2,15,,8618,32,,,2,63,,8619,32,,,2,19,,8620,32,,,2,61,,8609,32,,,2,21,,8624,32,,,2,21,,8654,32,,,2,59,,8628,32,,,2,21,,8629,32,,,2,20,,8630,32,,,2,15,,8632,32,,,2,53,,8606,32,,,2,13,,11962,32,,,2,11,,8623,32,,,2,13,,8635,32,,,2,54,,8637,32,,,2,15,,8626,32,,,2,14,,8622,32,,,2,14,,8621,32,,,2,13,,8641,32,,,2,55,,8643,32,,,2,15,,8613,32,,,2,14,,8645,32,,,2,63,,8638,32,,,2,13,,8642,32,,,2,21,,8617,32,,,2,67,,8644,32,,,2,31,,8625,32,,,2,67,,8627,32,,,2,33,,8631,32,,,2,67,,8633,32,,,2,31,,8658,18,,,2,75,,11963,32,,,2,23,,8657,18,,,2,70,,8640,32,,,2,44,,8639,32,,,2
4803,'DIM',706,,9218,12,,,1,103,,9222,12,,,1,102,,9226,12,,,1,99,,9209,12,,,1,102,,9219,12,,,1,101,,9220,12,,,1,95,,9225,12,,,1,105,,9221,12,,,1,99,,9223,12,,,1,100,,9210,12,,,1,100,,9224,12,,,1,100,,9212,12,,,1,95,,9216,12,,,1,100,,9215,12,,,1,100,,9214,12,,,1,99,,2438,12,,,1,100,,9211,12,,,1,35,,9213,12,,,1,161,,9217,12,,,1
4803,'SAM',606,,2450,12,,,1,100,,9238,12,,,1,102,,9241,12,,,1,103,,9245,12,,,1,99,,9236,12,,,1,101,,9244,12,,,1,101,,9239,12,,,1,94,,9242,12,,,1,106,,9240,12,,,1,100,,9237,12,,,1,100,,9243,12,,,1,100,,9230,12,,,1,100,,9232,12,,,1,95,,9228,12,,,1,100,,9227,12,,,1,98,,9229,12,,,1,101,,9234,12,,,1,100,,9235,12,,,1,35,,9231,12,,,1,161,,9233,12,,,1
4803,'SEM',601,,9265,12,,,1,20,,9267,12,,,1,37,,9258,12,,,1,73,,9268,12,,,1,71,,9271,12,,,1,24,,9254,12,,,1,80,,9253,12,,,1,30,,9248,12,,,1,95,,9255,12,,,1,101,,9250,12,,,1,100,,9249,12,,,1,100,,9269,12,,,1,80,,9246,12,,,1,101,,9251,12,,,1,35,,9266,12,,,1,64,,9247,12,,,1,30,,9270,12,,,1,70,,9259,12,,,1,30,,9252,12,,,1,70,,9260,12,,,1,94,,9264,12,,,1,100,,9256,12,,,1,100,,9257,12,,,1,99,,11981,12,,,1,100,,9262,12,,,1,99,,9261,12,,,1,51,,9263,12,,,1,73,,11982,12,,,1
5801,'DIM',526,,9832,12,,,2,100,,9814,12,,,2,90,,9823,12,,,2,99,,9826,12,,,2,99,,9829,12,,,2,100,,9822,12,,,2,102,,9831,12,,,2,98,,9828,12,,,2,103,,9825,12,,,2,99,,9827,12,,,2,102,,9824,12,,,2,99,,9817,12,,,2,101,,9830,12,,,2,99,,9813,12,,,2,99,,9821,12,,,2,99,,9816,12,,,2,101,,9815,12,,,2,100,,9819,12,,,2,99,,9818,12,,,2,110,,9820,12,,,2
5801,'SAM',526,,9852,12,,,2,100,,9844,12,,,2,90,,9843,12,,,2,99,,9848,12,,,2,100,,9846,12,,,2,99,,9849,12,,,2,102,,9851,12,,,2,98,,9833,12,,,2,101,,9842,12,,,2,101,,9847,12,,,2,101,,9845,12,,,2,101,,9850,12,,,2,100,,9836,12,,,2,100,,9840,12,,,2,98,,9834,12,,,2,99,,9841,12,,,2,101,,9837,12,,,2,100,,9839,12,,,2,99,,9835,12,,,2,110,,9838,12,,,2
5801,'SEM',516,,9866,12,,,2,28,,9863,12,,,2,82,,9875,12,,,2,82,,9864,12,,,2,46,,9870,12,,,2,85,,9857,12,,,2,99,,9876,12,,,2,100,,9853,12,,,2,100,,9858,12,,,2,100,,9874,12,,,2,100,,9854,12,,,2,86,,9865,12,,,2,31,,9855,12,,,2,72,,9877,12,,,2,29,,9860,12,,,2,75,,9862,12,,,2,28,,9861,12,,,2,68,,9856,12,,,2,29,,9873,12,,,2,69,,9859,12,,,2,30,,9872,12,,,2,100,,11991,12,,,2,100,,9868,12,,,2,99,,9867,12,,,2,100,,9869,12,,,2,100,,9871,12,,,2
7002,'DIM',700,,10662,12,,,1,102,,10669,12,,,1,100,,3943,12,,,1,101,,10665,12,,,1,28,,10666,12,,,1,73,,10668,12,,,1,29,,10658,12,,,1,25,,10667,12,,,1,75,,10664,12,,,1,25,,10673,12,,,1,79,,10671,12,,,1,67,,10674,12,,,1,36,,10656,12,,,1,65,,10670,12,,,1,31,,10676,12,,,1,23,,10672,12,,,1,78,,10675,12,,,1,68,,10660,12,,,1,36,,10678,12,,,1,74,,3946,12,,,1,97,,10677,12,,,1,95,,10655,12,,,1,95,,10657,12,,,1,100,,10661,12,,,1,99,,10659,12,,,1,103,,10663,12,,,1
7002,'SAM',659,,10705,12,,,1,143,,10685,12,,,1,100,,10693,12,,,1,101,,10692,12,,,1,25,,10701,12,,,1,76,,10706,12,,,1,29,,10703,12,,,1,24,,10697,12,,,1,75,,10696,12,,,1,26,,10695,12,,,1,79,,10698,12,,,1,75,,10694,12,,,1,27,,10704,12,,,1,65,,10702,12,,,1,28,,10700,12,,,1,26,,10699,12,,,1,79,,10688,12,,,1,69,,10684,12,,,1,36,,10686,12,,,1,74,,10681,12,,,1,96,,10690,12,,,1,95,,10682,12,,,1,96,,10683,12,,,1,99,,10689,12,,,1,99,,10687,12,,,1,103,,10691,12,,,1
7002,'SEM',534,,10714,12,,,1,96,,10734,12,,,1,26,,10735,12,,,1,73,,10713,12,,,1,77,,10716,12,,,1,27,,10718,12,,,1,70,,10733,12,,,1,30,,10711,12,,,1,70,,10740,12,,,1,30,,10719,12,,,1,67,,10741,12,,,1,33,,10736,12,,,1,26,,10738,12,,,1,74,,10737,12,,,1,69,,10712,12,,,1,30,,10739,12,,,1,24,,10732,12,,,1,76,,10717,12,,,1,71,,10720,12,,,1,30,,10715,12,,,1,70,,10709,12,,,1,33,,10710,12,,,1,68,,10723,12,,,1,33,,10724,12,,,1,66,,10728,12,,,1,33,,10727,12,,,1,91,,10725,12,,,1,82,,10729,12,,,1,94,,10721,12,,,1,112,,10726,12,,,1,106,,10722,12,,,1,99,,10731,12,,,1,105,,10730,12,,,1
