2401,'DIM',649,,442,15,0,7,1,96,,439,15,0,7,1,107,,446,15,0,7,1,99,,443,15,0,7,1,102,,436,15,0,7,1,70,,440,15,0,7,1,29,,428,15,0,7,1,71,,452,15,0,7,1,30,,445,15,0,7,1,72,,441,15,0,7,1,24,,447,15,0,7,1,76,,450,15,0,7,1,25,,444,15,0,7,1,77,,453,15,0,7,1,23,,451,15,0,7,1,76,,449,15,0,7,1,30,,429,15,0,7,1,68,,448,15,0,7,1,31,,432,15,0,7,1,99,,437,15,0,7,1,100,,434,15,0,7,1,99,,430,15,0,7,1,98,,433,15,0,7,1,100,,431,15,0,7,1,93,,435,15,0,7,1,101,,438,15,0,7,1
2401,'SAM',621,,467,15,0,7,1,27,,476,15,0,7,1,97,,466,15,0,7,1,107,,471,15,0,7,1,99,,464,15,0,7,1,102,,475,15,0,7,1,70,,5346,15,0,7,1,29,,478,15,0,7,1,71,,459,15,0,7,1,31,,472,15,0,7,1,71,,465,15,0,7,1,25,,468,15,0,7,1,75,,473,15,0,7,1,29,,477,15,0,7,1,73,,469,15,0,7,1,22,,479,15,0,7,1,77,,470,15,0,7,1,30,,480,15,0,7,1,68,,454,15,0,7,1,31,,458,15,0,7,1,99,,460,15,0,7,1,100,,455,15,0,7,1,99,,463,15,0,7,1,98,,456,15,0,7,1,100,,461,15,0,7,1,95,,457,15,0,7,1,99,,462,15,0,7,1
2401,'SEM',459,,490,15,0,7,1,78,,510,15,0,7,1,76,,481,15,0,7,1,15,,482,15,0,7,1,10,,504,15,0,7,1,10,,489,15,0,7,1,8,,515,15,0,7,1,58,,5347,15,0,7,1,15,,499,15,0,7,1,15,,484,15,0,7,1,14,,487,15,0,7,1,66,,512,15,0,7,1,27,,486,15,0,7,1,71,,488,15,0,7,1,30,,513,15,0,7,1,69,,492,15,0,7,1,30,,496,15,0,7,1,72,,514,15,0,7,1,28,,485,15,0,7,1,70,,509,15,0,7,1,30,,511,15,0,7,1,70,,483,15,0,7,1,30,,516,15,0,7,1,71,,491,15,0,7,1,30,,495,15,0,7,1,80,,517,15,0,7,1,27,,502,15,0,7,1,60,,501,15,0,7,1,33,,493,15,0,7,1,74,,494,15,0,7,1,27,,500,15,0,7,1,74,,506,15,0,7,1,99,,508,15,0,7,1,88,,497,15,0,7,1,100,,498,15,0,7,1,100,,503,15,0,7,1,99,,505,15,0,7,1,100,,507,15,0,7,1
6601,'DIM',551,,3697,23,0,7,1,106,,3695,23,0,7,1,96,,3699,23,0,7,1,100,,3694,23,0,7,1,72,,3692,23,0,7,1,31,,3698,23,0,7,1,76,,3705,23,0,7,1,71,,3696,23,0,7,1,30,,3690,23,0,7,1,24,,3702,23,0,7,1,95,,3693,23,0,7,1,107,,3706,23,0,7,1,145,,3701,23,0,7,1,96,,3700,23,0,7,1,100,,3703,23,0,7,1,100,,3704,23,0,7,1,59,,3688,23,0,7,1,98,,3687,23,0,7,1,100,,3691,23,0,7,1,98,,3689,23,0,7,1
6601,'SAM',551,,3716,23,0,7,1,106,,3721,23,0,7,1,96,,3717,23,0,7,1,100,,3719,23,0,7,1,72,,3709,23,0,7,1,31,,3724,23,0,7,1,76,,3725,23,0,7,1,71,,3720,23,0,7,1,30,,3707,23,0,7,1,24,,5379,23,0,7,1,101,,3726,23,0,7,1,101,,3718,23,0,7,1,144,,3710,23,0,7,1,97,,3722,23,0,7,1,100,,3708,23,0,7,1,100,,3712,23,0,7,1,57,,3713,23,0,7,1,100,,3715,23,0,7,1,100,,3714,23,0,7,1,98,,3711,23,0,7,1
6601,'SEM',634,,3727,23,0,7,1,105,,3728,23,0,7,1,97,,3731,23,0,7,1,101,,3729,23,0,7,1,104,,3737,23,0,7,1,99,,3730,23,0,7,1,102,,5380,23,0,7,1,101,,3736,23,0,7,1,100,,3733,23,0,7,1,75,,3738,23,0,7,1,88,,3734,23,0,7,1,105,,3739,23,0,7,1,97,,3735,23,0,7,1,100,,3742,23,0,7,1,96,,3741,23,0,7,1,101,,3743,23,0,7,1,96,,3740,23,0,7,1
14401,'DIM',613,,4463,25,0,7,2,41,,4465,25,0,7,2,99,,4459,25,0,7,2,100,,4467,25,0,7,2,96,,4478,25,0,7,2,73,,4470,25,0,7,2,29,,4466,25,0,7,2,72,,4468,25,0,7,2,32,,4464,25,0,7,2,70,,4469,25,0,7,2,33,,4471,25,0,7,2,74,,4480,25,0,7,2,70,,4474,25,0,7,2,34,,4473,25,0,7,2,73,,4479,25,0,7,2,28,,4477,25,0,7,2,75,,4476,25,0,7,2,33,,4475,25,0,7,2,68,,4472,25,0,7,2,34,,4457,25,0,7,2,101,,4461,25,0,7,2,82,,4460,25,0,7,2,97,,4462,25,0,7,2,100,,4456,25,0,7,2,99,,4455,25,0,7,2,100,,4458,25,0,7,2
14401,'SAM',611,,4495,25,0,7,2,43,,4496,25,0,7,2,99,,4492,25,0,7,2,100,,4500,25,0,7,2,96,,4506,25,0,7,2,73,,4501,25,0,7,2,29,,4507,25,0,7,2,72,,4502,25,0,7,2,32,,4497,25,0,7,2,70,,4503,25,0,7,2,33,,4482,25,0,7,2,74,,4499,25,0,7,2,70,,4498,25,0,7,2,34,,4481,25,0,7,2,73,,4487,25,0,7,2,28,,4505,25,0,7,2,75,,4504,25,0,7,2,33,,4486,25,0,7,2,68,,4508,25,0,7,2,34,,4483,25,0,7,2,101,,4484,25,0,7,2,82,,4491,25,0,7,2,97,,4485,25,0,7,2,100,,4488,25,0,7,2,99,,4493,25,0,7,2,100,,4489,25,0,7,2,100,,4490,25,0,7,2,101,,4494,25,0,7,2
14401,'SEM',544,,4536,25,0,7,2,72,,4538,25,0,7,2,17,,4540,25,0,7,2,14,,4513,25,0,7,2,55,,4515,25,0,7,2,16,,4539,25,0,7,2,15,,5395,25,0,7,2,14,,4541,25,0,7,2,54,,4533,25,0,7,2,15,,4516,25,0,7,2,16,,4509,25,0,7,2,24,,4520,25,0,7,2,62,,4527,25,0,7,2,18,,4523,25,0,7,2,70,,4510,25,0,7,2,30,,4519,25,0,7,2,74,,4535,25,0,7,2,31,,4522,25,0,7,2,70,,4524,25,0,7,2,35,,4511,25,0,7,2,71,,4537,25,0,7,2,30,,4512,25,0,7,2,75,,4514,25,0,7,2,34,,4518,25,0,7,2,69,,4526,25,0,7,2,100,,4517,25,0,7,2,86,,4521,25,0,7,2,101,,4531,25,0,7,2,100,,4529,25,0,7,2,93,,4532,25,0,7,2,100,,4525,25,0,7,2,95,,4528,25,0,7,2,106,,4530,25,0,7,2,101,,4534,25,0,7,2
24401,'SEM',625,,4974,25,0,7,2,15,,4972,25,0,7,2,15,,4973,25,0,7,2
