2402,'DIM',730,,531,46,,,1,107,,537,46,,,1,99,,534,46,,,1,99,,528,46,,,1,74,,532,46,,,1,25,,518,46,,,1,75,,543,46,,,1,30,,536,46,,,1,71,,533,46,,,1,24,,538,46,,,1,76,,541,46,,,1,25,,535,46,,,1,75,,544,46,,,1,25,,542,46,,,1,76,,540,46,,,1,30,,519,46,,,1,69,,539,46,,,1,29,,523,46,,,1,69,,521,46,,,1,32,,529,46,,,1,100,,525,46,,,1,99,,520,46,,,1,98,,524,46,,,1,99,,522,46,,,1,94,,527,46,,,1,101,,530,46,,,1,97,,526,46,,,1
2402,'SAM',634,,567,46,,,1,97,,558,46,,,1,106,,562,46,,,1,99,,556,46,,,1,100,,566,46,,,1,73,,5348,46,,,1,25,,569,46,,,1,75,,550,46,,,1,30,,563,46,,,1,71,,557,46,,,1,25,,559,46,,,1,75,,564,46,,,1,29,,568,46,,,1,71,,560,46,,,1,24,,570,46,,,1,77,,561,46,,,1,30,,572,46,,,1,69,,545,46,,,1,29,,549,46,,,1,69,,571,46,,,1,32,,552,46,,,1,100,,546,46,,,1,99,,555,46,,,1,98,,547,46,,,1,99,,553,46,,,1,94,,548,46,,,1,101,,554,46,,,1,100,,551,46,,,1
2402,'SEM',559,,573,46,,,1,83,,608,46,,,1,80,,602,46,,,1,21,,578,46,,,1,66,,605,46,,,1,27,,577,46,,,1,71,,579,46,,,1,29,,606,46,,,1,69,,582,46,,,1,30,,588,46,,,1,70,,5565,46,,,1,30,,576,46,,,1,70,,603,46,,,1,30,,604,46,,,1,70,,575,46,,,1,31,,609,46,,,1,71,,580,46,,,1,30,,586,46,,,1,71,,610,46,,,1,24,,581,46,,,1,22,,591,46,,,1,60,,5349,46,,,1,22,,584,46,,,1,64,,587,46,,,1,18,,583,46,,,1,18,,590,46,,,1,23,,594,46,,,1,54,,597,46,,,1,18,,585,46,,,1,18,,592,46,,,1,61,,600,46,,,1,49,,589,46,,,1,98,,598,46,,,1,100,,593,46,,,1,99,,595,46,,,1,103,,599,46,,,1,99,,596,46,,,1,95,,601,46,,,1
2602,'DIM',600,,810,7,,,2,39,,774,32,,,2,64,,793,32,,,2,26,,789,32,,,2,76,,792,32,,,2,25,,791,32,,,2,70,,802,32,,,2,31,,797,32,,,2,69,,805,32,,,2,31,,804,32,,,2,20,,770,32,,,2,60,,769,32,,,2,20,,806,32,,,2,20,,794,32,,,2,60,,798,32,,,2,20,,795,32,,,2,21,,809,32,,,2,59,,782,32,,,2,21,,788,32,,,2,21,,790,32,,,2,61,,801,32,,,2,18,,786,32,,,2,20,,807,32,,,2,61,,800,32,,,2,19,,768,32,,,2,20,,764,32,,,2,60,,796,32,,,2,20,,808,32,,,2,21,,799,32,,,2,63,,778,32,,,2,41,,803,32,,,2,71,,765,32,,,2,29,,777,32,,,2,70,,780,32,,,2,29,,783,32,,,2,70,,766,32,,,2,28,,775,32,,,2,70,,784,32,,,2,30,,767,32,,,2,70,,776,32,,,2,30,,771,32,,,2,68,,779,32,,,2,23,,773,32,,,2,70,,772,32,,,2,36,,781,32,,,2,85,,785,32,,,2,76,,787,32,,,2
2602,'SAM',559,,857,7,,,2,80,,829,32,,,2,64,,841,32,,,2,26,,836,32,,,2,30,,840,32,,,2,71,,839,32,,,2,70,,849,32,,,2,31,,845,32,,,2,69,,842,32,,,2,31,,850,32,,,2,20,,835,32,,,2,60,,856,32,,,2,22,,843,32,,,2,20,,838,32,,,2,58,,853,32,,,2,20,,834,32,,,2,21,,848,32,,,2,59,,855,32,,,2,20,,837,32,,,2,22,,812,32,,,2,60,,854,32,,,2,19,,851,32,,,2,20,,813,32,,,2,61,,846,32,,,2,19,,815,32,,,2,20,,847,32,,,2,60,,852,32,,,2,23,,821,32,,,2,18,,844,32,,,2,63,,825,32,,,2,41,,814,32,,,2,71,,811,32,,,2,29,,816,32,,,2,70,,817,32,,,2,29,,819,32,,,2,70,,831,32,,,2,28,,824,32,,,2,70,,826,32,,,2,30,,818,32,,,2,70,,822,32,,,2,30,,827,32,,,2,68,,820,32,,,2,29,,823,32,,,2,70,,828,32,,,2,30,,832,32,,,2,85,,830,32,,,2,77,,833,32,,,2
2602,'SEM',515,,877,32,,,2,32,,914,32,,,2,61,,918,7,,,2,9,,904,32,,,2,23,,858,32,,,2,16,,889,32,,,2,51,,907,32,,,2,25,,5276,32,,,2,22,,5277,32,,,2,58,,863,32,,,2,10,,862,32,,,2,12,,895,32,,,2,17,,880,32,,,2,55,,860,32,,,2,20,,5570,32,,,2,23,,917,32,,,2,57,,908,32,,,2,22,,871,32,,,2,19,,905,32,,,2,60,,873,32,,,2,21,,874,32,,,2,19,,909,32,,,2,60,,912,32,,,2,24,,910,32,,,2,19,,906,32,,,2,61,,5569,32,,,2,21,,859,32,,,2,10,,913,32,,,2,15,,865,32,,,2,58,,868,32,,,2,22,,861,32,,,2,66,,885,32,,,2,16,,887,32,,,2,11,,864,32,,,2,6,,915,32,,,2,4,,866,32,,,2,16,,869,32,,,2,57,,916,32,,,2,17,,875,32,,,2,15,,879,32,,,2,57,,870,32,,,2,15,,893,32,,,2,17,,891,32,,,2,15,,872,32,,,2,62,,876,32,,,2,16,,878,32,,,2,21,,886,32,,,2,61,,902,32,,,2,18,,890,32,,,2,17,,892,32,,,2,59,,901,32,,,2,23,,882,32,,,2,20,,903,32,,,2,60,,881,32,,,2,21,,884,32,,,2,29,,883,32,,,2,76,,888,32,,,2,79,,898,32,,,2,25,,897,32,,,2,68,,894,32,,,2,35,,900,32,,,2,66,,896,32,,,2,39,,899,32,,,2
6602,'DIM',722,,3748,42,,,1,108,,3752,42,,,1,103,,3754,42,,,1,101,,3753,42,,,1,99,,3755,42,,,1,95,,3751,42,,,1,107,,3761,42,,,1,171,,3758,42,,,1,95,,3757,42,,,1,34,,3756,42,,,1,71,,3745,42,,,1,31,,3760,42,,,1,65,,3759,42,,,1,32,,3746,42,,,1,99,,3744,42,,,1,100,,3749,42,,,1,99,,3747,42,,,1,91,,3750,42,,,1
6602,'SAM',722,,3771,42,,,1,108,,3774,42,,,1,103,,3778,42,,,1,101,,3775,42,,,1,99,,3776,42,,,1,101,,3762,42,,,1,101,,3773,42,,,1,171,,3777,42,,,1,100,,3765,42,,,1,30,,3763,42,,,1,68,,3779,42,,,1,33,,3768,42,,,1,65,,3764,42,,,1,32,,3769,42,,,1,99,,3772,42,,,1,100,,3770,42,,,1,99,,3767,42,,,1,91,,3766,42,,,1
6602,'SEM',706,,5381,42,,,1,101,,3780,42,,,1,106,,3781,42,,,1,105,,3786,42,,,1,99,,3782,42,,,1,102,,5477,42,,,1,100,,3785,42,,,1,100,,3795,42,,,1,32,,5623,42,,,1,90,,3784,42,,,1,104,,3788,42,,,1,99,,3794,42,,,1,95,,3789,42,,,1,102,,3792,42,,,1,101,,3793,42,,,1,96,,3791,42,,,1,71,,3790,42,,,1
22602,'SEM',1548,,4964,32,,,2,58,,4962,32,,,2,15,,4963,32,,,2,16,,4966,32,,,2,14,,4960,32,,,2,58,,4967,32,,,2,17,,4969,32,,,2,13,,4970,32,,,2,61,,4961,32,,,2,20,,4965,32,,,2,21,,4968,32,,,2,60,,4971,32,,,2
