1704,'DIM',507,,7029,35,,,1,50,,7030,35,,,1,101,,7034,35,,,1,143,,7028,35,,,1,101,,165,35,,,1,101,,7032,35,,,1,101,,7033,35,,,1,100,,7035,35,,,1,101,,7036,35,,,1,101,,7031,35,,,1,102,,7017,35,,,1,99,,7018,35,,,1,100,,7021,35,,,1,100,,7023,35,,,1,98,,7022,35,,,1,98,,7020,35,,,1,100,,7024,35,,,1,98,,7027,35,,,1,99,,7019,35,,,1,59,,7025,35,,,1,96,,7026,35,,,1
1704,'SAM',507,,7049,35,,,1,50,,7050,35,,,1,101,,7056,35,,,1,143,,7053,35,,,1,101,,7048,35,,,1,101,,7052,35,,,1,101,,7057,35,,,1,100,,7055,35,,,1,101,,7054,35,,,1,101,,7051,35,,,1,101,,7038,35,,,1,100,,7039,35,,,1,101,,7041,35,,,1,99,,7043,35,,,1,98,,7037,35,,,1,98,,7045,35,,,1,100,,7042,35,,,1,98,,7040,35,,,1,99,,7044,35,,,1,59,,7046,35,,,1,96,,7047,35,,,1
1704,'SEM',519,,7072,35,,,1,94,,7077,35,,,1,22,,7080,35,,,1,22,,7059,35,,,1,67,,7063,35,,,1,76,,7064,35,,,1,21,,7058,35,,,1,98,,7061,35,,,1,85,,7062,35,,,1,100,,7065,35,,,1,100,,7076,35,,,1,100,,7078,35,,,1,100,,7067,35,,,1,102,,7079,35,,,1,101,,7060,35,,,1,105,,7068,35,,,1,95,,7066,35,,,1,97,,7069,35,,,1,100,,7074,35,,,1,100,,7075,35,,,1,99,,7070,35,,,1,100,,7071,35,,,1,99,,7073,35,,,1
2704,'DIM',754,,7846,40,,,2,101,,7847,40,,,2,100,,7842,40,,,2,99,,7844,40,,,2,98,,7845,40,,,2,103,,7841,40,,,2,95,,7848,40,,,2,107,,7843,40,,,2,100,,7834,40,,,2,100,,7838,40,,,2,100,,7839,40,,,2,99,,7835,40,,,2,100,,7837,40,,,2,98,,7836,40,,,2,100,,7840,40,,,2,100,,7833,40,,,2
2704,'SAM',653,,7861,40,,,2,101,,7857,40,,,2,101,,7858,40,,,2,100,,7856,40,,,2,99,,7865,40,,,2,100,,7860,40,,,2,101,,7863,40,,,2,94,,7859,40,,,2,108,,7862,40,,,2,100,,7852,40,,,2,100,,7853,40,,,2,93,,7855,40,,,2,106,,7864,40,,,2,100,,7851,40,,,2,98,,7854,40,,,2,100,,7849,40,,,2,100,,7850,40,,,2
2704,'SEM',617,,7887,40,,,2,28,,7867,40,,,2,68,,7884,40,,,2,28,,7870,40,,,2,67,,7871,40,,,2,28,,7889,40,,,2,66,,7886,40,,,2,49,,7885,40,,,2,100,,7874,40,,,2,108,,7866,40,,,2,95,,7888,40,,,2,87,,7869,40,,,2,106,,7868,40,,,2,107,,7879,40,,,2,77,,7880,40,,,2,80,,7875,40,,,2,13,,7872,40,,,2,31,,7873,40,,,2,71,,7877,40,,,2,75,,7882,40,,,2,100,,7878,40,,,2,45,,7881,40,,,2,95,,7876,40,,,2,104,,7883,40,,,2
3104,'DIM',627,,7960,45,,,1,104,,7961,45,,,1,100,,7959,45,,,1,102,,7965,45,,,1,101,,7966,45,,,1,100,,7964,45,,,1,100,,7962,45,,,1,103,,7950,45,,,1,101,,7963,45,,,1,100,,7949,45,,,1,101,,7948,45,,,1,99,,7953,45,,,1,97,,7955,45,,,1,102,,7954,45,,,1,96,,7956,45,,,1,99,,7952,45,,,1,99,,7951,45,,,1,98,,7957,45,,,1,102,,7958,45,,,1
3104,'SAM',527,,1137,45,,,1,100,,7976,45,,,1,104,,7979,45,,,1,100,,7978,45,,,1,102,,7981,45,,,1,101,,7984,45,,,1,100,,7985,45,,,1,100,,7980,45,,,1,102,,7975,45,,,1,101,,7982,45,,,1,101,,7977,45,,,1,101,,7983,45,,,1,100,,7971,45,,,1,97,,7973,45,,,1,99,,7969,45,,,1,99,,7974,45,,,1,98,,7967,45,,,1,99,,7968,45,,,1,98,,7970,45,,,1,102,,7972,45,,,1
3104,'SEM',451,,7994,45,,,1,77,,7995,45,,,1,92,,8006,45,,,1,21,,8008,45,,,1,64,,7988,45,,,1,34,,8007,45,,,1,68,,8004,45,,,1,29,,8002,45,,,1,75,,8003,45,,,1,22,,8005,45,,,1,100,,7986,45,,,1,102,,7987,45,,,1,100,,7990,45,,,1,101,,8009,45,,,1,100,,7989,45,,,1,102,,7992,45,,,1,100,,7993,45,,,1,96,,7991,45,,,1,103,,7996,45,,,1,96,,8001,45,,,1,105,,8000,45,,,1,99,,7997,45,,,1,101,,7998,45,,,1,100,,7999,45,,,1
3904,'DIM',838,,8313,45,,,1,112,,8307,45,,,1,82,,8314,45,,,1,70,,8317,45,,,1,33,,8308,45,,,1,67,,8306,45,,,1,33,,8316,45,,,1,69,,8311,45,,,1,34,,8300,45,,,1,67,,8315,45,,,1,30,,8309,45,,,1,71,,8310,45,,,1,32,,8299,45,,,1,70,,8312,45,,,1,31,,8295,45,,,1,71,,8296,45,,,1,28,,8301,45,,,1,68,,8302,45,,,1,29,,8303,45,,,1,83,,8304,45,,,1,98,,8297,45,,,1,100,,8305,45,,,1,99,,8298,45,,,1
3904,'SAM',838,,8333,45,,,1,112,,8326,45,,,1,82,,8337,45,,,1,70,,8327,45,,,1,30,,8318,45,,,1,70,,8324,45,,,1,36,,8330,45,,,1,66,,8328,45,,,1,34,,8334,45,,,1,67,,8325,45,,,1,30,,8331,45,,,1,71,,8332,45,,,1,31,,8338,45,,,1,71,,8329,45,,,1,32,,8335,45,,,1,64,,8336,45,,,1,34,,8339,45,,,1,68,,8340,45,,,1,29,,8319,45,,,1,86,,8320,45,,,1,97,,8322,45,,,1,98,,8321,45,,,1,99,,8323,45,,,1
3904,'SEM',632,,8364,45,,,1,27,,8357,45,,,1,54,,8363,45,,,1,11,,8345,45,,,1,30,,8360,45,,,1,71,,8341,45,,,1,31,,8358,45,,,1,70,,8365,45,,,1,75,,8343,45,,,1,28,,8344,45,,,1,73,,8355,45,,,1,30,,8359,45,,,1,71,,8361,45,,,1,28,,8352,45,,,1,72,,8356,45,,,1,27,,8362,45,,,1,78,,8342,45,,,1,34,,8347,45,,,1,70,,8349,45,,,1,31,,8350,45,,,1,102,,8366,45,,,1,110,,8353,45,,,1,98,,8354,45,,,1,104,,8346,45,,,1,100,,8348,45,,,1,93,,8351,45,,,1
4304,'DIM',504,,8893,20,,,1,103,,8887,20,,,1,100,,8883,20,,,1,102,,8885,20,,,1,101,,8890,20,,,1,100,,8888,20,,,1,106,,8889,20,,,1,100,,8886,20,,,1,100,,8894,20,,,1,100,,8891,20,,,1,104,,8892,20,,,1,99,,8875,20,,,1,99,,8876,20,,,1,102,,8878,20,,,1,94,,8881,20,,,1,98,,8880,20,,,1,99,,8877,20,,,1,99,,8879,20,,,1,100,,8884,20,,,1,100,,8882,20,,,1
4304,'SAM',504,,8911,20,,,1,103,,8908,20,,,1,100,,8905,20,,,1,102,,8896,20,,,1,101,,8912,20,,,1,100,,8897,20,,,1,106,,8898,20,,,1,100,,8909,20,,,1,100,,8906,20,,,1,100,,8913,20,,,1,103,,8907,20,,,1,101,,8910,20,,,1,98,,8895,20,,,1,98,,8914,20,,,1,98,,8902,20,,,1,98,,8899,20,,,1,99,,2109,20,,,1,99,,8900,20,,,1,100,,8901,20,,,1,100,,8904,20,,,1,98,,8903,20,,,1
4304,'SEM',521,,8934,20,,,1,35,,8940,20,,,1,75,,8915,20,,,1,25,,8917,20,,,1,60,,8938,20,,,1,31,,8916,20,,,1,73,,8939,20,,,1,33,,8920,20,,,1,75,,8935,20,,,1,28,,8941,20,,,1,71,,8919,20,,,1,30,,8936,20,,,1,70,,8926,20,,,1,30,,8922,20,,,1,70,,8943,20,,,1,30,,8942,20,,,1,70,,8937,20,,,1,32,,8923,20,,,1,69,,8924,20,,,1,30,,8928,20,,,1,76,,8944,20,,,1,25,,8918,20,,,1,66,,8925,20,,,1,30,,8921,20,,,1,97,,8927,20,,,1,97,,8930,20,,,1,100,,8932,20,,,1,101,,8933,20,,,1,100,,11972,20,,,1,101,,11973,20,,,1,150,,8929,20,,,1,20,,8931,20,,,1
7304,'DIM',542,,10839,63,,,1,70,,10828,63,,,1,103,,10832,63,,,1,101,,10835,63,,,1,102,,10831,63,,,1,101,,10833,63,,,1,100,,10836,63,,,1,100,,10840,63,,,1,102,,10834,63,,,1,101,,10837,63,,,1,101,,10830,63,,,1,100,,10838,63,,,1,100,,10841,63,,,1,99,,10824,63,,,1,99,,10821,63,,,1,97,,10827,63,,,1,99,,10823,63,,,1,99,,10822,63,,,1,98,,10825,63,,,1,101,,10826,63,,,1,99,,10829,63,,,1
7304,'SAM',542,,10861,63,,,1,70,,10851,63,,,1,103,,10856,63,,,1,101,,10853,63,,,1,102,,10852,63,,,1,101,,10857,63,,,1,100,,10859,63,,,1,101,,10855,63,,,1,101,,10845,63,,,1,101,,10858,63,,,1,101,,10854,63,,,1,100,,10860,63,,,1,100,,10862,63,,,1,99,,10844,63,,,1,98,,10842,63,,,1,98,,10843,63,,,1,99,,10847,63,,,1,99,,10846,63,,,1,98,,4131,63,,,1,101,,10848,63,,,1,99,,4133,63,,,1,100,,10849,63,,,1,99,,10850,63,,,1
7304,'SEM',504,,10894,63,,,1,42,,10891,63,,,1,82,,10897,63,,,1,18,,10900,63,,,1,71,,10896,63,,,1,15,,10893,63,,,1,14,,10869,63,,,1,68,,10871,63,,,1,14,,10892,63,,,1,15,,10898,63,,,1,65,,10887,63,,,1,31,,10865,63,,,1,80,,10864,63,,,1,29,,10880,63,,,1,70,,10895,63,,,1,30,,10866,63,,,1,71,,10870,63,,,1,36,,10879,63,,,1,66,,10872,63,,,1,30,,10899,63,,,1,70,,10867,63,,,1,30,,10868,63,,,1,72,,10876,63,,,1,31,,10863,63,,,1,72,,10873,63,,,1,79,,10883,63,,,1,22,,10881,63,,,1,28,,10875,63,,,1,69,,10882,63,,,1,76,,10877,63,,,1,20,,10888,63,,,1,29,,10874,63,,,1,70,,10884,63,,,1,30,,10886,63,,,1,73,,10878,63,,,1,96,,10890,63,,,1,99,,10885,63,,,1,103,,10889,63,,,1
7402,'DIM',643,,10961,76,,,2,102,,10964,76,,,2,101,,6451,76,,,2,101,,10965,76,,,2,102,,10963,76,,,2,100,,10962,76,,,2,101,,10968,76,,,2,100,,10967,76,,,2,103,,10969,76,,,2,99,,10966,76,,,2,99,,10956,76,,,2,101,,10955,76,,,2,98,,10957,76,,,2,98,,10958,76,,,2,99,,6443,76,,,2,100,,10959,76,,,2,98,,10960,76,,,2
7402,'SAM',643,,10977,76,,,2,102,,10981,76,,,2,101,,10979,76,,,2,101,,10976,76,,,2,102,,10980,76,,,2,100,,10982,76,,,2,101,,10985,76,,,2,101,,10978,76,,,2,100,,10983,76,,,2,101,,10986,76,,,2,100,,10984,76,,,2,99,,10970,76,,,2,99,,10972,76,,,2,98,,10974,76,,,2,99,,10973,76,,,2,100,,10975,76,,,2,98,,10971,76,,,2
7402,'SEM',602,,11000,76,,,2,49,,11005,76,,,2,60,,10988,76,,,2,42,,10999,76,,,2,100,,10989,76,,,2,99,,10987,76,,,2,99,,10991,76,,,2,101,,11001,76,,,2,97,,11004,76,,,2,100,,10990,76,,,2,101,,11003,76,,,2,102,,11002,76,,,2,100,,10992,76,,,2,97,,10993,76,,,2,100,,10996,76,,,2,97,,10998,76,,,2,99,,10994,76,,,2,102,,10995,76,,,2,98,,10997,76,,,2
