1704,'DIM',504,,7029,27,,,1,50,,7030,27,,,1,101,,7034,27,,,1,102,,7028,27,,,1,100,,165,27,,,1,100,,7032,27,,,1,101,,7033,27,,,1,100,,7035,27,,,1,101,,7036,27,,,1,141,,7031,27,,,1,102,,7017,27,,,1,99,,7018,27,,,1,100,,7021,27,,,1,101,,7023,27,,,1,98,,7022,27,,,1,58,,7020,27,,,1,100,,7024,27,,,1,100,,7027,27,,,1,99,,7019,27,,,1,99,,7025,27,,,1,96,,7026,27,,,1
1704,'SAM',504,,7049,27,,,1,50,,7050,27,,,1,101,,7056,27,,,1,102,,7053,27,,,1,100,,7048,27,,,1,100,,7052,27,,,1,101,,7057,27,,,1,100,,7055,27,,,1,101,,7054,27,,,1,141,,7051,27,,,1,101,,7038,27,,,1,100,,7039,27,,,1,101,,7041,27,,,1,100,,7043,27,,,1,98,,7037,27,,,1,58,,7045,27,,,1,100,,7042,27,,,1,100,,7040,27,,,1,99,,7044,27,,,1,99,,7046,27,,,1,96,,7047,27,,,1
1704,'SEM',516,,7072,27,,,1,93,,7077,27,,,1,22,,7080,27,,,1,22,,7059,27,,,1,66,,7063,27,,,1,35,,7064,27,,,1,61,,7058,27,,,1,98,,7061,27,,,1,45,,7062,27,,,1,100,,7065,27,,,1,100,,7076,27,,,1,100,,7078,27,,,1,100,,7067,27,,,1,142,,7079,27,,,1,101,,7060,27,,,1,105,,7068,27,,,1,95,,7066,27,,,1,57,,7069,27,,,1,101,,7074,27,,,1,141,,7075,27,,,1,100,,7070,27,,,1,100,,7071,27,,,1,59,,7073,27,,,1
3104,'DIM',624,,7960,37,,,1,103,,7961,37,,,1,100,,7959,37,,,1,100,,7965,37,,,1,101,,7966,37,,,1,100,,7964,37,,,1,100,,7962,37,,,1,103,,7950,37,,,1,101,,7963,37,,,1,100,,7949,37,,,1,101,,7948,37,,,1,99,,7953,37,,,1,98,,7955,37,,,1,102,,7954,37,,,1,96,,7956,37,,,1,101,,7952,37,,,1,99,,7951,37,,,1,98,,7957,37,,,1,102,,7958,37,,,1
3104,'SAM',524,,1137,37,,,1,100,,7976,37,,,1,103,,7979,37,,,1,100,,7978,37,,,1,100,,7981,37,,,1,101,,7984,37,,,1,100,,7985,37,,,1,100,,7980,37,,,1,102,,7975,37,,,1,101,,7982,37,,,1,101,,7977,37,,,1,101,,7983,37,,,1,100,,7971,37,,,1,98,,7973,37,,,1,99,,7969,37,,,1,99,,7974,37,,,1,100,,7967,37,,,1,99,,7968,37,,,1,98,,7970,37,,,1,102,,7972,37,,,1
3104,'SEM',448,,7994,37,,,1,77,,7995,37,,,1,91,,8006,37,,,1,21,,8008,37,,,1,63,,7988,37,,,1,33,,8007,37,,,1,68,,8004,37,,,1,29,,8002,37,,,1,75,,8003,37,,,1,22,,8005,37,,,1,100,,7986,37,,,1,102,,7987,37,,,1,100,,7990,37,,,1,101,,8009,37,,,1,100,,7989,37,,,1,102,,7992,37,,,1,100,,7993,37,,,1,96,,7991,37,,,1,103,,7996,37,,,1,97,,8001,37,,,1,105,,8000,37,,,1,100,,7997,37,,,1,102,,7998,37,,,1,100,,7999,37,,,1
7304,'DIM',539,,10839,55,,,1,70,,10828,55,,,1,102,,10832,55,,,1,101,,10835,55,,,1,101,,10831,55,,,1,100,,10833,55,,,1,100,,10836,55,,,1,100,,10840,55,,,1,102,,10834,55,,,1,101,,10837,55,,,1,101,,10830,55,,,1,100,,10838,55,,,1,100,,10841,55,,,1,100,,10824,55,,,1,99,,10821,55,,,1,98,,10827,55,,,1,100,,10823,55,,,1,99,,10822,55,,,1,98,,10825,55,,,1,101,,10826,55,,,1,99,,10829,55,,,1
7304,'SAM',539,,10861,55,,,1,70,,10851,55,,,1,102,,10856,55,,,1,101,,10853,55,,,1,101,,10852,55,,,1,100,,10857,55,,,1,100,,10859,55,,,1,101,,10855,55,,,1,101,,10845,55,,,1,101,,10858,55,,,1,101,,10854,55,,,1,100,,10860,55,,,1,100,,10862,55,,,1,100,,10844,55,,,1,98,,10842,55,,,1,99,,10843,55,,,1,100,,10847,55,,,1,99,,10846,55,,,1,98,,4131,55,,,1,101,,10848,55,,,1,99,,4133,55,,,1,100,,10849,55,,,1,99,,10850,55,,,1
7304,'SEM',501,,10894,55,,,1,41,,10891,55,,,1,82,,10897,55,,,1,18,,10900,55,,,1,71,,10896,55,,,1,14,,10893,55,,,1,13,,10869,55,,,1,68,,10871,55,,,1,14,,10892,55,,,1,15,,10898,55,,,1,65,,10887,55,,,1,31,,10865,55,,,1,80,,10864,55,,,1,29,,10880,55,,,1,70,,10895,55,,,1,30,,10866,55,,,1,71,,10870,55,,,1,36,,10879,55,,,1,66,,10872,55,,,1,30,,10899,55,,,1,70,,10867,55,,,1,30,,10868,55,,,1,72,,10876,55,,,1,31,,10863,55,,,1,72,,10873,55,,,1,39,,10883,55,,,1,62,,10881,55,,,1,28,,10875,55,,,1,69,,10882,55,,,1,36,,10877,55,,,1,60,,10888,55,,,1,30,,10874,55,,,1,70,,10884,55,,,1,30,,10886,55,,,1,73,,10878,55,,,1,98,,10890,55,,,1,99,,10885,55,,,1,103,,10889,55,,,1
7402,'DIM',640,,10961,68,,,2,101,,10964,68,,,2,101,,6451,68,,,2,100,,10965,68,,,2,101,,10963,68,,,2,100,,10962,68,,,2,101,,10968,68,,,2,100,,10967,68,,,2,103,,10969,68,,,2,99,,10966,68,,,2,99,,10956,68,,,2,103,,10955,68,,,2,98,,10957,68,,,2,98,,10958,68,,,2,100,,6443,68,,,2,100,,10959,68,,,2,98,,10960,68,,,2
7402,'SAM',640,,10977,68,,,2,101,,10981,68,,,2,101,,10979,68,,,2,100,,10976,68,,,2,101,,10980,68,,,2,100,,10982,68,,,2,101,,10985,68,,,2,101,,10978,68,,,2,100,,10983,68,,,2,101,,10986,68,,,2,100,,10984,68,,,2,101,,10970,68,,,2,99,,10972,68,,,2,98,,10974,68,,,2,100,,10973,68,,,2,100,,10975,68,,,2,98,,10971,68,,,2
7402,'SEM',558,,11000,68,,,2,89,,11005,68,,,2,60,,10988,68,,,2,40,,10999,68,,,2,100,,10989,68,,,2,99,,10987,68,,,2,99,,10991,68,,,2,101,,11001,68,,,2,97,,11004,68,,,2,100,,10990,68,,,2,101,,11003,68,,,2,102,,11002,68,,,2,100,,10992,68,,,2,97,,10993,68,,,2,100,,10996,68,,,2,99,,10998,68,,,2,99,,10994,68,,,2,103,,10995,68,,,2,98,,10997,68,,,2
