4603,'DIM',645,,2285,16,,,1,105,,2299,16,,,1,106,,2301,16,,,1,100,,2290,16,,,1,101,,2302,16,,,1,100,,2303,16,,,1,100,,2296,16,,,1,97,,2297,16,,,1,105,,2300,16,,,1,94,,2298,16,,,1,105,,2286,16,,,1,100,,2294,16,,,1,99,,2284,16,,,1,100,,2288,16,,,1,99,,2292,16,,,1,100,,2289,16,,,1,100,,2287,16,,,1,100,,2293,16,,,1,93,,2291,16,,,1,154,,2295,16,,,1
4603,'SAM',646,,2315,16,,,1,104,,2317,16,,,1,106,,2320,16,,,1,100,,2323,16,,,1,101,,2319,16,,,1,102,,2322,16,,,1,97,,2306,16,,,1,98,,2316,16,,,1,105,,2318,16,,,1,94,,2308,16,,,1,105,,2307,16,,,1,100,,2321,16,,,1,99,,2304,16,,,1,100,,2305,16,,,1,99,,2313,16,,,1,100,,2314,16,,,1,100,,2309,16,,,1,100,,2310,16,,,1,99,,2312,16,,,1,149,,2311,16,,,1
4603,'SEM',656,,2352,16,,,1,100,,2356,16,,,1,67,,2332,16,,,1,35,,2353,16,,,1,66,,2335,16,,,1,35,,2325,16,,,1,70,,2334,16,,,1,30,,2355,16,,,1,70,,2354,16,,,1,30,,2330,16,,,1,70,,2351,16,,,1,24,,2333,16,,,1,75,,2329,16,,,1,31,,5356,16,,,1,74,,2337,16,,,1,70,,2331,16,,,1,18,,2324,16,,,1,18,,2326,16,,,1,62,,2345,16,,,1,16,,2338,16,,,1,14,,2339,16,,,1,22,,2328,16,,,1,58,,2347,16,,,1,19,,2327,16,,,1,20,,2343,16,,,1,66,,2336,16,,,1,31,,2350,16,,,1,73,,2340,16,,,1,34,,2346,16,,,1,100,,2341,16,,,1,103,,2342,16,,,1,95,,2348,16,,,1,104,,2344,16,,,1,103,,2349,16,,,1
6001,'DIM',743,,3180,12,,,1,106,,3192,12,,,1,100,,3191,12,,,1,103,,3181,12,,,1,102,,3190,12,,,1,101,,3194,12,,,1,103,,3187,12,,,1,101,,3193,12,,,1,141,,3195,12,,,1,100,,3184,12,,,1,51,,3196,12,,,1,100,,3186,12,,,1,100,,3183,12,,,1,97,,3182,12,,,1,99,,3185,12,,,1,98,,3189,12,,,1,100,,3188,12,,,1
6001,'SAM',646,,3206,12,,,1,97,,3208,12,,,1,106,,3197,12,,,1,100,,3210,12,,,1,103,,3204,12,,,1,102,,3207,12,,,1,101,,3213,12,,,1,103,,3211,12,,,1,101,,3209,12,,,1,141,,3212,12,,,1,100,,3199,12,,,1,51,,3214,12,,,1,100,,3198,12,,,1,100,,3205,12,,,1,97,,3201,12,,,1,99,,3200,12,,,1,98,,3203,12,,,1,100,,3202,12,,,1
6001,'SEM',530,,3233,12,,,1,100,,3215,12,,,1,98,,3219,12,,,1,30,,5369,12,,,1,69,,3217,12,,,1,101,,3216,12,,,1,99,,3232,12,,,1,100,,3221,12,,,1,101,,5520,12,,,1,100,,3218,12,,,1,100,,3220,12,,,1,102,,3225,12,,,1,102,,3227,12,,,1,104,,3224,12,,,1,96,,3223,12,,,1,99,,3228,12,,,1,85,,3229,12,,,1,103,,3226,12,,,1,98,,3222,12,,,1,99,,3230,12,,,1
15103,'DIM',638,,4695,15,,,2,21,,4699,15,,,2,64,,4677,15,,,2,29,,4697,15,,,2,74,,4704,15,,,2,31,,4707,15,,,2,69,,4701,15,,,2,31,,4700,15,,,2,75,,4693,15,,,2,71,,4711,15,,,2,30,,4694,15,,,2,72,,4709,15,,,2,36,,4705,15,,,2,73,,4698,15,,,2,31,,4702,15,,,2,72,,4696,15,,,2,42,,4706,15,,,2,66,,4678,15,,,2,79,,4708,15,,,2,26,,4679,15,,,2,71,,4703,15,,,2,20,,4710,15,,,2,21,,4712,15,,,2,70,,4680,15,,,2,43,,4681,15,,,2,70,,4689,15,,,2,29,,4685,15,,,2,73,,4692,15,,,2,76,,4684,15,,,2,22,,4691,15,,,2,76,,4682,15,,,2,30,,4688,15,,,2,70,,4686,15,,,2,52,,4683,15,,,2,99,,4687,15,,,2,71,,4690,15,,,2
15103,'SAM',638,,4734,15,,,2,21,,4736,15,,,2,64,,4732,15,,,2,29,,4735,15,,,2,74,,4740,15,,,2,31,,4742,15,,,2,69,,4743,15,,,2,31,,4744,15,,,2,75,,4745,15,,,2,71,,4746,15,,,2,30,,4714,15,,,2,72,,4738,15,,,2,36,,4737,15,,,2,73,,4739,15,,,2,31,,4731,15,,,2,72,,4713,15,,,2,42,,4733,15,,,2,66,,4749,15,,,2,79,,4748,15,,,2,26,,4741,15,,,2,71,,4715,15,,,2,20,,4720,15,,,2,21,,4721,15,,,2,70,,4747,15,,,2,43,,4716,15,,,2,70,,4727,15,,,2,29,,4722,15,,,2,73,,4729,15,,,2,76,,4719,15,,,2,22,,4728,15,,,2,76,,4717,15,,,2,30,,4725,15,,,2,70,,4723,15,,,2,52,,4718,15,,,2,99,,4724,15,,,2,71,,4726,15,,,2,101,,4730,15,,,2
15103,'SEM',605,,4797,15,,,2,21,,4763,15,,,2,17,,4801,15,,,2,13,,4793,15,,,2,62,,4796,15,,,2,19,,4799,15,,,2,21,,4752,15,,,2,59,,4755,15,,,2,23,,5463,15,,,2,62,,4802,15,,,2,20,,4767,15,,,2,15,,4751,15,,,2,69,,4804,15,,,2,20,,4773,15,,,2,22,,4762,15,,,2,60,,4798,15,,,2,20,,4792,15,,,2,20,,4759,15,,,2,66,,4781,15,,,2,21,,4777,15,,,2,23,,4794,15,,,2,61,,4795,15,,,2,20,,5386,15,,,2,20,,4803,15,,,2,65,,4758,15,,,2,19,,4757,15,,,2,59,,4760,15,,,2,19,,4750,15,,,2,19,,4753,15,,,2,16,,4768,15,,,2,60,,4774,15,,,2,15,,4756,15,,,2,15,,4778,15,,,2,55,,4765,15,,,2,14,,4754,15,,,2,15,,5536,15,,,2,12,,4783,15,,,2,15,,4764,15,,,2,53,,4766,15,,,2,16,,4772,15,,,2,21,,4771,15,,,2,67,,4786,15,,,2,30,,4775,15,,,2,69,,4779,15,,,2,36,,4790,15,,,2,68,,4787,15,,,2,26,,4769,15,,,2,74,,4770,15,,,2,29,,4785,15,,,2,68,,4776,15,,,2,32,,4780,15,,,2,70,,4782,15,,,2,36,,4784,15,,,2,78,,4789,15,,,2,80,,4788,15,,,2,31,,4791,15,,,2
25103,'SEM',1533,,5039,11,,,1,15,,5037,11,,,1,58,,5040,11,,,1,20,,5034,11,,,1,11,,5036,11,,,1,15,,5035,11,,,1,55,,5038,11,,,1
