1703,'DIM',628,,6972,31,,,1,89,,6965,31,,,1,101,,100,31,,,1,101,,6967,31,,,1,97,,6968,31,,,1,102,,6964,31,,,1,100,,6970,31,,,1,99,,6966,31,,,1,102,,6969,31,,,1,100,,6971,31,,,1,102,,6954,31,,,1,98,,6958,31,,,1,98,,6957,31,,,1,101,,6956,31,,,1,98,,6959,31,,,1,99,,6962,31,,,1,101,,6955,31,,,1,100,,6960,31,,,1,102,,6961,31,,,1,118,,6963,31,,,1
1703,'SAM',550,,6984,31,,,1,78,,6990,31,,,1,89,,121,31,,,1,101,,6981,31,,,1,101,,6983,31,,,1,97,,6985,31,,,1,101,,6989,31,,,1,101,,6987,31,,,1,100,,6982,31,,,1,101,,6988,31,,,1,100,,6986,31,,,1,102,,6991,31,,,1,99,,6992,31,,,1,98,,6973,31,,,1,100,,6978,31,,,1,98,,6975,31,,,1,99,,6974,31,,,1,101,,6976,31,,,1,100,,6979,31,,,1,102,,6980,31,,,1,118,,6977,31,,,1
1703,'SEM',610,,7010,31,,,1,104,,7012,31,,,1,105,,7011,31,,,1,96,,6996,31,,,1,101,,7009,31,,,1,101,,7008,31,,,1,100,,7014,31,,,1,101,,6997,31,,,1,100,,6994,31,,,1,98,,7013,31,,,1,35,,7016,31,,,1,60,,7015,31,,,1,36,,6993,31,,,1,63,,7004,31,,,1,38,,6995,31,,,1,79,,6998,31,,,1,30,,7001,31,,,1,67,,7006,31,,,1,99,,7007,31,,,1,100,,6999,31,,,1,100,,7000,31,,,1,100,,7002,31,,,1,99,,7003,31,,,1,102,,7005,31,,,1
3103,'DIM',647,,7902,33,,,1,101,,7901,33,,,1,99,,1058,33,,,1,100,,7906,33,,,1,99,,7905,33,,,1,100,,7903,33,,,1,102,,7892,33,,,1,101,,7904,33,,,1,99,,7891,33,,,1,102,,7890,33,,,1,99,,7895,33,,,1,98,,7897,33,,,1,103,,7896,33,,,1,96,,7898,33,,,1,101,,7894,33,,,1,100,,7893,33,,,1,99,,7899,33,,,1,101,,7900,33,,,1
3103,'SAM',647,,7919,33,,,1,101,,7918,33,,,1,99,,1075,33,,,1,100,,7923,33,,,1,99,,7924,33,,,1,100,,7920,33,,,1,100,,7916,33,,,1,102,,7921,33,,,1,100,,7917,33,,,1,102,,7922,33,,,1,100,,7911,33,,,1,98,,7913,33,,,1,100,,7909,33,,,1,99,,7914,33,,,1,100,,7907,33,,,1,100,,7908,33,,,1,99,,7910,33,,,1,102,,7912,33,,,1,95,,7915,33,,,1
3103,'SEM',644,,7946,33,,,1,99,,7944,33,,,1,101,,7945,33,,,1,101,,7925,33,,,1,101,,7926,33,,,1,100,,7928,33,,,1,100,,7947,33,,,1,100,,7927,33,,,1,101,,7932,33,,,1,98,,7933,33,,,1,11,,7934,33,,,1,77,,7929,33,,,1,69,,7938,33,,,1,40,,7935,33,,,1,69,,7931,33,,,1,36,,7943,33,,,1,69,,7930,33,,,1,36,,7942,33,,,1,100,,7936,33,,,1,101,,7939,33,,,1,99,,7940,33,,,1,97,,7937,33,,,1,154,,7941,33,,,1
3903,'DIM',851,,1407,44,,,1,100,,8236,54,,,1,70,,8241,54,,,1,31,,8242,54,,,1,70,,8239,54,,,1,34,,8240,54,,,1,66,,8243,54,,,1,29,,8233,54,,,1,71,,8237,54,,,1,30,,8234,54,,,1,70,,8220,54,,,1,30,,8223,54,,,1,72,,8226,54,,,1,30,,8238,54,,,1,71,,8227,54,,,1,30,,8228,54,,,1,65,,8229,54,,,1,18,,8235,54,,,1,10,,8230,54,,,1,64,,8224,54,,,1,25,,8231,54,,,1,99,,8221,54,,,1,100,,8232,54,,,1,98,,8222,54,,,1,104,,8225,54,,,1
3903,'SAM',851,,8268,44,,,1,100,,8263,54,,,1,70,,8267,54,,,1,31,,8244,54,,,1,70,,8258,54,,,1,34,,8261,54,,,1,66,,8260,54,,,1,30,,8245,54,,,1,70,,8259,54,,,1,30,,8262,54,,,1,70,,8246,54,,,1,30,,8265,54,,,1,72,,8249,54,,,1,30,,8250,54,,,1,71,,8252,54,,,1,30,,8266,54,,,1,65,,8253,54,,,1,18,,8264,54,,,1,11,,8251,54,,,1,63,,8248,54,,,1,29,,8247,54,,,1,97,,8255,54,,,1,98,,8254,54,,,1,98,,8257,54,,,1,104,,8256,54,,,1
3903,'SEM',743,,8291,54,,,1,100,,8273,54,,,1,104,,8271,54,,,1,73,,8275,54,,,1,29,,8292,54,,,1,71,,8293,54,,,1,29,,8286,54,,,1,71,,8290,54,,,1,27,,8294,54,,,1,78,,8270,54,,,1,33,,8277,54,,,1,67,,8279,54,,,1,32,,8280,54,,,1,75,,8269,54,,,1,78,,8287,54,,,1,23,,8281,54,,,1,68,,8272,54,,,1,25,,8274,54,,,1,33,,8282,54,,,1,79,,8283,54,,,1,79,,8276,54,,,1,98,,8278,54,,,1,95,,8284,54,,,1,103,,8288,54,,,1,96,,8285,54,,,1,47,,8289,54,,,1
7303,'DIM',703,,10755,31,,,1,100,,10752,31,,,1,101,,10753,31,,,1,98,,10756,31,,,1,100,,10759,31,,,1,100,,10754,31,,,1,100,,10757,31,,,1,102,,10751,31,,,1,99,,10758,31,,,1,102,,10760,31,,,1,99,,10745,31,,,1,99,,10742,31,,,1,101,,10748,31,,,1,97,,10744,31,,,1,100,,10743,31,,,1,100,,10746,31,,,1,100,,10747,31,,,1,102,,10750,31,,,1,105,,10749,31,,,1
7303,'SAM',609,,10775,31,,,1,94,,10772,31,,,1,100,,10771,31,,,1,101,,10776,31,,,1,98,,10778,31,,,1,101,,10774,31,,,1,99,,10764,31,,,1,100,,10777,31,,,1,102,,10773,31,,,1,99,,10779,31,,,1,102,,10780,31,,,1,101,,10763,31,,,1,98,,10761,31,,,1,99,,10762,31,,,1,98,,10766,31,,,1,100,,10765,31,,,1,100,,4040,31,,,1,100,,10767,31,,,1,102,,4041,31,,,1,105,,10768,31,,,1,100,,10770,31,,,1,100,,10769,31,,,1
7303,'SEM',556,,10817,31,,,1,66,,10814,31,,,1,79,,10813,31,,,1,10,,10818,31,,,1,39,,10807,31,,,1,56,,10783,31,,,1,43,,10815,31,,,1,52,,10782,31,,,1,31,,10800,31,,,1,71,,10816,31,,,1,29,,10784,31,,,1,71,,10789,31,,,1,29,,10799,31,,,1,72,,10790,31,,,1,29,,10819,31,,,1,70,,10785,31,,,1,30,,10788,31,,,1,70,,10794,31,,,1,30,,10781,31,,,1,70,,10791,31,,,1,35,,10820,31,,,1,65,,10801,31,,,1,15,,10793,31,,,1,22,,10786,31,,,1,16,,10787,31,,,1,63,,10797,31,,,1,16,,10795,31,,,1,69,,10808,31,,,1,15,,10796,31,,,1,16,,10792,31,,,1,72,,10802,31,,,1,30,,10805,31,,,1,72,,10798,31,,,1,99,,10810,31,,,1,100,,10803,31,,,1,98,,10809,31,,,1,100,,10804,31,,,1,41,,10806,31,,,1,95,,10811,31,,,1,161,,10812,31,,,1
7401,'DIM',733,,10911,31,,,2,100,,10912,31,,,2,102,,10915,31,,,2,97,,10914,31,,,2,101,,10916,31,,,2,100,,10913,31,,,2,101,,10910,31,,,2,99,,10909,31,,,2,102,,10917,31,,,2,99,,10903,31,,,2,102,,10904,31,,,2,99,,10906,31,,,2,98,,10907,31,,,2,99,,10908,31,,,2,101,,10902,31,,,2,99,,10901,31,,,2,100,,10905,31,,,2
7401,'SAM',733,,10926,31,,,2,100,,10928,31,,,2,102,,10927,31,,,2,98,,10930,31,,,2,100,,10932,31,,,2,100,,10934,31,,,2,102,,10929,31,,,2,98,,10933,31,,,2,101,,10931,31,,,2,100,,10918,31,,,2,101,,10921,31,,,2,101,,10923,31,,,2,98,,10922,31,,,2,98,,10924,31,,,2,101,,10919,31,,,2,99,,10925,31,,,2,100,,10920,31,,,2
7401,'SEM',636,,10950,31,,,2,96,,10935,31,,,2,101,,10949,31,,,2,103,,10939,31,,,2,101,,10940,31,,,2,101,,10953,31,,,2,99,,10938,31,,,2,101,,10952,31,,,2,100,,10951,31,,,2,93,,10937,31,,,2,95,,10941,31,,,2,101,,10936,31,,,2,30,,10943,31,,,2,83,,10948,31,,,2,99,,10942,31,,,2,101,,10945,31,,,2,100,,10946,31,,,2,99,,10944,31,,,2,99,,10954,31,,,2,95,,10947,31,,,2
