2202,'DIM',726,,7249,33,,,2,100,,7248,33,,,2,100,,7247,33,,,2,100,,6315,33,,,2,101,,7250,33,,,2,100,,7252,33,,,2,96,,7251,33,,,2,106,,7246,33,,,2,98,,7240,33,,,2,114,,7253,33,,,2,88,,7242,33,,,2,100,,7243,33,,,2,98,,7245,33,,,2,101,,7244,33,,,2,100,,7239,33,,,2,100,,7241,33,,,2
2202,'SAM',628,,7270,17,,,2,98,,7264,33,,,2,100,,7261,33,,,2,100,,7260,33,,,2,98,,7266,33,,,2,103,,7265,33,,,2,100,,7263,33,,,2,96,,7269,33,,,2,104,,7262,33,,,2,100,,7268,33,,,2,112,,7267,33,,,2,90,,7255,33,,,2,100,,7257,33,,,2,98,,7254,33,,,2,101,,7256,33,,,2,100,,7259,33,,,2,100,,7258,33,,,2
2202,'SEM',603,,6230,33,,,2,18,,7282,33,,,2,105,,7289,33,,,2,31,,7279,33,,,2,70,,7271,33,,,2,98,,7273,33,,,2,31,,7272,33,,,2,69,,7290,33,,,2,101,,7277,33,,,2,100,,7288,33,,,2,100,,7291,33,,,2,102,,7276,33,,,2,100,,7278,33,,,2,102,,7274,33,,,2,24,,7275,33,,,2,75,,7281,33,,,2,99,,7280,33,,,2,100,,7287,33,,,2,101,,7286,33,,,2,98,,7284,33,,,2,107,,7283,33,,,2,96,,7285,33,,,2
5002,'DIM',605,,9440,10,,,1,100,,2653,10,,,1,100,,9423,10,,,1,96,,9438,10,,,1,107,,9431,10,,,1,25,,9441,10,,,1,77,,9433,10,,,1,24,,9445,10,,,1,79,,9443,10,,,1,22,,9444,10,,,1,75,,9446,10,,,1,29,,9432,10,,,1,72,,9434,10,,,1,36,,9447,10,,,1,69,,9436,10,,,1,34,,9435,10,,,1,70,,9442,10,,,1,26,,9439,10,,,1,71,,9437,10,,,1,100,,9425,10,,,1,99,,9427,10,,,1,99,,9430,10,,,1,99,,9424,10,,,1,98,,9428,10,,,1,98,,9426,10,,,1,100,,9429,10,,,1
5002,'SAM',605,,9455,10,,,1,100,,9458,10,,,1,100,,9449,10,,,1,99,,9470,10,,,1,104,,9469,10,,,1,25,,9468,10,,,1,76,,9466,10,,,1,25,,9450,10,,,1,79,,9473,10,,,1,22,,9472,10,,,1,75,,9451,10,,,1,29,,9462,10,,,1,72,,9464,10,,,1,36,,9467,10,,,1,69,,9463,10,,,1,34,,9465,10,,,1,70,,9453,10,,,1,26,,9454,10,,,1,71,,9448,10,,,1,100,,9471,10,,,1,99,,9459,10,,,1,99,,9461,10,,,1,99,,9460,10,,,1,98,,9456,10,,,1,98,,9452,10,,,1,100,,9457,10,,,1
5002,'SEM',453,,9480,10,,,1,75,,9502,10,,,1,30,,9498,10,,,1,70,,9474,10,,,1,75,,9506,10,,,1,31,,9499,10,,,1,24,,9475,10,,,1,75,,9492,10,,,1,26,,9478,10,,,1,71,,9504,10,,,1,26,,9505,10,,,1,73,,9501,10,,,1,27,,9477,10,,,1,73,,9481,10,,,1,28,,9500,10,,,1,72,,9489,10,,,1,72,,9503,10,,,1,30,,9482,10,,,1,70,,9485,10,,,1,41,,9476,10,,,1,67,,9486,10,,,1,37,,9479,10,,,1,72,,9493,10,,,1,31,,9483,10,,,1,70,,9484,10,,,1,30,,9491,10,,,1,70,,9487,10,,,1,30,,9490,10,,,1,105,,9494,10,,,1,105,,11986,10,,,1,141,,9488,10,,,1,110,,9496,10,,,1,105,,9495,10,,,1,98,,9497,10,,,1
5802,'DIM',604,,9883,10,,,2,100,,9890,10,,,2,51,,9887,10,,,2,100,,9891,10,,,2,100,,9894,10,,,2,99,,9886,10,,,2,101,,9896,10,,,2,100,,9893,10,,,2,101,,9889,10,,,2,99,,9892,10,,,2,101,,9888,10,,,2,99,,9882,10,,,2,101,,9895,10,,,2,101,,9879,10,,,2,100,,9885,10,,,2,99,,9881,10,,,2,99,,9880,10,,,2,99,,9884,10,,,2
5802,'SAM',604,,9914,10,,,2,100,,9906,10,,,2,51,,9905,10,,,2,100,,9910,10,,,2,100,,9908,10,,,2,99,,9911,10,,,2,101,,9913,10,,,2,100,,9897,10,,,2,98,,9904,10,,,2,101,,9909,10,,,2,101,,9907,10,,,2,101,,9912,10,,,2,100,,9899,10,,,2,101,,9902,10,,,2,100,,9898,10,,,2,99,,9903,10,,,2,99,,9900,10,,,2,99,,9901,10,,,2
5802,'SEM',523,,9932,10,,,2,34,,9926,10,,,2,62,,9925,10,,,2,39,,9933,10,,,2,75,,9935,10,,,2,69,,9918,10,,,2,33,,9917,10,,,2,83,,9921,10,,,2,99,,9936,10,,,2,100,,9915,10,,,2,100,,9922,10,,,2,100,,9934,10,,,2,101,,9916,10,,,2,25,,9919,10,,,2,69,,9923,10,,,2,102,,9929,10,,,2,33,,9920,10,,,2,94,,9924,10,,,2,96,,9930,10,,,2,100,,11992,10,,,2,100,,9931,10,,,2,98,,9928,10,,,2,99,,9927,10,,,2
22202,'DIM',1440,,4994,22,,,2
22202,'SAM',1440,,11668,22,,,2,898,,11666,22,,,2,100,,11667,22,,,2
22202,'SEM',540,,11675,22,,,2,119,,11670,22,,,2,81,,11671,22,,,2,767,,11674,22,,,2,35,,11669,22,,,2,703,,11672,22,,,2,65,,11673,22,,,2
32202,'SAM',2553,,11777,16,,,2
32202,'SEM',2422,,12016,16,,,2,84,,11778,16,,,2
