4604,'DIM',548,,2335,57,,,1,95,,2346,57,,,1,101,,2337,57,,,1,99,,2349,57,,,1,107,,2351,57,,,1,107,,2342,57,,,1,98,,2352,57,,,1,102,,2353,57,,,1,100,,2345,57,,,1,96,,2347,57,,,1,104,,2350,57,,,1,94,,2348,57,,,1,106,,2338,57,,,1,99,,2344,57,,,1,98,,2336,57,,,1,98,,2340,57,,,1,99,,2343,57,,,1,98,,2341,57,,,1,100,,2339,57,,,1
4604,'SAM',549,,2357,57,,,1,100,,2364,57,,,1,95,,2365,57,,,1,99,,2367,57,,,1,107,,2370,57,,,1,102,,2373,57,,,1,103,,2369,57,,,1,103,,2372,57,,,1,97,,2356,57,,,1,98,,2366,57,,,1,104,,2368,57,,,1,94,,2359,57,,,1,106,,2358,57,,,1,99,,2371,57,,,1,98,,2354,57,,,1,98,,2355,57,,,1,99,,2362,57,,,1,98,,2363,57,,,1,100,,2360,57,,,1,98,,2361,57,,,1
4604,'SEM',506,,2374,57,,,1,45,,2395,57,,,1,70,,2401,57,,,1,31,,5298,57,,,1,53,,2377,57,,,1,14,,2382,57,,,1,11,,5364,57,,,1,74,,2397,57,,,1,27,,5599,57,,,1,28,,5598,57,,,1,70,,2383,57,,,1,29,,2398,57,,,1,70,,2386,57,,,1,30,,2375,57,,,1,70,,2385,57,,,1,30,,2400,57,,,1,70,,2399,57,,,1,30,,2381,57,,,1,70,,2396,57,,,1,26,,2384,57,,,1,75,,5597,57,,,1,71,,2403,57,,,1,38,,2387,57,,,1,75,,2378,57,,,1,37,,2376,57,,,1,59,,2391,57,,,1,94,,2379,57,,,1,49,,2390,57,,,1,99,,2394,57,,,1,101,,2393,57,,,1,99,,2388,57,,,1,101,,2389,57,,,1,97,,2392,57,,,1
6002,'DIM',725,,3197,48,,,1,104,,3210,48,,,1,100,,3209,48,,,1,104,,3198,48,,,1,102,,3208,48,,,1,101,,3212,48,,,1,101,,3204,48,,,1,100,,3211,48,,,1,100,,3213,48,,,1,101,,3201,48,,,1,95,,3214,48,,,1,98,,3203,48,,,1,100,,3200,48,,,1,98,,3199,48,,,1,99,,3202,48,,,1,98,,3207,48,,,1,100,,3205,48,,,1,99,,3206,48,,,1
6002,'SAM',725,,3226,48,,,1,104,,3215,48,,,1,100,,3228,48,,,1,104,,3222,48,,,1,102,,3225,48,,,1,101,,3231,48,,,1,101,,3229,48,,,1,100,,3227,48,,,1,100,,3230,48,,,1,101,,3217,48,,,1,95,,5376,48,,,1,98,,3216,48,,,1,100,,3223,48,,,1,98,,3219,48,,,1,99,,3218,48,,,1,98,,3221,48,,,1,100,,3220,48,,,1,99,,3224,48,,,1
6002,'SEM',709,,3235,48,,,1,99,,3234,48,,,1,99,,3233,48,,,1,99,,3251,48,,,1,102,,3239,48,,,1,100,,3250,48,,,1,100,,3241,48,,,1,100,,3236,48,,,1,102,,3238,48,,,1,101,,3237,48,,,1,104,,3243,48,,,1,97,,3242,48,,,1,92,,3244,48,,,1,54,,3247,48,,,1,142,,3245,48,,,1,58,,3240,48,,,1,99,,3248,48,,,1,88,,3246,48,,,1,100,,3249,48,,,1
15104,'DIM',622,,4758,42,,,2,111,,4775,42,,,2,22,,4779,42,,,2,65,,4759,42,,,2,31,,4777,42,,,2,76,,4784,42,,,2,32,,4786,42,,,2,70,,4781,42,,,2,72,,4780,42,,,2,34,,4773,42,,,2,72,,4789,42,,,2,31,,4774,42,,,2,72,,4787,42,,,2,37,,4785,42,,,2,71,,4778,42,,,2,31,,4782,42,,,2,72,,4776,42,,,2,26,,4783,42,,,2,82,,4760,42,,,2,79,,4762,42,,,2,26,,4761,42,,,2,72,,4768,42,,,2,18,,4788,42,,,2,29,,4790,42,,,2,72,,4771,42,,,2,30,,4763,42,,,2,68,,4769,42,,,2,29,,4766,42,,,2,71,,4772,42,,,2,79,,4765,42,,,2,55,,4764,42,,,2,99,,4767,42,,,2,73,,4770,42,,,2
15104,'SAM',623,,4806,42,,,2,110,,4808,42,,,2,22,,4810,42,,,2,65,,4807,42,,,2,32,,4809,42,,,2,75,,4814,42,,,2,32,,4816,42,,,2,70,,4817,42,,,2,72,,4818,42,,,2,34,,4819,42,,,2,72,,4820,42,,,2,31,,4791,42,,,2,72,,4812,42,,,2,37,,4811,42,,,2,71,,4813,42,,,2,31,,4805,42,,,2,72,,4815,42,,,2,25,,4792,42,,,2,83,,4823,42,,,2,79,,4821,42,,,2,26,,4822,42,,,2,72,,4801,42,,,2,18,,4796,42,,,2,29,,4797,42,,,2,72,,4803,42,,,2,30,,4793,42,,,2,68,,4802,42,,,2,29,,4798,42,,,2,71,,4804,42,,,2,79,,4795,42,,,2,55,,4794,42,,,2,99,,4799,42,,,2,73,,4800,42,,,2
15104,'SEM',455,,4857,42,,,2,72,,4836,42,,,2,10,,4852,42,,,2,77,,4870,42,,,2,15,,4874,42,,,2,16,,4880,42,,,2,11,,4825,42,,,2,51,,4830,42,,,2,9,,5480,42,,,2,9,,4837,42,,,2,11,,5481,42,,,2,12,,4877,42,,,2,52,,4867,42,,,2,16,,4872,42,,,2,15,,4871,42,,,2,11,,4875,42,,,2,60,,4826,42,,,2,18,,4838,42,,,2,24,,4835,42,,,2,60,,4873,42,,,2,23,,4841,42,,,2,17,,4833,42,,,2,65,,4881,42,,,2,21,,4851,42,,,2,22,,4868,42,,,2,60,,4869,42,,,2,20,,5482,42,,,2,20,,4878,42,,,2,66,,4876,42,,,2,24,,4879,42,,,2,61,,4824,42,,,2,22,,4827,42,,,2,18,,4842,42,,,2,66,,4831,42,,,2,23,,4839,42,,,2,21,,4828,42,,,2,62,,4834,42,,,2,19,,4829,42,,,2,20,,4832,42,,,2,62,,4847,42,,,2,16,,4846,42,,,2,19,,4843,42,,,2,58,,4859,42,,,2,13,,4840,42,,,2,13,,4849,42,,,2,13,,4856,42,,,2,61,,4853,42,,,2,20,,4848,42,,,2,19,,4862,42,,,2,68,,4860,42,,,2,29,,4844,42,,,2,73,,4845,42,,,2,28,,4865,42,,,2,70,,4850,42,,,2,29,,4854,42,,,2,70,,4855,42,,,2,25,,4858,42,,,2,18,,4861,42,,,2,78,,4864,42,,,2,80,,4863,42,,,2
25104,'SEM',701,,4987,26,,,1,10,,4985,26,,,1,9,,4989,26,,,1,10,,4986,26,,,1,12,,5486,26,,,1,12,,4982,26,,,1,54,,4988,26,,,1,15,,4983,26,,,1,28,,4984,26,,,1
