2601,'DIM',509,,627,53,,,2,91,,619,53,,,2,45,,628,53,,,2,81,,620,53,,,2,25,,638,53,,,2,65,,631,53,,,2,31,,634,53,,,2,70,,632,53,,,2,33,,645,53,,,2,69,,639,53,,,2,30,,633,53,,,2,66,,642,53,,,2,24,,635,53,,,2,20,,646,53,,,2,60,,626,53,,,2,20,,648,53,,,2,20,,641,53,,,2,59,,650,53,,,2,21,,609,53,,,2,19,,643,53,,,2,62,,630,53,,,2,19,,636,53,,,2,61,,637,53,,,2,22,,610,53,,,2,17,,611,53,,,2,20,,612,53,,,2,60,,629,53,,,2,19,,608,53,,,2,21,,644,53,,,2,61,,647,53,,,2,20,,640,53,,,2,62,,622,53,,,2,44,,625,53,,,2,71,,623,53,,,2,29,,615,53,,,2,70,,649,53,,,2,30,,651,53,,,2,70,,617,53,,,2,29,,613,53,,,2,69,,624,53,,,2,28,,614,53,,,2,69,,616,53,,,2,29,,618,53,,,2,68,,621,53,,,2
2601,'SAM',509,,678,53,,,2,91,,668,53,,,2,45,,681,53,,,2,81,,669,53,,,2,25,,688,53,,,2,65,,685,53,,,2,31,,690,53,,,2,70,,686,53,,,2,32,,694,53,,,2,70,,691,53,,,2,30,,698,53,,,2,65,,684,53,,,2,25,,696,53,,,2,62,,680,53,,,2,18,,699,53,,,2,21,,692,53,,,2,19,,655,53,,,2,59,,695,53,,,2,21,,689,53,,,2,20,,679,53,,,2,61,,682,53,,,2,21,,683,53,,,2,59,,652,53,,,2,22,,654,53,,,2,17,,658,53,,,2,20,,656,53,,,2,60,,693,53,,,2,18,,687,53,,,2,21,,659,53,,,2,62,,697,53,,,2,20,,663,53,,,2,62,,667,53,,,2,44,,671,53,,,2,71,,674,53,,,2,29,,677,53,,,2,70,,672,53,,,2,30,,653,53,,,2,70,,662,53,,,2,29,,661,53,,,2,69,,670,53,,,2,28,,657,53,,,2,69,,665,53,,,2,29,,675,53,,,2,68,,660,53,,,2,30,,664,53,,,2,70,,666,53,,,2,30,,676,53,,,2,81,,673,53,,,2
2601,'SEM',508,,747,53,,,2,36,,733,53,,,2,71,,738,53,,,2,15,,748,53,,,2,12,,752,53,,,2,13,,756,53,,,2,51,,723,53,,,2,10,,706,53,,,2,12,,700,53,,,2,11,,742,53,,,2,16,,716,53,,,2,50,,709,53,,,2,12,,744,53,,,2,14,,743,53,,,2,16,,750,53,,,2,59,,712,53,,,2,23,,705,53,,,2,22,,710,53,,,2,61,,754,53,,,2,20,,734,53,,,2,20,,702,53,,,2,61,,749,53,,,2,22,,741,53,,,2,19,,704,53,,,2,60,,745,53,,,2,20,,708,53,,,2,21,,753,53,,,2,62,,735,53,,,2,22,,737,53,,,2,15,,746,53,,,2,65,,739,53,,,2,19,,755,53,,,2,14,,703,53,,,2,57,,736,53,,,2,25,,701,53,,,2,23,,740,53,,,2,60,,751,53,,,2,20,,707,53,,,2,20,,717,53,,,2,60,,719,53,,,2,22,,711,53,,,2,18,,724,53,,,2,62,,725,53,,,2,18,,726,53,,,2,69,,730,53,,,2,30,,722,53,,,2,70,,713,53,,,2,28,,714,53,,,2,75,,728,53,,,2,25,,731,53,,,2,73,,720,53,,,2,22,,715,53,,,2,76,,721,53,,,2,29,,718,53,,,2,70,,727,53,,,2,17,,729,53,,,2,102,,732,53,,,2
3601,'SEM',636,,1254,30,,,2,23,,1249,30,,,2,51,,1248,30,,,2,23,,1251,30,,,2,15,,1252,30,,,2,63,,1255,30,,,2,14,,1250,30,,,2,80,,1253,30,,,2
4604,'DIM',546,,2298,61,,,1,100,,2304,61,,,1,101,,2306,61,,,1,99,,2307,61,,,1,107,,2301,61,,,1,106,,2311,61,,,1,96,,2308,61,,,1,103,,2313,61,,,1,100,,2314,61,,,1,101,,2305,61,,,1,141,,2309,61,,,1,59,,2297,61,,,1,141,,2312,61,,,1,59,,2310,61,,,1,98,,2300,61,,,1,98,,2315,61,,,1,99,,2303,61,,,1,98,,2299,61,,,1,100,,2302,61,,,1
4604,'SAM',546,,2318,61,,,1,100,,2327,61,,,1,101,,2328,61,,,1,99,,2329,61,,,1,107,,2333,61,,,1,147,,2332,61,,,1,55,,2331,61,,,1,103,,2326,61,,,1,99,,2334,61,,,1,97,,2316,61,,,1,146,,2317,61,,,1,105,,2330,61,,,1,95,,2335,61,,,1,59,,2320,61,,,1,98,,2321,61,,,1,98,,2324,61,,,1,99,,2322,61,,,1,98,,2325,61,,,1,100,,2319,61,,,1,98,,2323,61,,,1
4604,'SEM',506,,2362,61,,,1,46,,2350,61,,,1,70,,2358,61,,,1,27,,2363,61,,,1,59,,2338,61,,,1,26,,2345,61,,,1,67,,2355,61,,,1,30,,2339,61,,,1,72,,2359,61,,,1,28,,2353,61,,,1,70,,2351,61,,,1,29,,2340,61,,,1,70,,2356,61,,,1,30,,2337,61,,,1,70,,2352,61,,,1,30,,2354,61,,,1,74,,2336,61,,,1,27,,2365,61,,,1,28,,2341,61,,,1,72,,2360,61,,,1,70,,2364,61,,,1,34,,2344,61,,,1,79,,2357,61,,,1,30,,2361,61,,,1,63,,2343,61,,,1,101,,2342,61,,,1,95,,2347,61,,,1,56,,2349,61,,,1,94,,5238,61,,,1,100,,2346,61,,,1,98,,5237,61,,,1,100,,2348,61,,,1
6002,'DIM',728,,3158,52,,,1,103,,3167,52,,,1,100,,3165,52,,,1,103,,3166,52,,,1,101,,3168,52,,,1,101,,3171,52,,,1,101,,3169,52,,,1,101,,3172,52,,,1,100,,3170,52,,,1,98,,3173,52,,,1,99,,3174,52,,,1,98,,3160,52,,,1,99,,3162,52,,,1,100,,3161,52,,,1,100,,3163,52,,,1,100,,3157,52,,,1,99,,3159,52,,,1,97,,3164,52,,,1
6002,'SAM',728,,3186,52,,,1,103,,3177,52,,,1,100,,3189,52,,,1,103,,3191,52,,,1,101,,3187,52,,,1,101,,3190,52,,,1,101,,3188,52,,,1,101,,3176,52,,,1,100,,3192,52,,,1,98,,3175,52,,,1,99,,3179,52,,,1,100,,3184,52,,,1,97,,3180,52,,,1,100,,3181,52,,,1,100,,3185,52,,,1,100,,3178,52,,,1,99,,3182,52,,,1,97,,3183,52,,,1
6002,'SEM',701,,3210,52,,,1,105,,3208,52,,,1,102,,3194,52,,,1,100,,3211,52,,,1,100,,3209,52,,,1,104,,3199,52,,,1,101,,3193,52,,,1,99,,3195,52,,,1,101,,3207,52,,,1,99,,3196,52,,,1,103,,3201,52,,,1,103,,3198,52,,,1,91,,3204,52,,,1,99,,3202,52,,,1,98,,3197,52,,,1,99,,3200,52,,,1,96,,3203,52,,,1,49,,3206,52,,,1,98,,3205,52,,,1
6601,'DIM',559,,3631,38,,,1,100,,3633,38,,,1,142,,3639,38,,,1,100,,3629,38,,,1,32,,3630,38,,,1,71,,3637,38,,,1,31,,3640,38,,,1,75,,3628,38,,,1,26,,3635,38,,,1,70,,3634,38,,,1,101,,3641,38,,,1,101,,3638,38,,,1,103,,3636,38,,,1,99,,3632,38,,,1,103,,3624,38,,,1,96,,3626,38,,,1,98,,3623,38,,,1,100,,3625,38,,,1,100,,3627,38,,,1,100,,3622,38,,,1
6601,'SAM',559,,3647,38,,,1,100,,3654,38,,,1,142,,3656,38,,,1,100,,3652,38,,,1,32,,3650,38,,,1,71,,3642,38,,,1,31,,3659,38,,,1,75,,3648,38,,,1,26,,3660,38,,,1,70,,3655,38,,,1,101,,3658,38,,,1,101,,3661,38,,,1,103,,3657,38,,,1,99,,3653,38,,,1,103,,3643,38,,,1,96,,3644,38,,,1,98,,3646,38,,,1,100,,3645,38,,,1,100,,3649,38,,,1,100,,3651,38,,,1
6601,'SEM',639,,3675,38,,,1,104,,3665,38,,,1,101,,3677,38,,,1,103,,3674,38,,,1,100,,3664,38,,,1,106,,5259,38,,,1,102,,3662,38,,,1,100,,3676,38,,,1,103,,3666,38,,,1,71,,3670,38,,,1,88,,3671,38,,,1,106,,3663,38,,,1,93,,3668,38,,,1,99,,3667,38,,,1,98,,3672,38,,,1,98,,3669,38,,,1,99,,3673,38,,,1
