1704,'DIM',457,,7029,15,,,1,90,,7030,15,,,1,100,,7034,15,,,1,102,,7028,15,,,1,99,,165,15,,,1,100,,7032,15,,,1,101,,7033,15,,,1,100,,7035,15,,,1,101,,7036,15,,,1,101,,7031,15,,,1,102,,7017,15,,,1,99,,7018,15,,,1,100,,7021,15,,,1,101,,7023,15,,,1,99,,7022,15,,,1,98,,7020,15,,,1,100,,7024,15,,,1,101,,7027,15,,,1,99,,7019,15,,,1,99,,7025,15,,,1,96,,7026,15,,,1
1704,'SAM',457,,7049,15,,,1,90,,7050,15,,,1,100,,7056,15,,,1,102,,7053,15,,,1,99,,7048,15,,,1,100,,7052,15,,,1,101,,7057,15,,,1,100,,7055,15,,,1,101,,7054,15,,,1,101,,7051,15,,,1,101,,7038,15,,,1,100,,7039,15,,,1,101,,7041,15,,,1,100,,7043,15,,,1,99,,7037,15,,,1,98,,7045,15,,,1,100,,7042,15,,,1,101,,7040,15,,,1,99,,7044,15,,,1,99,,7046,15,,,1,96,,7047,15,,,1
1704,'SEM',509,,7072,15,,,1,92,,7077,15,,,1,22,,7080,15,,,1,22,,7059,15,,,1,66,,7063,15,,,1,35,,7064,15,,,1,61,,7058,15,,,1,98,,7061,15,,,1,44,,7062,15,,,1,100,,7065,15,,,1,100,,7076,15,,,1,100,,7078,15,,,1,100,,7067,15,,,1,102,,7079,15,,,1,100,,7060,15,,,1,105,,7068,15,,,1,96,,7066,15,,,1,98,,7069,15,,,1,101,,7074,15,,,1,101,,7075,15,,,1,100,,7070,15,,,1,100,,7071,15,,,1,100,,7073,15,,,1
3104,'DIM',617,,7960,25,,,1,102,,7961,25,,,1,100,,7959,25,,,1,100,,7965,25,,,1,100,,7966,25,,,1,100,,7964,25,,,1,100,,7962,25,,,1,103,,7950,25,,,1,101,,7963,25,,,1,100,,7949,25,,,1,101,,7948,25,,,1,99,,7953,25,,,1,98,,7955,25,,,1,103,,7954,25,,,1,96,,7956,25,,,1,101,,7952,25,,,1,100,,7951,25,,,1,98,,7957,25,,,1,102,,7958,25,,,1
3104,'SAM',518,,1137,25,,,1,99,,7976,25,,,1,102,,7979,25,,,1,100,,7978,25,,,1,100,,7981,25,,,1,100,,7984,25,,,1,100,,7985,25,,,1,100,,7980,25,,,1,102,,7975,25,,,1,101,,7982,25,,,1,101,,7977,25,,,1,101,,7983,25,,,1,100,,7971,25,,,1,98,,7973,25,,,1,100,,7969,25,,,1,99,,7974,25,,,1,100,,7967,25,,,1,100,,7968,25,,,1,98,,7970,25,,,1,102,,7972,25,,,1
3104,'SEM',441,,7994,25,,,1,77,,7995,25,,,1,90,,8006,25,,,1,21,,8008,25,,,1,23,,7988,25,,,1,73,,8007,25,,,1,28,,8004,25,,,1,69,,8002,25,,,1,35,,8003,25,,,1,61,,8005,25,,,1,100,,7986,25,,,1,101,,7987,25,,,1,100,,7990,25,,,1,101,,8009,25,,,1,100,,7989,25,,,1,102,,7992,25,,,1,100,,7993,25,,,1,96,,7991,25,,,1,105,,7996,25,,,1,97,,8001,25,,,1,105,,8000,25,,,1,100,,7997,25,,,1,102,,7998,25,,,1,100,,7999,25,,,1
3904,'DIM',818,,8313,15,,,1,112,,8307,15,,,1,82,,8314,15,,,1,30,,8317,15,,,1,73,,8308,15,,,1,27,,8306,15,,,1,73,,8316,15,,,1,29,,8311,15,,,1,74,,8300,15,,,1,27,,8315,15,,,1,70,,8309,15,,,1,31,,8310,15,,,1,72,,8299,15,,,1,30,,8312,15,,,1,71,,8295,15,,,1,31,,8296,15,,,1,68,,8301,15,,,1,28,,8302,15,,,1,70,,8303,15,,,1,43,,8304,15,,,1,98,,8297,15,,,1,100,,8305,15,,,1,100,,8298,15,,,1
3904,'SAM',818,,8333,15,,,1,112,,8326,15,,,1,82,,8337,15,,,1,30,,8327,15,,,1,70,,8318,15,,,1,30,,8324,15,,,1,76,,8330,15,,,1,26,,8328,15,,,1,74,,8334,15,,,1,27,,8325,15,,,1,70,,8331,15,,,1,31,,8332,15,,,1,71,,8338,15,,,1,31,,8329,15,,,1,72,,8335,15,,,1,24,,8336,15,,,1,74,,8339,15,,,1,28,,8340,15,,,1,70,,8319,15,,,1,86,,8320,15,,,1,57,,8322,15,,,1,98,,8321,15,,,1,100,,8323,15,,,1
3904,'SEM',613,,8364,15,,,1,27,,8357,15,,,1,14,,8363,15,,,1,51,,8345,15,,,1,29,,8360,15,,,1,71,,8341,15,,,1,31,,8358,15,,,1,70,,8365,15,,,1,35,,8343,15,,,1,67,,8344,15,,,1,33,,8355,15,,,1,69,,8359,15,,,1,31,,8361,15,,,1,68,,8352,15,,,1,32,,8356,15,,,1,67,,8362,15,,,1,38,,8342,15,,,1,74,,8347,15,,,1,30,,8349,15,,,1,71,,8350,15,,,1,101,,8366,15,,,1,112,,8353,15,,,1,99,,8354,15,,,1,105,,8346,15,,,1,100,,8348,15,,,1,94,,8351,15,,,1
4504,'DIM',615,,9016,15,,,1,100,,9009,15,,,1,99,,9017,15,,,1,101,,9019,15,,,1,99,,9023,15,,,1,97,,9024,15,,,1,102,,9020,15,,,1,98,,9015,15,,,1,108,,9013,15,,,1,98,,9007,15,,,1,100,,9022,15,,,1,96,,9018,15,,,1,101,,9021,15,,,1,103,,9008,15,,,1,101,,9014,15,,,1,101,,9010,15,,,1,100,,9011,15,,,1,100,,9012,15,,,1
4504,'SAM',615,,2249,15,,,1,100,,9038,15,,,1,99,,9035,15,,,1,101,,9039,15,,,1,99,,9037,15,,,1,101,,9026,15,,,1,97,,9036,15,,,1,102,,9025,15,,,1,104,,9031,15,,,1,101,,9040,15,,,1,98,,9028,15,,,1,96,,9041,15,,,1,101,,9029,15,,,1,103,,9033,15,,,1,101,,9027,15,,,1,101,,9032,15,,,1,100,,9030,15,,,1,100,,9034,15,,,1
4504,'SEM',532,,9061,15,,,1,15,,9062,15,,,1,80,,9067,15,,,1,84,,9047,15,,,1,18,,9045,15,,,1,18,,9043,15,,,1,57,,9060,15,,,1,51,,9046,15,,,1,146,,9064,15,,,1,111,,9059,15,,,1,96,,9049,15,,,1,94,,9048,15,,,1,100,,9065,15,,,1,42,,9044,15,,,1,65,,9042,15,,,1,31,,9063,15,,,1,70,,9066,15,,,1,38,,9051,15,,,1,77,,9054,15,,,1,81,,9055,15,,,1,104,,9053,15,,,1,105,,9052,15,,,1,102,,9056,15,,,1,90,,9058,15,,,1,100,,9050,15,,,1,95,,9057,15,,,1
