3704,'DIM',657,,8175,9,,,2,75,,8176,9,,,2,100,,8174,9,,,2,100,,8173,9,,,2,101,,8179,9,,,2,100,,8178,9,,,2,100,,8168,9,,,2,99,,8169,9,,,2,105,,8180,9,,,2,96,,8170,9,,,2,99,,8177,9,,,2,100,,8171,9,,,2,90,,8172,9,,,2
3704,'SAM',657,,1344,9,,,2,75,,8188,9,,,2,100,,8186,9,,,2,100,,8189,9,,,2,101,,8191,9,,,2,100,,8190,9,,,2,100,,8192,9,,,2,100,,8187,9,,,2,99,,8185,9,,,2,102,,8181,9,,,2,98,,8182,9,,,2,100,,8183,9,,,2,90,,8184,9,,,2
3704,'SEM',542,,8211,9,,,2,80,,8210,9,,,2,100,,8213,9,,,2,80,,8193,9,,,2,34,,8195,9,,,2,74,,8212,9,,,2,30,,8217,9,,,2,97,,8216,9,,,2,100,,8215,9,,,2,101,,8197,9,,,2,100,,8200,9,,,2,104,,8218,9,,,2,82,,8214,9,,,2,20,,8194,9,,,2,12,,8201,9,,,2,55,,8202,9,,,2,20,,8196,9,,,2,12,,8198,9,,,2,15,,8205,9,,,2,58,,8208,9,,,2,100,,8207,9,,,2,95,,8209,9,,,2,101,,8199,9,,,2,100,,8206,9,,,2,100,,8219,9,,,2,100,,8203,9,,,2,96,,8204,9,,,2
6304,'DIM',739,,10251,33,,,1,100,,10247,33,,,1,101,,10249,33,,,1,101,,10243,33,,,1,98,,10248,33,,,1,104,,10253,33,,,1,96,,10250,33,,,1,102,,10254,33,,,1,103,,10252,33,,,1,100,,10255,33,,,1,100,,10256,33,,,1,100,,10244,33,,,1,99,,10240,33,,,1,99,,10241,33,,,1,99,,10245,33,,,1,98,,10242,33,,,1,99,,10246,33,,,1
6304,'SAM',639,,10270,33,,,1,100,,10268,33,,,1,100,,10273,33,,,1,101,,10269,33,,,1,101,,10267,33,,,1,98,,10272,33,,,1,104,,10271,33,,,1,96,,10275,33,,,1,102,,10274,33,,,1,103,,10257,33,,,1,102,,10258,33,,,1,98,,10259,33,,,1,100,,10261,33,,,1,99,,10260,33,,,1,99,,10265,33,,,1,99,,10262,33,,,1,98,,10263,33,,,1,99,,10266,33,,,1,98,,10264,33,,,1
6304,'SEM',453,,10303,33,,,1,151,,10299,33,,,1,30,,10308,33,,,1,71,,10291,33,,,1,15,,10302,33,,,1,27,,10305,33,,,1,66,,10307,33,,,1,19,,10306,33,,,1,70,,10280,33,,,1,29,,10281,33,,,1,71,,10282,33,,,1,30,,10276,33,,,1,25,,10279,33,,,1,70,,10304,33,,,1,31,,10294,33,,,1,70,,10287,33,,,1,26,,10300,33,,,1,78,,10277,33,,,1,27,,10278,33,,,1,72,,10288,33,,,1,71,,10301,33,,,1,38,,10309,33,,,1,70,,10284,33,,,1,24,,10283,33,,,1,75,,10289,33,,,1,16,,10286,33,,,1,29,,10295,33,,,1,69,,10290,33,,,1,77,,10293,33,,,1,58,,10285,33,,,1,80,,10296,33,,,1,91,,10298,33,,,1,94,,10292,33,,,1,99,,10297,33,,,1
6504,'DIM',716,,10395,52,,,2,102,,10393,52,,,2,101,,10396,52,,,2,101,,10398,52,,,2,102,,10400,52,,,2,102,,10397,52,,,2,98,,10394,52,,,2,102,,10402,52,,,2,106,,10399,52,,,2,96,,10401,52,,,2,97,,10388,52,,,2,102,,10390,52,,,2,97,,10389,52,,,2,98,,10391,52,,,2,100,,10392,52,,,2,96,,10386,52,,,2,100,,10387,52,,,2
6504,'SAM',716,,10413,52,,,2,102,,10412,52,,,2,101,,10416,52,,,2,101,,10415,52,,,2,102,,10417,52,,,2,101,,10419,52,,,2,98,,10420,52,,,2,103,,10418,52,,,2,105,,10414,52,,,2,97,,10403,52,,,2,97,,10405,52,,,2,102,,10408,52,,,2,99,,10409,52,,,2,96,,10411,52,,,2,100,,10410,52,,,2,96,,10407,52,,,2,100,,10404,52,,,2,100,,10406,52,,,2
6504,'SEM',534,,10442,52,,,2,86,,10452,52,,,2,26,,10423,52,,,2,60,,10432,52,,,2,15,,10439,52,,,2,12,,10450,52,,,2,10,,10422,52,,,2,10,,10451,52,,,2,50,,10447,52,,,2,23,,10424,52,,,2,30,,10426,52,,,2,72,,10441,52,,,2,29,,10455,52,,,2,73,,10427,52,,,2,70,,10428,52,,,2,27,,10444,52,,,2,74,,10429,52,,,2,27,,10454,52,,,2,80,,10448,52,,,2,20,,10449,52,,,2,30,,10453,52,,,2,70,,10431,52,,,2,30,,10434,52,,,2,78,,10425,52,,,2,66,,10438,52,,,2,40,,10440,52,,,2,75,,10421,52,,,2,20,,10433,52,,,2,65,,10430,52,,,2,36,,10443,52,,,2,72,,10445,52,,,2,46,,10436,52,,,2,100,,10435,52,,,2,98,,10437,52,,,2,99,,10457,52,,,2,99,,10456,52,,,2,99,,10446,52,,,2
7002,'DIM',558,,10680,36,,,1,80,,10679,36,,,1,90,,10662,59,,,1,102,,10669,59,,,1,100,,3943,59,,,1,102,,10665,59,,,1,68,,10666,59,,,1,33,,10668,59,,,1,69,,10658,59,,,1,25,,10667,59,,,1,75,,10664,59,,,1,25,,10673,59,,,1,79,,10671,59,,,1,27,,10674,59,,,1,76,,10656,59,,,1,25,,10670,59,,,1,71,,10676,59,,,1,23,,10672,59,,,1,78,,10675,59,,,1,27,,10660,59,,,1,76,,10678,59,,,1,34,,3946,59,,,1,97,,10677,59,,,1,94,,10655,59,,,1,95,,10657,59,,,1,99,,10661,59,,,1,99,,10659,59,,,1,103,,10663,59,,,1
7002,'SAM',558,,10707,36,,,1,80,,10708,36,,,1,89,,10705,59,,,1,103,,10685,59,,,1,100,,10693,59,,,1,102,,10692,59,,,1,25,,10701,59,,,1,76,,10706,59,,,1,69,,10703,59,,,1,24,,10697,59,,,1,75,,10696,59,,,1,26,,10695,59,,,1,79,,10698,59,,,1,35,,10694,59,,,1,67,,10704,59,,,1,25,,10702,59,,,1,68,,10700,59,,,1,26,,10699,59,,,1,79,,10688,59,,,1,28,,10684,59,,,1,76,,10686,59,,,1,34,,10681,59,,,1,96,,10690,59,,,1,94,,10682,59,,,1,96,,10683,59,,,1,98,,10689,59,,,1,99,,10687,59,,,1,103,,10691,59,,,1
7002,'SEM',604,,10714,59,,,1,98,,10734,59,,,1,26,,10735,59,,,1,73,,10713,59,,,1,36,,10716,59,,,1,67,,10718,59,,,1,29,,10733,59,,,1,70,,10711,59,,,1,30,,10740,59,,,1,71,,10719,59,,,1,27,,10741,59,,,1,73,,10736,59,,,1,26,,10738,59,,,1,74,,10737,59,,,1,30,,10712,59,,,1,70,,10739,59,,,1,24,,10732,59,,,1,76,,10717,59,,,1,32,,10720,59,,,1,70,,10715,59,,,1,30,,10709,59,,,1,73,,10710,59,,,1,27,,10723,59,,,1,71,,10724,59,,,1,25,,10728,59,,,1,73,,10727,59,,,1,50,,10725,59,,,1,82,,10729,59,,,1,93,,10721,59,,,1,112,,10726,59,,,1,106,,10722,59,,,1,99,,10731,59,,,1,105,,10730,59,,,1
7601,'DIM',502,,11036,27,,,2,100,,11009,72,,,2,25,,11023,72,,,2,104,,11024,72,,,2,100,,11016,72,,,2,101,,11028,72,,,2,68,,11033,72,,,2,30,,11030,72,,,2,70,,11026,72,,,2,30,,11027,72,,,2,70,,11007,72,,,2,31,,11031,72,,,2,71,,11029,72,,,2,29,,11014,72,,,2,73,,11034,72,,,2,31,,11035,72,,,2,69,,11006,72,,,2,33,,11017,72,,,2,67,,11025,72,,,2,30,,11010,72,,,2,70,,11012,72,,,2,30,,11008,72,,,2,70,,11015,72,,,2,29,,11032,72,,,2,105,,11020,72,,,2,97,,11021,72,,,2,97,,11013,72,,,2,98,,11022,72,,,2,100,,11011,72,,,2,100,,11018,72,,,2,99,,11019,72,,,2
7601,'SAM',502,,11067,27,,,2,100,,11041,72,,,2,25,,11050,72,,,2,104,,11053,72,,,2,100,,11052,72,,,2,101,,11056,72,,,2,68,,11060,72,,,2,30,,11057,72,,,2,70,,11063,72,,,2,30,,11051,72,,,2,70,,11059,72,,,2,32,,11058,72,,,2,70,,11065,72,,,2,29,,11038,72,,,2,73,,11054,72,,,2,31,,11037,72,,,2,69,,11055,72,,,2,33,,11062,72,,,2,67,,11066,72,,,2,30,,11039,72,,,2,70,,11061,72,,,2,30,,11043,72,,,2,70,,11064,72,,,2,31,,11040,72,,,2,103,,11046,72,,,2,97,,11048,72,,,2,97,,11044,72,,,2,98,,11042,72,,,2,100,,11047,72,,,2,100,,11045,72,,,2,99,,11049,72,,,2
7601,'SEM',521,,11068,72,,,2,92,,11089,72,,,2,27,,11096,72,,,2,65,,11104,72,,,2,24,,11074,72,,,2,12,,11099,72,,,2,14,,11076,72,,,2,55,,11097,72,,,2,24,,11101,72,,,2,20,,11071,72,,,2,65,,11075,72,,,2,22,,11069,72,,,2,70,,11098,72,,,2,30,,11072,72,,,2,69,,11094,72,,,2,31,,11070,72,,,2,70,,11100,72,,,2,30,,11079,72,,,2,70,,11095,72,,,2,32,,11078,72,,,2,72,,11081,72,,,2,31,,11103,72,,,2,73,,11082,72,,,2,30,,11073,72,,,2,78,,11102,72,,,2,27,,11077,72,,,2,65,,11080,72,,,2,24,,11086,72,,,2,68,,11090,72,,,2,30,,11092,72,,,2,73,,11088,72,,,2,23,,11084,72,,,2,69,,11093,72,,,2,100,,11091,72,,,2,100,,11083,72,,,2,99,,11085,72,,,2,103,,11087,72,,,2
