5001,'DIM',550,,9340,58,4,,1,100,,9348,58,4,,1,101,,9336,58,4,,1,98,,9353,58,4,,1,101,,9345,58,4,,1,73,,9355,58,4,,1,77,,9347,58,4,,1,24,,9360,58,4,,1,79,,9358,58,4,,1,22,,9359,58,4,,1,75,,9361,58,4,,1,29,,9346,58,4,,1,72,,9349,58,4,,1,36,,9362,58,4,,1,69,,9351,58,4,,1,34,,9350,58,4,,1,70,,9356,58,4,,1,23,,9354,58,4,,1,74,,9352,58,4,,1,41,,9357,58,4,,1,58,,9338,58,4,,1,99,,9341,58,4,,1,98,,9344,58,4,,1,100,,9337,58,4,,1,99,,9342,58,4,,1,98,,9339,58,4,,1,59,,9343,58,4,,1
5001,'SAM',550,,9370,58,4,,1,100,,9373,58,4,,1,101,,9364,58,4,,1,98,,9385,58,4,,1,101,,9383,58,4,,1,79,,9388,58,4,,1,30,,9381,58,4,,1,65,,9365,58,4,,1,79,,9389,58,4,,1,22,,9387,58,4,,1,75,,9366,58,4,,1,29,,9377,58,4,,1,72,,9379,58,4,,1,36,,9382,58,4,,1,69,,9378,58,4,,1,34,,9380,58,4,,1,70,,9368,58,4,,1,23,,9369,58,4,,1,74,,9363,58,4,,1,39,,9384,58,4,,1,61,,9386,58,4,,1,98,,9374,58,4,,1,98,,9376,58,4,,1,100,,9375,58,4,,1,99,,9371,58,4,,1,98,,9367,58,4,,1,59,,9372,58,4,,1
5001,'SEM',542,,9411,58,4,,1,107,,9416,58,4,,1,76,,9412,58,4,,1,24,,9391,58,4,,1,77,,9390,58,4,,1,24,,9393,58,4,,1,71,,9419,58,4,,1,26,,9420,58,4,,1,73,,9415,58,4,,1,27,,9392,58,4,,1,73,,9396,58,4,,1,28,,9414,58,4,,1,72,,9402,58,4,,1,32,,9417,58,4,,1,70,,9397,58,4,,1,32,,9413,58,4,,1,68,,9418,58,4,,1,30,,9395,58,4,,1,84,,9394,58,4,,1,67,,9405,58,4,,1,36,,9398,58,4,,1,70,,9399,58,4,,1,29,,9404,58,4,,1,66,,9400,58,4,,1,35,,9403,58,4,,1,69,,9406,58,4,,1,35,,9407,58,4,,1,104,,11984,58,4,,1,103,,9401,58,4,,1,103,,9409,58,4,,1,104,,9408,58,4,,1,146,,9410,58,4,,1,49,,11985,48,4,,1
5002,'DIM',601,,9440,1,,,1,100,,2653,1,,,1,100,,9423,1,,,1,56,,9438,1,,,1,146,,9431,1,,,1,25,,9441,1,,,1,77,,9433,1,,,1,24,,9445,1,,,1,79,,9443,1,,,1,22,,9444,1,,,1,75,,9446,1,,,1,29,,9432,1,,,1,72,,9434,1,,,1,36,,9447,1,,,1,69,,9436,1,,,1,34,,9435,1,,,1,70,,9442,1,,,1,26,,9439,1,,,1,71,,9437,1,,,1,100,,9425,1,,,1,99,,9427,1,,,1,99,,9430,1,,,1,99,,9424,1,,,1,98,,9428,1,,,1,98,,9426,1,,,1,100,,9429,1,,,1
5002,'SAM',601,,9455,1,,,1,100,,9458,1,,,1,100,,9449,1,,,1,99,,9470,1,,,1,103,,9469,1,,,1,25,,9468,1,,,1,76,,9466,1,,,1,25,,9450,1,,,1,79,,9473,1,,,1,22,,9472,1,,,1,75,,9451,1,,,1,29,,9462,1,,,1,72,,9464,1,,,1,36,,9467,1,,,1,69,,9463,1,,,1,34,,9465,1,,,1,70,,9453,1,,,1,26,,9454,1,,,1,71,,9448,1,,,1,100,,9471,1,,,1,99,,9459,1,,,1,99,,9461,1,,,1,99,,9460,1,,,1,98,,9456,1,,,1,98,,9452,1,,,1,100,,9457,1,,,1
5002,'SEM',449,,9480,1,,,1,75,,9502,1,,,1,30,,9498,1,,,1,70,,9474,1,,,1,35,,9506,1,,,1,71,,9499,1,,,1,24,,9475,1,,,1,75,,9492,1,,,1,26,,9478,1,,,1,71,,9504,1,,,1,26,,9505,1,,,1,73,,9501,1,,,1,27,,9477,1,,,1,73,,9481,1,,,1,28,,9500,1,,,1,72,,9489,1,,,1,32,,9503,1,,,1,70,,9482,1,,,1,30,,9485,1,,,1,80,,9476,1,,,1,67,,9486,1,,,1,37,,9479,1,,,1,72,,9493,1,,,1,31,,9483,1,,,1,70,,9484,1,,,1,30,,9491,1,,,1,70,,9487,1,,,1,30,,9490,1,,,1,105,,9494,1,,,1,105,,11986,1,,,1,101,,9488,1,,,1,150,,9496,1,,,1,105,,9495,1,,,1,98,,9497,1,,,1
5801,'DIM',550,,9832,66,4,,2,101,,9814,66,4,,2,91,,9823,66,4,,2,101,,9826,66,4,,2,99,,9829,66,4,,2,100,,9822,66,4,,2,102,,9831,66,4,,2,98,,9828,66,4,,2,103,,9825,66,4,,2,99,,9827,66,4,,2,102,,9824,66,4,,2,99,,9817,66,4,,2,101,,9830,66,4,,2,99,,9813,66,4,,2,99,,9821,66,4,,2,99,,9816,66,4,,2,100,,9815,66,4,,2,100,,9819,66,4,,2,98,,9818,66,4,,2,110,,9820,66,4,,2
5801,'SAM',550,,9852,66,4,,2,101,,9844,66,4,,2,91,,9843,66,4,,2,101,,9848,66,4,,2,100,,9846,66,4,,2,99,,9849,66,4,,2,102,,9851,66,4,,2,98,,9833,66,4,,2,101,,9842,66,4,,2,101,,9847,66,4,,2,101,,9845,66,4,,2,101,,9850,66,4,,2,100,,9836,66,4,,2,100,,9840,66,4,,2,98,,9834,66,4,,2,99,,9841,66,4,,2,100,,9837,66,4,,2,100,,9839,66,4,,2,98,,9835,66,4,,2,110,,9838,66,4,,2
5801,'SEM',542,,9866,66,4,,2,68,,9863,66,4,,2,42,,9875,66,4,,2,86,,9864,66,4,,2,86,,9870,66,4,,2,85,,9857,66,4,,2,99,,9876,66,4,,2,100,,9853,66,4,,2,100,,9858,66,4,,2,100,,9874,66,4,,2,100,,9854,66,4,,2,47,,9865,66,4,,2,71,,9855,66,4,,2,32,,9877,66,4,,2,69,,9860,66,4,,2,75,,9862,66,4,,2,29,,9861,66,4,,2,27,,9856,66,4,,2,69,,9873,66,4,,2,29,,9859,66,4,,2,70,,9872,66,4,,2,100,,11991,66,4,,2,99,,9868,66,4,,2,99,,9867,66,4,,2,98,,9869,66,4,,2,98,,9871,66,4,,2
5802,'DIM',600,,9883,1,,,2,100,,9890,1,,,2,50,,9887,1,,,2,100,,9891,1,,,2,100,,9894,1,,,2,99,,9886,1,,,2,101,,9896,1,,,2,100,,9893,1,,,2,101,,9889,1,,,2,99,,9892,1,,,2,101,,9888,1,,,2,99,,9882,1,,,2,101,,9895,1,,,2,101,,9879,1,,,2,100,,9885,1,,,2,99,,9881,1,,,2,99,,9880,1,,,2,99,,9884,1,,,2
5802,'SAM',600,,9914,1,,,2,100,,9906,1,,,2,50,,9905,1,,,2,100,,9910,1,,,2,100,,9908,1,,,2,99,,9911,1,,,2,101,,9913,1,,,2,100,,9897,1,,,2,98,,9904,1,,,2,101,,9909,1,,,2,101,,9907,1,,,2,101,,9912,1,,,2,100,,9899,1,,,2,101,,9902,1,,,2,100,,9898,1,,,2,99,,9903,1,,,2,99,,9900,1,,,2,99,,9901,1,,,2
5802,'SEM',519,,9932,1,,,2,34,,9926,1,,,2,62,,9925,1,,,2,39,,9933,1,,,2,74,,9935,1,,,2,30,,9918,1,,,2,73,,9917,1,,,2,83,,9921,1,,,2,99,,9936,1,,,2,100,,9915,1,,,2,100,,9922,1,,,2,100,,9934,1,,,2,100,,9916,1,,,2,25,,9919,1,,,2,69,,9923,1,,,2,101,,9929,1,,,2,33,,9920,1,,,2,95,,9924,1,,,2,96,,9930,1,,,2,100,,11992,1,,,2,100,,9931,1,,,2,98,,9928,1,,,2,100,,9927,1,,,2
22201,'DIM',1425,,11652,64,4,,2,815,,11650,64,4,,2,83,,11651,64,4,,2
22201,'SAM',1425,,11657,64,4,,2,815,,11653,64,4,,2,83,,11654,64,4,,2,100,,11656,64,4,,2,112,,11655,64,4,,2
22201,'SEM',730,,11658,64,4,,2,10,,11659,64,4,,2,683,,11660,64,4,,2,100,,11661,64,4,,2,105,,11665,64,4,,2,100,,11663,64,4,,2,90,,11662,64,4,,2,625,,11664,64,4,,2
