5504,'SEM',634,,9646,57,,,2,21,,9651,27,,,2,49,,9634,57,,,2,11,,9635,57,,,2,93,,9649,57,,,2,30,,9644,57,,,2,95,,9643,57,,,2,97,,9636,57,,,2,99,,9645,57,,,2,94,,11990,57,,,2,102,,9637,57,,,2,104,,9647,57,,,2,103,,9648,57,,,2,98,,9638,57,,,2,98,,9639,57,,,2,100,,9641,57,,,2,102,,9640,57,,,2,93,,9642,57,,,2
6602,'DIM',706,,10529,9,,,1,104,,10524,9,,,1,101,,10527,9,,,1,100,,10532,9,,,1,100,,10531,9,,,1,101,,10525,9,,,1,100,,10523,9,,,1,132,,10526,9,,,1,99,,10528,9,,,1,70,,10530,9,,,1,31,,10518,9,,,1,70,,10519,9,,,1,30,,10517,9,,,1,70,,10521,9,,,1,101,,10522,9,,,1,100,,10520,9,,,1,99,,10515,9,,,1,98,,10516,9,,,1
6602,'SAM',706,,10544,9,,,1,104,,10542,9,,,1,101,,10536,9,,,1,100,,10533,9,,,1,100,,10548,9,,,1,101,,10549,9,,,1,100,,10547,9,,,1,132,,10550,9,,,1,99,,10538,9,,,1,70,,10534,9,,,1,31,,10540,9,,,1,71,,10541,9,,,1,29,,10539,9,,,1,75,,10543,9,,,1,97,,10535,9,,,1,99,,10537,9,,,1,99,,10546,9,,,1,98,,10545,9,,,1
6602,'SEM',646,,10552,9,,,1,103,,10564,9,,,1,104,,10562,9,,,1,105,,10561,9,,,1,101,,10553,9,,,1,141,,10551,9,,,1,59,,10563,9,,,1,142,,10554,9,,,1,28,,5375,9,,,1,91,,10558,9,,,1,100,,10559,9,,,1,101,,10560,9,,,1,97,,10555,9,,,1,104,,10556,9,,,1,99,,10557,9,,,1,97,,12004,9,,,1,40,,12003,9,,,1
25504,'DIM',634,,11726,57,,,2,100,,11729,57,,,2,102,,11731,57,,,2,100,,11730,57,,,2,102,,11732,57,,,2,99,,11727,57,,,2,100,,11733,57,,,2,102,,11728,57,,,2,100,,11734,57,,,2,102,,11720,57,,,2,100,,11735,57,,,2,100,,11721,57,,,2,101,,11736,57,,,2,99,,11724,57,,,2,98,,11737,57,,,2,97,,11725,57,,,2,98,,11723,57,,,2,98,,11722,57,,,2
25504,'SAM',634,,11746,57,,,2,100,,11751,57,,,2,102,,11742,57,,,2,100,,11752,57,,,2,102,,11743,57,,,2,99,,11747,57,,,2,100,,11749,57,,,2,102,,11748,57,,,2,100,,11750,57,,,2,102,,11738,57,,,2,100,,11753,57,,,2,100,,11739,57,,,2,101,,11754,57,,,2,99,,11745,57,,,2,98,,11740,57,,,2,97,,5119,57,,,2,98,,11741,57,,,2,98,,11744,57,,,2
25504,'SEM',509,,11755,57,,,2,33,,11758,57,,,2,1571,,11757,57,,,2,97,,12013,57,,,2,94,,11756,57,,,2,54,,12014,57,,,2
71304,'DIM',546,,11816,9,,,2,157,,12048,9,,,2,25,,11817,9,,,2,30,,12045,9,,,2,70,,12047,9,,,2,30,,12049,9,,,2,70,,12044,9,,,2,29,,12046,9,,,2,70,,12051,9,,,2,30,,12052,9,,,2,70,,12050,9,,,2,30,,12043,9,,,2
71304,'SAM',612,,11818,9,,,2,26,,11819,9,,,2,65,,11820,9,,,2
71304,'SEM',558,,12053,9,,,2,69,,11826,9,,,2,77,,11828,9,,,2,26,,12055,9,,,2,28,,11827,9,,,2,70,,12054,9,,,2,100,,11829,9,,,2,95,,11831,9,,,2,100,,12056,9,,,2,100,,12058,9,,,2,100,,12057,9,,,2,100,,12059,9,,,2,100,,11830,9,,,2,89,,11839,9,,,2,104,,11840,9,,,2,99,,11841,9,,,2,100,,12062,9,,,2,100,,11842,9,,,2,100,,12061,9,,,2,100,,12060,9,,,2,100,,12063,9,,,2,109,,12064,9,,,2
