2201,'DIM',640,,7194,32,,,2,101,,7198,32,,,2,104,,7197,32,,,2,99,,7196,32,,,2,101,,7193,32,,,2,99,,7195,32,,,2,101,,7200,32,,,2,102,,7202,32,,,2,96,,7199,32,,,2,105,,7201,32,,,2,99,,7187,32,,,2,100,,7189,32,,,2,97,,7188,32,,,2,102,,7191,32,,,2,100,,7190,32,,,2,100,,7192,32,,,2
2201,'SAM',640,,7211,32,,,2,101,,7213,32,,,2,104,,7210,32,,,2,99,,7212,32,,,2,102,,7215,32,,,2,99,,7219,32,,,2,101,,7218,32,,,2,101,,7214,32,,,2,96,,7216,32,,,2,102,,7217,32,,,2,102,,7204,32,,,2,101,,7207,32,,,2,96,,7205,32,,,2,102,,7203,32,,,2,100,,7209,32,,,2,100,,7208,32,,,2,100,,7206,32,,,2
2201,'SEM',635,,7234,32,,,2,99,,7223,32,,,2,95,,7221,32,,,2,80,,7220,32,,,2,34,,7236,32,,,2,101,,7222,32,,,2,100,,7235,32,,,2,100,,7237,32,,,2,100,,7225,32,,,2,96,,7226,32,,,2,105,,7224,32,,,2,100,,7230,32,,,2,100,,7228,32,,,2,99,,7227,32,,,2,98,,7229,32,,,2,104,,7233,32,,,2,100,,7231,32,,,2,95,,7232,32,,,2,98,,7238,32,,,2
4201,'DIM',530,,8511,52,,,2,106,,8535,52,,,2,70,,8552,52,,,2,32,,1716,52,,,2,71,,8536,52,,,2,31,,8541,52,,,2,71,,8545,52,,,2,31,,8548,52,,,2,71,,8540,52,,,2,26,,8543,52,,,2,77,,8542,52,,,2,20,,8528,52,,,2,23,,8533,52,,,2,58,,8532,52,,,2,22,,8534,52,,,2,18,,8538,52,,,2,60,,8537,52,,,2,19,,8555,52,,,2,22,,8549,52,,,2,61,,8544,52,,,2,20,,1723,52,,,2,61,,8551,52,,,2,20,,8515,52,,,2,20,,8517,52,,,2,60,,8518,52,,,2,21,,8550,52,,,2,19,,8539,52,,,2,61,,8546,52,,,2,20,,8516,52,,,2,15,,8554,52,,,2,15,,8553,52,,,2,54,,8527,52,,,2,12,,8547,52,,,2,18,,8513,52,,,2,71,,8512,52,,,2,30,,8523,52,,,2,69,,8510,52,,,2,29,,8519,52,,,2,69,,8530,52,,,2,30,,8514,52,,,2,71,,8521,52,,,2,30,,8525,52,,,2,68,,8526,52,,,2,30,,8520,52,,,2,73,,8524,52,,,2,28,,8522,52,,,2,74,,8529,52,,,2,35,,8531,52,,,2
4201,'SAM',530,,8556,52,,,2,106,,8584,52,,,2,70,,8559,52,,,2,32,,8591,52,,,2,71,,8587,52,,,2,31,,8586,52,,,2,71,,8590,52,,,2,31,,8597,52,,,2,71,,8602,52,,,2,25,,8595,52,,,2,78,,8581,52,,,2,20,,8593,52,,,2,22,,8585,52,,,2,59,,8576,52,,,2,21,,8583,52,,,2,19,,8557,52,,,2,60,,8589,52,,,2,19,,8588,52,,,2,22,,8582,52,,,2,61,,8592,52,,,2,20,,8558,52,,,2,20,,8594,52,,,2,60,,8598,52,,,2,21,,8562,52,,,2,60,,8600,52,,,2,21,,8603,52,,,2,20,,8604,52,,,2,59,,8568,52,,,2,21,,8601,52,,,2,14,,8570,52,,,2,16,,8596,52,,,2,54,,8572,52,,,2,14,,8599,52,,,2,16,,8575,52,,,2,75,,8560,52,,,2,26,,8563,52,,,2,69,,8579,52,,,2,29,,8565,52,,,2,69,,8567,52,,,2,33,,8561,52,,,2,67,,8564,52,,,2,30,,8566,52,,,2,69,,8569,52,,,2,30,,8571,52,,,2,73,,8573,52,,,2,28,,8580,52,,,2,74,,8574,52,,,2,35,,8578,52,,,2,69,,8577,52,,,2
4201,'SEM',637,,8652,52,,,2,71,,8607,52,,,2,17,,8647,52,,,2,21,,8650,52,,,2,64,,8653,52,,,2,22,,8651,52,,,2,19,,8608,52,,,2,59,,8646,52,,,2,22,,8605,52,,,2,19,,8611,52,,,2,59,,8636,52,,,2,23,,8648,52,,,2,18,,8649,52,,,2,63,,8612,52,,,2,17,,8634,52,,,2,24,,8614,52,,,2,60,,8615,52,,,2,19,,8616,52,,,2,22,,8610,52,,,2,55,,8618,52,,,2,23,,8619,52,,,2,19,,8620,52,,,2,61,,8609,52,,,2,21,,8624,52,,,2,21,,8654,52,,,2,59,,8628,52,,,2,21,,8629,52,,,2,20,,8630,52,,,2,55,,8632,52,,,2,13,,8606,52,,,2,13,,8656,52,,,2,11,,8623,52,,,2,53,,8635,52,,,2,14,,8637,52,,,2,15,,8626,52,,,2,14,,8622,52,,,2,14,,8621,52,,,2,53,,8641,52,,,2,15,,8643,52,,,2,15,,8613,52,,,2,14,,8645,52,,,2,63,,8638,52,,,2,13,,8642,52,,,2,21,,8617,52,,,2,66,,8644,52,,,2,31,,8625,52,,,2,67,,8627,52,,,2,33,,8631,52,,,2,66,,8633,52,,,2,31,,8658,38,,,2,75,,8655,52,,,2,23,,8657,38,,,2,69,,8640,52,,,2,44,,8639,52,,,2
5201,'DIM',717,,9522,9,,,2,100,,9520,9,,,2,100,,2754,9,,,2,102,,9523,9,,,2,100,,9524,9,,,2,100,,9519,9,,,2,101,,9521,9,,,2,100,,9509,9,,,2,101,,9511,9,,,2,100,,9513,9,,,2,100,,9525,9,,,2,100,,9517,9,,,2,98,,9510,9,,,2,100,,9508,9,,,2,100,,9514,9,,,2,100,,9516,9,,,2,99,,9512,9,,,2,100,,9515,9,,,2,98,,9518,9,,,2
5201,'SAM',717,,9539,9,,,2,100,,9536,9,,,2,100,,9542,9,,,2,102,,9544,9,,,2,100,,9540,9,,,2,100,,9537,9,,,2,101,,9541,9,,,2,100,,9538,9,,,2,101,,9543,9,,,2,100,,9528,9,,,2,100,,9532,9,,,2,100,,9534,9,,,2,98,,9530,9,,,2,100,,9526,9,,,2,100,,9527,9,,,2,100,,9533,9,,,2,99,,9529,9,,,2,100,,9531,9,,,2,98,,9535,9,,,2
5201,'SEM',621,,9559,9,,,2,101,,9556,9,,,2,101,,9545,9,,,2,99,,9557,9,,,2,100,,9558,9,,,2,100,,9560,9,,,2,100,,9562,9,,,2,101,,9561,9,,,2,100,,9546,9,,,2,91,,9547,9,,,2,102,,9548,9,,,2,99,,9551,9,,,2,99,,9555,9,,,2,108,,9554,9,,,2,101,,9549,9,,,2,104,,9550,9,,,2,96,,9553,9,,,2,99,,9563,9,,,2,109,,9552,9,,,2
5801,'DIM',542,,9832,47,,,2,101,,9814,47,,,2,91,,9823,47,,,2,100,,9826,47,,,2,99,,9829,47,,,2,100,,9822,47,,,2,102,,9831,47,,,2,98,,9828,47,,,2,103,,9825,47,,,2,99,,9827,47,,,2,102,,9824,47,,,2,99,,9817,47,,,2,101,,9830,47,,,2,99,,9813,47,,,2,99,,9821,47,,,2,99,,9816,47,,,2,100,,9815,47,,,2,100,,9819,47,,,2,99,,9818,47,,,2,110,,9820,47,,,2
5801,'SAM',542,,9852,47,,,2,101,,9844,47,,,2,91,,9843,47,,,2,100,,9848,47,,,2,100,,9846,47,,,2,99,,9849,47,,,2,102,,9851,47,,,2,98,,9833,47,,,2,101,,9842,47,,,2,101,,9847,47,,,2,101,,9845,47,,,2,101,,9850,47,,,2,100,,9836,47,,,2,100,,9840,47,,,2,98,,9834,47,,,2,99,,9841,47,,,2,100,,9837,47,,,2,100,,9839,47,,,2,99,,9835,47,,,2,110,,9838,47,,,2
5801,'SEM',533,,9866,47,,,2,68,,9863,47,,,2,42,,9875,47,,,2,84,,9864,47,,,2,86,,9870,47,,,2,45,,9857,47,,,2,99,,9876,47,,,2,100,,9853,47,,,2,100,,9858,47,,,2,100,,9874,47,,,2,100,,9854,47,,,2,87,,9865,47,,,2,71,,9855,47,,,2,32,,9877,47,,,2,69,,9860,47,,,2,35,,9862,47,,,2,69,,9861,47,,,2,27,,9856,47,,,2,69,,9873,47,,,2,29,,9859,47,,,2,70,,9872,47,,,2,100,,9878,47,,,2,99,,9868,47,,,2,99,,9867,47,,,2,100,,9869,47,,,2,98,,9871,47,,,2
22201,'DIM',1412,,11652,32,,,2,815,,11650,32,,,2,83,,11651,32,,,2
22201,'SAM',1412,,11657,32,,,2,815,,11653,32,,,2,83,,11654,32,,,2,100,,11656,32,,,2,112,,11655,32,,,2
22201,'SEM',714,,11658,32,,,2,10,,11659,32,,,2,684,,11660,32,,,2,100,,11661,32,,,2,106,,11665,32,,,2,100,,11663,32,,,2,90,,11662,32,,,2,625,,11664,32,,,2
25201,'SEM',1545,,11676,9,,,2,101,,11679,9,,,2,99,,11677,9,,,2,99,,11678,9,,,2
32201,'DIM',521,,11767,33,,,2,801,,11769,32,,,2,802,,11768,32,,,2
32201,'SAM',521,,11770,33,,,2,801,,11771,32,,,2
32201,'SEM',522,,11772,33,,,2,19,,11773,33,,,2,67,,11774,33,,,2,715,,11775,32,,,2,800,,11776,32,,,2
