3904,'DIM',853,,8313,65,,,1,153,,8307,65,,,1,42,,8314,65,,,1,70,,8317,65,,,1,34,,8308,65,,,1,67,,8306,65,,,1,33,,8316,65,,,1,69,,8311,65,,,1,35,,8300,65,,,1,67,,8315,65,,,1,30,,8309,65,,,1,71,,8310,65,,,1,32,,8299,65,,,1,69,,8312,65,,,1,31,,8295,65,,,1,71,,8296,65,,,1,27,,8301,65,,,1,68,,8302,65,,,1,29,,8303,65,,,1,83,,8304,65,,,1,97,,8297,65,,,1,100,,8305,65,,,1,99,,8298,65,,,1
3904,'SAM',853,,8333,65,,,1,153,,8326,65,,,1,42,,8337,65,,,1,70,,8327,65,,,1,31,,8318,65,,,1,70,,8324,65,,,1,36,,8330,65,,,1,66,,8328,65,,,1,35,,8334,65,,,1,67,,8325,65,,,1,30,,8331,65,,,1,71,,8332,65,,,1,31,,8338,65,,,1,70,,8329,65,,,1,32,,8335,65,,,1,64,,8336,65,,,1,33,,8339,65,,,1,68,,8340,65,,,1,29,,8319,65,,,1,86,,8320,65,,,1,96,,8322,65,,,1,98,,8321,65,,,1,99,,8323,65,,,1
3904,'SEM',647,,8364,65,,,1,67,,8357,65,,,1,15,,8363,65,,,1,11,,8345,65,,,1,72,,8360,65,,,1,31,,8341,65,,,1,71,,8358,65,,,1,30,,8365,65,,,1,75,,8343,65,,,1,28,,8344,65,,,1,73,,8355,65,,,1,30,,8359,65,,,1,71,,8361,65,,,1,28,,8352,65,,,1,72,,8356,65,,,1,27,,8362,65,,,1,78,,8342,65,,,1,74,,8347,65,,,1,30,,8349,65,,,1,72,,8350,65,,,1,101,,8366,65,,,1,109,,8353,65,,,1,97,,8354,65,,,1,103,,8346,65,,,1,100,,8348,65,,,1,93,,8351,65,,,1
4202,'DIM',520,,8661,95,,,2,82,,8702,95,,,2,26,,8672,95,,,2,31,,8660,95,,,2,71,,8684,95,,,2,70,,8682,95,,,2,33,,8703,95,,,2,72,,8687,95,,,2,33,,8683,95,,,2,72,,8691,95,,,2,31,,8695,95,,,2,63,,8701,95,,,2,22,,8697,95,,,2,22,,8688,95,,,2,62,,8693,95,,,2,19,,8689,95,,,2,20,,8692,95,,,2,58,,8677,95,,,2,23,,8680,95,,,2,20,,8679,95,,,2,62,,8681,95,,,2,19,,8686,95,,,2,20,,8685,95,,,2,58,,8705,95,,,2,22,,8698,95,,,2,21,,8694,95,,,2,61,,8690,95,,,2,21,,8700,95,,,2,19,,8665,95,,,2,60,,8666,95,,,2,21,,8667,95,,,2,23,,8699,95,,,2,75,,8696,95,,,2,73,,8704,95,,,2,29,,8676,95,,,2,70,,8663,95,,,2,32,,8662,95,,,2,70,,8671,95,,,2,27,,8659,95,,,2,67,,8668,95,,,2,28,,8678,95,,,2,28,,8664,95,,,2,69,,8670,95,,,2,30,,8674,95,,,2,67,,8675,95,,,2,29,,8669,95,,,2,76,,8673,95,,,2
4202,'SAM',520,,8708,95,,,2,82,,8710,95,,,2,26,,8728,95,,,2,31,,8706,95,,,2,71,,8736,95,,,2,70,,8734,95,,,2,33,,8711,95,,,2,72,,8742,95,,,2,33,,8738,95,,,2,72,,8737,95,,,2,31,,8741,95,,,2,63,,8753,95,,,2,22,,8747,95,,,2,22,,8751,95,,,2,61,,8746,95,,,2,20,,8749,95,,,2,20,,8731,95,,,2,58,,8744,95,,,2,22,,8735,95,,,2,21,,8727,95,,,2,61,,8733,95,,,2,20,,8707,95,,,2,20,,8740,95,,,2,58,,8739,95,,,2,22,,8732,95,,,2,21,,8743,95,,,2,61,,8709,95,,,2,20,,8745,95,,,2,19,,8748,95,,,2,61,,8714,95,,,2,21,,8750,95,,,2,23,,8752,95,,,2,74,,8720,95,,,2,73,,8722,95,,,2,30,,8724,95,,,2,70,,8726,95,,,2,35,,8712,95,,,2,67,,8715,95,,,2,27,,8729,95,,,2,67,,8717,95,,,2,28,,8719,95,,,2,31,,8713,95,,,2,65,,8716,95,,,2,30,,8718,95,,,2,68,,8721,95,,,2,29,,8723,95,,,2,76,,8725,95,,,2,30,,8730,95,,,2
4202,'SEM',521,,8792,95,,,2,98,,8794,95,,,2,34,,8798,95,,,2,57,,8801,95,,,2,17,,8754,95,,,2,10,,8756,95,,,2,11,,8759,95,,,2,9,,8762,95,,,2,50,,8800,95,,,2,12,,8797,95,,,2,21,,8757,95,,,2,18,,8771,95,,,2,61,,8758,95,,,2,22,,8802,95,,,2,62,,8799,95,,,2,19,,8760,95,,,2,21,,8793,95,,,2,60,,8755,95,,,2,19,,8796,95,,,2,21,,8764,95,,,2,60,,8787,95,,,2,21,,8795,95,,,2,24,,8765,95,,,2,57,,11969,95,,,2,24,,8767,95,,,2,20,,8769,95,,,2,61,,8770,95,,,2,23,,8763,95,,,2,17,,8772,95,,,2,61,,8773,95,,,2,20,,8774,95,,,2,21,,8761,95,,,2,61,,8776,95,,,2,20,,8803,95,,,2,20,,8779,95,,,2,60,,8780,95,,,2,20,,8781,95,,,2,21,,8783,95,,,2,57,,11965,95,,,2,21,,8786,95,,,2,20,,8766,95,,,2,62,,8775,95,,,2,24,,8768,95,,,2,19,,8790,95,,,2,70,,11968,95,,,2,85,,11967,95,,,2,36,,8791,95,,,2,67,,8777,95,,,2,29,,8778,95,,,2,68,,8782,95,,,2,26,,8784,95,,,2,75,,8789,95,,,2,26,,11966,95,,,2,71,,8788,95,,,2
5002,'DIM',629,,9440,48,,,1,100,,2653,48,,,1,103,,9423,48,,,1,97,,9438,48,,,1,108,,9431,48,,,1,65,,9441,48,,,1,37,,9433,48,,,1,64,,9445,48,,,1,39,,9443,48,,,1,62,,9444,48,,,1,36,,9446,48,,,1,69,,9432,48,,,1,33,,9434,48,,,1,76,,9447,48,,,1,29,,9436,48,,,1,74,,9435,48,,,1,30,,9442,48,,,1,66,,9439,48,,,1,30,,9437,48,,,1,99,,9425,48,,,1,98,,9427,48,,,1,99,,9430,48,,,1,99,,9424,48,,,1,97,,9428,48,,,1,98,,9426,48,,,1,98,,9429,48,,,1
5002,'SAM',629,,9455,48,,,1,100,,9458,48,,,1,103,,9449,48,,,1,100,,9470,48,,,1,105,,9469,48,,,1,65,,9468,48,,,1,36,,9466,48,,,1,65,,9450,48,,,1,39,,9473,48,,,1,62,,9472,48,,,1,36,,9451,48,,,1,69,,9462,48,,,1,33,,9464,48,,,1,76,,9467,48,,,1,29,,9463,48,,,1,74,,9465,48,,,1,30,,9453,48,,,1,66,,9454,48,,,1,30,,9448,48,,,1,99,,9471,48,,,1,98,,9459,48,,,1,99,,9461,48,,,1,99,,9460,48,,,1,97,,9456,48,,,1,98,,9452,48,,,1,98,,9457,48,,,1
5002,'SEM',518,,9480,48,,,1,37,,9502,48,,,1,71,,9498,48,,,1,30,,9474,48,,,1,78,,9506,48,,,1,72,,9499,48,,,1,24,,9475,48,,,1,75,,9492,48,,,1,26,,9478,48,,,1,71,,9504,48,,,1,26,,9505,48,,,1,73,,9501,48,,,1,28,,9477,48,,,1,73,,9481,48,,,1,28,,9500,48,,,1,72,,9489,48,,,1,32,,9503,48,,,1,70,,9482,48,,,1,30,,9485,48,,,1,82,,9476,48,,,1,27,,9486,48,,,1,78,,9479,48,,,1,33,,9493,48,,,1,70,,9483,48,,,1,27,,9484,48,,,1,69,,9491,48,,,1,29,,9487,48,,,1,69,,9490,48,,,1,103,,9494,48,,,1,104,,11986,48,,,1,100,,9488,48,,,1,110,,9496,48,,,1,103,,9495,48,,,1,97,,9497,48,,,1
6002,'DIM',707,,9994,27,,,1,101,,10003,27,,,1,100,,10001,27,,,1,100,,10002,27,,,1,100,,10004,27,,,1,100,,10007,27,,,1,101,,10005,27,,,1,100,,10008,27,,,1,100,,10006,27,,,1,99,,10009,27,,,1,99,,10010,27,,,1,100,,9996,27,,,1,100,,9998,27,,,1,101,,9997,27,,,1,101,,9999,27,,,1,100,,9993,27,,,1,100,,9995,27,,,1,98,,10000,27,,,1
6002,'SAM',707,,10022,27,,,1,101,,10013,27,,,1,100,,10025,27,,,1,100,,10027,27,,,1,100,,10023,27,,,1,100,,10026,27,,,1,101,,10024,27,,,1,100,,10012,27,,,1,100,,10028,27,,,1,99,,10011,27,,,1,99,,10015,27,,,1,102,,10020,27,,,1,98,,10016,27,,,1,101,,10017,27,,,1,101,,10021,27,,,1,100,,10014,27,,,1,100,,10018,27,,,1,98,,10019,27,,,1
6002,'SEM',639,,10045,27,,,1,101,,10043,27,,,1,101,,10030,27,,,1,100,,10046,27,,,1,100,,10044,27,,,1,102,,10035,27,,,1,100,,10029,27,,,1,99,,10031,27,,,1,101,,10042,27,,,1,99,,10032,27,,,1,101,,10037,27,,,1,106,,10034,27,,,1,92,,10040,27,,,1,99,,10038,27,,,1,99,,10033,27,,,1,100,,10036,27,,,1,99,,10039,27,,,1,89,,10041,27,,,1,100,,11993,27,,,1
6103,'DIM',738,,10060,4,,,2,101,,10062,4,,,2,97,,10064,4,,,2,102,,10063,4,,,2,101,,10061,4,,,2,102,,10059,4,,,2,98,,10048,4,,,2,104,,10051,4,,,2,95,,10053,4,,,2,104,,10055,4,,,2,101,,10065,4,,,2,95,,10056,4,,,2,100,,10052,4,,,2,99,,10049,4,,,2,101,,10050,4,,,2,100,,10054,4,,,2,100,,10058,4,,,2,100,,10057,4,,,2
6103,'SAM',738,,10076,4,,,2,101,,10078,4,,,2,97,,10081,4,,,2,102,,10075,4,,,2,98,,10079,4,,,2,105,,10082,4,,,2,99,,10080,4,,,2,103,,10083,4,,,2,95,,10077,4,,,2,103,,10069,4,,,2,102,,10066,4,,,2,95,,10070,4,,,2,100,,10068,4,,,2,99,,10071,4,,,2,101,,10067,4,,,2,100,,10072,4,,,2,100,,10073,4,,,2,100,,10074,4,,,2
6103,'SEM',601,,10100,4,,,2,100,,10104,4,,,2,101,,10085,4,,,2,57,,10086,4,,,2,100,,10102,4,,,2,141,,10097,4,,,2,100,,10099,4,,,2,102,,10098,4,,,2,100,,10101,4,,,2,110,,10103,4,,,2,25,,10092,4,,,2,64,,10084,4,,,2,31,,10094,4,,,2,74,,10087,4,,,2,26,,10093,4,,,2,73,,10088,4,,,2,28,,10089,4,,,2,73,,10091,4,,,2,31,,10096,4,,,2,80,,10090,4,,,2,95,,11994,4,,,2,100,,11996,4,,,2,100,,11995,4,,,2,107,,10095,4,,,2
6303,'DIM',748,,10176,27,,,1,100,,10178,27,,,1,102,,10169,27,,,1,97,,10177,27,,,1,103,,10181,27,,,1,96,,10179,27,,,1,103,,10182,27,,,1,103,,10180,27,,,1,100,,10183,27,,,1,100,,10184,27,,,1,100,,10170,27,,,1,98,,10166,27,,,1,99,,10167,27,,,1,99,,10172,27,,,1,100,,10168,27,,,1,100,,10173,27,,,1,99,,10171,27,,,1,100,,10174,27,,,1,98,,10175,27,,,1
6303,'SAM',647,,10198,27,,,1,101,,10202,27,,,1,100,,10199,27,,,1,102,,10197,27,,,1,97,,10201,27,,,1,103,,10200,27,,,1,96,,10204,27,,,1,103,,10203,27,,,1,103,,10185,27,,,1,102,,10186,27,,,1,98,,10187,27,,,1,100,,10189,27,,,1,98,,10188,27,,,1,99,,10193,27,,,1,99,,10190,27,,,1,100,,10191,27,,,1,100,,10194,27,,,1,99,,10192,27,,,1,100,,10195,27,,,1,98,,10196,27,,,1
6303,'SEM',607,,10220,27,,,1,20,,10230,27,,,1,16,,10231,27,,,1,76,,10237,27,,,1,14,,10235,27,,,1,74,,10209,27,,,1,23,,10211,27,,,1,74,,10212,27,,,1,33,,10205,27,,,1,65,,10208,27,,,1,33,,10234,27,,,1,67,,10222,27,,,1,31,,10238,27,,,1,26,,10232,27,,,1,78,,10206,27,,,1,67,,10207,27,,,1,30,,10236,27,,,1,70,,10233,27,,,1,32,,10239,27,,,1,72,,10214,27,,,1,26,,10213,27,,,1,74,,10218,27,,,1,19,,10216,27,,,1,25,,10210,27,,,1,73,,10219,27,,,1,81,,10217,27,,,1,97,,10215,27,,,1,41,,10223,27,,,1,93,,10226,27,,,1,95,,10221,27,,,1,88,,10224,27,,,1,105,,10225,27,,,1,99,,10229,27,,,1,104,,10227,27,,,1,94,,10228,27,,,1
6503,'DIM',713,,10321,4,,,2,101,,10323,4,,,2,100,,10325,4,,,2,100,,10327,4,,,2,103,,10324,4,,,2,97,,10322,4,,,2,106,,10310,4,,,2,100,,10326,4,,,2,96,,10328,4,,,2,98,,10313,4,,,2,102,,10315,4,,,2,98,,10314,4,,,2,100,,10317,4,,,2,100,,10319,4,,,2,100,,10311,4,,,2,100,,10312,4,,,2,100,,10318,4,,,2,99,,10320,4,,,2,100,,10316,4,,,2
6503,'SAM',713,,10342,4,,,2,101,,10345,4,,,2,100,,10344,4,,,2,100,,10346,4,,,2,102,,10347,4,,,2,97,,10349,4,,,2,107,,10348,4,,,2,99,,10343,4,,,2,97,,10329,4,,,2,98,,10331,4,,,2,102,,10334,4,,,2,100,,10337,4,,,2,98,,10341,4,,,2,100,,10339,4,,,2,100,,10333,4,,,2,100,,10330,4,,,2,100,,10332,4,,,2,99,,10335,4,,,2,100,,10336,4,,,2,45,,10338,4,,,2,75,,10340,4,,,2
6503,'SEM',559,,10359,4,,,2,66,,10351,4,,,2,27,,10376,4,,,2,64,,10352,4,,,2,24,,10354,4,,,2,78,,10367,4,,,2,26,,10382,4,,,2,78,,10355,4,,,2,25,,10356,4,,,2,70,,10373,4,,,2,30,,10357,4,,,2,70,,10380,4,,,2,30,,10377,4,,,2,70,,10378,4,,,2,30,,10379,4,,,2,70,,10358,4,,,2,30,,10361,4,,,2,70,,10353,4,,,2,30,,10365,4,,,2,74,,10366,4,,,2,30,,10350,4,,,2,65,,10360,4,,,2,25,,10370,4,,,2,15,,10381,4,,,2,55,,10371,4,,,2,15,,10372,4,,,2,15,,10368,4,,,2,13,,10374,4,,,2,57,,10369,4,,,2,33,,10363,4,,,2,104,,10362,4,,,2,99,,10364,4,,,2,100,,11999,4,,,2,100,,12000,4,,,2,99,,10375,4,,,2
7001,'DIM',654,,10584,4,,,1,100,,10574,4,,,1,99,,10582,4,,,1,99,,10585,4,,,1,68,,10588,4,,,1,31,,10583,4,,,1,70,,10590,4,,,1,27,,10589,4,,,1,70,,10586,4,,,1,35,,10587,4,,,1,69,,10591,4,,,1,27,,10567,4,,,1,73,,10592,4,,,1,25,,10570,4,,,1,75,,10571,4,,,1,27,,10572,4,,,1,74,,10569,4,,,1,33,,10575,4,,,1,74,,10578,4,,,1,70,,10573,4,,,1,54,,10579,4,,,1,100,,10576,4,,,1,100,,10568,4,,,1,100,,10580,4,,,1,100,,10581,4,,,1,100,,10577,4,,,1
7001,'SAM',654,,10609,4,,,1,100,,10614,4,,,1,99,,10616,4,,,1,99,,10617,4,,,1,67,,10615,4,,,1,32,,10593,4,,,1,69,,10618,4,,,1,28,,10613,4,,,1,70,,10594,4,,,1,34,,10610,4,,,1,68,,10595,4,,,1,33,,10611,4,,,1,69,,10597,4,,,1,25,,10612,4,,,1,73,,10600,4,,,1,29,,10602,4,,,1,74,,10599,4,,,1,34,,10601,4,,,1,73,,10605,4,,,1,70,,10603,4,,,1,54,,10607,4,,,1,100,,10596,4,,,1,100,,10598,4,,,1,99,,10608,4,,,1,101,,10606,4,,,1,100,,10604,4,,,1
7001,'SEM',509,,10645,4,,,1,30,,10623,4,,,1,66,,10646,4,,,1,18,,10647,4,,,1,17,,10642,4,,,1,67,,10653,4,,,1,24,,10634,4,,,1,24,,10620,4,,,1,69,,10652,4,,,1,30,,10649,4,,,1,71,,10650,4,,,1,29,,10631,4,,,1,71,,10654,4,,,1,28,,10622,4,,,1,72,,10627,4,,,1,27,,10651,4,,,1,70,,10621,4,,,1,29,,10619,4,,,1,72,,10648,4,,,1,30,,10626,4,,,1,77,,10629,4,,,1,24,,10625,4,,,1,50,,10632,4,,,1,47,,10624,4,,,1,77,,10636,4,,,1,28,,10639,4,,,1,76,,10640,4,,,1,27,,10628,4,,,1,81,,10637,4,,,1,85,,10633,4,,,1,34,,10630,4,,,1,149,,10638,4,,,1,100,,10635,4,,,1,100,,10643,4,,,1,101,,10641,4,,,1,129,,10644,4,,,1
7602,'DIM',607,,5136,4,,,2,96,,11115,4,,,2,100,,11125,4,,,2,100,,11127,4,,,2,30,,11123,4,,,2,70,,11124,4,,,2,30,,11105,4,,,2,70,,11128,4,,,2,30,,11126,4,,,2,69,,11114,4,,,2,32,,11129,4,,,2,72,,11130,4,,,2,27,,11106,4,,,2,74,,11116,4,,,2,33,,11108,4,,,2,64,,11109,4,,,2,30,,11111,4,,,2,70,,11107,4,,,2,30,,4405,4,,,2,70,,4422,4,,,2,30,,11112,4,,,2,74,,11120,4,,,2,94,,11121,4,,,2,100,,11113,4,,,2,101,,11122,4,,,2,101,,11110,4,,,2,100,,11117,4,,,2,100,,11119,4,,,2,100,,11118,4,,,2
7602,'SAM',607,,11148,4,,,2,96,,11147,4,,,2,100,,11151,4,,,2,100,,11153,4,,,2,30,,11158,4,,,2,70,,11146,4,,,2,30,,11155,4,,,2,70,,11154,4,,,2,30,,11160,4,,,2,69,,11132,4,,,2,30,,11149,4,,,2,74,,11131,4,,,2,27,,11150,4,,,2,74,,11157,4,,,2,33,,11133,4,,,2,64,,11134,4,,,2,30,,11156,4,,,2,70,,11137,4,,,2,30,,11159,4,,,2,70,,11135,4,,,2,30,,11152,4,,,2,75,,11140,4,,,2,93,,11142,4,,,2,100,,11138,4,,,2,101,,11136,4,,,2,101,,11141,4,,,2,100,,11139,4,,,2,100,,11144,4,,,2,100,,11143,4,,,2,101,,11145,4,,,2
7602,'SEM',549,,11161,4,,,2,62,,11190,4,,,2,16,,4470,4,,,2,11,,11188,4,,,2,64,,11192,4,,,2,18,,11194,4,,,2,22,,11168,4,,,2,61,,11162,4,,,2,35,,11189,4,,,2,68,,11193,4,,,2,31,,11186,4,,,2,72,,11163,4,,,2,30,,11191,4,,,2,70,,11167,4,,,2,29,,11187,4,,,2,71,,11166,4,,,2,30,,11171,4,,,2,71,,11196,4,,,2,28,,11172,4,,,2,70,,11164,4,,,2,35,,11195,4,,,2,65,,11165,4,,,2,24,,11169,4,,,2,26,,11176,4,,,2,65,,11177,4,,,2,25,,11180,4,,,2,65,,11182,4,,,2,25,,11178,4,,,2,20,,11174,4,,,2,74,,11170,4,,,2,70,,11181,4,,,2,31,,11184,4,,,2,100,,11173,4,,,2,100,,11175,4,,,2,100,,11183,4,,,2,103,,11179,4,,,2,109,,11185,4,,,2
90302,'DIM',829,,11900,2,,,2,99,,11902,2,,,2,96,,11901,2,,,2,97,,11907,2,,,2,102,,11906,2,,,2,99,,11908,2,,,2,104,,11903,2,,,2,97,,11904,2,,,2,103,,11898,2,,,2,99,,11905,2,,,2,102,,11899,2,,,2
90302,'SAM',829,,11915,2,,,2,98,,11918,2,,,2,95,,11917,2,,,2,100,,11916,2,,,2,101,,11914,2,,,2,98,,11919,2,,,2,105,,11909,2,,,2,97,,11911,2,,,2,99,,11910,2,,,2,103,,11912,2,,,2,102,,11913,2,,,2
90302,'SEM',724,,11924,2,,,2,102,,11921,2,,,2,101,,11930,2,,,2,99,,11920,2,,,2,100,,11937,2,,,2,97,,11936,2,,,2,100,,11927,2,,,2,80,,11938,2,,,2,105,,11928,2,,,2,16,,11926,2,,,2,20,,11925,2,,,2,68,,11922,2,,,2,30,,11923,2,,,2,69,,11929,2,,,2,35,,11933,2,,,2,70,,11932,2,,,2,40,,12079,2,,,2,148,,11935,2,,,2,100,,11931,2,,,2,99,,11934,2,,,2
