1704,'DIM',455,,159,5,,,1,89,,160,5,,,1,101,,166,5,,,1,100,,157,5,,,1,99,,165,5,,,1,101,,164,5,,,1,100,,161,5,,,1,102,,162,5,,,1,100,,168,5,,,1,100,,158,5,,,1,102,,167,5,,,1,100,,148,5,,,1,99,,163,5,,,1,100,,154,5,,,1,100,,150,5,,,1,98,,149,5,,,1,100,,153,5,,,1,101,,151,5,,,1,99,,152,5,,,1,100,,155,5,,,1,96,,156,5,,,1
1704,'SAM',455,,184,5,,,1,89,,185,5,,,1,101,,188,5,,,1,100,,187,5,,,1,99,,181,5,,,1,101,,175,5,,,1,98,,183,5,,,1,104,,182,5,,,1,100,,186,5,,,1,101,,174,5,,,1,101,,170,5,,,1,100,,189,5,,,1,99,,173,5,,,1,101,,176,5,,,1,99,,169,5,,,1,98,,177,5,,,1,100,,179,5,,,1,101,,171,5,,,1,99,,172,5,,,1,98,,180,5,,,1,98,,178,5,,,1
1704,'SEM',505,,200,5,,,1,52,,209,5,,,1,60,,201,5,,,1,21,,193,5,,,1,65,,197,5,,,1,35,,211,5,,,1,21,,212,5,,,1,142,,194,5,,,1,44,,191,5,,,1,100,,5424,5,,,1,100,,199,5,,,1,100,,210,5,,,1,100,,195,5,,,1,103,,192,5,,,1,105,,196,5,,,1,96,,198,5,,,1,102,,206,5,,,1,98,,205,5,,,1,99,,207,5,,,1,100,,208,5,,,1,100,,203,5,,,1,99,,202,5,,,1,101,,204,5,,,1
3904,'DIM',820,,1478,5,,,1,107,,1480,5,,,1,81,,1479,5,,,1,31,,1482,5,,,1,74,,1473,5,,,1,24,,1474,5,,,1,70,,1483,5,,,1,35,,1461,5,,,1,70,,1469,5,,,1,29,,1476,5,,,1,74,,1475,5,,,1,29,,1477,5,,,1,70,,1462,5,,,1,31,,1472,5,,,1,64,,1467,5,,,1,37,,1481,5,,,1,66,,1463,5,,,1,29,,1468,5,,,1,72,,1470,5,,,1,42,,1471,5,,,1,97,,1465,5,,,1,99,,1464,5,,,1,102,,1466,5,,,1
3904,'SAM',820,,1500,5,,,1,107,,1495,5,,,1,81,,1498,5,,,1,29,,1497,5,,,1,72,,1506,5,,,1,29,,1504,5,,,1,71,,1501,5,,,1,33,,1491,5,,,1,70,,1485,5,,,1,28,,1496,5,,,1,70,,1499,5,,,1,34,,1502,5,,,1,72,,1490,5,,,1,29,,1484,5,,,1,64,,1487,5,,,1,37,,1505,5,,,1,66,,1488,5,,,1,29,,1503,5,,,1,72,,1489,5,,,1,42,,1492,5,,,1,97,,1493,5,,,1,99,,1486,5,,,1,102,,1494,5,,,1
3904,'SEM',608,,6205,5,,,1,32,,1510,5,,,1,11,,1527,5,,,1,51,,1514,5,,,1,30,,1525,5,,,1,70,,1526,5,,,1,41,,1517,5,,,1,64,,6576,5,,,1,31,,1531,5,,,1,69,,1512,5,,,1,30,,1522,5,,,1,70,,1515,5,,,1,30,,6008,5,,,1,71,,1529,5,,,1,29,,1523,5,,,1,69,,5870,5,,,1,36,,1528,5,,,1,70,,1507,5,,,1,27,,1516,5,,,1,75,,1513,5,,,1,105,,1511,5,,,1,105,,1508,5,,,1,107,,1518,5,,,1,103,,1520,5,,,1,100,,1521,5,,,1,99,,1519,5,,,1
4504,'DIM',611,,2229,5,,,1,99,,2231,5,,,1,100,,2228,5,,,1,102,,2233,5,,,1,98,,2222,5,,,1,101,,2236,5,,,1,99,,2234,5,,,1,103,,2221,5,,,1,101,,2232,5,,,1,99,,2220,5,,,1,100,,2230,5,,,1,95,,2235,5,,,1,103,,2237,5,,,1,103,,2225,5,,,1,100,,2226,5,,,1,100,,2224,5,,,1,99,,2227,5,,,1,100,,2223,5,,,1
4504,'SAM',611,,2249,5,,,1,99,,2242,5,,,1,100,,2251,5,,,1,102,,2252,5,,,1,98,,2247,5,,,1,101,,2253,5,,,1,99,,2248,5,,,1,103,,2238,5,,,1,100,,2254,5,,,1,100,,2255,5,,,1,100,,2241,5,,,1,95,,2250,5,,,1,103,,2245,5,,,1,103,,2240,5,,,1,100,,2239,5,,,1,100,,2244,5,,,1,99,,2246,5,,,1,100,,2243,5,,,1
4504,'SEM',529,,2279,5,,,1,14,,2280,5,,,1,78,,2256,5,,,1,22,,2260,5,,,1,11,,2264,5,,,1,50,,2257,5,,,1,17,,2281,5,,,1,21,,2266,5,,,1,59,,2262,5,,,1,46,,2283,5,,,1,109,,2265,5,,,1,152,,2278,5,,,1,96,,2282,5,,,1,54,,2277,5,,,1,100,,2263,5,,,1,82,,2258,5,,,1,80,,2268,5,,,1,16,,2259,5,,,1,70,,2269,5,,,1,38,,2261,5,,,1,82,,2272,5,,,1,33,,5443,5,,,1,146,,2276,5,,,1,107,,2271,5,,,1,101,,2274,5,,,1,90,,2270,5,,,1,101,,2273,5,,,1,55,,2275,5,,,1
7402,'DIM',629,,6446,44,,,2,101,,6449,44,,,2,98,,6451,44,,,2,101,,6447,44,,,2,100,,6450,44,,,2,100,,6448,44,,,2,101,,6444,44,,,2,101,,6453,44,,,2,100,,6445,44,,,2,101,,6438,44,,,2,100,,6452,44,,,2,101,,6442,44,,,2,99,,6437,44,,,2,98,,6439,44,,,2,100,,6443,44,,,2,100,,6440,44,,,2,99,,6441,44,,,2
7402,'SAM',629,,6464,44,,,2,100,,6468,44,,,2,99,,6462,44,,,2,101,,6466,44,,,2,99,,6461,44,,,2,101,,6455,44,,,2,101,,6467,44,,,2,101,,6465,44,,,2,101,,6469,44,,,2,100,,6463,44,,,2,99,,6470,44,,,2,102,,6457,44,,,2,99,,6456,44,,,2,98,,6458,44,,,2,100,,6454,44,,,2,100,,6459,44,,,2,99,,6460,44,,,2
7402,'SEM',547,,6487,44,,,2,87,,6489,44,,,2,16,,6476,44,,,2,76,,6488,44,,,2,105,,6479,44,,,2,100,,6471,44,,,2,98,,6477,44,,,2,99,,6478,44,,,2,99,,6472,44,,,2,100,,6474,44,,,2,102,,6475,44,,,2,100,,6473,44,,,2,100,,6482,44,,,2,106,,6483,44,,,2,99,,6484,44,,,2,94,,6485,44,,,2,101,,6480,44,,,2,101,,6486,44,,,2,98,,6481,44,,,2
