1704,'DIM',504,,7029,28,,,1,50,,7030,28,,,1,101,,7034,28,,,1,102,,7028,28,,,1,101,,165,28,,,1,100,,7032,28,,,1,101,,7033,28,,,1,100,,7035,28,,,1,141,,7036,28,,,1,101,,7031,28,,,1,102,,7017,28,,,1,99,,7018,28,,,1,100,,7021,28,,,1,101,,7023,28,,,1,98,,7022,28,,,1,58,,7020,28,,,1,100,,7024,28,,,1,99,,7027,28,,,1,99,,7019,28,,,1,99,,7025,28,,,1,96,,7026,28,,,1
1704,'SAM',504,,7049,28,,,1,50,,7050,28,,,1,101,,7056,28,,,1,102,,7053,28,,,1,101,,7048,28,,,1,100,,7052,28,,,1,101,,7057,28,,,1,100,,7055,28,,,1,141,,7054,28,,,1,101,,7051,28,,,1,101,,7038,28,,,1,100,,7039,28,,,1,101,,7041,28,,,1,100,,7043,28,,,1,98,,7037,28,,,1,58,,7045,28,,,1,100,,7042,28,,,1,99,,7040,28,,,1,99,,7044,28,,,1,99,,7046,28,,,1,96,,7047,28,,,1
1704,'SEM',516,,7072,28,,,1,93,,7077,28,,,1,22,,7080,28,,,1,22,,7059,28,,,1,67,,7063,28,,,1,35,,7064,28,,,1,61,,7058,28,,,1,98,,7061,28,,,1,45,,7062,28,,,1,100,,7065,28,,,1,100,,7076,28,,,1,100,,7078,28,,,1,100,,7067,28,,,1,142,,7079,28,,,1,101,,7060,28,,,1,105,,7068,28,,,1,95,,7066,28,,,1,57,,7069,28,,,1,141,,7074,28,,,1,100,,7075,28,,,1,100,,7070,28,,,1,100,,7071,28,,,1,59,,7073,28,,,1
3104,'DIM',624,,7960,38,,,1,103,,7961,38,,,1,100,,7959,38,,,1,101,,7965,38,,,1,101,,7966,38,,,1,100,,7964,38,,,1,100,,7962,38,,,1,103,,7950,38,,,1,101,,7963,38,,,1,100,,7949,38,,,1,101,,7948,38,,,1,99,,7953,38,,,1,98,,7955,38,,,1,102,,7954,38,,,1,96,,7956,38,,,1,100,,7952,38,,,1,99,,7951,38,,,1,98,,7957,38,,,1,102,,7958,38,,,1
3104,'SAM',524,,1137,38,,,1,100,,7976,38,,,1,103,,7979,38,,,1,100,,7978,38,,,1,101,,7981,38,,,1,101,,7984,38,,,1,100,,7985,38,,,1,100,,7980,38,,,1,102,,7975,38,,,1,101,,7982,38,,,1,101,,7977,38,,,1,101,,7983,38,,,1,100,,7971,38,,,1,98,,7973,38,,,1,99,,7969,38,,,1,99,,7974,38,,,1,99,,7967,38,,,1,99,,7968,38,,,1,98,,7970,38,,,1,102,,7972,38,,,1
3104,'SEM',448,,7994,38,,,1,77,,7995,38,,,1,91,,8006,38,,,1,21,,8008,38,,,1,63,,7988,38,,,1,34,,8007,38,,,1,68,,8004,38,,,1,29,,8002,38,,,1,75,,8003,38,,,1,22,,8005,38,,,1,100,,7986,38,,,1,102,,7987,38,,,1,100,,7990,38,,,1,101,,8009,38,,,1,100,,7989,38,,,1,102,,7992,38,,,1,100,,7993,38,,,1,96,,7991,38,,,1,103,,7996,38,,,1,97,,8001,38,,,1,105,,8000,38,,,1,99,,7997,38,,,1,102,,7998,38,,,1,100,,7999,38,,,1
7304,'DIM',539,,10839,56,,,1,70,,10828,56,,,1,102,,10832,56,,,1,101,,10835,56,,,1,101,,10831,56,,,1,101,,10833,56,,,1,100,,10836,56,,,1,100,,10840,56,,,1,102,,10834,56,,,1,101,,10837,56,,,1,101,,10830,56,,,1,100,,10838,56,,,1,100,,10841,56,,,1,100,,10824,56,,,1,99,,10821,56,,,1,97,,10827,56,,,1,100,,10823,56,,,1,99,,10822,56,,,1,98,,10825,56,,,1,101,,10826,56,,,1,99,,10829,56,,,1
7304,'SAM',539,,10861,56,,,1,70,,10851,56,,,1,102,,10856,56,,,1,101,,10853,56,,,1,101,,10852,56,,,1,101,,10857,56,,,1,100,,10859,56,,,1,101,,10855,56,,,1,101,,10845,56,,,1,101,,10858,56,,,1,101,,10854,56,,,1,100,,10860,56,,,1,100,,10862,56,,,1,100,,10844,56,,,1,98,,10842,56,,,1,98,,10843,56,,,1,100,,10847,56,,,1,99,,10846,56,,,1,98,,4131,56,,,1,101,,10848,56,,,1,99,,4133,56,,,1,100,,10849,56,,,1,99,,10850,56,,,1
7304,'SEM',501,,10894,56,,,1,41,,10891,56,,,1,82,,10897,56,,,1,18,,10900,56,,,1,71,,10896,56,,,1,14,,10893,56,,,1,14,,10869,56,,,1,68,,10871,56,,,1,14,,10892,56,,,1,15,,10898,56,,,1,65,,10887,56,,,1,31,,10865,56,,,1,80,,10864,56,,,1,29,,10880,56,,,1,70,,10895,56,,,1,30,,10866,56,,,1,71,,10870,56,,,1,36,,10879,56,,,1,66,,10872,56,,,1,30,,10899,56,,,1,70,,10867,56,,,1,30,,10868,56,,,1,72,,10876,56,,,1,31,,10863,56,,,1,72,,10873,56,,,1,79,,10883,56,,,1,22,,10881,56,,,1,28,,10875,56,,,1,69,,10882,56,,,1,36,,10877,56,,,1,60,,10888,56,,,1,30,,10874,56,,,1,70,,10884,56,,,1,30,,10886,56,,,1,73,,10878,56,,,1,97,,10890,56,,,1,99,,10885,56,,,1,103,,10889,56,,,1
7402,'DIM',640,,10961,69,,,2,101,,10964,69,,,2,101,,6451,69,,,2,101,,10965,69,,,2,101,,10963,69,,,2,100,,10962,69,,,2,101,,10968,69,,,2,100,,10967,69,,,2,103,,10969,69,,,2,99,,10966,69,,,2,99,,10956,69,,,2,102,,10955,69,,,2,98,,10957,69,,,2,98,,10958,69,,,2,100,,6443,69,,,2,100,,10959,69,,,2,98,,10960,69,,,2
7402,'SAM',640,,10977,69,,,2,101,,10981,69,,,2,101,,10979,69,,,2,101,,10976,69,,,2,101,,10980,69,,,2,100,,10982,69,,,2,101,,10985,69,,,2,101,,10978,69,,,2,100,,10983,69,,,2,101,,10986,69,,,2,100,,10984,69,,,2,100,,10970,69,,,2,99,,10972,69,,,2,98,,10974,69,,,2,100,,10973,69,,,2,100,,10975,69,,,2,98,,10971,69,,,2
7402,'SEM',558,,11000,69,,,2,89,,11005,69,,,2,60,,10988,69,,,2,41,,10999,69,,,2,100,,10989,69,,,2,99,,10987,69,,,2,99,,10991,69,,,2,101,,11001,69,,,2,97,,11004,69,,,2,100,,10990,69,,,2,101,,11003,69,,,2,102,,11002,69,,,2,100,,10992,69,,,2,97,,10993,69,,,2,100,,10996,69,,,2,98,,10998,69,,,2,99,,10994,69,,,2,103,,10995,69,,,2,98,,10997,69,,,2
