2401,'DIM',642,,442,3,,,1,96,,439,3,,,1,107,,446,3,,,1,99,,443,3,,,1,102,,436,3,,,1,70,,440,3,,,1,29,,428,3,,,1,71,,452,3,,,1,30,,445,3,,,1,71,,441,3,,,1,24,,447,3,,,1,76,,450,3,,,1,25,,444,3,,,1,77,,453,3,,,1,23,,451,3,,,1,76,,449,3,,,1,30,,429,3,,,1,69,,448,3,,,1,31,,432,3,,,1,99,,437,3,,,1,100,,434,3,,,1,99,,430,3,,,1,98,,433,3,,,1,100,,431,3,,,1,93,,435,3,,,1,101,,438,3,,,1
2401,'SAM',614,,467,3,,,1,27,,476,3,,,1,97,,466,3,,,1,107,,471,3,,,1,99,,464,3,,,1,102,,475,3,,,1,70,,5346,3,,,1,29,,478,3,,,1,71,,459,3,,,1,31,,472,3,,,1,70,,465,3,,,1,25,,468,3,,,1,75,,473,3,,,1,29,,477,3,,,1,73,,469,3,,,1,22,,479,3,,,1,77,,470,3,,,1,30,,480,3,,,1,69,,454,3,,,1,31,,458,3,,,1,99,,460,3,,,1,100,,455,3,,,1,99,,463,3,,,1,98,,456,3,,,1,100,,461,3,,,1,95,,457,3,,,1,99,,462,3,,,1
2401,'SEM',453,,490,3,,,1,77,,510,3,,,1,76,,481,3,,,1,15,,482,3,,,1,10,,504,3,,,1,10,,489,3,,,1,8,,515,3,,,1,57,,5347,3,,,1,15,,499,3,,,1,15,,484,3,,,1,14,,487,3,,,1,66,,512,3,,,1,27,,486,3,,,1,71,,488,3,,,1,30,,513,3,,,1,69,,492,3,,,1,30,,496,3,,,1,72,,5564,3,,,1,28,,485,3,,,1,70,,509,3,,,1,30,,511,3,,,1,70,,483,3,,,1,30,,516,3,,,1,71,,491,3,,,1,30,,495,3,,,1,79,,517,3,,,1,27,,502,3,,,1,60,,501,3,,,1,33,,493,3,,,1,75,,494,3,,,1,27,,500,3,,,1,75,,506,3,,,1,99,,508,3,,,1,88,,497,3,,,1,100,,498,3,,,1,100,,503,3,,,1,100,,505,3,,,1,100,,507,3,,,1
2601,'DIM',457,,632,31,,,2,93,,619,31,,,2,82,,631,31,,,2,81,,620,31,,,2,25,,638,31,,,2,65,,634,31,,,2,31,,635,31,,,2,70,,637,31,,,2,34,,648,31,,,2,68,,642,31,,,2,30,,650,31,,,2,69,,649,31,,,2,20,,617,31,,,2,20,,616,31,,,2,60,,651,31,,,2,20,,639,31,,,2,20,,643,31,,,2,61,,640,31,,,2,20,,654,31,,,2,19,,627,31,,,2,61,,633,31,,,2,22,,636,31,,,2,20,,646,31,,,2,59,,630,31,,,2,20,,652,31,,,2,20,,645,31,,,2,59,,615,31,,,2,21,,611,31,,,2,20,,641,31,,,2,60,,653,31,,,2,21,,644,31,,,2,25,,623,31,,,2,79,,647,31,,,2,73,,626,31,,,2,28,,622,31,,,2,69,,625,31,,,2,28,,628,31,,,2,70,,613,31,,,2,29,,612,31,,,2,28,,629,31,,,2,70,,614,31,,,2,30,,621,31,,,2,69,,618,31,,,2,30,,624,31,,,2
2601,'SAM',458,,680,31,,,2,92,,673,31,,,2,82,,682,31,,,2,81,,674,31,,,2,25,,688,31,,,2,65,,681,31,,,2,31,,685,31,,,2,70,,686,31,,,2,34,,700,31,,,2,68,,693,31,,,2,30,,689,31,,,2,69,,697,31,,,2,20,,679,31,,,2,20,,702,31,,,2,62,,690,31,,,2,20,,684,31,,,2,18,,687,31,,,2,61,,678,31,,,2,20,,696,31,,,2,19,,701,31,,,2,60,,683,31,,,2,23,,656,31,,,2,19,,699,31,,,2,60,,698,31,,,2,20,,657,31,,,2,20,,694,31,,,2,59,,660,31,,,2,21,,695,31,,,2,20,,691,31,,,2,63,,658,31,,,2,18,,692,31,,,2,25,,669,31,,,2,79,,659,31,,,2,73,,655,31,,,2,28,,661,31,,,2,69,,662,31,,,2,28,,664,31,,,2,70,,676,31,,,2,29,,668,31,,,2,28,,670,31,,,2,70,,663,31,,,2,30,,666,31,,,2,69,,671,31,,,2,30,,665,31,,,2,69,,667,31,,,2,28,,672,31,,,2,73,,677,31,,,2,81,,675,31,,,2
2601,'SEM',455,,760,31,,,2,77,,747,31,,,2,69,,750,31,,,2,25,,761,31,,,2,10,,5566,31,,,2,13,,704,31,,,2,51,,5275,31,,,2,8,,716,31,,,2,8,,706,31,,,2,8,,749,31,,,2,10,,723,31,,,2,12,,751,31,,,2,54,,717,31,,,2,19,,703,31,,,2,19,,722,31,,,2,10,,711,31,,,2,10,,710,31,,,2,53,,739,31,,,2,17,,730,31,,,2,14,,708,31,,,2,60,,5568,31,,,2,21,,762,31,,,2,18,,753,31,,,2,61,,719,31,,,2,19,,748,31,,,2,22,,720,31,,,2,59,,721,31,,,2,29,,754,31,,,2,12,,758,31,,,2,64,,756,31,,,2,18,,752,31,,,2,22,,5567,31,,,2,60,,707,31,,,2,11,,759,31,,,2,20,,713,31,,,2,15,,718,31,,,2,66,,709,31,,,2,20,,728,31,,,2,17,,714,31,,,2,55,,763,31,,,2,20,,724,31,,,2,14,,731,31,,,2,13,,732,31,,,2,56,,733,31,,,2,17,,705,31,,,2,17,,712,31,,,2,53,,737,31,,,2,22,,734,31,,,2,24,,735,31,,,2,73,,740,31,,,2,24,,745,31,,,2,74,,736,31,,,2,24,,743,31,,,2,78,,746,31,,,2,20,,725,31,,,2,61,,727,31,,,2,29,,726,31,,,2,76,,729,31,,,2,46,,742,31,,,2,56,,741,31,,,2,28,,738,31,,,2,76,,744,31,,,2
6601,'DIM',545,,3697,11,,,1,106,,3695,11,,,1,95,,3699,11,,,1,99,,3694,11,,,1,72,,3692,11,,,1,31,,3698,11,,,1,76,,3705,11,,,1,31,,3696,11,,,1,70,,3690,11,,,1,24,,3702,11,,,1,94,,3693,11,,,1,107,,3706,11,,,1,105,,3701,11,,,1,96,,3700,11,,,1,101,,3703,11,,,1,100,,3704,11,,,1,99,,3688,11,,,1,98,,3687,11,,,1,100,,3691,11,,,1,99,,3689,11,,,1
6601,'SAM',545,,3716,11,,,1,106,,3721,11,,,1,95,,3717,11,,,1,99,,3719,11,,,1,72,,3709,11,,,1,31,,3724,11,,,1,76,,3725,11,,,1,31,,3720,11,,,1,70,,3707,11,,,1,24,,5379,11,,,1,100,,3726,11,,,1,101,,3718,11,,,1,104,,3710,11,,,1,97,,3722,11,,,1,101,,3708,11,,,1,100,,3712,11,,,1,97,,3713,11,,,1,100,,3715,11,,,1,100,,3714,11,,,1,99,,3711,11,,,1
6601,'SEM',627,,3727,11,,,1,104,,3728,11,,,1,97,,5620,11,,,1,101,,3729,11,,,1,104,,3737,11,,,1,99,,3730,11,,,1,102,,5476,11,,,1,100,,3736,11,,,1,100,,3733,11,,,1,75,,5621,11,,,1,48,,3734,11,,,1,145,,5622,11,,,1,98,,3735,11,,,1,100,,3742,11,,,1,56,,3741,11,,,1,101,,3743,11,,,1,97,,3740,11,,,1
22601,'SEM',643,,4953,3,,,2,13,,4954,3,,,2,48,,5400,3,,,2,8,,5637,3,,,2,8,,4956,3,,,2,9,,4957,3,,,2,13,,4952,3,,,2,11,,4951,3,,,2,58,,4958,3,,,2,16,,4955,3,,,2
