2201,'DIM',640,,328,33,,,2,101,,332,33,,,2,104,,331,33,,,2,99,,330,33,,,2,101,,327,33,,,2,99,,329,33,,,2,101,,334,33,,,2,102,,336,33,,,2,96,,333,33,,,2,105,,335,33,,,2,99,,321,33,,,2,100,,323,33,,,2,97,,322,33,,,2,102,,325,33,,,2,100,,324,33,,,2,100,,326,33,,,2
2201,'SAM',640,,345,33,,,2,101,,347,33,,,2,104,,344,33,,,2,99,,346,33,,,2,102,,349,33,,,2,99,,353,33,,,2,101,,352,33,,,2,101,,348,33,,,2,96,,350,33,,,2,102,,351,33,,,2,102,,338,33,,,2,101,,341,33,,,2,96,,339,33,,,2,102,,337,33,,,2,100,,343,33,,,2,100,,342,33,,,2,100,,340,33,,,2
2201,'SEM',635,,369,33,,,2,99,,357,33,,,2,95,,355,33,,,2,80,,354,33,,,2,34,,371,33,,,2,101,,356,33,,,2,100,,370,33,,,2,100,,372,33,,,2,100,,359,33,,,2,96,,360,33,,,2,105,,358,33,,,2,100,,364,33,,,2,100,,362,33,,,2,99,,361,33,,,2,98,,363,33,,,2,104,,367,33,,,2,100,,365,33,,,2,95,,366,33,,,2,98,,368,33,,,2
5801,'DIM',543,,2996,48,,,2,101,,2978,48,,,2,91,,2987,48,,,2,100,,2990,48,,,2,99,,2993,48,,,2,100,,2986,48,,,2,102,,2995,48,,,2,98,,2992,48,,,2,103,,2989,48,,,2,99,,2991,48,,,2,102,,2988,48,,,2,99,,2981,48,,,2,101,,2994,48,,,2,99,,2977,48,,,2,99,,2985,48,,,2,99,,2980,48,,,2,100,,2979,48,,,2,100,,2983,48,,,2,99,,2982,48,,,2,110,,2984,48,,,2
5801,'SAM',543,,3016,48,,,2,101,,3008,48,,,2,91,,3007,48,,,2,100,,3012,48,,,2,100,,3010,48,,,2,99,,3013,48,,,2,102,,3015,48,,,2,98,,2997,48,,,2,101,,3006,48,,,2,101,,3011,48,,,2,101,,3009,48,,,2,101,,3014,48,,,2,100,,3000,48,,,2,100,,3004,48,,,2,98,,2998,48,,,2,99,,3005,48,,,2,100,,3001,48,,,2,100,,3003,48,,,2,99,,2999,48,,,2,110,,3002,48,,,2
5801,'SEM',534,,3030,48,,,2,68,,3027,48,,,2,42,,3038,48,,,2,84,,3028,48,,,2,86,,3034,48,,,2,45,,3021,48,,,2,99,,3039,48,,,2,100,,3017,48,,,2,100,,3022,48,,,2,100,,3037,48,,,2,100,,3018,48,,,2,87,,3029,48,,,2,71,,3019,48,,,2,32,,3040,48,,,2,69,,3024,48,,,2,35,,3026,48,,,2,69,,3025,48,,,2,27,,3020,48,,,2,69,,3036,48,,,2,29,,3023,48,,,2,70,,3042,48,,,2,100,,3041,48,,,2,99,,3032,48,,,2,99,,3031,48,,,2,100,,3033,48,,,2,98,,3035,48,,,2
22201,'DIM',1412,,4832,33,,,2,815,,4830,33,,,2,83,,4831,33,,,2
22201,'SAM',1412,,4837,33,,,2,815,,4833,33,,,2,83,,4834,33,,,2,100,,4836,33,,,2,112,,4835,33,,,2
22201,'SEM',714,,4838,33,,,2,10,,4839,33,,,2,684,,4840,33,,,2,100,,4841,33,,,2,106,,4845,33,,,2,100,,4843,33,,,2,90,,4842,33,,,2,625,,4844,33,,,2
32201,'DIM',521,,4950,34,,,2,801,,4952,33,,,2,802,,4951,33,,,2
32201,'SAM',521,,4953,34,,,2,801,,4954,33,,,2
32201,'SEM',522,,4955,34,,,2,19,,4956,34,,,2,67,,4957,34,,,2,715,,4958,33,,,2,801,,4959,33,,,2
