4202,'DIM',525,,8661,104,,,2,82,,8702,104,,,2,27,,8672,104,,,2,71,,8660,104,,,2,32,,8684,104,,,2,70,,8682,104,,,2,33,,8703,104,,,2,73,,8687,104,,,2,33,,8683,104,,,2,72,,8691,104,,,2,31,,8695,104,,,2,63,,8701,104,,,2,22,,8697,104,,,2,22,,8688,104,,,2,62,,8693,104,,,2,19,,8689,104,,,2,20,,8692,104,,,2,58,,8677,104,,,2,24,,8680,104,,,2,20,,8679,104,,,2,62,,8681,104,,,2,19,,8686,104,,,2,60,,8685,104,,,2,18,,8705,104,,,2,21,,8698,104,,,2,61,,8694,104,,,2,21,,8690,104,,,2,21,,8700,104,,,2,59,,8665,104,,,2,20,,8666,104,,,2,21,,8667,104,,,2,62,,8699,104,,,2,35,,8696,104,,,2,73,,8704,104,,,2,29,,8676,104,,,2,70,,8663,104,,,2,32,,8662,104,,,2,70,,8671,104,,,2,27,,8659,104,,,2,67,,8668,104,,,2,28,,8678,104,,,2,68,,8664,104,,,2,29,,8670,104,,,2,70,,8674,104,,,2,27,,8675,104,,,2,29,,8669,104,,,2,74,,8673,104,,,2
4202,'SAM',525,,8708,104,,,2,82,,8710,104,,,2,27,,8728,104,,,2,71,,8706,104,,,2,32,,8736,104,,,2,70,,8734,104,,,2,33,,8711,104,,,2,73,,8742,104,,,2,33,,8738,104,,,2,72,,8737,104,,,2,31,,8741,104,,,2,63,,8753,104,,,2,22,,8747,104,,,2,22,,8751,104,,,2,61,,8746,104,,,2,20,,8749,104,,,2,20,,8731,104,,,2,58,,8744,104,,,2,23,,8735,104,,,2,21,,8727,104,,,2,61,,8733,104,,,2,20,,8707,104,,,2,60,,8740,104,,,2,18,,8739,104,,,2,21,,8732,104,,,2,61,,8743,104,,,2,21,,8709,104,,,2,20,,8745,104,,,2,59,,8748,104,,,2,21,,8714,104,,,2,21,,8750,104,,,2,62,,8752,104,,,2,34,,8720,104,,,2,73,,8722,104,,,2,30,,8724,104,,,2,70,,8726,104,,,2,35,,8712,104,,,2,67,,8715,104,,,2,27,,8729,104,,,2,67,,8717,104,,,2,28,,8719,104,,,2,71,,8713,104,,,2,25,,8716,104,,,2,70,,8718,104,,,2,28,,8721,104,,,2,29,,8723,104,,,2,74,,8725,104,,,2,70,,8730,104,,,2
4202,'SEM',527,,8792,104,,,2,99,,8794,104,,,2,74,,8798,104,,,2,17,,8801,104,,,2,18,,8754,104,,,2,10,,8756,104,,,2,12,,8759,104,,,2,49,,8762,104,,,2,10,,8800,104,,,2,12,,8797,104,,,2,21,,8757,104,,,2,59,,8771,104,,,2,21,,8758,104,,,2,22,,8802,104,,,2,62,,8799,104,,,2,19,,8760,104,,,2,21,,8793,104,,,2,60,,8755,104,,,2,19,,8796,104,,,2,22,,8764,104,,,2,60,,8787,104,,,2,21,,8795,104,,,2,24,,8765,104,,,2,57,,11969,104,,,2,24,,8767,104,,,2,60,,8769,104,,,2,21,,8770,104,,,2,23,,8763,104,,,2,57,,8772,104,,,2,21,,8773,104,,,2,20,,8774,104,,,2,62,,8761,104,,,2,21,,8776,104,,,2,20,,8803,104,,,2,60,,8779,104,,,2,19,,8780,104,,,2,20,,8781,104,,,2,61,,8783,104,,,2,16,,11965,104,,,2,21,,8786,104,,,2,60,,8766,104,,,2,22,,8775,104,,,2,23,,8768,104,,,2,59,,8790,104,,,2,30,,11968,104,,,2,84,,11967,104,,,2,35,,8791,104,,,2,67,,8777,104,,,2,29,,8778,104,,,2,67,,8782,104,,,2,26,,8784,104,,,2,75,,8789,104,,,2,26,,11966,104,,,2,71,,8788,104,,,2
5601,'DIM',659,,9667,42,,,2,100,,9669,42,,,2,100,,9666,42,,,2,70,,9672,42,,,2,71,,9665,42,,,2,29,,9664,42,,,2,71,,9671,42,,,2,30,,9670,42,,,2,70,,9661,42,,,2,32,,9674,42,,,2,70,,9668,42,,,2,30,,9662,42,,,2,71,,9675,42,,,2,30,,9663,42,,,2,70,,9652,42,,,2,30,,9653,42,,,2,70,,9655,42,,,2,30,,9659,42,,,2,74,,9673,42,,,2,33,,9656,42,,,2,69,,9657,42,,,2,91,,9676,42,,,2,100,,9658,42,,,2,100,,9654,42,,,2,100,,9660,42,,,2
5601,'SAM',659,,9695,42,,,2,100,,9691,42,,,2,100,,9690,42,,,2,72,,9693,42,,,2,28,,9698,42,,,2,66,,9694,42,,,2,76,,9700,42,,,2,29,,9692,42,,,2,70,,9696,42,,,2,32,,9701,42,,,2,70,,9677,42,,,2,30,,9699,42,,,2,71,,9683,42,,,2,30,,9680,42,,,2,70,,9697,42,,,2,30,,9681,42,,,2,71,,9684,42,,,2,29,,9685,42,,,2,74,,9678,42,,,2,32,,9687,42,,,2,70,,9689,42,,,2,91,,9686,42,,,2,100,,9688,42,,,2,100,,9682,42,,,2,100,,9679,42,,,2
5601,'SEM',457,,9731,42,,,2,100,,9722,42,,,2,70,,9728,42,,,2,28,,9707,42,,,2,68,,9704,42,,,2,79,,9719,42,,,2,30,,9703,42,,,2,72,,9708,42,,,2,30,,9725,42,,,2,75,,9726,42,,,2,20,,9729,42,,,2,75,,9723,42,,,2,30,,9732,42,,,2,70,,9720,42,,,2,32,,9709,42,,,2,70,,9718,42,,,2,31,,9721,42,,,2,71,,9730,42,,,2,29,,9724,42,,,2,71,,9702,42,,,2,30,,9705,42,,,2,71,,9706,42,,,2,35,,9727,42,,,2,74,,9713,42,,,2,24,,9712,42,,,2,69,,9710,42,,,2,29,,9716,42,,,2,98,,9714,42,,,2,104,,9717,42,,,2,85,,9711,42,,,2,91,,9715,42,,,2
6001,'DIM',756,,9939,26,,,1,101,,9947,26,,,1,101,,9945,26,,,1,143,,9946,26,,,1,101,,9948,26,,,1,102,,9951,26,,,1,102,,9949,26,,,1,100,,9952,26,,,1,100,,9950,26,,,1,102,,9953,26,,,1,93,,9954,26,,,1,100,,9941,26,,,1,58,,9943,26,,,1,99,,9942,26,,,1,99,,9944,26,,,1,99,,9938,26,,,1,100,,9940,26,,,1
6001,'SAM',655,,9961,26,,,1,101,,9966,26,,,1,101,,9957,26,,,1,101,,9969,26,,,1,142,,9971,26,,,1,102,,9967,26,,,1,102,,9970,26,,,1,102,,9968,26,,,1,100,,9956,26,,,1,100,,9972,26,,,1,102,,9955,26,,,1,93,,9959,26,,,1,101,,9964,26,,,1,57,,9960,26,,,1,99,,9962,26,,,1,99,,9965,26,,,1,99,,9958,26,,,1,100,,9963,26,,,1
6001,'SEM',539,,9987,26,,,1,101,,9973,26,,,1,85,,9991,26,,,1,76,,9985,26,,,1,35,,9989,26,,,1,101,,9975,26,,,1,100,,9992,26,,,1,101,,9990,26,,,1,103,,9976,26,,,1,100,,9974,26,,,1,100,,9986,26,,,1,102,,9988,26,,,1,100,,9977,26,,,1,103,,9981,26,,,1,98,,9979,26,,,1,90,,9984,26,,,1,98,,9982,26,,,1,100,,9978,26,,,1,100,,9980,26,,,1,94,,9983,26,,,1
6104,'DIM',646,,10121,45,,,2,100,,10122,45,,,2,103,,10119,45,,,2,102,,10123,45,,,2,101,,10125,45,,,2,102,,10124,45,,,2,102,,10120,45,,,2,102,,10118,45,,,2,142,,10108,45,,,2,103,,10111,45,,,2,54,,10113,45,,,2,102,,10115,45,,,2,96,,10117,45,,,2,97,,10116,45,,,2,98,,10112,45,,,2,98,,10109,45,,,2,99,,10110,45,,,2,100,,10114,45,,,2
6104,'SAM',646,,10134,45,,,2,100,,10133,45,,,2,103,,10136,45,,,2,103,,10138,45,,,2,100,,10141,45,,,2,102,,10135,45,,,2,99,,10139,45,,,2,105,,10142,45,,,2,142,,10140,45,,,2,103,,10143,45,,,2,54,,10137,45,,,2,101,,10129,45,,,2,100,,10126,45,,,2,94,,10130,45,,,2,98,,10128,45,,,2,98,,10131,45,,,2,99,,10127,45,,,2,100,,10132,45,,,2
6104,'SEM',513,,10147,45,,,2,100,,10156,45,,,2,35,,10144,45,,,2,62,,10159,45,,,2,36,,10154,45,,,2,69,,10163,45,,,2,102,,10145,45,,,2,100,,10146,45,,,2,101,,10161,45,,,2,104,,10155,45,,,2,100,,10158,45,,,2,101,,10157,45,,,2,100,,10160,45,,,2,110,,10162,45,,,2,26,,10150,45,,,2,98,,10152,45,,,2,97,,10151,45,,,2,100,,10148,45,,,2,98,,10153,45,,,2,79,,10149,45,,,2,91,,11997,45,,,2,101,,11998,45,,,2
6601,'DIM',606,,10467,53,,,1,101,,10469,53,,,1,103,,10475,53,,,1,100,,10465,53,,,1,33,,10466,53,,,1,71,,10473,53,,,1,31,,10476,53,,,1,75,,10464,53,,,1,26,,10471,53,,,1,70,,10470,53,,,1,101,,10477,53,,,1,102,,10474,53,,,1,103,,10472,53,,,1,99,,10468,53,,,1,102,,10460,53,,,1,95,,10462,53,,,1,98,,10459,53,,,1,100,,10461,53,,,1,100,,10463,53,,,1,99,,10458,53,,,1
6601,'SAM',606,,10483,53,,,1,101,,10490,53,,,1,103,,10492,53,,,1,100,,10488,53,,,1,33,,10486,53,,,1,71,,10478,53,,,1,31,,10495,53,,,1,75,,10484,53,,,1,26,,10496,53,,,1,70,,10491,53,,,1,101,,10494,53,,,1,102,,10497,53,,,1,103,,10493,53,,,1,99,,10489,53,,,1,102,,10479,53,,,1,95,,10480,53,,,1,98,,10482,53,,,1,100,,10481,53,,,1,100,,10485,53,,,1,99,,10487,53,,,1
6601,'SEM',648,,10512,53,,,1,105,,10501,53,,,1,101,,10514,53,,,1,103,,10511,53,,,1,101,,10500,53,,,1,146,,10504,53,,,1,102,,10498,53,,,1,100,,10513,53,,,1,103,,10502,53,,,1,31,,10507,53,,,1,88,,10508,53,,,1,105,,10499,53,,,1,93,,10505,53,,,1,98,,10503,53,,,1,98,,10509,53,,,1,98,,10506,53,,,1,99,,10510,53,,,1
7002,'DIM',609,,10680,53,,,1,40,,10679,53,,,1,90,,10662,76,,,1,102,,10669,76,,,1,100,,3943,76,,,1,102,,10665,76,,,1,68,,10666,76,,,1,34,,10668,76,,,1,69,,10658,76,,,1,25,,10667,76,,,1,75,,10664,76,,,1,25,,10673,76,,,1,79,,10671,76,,,1,28,,10674,76,,,1,76,,10656,76,,,1,25,,10670,76,,,1,71,,10676,76,,,1,23,,10672,76,,,1,78,,10675,76,,,1,27,,10660,76,,,1,75,,10678,76,,,1,33,,3946,76,,,1,97,,10677,76,,,1,94,,10655,76,,,1,95,,10657,76,,,1,98,,10661,76,,,1,99,,10659,76,,,1,103,,10663,76,,,1
7002,'SAM',609,,10707,53,,,1,40,,10708,53,,,1,89,,10705,76,,,1,103,,10685,76,,,1,100,,10693,76,,,1,102,,10692,76,,,1,65,,10701,76,,,1,37,,10706,76,,,1,69,,10703,76,,,1,24,,10697,76,,,1,75,,10696,76,,,1,26,,10695,76,,,1,79,,10698,76,,,1,36,,10694,76,,,1,67,,10704,76,,,1,25,,10702,76,,,1,68,,10700,76,,,1,26,,10699,76,,,1,79,,10688,76,,,1,28,,10684,76,,,1,75,,10686,76,,,1,33,,10681,76,,,1,96,,10690,76,,,1,94,,10682,76,,,1,96,,10683,76,,,1,97,,10689,76,,,1,99,,10687,76,,,1,103,,10691,76,,,1
7002,'SEM',616,,10714,76,,,1,99,,10734,76,,,1,26,,10735,76,,,1,73,,10713,76,,,1,36,,10716,76,,,1,67,,10718,76,,,1,29,,10733,76,,,1,70,,10711,76,,,1,30,,10740,76,,,1,71,,10719,76,,,1,27,,10741,76,,,1,73,,10736,76,,,1,26,,10738,76,,,1,74,,10737,76,,,1,30,,10712,76,,,1,70,,10739,76,,,1,25,,10732,76,,,1,76,,10717,76,,,1,32,,10720,76,,,1,71,,10715,76,,,1,30,,10709,76,,,1,73,,10710,76,,,1,26,,10723,76,,,1,71,,10724,76,,,1,24,,10728,76,,,1,72,,10727,76,,,1,90,,10725,76,,,1,41,,10729,76,,,1,93,,10721,76,,,1,111,,10726,76,,,1,106,,10722,76,,,1,97,,10731,76,,,1,145,,10730,76,,,1
