4201,'DIM',522,,8511,33,,,2,104,,8535,33,,,2,30,,8552,33,,,2,71,,1716,33,,,2,31,,8536,33,,,2,71,,8541,33,,,2,30,,8545,33,,,2,71,,8548,33,,,2,71,,8540,33,,,2,26,,8543,33,,,2,76,,8542,33,,,2,20,,8528,33,,,2,23,,8533,33,,,2,58,,8532,33,,,2,22,,8534,33,,,2,18,,8538,33,,,2,60,,8537,33,,,2,19,,8555,33,,,2,22,,8549,33,,,2,61,,8544,33,,,2,20,,1723,33,,,2,21,,8551,33,,,2,60,,8515,33,,,2,20,,8517,33,,,2,20,,8518,33,,,2,61,,8550,33,,,2,19,,8539,33,,,2,21,,8546,33,,,2,60,,8516,33,,,2,15,,8554,33,,,2,15,,8553,33,,,2,14,,8527,33,,,2,52,,8547,33,,,2,18,,8513,33,,,2,32,,8512,33,,,2,70,,8523,33,,,2,29,,8510,33,,,2,70,,8519,33,,,2,29,,8530,33,,,2,70,,8514,33,,,2,31,,8521,33,,,2,70,,8525,33,,,2,29,,8526,33,,,2,70,,8520,33,,,2,34,,8524,33,,,2,68,,8522,33,,,2,34,,8529,33,,,2,75,,8531,33,,,2
4201,'SAM',522,,8556,33,,,2,104,,8584,33,,,2,30,,8559,33,,,2,71,,8591,33,,,2,31,,8587,33,,,2,71,,8586,33,,,2,30,,8590,33,,,2,71,,8597,33,,,2,71,,8602,33,,,2,25,,8595,33,,,2,77,,8581,33,,,2,20,,8593,33,,,2,22,,8585,33,,,2,59,,8576,33,,,2,21,,8583,33,,,2,19,,8557,33,,,2,60,,8589,33,,,2,19,,8588,33,,,2,22,,8582,33,,,2,61,,8592,33,,,2,20,,8558,33,,,2,20,,8594,33,,,2,60,,8598,33,,,2,21,,8562,33,,,2,20,,8600,33,,,2,61,,8603,33,,,2,20,,8604,33,,,2,19,,8568,33,,,2,61,,8601,33,,,2,14,,8570,33,,,2,16,,8596,33,,,2,14,,8572,33,,,2,54,,8599,33,,,2,16,,8575,33,,,2,36,,8560,33,,,2,66,,8563,33,,,2,29,,8579,33,,,2,70,,8565,33,,,2,29,,8567,33,,,2,73,,8561,33,,,2,27,,8564,33,,,2,70,,8566,33,,,2,30,,8569,33,,,2,70,,8571,33,,,2,34,,8573,33,,,2,68,,8580,33,,,2,34,,8574,33,,,2,75,,8578,33,,,2,70,,8577,33,,,2
4201,'SEM',627,,8652,33,,,2,31,,8607,33,,,2,57,,8647,33,,,2,21,,8650,33,,,2,23,,8653,33,,,2,62,,8651,33,,,2,19,,8608,33,,,2,19,,8646,33,,,2,62,,8605,33,,,2,19,,8611,33,,,2,19,,8636,33,,,2,63,,8648,33,,,2,18,,8649,33,,,2,63,,8612,33,,,2,17,,8634,33,,,2,23,,8614,33,,,2,60,,8615,33,,,2,19,,8616,33,,,2,22,,8610,33,,,2,15,,8618,33,,,2,63,,8619,33,,,2,19,,8620,33,,,2,61,,8609,33,,,2,21,,8624,33,,,2,20,,8654,33,,,2,59,,8628,33,,,2,21,,8629,33,,,2,20,,8630,33,,,2,15,,8632,33,,,2,53,,8606,33,,,2,13,,8656,33,,,2,11,,8623,33,,,2,13,,8635,33,,,2,54,,8637,33,,,2,15,,8626,33,,,2,14,,8622,33,,,2,14,,8621,33,,,2,14,,8641,33,,,2,55,,8643,33,,,2,15,,8613,33,,,2,14,,8645,33,,,2,63,,8638,33,,,2,13,,8642,33,,,2,21,,8617,33,,,2,67,,8644,33,,,2,31,,8625,33,,,2,67,,8627,33,,,2,33,,8631,33,,,2,67,,8633,33,,,2,31,,8658,19,,,2,75,,8655,33,,,2,23,,8657,19,,,2,69,,8640,33,,,2,44,,8639,33,,,2
4803,'DIM',706,,9218,13,,,1,104,,9222,13,,,1,102,,9226,13,,,1,99,,9209,13,,,1,102,,9219,13,,,1,101,,9220,13,,,1,95,,9225,13,,,1,105,,9221,13,,,1,99,,9223,13,,,1,100,,9210,13,,,1,100,,9224,13,,,1,100,,9212,13,,,1,95,,9216,13,,,1,100,,9215,13,,,1,100,,9214,13,,,1,98,,2438,13,,,1,100,,9211,13,,,1,35,,9213,13,,,1,161,,9217,13,,,1
4803,'SAM',606,,2450,13,,,1,100,,9238,13,,,1,103,,9241,13,,,1,103,,9245,13,,,1,99,,9236,13,,,1,101,,9244,13,,,1,101,,9239,13,,,1,94,,9242,13,,,1,106,,9240,13,,,1,100,,9237,13,,,1,100,,9243,13,,,1,100,,9230,13,,,1,100,,9232,13,,,1,95,,9228,13,,,1,100,,9227,13,,,1,98,,9229,13,,,1,100,,9234,13,,,1,100,,9235,13,,,1,35,,9231,13,,,1,161,,9233,13,,,1
4803,'SEM',602,,9265,13,,,1,20,,9267,13,,,1,37,,9258,13,,,1,73,,9268,13,,,1,71,,9271,13,,,1,24,,9254,13,,,1,80,,9253,13,,,1,30,,9248,13,,,1,95,,9255,13,,,1,100,,9250,13,,,1,100,,9249,13,,,1,100,,9269,13,,,1,80,,9246,13,,,1,101,,9251,13,,,1,35,,9266,13,,,1,65,,9247,13,,,1,30,,9270,13,,,1,69,,9259,13,,,1,30,,9252,13,,,1,70,,9260,13,,,1,95,,9264,13,,,1,100,,9256,13,,,1,100,,9257,13,,,1,99,,9273,13,,,1,100,,9262,13,,,1,98,,9261,13,,,1,51,,9263,13,,,1,73,,9272,13,,,1
5801,'DIM',526,,9832,13,,,2,100,,9814,13,,,2,90,,9823,13,,,2,100,,9826,13,,,2,99,,9829,13,,,2,100,,9822,13,,,2,102,,9831,13,,,2,98,,9828,13,,,2,103,,9825,13,,,2,99,,9827,13,,,2,102,,9824,13,,,2,99,,9817,13,,,2,101,,9830,13,,,2,99,,9813,13,,,2,99,,9821,13,,,2,99,,9816,13,,,2,100,,9815,13,,,2,100,,9819,13,,,2,99,,9818,13,,,2,110,,9820,13,,,2
5801,'SAM',526,,9852,13,,,2,100,,9844,13,,,2,90,,9843,13,,,2,100,,9848,13,,,2,100,,9846,13,,,2,99,,9849,13,,,2,102,,9851,13,,,2,98,,9833,13,,,2,101,,9842,13,,,2,101,,9847,13,,,2,101,,9845,13,,,2,101,,9850,13,,,2,100,,9836,13,,,2,100,,9840,13,,,2,98,,9834,13,,,2,99,,9841,13,,,2,100,,9837,13,,,2,100,,9839,13,,,2,99,,9835,13,,,2,110,,9838,13,,,2
5801,'SEM',516,,9866,13,,,2,28,,9863,13,,,2,82,,9875,13,,,2,83,,9864,13,,,2,46,,9870,13,,,2,85,,9857,13,,,2,99,,9876,13,,,2,100,,9853,13,,,2,100,,9858,13,,,2,100,,9874,13,,,2,100,,9854,13,,,2,86,,9865,13,,,2,31,,9855,13,,,2,72,,9877,13,,,2,28,,9860,13,,,2,75,,9862,13,,,2,69,,9861,13,,,2,27,,9856,13,,,2,29,,9873,13,,,2,70,,9859,13,,,2,30,,9872,13,,,2,100,,9878,13,,,2,100,,9868,13,,,2,99,,9867,13,,,2,100,,9869,13,,,2,99,,9871,13,,,2
7002,'DIM',701,,10662,13,,,1,102,,10669,13,,,1,100,,3943,13,,,1,100,,10665,13,,,1,28,,10666,13,,,1,73,,10668,13,,,1,29,,10658,13,,,1,25,,10667,13,,,1,75,,10664,13,,,1,25,,10673,13,,,1,79,,10671,13,,,1,67,,10674,13,,,1,36,,10656,13,,,1,65,,10670,13,,,1,31,,10676,13,,,1,23,,10672,13,,,1,78,,10675,13,,,1,68,,10660,13,,,1,36,,10678,13,,,1,74,,3946,13,,,1,97,,10677,13,,,1,95,,10655,13,,,1,95,,10657,13,,,1,101,,10661,13,,,1,99,,10659,13,,,1,103,,10663,13,,,1
7002,'SAM',700,,10705,13,,,1,103,,10685,13,,,1,100,,10693,13,,,1,100,,10692,13,,,1,25,,10701,13,,,1,76,,10706,13,,,1,29,,10703,13,,,1,24,,10697,13,,,1,75,,10696,13,,,1,26,,10695,13,,,1,79,,10698,13,,,1,75,,10694,13,,,1,27,,10704,13,,,1,65,,10702,13,,,1,28,,10700,13,,,1,26,,10699,13,,,1,79,,10688,13,,,1,69,,10684,13,,,1,36,,10686,13,,,1,74,,10681,13,,,1,96,,10690,13,,,1,95,,10682,13,,,1,96,,10683,13,,,1,100,,10689,13,,,1,99,,10687,13,,,1,103,,10691,13,,,1
7002,'SEM',535,,10714,13,,,1,96,,10734,13,,,1,26,,10735,13,,,1,73,,10713,13,,,1,76,,10716,13,,,1,27,,10718,13,,,1,70,,10733,13,,,1,30,,10711,13,,,1,70,,10740,13,,,1,30,,10719,13,,,1,67,,10741,13,,,1,33,,10736,13,,,1,26,,10738,13,,,1,74,,10737,13,,,1,70,,10712,13,,,1,30,,10739,13,,,1,24,,10732,13,,,1,76,,10717,13,,,1,71,,10720,13,,,1,30,,10715,13,,,1,70,,10709,13,,,1,33,,10710,13,,,1,68,,10723,13,,,1,33,,10724,13,,,1,66,,10728,13,,,1,33,,10727,13,,,1,90,,10725,13,,,1,83,,10729,13,,,1,94,,10721,13,,,1,112,,10726,13,,,1,106,,10722,13,,,1,99,,10731,13,,,1,105,,10730,13,,,1
