'OCRE25DIM',3903,92600,4,'',1,2900,4,'',1,7000,4,'',1,3000,4,'',1,7300,4,'',1,3000,4,'',1,7500,4,'',1,2300,4,'',1,6900,4,'',1,3400,4,'',1,6800,4,'',1,7300,4,'',1,2900,4,'',1,2800,4,'',1,7000,4,'',1,2600,4,'',1,5900,4,'',1,1000,4,'',1,2400,4,'',1,6500,4,'',1,9900,4,'',1,9900,4,'',1,10000,4,'',1,10400,4,'',1
'OCRE25SAM',3903,92600,4,'',1,2900,4,'',1,7000,4,'',1,3000,4,'',1,7300,4,'',1,3000,4,'',1,6900,4,'',1,2900,4,'',1,7000,4,'',1,3300,4,'',1,6800,4,'',1,7300,4,'',1,2900,4,'',1,2800,4,'',1,7000,4,'',1,2600,4,'',1,5900,4,'',1,1000,4,'',1,2400,4,'',1,6500,4,'',1,9900,4,'',1,9900,4,'',1,10000,4,'',1,10400,4,'',1
'OCRE25SEM',3903,71600,4,'',1,9900,4,'',1,10600,4,'',1,3600,4,'',1,6400,4,'',1,3000,4,'',1,7000,4,'',1,3400,4,'',1,6300,4,'',1,3800,4,'',1,6600,4,'',1,3000,4,'',1,7400,4,'',1,1300,4,'',1,6400,4,'',1,2000,4,'',1,2000,4,'',1,6000,4,'',1,2500,4,'',1,2500,4,'',1,8100,4,'',1,8300,4,'',1,3000,4,'',1,10400,4,'',1,10000,4,'',1,10100,4,'',1,9500,4,'',1,8700,4,'',1
'OCTO25DIM',3903,92600,4,'',1,2900,4,'',1,7000,4,'',1,3000,4,'',1,6700,4,'',1,3600,4,'',1,6900,4,'',1,2900,4,'',1,6900,4,'',1,3400,4,'',1,6900,4,'',1,7200,4,'',1,2800,4,'',1,3000,4,'',1,6900,4,'',1,2600,4,'',1,5900,4,'',1,1000,4,'',1,2400,4,'',1,6500,4,'',1,9900,4,'',1,9900,4,'',1,10000,4,'',1,10400,4,'',1
'OCTO25SAM',3903,92600,4,'',1,2900,4,'',1,7000,4,'',1,3000,4,'',1,6700,4,'',1,3600,4,'',1,6900,4,'',1,2900,4,'',1,7000,4,'',1,3300,4,'',1,6900,4,'',1,7200,4,'',1,2900,4,'',1,2800,4,'',1,7200,4,'',1,2400,4,'',1,5900,4,'',1,1000,4,'',1,2400,4,'',1,6500,4,'',1,9900,4,'',1,9900,4,'',1,10000,4,'',1,10400,4,'',1
'OCTO25SEM',3903,71500,4,'',1,10100,4,'',1,10500,4,'',1,3400,4,'',1,6600,4,'',1,3100,4,'',1,6900,4,'',1,3300,4,'',1,6600,4,'',1,3600,4,'',1,6700,4,'',1,3100,4,'',1,7000,4,'',1,1200,4,'',1,6700,4,'',1,2000,4,'',1,2100,4,'',1,6100,4,'',1,2300,4,'',1,2500,4,'',1,8000,4,'',1,8500,4,'',1,2800,4,'',1,10500,4,'',1,10700,4,'',1,9300,4,'',1,9800,4,'',1,8800,4,'',1
'OCRE25DIM',5002,62400,4,'',1,10000,4,'',1,10000,4,'',1,10100,4,'',1,10300,4,'',1,2800,4,'',1,7800,4,'',1,6700,4,'',1,3500,4,'',1,6700,4,'',1,2900,4,'',1,7700,4,'',1,2900,4,'',1,6800,4,'',1,3300,4,'',1,6900,4,'',1,3200,4,'',1,6700,4,'',1,3700,4,'',1,9700,4,'',1,9500,4,'',1,9800,4,'',1,10000,4,'',1,9700,4,'',1,9900,4,'',1,10000,4,'',1
'OCRE25SAM',5002,62400,4,'',1,10000,4,'',1,10000,4,'',1,10100,4,'',1,10800,4,'',1,2300,4,'',1,7700,4,'',1,6700,4,'',1,3300,4,'',1,2400,4,'',1,7700,4,'',1,7500,4,'',1,2500,4,'',1,7200,4,'',1,3800,4,'',1,6300,4,'',1,3500,4,'',1,6200,4,'',1,4100,4,'',1,9600,4,'',1,9500,4,'',1,9800,4,'',1,10000,4,'',1,9700,4,'',1,9900,4,'',1,10000,4,'',1
'OCRE25SEM',5002,51300,4,'',1,3600,4,'',1,7100,4,'',1,3300,4,'',1,6800,4,'',1,1800,4,'',1,7000,4,'',1,2400,4,'',1,6900,4,'',1,2600,4,'',1,2600,4,'',1,6400,4,'',1,3700,4,'',1,6900,4,'',1,2800,4,'',1,7200,4,'',1,3100,4,'',1,7100,4,'',1,3000,4,'',1,7100,4,'',1,8000,4,'',1,3000,4,'',1,8400,4,'',1,3000,4,'',1,7000,4,'',1,2600,4,'',1,6900,4,'',1,2800,4,'',1,7000,4,'',1,10600,4,'',1,10100,4,'',1,9900,4,'',1,11300,4,'',1,10200,4,'',1,9600,4,'',1
'OCTO25DIM',5002,62400,4,'',1,10000,4,'',1,10000,4,'',1,10100,4,'',1,10800,4,'',1,6900,4,'',1,3200,4,'',1,6700,4,'',1,3500,4,'',1,6700,4,'',1,3400,4,'',1,7200,4,'',1,2900,4,'',1,6800,4,'',1,3300,4,'',1,6900,4,'',1,3100,4,'',1,6800,4,'',1,3600,4,'',1,9700,4,'',1,9600,4,'',1,9800,4,'',1,10000,4,'',1,9700,4,'',1,9900,4,'',1,10000,4,'',1
'OCTO25SAM',5002,62400,4,'',1,10000,4,'',1,10000,4,'',1,10100,4,'',1,10800,4,'',1,6900,4,'',1,3200,4,'',1,6700,4,'',1,3200,4,'',1,2400,4,'',1,7000,4,'',1,8000,4,'',1,3500,4,'',1,6400,4,'',1,3400,4,'',1,6800,4,'',1,3000,4,'',1,6900,4,'',1,3800,4,'',1,9500,4,'',1,9600,4,'',1,9800,4,'',1,10000,4,'',1,9700,4,'',1,9900,4,'',1,10000,4,'',1
'OCTO25SEM',5002,51300,4,'',1,3600,4,'',1,7200,4,'',1,3200,4,'',1,6800,4,'',1,1800,4,'',1,7000,4,'',1,2400,4,'',1,6900,4,'',1,2900,4,'',1,2300,4,'',1,6500,4,'',1,3700,4,'',1,6800,4,'',1,3000,4,'',1,6900,4,'',1,3200,4,'',1,7100,4,'',1,3000,4,'',1,7100,4,'',1,8100,4,'',1,3100,4,'',1,8200,4,'',1,3100,4,'',1,6700,4,'',1,2800,4,'',1,7300,4,'',1,2400,4,'',1,7000,4,'',1,10800,4,'',1,9700,4,'',1,10400,4,'',1,10900,4,'',1,10300,4,'',1,9600,4,'',1
