5503,'SEM',642,,9631,13,,,2,116,,9627,13,,,2,142,,9617,13,,,2,56,,9628,13,,,2,98,,9633,13,,,2,102,,9619,13,,,2,100,,9629,13,,,2,100,,9630,13,,,2,99,,9620,13,,,2,97,,9622,13,,,2,72,,9624,13,,,2,33,,9625,13,,,2,70,,9618,13,,,2,76,,9621,13,,,2,47,,9623,13,,,2,97,,9626,13,,,2,100,,9632,13,,,2
6601,'DIM',559,,10467,40,,,1,100,,10469,40,,,1,143,,10475,40,,,1,100,,10465,40,,,1,32,,10466,40,,,1,71,,10473,40,,,1,31,,10476,40,,,1,75,,10464,40,,,1,26,,10471,40,,,1,70,,10470,40,,,1,101,,10477,40,,,1,101,,10474,40,,,1,103,,10472,40,,,1,99,,10468,40,,,1,103,,10460,40,,,1,96,,10462,40,,,1,98,,10459,40,,,1,100,,10461,40,,,1,100,,10463,40,,,1,100,,10458,40,,,1
6601,'SAM',559,,10483,40,,,1,100,,10490,40,,,1,143,,10492,40,,,1,100,,10488,40,,,1,32,,10486,40,,,1,71,,10478,40,,,1,31,,10495,40,,,1,75,,10484,40,,,1,26,,10496,40,,,1,70,,10491,40,,,1,101,,10494,40,,,1,101,,10497,40,,,1,103,,10493,40,,,1,99,,10489,40,,,1,103,,10479,40,,,1,96,,10480,40,,,1,98,,10482,40,,,1,100,,10481,40,,,1,100,,10485,40,,,1,100,,10487,40,,,1
6601,'SEM',640,,10512,40,,,1,104,,10501,40,,,1,101,,10514,40,,,1,103,,10511,40,,,1,100,,10500,40,,,1,106,,10504,40,,,1,102,,10498,40,,,1,100,,10513,40,,,1,103,,10502,40,,,1,71,,10507,40,,,1,88,,10508,40,,,1,106,,10499,40,,,1,93,,10505,40,,,1,99,,10503,40,,,1,98,,10509,40,,,1,98,,10506,40,,,1,99,,10510,40,,,1
25503,'DIM',819,,11693,10,,,2,100,,11694,10,,,2,99,,11691,10,,,2,100,,11695,10,,,2,98,,11692,10,,,2,100,,11696,10,,,2,102,,11683,10,,,2,100,,11697,10,,,2,101,,11684,10,,,2,100,,11698,10,,,2,100,,11689,10,,,2,100,,11699,10,,,2,100,,11690,10,,,2,99,,11687,10,,,2,100,,11685,10,,,2,100,,11688,10,,,2,100,,11686,10,,,2
25503,'SAM',819,,11714,10,,,2,100,,11705,10,,,2,99,,11710,10,,,2,100,,11712,10,,,2,98,,11711,10,,,2,100,,11713,10,,,2,102,,11700,10,,,2,100,,11715,10,,,2,101,,11701,10,,,2,100,,11716,10,,,2,100,,11708,10,,,2,100,,11702,10,,,2,100,,11709,10,,,2,99,,11703,10,,,2,100,,11706,10,,,2,100,,11704,10,,,2,100,,11707,10,,,2
25503,'SEM',2145,,11717,10,,,2,101,,11719,10,,,2,157,,11718,10,,,2
71303,'DIM',637,,11790,10,,,2
71303,'SAM',706,,11791,10,,,2,25,,11792,10,,,2
71303,'SEM',618,,11793,10,,,2,95,,11809,10,,,2,114,,11799,10,,,2,101,,11797,10,,,2,100,,11794,10,,,2,100,,11802,10,,,2,100,,11795,10,,,2,100,,11796,10,,,2,100,,11800,10,,,2,90,,11798,10,,,2,31,,11803,10,,,2,71,,11811,10,,,2,30,,11801,10,,,2,71,,11810,10,,,2,30,,11814,10,,,2,68,,11812,10,,,2,99,,11813,10,,,2,100,,11804,10,,,2,98,,11805,10,,,2,99,,11807,10,,,2,100,,11806,10,,,2,100,,11808,10,,,2,102,,11815,10,,,2
