3903,'DIM',919,,8236,5,,,1,30,,8241,5,,,1,70,,8242,5,,,1,30,,8239,5,,,1,74,,8240,5,,,1,26,,8243,5,,,1,69,,8233,5,,,1,31,,8237,5,,,1,70,,8234,5,,,1,30,,8220,5,,,1,70,,8223,5,,,1,31,,8226,5,,,1,70,,8238,5,,,1,31,,8227,5,,,1,71,,8228,5,,,1,25,,8229,5,,,1,58,,8235,5,,,1,10,,8230,5,,,1,24,,8224,5,,,1,65,,8231,5,,,1,100,,8221,5,,,1,100,,8232,5,,,1,100,,8222,5,,,1,104,,8225,5,,,1
3903,'SAM',919,,8263,5,,,1,30,,8267,5,,,1,70,,8244,5,,,1,30,,8258,5,,,1,74,,8261,5,,,1,26,,8260,5,,,1,70,,8245,5,,,1,30,,8259,5,,,1,70,,8262,5,,,1,30,,8246,5,,,1,70,,8265,5,,,1,31,,8249,5,,,1,70,,8250,5,,,1,31,,8252,5,,,1,71,,8266,5,,,1,25,,8253,5,,,1,58,,8264,5,,,1,11,,8251,5,,,1,23,,8248,5,,,1,69,,8247,5,,,1,98,,8255,5,,,1,98,,8254,5,,,1,100,,8257,5,,,1,104,,8256,5,,,1
3903,'SEM',709,,8291,5,,,1,99,,8273,5,,,1,104,,8271,5,,,1,33,,8275,5,,,1,69,,8292,5,,,1,31,,8293,5,,,1,68,,8286,5,,,1,31,,8290,5,,,1,67,,8294,5,,,1,38,,8270,5,,,1,73,,8277,5,,,1,27,,8279,5,,,1,71,,8280,5,,,1,34,,8269,5,,,1,77,,8287,5,,,1,23,,8281,5,,,1,68,,8272,5,,,1,25,,8274,5,,,1,75,,8282,5,,,1,80,,8283,5,,,1,40,,8276,5,,,1,99,,8278,5,,,1,97,,8284,5,,,1,103,,8288,5,,,1,100,,8285,5,,,1,88,,8289,5,,,1
5001,'DIM',522,,9340,5,,,1,100,,9348,5,,,1,100,,9336,5,,,1,96,,9353,5,,,1,100,,9345,5,,,1,32,,9355,5,,,1,77,,9347,5,,,1,23,,9360,5,,,1,78,,9358,5,,,1,22,,9359,5,,,1,75,,9361,5,,,1,29,,9346,5,,,1,72,,9349,5,,,1,76,,9362,5,,,1,29,,9351,5,,,1,73,,9350,5,,,1,30,,9356,5,,,1,23,,9354,5,,,1,74,,9352,5,,,1,81,,9357,5,,,1,18,,9338,5,,,1,100,,9341,5,,,1,100,,9344,5,,,1,100,,9337,5,,,1,99,,9342,5,,,1,99,,9339,5,,,1,100,,9343,5,,,1
5001,'SAM',522,,9370,5,,,1,100,,9373,5,,,1,100,,9364,5,,,1,96,,9385,5,,,1,100,,9383,5,,,1,38,,9388,5,,,1,70,,9381,5,,,1,24,,9365,5,,,1,78,,9389,5,,,1,22,,9387,5,,,1,75,,9366,5,,,1,29,,9377,5,,,1,72,,9379,5,,,1,76,,9382,5,,,1,29,,9378,5,,,1,73,,9380,5,,,1,30,,9368,5,,,1,23,,9369,5,,,1,74,,9363,5,,,1,79,,9384,5,,,1,21,,9386,5,,,1,99,,9374,5,,,1,100,,9376,5,,,1,100,,9375,5,,,1,99,,9371,5,,,1,99,,9367,5,,,1,100,,9372,5,,,1
5001,'SEM',511,,9411,5,,,1,104,,9416,5,,,1,35,,9412,5,,,1,63,,9391,5,,,1,36,,9390,5,,,1,64,,9393,5,,,1,31,,9419,5,,,1,66,,9420,5,,,1,33,,9415,5,,,1,67,,9392,5,,,1,33,,9396,5,,,1,68,,9414,5,,,1,32,,9402,5,,,1,70,,9417,5,,,1,30,,9397,5,,,1,72,,9413,5,,,1,28,,9418,5,,,1,70,,9395,5,,,1,42,,9394,5,,,1,66,,9405,5,,,1,36,,9398,5,,,1,69,,9399,5,,,1,29,,9404,5,,,1,70,,9400,5,,,1,75,,9403,5,,,1,30,,9406,5,,,1,75,,9407,5,,,1,105,,9421,5,,,1,105,,9401,5,,,1,105,,9409,5,,,1,105,,9408,5,,,1,107,,9410,5,,,1
6001,'DIM',802,,9939,32,,,1,102,,9947,32,,,1,101,,9945,32,,,1,103,,9946,32,,,1,101,,9948,32,,,1,102,,9951,32,,,1,102,,9949,32,,,1,100,,9952,32,,,1,100,,9950,32,,,1,102,,9953,32,,,1,93,,9954,32,,,1,99,,9941,32,,,1,98,,9943,32,,,1,98,,9942,32,,,1,99,,9944,32,,,1,99,,9938,32,,,1,100,,9940,32,,,1
6001,'SAM',700,,9961,32,,,1,102,,9966,32,,,1,102,,9957,32,,,1,101,,9969,32,,,1,102,,9971,32,,,1,102,,9967,32,,,1,102,,9970,32,,,1,102,,9968,32,,,1,100,,9956,32,,,1,100,,9972,32,,,1,102,,9955,32,,,1,93,,9959,32,,,1,100,,9964,32,,,1,97,,9960,32,,,1,98,,9962,32,,,1,99,,9965,32,,,1,99,,9958,32,,,1,100,,9963,32,,,1
6001,'SEM',544,,9987,32,,,1,101,,9973,32,,,1,85,,9991,32,,,1,77,,9985,32,,,1,36,,9989,32,,,1,101,,9975,32,,,1,100,,9992,32,,,1,101,,9990,32,,,1,104,,9976,32,,,1,100,,9974,32,,,1,100,,9986,32,,,1,102,,9988,32,,,1,99,,9977,32,,,1,103,,9981,32,,,1,98,,9979,32,,,1,90,,9984,32,,,1,98,,9982,32,,,1,99,,9978,32,,,1,99,,9980,32,,,1,94,,9983,32,,,1
6304,'DIM',748,,10251,46,,,1,101,,10247,46,,,1,101,,10249,46,,,1,102,,10243,46,,,1,99,,10248,46,,,1,104,,10253,46,,,1,96,,10250,46,,,1,102,,10254,46,,,1,103,,10252,46,,,1,100,,10255,46,,,1,99,,10256,46,,,1,99,,10244,46,,,1,99,,10240,46,,,1,99,,10241,46,,,1,99,,10245,46,,,1,98,,10242,46,,,1,99,,10246,46,,,1
6304,'SAM',648,,10270,46,,,1,100,,10268,46,,,1,101,,10273,46,,,1,101,,10269,46,,,1,102,,10267,46,,,1,99,,10272,46,,,1,104,,10271,46,,,1,96,,10275,46,,,1,102,,10274,46,,,1,103,,10257,46,,,1,102,,10258,46,,,1,97,,10259,46,,,1,99,,10261,46,,,1,99,,10260,46,,,1,99,,10265,46,,,1,99,,10262,46,,,1,98,,10263,46,,,1,99,,10266,46,,,1,98,,10264,46,,,1
6304,'SEM',503,,10303,46,,,1,111,,10299,46,,,1,30,,10308,46,,,1,71,,10291,46,,,1,15,,10302,46,,,1,27,,10305,46,,,1,66,,10307,46,,,1,19,,10306,46,,,1,70,,10280,46,,,1,30,,10281,46,,,1,71,,10282,46,,,1,30,,10276,46,,,1,65,,10279,46,,,1,30,,10304,46,,,1,72,,10294,46,,,1,30,,10287,46,,,1,66,,10300,46,,,1,38,,10277,46,,,1,67,,10278,46,,,1,32,,10288,46,,,1,71,,10301,46,,,1,39,,10309,46,,,1,70,,10284,46,,,1,24,,10283,46,,,1,74,,10289,46,,,1,16,,10286,46,,,1,68,,10295,46,,,1,29,,10290,46,,,1,77,,10293,46,,,1,97,,10285,46,,,1,40,,10296,46,,,1,91,,10298,46,,,1,94,,10292,46,,,1,99,,10297,46,,,1
6504,'DIM',722,,10395,62,,,2,102,,10393,62,,,2,101,,10396,62,,,2,101,,10398,62,,,2,102,,10400,62,,,2,102,,10397,62,,,2,99,,10394,62,,,2,102,,10402,62,,,2,106,,10399,62,,,2,95,,10401,62,,,2,97,,10388,62,,,2,102,,10390,62,,,2,97,,10389,62,,,2,98,,10391,62,,,2,100,,10392,62,,,2,96,,10386,62,,,2,100,,10387,62,,,2
6504,'SAM',722,,10413,62,,,2,102,,10412,62,,,2,101,,10416,62,,,2,101,,10415,62,,,2,102,,10417,62,,,2,101,,10419,62,,,2,99,,10420,62,,,2,103,,10418,62,,,2,105,,10414,62,,,2,96,,10403,62,,,2,97,,10405,62,,,2,102,,10408,62,,,2,99,,10409,62,,,2,96,,10411,62,,,2,100,,10410,62,,,2,96,,10407,62,,,2,100,,10404,62,,,2,99,,10406,62,,,2
6504,'SEM',540,,10442,62,,,2,86,,10452,62,,,2,26,,10423,62,,,2,60,,10432,62,,,2,15,,10439,62,,,2,12,,10450,62,,,2,10,,10422,62,,,2,10,,10451,62,,,2,50,,10447,62,,,2,23,,10424,62,,,2,70,,10426,62,,,2,32,,10441,62,,,2,69,,10455,62,,,2,33,,10427,62,,,2,71,,10428,62,,,2,27,,10444,62,,,2,75,,10429,62,,,2,27,,10454,62,,,2,80,,10448,62,,,2,20,,10449,62,,,2,70,,10453,62,,,2,30,,10431,62,,,2,70,,10434,62,,,2,38,,10425,62,,,2,67,,10438,62,,,2,40,,10440,62,,,2,73,,10421,62,,,2,20,,10433,62,,,2,64,,10430,62,,,2,36,,10443,62,,,2,72,,10445,62,,,2,86,,10436,62,,,2,100,,10435,62,,,2,98,,10437,62,,,2,59,,10457,62,,,2,99,,10456,62,,,2,98,,10446,62,,,2
7601,'DIM',508,,11036,37,,,2,100,,11009,82,,,2,25,,11023,82,,,2,104,,11024,82,,,2,100,,11016,82,,,2,101,,11028,82,,,2,68,,11033,82,,,2,30,,11030,82,,,2,71,,11026,82,,,2,30,,11027,82,,,2,70,,11007,82,,,2,31,,11031,82,,,2,71,,11029,82,,,2,29,,11014,82,,,2,73,,11034,82,,,2,31,,11035,82,,,2,69,,11006,82,,,2,33,,11017,82,,,2,67,,11025,82,,,2,30,,11010,82,,,2,70,,11012,82,,,2,29,,11008,82,,,2,70,,11015,82,,,2,29,,11032,82,,,2,105,,11020,82,,,2,97,,11021,82,,,2,97,,11013,82,,,2,98,,11022,82,,,2,100,,11011,82,,,2,100,,11018,82,,,2,99,,11019,82,,,2
7601,'SAM',508,,11067,37,,,2,100,,11041,82,,,2,25,,11050,82,,,2,104,,11053,82,,,2,100,,11052,82,,,2,101,,11056,82,,,2,68,,11060,82,,,2,30,,11057,82,,,2,71,,11063,82,,,2,30,,11051,82,,,2,70,,11059,82,,,2,32,,11058,82,,,2,70,,11065,82,,,2,29,,11038,82,,,2,73,,11054,82,,,2,31,,11037,82,,,2,69,,11055,82,,,2,33,,11062,82,,,2,67,,11066,82,,,2,30,,11039,82,,,2,70,,11061,82,,,2,29,,11043,82,,,2,70,,11064,82,,,2,31,,11040,82,,,2,103,,11046,82,,,2,97,,11048,82,,,2,97,,11044,82,,,2,98,,11042,82,,,2,100,,11047,82,,,2,100,,11045,82,,,2,99,,11049,82,,,2
7601,'SEM',527,,11068,82,,,2,92,,11089,82,,,2,27,,11096,82,,,2,65,,11104,82,,,2,24,,11074,82,,,2,12,,11099,82,,,2,54,,11076,82,,,2,16,,11097,82,,,2,24,,11101,82,,,2,60,,11071,82,,,2,25,,11075,82,,,2,22,,11069,82,,,2,70,,11098,82,,,2,30,,11072,82,,,2,69,,11094,82,,,2,31,,11070,82,,,2,70,,11100,82,,,2,31,,11079,82,,,2,70,,11095,82,,,2,32,,11078,82,,,2,72,,11081,82,,,2,31,,11103,82,,,2,73,,11082,82,,,2,30,,11073,82,,,2,78,,11102,82,,,2,66,,11077,82,,,2,25,,11080,82,,,2,24,,11086,82,,,2,67,,11090,82,,,2,30,,11092,82,,,2,73,,11088,82,,,2,23,,11084,82,,,2,69,,11093,82,,,2,100,,11091,82,,,2,100,,11083,82,,,2,99,,11085,82,,,2,103,,11087,82,,,2
90301,'DIM',853,,11859,55,,,2,105,,11857,55,,,2,100,,11860,55,,,2,97,,11858,55,,,2,99,,11864,55,,,2,102,,11863,55,,,2,101,,11865,55,,,2,144,,11861,55,,,2,56,,11862,55,,,2,144,,11856,55,,,2
90301,'SAM',655,,5244,55,,,2,102,,11870,55,,,2,96,,11872,55,,,2,105,,11871,55,,,2,99,,11874,55,,,2,96,,11873,55,,,2,101,,11875,55,,,2,102,,11869,55,,,2,100,,11876,55,,,2,145,,11866,55,,,2,56,,11868,55,,,2,100,,11867,55,,,2
90301,'SEM',540,,11885,55,,,2,80,,11888,55,,,2,22,,11893,55,,,2,12,,11895,55,,,2,52,,11892,55,,,2,10,,11894,55,,,2,10,,11877,55,,,2,15,,11880,55,,,2,61,,11887,55,,,2,25,,11889,55,,,2,30,,11896,55,,,2,143,,11879,55,,,2,100,,11884,55,,,2,59,,11878,55,,,2,100,,11891,55,,,2,141,,11890,55,,,2,100,,11882,55,,,2,42,,11897,55,,,2,107,,11883,55,,,2,105,,11881,55,,,2,92,,11886,55,,,2
