202,'SAM',2618,,8,6,,,1,41,,9,6,,,1
202,'SEM',518,,11,6,,,1,30,,12,6,,,1,55,,10,6,,,1,1999,,5218,6,,,1,41,,5219,6,,,1,81,,5220,6,,,1
1703,'DIM',613,,102,4,,,1,89,,94,4,,,1,99,,97,4,,,1,100,,96,4,,,1,57,,98,4,,,1,101,,93,4,,,1,100,,100,4,,,1,99,,95,4,,,1,101,,99,4,,,1,100,,101,4,,,1,142,,83,4,,,1,99,,87,4,,,1,59,,86,4,,,1,141,,85,4,,,1,59,,88,4,,,1,100,,91,4,,,1,141,,84,4,,,1,100,,89,4,,,1,102,,90,4,,,1,120,,92,4,,,1
1703,'SAM',536,,114,4,,,1,77,,121,4,,,1,89,,115,4,,,1,99,,111,4,,,1,100,,113,4,,,1,57,,116,4,,,1,100,,120,4,,,1,101,,118,4,,,1,100,,112,4,,,1,100,,119,4,,,1,100,,117,4,,,1,142,,122,4,,,1,100,,123,4,,,1,99,,103,4,,,1,100,,108,4,,,1,59,,105,4,,,1,100,,104,4,,,1,141,,106,4,,,1,100,,109,4,,,1,102,,110,4,,,1,120,,107,4,,,1
1703,'SEM',555,,140,4,,,1,102,,142,4,,,1,145,,141,4,,,1,55,,127,4,,,1,100,,139,4,,,1,100,,138,4,,,1,100,,144,4,,,1,100,,128,4,,,1,100,,125,4,,,1,98,,143,4,,,1,75,,146,4,,,1,20,,145,4,,,1,76,,124,4,,,1,23,,135,4,,,1,78,,126,4,,,1,80,,129,4,,,1,30,,132,4,,,1,69,,137,4,,,1,99,,5221,4,,,1,100,,130,4,,,1,101,,131,4,,,1,100,,133,4,,,1,100,,134,4,,,1,104,,136,4,,,1
2201,'DIM',627,,328,4,,,2,101,,332,4,,,2,104,,331,4,,,2,98,,330,4,,,2,101,,327,4,,,2,99,,329,4,,,2,101,,334,4,,,2,101,,336,4,,,2,96,,333,4,,,2,105,,335,4,,,2,100,,321,4,,,2,100,,323,4,,,2,97,,322,4,,,2,102,,325,4,,,2,100,,324,4,,,2,100,,326,4,,,2
2201,'SAM',627,,345,4,,,2,101,,347,4,,,2,104,,344,4,,,2,98,,346,4,,,2,102,,349,4,,,2,99,,353,4,,,2,101,,352,4,,,2,100,,348,4,,,2,96,,350,4,,,2,102,,351,4,,,2,103,,338,4,,,2,101,,341,4,,,2,96,,339,4,,,2,102,,337,4,,,2,100,,343,4,,,2,100,,342,4,,,2,100,,340,4,,,2
2201,'SEM',621,,369,4,,,2,99,,357,4,,,2,95,,355,4,,,2,40,,354,4,,,2,74,,371,4,,,2,101,,356,4,,,2,100,,370,4,,,2,100,,372,4,,,2,100,,359,4,,,2,96,,360,4,,,2,103,,358,4,,,2,100,,364,4,,,2,100,,362,4,,,2,100,,361,4,,,2,99,,5482,4,,,2,104,,367,4,,,2,100,,365,4,,,2,95,,366,4,,,2,99,,368,4,,,2
2703,'DIM',855,,925,4,,,2,100,,928,4,,,2,98,,930,4,,,2,102,,924,4,,,2,95,,932,4,,,2,106,,927,4,,,2,101,,929,4,,,2,100,,926,4,,,2,100,,931,4,,,2,100,,918,4,,,2,100,,920,4,,,2,98,,919,4,,,2,100,,923,4,,,2,100,,917,4,,,2,102,,916,4,,,2,100,,921,4,,,2,100,,922,4,,,2
2703,'SAM',655,,942,4,,,2,100,,943,4,,,2,100,,941,4,,,2,100,,951,4,,,2,100,,945,4,,,2,100,,948,4,,,2,94,,944,4,,,2,107,,946,4,,,2,102,,947,4,,,2,99,,940,4,,,2,94,,949,4,,,2,106,,950,4,,,2,100,,935,4,,,2,98,,938,4,,,2,100,,933,4,,,2,100,,934,4,,,2,102,,936,4,,,2,100,,937,4,,,2,100,,939,4,,,2
2703,'SEM',802,,969,4,,,2,50,,954,4,,,2,100,,5302,4,,,2,100,,953,4,,,2,99,,971,4,,,2,90,,968,4,,,2,103,,972,4,,,2,100,,957,4,,,2,81,,5386,4,,,2,81,,970,4,,,2,15,,952,4,,,2,30,,959,4,,,2,80,,956,4,,,2,25,,967,4,,,2,96,,963,4,,,2,87,,966,4,,,2,103,,962,4,,,2,102,,958,4,,,2,100,,961,4,,,2,100,,964,4,,,2,100,,965,4,,,2
3103,'DIM',632,,1047,6,,,1,99,,1046,6,,,1,98,,1051,6,,,1,99,,1052,6,,,1,99,,1050,6,,,1,100,,1048,6,,,1,102,,1037,6,,,1,100,,1049,6,,,1,99,,1036,6,,,1,102,,1035,6,,,1,99,,1040,6,,,1,99,,1042,6,,,1,103,,1041,6,,,1,97,,1043,6,,,1,101,,1039,6,,,1,101,,1038,6,,,1,100,,1044,6,,,1,101,,1045,6,,,1
3103,'SAM',632,,1065,6,,,1,99,,1064,6,,,1,98,,1067,6,,,1,99,,1070,6,,,1,99,,1071,6,,,1,100,,1066,6,,,1,100,,1062,6,,,1,101,,1068,6,,,1,100,,1063,6,,,1,102,,1069,6,,,1,100,,1057,6,,,1,99,,1059,6,,,1,100,,1055,6,,,1,100,,1060,6,,,1,100,,1053,6,,,1,101,,1054,6,,,1,100,,1056,6,,,1,102,,1058,6,,,1,95,,1061,6,,,1
3103,'SEM',627,,1093,6,,,1,99,,1091,6,,,1,100,,1092,6,,,1,99,,1072,6,,,1,101,,1073,6,,,1,100,,1075,6,,,1,100,,1094,6,,,1,100,,1074,6,,,1,100,,1079,6,,,1,98,,1080,6,,,1,11,,1081,6,,,1,76,,1076,6,,,1,30,,1085,6,,,1,80,,1082,6,,,1,30,,1078,6,,,1,76,,1090,6,,,1,30,,1077,6,,,1,76,,1089,6,,,1,100,,1083,6,,,1,101,,1086,6,,,1,101,,1087,6,,,1,98,,1084,6,,,1,114,,1088,6,,,1
4303,'DIM',632,,1973,4,,,1,100,,1975,4,,,1,100,,1979,4,,,1,100,,1977,4,,,1,105,,1978,4,,,1,101,,1976,4,,,1,100,,1982,4,,,1,99,,1980,4,,,1,103,,1981,4,,,1,97,,1963,4,,,1,100,,1964,4,,,1,104,,1966,4,,,1,92,,1969,4,,,1,99,,1968,4,,,1,100,,1965,4,,,1,100,,1967,4,,,1,100,,1974,4,,,1,100,,1970,4,,,1,100,,1972,4,,,1,100,,1971,4,,,1
4303,'SAM',632,,1995,4,,,1,100,,1984,4,,,1,100,,2000,4,,,1,100,,1985,4,,,1,105,,1986,4,,,1,101,,1998,4,,,1,100,,1996,4,,,1,99,,2001,4,,,1,102,,1997,4,,,1,101,,1999,4,,,1,99,,1983,4,,,1,98,,2002,4,,,1,96,,1990,4,,,1,99,,1987,4,,,1,100,,1991,4,,,1,100,,1988,4,,,1,100,,1989,4,,,1,100,,1994,4,,,1,100,,1992,4,,,1,100,,1993,4,,,1
4303,'SEM',632,,2022,4,,,1,100,,2023,4,,,1,81,,2006,4,,,1,104,,2024,4,,,1,31,,2005,4,,,1,69,,2020,4,,,1,30,,5492,4,,,1,70,,2008,4,,,1,30,,2026,4,,,1,70,,2025,4,,,1,30,,2021,4,,,1,72,,2009,4,,,1,28,,2010,4,,,1,70,,2014,4,,,1,30,,2027,4,,,1,70,,2004,4,,,1,25,,2011,4,,,1,70,,2007,4,,,1,19,,2028,4,,,1,76,,2013,4,,,1,31,,2003,4,,,1,71,,2017,4,,,1,102,,2018,4,,,1,101,,2019,4,,,1,101,,5230,4,,,1,101,,5231,4,,,1,110,,2015,4,,,1,106,,2016,4,,,1
4803,'DIM',702,,2378,4,,,1,103,,2382,4,,,1,102,,2386,4,,,1,99,,2368,4,,,1,102,,2379,4,,,1,100,,2380,4,,,1,95,,2385,4,,,1,105,,2381,4,,,1,99,,2383,4,,,1,101,,2369,4,,,1,100,,2384,4,,,1,100,,2371,4,,,1,95,,2376,4,,,1,100,,2374,4,,,1,100,,2373,4,,,1,99,,2375,4,,,1,100,,2370,4,,,1,35,,2372,4,,,1,121,,2377,4,,,1
4803,'SAM',602,,2387,4,,,1,100,,2399,4,,,1,102,,2402,4,,,1,103,,2406,4,,,1,99,,2397,4,,,1,101,,2405,4,,,1,100,,2400,4,,,1,94,,2403,4,,,1,106,,2401,4,,,1,100,,2398,4,,,1,101,,2404,4,,,1,100,,2391,4,,,1,100,,2393,4,,,1,95,,2389,4,,,1,100,,2388,4,,,1,98,,2390,4,,,1,101,,2395,4,,,1,100,,2396,4,,,1,35,,2392,4,,,1,121,,2394,4,,,1
4803,'SEM',557,,2427,4,,,1,60,,2429,4,,,1,37,,2419,4,,,1,73,,2430,4,,,1,31,,2433,4,,,1,64,,2415,4,,,1,80,,5458,4,,,1,30,,2409,4,,,1,95,,2416,4,,,1,100,,2411,4,,,1,100,,2410,4,,,1,100,,2431,4,,,1,80,,2407,4,,,1,100,,2412,4,,,1,35,,2428,4,,,1,65,,2408,4,,,1,30,,2432,4,,,1,70,,2420,4,,,1,30,,2413,4,,,1,70,,2421,4,,,1,95,,2425,4,,,1,100,,2417,4,,,1,100,,2418,4,,,1,99,,2422,4,,,1,100,,2423,4,,,1,99,,5239,4,,,1,51,,2424,4,,,1,73,,2426,4,,,1
5801,'DIM',522,,2996,4,,,2,100,,2978,4,,,2,90,,2987,4,,,2,99,,2990,4,,,2,99,,2993,4,,,2,100,,2986,4,,,2,102,,2995,4,,,2,98,,2992,4,,,2,102,,2989,4,,,2,99,,2991,4,,,2,102,,2988,4,,,2,99,,2981,4,,,2,101,,2994,4,,,2,100,,2977,4,,,2,99,,2985,4,,,2,99,,2980,4,,,2,101,,2979,4,,,2,100,,2983,4,,,2,99,,2982,4,,,2,110,,2984,4,,,2
5801,'SAM',522,,3016,4,,,2,100,,3008,4,,,2,90,,3007,4,,,2,99,,3012,4,,,2,100,,3010,4,,,2,99,,3013,4,,,2,102,,3015,4,,,2,98,,2997,4,,,2,100,,3006,4,,,2,101,,3011,4,,,2,101,,3009,4,,,2,101,,3014,4,,,2,100,,3000,4,,,2,101,,3004,4,,,2,98,,2998,4,,,2,99,,3005,4,,,2,101,,3001,4,,,2,100,,3003,4,,,2,99,,2999,4,,,2,110,,3002,4,,,2
5801,'SEM',512,,3030,4,,,2,28,,3027,4,,,2,82,,3038,4,,,2,82,,3028,4,,,2,46,,3034,4,,,2,85,,3021,4,,,2,99,,3039,4,,,2,100,,3017,4,,,2,100,,3022,4,,,2,100,,3037,4,,,2,100,,5500,4,,,2,86,,3029,4,,,2,31,,3019,4,,,2,72,,3040,4,,,2,28,,3024,4,,,2,75,,5499,4,,,2,28,,3025,4,,,2,68,,3020,4,,,2,29,,3036,4,,,2,70,,3023,4,,,2,30,,5245,4,,,2,100,,5246,4,,,2,100,,3032,4,,,2,99,,3031,4,,,2,100,,3033,4,,,2,100,,3035,4,,,2
6002,'DIM',652,,3158,4,,,1,100,,3167,4,,,1,99,,3165,4,,,1,99,,3166,4,,,1,100,,3168,4,,,1,100,,3171,4,,,1,100,,3169,4,,,1,100,,3172,4,,,1,100,,3170,4,,,1,100,,3173,4,,,1,99,,3174,4,,,1,101,,3160,4,,,1,101,,3162,4,,,1,101,,3161,4,,,1,101,,3163,4,,,1,100,,3157,4,,,1,100,,3159,4,,,1,99,,3164,4,,,1
6002,'SAM',652,,3186,4,,,1,100,,3177,4,,,1,99,,3189,4,,,1,99,,3191,4,,,1,100,,3187,4,,,1,100,,3190,4,,,1,100,,3188,4,,,1,100,,3176,4,,,1,100,,3192,4,,,1,100,,3175,4,,,1,99,,3179,4,,,1,103,,3184,4,,,1,99,,3180,4,,,1,101,,3181,4,,,1,101,,3185,4,,,1,100,,3178,4,,,1,100,,3182,4,,,1,99,,3183,4,,,1
6002,'SEM',623,,3210,4,,,1,100,,3208,4,,,1,100,,3194,4,,,1,99,,3211,4,,,1,100,,3209,4,,,1,101,,3199,4,,,1,100,,3193,4,,,1,99,,3195,4,,,1,101,,3207,4,,,1,98,,3196,4,,,1,100,,3201,4,,,1,108,,3198,4,,,1,94,,3204,4,,,1,101,,3202,4,,,1,99,,3197,4,,,1,100,,3200,4,,,1,99,,3203,4,,,1,90,,3206,4,,,1,100,,3205,4,,,1
7002,'DIM',656,,3827,4,,,1,102,,3834,4,,,1,100,,3839,4,,,1,100,,3830,4,,,1,68,,3831,4,,,1,33,,3833,4,,,1,69,,3823,4,,,1,24,,3832,4,,,1,75,,3829,4,,,1,25,,3838,4,,,1,79,,3836,4,,,1,27,,3840,4,,,1,76,,3821,4,,,1,25,,3835,4,,,1,71,,3843,4,,,1,23,,3837,4,,,1,78,,3842,4,,,1,28,,3825,4,,,1,76,,3845,4,,,1,75,,3841,4,,,1,97,,3844,4,,,1,95,,3820,4,,,1,55,,3822,4,,,1,101,,3826,4,,,1,99,,3824,4,,,1,143,,3828,4,,,1
7002,'SAM',655,,3872,4,,,1,103,,3852,4,,,1,100,,3860,4,,,1,100,,3859,4,,,1,65,,3868,4,,,1,36,,3873,4,,,1,69,,3870,4,,,1,23,,3864,4,,,1,75,,3863,4,,,1,26,,3862,4,,,1,79,,3865,4,,,1,75,,3861,4,,,1,27,,3871,4,,,1,25,,3869,4,,,1,68,,3867,4,,,1,26,,3866,4,,,1,79,,3855,4,,,1,69,,3851,4,,,1,36,,3853,4,,,1,75,,3848,4,,,1,96,,3857,4,,,1,95,,3849,4,,,1,56,,3850,4,,,1,100,,3856,4,,,1,99,,3854,4,,,1,143,,3858,4,,,1
7002,'SEM',530,,3881,4,,,1,96,,3901,4,,,1,26,,3902,4,,,1,73,,3880,4,,,1,76,,3883,4,,,1,27,,3885,4,,,1,30,,3900,4,,,1,70,,3878,4,,,1,30,,3907,4,,,1,70,,3886,4,,,1,27,,3908,4,,,1,73,,3903,4,,,1,26,,3905,4,,,1,74,,3904,4,,,1,29,,3879,4,,,1,70,,3906,4,,,1,24,,3899,4,,,1,76,,3884,4,,,1,31,,3887,4,,,1,70,,5408,4,,,1,30,,3876,4,,,1,73,,3877,4,,,1,28,,3890,4,,,1,73,,3891,4,,,1,26,,3895,4,,,1,73,,3894,4,,,1,91,,3892,4,,,1,83,,3896,4,,,1,54,,3888,4,,,1,152,,3893,4,,,1,106,,3889,4,,,1,99,,3898,4,,,1,105,,3897,4,,,1
7303,'DIM',647,,3922,4,,,1,99,,3919,4,,,1,99,,3920,4,,,1,98,,3923,4,,,1,100,,3926,4,,,1,100,,3921,4,,,1,100,,3924,4,,,1,101,,3918,4,,,1,99,,3925,4,,,1,102,,3927,4,,,1,99,,3912,4,,,1,100,,3909,4,,,1,101,,3915,4,,,1,99,,3911,4,,,1,100,,3910,4,,,1,101,,3913,4,,,1,100,,3914,4,,,1,102,,3917,4,,,1,105,,3916,4,,,1
7303,'SAM',554,,3944,4,,,1,93,,3941,4,,,1,99,,3940,4,,,1,99,,3945,4,,,1,98,,3947,4,,,1,101,,3943,4,,,1,99,,3931,4,,,1,100,,3946,4,,,1,101,,3942,4,,,1,99,,3948,4,,,1,102,,3949,4,,,1,101,,3930,4,,,1,99,,3928,4,,,1,99,,3929,4,,,1,100,,3933,4,,,1,100,,3932,4,,,1,101,,3934,4,,,1,100,,3935,4,,,1,102,,3938,4,,,1,105,,3936,4,,,1,100,,3939,4,,,1,100,,3937,4,,,1
7303,'SEM',540,,3984,4,,,1,66,,3981,4,,,1,38,,3980,4,,,1,10,,3985,4,,,1,78,,3974,4,,,1,15,,5506,4,,,1,83,,5409,4,,,1,12,,3951,4,,,1,70,,5507,4,,,1,31,,3983,4,,,1,69,,3953,4,,,1,31,,5505,4,,,1,69,,3967,4,,,1,31,,5265,4,,,1,69,,3986,4,,,1,30,,5504,4,,,1,70,,3957,4,,,1,30,,3962,4,,,1,70,,3950,4,,,1,30,,3959,4,,,1,75,,3987,4,,,1,24,,3969,4,,,1,15,,3961,4,,,1,61,,3955,4,,,1,16,,3956,4,,,1,23,,3965,4,,,1,57,,5508,4,,,1,30,,3975,4,,,1,16,,3964,4,,,1,56,,3960,4,,,1,33,,3970,4,,,1,70,,3972,4,,,1,32,,3966,4,,,1,100,,3977,4,,,1,100,,5266,4,,,1,100,,3976,4,,,1,100,,3971,4,,,1,81,,3973,4,,,1,95,,3978,4,,,1,121,,3979,4,,,1
7401,'DIM',717,,4082,4,,,2,98,,4083,4,,,2,101,,4086,4,,,2,97,,4085,4,,,2,101,,4087,4,,,2,100,,4084,4,,,2,100,,4081,4,,,2,99,,4080,4,,,2,102,,4088,4,,,2,99,,4074,4,,,2,102,,4075,4,,,2,99,,4077,4,,,2,100,,4078,4,,,2,99,,4079,4,,,2,101,,4073,4,,,2,100,,4072,4,,,2,101,,4076,4,,,2
7401,'SAM',717,,4097,4,,,2,98,,4099,4,,,2,101,,4098,4,,,2,98,,4101,4,,,2,100,,4103,4,,,2,100,,4105,4,,,2,101,,4100,4,,,2,98,,4104,4,,,2,101,,4102,4,,,2,100,,4089,4,,,2,101,,4092,4,,,2,101,,4094,4,,,2,100,,4093,4,,,2,98,,4095,4,,,2,101,,4090,4,,,2,100,,4096,4,,,2,101,,4091,4,,,2
7401,'SEM',619,,4121,4,,,2,95,,4106,4,,,2,100,,4120,4,,,2,103,,4110,4,,,2,101,,4111,4,,,2,101,,4124,4,,,2,98,,4109,4,,,2,101,,4123,4,,,2,100,,4122,4,,,2,93,,4108,4,,,2,93,,4112,4,,,2,101,,4107,4,,,2,30,,4114,4,,,2,85,,4119,4,,,2,101,,4113,4,,,2,101,,4116,4,,,2,100,,4117,4,,,2,100,,4115,4,,,2,100,,5271,4,,,2,95,,4118,4,,,2
22201,'DIM',1359,,4832,4,,,2,854,,4830,4,,,2,43,,4831,4,,,2
22201,'SAM',1359,,4837,4,,,2,854,,4833,4,,,2,43,,4834,4,,,2,100,,4836,4,,,2,152,,4835,4,,,2
22201,'SEM',700,,4838,4,,,2,10,,4839,4,,,2,643,,4840,4,,,2,100,,4841,4,,,2,105,,4845,4,,,2,100,,4843,4,,,2,90,,4842,4,,,2,667,,4844,4,,,2
32201,'DIM',507,,4950,5,,,2,799,,4952,4,,,2,802,,4951,4,,,2
32201,'SAM',507,,4953,5,,,2,799,,4954,4,,,2
32201,'SEM',508,,4955,5,,,2,19,,4956,5,,,2,27,,4957,5,,,2,755,,4958,4,,,2,799,,5518,4,,,2
34503,'SEM',433,,4973,6,,,1,100,,4974,6,,,1
