3903,'DIM',920,,1387,6,,,1,30,,1392,6,,,1,70,,1393,6,,,1,30,,1390,6,,,1,74,,1391,6,,,1,26,,1394,6,,,1,69,,1384,6,,,1,31,,1388,6,,,1,70,,1385,6,,,1,30,,1371,6,,,1,70,,1374,6,,,1,31,,1377,6,,,1,70,,1389,6,,,1,31,,1378,6,,,1,71,,1379,6,,,1,25,,1380,6,,,1,58,,1386,6,,,1,10,,1381,6,,,1,24,,1375,6,,,1,65,,1382,6,,,1,100,,1372,6,,,1,100,,1383,6,,,1,99,,1373,6,,,1,104,,1376,6,,,1
3903,'SAM',920,,1415,6,,,1,30,,1419,6,,,1,70,,1396,6,,,1,30,,1410,6,,,1,74,,1413,6,,,1,26,,1412,6,,,1,70,,1397,6,,,1,30,,1411,6,,,1,70,,1414,6,,,1,30,,1398,6,,,1,70,,1417,6,,,1,31,,1401,6,,,1,70,,1402,6,,,1,31,,1404,6,,,1,71,,1418,6,,,1,25,,1405,6,,,1,58,,1416,6,,,1,11,,1403,6,,,1,23,,1400,6,,,1,69,,1399,6,,,1,98,,1407,6,,,1,98,,1406,6,,,1,99,,1409,6,,,1,104,,1408,6,,,1
3903,'SEM',710,,1443,6,,,1,99,,1425,6,,,1,104,,5454,6,,,1,33,,1427,6,,,1,69,,5389,6,,,1,31,,1445,6,,,1,68,,1438,6,,,1,31,,5388,6,,,1,67,,1446,6,,,1,38,,1422,6,,,1,73,,1429,6,,,1,27,,1431,6,,,1,71,,1432,6,,,1,34,,1421,6,,,1,77,,1439,6,,,1,23,,1433,6,,,1,68,,1424,6,,,1,25,,1426,6,,,1,75,,1434,6,,,1,80,,1435,6,,,1,40,,1428,6,,,1,99,,1430,6,,,1,97,,1436,6,,,1,103,,1440,6,,,1,99,,1437,6,,,1,88,,1441,6,,,1
4201,'DIM',511,,1664,10,,,2,102,,1688,10,,,2,30,,1707,10,,,2,70,,1693,10,,,2,31,,1689,10,,,2,71,,1696,10,,,2,27,,1700,10,,,2,71,,1703,10,,,2,31,,1694,10,,,2,66,,1698,10,,,2,35,,1697,10,,,2,60,,1681,10,,,2,23,,1686,10,,,2,18,,1685,10,,,2,62,,1687,10,,,2,18,,1691,10,,,2,20,,1690,10,,,2,58,,1710,10,,,2,22,,1704,10,,,2,21,,1699,10,,,2,60,,1695,10,,,2,21,,1706,10,,,2,20,,1668,10,,,2,60,,1670,10,,,2,20,,1671,10,,,2,21,,1705,10,,,2,58,,1692,10,,,2,21,,1701,10,,,2,20,,1669,10,,,2,55,,1709,10,,,2,15,,1708,10,,,2,14,,1680,10,,,2,14,,1702,10,,,2,58,,1666,10,,,2,32,,1665,10,,,2,70,,1676,10,,,2,30,,1663,10,,,2,70,,1672,10,,,2,29,,1683,10,,,2,70,,1667,10,,,2,31,,1674,10,,,2,70,,1678,10,,,2,30,,1679,10,,,2,70,,1673,10,,,2,35,,1677,10,,,2,70,,1675,10,,,2,34,,1682,10,,,2,75,,1684,10,,,2
4201,'SAM',511,,1711,10,,,2,102,,1739,10,,,2,30,,1714,10,,,2,70,,1746,10,,,2,31,,1742,10,,,2,71,,1741,10,,,2,27,,1745,10,,,2,71,,1752,10,,,2,31,,1757,10,,,2,65,,1750,10,,,2,36,,1736,10,,,2,60,,1748,10,,,2,22,,1740,10,,,2,19,,1731,10,,,2,61,,1738,10,,,2,19,,1712,10,,,2,20,,1744,10,,,2,58,,1743,10,,,2,22,,1737,10,,,2,21,,1747,10,,,2,60,,1713,10,,,2,20,,1749,10,,,2,20,,1753,10,,,2,61,,1717,10,,,2,20,,1755,10,,,2,21,,1758,10,,,2,59,,1759,10,,,2,19,,1723,10,,,2,21,,1756,10,,,2,54,,1725,10,,,2,16,,1751,10,,,2,14,,1727,10,,,2,16,,1754,10,,,2,56,,1730,10,,,2,36,,1715,10,,,2,66,,1718,10,,,2,30,,1734,10,,,2,70,,1720,10,,,2,29,,1722,10,,,2,73,,1716,10,,,2,27,,1719,10,,,2,70,,1721,10,,,2,31,,1724,10,,,2,70,,1726,10,,,2,35,,1728,10,,,2,70,,1735,10,,,2,34,,1729,10,,,2,75,,1733,10,,,2,30,,1732,10,,,2
4201,'SEM',612,,1808,10,,,2,29,,1762,10,,,2,17,,1803,10,,,2,60,,1806,10,,,2,21,,1809,10,,,2,62,,1807,10,,,2,19,,1763,10,,,2,19,,1802,10,,,2,62,,1760,10,,,2,19,,1766,10,,,2,19,,1792,10,,,2,63,,1804,10,,,2,18,,1805,10,,,2,23,,1768,10,,,2,57,,5310,10,,,2,23,,1770,10,,,2,20,,1771,10,,,2,59,,1772,10,,,2,22,,1765,10,,,2,15,,1774,10,,,2,63,,1775,10,,,2,19,,1776,10,,,2,21,,1764,10,,,2,61,,5490,10,,,2,20,,1810,10,,,2,19,,1784,10,,,2,59,,1785,10,,,2,20,,1786,10,,,2,14,,1788,10,,,2,12,,1761,10,,,2,53,,1767,10,,,2,11,,1779,10,,,2,13,,1791,10,,,2,14,,1793,10,,,2,15,,1782,10,,,2,55,,1778,10,,,2,14,,1777,10,,,2,15,,1797,10,,,2,15,,1799,10,,,2,55,,1769,10,,,2,15,,1801,10,,,2,23,,1794,10,,,2,14,,1798,10,,,2,62,,1773,10,,,2,27,,1800,10,,,2,71,,1781,10,,,2,28,,1783,10,,,2,73,,1787,10,,,2,28,,1789,10,,,2,107,,5226,10,,,2,93,,1796,10,,,2,84,,1795,10,,,2
5001,'DIM',522,,2502,6,,,1,100,,2510,6,,,1,100,,2498,6,,,1,96,,2515,6,,,1,100,,2507,6,,,1,33,,2517,6,,,1,77,,2509,6,,,1,23,,2522,6,,,1,78,,2520,6,,,1,22,,2521,6,,,1,75,,2523,6,,,1,29,,2508,6,,,1,72,,2511,6,,,1,76,,2524,6,,,1,29,,2513,6,,,1,73,,2512,6,,,1,30,,2518,6,,,1,23,,2516,6,,,1,74,,2514,6,,,1,81,,2519,6,,,1,18,,2500,6,,,1,100,,2503,6,,,1,99,,2506,6,,,1,100,,2499,6,,,1,99,,2504,6,,,1,99,,2501,6,,,1,100,,2505,6,,,1
5001,'SAM',522,,2532,6,,,1,100,,2535,6,,,1,100,,2526,6,,,1,96,,2547,6,,,1,100,,2545,6,,,1,39,,2550,6,,,1,70,,2543,6,,,1,24,,2527,6,,,1,78,,2551,6,,,1,22,,2549,6,,,1,75,,2528,6,,,1,29,,2539,6,,,1,72,,2541,6,,,1,76,,2544,6,,,1,29,,2540,6,,,1,73,,2542,6,,,1,30,,2530,6,,,1,23,,2531,6,,,1,74,,2525,6,,,1,79,,2546,6,,,1,21,,2548,6,,,1,99,,2536,6,,,1,99,,2538,6,,,1,100,,2537,6,,,1,99,,2533,6,,,1,99,,2529,6,,,1,100,,2534,6,,,1
5001,'SEM',511,,2573,6,,,1,104,,2578,6,,,1,35,,2574,6,,,1,63,,2553,6,,,1,36,,5544,6,,,1,64,,2555,6,,,1,31,,2581,6,,,1,67,,2582,6,,,1,33,,2577,6,,,1,67,,2554,6,,,1,33,,5586,6,,,1,68,,2576,6,,,1,32,,2564,6,,,1,70,,2579,6,,,1,30,,2559,6,,,1,72,,2575,6,,,1,28,,2580,6,,,1,70,,2557,6,,,1,42,,2556,6,,,1,66,,2567,6,,,1,36,,2560,6,,,1,69,,2561,6,,,1,29,,2566,6,,,1,70,,2562,6,,,1,75,,2565,6,,,1,30,,2568,6,,,1,75,,2569,6,,,1,105,,5240,6,,,1,105,,2563,6,,,1,104,,2571,6,,,1,105,,2570,6,,,1,107,,2572,6,,,1
6001,'DIM',802,,3103,33,,,1,103,,3111,33,,,1,101,,3109,33,,,1,103,,3110,33,,,1,101,,3112,33,,,1,102,,3115,33,,,1,102,,3113,33,,,1,100,,3116,33,,,1,100,,3114,33,,,1,102,,3117,33,,,1,93,,3118,33,,,1,99,,3105,33,,,1,98,,3107,33,,,1,98,,3106,33,,,1,99,,3108,33,,,1,99,,3102,33,,,1,100,,3104,33,,,1
6001,'SAM',700,,3125,33,,,1,102,,3130,33,,,1,103,,3121,33,,,1,101,,3133,33,,,1,102,,3135,33,,,1,102,,3131,33,,,1,102,,3134,33,,,1,102,,3132,33,,,1,100,,3120,33,,,1,100,,3136,33,,,1,102,,3119,33,,,1,93,,3123,33,,,1,100,,3128,33,,,1,97,,3124,33,,,1,98,,3126,33,,,1,99,,3129,33,,,1,99,,3122,33,,,1,100,,3127,33,,,1
6001,'SEM',544,,3151,33,,,1,101,,3137,33,,,1,86,,3155,33,,,1,77,,5502,33,,,1,36,,3153,33,,,1,101,,3139,33,,,1,100,,3156,33,,,1,101,,3154,33,,,1,104,,3140,33,,,1,100,,3138,33,,,1,100,,5404,33,,,1,102,,3152,33,,,1,99,,3141,33,,,1,103,,3145,33,,,1,98,,3143,33,,,1,90,,3148,33,,,1,98,,3146,33,,,1,99,,3142,33,,,1,99,,3144,33,,,1,94,,3147,33,,,1
6104,'DIM',654,,3285,55,,,2,100,,3286,55,,,2,103,,3283,55,,,2,143,,3287,55,,,2,101,,3289,55,,,2,102,,3288,55,,,2,102,,3284,55,,,2,102,,3282,55,,,2,102,,3272,55,,,2,103,,3275,55,,,2,94,,3277,55,,,2,102,,3279,55,,,2,96,,3281,55,,,2,97,,3280,55,,,2,58,,3276,55,,,2,98,,3273,55,,,2,99,,3274,55,,,2,99,,3278,55,,,2
6104,'SAM',654,,3298,55,,,2,100,,3297,55,,,2,103,,3300,55,,,2,144,,3302,55,,,2,100,,3305,55,,,2,102,,3299,55,,,2,99,,3303,55,,,2,105,,3306,55,,,2,102,,3304,55,,,2,103,,3307,55,,,2,94,,3301,55,,,2,101,,3293,55,,,2,100,,3290,55,,,2,94,,3294,55,,,2,58,,3292,55,,,2,98,,3295,55,,,2,99,,3291,55,,,2,99,,3296,55,,,2
6104,'SEM',521,,3311,55,,,2,100,,3320,55,,,2,35,,3308,55,,,2,62,,3323,55,,,2,36,,3318,55,,,2,69,,3327,55,,,2,102,,3309,55,,,2,100,,3310,55,,,2,102,,3325,55,,,2,104,,3319,55,,,2,100,,3322,55,,,2,102,,3321,55,,,2,100,,3324,55,,,2,111,,3326,55,,,2,66,,3314,55,,,2,97,,3316,55,,,2,96,,3315,55,,,2,100,,3312,55,,,2,98,,3317,55,,,2,39,,3313,55,,,2,90,,5251,55,,,2,101,,5252,55,,,2
6304,'DIM',748,,3415,47,,,1,102,,3411,47,,,1,101,,3413,47,,,1,102,,3407,47,,,1,99,,3412,47,,,1,104,,3417,47,,,1,96,,3414,47,,,1,102,,3418,47,,,1,103,,3416,47,,,1,100,,3419,47,,,1,99,,3420,47,,,1,99,,3408,47,,,1,99,,3404,47,,,1,98,,3405,47,,,1,99,,3409,47,,,1,98,,3406,47,,,1,99,,3410,47,,,1
6304,'SAM',648,,3434,47,,,1,100,,3432,47,,,1,102,,3437,47,,,1,101,,3433,47,,,1,102,,3431,47,,,1,99,,3436,47,,,1,104,,3435,47,,,1,96,,3439,47,,,1,102,,3438,47,,,1,103,,3421,47,,,1,102,,3422,47,,,1,97,,3423,47,,,1,99,,3425,47,,,1,99,,3424,47,,,1,98,,3429,47,,,1,99,,3426,47,,,1,98,,3427,47,,,1,99,,3430,47,,,1,98,,3428,47,,,1
6304,'SEM',503,,3467,47,,,1,111,,3463,47,,,1,30,,3472,47,,,1,71,,3455,47,,,1,16,,3466,47,,,1,27,,3469,47,,,1,66,,3471,47,,,1,19,,3470,47,,,1,70,,3444,47,,,1,30,,3445,47,,,1,71,,3446,47,,,1,30,,3440,47,,,1,65,,3443,47,,,1,30,,3468,47,,,1,72,,5324,47,,,1,30,,3451,47,,,1,66,,3464,47,,,1,38,,3441,47,,,1,67,,3442,47,,,1,32,,3452,47,,,1,71,,3465,47,,,1,39,,3473,47,,,1,70,,3448,47,,,1,24,,3447,47,,,1,74,,3453,47,,,1,16,,3450,47,,,1,68,,3459,47,,,1,29,,3454,47,,,1,77,,3457,47,,,1,97,,3449,47,,,1,40,,3460,47,,,1,91,,3462,47,,,1,93,,3456,47,,,1,99,,3461,47,,,1
6504,'DIM',722,,3559,63,,,2,102,,3557,63,,,2,101,,3560,63,,,2,102,,3562,63,,,2,102,,3564,63,,,2,102,,3561,63,,,2,99,,3558,63,,,2,102,,3566,63,,,2,106,,3563,63,,,2,95,,3565,63,,,2,97,,3552,63,,,2,101,,3554,63,,,2,97,,3553,63,,,2,98,,3555,63,,,2,100,,3556,63,,,2,96,,3550,63,,,2,100,,3551,63,,,2
6504,'SAM',722,,3577,63,,,2,102,,3576,63,,,2,101,,3580,63,,,2,102,,3579,63,,,2,102,,3581,63,,,2,101,,3583,63,,,2,99,,3584,63,,,2,103,,3582,63,,,2,105,,3578,63,,,2,96,,3567,63,,,2,97,,3569,63,,,2,101,,3572,63,,,2,99,,3573,63,,,2,96,,3575,63,,,2,100,,3574,63,,,2,96,,3571,63,,,2,100,,3568,63,,,2,99,,3570,63,,,2
6504,'SEM',540,,3607,63,,,2,86,,3617,63,,,2,26,,3587,63,,,2,60,,3596,63,,,2,16,,3603,63,,,2,12,,3615,63,,,2,10,,3586,63,,,2,50,,3616,63,,,2,10,,3612,63,,,2,23,,3588,63,,,2,70,,3590,63,,,2,32,,3605,63,,,2,69,,3620,63,,,2,33,,3591,63,,,2,71,,3592,63,,,2,27,,3609,63,,,2,75,,3593,63,,,2,27,,3619,63,,,2,80,,3613,63,,,2,20,,3614,63,,,2,70,,3618,63,,,2,30,,3595,63,,,2,70,,3598,63,,,2,38,,3589,63,,,2,67,,3602,63,,,2,40,,3604,63,,,2,73,,3585,63,,,2,20,,3597,63,,,2,64,,3594,63,,,2,36,,3608,63,,,2,72,,3610,63,,,2,86,,3600,63,,,2,99,,3599,63,,,2,98,,3601,63,,,2,59,,3606,63,,,2,99,,5258,63,,,2,98,,3611,63,,,2
7002,'DIM',616,,3847,63,,,1,40,,3846,63,,,1,90,,3827,86,,,1,103,,3834,86,,,1,101,,3839,86,,,1,102,,3830,86,,,1,68,,3831,86,,,1,34,,3833,86,,,1,69,,3823,86,,,1,25,,3832,86,,,1,75,,3829,86,,,1,25,,3838,86,,,1,79,,3836,86,,,1,28,,3840,86,,,1,76,,3821,86,,,1,25,,3835,86,,,1,71,,3843,86,,,1,23,,3837,86,,,1,78,,3842,86,,,1,27,,3825,86,,,1,75,,3845,86,,,1,73,,3841,86,,,1,97,,3844,86,,,1,54,,3820,86,,,1,95,,3822,86,,,1,97,,3826,86,,,1,99,,3824,86,,,1,103,,3828,86,,,1
7002,'SAM',616,,3874,63,,,1,40,,3875,63,,,1,89,,3872,86,,,1,104,,3852,86,,,1,101,,3860,86,,,1,102,,3859,86,,,1,65,,3868,86,,,1,37,,3873,86,,,1,69,,3870,86,,,1,24,,3864,86,,,1,75,,3863,86,,,1,26,,3862,86,,,1,79,,3865,86,,,1,76,,3861,86,,,1,27,,3871,86,,,1,25,,3869,86,,,1,68,,3867,86,,,1,26,,3866,86,,,1,79,,3855,86,,,1,28,,3851,86,,,1,75,,3853,86,,,1,73,,3848,86,,,1,96,,3857,86,,,1,54,,3849,86,,,1,96,,3850,86,,,1,96,,3856,86,,,1,99,,3854,86,,,1,103,,3858,86,,,1
7002,'SEM',624,,3881,86,,,1,99,,3901,86,,,1,26,,3902,86,,,1,73,,3880,86,,,1,37,,3883,86,,,1,67,,3885,86,,,1,29,,3900,86,,,1,70,,3878,86,,,1,30,,3907,86,,,1,71,,3886,86,,,1,28,,3908,86,,,1,73,,3903,86,,,1,26,,3905,86,,,1,74,,3904,86,,,1,30,,3879,86,,,1,70,,3906,86,,,1,25,,3899,86,,,1,76,,3884,86,,,1,73,,3887,86,,,1,31,,5408,86,,,1,70,,3876,86,,,1,33,,3877,86,,,1,66,,3890,86,,,1,31,,3891,86,,,1,24,,3895,86,,,1,70,,3894,86,,,1,90,,3892,86,,,1,41,,3896,86,,,1,92,,3888,86,,,1,151,,3893,86,,,1,106,,3889,86,,,1,96,,3898,86,,,1,105,,3897,86,,,1
7601,'DIM',508,,4209,38,,,2,100,,4182,83,,,2,25,,4196,83,,,2,104,,4197,83,,,2,101,,4189,83,,,2,101,,4201,83,,,2,68,,4206,83,,,2,30,,4203,83,,,2,71,,4199,83,,,2,30,,4200,83,,,2,70,,4180,83,,,2,31,,4204,83,,,2,71,,4202,83,,,2,29,,4187,83,,,2,73,,4207,83,,,2,31,,4208,83,,,2,69,,4179,83,,,2,33,,4190,83,,,2,67,,4198,83,,,2,30,,4183,83,,,2,70,,4185,83,,,2,29,,4181,83,,,2,69,,4188,83,,,2,29,,4205,83,,,2,105,,4193,83,,,2,97,,4194,83,,,2,97,,4186,83,,,2,98,,4195,83,,,2,100,,4184,83,,,2,100,,4191,83,,,2,99,,4192,83,,,2
7601,'SAM',508,,4240,38,,,2,100,,4214,83,,,2,25,,4223,83,,,2,104,,4226,83,,,2,101,,4225,83,,,2,101,,4229,83,,,2,68,,4233,83,,,2,30,,4230,83,,,2,71,,4236,83,,,2,30,,4224,83,,,2,70,,4232,83,,,2,32,,4231,83,,,2,70,,4238,83,,,2,29,,4211,83,,,2,73,,4227,83,,,2,31,,4210,83,,,2,69,,4228,83,,,2,33,,4235,83,,,2,67,,4239,83,,,2,30,,4212,83,,,2,70,,4234,83,,,2,29,,4216,83,,,2,69,,4237,83,,,2,31,,4213,83,,,2,103,,4219,83,,,2,97,,4221,83,,,2,97,,4217,83,,,2,98,,4215,83,,,2,100,,4220,83,,,2,100,,4218,83,,,2,99,,4222,83,,,2
7601,'SEM',527,,4241,83,,,2,92,,4261,83,,,2,27,,4268,83,,,2,65,,4276,83,,,2,24,,4247,83,,,2,12,,4271,83,,,2,55,,4249,83,,,2,16,,4269,83,,,2,24,,4273,83,,,2,60,,4244,83,,,2,25,,4248,83,,,2,22,,4242,83,,,2,70,,4270,83,,,2,30,,4245,83,,,2,69,,4266,83,,,2,31,,4243,83,,,2,70,,4272,83,,,2,31,,4252,83,,,2,70,,4267,83,,,2,32,,4251,83,,,2,72,,5272,83,,,2,31,,4275,83,,,2,73,,4254,83,,,2,30,,4246,83,,,2,78,,4274,83,,,2,66,,4250,83,,,2,25,,4253,83,,,2,24,,4258,83,,,2,67,,4262,83,,,2,30,,4264,83,,,2,72,,4260,83,,,2,23,,4256,83,,,2,69,,4265,83,,,2,100,,4263,83,,,2,100,,4255,83,,,2,99,,4257,83,,,2,103,,4259,83,,,2
90301,'DIM',853,,5116,56,,,2,105,,5114,56,,,2,101,,5117,56,,,2,97,,5115,56,,,2,99,,5121,56,,,2,102,,5120,56,,,2,101,,5122,56,,,2,144,,5118,56,,,2,56,,5119,56,,,2,144,,5113,56,,,2
90301,'SAM',655,,5126,56,,,2,102,,5128,56,,,2,96,,5130,56,,,2,105,,5129,56,,,2,100,,5132,56,,,2,96,,5131,56,,,2,101,,5133,56,,,2,102,,5127,56,,,2,100,,5134,56,,,2,145,,5123,56,,,2,56,,5125,56,,,2,100,,5124,56,,,2
90301,'SEM',540,,5143,56,,,2,80,,5146,56,,,2,22,,5151,56,,,2,12,,5153,56,,,2,52,,5150,56,,,2,10,,5152,56,,,2,10,,5135,56,,,2,16,,5138,56,,,2,61,,5145,56,,,2,25,,5147,56,,,2,30,,5154,56,,,2,143,,5137,56,,,2,100,,5142,56,,,2,99,,5136,56,,,2,100,,5149,56,,,2,101,,5148,56,,,2,100,,5140,56,,,2,42,,5155,56,,,2,107,,5141,56,,,2,105,,5139,56,,,2,92,,5144,56,,,2
