3703,'DIM',642,,8121,40,,,2,75,,8122,40,,,2,101,,8120,40,,,2,100,,8119,40,,,2,100,,8127,40,,,2,100,,8126,40,,,2,101,,8116,40,,,2,100,,8117,40,,,2,105,,8128,40,,,2,96,,8124,40,,,2,99,,8125,40,,,2,100,,8123,40,,,2,90,,8118,40,,,2
3703,'SAM',642,,1290,40,,,2,75,,8134,40,,,2,101,,8131,40,,,2,100,,8135,40,,,2,100,,8138,40,,,2,100,,8136,40,,,2,101,,8139,40,,,2,101,,8132,40,,,2,99,,8130,40,,,2,102,,8133,40,,,2,99,,8129,40,,,2,99,,8137,40,,,2,90,,8140,40,,,2
3703,'SEM',604,,8157,40,,,2,15,,8145,40,,,2,17,,1324,40,,,2,15,,8156,40,,,2,54,,8161,40,,,2,16,,8165,40,,,2,20,,8142,40,,,2,76,,8146,40,,,2,39,,8160,40,,,2,68,,8166,40,,,2,99,,8144,40,,,2,100,,8163,40,,,2,100,,8147,40,,,2,100,,8158,40,,,2,102,,8164,40,,,2,82,,8162,40,,,2,20,,8143,40,,,2,26,,8159,40,,,2,72,,8141,40,,,2,32,,8167,40,,,2,102,,8148,40,,,2,98,,8154,40,,,2,102,,8149,40,,,2,100,,8153,40,,,2,100,,8155,40,,,2,99,,8150,40,,,2,97,,8152,40,,,2,102,,8151,40,,,2
6303,'DIM',759,,10176,38,,,1,141,,10178,38,,,1,102,,10169,38,,,1,98,,10177,38,,,1,103,,10181,38,,,1,56,,10179,38,,,1,143,,10182,38,,,1,103,,10180,38,,,1,100,,10183,38,,,1,100,,10184,38,,,1,100,,10170,38,,,1,97,,10166,38,,,1,98,,10167,38,,,1,59,,10172,38,,,1,100,,10168,38,,,1,100,,10173,38,,,1,99,,10171,38,,,1,100,,10174,38,,,1,97,,10175,38,,,1
6303,'SAM',658,,10198,38,,,1,101,,10202,38,,,1,141,,10199,38,,,1,102,,10197,38,,,1,98,,10201,38,,,1,103,,10200,38,,,1,56,,10204,38,,,1,143,,10203,38,,,1,103,,10185,38,,,1,102,,10186,38,,,1,98,,10187,38,,,1,100,,10189,38,,,1,97,,10188,38,,,1,98,,10193,38,,,1,59,,10190,38,,,1,100,,10191,38,,,1,100,,10194,38,,,1,99,,10192,38,,,1,100,,10195,38,,,1,97,,10196,38,,,1
6303,'SEM',618,,10220,38,,,1,21,,10230,38,,,1,16,,10231,38,,,1,77,,10237,38,,,1,14,,10235,38,,,1,74,,10209,38,,,1,23,,10211,38,,,1,73,,10212,38,,,1,33,,10205,38,,,1,65,,10208,38,,,1,33,,10234,38,,,1,67,,10222,38,,,1,32,,10238,38,,,1,66,,10232,38,,,1,38,,10206,38,,,1,67,,10207,38,,,1,31,,10236,38,,,1,70,,10233,38,,,1,33,,10239,38,,,1,72,,10214,38,,,1,26,,10213,38,,,1,74,,10218,38,,,1,19,,10216,38,,,1,65,,10210,38,,,1,32,,10219,38,,,1,80,,10217,38,,,1,96,,10215,38,,,1,41,,10223,38,,,1,93,,10226,38,,,1,94,,10221,38,,,1,88,,10224,38,,,1,104,,10225,38,,,1,99,,10229,38,,,1,104,,10227,38,,,1,94,,10228,38,,,1
6503,'DIM',719,,10321,14,,,2,101,,10323,14,,,2,100,,10325,14,,,2,100,,10327,14,,,2,103,,10324,14,,,2,97,,10322,14,,,2,107,,10310,14,,,2,100,,10326,14,,,2,96,,10328,14,,,2,98,,10313,14,,,2,102,,10315,14,,,2,98,,10314,14,,,2,99,,10317,14,,,2,100,,10319,14,,,2,99,,10311,14,,,2,100,,10312,14,,,2,100,,10318,14,,,2,99,,10320,14,,,2,100,,10316,14,,,2
6503,'SAM',719,,10342,14,,,2,101,,10345,14,,,2,100,,10344,14,,,2,100,,10346,14,,,2,102,,10347,14,,,2,97,,10349,14,,,2,108,,10348,14,,,2,99,,10343,14,,,2,97,,10329,14,,,2,98,,10331,14,,,2,102,,10334,14,,,2,100,,10337,14,,,2,97,,10341,14,,,2,100,,10339,14,,,2,99,,10333,14,,,2,100,,10330,14,,,2,100,,10332,14,,,2,99,,10335,14,,,2,100,,10336,14,,,2,85,,10338,14,,,2,35,,10340,14,,,2
6503,'SEM',508,,10385,2,,,2,97,,10359,14,,,2,27,,10351,14,,,2,27,,10376,14,,,2,64,,10352,14,,,2,24,,10354,14,,,2,78,,10367,14,,,2,26,,10382,14,,,2,78,,10355,14,,,2,25,,10356,14,,,2,70,,10373,14,,,2,30,,10357,14,,,2,70,,10380,14,,,2,31,,10377,14,,,2,70,,10378,14,,,2,30,,10379,14,,,2,70,,10358,14,,,2,30,,10361,14,,,2,70,,10353,14,,,2,30,,10365,14,,,2,74,,10366,14,,,2,71,,10350,14,,,2,25,,10360,14,,,2,25,,10370,14,,,2,54,,10381,14,,,2,15,,10371,14,,,2,14,,10372,14,,,2,15,,10368,14,,,2,53,,10374,14,,,2,17,,10369,14,,,2,33,,10363,14,,,2,103,,10362,14,,,2,99,,10364,14,,,2,100,,10384,14,,,2,100,,10383,14,,,2,99,,10375,14,,,2
7001,'DIM',713,,10584,30,,,1,101,,10574,30,,,1,99,,10582,30,,,1,100,,10585,30,,,1,28,,10588,30,,,1,71,,10583,30,,,1,30,,10590,30,,,1,68,,10589,30,,,1,30,,10586,30,,,1,75,,10587,30,,,1,29,,10591,30,,,1,67,,10567,30,,,1,34,,10592,30,,,1,65,,10570,30,,,1,35,,10571,30,,,1,67,,10572,30,,,1,33,,10569,30,,,1,73,,10575,30,,,1,33,,10578,30,,,1,70,,10573,30,,,1,94,,10579,30,,,1,99,,10576,30,,,1,100,,10568,30,,,1,99,,10580,30,,,1,100,,10581,30,,,1,100,,10577,30,,,1
7001,'SAM',713,,10609,30,,,1,101,,10614,30,,,1,99,,10616,30,,,1,100,,10617,30,,,1,27,,10615,30,,,1,72,,10593,30,,,1,29,,10618,30,,,1,69,,10613,30,,,1,30,,10594,30,,,1,74,,10610,30,,,1,28,,10595,30,,,1,73,,10611,30,,,1,30,,10597,30,,,1,65,,10612,30,,,1,33,,10600,30,,,1,69,,10602,30,,,1,33,,10599,30,,,1,74,,10601,30,,,1,32,,10605,30,,,1,70,,10603,30,,,1,94,,10607,30,,,1,99,,10596,30,,,1,100,,10598,30,,,1,98,,10608,30,,,1,101,,10606,30,,,1,100,,10604,30,,,1
7001,'SEM',525,,10645,30,,,1,32,,10623,30,,,1,66,,10646,30,,,1,18,,10647,30,,,1,18,,10642,30,,,1,68,,10653,30,,,1,24,,10634,30,,,1,65,,10620,30,,,1,29,,10652,30,,,1,70,,10649,30,,,1,31,,10650,30,,,1,69,,10631,30,,,1,31,,10654,30,,,1,69,,10622,30,,,1,32,,10627,30,,,1,68,,10651,30,,,1,30,,10621,30,,,1,69,,10619,30,,,1,32,,10648,30,,,1,70,,10626,30,,,1,38,,10629,30,,,1,64,,10625,30,,,1,10,,10632,30,,,1,89,,10624,30,,,1,37,,10636,30,,,1,67,,10639,30,,,1,35,,10640,30,,,1,66,,10628,30,,,1,79,,10637,30,,,1,45,,10633,30,,,1,74,,10630,30,,,1,108,,10638,30,,,1,99,,10635,30,,,1,100,,10643,30,,,1,99,,10641,30,,,1,128,,10644,30,,,1
7602,'DIM',612,,5136,14,,,2,96,,11115,14,,,2,100,,11125,14,,,2,101,,11127,14,,,2,30,,11123,14,,,2,70,,11124,14,,,2,30,,11105,14,,,2,70,,11128,14,,,2,30,,11126,14,,,2,70,,11114,14,,,2,32,,11129,14,,,2,72,,11130,14,,,2,27,,11106,14,,,2,74,,11116,14,,,2,33,,11108,14,,,2,64,,11109,14,,,2,30,,11111,14,,,2,70,,11107,14,,,2,30,,4405,14,,,2,70,,4422,14,,,2,30,,11112,14,,,2,74,,11120,14,,,2,94,,11121,14,,,2,100,,11113,14,,,2,101,,11122,14,,,2,101,,11110,14,,,2,99,,11117,14,,,2,99,,11119,14,,,2,100,,11118,14,,,2
7602,'SAM',612,,11148,14,,,2,96,,11147,14,,,2,100,,11151,14,,,2,101,,11153,14,,,2,30,,11158,14,,,2,70,,11146,14,,,2,30,,11155,14,,,2,70,,11154,14,,,2,30,,11160,14,,,2,70,,11132,14,,,2,30,,11149,14,,,2,74,,11131,14,,,2,27,,11150,14,,,2,74,,11157,14,,,2,33,,11133,14,,,2,64,,11134,14,,,2,30,,11156,14,,,2,70,,11137,14,,,2,30,,11159,14,,,2,70,,11135,14,,,2,30,,11152,14,,,2,75,,11140,14,,,2,93,,11142,14,,,2,100,,11138,14,,,2,101,,11136,14,,,2,101,,11141,14,,,2,99,,11139,14,,,2,99,,11144,14,,,2,100,,11143,14,,,2,101,,11145,14,,,2
7602,'SEM',556,,11161,14,,,2,62,,11190,14,,,2,16,,4470,14,,,2,11,,11188,14,,,2,64,,11192,14,,,2,19,,11194,14,,,2,22,,11168,14,,,2,61,,11162,14,,,2,34,,11189,14,,,2,68,,11193,14,,,2,31,,11186,14,,,2,72,,11163,14,,,2,30,,11191,14,,,2,70,,11167,14,,,2,29,,11187,14,,,2,72,,11166,14,,,2,30,,11171,14,,,2,71,,11196,14,,,2,28,,11172,14,,,2,70,,11164,14,,,2,35,,11195,14,,,2,65,,11165,14,,,2,24,,11169,14,,,2,66,,11176,14,,,2,25,,11177,14,,,2,25,,11180,14,,,2,65,,11182,14,,,2,24,,11178,14,,,2,60,,11174,14,,,2,34,,11170,14,,,2,70,,11181,14,,,2,31,,11184,14,,,2,100,,11173,14,,,2,100,,11175,14,,,2,99,,11183,14,,,2,103,,11179,14,,,2,109,,11185,14,,,2
