201,'SAM',2551,,6872,4,,,1,81,,6874,4,,,1,84,,6873,4,,,1
201,'SEM',2512,,6875,4,,,1,24,,6876,4,,,1,81,,6877,4,,,1,41,,6878,4,,,1
3304,'DIM',732,,8062,4,,,1,171,,8063,4,,,1,130,,8057,4,,,1,170,,8061,4,,,1,136,,8065,4,,,1,164,,8064,4,,,1,128,,8055,4,,,1,172,,8059,4,,,1,130,,8058,4,,,1,170,,8060,4,,,1,130,,8056,4,,,1
3304,'SAM',732,,8073,4,,,1,171,,8075,4,,,1,130,,8074,4,,,1,170,,8076,4,,,1,135,,8067,4,,,1,165,,8066,4,,,1,130,,8071,4,,,1,170,,8070,4,,,1,130,,8068,4,,,1,170,,8072,4,,,1,130,,8069,4,,,1
3304,'SEM',451,,8081,4,,,1,90,,8092,4,,,1,75,,8093,4,,,1,93,,8099,4,,,1,38,,8084,4,,,1,61,,8098,4,,,1,31,,8094,4,,,1,104,,8078,4,,,1,100,,8095,4,,,1,100,,8079,4,,,1,100,,8096,4,,,1,96,,8097,4,,,1,109,,8077,4,,,1,111,,8083,4,,,1,76,,8082,4,,,1,89,,8085,4,,,1,32,,8080,4,,,1,66,,8091,4,,,1,30,,8090,4,,,1,96,,8089,4,,,1,94,,8086,4,,,1,111,,8088,4,,,1,78,,8087,4,,,1
3704,'DIM',712,,8175,37,,,2,35,,8176,37,,,2,100,,8174,37,,,2,100,,8173,37,,,2,101,,8179,37,,,2,101,,8178,37,,,2,100,,8168,37,,,2,100,,8169,37,,,2,105,,8180,37,,,2,96,,8170,37,,,2,99,,8177,37,,,2,99,,8171,37,,,2,89,,8172,37,,,2
3704,'SAM',712,,1344,37,,,2,35,,8188,37,,,2,100,,8186,37,,,2,100,,8189,37,,,2,101,,8191,37,,,2,101,,8190,37,,,2,100,,8192,37,,,2,101,,8187,37,,,2,99,,8185,37,,,2,102,,8181,37,,,2,98,,8182,37,,,2,99,,8183,37,,,2,89,,8184,37,,,2
3704,'SEM',558,,8211,37,,,2,80,,8210,37,,,2,101,,8213,37,,,2,80,,8193,37,,,2,35,,8195,37,,,2,74,,8212,37,,,2,30,,8217,37,,,2,97,,8216,37,,,2,100,,8215,37,,,2,101,,8197,37,,,2,100,,8200,37,,,2,146,,8218,37,,,2,43,,8214,37,,,2,62,,8194,37,,,2,12,,8201,37,,,2,16,,8202,37,,,2,20,,8196,37,,,2,50,,8198,37,,,2,15,,8205,37,,,2,17,,8208,37,,,2,97,,8207,37,,,2,94,,8209,37,,,2,101,,8199,37,,,2,100,,8206,37,,,2,99,,11961,37,,,2,100,,8203,37,,,2,95,,8204,37,,,2
4201,'DIM',516,,8511,18,,,2,103,,8535,18,,,2,30,,8552,18,,,2,70,,1716,18,,,2,31,,8536,18,,,2,71,,8541,18,,,2,29,,8545,18,,,2,71,,8548,18,,,2,31,,8540,18,,,2,66,,8543,18,,,2,35,,8542,18,,,2,60,,8528,18,,,2,23,,8533,18,,,2,18,,8532,18,,,2,62,,8534,18,,,2,18,,8538,18,,,2,20,,8537,18,,,2,59,,8555,18,,,2,22,,8549,18,,,2,21,,8544,18,,,2,60,,1723,18,,,2,21,,8551,18,,,2,20,,8515,18,,,2,60,,8517,18,,,2,20,,8518,18,,,2,21,,8550,18,,,2,58,,8539,18,,,2,21,,8546,18,,,2,20,,8516,18,,,2,55,,8554,18,,,2,15,,8553,18,,,2,14,,8527,18,,,2,13,,8547,18,,,2,58,,8513,18,,,2,32,,8512,18,,,2,70,,8523,18,,,2,30,,8510,18,,,2,70,,8519,18,,,2,29,,8530,18,,,2,70,,8514,18,,,2,31,,8521,18,,,2,70,,8525,18,,,2,30,,8526,18,,,2,70,,8520,18,,,2,35,,8524,18,,,2,68,,8522,18,,,2,34,,8529,18,,,2,75,,8531,18,,,2
4201,'SAM',516,,8556,18,,,2,103,,8584,18,,,2,30,,8559,18,,,2,70,,8591,18,,,2,31,,8587,18,,,2,71,,8586,18,,,2,29,,8590,18,,,2,71,,8597,18,,,2,31,,8602,18,,,2,65,,8595,18,,,2,36,,8581,18,,,2,60,,8593,18,,,2,22,,8585,18,,,2,19,,8576,18,,,2,61,,8583,18,,,2,19,,8557,18,,,2,20,,8589,18,,,2,59,,8588,18,,,2,22,,8582,18,,,2,21,,8592,18,,,2,60,,8558,18,,,2,20,,8594,18,,,2,20,,8598,18,,,2,61,,8562,18,,,2,20,,8600,18,,,2,21,,8603,18,,,2,59,,8604,18,,,2,19,,8568,18,,,2,21,,8601,18,,,2,54,,8570,18,,,2,16,,8596,18,,,2,14,,8572,18,,,2,15,,8599,18,,,2,56,,8575,18,,,2,36,,8560,18,,,2,66,,8563,18,,,2,30,,8579,18,,,2,70,,8565,18,,,2,29,,8567,18,,,2,73,,8561,18,,,2,27,,8564,18,,,2,70,,8566,18,,,2,31,,8569,18,,,2,70,,8571,18,,,2,35,,8573,18,,,2,68,,8580,18,,,2,34,,8574,18,,,2,75,,8578,18,,,2,30,,8577,18,,,2
4201,'SEM',620,,8652,18,,,2,29,,8607,18,,,2,57,,8647,18,,,2,21,,8650,18,,,2,21,,8653,18,,,2,62,,8651,18,,,2,19,,8608,18,,,2,19,,8646,18,,,2,62,,8605,18,,,2,19,,8611,18,,,2,19,,8636,18,,,2,63,,8648,18,,,2,18,,8649,18,,,2,23,,8612,18,,,2,57,,11964,18,,,2,23,,8614,18,,,2,20,,8615,18,,,2,59,,8616,18,,,2,22,,8610,18,,,2,15,,8618,18,,,2,63,,8619,18,,,2,19,,8620,18,,,2,21,,8609,18,,,2,61,,8624,18,,,2,20,,8654,18,,,2,19,,8628,18,,,2,60,,8629,18,,,2,20,,8630,18,,,2,15,,8632,18,,,2,13,,8606,18,,,2,53,,11962,18,,,2,11,,8623,18,,,2,13,,8635,18,,,2,14,,8637,18,,,2,55,,8626,18,,,2,14,,8622,18,,,2,14,,8621,18,,,2,14,,8641,18,,,2,55,,8643,18,,,2,15,,8613,18,,,2,15,,8645,18,,,2,23,,8638,18,,,2,53,,8642,18,,,2,21,,8617,18,,,2,27,,8644,18,,,2,71,,8625,18,,,2,28,,8627,18,,,2,73,,8631,18,,,2,28,,8633,18,,,2,72,,8658,4,,,2,75,,11963,18,,,2,23,,8657,4,,,2,30,,8640,18,,,2,84,,8639,18,,,2
34504,'SEM',2523,,11789,27,,,1,118,,11788,27,,,1
