4604,'DIM',549,,2335,58,,,1,95,,2346,58,,,1,101,,2337,58,,,1,99,,2349,58,,,1,107,,2351,58,,,1,107,,2342,58,,,1,98,,2352,58,,,1,102,,2353,58,,,1,100,,2345,58,,,1,96,,2347,58,,,1,104,,2350,58,,,1,94,,2348,58,,,1,106,,2338,58,,,1,99,,2344,58,,,1,98,,2336,58,,,1,98,,2340,58,,,1,99,,2343,58,,,1,98,,2341,58,,,1,100,,2339,58,,,1
4604,'SAM',550,,2357,58,,,1,100,,2364,58,,,1,95,,2365,58,,,1,99,,2367,58,,,1,107,,2370,58,,,1,102,,2373,58,,,1,103,,2369,58,,,1,103,,2372,58,,,1,97,,2356,58,,,1,98,,2366,58,,,1,104,,2368,58,,,1,94,,2359,58,,,1,106,,2358,58,,,1,99,,2371,58,,,1,98,,2354,58,,,1,98,,2355,58,,,1,99,,2362,58,,,1,98,,2363,58,,,1,100,,2360,58,,,1,98,,2361,58,,,1
4604,'SEM',507,,2374,58,,,1,45,,2395,58,,,1,70,,2401,58,,,1,31,,5298,58,,,1,53,,2377,58,,,1,14,,2382,58,,,1,11,,5364,58,,,1,74,,2397,58,,,1,27,,5599,58,,,1,68,,5598,58,,,1,30,,2383,58,,,1,29,,2398,58,,,1,70,,2386,58,,,1,30,,2375,58,,,1,70,,2385,58,,,1,30,,2400,58,,,1,70,,2399,58,,,1,30,,2381,58,,,1,70,,2396,58,,,1,26,,2384,58,,,1,75,,5597,58,,,1,71,,2403,58,,,1,38,,2387,58,,,1,75,,2378,58,,,1,37,,2376,58,,,1,59,,2391,58,,,1,94,,2379,58,,,1,49,,2390,58,,,1,99,,2394,58,,,1,101,,2393,58,,,1,99,,2388,58,,,1,101,,2389,58,,,1,97,,2392,58,,,1
6002,'DIM',726,,3197,49,,,1,104,,3210,49,,,1,100,,3209,49,,,1,104,,3198,49,,,1,102,,3208,49,,,1,101,,3212,49,,,1,101,,3204,49,,,1,100,,3211,49,,,1,100,,3213,49,,,1,101,,3201,49,,,1,95,,3214,49,,,1,98,,3203,49,,,1,100,,3200,49,,,1,98,,3199,49,,,1,99,,3202,49,,,1,98,,3207,49,,,1,100,,3205,49,,,1,99,,3206,49,,,1
6002,'SAM',726,,3226,49,,,1,104,,3215,49,,,1,100,,3228,49,,,1,104,,3222,49,,,1,102,,3225,49,,,1,101,,3231,49,,,1,101,,3229,49,,,1,100,,3227,49,,,1,100,,3230,49,,,1,101,,3217,49,,,1,95,,5376,49,,,1,98,,3216,49,,,1,100,,3223,49,,,1,98,,3219,49,,,1,99,,3218,49,,,1,98,,3221,49,,,1,100,,3220,49,,,1,99,,3224,49,,,1
6002,'SEM',710,,3235,49,,,1,99,,3234,49,,,1,99,,3233,49,,,1,99,,3251,49,,,1,102,,3239,49,,,1,100,,3250,49,,,1,100,,3241,49,,,1,100,,3236,49,,,1,102,,3238,49,,,1,101,,3237,49,,,1,104,,3243,49,,,1,97,,3242,49,,,1,92,,3244,49,,,1,54,,3247,49,,,1,142,,3245,49,,,1,58,,3240,49,,,1,99,,3248,49,,,1,88,,3246,49,,,1,100,,3249,49,,,1
15104,'DIM',623,,4758,43,,,2,110,,4775,43,,,2,22,,4779,43,,,2,65,,4759,43,,,2,31,,4777,43,,,2,76,,4784,43,,,2,32,,4786,43,,,2,70,,4781,43,,,2,72,,4780,43,,,2,34,,4773,43,,,2,72,,4789,43,,,2,31,,4774,43,,,2,72,,4787,43,,,2,37,,4785,43,,,2,71,,4778,43,,,2,31,,4782,43,,,2,72,,4776,43,,,2,26,,4783,43,,,2,82,,4760,43,,,2,79,,4762,43,,,2,26,,4761,43,,,2,72,,4768,43,,,2,18,,4788,43,,,2,29,,4790,43,,,2,72,,4771,43,,,2,30,,4763,43,,,2,68,,4769,43,,,2,29,,4766,43,,,2,71,,4772,43,,,2,79,,4765,43,,,2,56,,4764,43,,,2,99,,4767,43,,,2,73,,4770,43,,,2
15104,'SAM',624,,4806,43,,,2,109,,4808,43,,,2,22,,4810,43,,,2,65,,4807,43,,,2,32,,4809,43,,,2,75,,4814,43,,,2,32,,4816,43,,,2,70,,4817,43,,,2,72,,4818,43,,,2,34,,4819,43,,,2,72,,4820,43,,,2,31,,4791,43,,,2,72,,4812,43,,,2,37,,4811,43,,,2,71,,4813,43,,,2,31,,4805,43,,,2,72,,4815,43,,,2,25,,4792,43,,,2,83,,4823,43,,,2,79,,4821,43,,,2,26,,4822,43,,,2,72,,4801,43,,,2,18,,4796,43,,,2,29,,4797,43,,,2,72,,4803,43,,,2,30,,4793,43,,,2,68,,4802,43,,,2,29,,4798,43,,,2,71,,4804,43,,,2,79,,4795,43,,,2,56,,4794,43,,,2,99,,4799,43,,,2,73,,4800,43,,,2
15104,'SEM',456,,4857,43,,,2,72,,4836,43,,,2,10,,4852,43,,,2,77,,4870,43,,,2,14,,4874,43,,,2,16,,4880,43,,,2,11,,4825,43,,,2,51,,4830,43,,,2,9,,5480,43,,,2,9,,4837,43,,,2,11,,5481,43,,,2,12,,4877,43,,,2,52,,4867,43,,,2,16,,4872,43,,,2,15,,4871,43,,,2,11,,4875,43,,,2,60,,4826,43,,,2,18,,4838,43,,,2,24,,4835,43,,,2,60,,4873,43,,,2,23,,4841,43,,,2,17,,4833,43,,,2,65,,4881,43,,,2,21,,4851,43,,,2,22,,4868,43,,,2,60,,4869,43,,,2,20,,5482,43,,,2,20,,4878,43,,,2,66,,4876,43,,,2,24,,4879,43,,,2,61,,4824,43,,,2,22,,4827,43,,,2,18,,4842,43,,,2,66,,4831,43,,,2,23,,4839,43,,,2,21,,4828,43,,,2,62,,4834,43,,,2,19,,4829,43,,,2,20,,4832,43,,,2,62,,4847,43,,,2,16,,4846,43,,,2,19,,4843,43,,,2,58,,4859,43,,,2,13,,4840,43,,,2,13,,4849,43,,,2,13,,4856,43,,,2,61,,4853,43,,,2,20,,4848,43,,,2,19,,4862,43,,,2,68,,4860,43,,,2,29,,4844,43,,,2,74,,4845,43,,,2,28,,4865,43,,,2,70,,4850,43,,,2,29,,4854,43,,,2,70,,4855,43,,,2,25,,4858,43,,,2,18,,4861,43,,,2,78,,4864,43,,,2,80,,4863,43,,,2
25104,'SEM',701,,4987,27,,,1,10,,4985,27,,,1,9,,4989,27,,,1,10,,4986,27,,,1,12,,5486,27,,,1,12,,4982,27,,,1,54,,4988,27,,,1,15,,4983,27,,,1,28,,4984,27,,,1
