3903,'DIM',917,,8236,2,,,1,30,,8241,2,,,1,70,,8242,2,,,1,30,,8239,2,,,1,74,,8240,2,,,1,25,,8243,2,,,1,69,,8233,2,,,1,31,,8237,2,,,1,70,,8234,2,,,1,30,,8220,2,,,1,70,,8223,2,,,1,31,,8226,2,,,1,70,,8238,2,,,1,31,,8227,2,,,1,71,,8228,2,,,1,25,,8229,2,,,1,58,,8235,2,,,1,10,,8230,2,,,1,25,,8224,2,,,1,65,,8231,2,,,1,100,,8221,2,,,1,100,,8232,2,,,1,100,,8222,2,,,1,104,,8225,2,,,1
3903,'SAM',917,,8263,2,,,1,30,,8267,2,,,1,70,,8244,2,,,1,30,,8258,2,,,1,74,,8261,2,,,1,25,,8260,2,,,1,70,,8245,2,,,1,30,,8259,2,,,1,70,,8262,2,,,1,30,,8246,2,,,1,70,,8265,2,,,1,31,,8249,2,,,1,70,,8250,2,,,1,31,,8252,2,,,1,71,,8266,2,,,1,25,,8253,2,,,1,58,,8264,2,,,1,11,,8251,2,,,1,24,,8248,2,,,1,69,,8247,2,,,1,98,,8255,2,,,1,98,,8254,2,,,1,100,,8257,2,,,1,104,,8256,2,,,1
3903,'SEM',707,,8291,2,,,1,99,,8273,2,,,1,104,,8271,2,,,1,33,,8275,2,,,1,69,,8292,2,,,1,31,,8293,2,,,1,68,,8286,2,,,1,31,,8290,2,,,1,67,,8294,2,,,1,38,,8270,2,,,1,73,,8277,2,,,1,27,,8279,2,,,1,71,,8280,2,,,1,34,,8269,2,,,1,77,,8287,2,,,1,22,,8281,2,,,1,68,,8272,2,,,1,25,,8274,2,,,1,75,,8282,2,,,1,40,,8283,2,,,1,81,,8276,2,,,1,99,,8278,2,,,1,97,,8284,2,,,1,103,,8288,2,,,1,100,,8285,2,,,1,88,,8289,2,,,1
5001,'DIM',520,,9340,2,,,1,100,,9348,2,,,1,100,,9336,2,,,1,96,,9353,2,,,1,100,,9345,2,,,1,32,,9355,2,,,1,77,,9347,2,,,1,23,,9360,2,,,1,78,,9358,2,,,1,22,,9359,2,,,1,74,,9361,2,,,1,29,,9346,2,,,1,72,,9349,2,,,1,36,,9362,2,,,1,69,,9351,2,,,1,73,,9350,2,,,1,30,,9356,2,,,1,23,,9354,2,,,1,74,,9352,2,,,1,81,,9357,2,,,1,19,,9338,2,,,1,100,,9341,2,,,1,100,,9344,2,,,1,100,,9337,2,,,1,99,,9342,2,,,1,99,,9339,2,,,1,100,,9343,2,,,1
5001,'SAM',520,,9370,2,,,1,100,,9373,2,,,1,100,,9364,2,,,1,96,,9385,2,,,1,100,,9383,2,,,1,38,,9388,2,,,1,70,,9381,2,,,1,24,,9365,2,,,1,78,,9389,2,,,1,22,,9387,2,,,1,74,,9366,2,,,1,29,,9377,2,,,1,72,,9379,2,,,1,36,,9382,2,,,1,69,,9378,2,,,1,73,,9380,2,,,1,30,,9368,2,,,1,23,,9369,2,,,1,74,,9363,2,,,1,79,,9384,2,,,1,22,,9386,2,,,1,99,,9374,2,,,1,100,,9376,2,,,1,100,,9375,2,,,1,99,,9371,2,,,1,99,,9367,2,,,1,100,,9372,2,,,1
5001,'SEM',509,,9411,2,,,1,104,,9416,2,,,1,35,,9412,2,,,1,63,,9391,2,,,1,36,,9390,2,,,1,64,,9393,2,,,1,31,,9419,2,,,1,66,,9420,2,,,1,33,,9415,2,,,1,67,,9392,2,,,1,33,,9396,2,,,1,68,,9414,2,,,1,32,,9402,2,,,1,70,,9417,2,,,1,30,,9397,2,,,1,72,,9413,2,,,1,28,,9418,2,,,1,70,,9395,2,,,1,42,,9394,2,,,1,65,,9405,2,,,1,36,,9398,2,,,1,69,,9399,2,,,1,30,,9404,2,,,1,70,,9400,2,,,1,35,,9403,2,,,1,70,,9406,2,,,1,75,,9407,2,,,1,105,,9421,2,,,1,105,,9401,2,,,1,105,,9409,2,,,1,105,,9408,2,,,1,107,,9410,2,,,1
5601,'DIM',703,,9667,45,,,2,100,,9669,45,,,2,100,,9666,45,,,2,30,,9672,45,,,2,71,,9665,45,,,2,29,,9664,45,,,2,71,,9671,45,,,2,30,,9670,45,,,2,70,,9661,45,,,2,32,,9674,45,,,2,70,,9668,45,,,2,31,,9662,45,,,2,71,,9675,45,,,2,30,,9663,45,,,2,70,,9652,45,,,2,30,,9653,45,,,2,70,,9655,45,,,2,30,,9659,45,,,2,74,,9673,45,,,2,33,,9656,45,,,2,68,,9657,45,,,2,91,,9676,45,,,2,100,,9658,45,,,2,100,,9654,45,,,2,100,,9660,45,,,2
5601,'SAM',703,,9695,45,,,2,100,,9691,45,,,2,100,,9690,45,,,2,32,,9693,45,,,2,68,,9698,45,,,2,26,,9694,45,,,2,76,,9700,45,,,2,29,,9692,45,,,2,70,,9696,45,,,2,32,,9701,45,,,2,70,,9677,45,,,2,31,,9699,45,,,2,71,,9683,45,,,2,30,,9680,45,,,2,70,,9697,45,,,2,30,,9681,45,,,2,71,,9684,45,,,2,29,,9685,45,,,2,74,,9678,45,,,2,32,,9687,45,,,2,69,,9689,45,,,2,91,,9686,45,,,2,100,,9688,45,,,2,100,,9682,45,,,2,100,,9679,45,,,2
5601,'SEM',500,,9731,45,,,2,100,,9722,45,,,2,32,,9728,45,,,2,68,,9707,45,,,2,28,,9704,45,,,2,79,,9719,45,,,2,30,,9703,45,,,2,72,,9708,45,,,2,30,,9725,45,,,2,75,,9726,45,,,2,20,,9729,45,,,2,75,,9723,45,,,2,30,,9732,45,,,2,70,,9720,45,,,2,32,,9709,45,,,2,70,,9718,45,,,2,31,,9721,45,,,2,71,,9730,45,,,2,29,,9724,45,,,2,71,,9702,45,,,2,30,,9705,45,,,2,71,,9706,45,,,2,35,,9727,45,,,2,74,,9713,45,,,2,24,,9712,45,,,2,69,,9710,45,,,2,28,,9716,45,,,2,98,,9714,45,,,2,104,,9717,45,,,2,85,,9711,45,,,2,91,,9715,45,,,2
6001,'DIM',800,,9939,29,,,1,102,,9947,29,,,1,101,,9945,29,,,1,103,,9946,29,,,1,101,,9948,29,,,1,102,,9951,29,,,1,102,,9949,29,,,1,100,,9952,29,,,1,100,,9950,29,,,1,102,,9953,29,,,1,93,,9954,29,,,1,99,,9941,29,,,1,98,,9943,29,,,1,98,,9942,29,,,1,99,,9944,29,,,1,59,,9938,29,,,1,100,,9940,29,,,1
6001,'SAM',658,,9961,29,,,1,142,,9966,29,,,1,102,,9957,29,,,1,101,,9969,29,,,1,102,,9971,29,,,1,102,,9967,29,,,1,102,,9970,29,,,1,102,,9968,29,,,1,100,,9956,29,,,1,100,,9972,29,,,1,102,,9955,29,,,1,93,,9959,29,,,1,100,,9964,29,,,1,97,,9960,29,,,1,98,,9962,29,,,1,99,,9965,29,,,1,59,,9958,29,,,1,100,,9963,29,,,1
6001,'SEM',542,,9987,29,,,1,101,,9973,29,,,1,85,,9991,29,,,1,77,,9985,29,,,1,36,,9989,29,,,1,101,,9975,29,,,1,100,,9992,29,,,1,101,,9990,29,,,1,103,,9976,29,,,1,100,,9974,29,,,1,100,,9986,29,,,1,102,,9988,29,,,1,100,,9977,29,,,1,103,,9981,29,,,1,98,,9979,29,,,1,90,,9984,29,,,1,98,,9982,29,,,1,99,,9978,29,,,1,99,,9980,29,,,1,94,,9983,29,,,1
6304,'DIM',746,,10251,43,,,1,101,,10247,43,,,1,101,,10249,43,,,1,101,,10243,43,,,1,99,,10248,43,,,1,104,,10253,43,,,1,96,,10250,43,,,1,102,,10254,43,,,1,103,,10252,43,,,1,100,,10255,43,,,1,99,,10256,43,,,1,100,,10244,43,,,1,99,,10240,43,,,1,99,,10241,43,,,1,99,,10245,43,,,1,98,,10242,43,,,1,99,,10246,43,,,1
6304,'SAM',646,,10270,43,,,1,100,,10268,43,,,1,101,,10273,43,,,1,101,,10269,43,,,1,101,,10267,43,,,1,99,,10272,43,,,1,104,,10271,43,,,1,96,,10275,43,,,1,102,,10274,43,,,1,103,,10257,43,,,1,102,,10258,43,,,1,97,,10259,43,,,1,100,,10261,43,,,1,99,,10260,43,,,1,99,,10265,43,,,1,99,,10262,43,,,1,98,,10263,43,,,1,99,,10266,43,,,1,98,,10264,43,,,1
6304,'SEM',501,,10303,43,,,1,111,,10299,43,,,1,30,,10308,43,,,1,71,,10291,43,,,1,15,,10302,43,,,1,27,,10305,43,,,1,66,,10307,43,,,1,19,,10306,43,,,1,70,,10280,43,,,1,29,,10281,43,,,1,71,,10282,43,,,1,30,,10276,43,,,1,65,,10279,43,,,1,30,,10304,43,,,1,72,,10294,43,,,1,30,,10287,43,,,1,66,,10300,43,,,1,38,,10277,43,,,1,67,,10278,43,,,1,32,,10288,43,,,1,71,,10301,43,,,1,39,,10309,43,,,1,70,,10284,43,,,1,24,,10283,43,,,1,74,,10289,43,,,1,16,,10286,43,,,1,69,,10295,43,,,1,29,,10290,43,,,1,77,,10293,43,,,1,97,,10285,43,,,1,40,,10296,43,,,1,91,,10298,43,,,1,94,,10292,43,,,1,99,,10297,43,,,1
