5503,'SEM',643,,9631,15,,,2,157,,9627,15,,,2,102,,9617,15,,,2,56,,9628,15,,,2,98,,9633,15,,,2,102,,9619,15,,,2,100,,9629,15,,,2,100,,9630,15,,,2,99,,9620,15,,,2,97,,9622,15,,,2,72,,9624,15,,,2,33,,9625,15,,,2,70,,9618,15,,,2,76,,9621,15,,,2,47,,9623,15,,,2,96,,9626,15,,,2,100,,9632,15,,,2
6601,'DIM',600,,10467,42,,,1,100,,10469,42,,,1,103,,10475,42,,,1,100,,10465,42,,,1,33,,10466,42,,,1,71,,10473,42,,,1,31,,10476,42,,,1,75,,10464,42,,,1,26,,10471,42,,,1,70,,10470,42,,,1,101,,10477,42,,,1,101,,10474,42,,,1,103,,10472,42,,,1,99,,10468,42,,,1,103,,10460,42,,,1,95,,10462,42,,,1,98,,10459,42,,,1,100,,10461,42,,,1,100,,10463,42,,,1,100,,10458,42,,,1
6601,'SAM',600,,10483,42,,,1,100,,10490,42,,,1,103,,10492,42,,,1,100,,10488,42,,,1,33,,10486,42,,,1,71,,10478,42,,,1,31,,10495,42,,,1,75,,10484,42,,,1,26,,10496,42,,,1,70,,10491,42,,,1,101,,10494,42,,,1,101,,10497,42,,,1,103,,10493,42,,,1,99,,10489,42,,,1,103,,10479,42,,,1,95,,10480,42,,,1,98,,10482,42,,,1,100,,10481,42,,,1,100,,10485,42,,,1,100,,10487,42,,,1
6601,'SEM',641,,10512,42,,,1,105,,10501,42,,,1,101,,10514,42,,,1,103,,10511,42,,,1,100,,10500,42,,,1,106,,10504,42,,,1,102,,10498,42,,,1,100,,10513,42,,,1,143,,10502,42,,,1,31,,10507,42,,,1,88,,10508,42,,,1,106,,10499,42,,,1,93,,10505,42,,,1,98,,10503,42,,,1,98,,10509,42,,,1,98,,10506,42,,,1,99,,10510,42,,,1
25503,'DIM',820,,11693,12,,,2,100,,11694,12,,,2,99,,11691,12,,,2,100,,11695,12,,,2,99,,11692,12,,,2,100,,11696,12,,,2,102,,11683,12,,,2,100,,11697,12,,,2,101,,11684,12,,,2,100,,11698,12,,,2,100,,11689,12,,,2,100,,11699,12,,,2,100,,11690,12,,,2,98,,11687,12,,,2,100,,11685,12,,,2,100,,11688,12,,,2,100,,11686,12,,,2
25503,'SAM',820,,11714,12,,,2,100,,11705,12,,,2,99,,11710,12,,,2,100,,11712,12,,,2,99,,11711,12,,,2,100,,11713,12,,,2,102,,11700,12,,,2,100,,11715,12,,,2,101,,11701,12,,,2,100,,11716,12,,,2,100,,11708,12,,,2,100,,11702,12,,,2,100,,11709,12,,,2,98,,11703,12,,,2,100,,11706,12,,,2,100,,11704,12,,,2,100,,11707,12,,,2
25503,'SEM',2146,,11717,12,,,2,101,,11719,12,,,2,157,,11718,12,,,2
71303,'DIM',638,,11790,12,,,2
71303,'SAM',707,,11791,12,,,2,25,,11792,12,,,2
71303,'SEM',618,,11793,12,,,2,96,,11809,12,,,2,114,,11799,12,,,2,101,,11797,12,,,2,100,,11794,12,,,2,100,,11802,12,,,2,100,,11795,12,,,2,100,,11796,12,,,2,100,,11800,12,,,2,90,,11798,12,,,2,31,,11803,12,,,2,71,,11811,12,,,2,30,,11801,12,,,2,71,,11810,12,,,2,30,,11814,12,,,2,68,,11812,12,,,2,99,,11813,12,,,2,100,,11804,12,,,2,97,,11805,12,,,2,99,,11807,12,,,2,100,,11806,12,,,2,100,,11808,12,,,2,102,,11815,12,,,2
