1703,'DIM',618,,102,12,,,1,89,,94,12,,,1,99,,97,12,,,1,101,,96,12,,,1,97,,98,12,,,1,101,,93,12,,,1,100,,100,12,,,1,99,,95,12,,,1,102,,99,12,,,1,100,,101,12,,,1,102,,83,12,,,1,98,,87,12,,,1,99,,86,12,,,1,101,,85,12,,,1,99,,88,12,,,1,99,,91,12,,,1,101,,84,12,,,1,100,,89,12,,,1,102,,90,12,,,1,120,,92,12,,,1
1703,'SAM',540,,114,12,,,1,78,,121,12,,,1,89,,115,12,,,1,99,,111,12,,,1,101,,113,12,,,1,97,,116,12,,,1,100,,120,12,,,1,101,,118,12,,,1,100,,112,12,,,1,101,,119,12,,,1,100,,117,12,,,1,102,,122,12,,,1,99,,123,12,,,1,99,,103,12,,,1,100,,108,12,,,1,99,,105,12,,,1,99,,104,12,,,1,101,,106,12,,,1,100,,109,12,,,1,102,,110,12,,,1,120,,107,12,,,1
1703,'SEM',600,,140,12,,,1,102,,142,12,,,1,105,,141,12,,,1,96,,127,12,,,1,100,,139,12,,,1,100,,138,12,,,1,100,,144,12,,,1,101,,128,12,,,1,100,,125,12,,,1,98,,143,12,,,1,35,,146,12,,,1,20,,145,12,,,1,76,,124,12,,,1,23,,135,12,,,1,78,,126,12,,,1,80,,129,12,,,1,30,,132,12,,,1,68,,137,12,,,1,99,,5221,12,,,1,100,,130,12,,,1,100,,131,12,,,1,100,,133,12,,,1,100,,134,12,,,1,104,,136,12,,,1
2703,'DIM',901,,925,12,,,2,100,,928,12,,,2,58,,930,12,,,2,142,,924,12,,,2,55,,932,12,,,2,146,,927,12,,,2,101,,929,12,,,2,100,,926,12,,,2,100,,931,12,,,2,100,,918,12,,,2,100,,920,12,,,2,98,,919,12,,,2,100,,923,12,,,2,100,,917,12,,,2,102,,916,12,,,2,100,,921,12,,,2,100,,922,12,,,2
2703,'SAM',701,,942,12,,,2,100,,943,12,,,2,100,,941,12,,,2,100,,951,12,,,2,100,,945,12,,,2,100,,948,12,,,2,54,,944,12,,,2,147,,946,12,,,2,102,,947,12,,,2,99,,940,12,,,2,54,,949,12,,,2,146,,950,12,,,2,100,,935,12,,,2,98,,938,12,,,2,100,,933,12,,,2,100,,934,12,,,2,102,,936,12,,,2,100,,937,12,,,2,100,,939,12,,,2
2703,'SEM',807,,969,12,,,2,50,,954,12,,,2,100,,5302,12,,,2,100,,953,12,,,2,99,,971,12,,,2,91,,968,12,,,2,103,,972,12,,,2,100,,957,12,,,2,81,,5386,12,,,2,82,,970,12,,,2,15,,952,12,,,2,30,,959,12,,,2,79,,956,12,,,2,65,,967,12,,,2,56,,963,12,,,2,87,,966,12,,,2,103,,962,12,,,2,102,,958,12,,,2,99,,961,12,,,2,100,,964,12,,,2,100,,965,12,,,2
3103,'DIM',637,,1047,14,,,1,99,,1046,14,,,1,99,,1051,14,,,1,99,,1052,14,,,1,99,,1050,14,,,1,100,,1048,14,,,1,102,,1037,14,,,1,101,,1049,14,,,1,99,,1036,14,,,1,102,,1035,14,,,1,99,,1040,14,,,1,98,,1042,14,,,1,103,,1041,14,,,1,97,,1043,14,,,1,101,,1039,14,,,1,100,,1038,14,,,1,100,,1044,14,,,1,101,,1045,14,,,1
3103,'SAM',637,,1065,14,,,1,99,,1064,14,,,1,99,,1067,14,,,1,99,,1070,14,,,1,99,,1071,14,,,1,100,,1066,14,,,1,100,,1062,14,,,1,102,,1068,14,,,1,100,,1063,14,,,1,102,,1069,14,,,1,100,,1057,14,,,1,98,,1059,14,,,1,100,,1055,14,,,1,100,,1060,14,,,1,100,,1053,14,,,1,100,,1054,14,,,1,100,,1056,14,,,1,102,,1058,14,,,1,95,,1061,14,,,1
3103,'SEM',632,,1093,14,,,1,99,,1091,14,,,1,100,,1092,14,,,1,100,,1072,14,,,1,101,,1073,14,,,1,100,,1075,14,,,1,100,,1094,14,,,1,100,,1074,14,,,1,101,,1079,14,,,1,98,,1080,14,,,1,11,,1081,14,,,1,76,,1076,14,,,1,30,,1085,14,,,1,80,,1082,14,,,1,30,,1078,14,,,1,76,,1090,14,,,1,69,,1077,14,,,1,36,,1089,14,,,1,100,,1083,14,,,1,101,,1086,14,,,1,100,,1087,14,,,1,98,,1084,14,,,1,114,,1088,14,,,1
4303,'DIM',636,,1973,12,,,1,101,,1975,12,,,1,100,,1979,12,,,1,100,,1977,12,,,1,106,,1978,12,,,1,101,,1976,12,,,1,100,,1982,12,,,1,100,,1980,12,,,1,103,,1981,12,,,1,97,,1963,12,,,1,99,,1964,12,,,1,104,,1966,12,,,1,91,,1969,12,,,1,99,,1968,12,,,1,100,,1965,12,,,1,100,,1967,12,,,1,100,,1974,12,,,1,100,,1970,12,,,1,99,,1972,12,,,1,100,,1971,12,,,1
4303,'SAM',636,,1995,12,,,1,101,,1984,12,,,1,100,,2000,12,,,1,100,,1985,12,,,1,106,,1986,12,,,1,101,,1998,12,,,1,100,,1996,12,,,1,100,,2001,12,,,1,102,,1997,12,,,1,101,,1999,12,,,1,98,,1983,12,,,1,98,,2002,12,,,1,95,,1990,12,,,1,99,,1987,12,,,1,100,,1991,12,,,1,100,,1988,12,,,1,100,,1989,12,,,1,100,,1994,12,,,1,99,,1992,12,,,1,100,,1993,12,,,1
4303,'SEM',637,,2022,12,,,1,100,,2023,12,,,1,81,,2006,12,,,1,104,,2024,12,,,1,31,,2005,12,,,1,69,,2020,12,,,1,30,,2012,12,,,1,71,,2008,12,,,1,30,,2026,12,,,1,70,,2025,12,,,1,30,,2021,12,,,1,72,,2009,12,,,1,28,,2010,12,,,1,70,,2014,12,,,1,30,,2027,12,,,1,70,,2004,12,,,1,25,,2011,12,,,1,70,,2007,12,,,1,19,,2028,12,,,1,76,,2013,12,,,1,31,,2003,12,,,1,71,,2017,12,,,1,101,,2018,12,,,1,101,,2019,12,,,1,101,,5230,12,,,1,101,,5231,12,,,1,109,,2015,12,,,1,106,,2016,12,,,1
6002,'DIM',657,,3158,12,,,1,100,,3167,12,,,1,99,,3165,12,,,1,100,,3166,12,,,1,100,,3168,12,,,1,100,,3171,12,,,1,101,,3169,12,,,1,100,,3172,12,,,1,100,,3170,12,,,1,99,,3173,12,,,1,99,,3174,12,,,1,100,,3160,12,,,1,101,,3162,12,,,1,101,,3161,12,,,1,101,,3163,12,,,1,100,,3157,12,,,1,100,,3159,12,,,1,99,,3164,12,,,1
6002,'SAM',657,,3186,12,,,1,100,,3177,12,,,1,99,,3189,12,,,1,100,,3191,12,,,1,100,,3187,12,,,1,100,,3190,12,,,1,101,,3188,12,,,1,100,,3176,12,,,1,100,,3192,12,,,1,99,,3175,12,,,1,99,,3179,12,,,1,102,,3184,12,,,1,99,,3180,12,,,1,101,,3181,12,,,1,101,,3185,12,,,1,100,,3178,12,,,1,100,,3182,12,,,1,99,,3183,12,,,1
6002,'SEM',628,,3210,12,,,1,100,,3208,12,,,1,101,,3194,12,,,1,99,,3211,12,,,1,100,,3209,12,,,1,101,,3199,12,,,1,100,,3193,12,,,1,99,,3195,12,,,1,101,,3207,12,,,1,99,,3196,12,,,1,101,,3201,12,,,1,106,,3198,12,,,1,94,,3204,12,,,1,100,,3202,12,,,1,99,,3197,12,,,1,100,,3200,12,,,1,99,,3203,12,,,1,90,,3206,12,,,1,100,,3205,12,,,1
7303,'DIM',652,,3922,12,,,1,99,,3919,12,,,1,100,,3920,12,,,1,98,,3923,12,,,1,100,,3926,12,,,1,100,,3921,12,,,1,100,,3924,12,,,1,102,,3918,12,,,1,99,,3925,12,,,1,102,,3927,12,,,1,99,,3912,12,,,1,99,,3909,12,,,1,101,,3915,12,,,1,99,,3911,12,,,1,100,,3910,12,,,1,100,,3913,12,,,1,100,,3914,12,,,1,102,,3917,12,,,1,105,,3916,12,,,1
7303,'SAM',558,,3944,12,,,1,94,,3941,12,,,1,99,,3940,12,,,1,100,,3945,12,,,1,98,,3947,12,,,1,101,,3943,12,,,1,99,,3931,12,,,1,100,,3946,12,,,1,102,,3942,12,,,1,99,,3948,12,,,1,102,,3949,12,,,1,101,,3930,12,,,1,98,,3928,12,,,1,99,,3929,12,,,1,100,,3933,12,,,1,100,,3932,12,,,1,100,,3934,12,,,1,100,,3935,12,,,1,102,,3938,12,,,1,105,,3936,12,,,1,100,,3939,12,,,1,100,,3937,12,,,1
7303,'SEM',545,,3984,12,,,1,66,,3981,12,,,1,38,,3980,12,,,1,10,,3985,12,,,1,79,,3974,12,,,1,16,,5465,12,,,1,83,,5409,12,,,1,12,,3951,12,,,1,70,,5467,12,,,1,31,,3983,12,,,1,69,,3953,12,,,1,31,,5466,12,,,1,69,,3967,12,,,1,31,,5265,12,,,1,69,,3986,12,,,1,30,,3954,12,,,1,70,,3957,12,,,1,30,,3962,12,,,1,70,,3950,12,,,1,30,,3959,12,,,1,75,,3987,12,,,1,24,,3969,12,,,1,55,,3961,12,,,1,21,,3955,12,,,1,16,,3956,12,,,1,63,,3965,12,,,1,17,,3963,12,,,1,30,,3975,12,,,1,55,,3964,12,,,1,16,,3960,12,,,1,33,,3970,12,,,1,70,,3972,12,,,1,32,,3966,12,,,1,99,,3977,12,,,1,100,,5266,12,,,1,100,,3976,12,,,1,100,,3971,12,,,1,81,,3973,12,,,1,95,,3978,12,,,1,121,,3979,12,,,1
7401,'DIM',722,,4082,12,,,2,99,,4083,12,,,2,101,,4086,12,,,2,97,,4085,12,,,2,101,,4087,12,,,2,100,,4084,12,,,2,101,,4081,12,,,2,99,,4080,12,,,2,102,,4088,12,,,2,99,,4074,12,,,2,102,,4075,12,,,2,99,,4077,12,,,2,99,,4078,12,,,2,99,,4079,12,,,2,101,,4073,12,,,2,99,,4072,12,,,2,101,,4076,12,,,2
7401,'SAM',722,,4097,12,,,2,99,,4099,12,,,2,101,,4098,12,,,2,98,,4101,12,,,2,100,,4103,12,,,2,100,,4105,12,,,2,102,,4100,12,,,2,98,,4104,12,,,2,101,,4102,12,,,2,100,,4089,12,,,2,101,,4092,12,,,2,101,,4094,12,,,2,99,,4093,12,,,2,98,,4095,12,,,2,101,,4090,12,,,2,99,,4096,12,,,2,101,,4091,12,,,2
7401,'SEM',624,,4121,12,,,2,95,,4106,12,,,2,101,,4120,12,,,2,103,,4110,12,,,2,101,,4111,12,,,2,101,,4124,12,,,2,99,,4109,12,,,2,101,,4123,12,,,2,100,,4122,12,,,2,93,,4108,12,,,2,93,,4112,12,,,2,101,,4107,12,,,2,30,,4114,12,,,2,85,,4119,12,,,2,99,,4113,12,,,2,101,,4116,12,,,2,100,,4117,12,,,2,100,,4115,12,,,2,100,,5271,12,,,2,95,,4118,12,,,2
