2201,'DIM',641,,7194,34,,,2,101,,7198,34,,,2,104,,7197,34,,,2,99,,7196,34,,,2,101,,7193,34,,,2,99,,7195,34,,,2,101,,7200,34,,,2,102,,7202,34,,,2,96,,7199,34,,,2,105,,7201,34,,,2,99,,7187,34,,,2,100,,7189,34,,,2,97,,7188,34,,,2,102,,7191,34,,,2,100,,7190,34,,,2,100,,7192,34,,,2
2201,'SAM',641,,7211,34,,,2,101,,7213,34,,,2,104,,7210,34,,,2,99,,7212,34,,,2,102,,7215,34,,,2,99,,7219,34,,,2,101,,7218,34,,,2,101,,7214,34,,,2,96,,7216,34,,,2,102,,7217,34,,,2,102,,7204,34,,,2,101,,7207,34,,,2,96,,7205,34,,,2,102,,7203,34,,,2,100,,7209,34,,,2,100,,7208,34,,,2,100,,7206,34,,,2
2201,'SEM',636,,7234,34,,,2,99,,7223,34,,,2,95,,7221,34,,,2,80,,7220,34,,,2,34,,7236,34,,,2,101,,7222,34,,,2,100,,7235,34,,,2,100,,7237,34,,,2,100,,7225,34,,,2,96,,7226,34,,,2,105,,7224,34,,,2,100,,7230,34,,,2,100,,7228,34,,,2,99,,7227,34,,,2,98,,7229,34,,,2,104,,7233,34,,,2,100,,7231,34,,,2,95,,7232,34,,,2,98,,11959,34,,,2
5801,'DIM',543,,9832,49,,,2,101,,9814,49,,,2,91,,9823,49,,,2,100,,9826,49,,,2,99,,9829,49,,,2,100,,9822,49,,,2,102,,9831,49,,,2,98,,9828,49,,,2,103,,9825,49,,,2,99,,9827,49,,,2,102,,9824,49,,,2,99,,9817,49,,,2,101,,9830,49,,,2,99,,9813,49,,,2,99,,9821,49,,,2,99,,9816,49,,,2,100,,9815,49,,,2,100,,9819,49,,,2,99,,9818,49,,,2,110,,9820,49,,,2
5801,'SAM',543,,9852,49,,,2,101,,9844,49,,,2,91,,9843,49,,,2,100,,9848,49,,,2,100,,9846,49,,,2,99,,9849,49,,,2,102,,9851,49,,,2,98,,9833,49,,,2,101,,9842,49,,,2,101,,9847,49,,,2,101,,9845,49,,,2,101,,9850,49,,,2,100,,9836,49,,,2,100,,9840,49,,,2,98,,9834,49,,,2,99,,9841,49,,,2,100,,9837,49,,,2,100,,9839,49,,,2,99,,9835,49,,,2,110,,9838,49,,,2
5801,'SEM',534,,9866,49,,,2,68,,9863,49,,,2,42,,9875,49,,,2,84,,9864,49,,,2,86,,9870,49,,,2,45,,9857,49,,,2,99,,9876,49,,,2,100,,9853,49,,,2,100,,9858,49,,,2,100,,9874,49,,,2,100,,9854,49,,,2,87,,9865,49,,,2,71,,9855,49,,,2,32,,9877,49,,,2,69,,9860,49,,,2,35,,9862,49,,,2,69,,9861,49,,,2,27,,9856,49,,,2,69,,9873,49,,,2,29,,9859,49,,,2,70,,9872,49,,,2,100,,11991,49,,,2,99,,9868,49,,,2,99,,9867,49,,,2,100,,9869,49,,,2,98,,9871,49,,,2
22201,'DIM',1413,,11652,34,,,2,815,,11650,34,,,2,83,,11651,34,,,2
22201,'SAM',1413,,11657,34,,,2,815,,11653,34,,,2,83,,11654,34,,,2,100,,11656,34,,,2,112,,11655,34,,,2
22201,'SEM',715,,11658,34,,,2,10,,11659,34,,,2,684,,11660,34,,,2,100,,11661,34,,,2,106,,11665,34,,,2,100,,11663,34,,,2,90,,11662,34,,,2,625,,11664,34,,,2
32201,'DIM',521,,11767,35,,,2,802,,11769,34,,,2,802,,11768,34,,,2
32201,'SAM',521,,11770,35,,,2,802,,11771,34,,,2
32201,'SEM',523,,11772,35,,,2,19,,11773,35,,,2,67,,11774,35,,,2,715,,11775,34,,,2,800,,11776,34,,,2
