1602,'SEM',655,,80,3,,,1,64,,82,3,,,1,24,,77,3,,,1,70,,79,3,,,1,29,,81,3,,,1,76,,78,3,,,1
3904,'DIM',852,,1465,64,,,1,153,,1459,64,,,1,42,,1466,64,,,1,70,,1469,64,,,1,34,,1460,64,,,1,67,,1458,64,,,1,33,,1468,64,,,1,69,,1463,64,,,1,35,,1452,64,,,1,67,,1467,64,,,1,30,,1461,64,,,1,71,,1462,64,,,1,32,,1451,64,,,1,69,,1464,64,,,1,31,,1447,64,,,1,71,,1448,64,,,1,27,,1453,64,,,1,68,,1454,64,,,1,29,,1455,64,,,1,83,,1456,64,,,1,97,,1449,64,,,1,100,,1457,64,,,1,99,,1450,64,,,1
3904,'SAM',852,,1485,64,,,1,153,,1478,64,,,1,42,,1489,64,,,1,70,,1479,64,,,1,31,,1470,64,,,1,70,,1476,64,,,1,36,,1482,64,,,1,66,,1480,64,,,1,35,,1486,64,,,1,67,,1477,64,,,1,30,,1483,64,,,1,71,,1484,64,,,1,31,,1490,64,,,1,70,,1481,64,,,1,32,,1487,64,,,1,64,,1488,64,,,1,33,,1491,64,,,1,68,,1492,64,,,1,29,,1471,64,,,1,86,,1472,64,,,1,96,,1474,64,,,1,98,,1473,64,,,1,99,,1475,64,,,1
3904,'SEM',646,,1516,64,,,1,67,,1509,64,,,1,15,,1515,64,,,1,11,,1497,64,,,1,72,,1512,64,,,1,31,,1493,64,,,1,71,,1510,64,,,1,30,,1517,64,,,1,75,,5391,64,,,1,28,,5455,64,,,1,73,,5392,64,,,1,30,,5393,64,,,1,71,,1513,64,,,1,28,,1504,64,,,1,72,,1508,64,,,1,27,,1514,64,,,1,78,,1494,64,,,1,34,,1499,64,,,1,70,,1501,64,,,1,72,,1502,64,,,1,101,,1518,64,,,1,109,,1505,64,,,1,97,,1506,64,,,1,103,,1498,64,,,1,100,,1500,64,,,1,93,,1503,64,,,1
4002,'DIM',756,,1594,3,,,1,100,,1603,3,,,1,100,,1605,3,,,1,99,,1606,3,,,1,99,,1604,3,,,1,101,,1607,3,,,1,101,,1602,3,,,1,100,,1601,3,,,1,100,,1591,3,,,1,144,,1597,3,,,1,57,,1600,3,,,1,100,,1598,3,,,1,99,,1593,3,,,1,100,,1592,3,,,1,100,,1595,3,,,1,100,,1596,3,,,1,94,,1599,3,,,1
4002,'SAM',656,,1614,3,,,1,100,,1616,3,,,1,100,,1623,3,,,1,100,,1620,3,,,1,95,,1621,3,,,1,104,,1619,3,,,1,100,,1624,3,,,1,101,,1622,3,,,1,99,,1615,3,,,1,101,,1625,3,,,1,144,,1608,3,,,1,57,,1617,3,,,1,100,,1609,3,,,1,99,,1611,3,,,1,100,,1618,3,,,1,100,,1610,3,,,1,100,,1612,3,,,1,94,,1613,3,,,1
4002,'SEM',627,,1629,3,,,1,85,,1657,3,,,1,23,,1655,3,,,1,17,,1644,3,,,1,69,,1634,3,,,1,24,,1628,3,,,1,77,,1630,3,,,1,30,,1635,3,,,1,70,,1652,3,,,1,30,,1636,3,,,1,70,,1654,3,,,1,30,,1651,3,,,1,70,,1632,3,,,1,30,,1653,3,,,1,75,,1627,3,,,1,75,,1633,3,,,1,20,,1631,3,,,1,30,,1626,3,,,1,70,,1640,3,,,1,30,,1656,3,,,1,72,,1641,3,,,1,29,,1637,3,,,1,75,,1645,3,,,1,73,,1638,3,,,1,32,,1646,3,,,1,70,,1643,3,,,1,29,,1647,3,,,1,100,,1642,3,,,1,100,,1639,3,,,1,106,,1648,3,,,1,89,,1649,3,,,1,100,,1650,3,,,1
4202,'DIM',519,,1816,94,,,2,82,,1857,94,,,2,26,,1827,94,,,2,31,,1815,94,,,2,71,,1839,94,,,2,30,,1837,94,,,2,73,,1858,94,,,2,72,,1842,94,,,2,33,,1838,94,,,2,72,,1846,94,,,2,31,,1850,94,,,2,63,,1856,94,,,2,22,,1852,94,,,2,22,,1843,94,,,2,62,,1848,94,,,2,19,,1844,94,,,2,20,,1847,94,,,2,58,,1832,94,,,2,23,,1835,94,,,2,20,,1834,94,,,2,62,,1836,94,,,2,19,,1841,94,,,2,20,,1840,94,,,2,58,,1860,94,,,2,22,,1853,94,,,2,21,,1849,94,,,2,61,,1845,94,,,2,21,,1855,94,,,2,19,,1820,94,,,2,60,,1821,94,,,2,21,,1822,94,,,2,23,,1854,94,,,2,75,,1851,94,,,2,73,,1859,94,,,2,29,,1831,94,,,2,70,,1818,94,,,2,32,,1817,94,,,2,70,,1826,94,,,2,27,,1814,94,,,2,27,,1823,94,,,2,68,,1833,94,,,2,28,,1819,94,,,2,69,,1825,94,,,2,30,,1829,94,,,2,67,,1830,94,,,2,29,,1824,94,,,2,76,,1828,94,,,2
4202,'SAM',519,,1863,94,,,2,82,,1865,94,,,2,26,,1883,94,,,2,31,,1861,94,,,2,71,,1891,94,,,2,30,,1889,94,,,2,73,,1866,94,,,2,72,,1897,94,,,2,33,,1893,94,,,2,72,,1892,94,,,2,31,,1896,94,,,2,63,,1908,94,,,2,22,,1902,94,,,2,22,,1906,94,,,2,61,,1901,94,,,2,20,,1904,94,,,2,20,,1886,94,,,2,58,,1899,94,,,2,22,,1890,94,,,2,21,,1882,94,,,2,61,,1888,94,,,2,20,,1862,94,,,2,20,,1895,94,,,2,58,,1894,94,,,2,22,,1887,94,,,2,21,,1898,94,,,2,61,,1864,94,,,2,20,,1900,94,,,2,19,,1903,94,,,2,61,,1869,94,,,2,21,,1905,94,,,2,23,,1907,94,,,2,74,,1875,94,,,2,73,,1877,94,,,2,30,,1879,94,,,2,70,,1881,94,,,2,35,,1867,94,,,2,67,,1870,94,,,2,27,,1884,94,,,2,27,,1872,94,,,2,68,,1874,94,,,2,31,,1868,94,,,2,65,,1871,94,,,2,30,,1873,94,,,2,68,,1876,94,,,2,29,,1878,94,,,2,76,,1880,94,,,2,30,,1885,94,,,2
4202,'SEM',520,,1950,94,,,2,98,,1952,94,,,2,34,,1956,94,,,2,57,,1959,94,,,2,17,,1909,94,,,2,10,,1911,94,,,2,11,,1914,94,,,2,9,,1917,94,,,2,50,,5395,94,,,2,12,,1955,94,,,2,21,,1912,94,,,2,18,,1927,94,,,2,61,,1913,94,,,2,22,,1960,94,,,2,62,,1957,94,,,2,19,,1915,94,,,2,21,,1951,94,,,2,60,,1910,94,,,2,19,,1954,94,,,2,21,,1919,94,,,2,60,,1943,94,,,2,21,,1953,94,,,2,24,,5491,94,,,2,57,,5311,94,,,2,24,,1923,94,,,2,20,,1925,94,,,2,61,,1926,94,,,2,23,,1918,94,,,2,17,,1928,94,,,2,61,,1929,94,,,2,20,,1930,94,,,2,21,,1916,94,,,2,61,,1932,94,,,2,20,,1961,94,,,2,20,,1935,94,,,2,60,,1936,94,,,2,20,,1937,94,,,2,21,,1939,94,,,2,57,,1920,94,,,2,21,,1942,94,,,2,20,,1922,94,,,2,62,,1931,94,,,2,24,,1924,94,,,2,19,,1947,94,,,2,70,,1949,94,,,2,85,,1946,94,,,2,36,,1948,94,,,2,67,,1933,94,,,2,29,,1934,94,,,2,68,,1938,94,,,2,26,,1940,94,,,2,75,,1945,94,,,2,26,,5228,94,,,2,71,,1944,94,,,2
5002,'DIM',628,,2603,47,,,1,100,,2587,47,,,1,103,,2585,47,,,1,97,,2601,47,,,1,108,,2594,47,,,1,65,,2604,47,,,1,37,,2596,47,,,1,64,,2608,47,,,1,39,,2606,47,,,1,62,,2607,47,,,1,36,,2609,47,,,1,69,,2595,47,,,1,33,,2597,47,,,1,76,,2610,47,,,1,29,,2599,47,,,1,74,,2598,47,,,1,30,,2605,47,,,1,66,,2602,47,,,1,30,,2600,47,,,1,99,,2588,47,,,1,98,,2590,47,,,1,99,,2593,47,,,1,99,,2586,47,,,1,97,,2591,47,,,1,98,,2589,47,,,1,98,,2592,47,,,1
5002,'SAM',628,,2618,47,,,1,100,,2621,47,,,1,103,,2612,47,,,1,100,,2633,47,,,1,105,,2632,47,,,1,65,,2631,47,,,1,36,,2629,47,,,1,65,,2613,47,,,1,39,,2636,47,,,1,62,,2635,47,,,1,36,,2614,47,,,1,69,,2625,47,,,1,33,,2627,47,,,1,76,,2630,47,,,1,29,,2626,47,,,1,74,,2628,47,,,1,30,,2616,47,,,1,66,,2617,47,,,1,30,,2611,47,,,1,99,,2634,47,,,1,98,,2622,47,,,1,99,,2624,47,,,1,99,,2623,47,,,1,97,,2619,47,,,1,98,,2615,47,,,1,98,,2620,47,,,1
5002,'SEM',517,,2643,47,,,1,37,,2665,47,,,1,71,,2661,47,,,1,30,,2637,47,,,1,78,,2669,47,,,1,72,,2662,47,,,1,24,,2638,47,,,1,75,,2655,47,,,1,26,,2641,47,,,1,71,,2667,47,,,1,26,,2668,47,,,1,73,,2664,47,,,1,28,,2640,47,,,1,73,,5587,47,,,1,28,,2663,47,,,1,72,,2652,47,,,1,32,,2666,47,,,1,70,,2645,47,,,1,30,,2648,47,,,1,82,,2639,47,,,1,27,,5545,47,,,1,78,,2642,47,,,1,33,,2656,47,,,1,70,,2646,47,,,1,27,,2647,47,,,1,69,,2654,47,,,1,29,,2650,47,,,1,69,,2653,47,,,1,103,,2657,47,,,1,104,,5241,47,,,1,100,,2651,47,,,1,110,,2659,47,,,1,103,,2658,47,,,1,97,,2660,47,,,1
6002,'DIM',706,,3158,26,,,1,101,,3167,26,,,1,100,,3165,26,,,1,100,,3166,26,,,1,100,,3168,26,,,1,100,,3171,26,,,1,101,,3169,26,,,1,100,,3172,26,,,1,100,,3170,26,,,1,99,,3173,26,,,1,99,,3174,26,,,1,100,,3160,26,,,1,100,,3162,26,,,1,101,,3161,26,,,1,101,,3163,26,,,1,100,,3157,26,,,1,100,,3159,26,,,1,98,,3164,26,,,1
6002,'SAM',706,,3186,26,,,1,101,,3177,26,,,1,100,,3189,26,,,1,100,,3191,26,,,1,100,,3187,26,,,1,100,,3190,26,,,1,101,,3188,26,,,1,100,,3176,26,,,1,100,,3192,26,,,1,99,,3175,26,,,1,99,,3179,26,,,1,102,,3184,26,,,1,98,,3180,26,,,1,101,,3181,26,,,1,101,,3185,26,,,1,100,,3178,26,,,1,100,,3182,26,,,1,98,,3183,26,,,1
6002,'SEM',638,,3210,26,,,1,101,,3208,26,,,1,101,,3194,26,,,1,100,,3211,26,,,1,100,,3209,26,,,1,102,,3199,26,,,1,100,,3193,26,,,1,99,,3195,26,,,1,101,,3207,26,,,1,99,,3196,26,,,1,101,,3201,26,,,1,106,,3198,26,,,1,92,,3204,26,,,1,99,,3202,26,,,1,99,,3197,26,,,1,100,,3200,26,,,1,99,,3203,26,,,1,89,,3206,26,,,1,100,,3205,26,,,1
6103,'DIM',737,,3224,3,,,2,101,,3226,3,,,2,97,,3228,3,,,2,102,,3227,3,,,2,101,,3225,3,,,2,102,,3223,3,,,2,98,,3212,3,,,2,104,,3215,3,,,2,95,,3217,3,,,2,104,,3219,3,,,2,101,,3229,3,,,2,95,,3220,3,,,2,100,,3216,3,,,2,99,,3213,3,,,2,101,,3214,3,,,2,100,,3218,3,,,2,100,,3222,3,,,2,100,,3221,3,,,2
6103,'SAM',737,,3240,3,,,2,101,,3242,3,,,2,97,,3245,3,,,2,102,,3239,3,,,2,98,,3243,3,,,2,105,,3246,3,,,2,99,,3244,3,,,2,103,,3247,3,,,2,95,,3241,3,,,2,103,,3233,3,,,2,102,,3230,3,,,2,95,,3234,3,,,2,100,,3232,3,,,2,99,,3235,3,,,2,101,,3231,3,,,2,100,,3236,3,,,2,100,,3237,3,,,2,100,,3238,3,,,2
6103,'SEM',600,,3264,3,,,2,100,,3268,3,,,2,101,,3249,3,,,2,57,,3250,3,,,2,100,,3266,3,,,2,101,,3261,3,,,2,100,,3263,3,,,2,142,,3262,3,,,2,100,,3265,3,,,2,110,,3267,3,,,2,25,,3256,3,,,2,64,,3248,3,,,2,31,,3258,3,,,2,74,,5405,3,,,2,26,,3257,3,,,2,73,,3252,3,,,2,28,,3253,3,,,2,73,,3255,3,,,2,31,,3260,3,,,2,80,,3254,3,,,2,95,,5248,3,,,2,100,,5250,3,,,2,100,,5249,3,,,2,107,,3259,3,,,2
6303,'DIM',747,,3340,26,,,1,100,,3342,26,,,1,102,,3333,26,,,1,97,,3341,26,,,1,103,,3345,26,,,1,96,,3343,26,,,1,103,,3346,26,,,1,103,,3344,26,,,1,100,,3347,26,,,1,100,,3348,26,,,1,100,,3334,26,,,1,98,,3330,26,,,1,99,,3331,26,,,1,99,,3336,26,,,1,100,,3332,26,,,1,100,,3337,26,,,1,99,,3335,26,,,1,100,,3338,26,,,1,98,,3339,26,,,1
6303,'SAM',646,,3362,26,,,1,101,,3366,26,,,1,100,,3363,26,,,1,102,,3361,26,,,1,97,,3365,26,,,1,103,,3364,26,,,1,96,,3368,26,,,1,103,,3367,26,,,1,103,,3349,26,,,1,102,,3350,26,,,1,98,,3351,26,,,1,100,,3353,26,,,1,98,,3352,26,,,1,99,,3357,26,,,1,99,,3354,26,,,1,100,,3355,26,,,1,100,,3358,26,,,1,99,,3356,26,,,1,100,,3359,26,,,1,98,,3360,26,,,1
6303,'SEM',606,,3384,26,,,1,20,,3393,26,,,1,16,,3394,26,,,1,76,,3400,26,,,1,14,,3398,26,,,1,74,,3373,26,,,1,23,,3375,26,,,1,74,,3376,26,,,1,33,,5464,26,,,1,65,,3372,26,,,1,33,,3397,26,,,1,67,,5322,26,,,1,31,,3401,26,,,1,26,,3395,26,,,1,78,,3370,26,,,1,67,,3371,26,,,1,30,,3399,26,,,1,70,,3396,26,,,1,32,,3402,26,,,1,72,,5406,26,,,1,26,,3377,26,,,1,74,,3382,26,,,1,19,,3380,26,,,1,25,,3374,26,,,1,73,,3383,26,,,1,81,,3381,26,,,1,97,,3379,26,,,1,41,,3387,26,,,1,93,,3390,26,,,1,95,,3385,26,,,1,88,,3388,26,,,1,105,,3389,26,,,1,99,,5253,26,,,1,104,,3391,26,,,1,94,,3392,26,,,1
6503,'DIM',712,,3485,3,,,2,101,,3487,3,,,2,100,,3489,3,,,2,100,,3491,3,,,2,103,,3488,3,,,2,97,,3486,3,,,2,106,,3474,3,,,2,100,,3490,3,,,2,96,,3492,3,,,2,98,,3477,3,,,2,102,,3479,3,,,2,98,,3478,3,,,2,100,,3481,3,,,2,100,,3483,3,,,2,100,,3475,3,,,2,100,,3476,3,,,2,100,,3482,3,,,2,99,,3484,3,,,2,100,,3480,3,,,2
6503,'SAM',712,,3506,3,,,2,101,,3509,3,,,2,100,,3508,3,,,2,100,,3510,3,,,2,102,,3511,3,,,2,97,,3513,3,,,2,107,,3512,3,,,2,99,,3507,3,,,2,97,,3493,3,,,2,98,,3495,3,,,2,102,,3498,3,,,2,100,,3501,3,,,2,98,,3505,3,,,2,100,,3503,3,,,2,100,,3497,3,,,2,100,,3494,3,,,2,100,,3496,3,,,2,99,,3499,3,,,2,100,,3500,3,,,2,45,,3502,3,,,2,75,,3504,3,,,2
6503,'SEM',558,,3523,3,,,2,66,,3515,3,,,2,27,,3541,3,,,2,64,,3516,3,,,2,24,,3518,3,,,2,78,,3531,3,,,2,26,,3547,3,,,2,78,,3519,3,,,2,25,,3520,3,,,2,70,,3538,3,,,2,30,,5325,3,,,2,70,,3545,3,,,2,30,,3542,3,,,2,70,,3543,3,,,2,30,,3544,3,,,2,70,,3522,3,,,2,30,,3525,3,,,2,70,,3517,3,,,2,30,,3529,3,,,2,74,,3530,3,,,2,30,,3514,3,,,2,65,,3524,3,,,2,25,,3535,3,,,2,15,,3546,3,,,2,55,,3536,3,,,2,15,,3537,3,,,2,15,,3532,3,,,2,13,,3539,3,,,2,57,,3534,3,,,2,33,,3527,3,,,2,104,,3526,3,,,2,99,,3528,3,,,2,100,,3533,3,,,2,100,,5256,3,,,2,99,,3540,3,,,2
7001,'DIM',653,,3749,3,,,1,100,,3739,3,,,1,99,,3747,3,,,1,99,,3750,3,,,1,68,,3753,3,,,1,31,,3748,3,,,1,70,,3755,3,,,1,27,,3754,3,,,1,70,,3751,3,,,1,35,,3752,3,,,1,69,,3756,3,,,1,27,,3732,3,,,1,73,,3757,3,,,1,25,,3735,3,,,1,75,,3736,3,,,1,27,,3737,3,,,1,74,,3734,3,,,1,33,,3740,3,,,1,74,,3743,3,,,1,30,,3738,3,,,1,94,,3744,3,,,1,100,,3741,3,,,1,100,,3733,3,,,1,100,,3745,3,,,1,100,,3746,3,,,1,100,,3742,3,,,1
7001,'SAM',653,,3774,3,,,1,100,,3779,3,,,1,99,,3781,3,,,1,99,,3782,3,,,1,67,,3780,3,,,1,32,,3758,3,,,1,69,,3783,3,,,1,28,,3778,3,,,1,70,,3759,3,,,1,34,,3775,3,,,1,68,,3760,3,,,1,33,,3776,3,,,1,69,,3762,3,,,1,25,,3777,3,,,1,73,,3765,3,,,1,29,,3767,3,,,1,74,,3764,3,,,1,34,,3766,3,,,1,73,,3770,3,,,1,30,,3768,3,,,1,94,,3772,3,,,1,100,,3761,3,,,1,100,,3763,3,,,1,99,,3773,3,,,1,101,,3771,3,,,1,100,,3769,3,,,1
7001,'SEM',508,,3810,3,,,1,30,,3788,3,,,1,66,,3811,3,,,1,18,,3812,3,,,1,17,,3807,3,,,1,67,,3818,3,,,1,24,,3799,3,,,1,24,,3785,3,,,1,69,,3817,3,,,1,30,,3814,3,,,1,71,,3815,3,,,1,29,,3796,3,,,1,71,,3819,3,,,1,28,,3787,3,,,1,72,,3792,3,,,1,27,,3816,3,,,1,70,,3786,3,,,1,29,,3784,3,,,1,72,,3813,3,,,1,30,,3791,3,,,1,77,,3794,3,,,1,24,,3790,3,,,1,50,,3797,3,,,1,47,,3789,3,,,1,77,,3801,3,,,1,28,,3804,3,,,1,76,,3805,3,,,1,27,,3793,3,,,1,81,,3802,3,,,1,85,,3798,3,,,1,34,,3795,3,,,1,149,,3803,3,,,1,100,,3800,3,,,1,100,,3808,3,,,1,101,,3806,3,,,1,129,,3809,3,,,1
7602,'DIM',606,,4297,3,,,2,96,,4289,3,,,2,100,,4300,3,,,2,100,,4302,3,,,2,30,,4298,3,,,2,70,,4299,3,,,2,30,,4278,3,,,2,70,,4303,3,,,2,30,,4301,3,,,2,69,,4287,3,,,2,32,,4305,3,,,2,72,,4306,3,,,2,27,,4279,3,,,2,73,,4290,3,,,2,33,,4281,3,,,2,64,,4282,3,,,2,30,,4284,3,,,2,70,,4280,3,,,2,30,,4288,3,,,2,70,,4304,3,,,2,30,,4285,3,,,2,75,,4294,3,,,2,94,,4295,3,,,2,100,,4286,3,,,2,101,,4296,3,,,2,101,,4283,3,,,2,100,,4291,3,,,2,100,,4293,3,,,2,100,,4292,3,,,2
7602,'SAM',606,,4324,3,,,2,96,,4323,3,,,2,100,,4327,3,,,2,100,,4329,3,,,2,30,,4334,3,,,2,70,,4322,3,,,2,30,,4331,3,,,2,70,,4330,3,,,2,30,,4336,3,,,2,69,,4308,3,,,2,30,,4325,3,,,2,74,,4307,3,,,2,27,,4326,3,,,2,73,,4333,3,,,2,33,,4309,3,,,2,64,,4310,3,,,2,30,,4332,3,,,2,70,,4313,3,,,2,30,,4335,3,,,2,70,,4311,3,,,2,30,,4328,3,,,2,76,,4316,3,,,2,93,,4318,3,,,2,100,,4314,3,,,2,101,,4312,3,,,2,101,,4317,3,,,2,100,,4315,3,,,2,100,,4320,3,,,2,100,,4319,3,,,2,101,,4321,3,,,2
7602,'SEM',548,,4337,3,,,2,62,,4366,3,,,2,16,,4349,3,,,2,11,,4364,3,,,2,64,,4368,3,,,2,18,,4370,3,,,2,22,,4344,3,,,2,61,,4338,3,,,2,35,,4365,3,,,2,68,,4369,3,,,2,31,,4362,3,,,2,72,,4339,3,,,2,30,,4367,3,,,2,70,,4343,3,,,2,29,,4363,3,,,2,71,,4342,3,,,2,30,,5273,3,,,2,71,,4372,3,,,2,28,,4347,3,,,2,70,,4340,3,,,2,35,,4371,3,,,2,65,,4341,3,,,2,24,,4345,3,,,2,26,,4352,3,,,2,65,,4353,3,,,2,25,,4356,3,,,2,65,,4358,3,,,2,25,,4354,3,,,2,20,,4350,3,,,2,74,,4346,3,,,2,70,,4357,3,,,2,31,,4360,3,,,2,100,,4348,3,,,2,100,,4351,3,,,2,100,,4359,3,,,2,103,,4355,3,,,2,109,,5592,3,,,2
