1703,'DIM',623,,6972,19,,,1,89,,6965,19,,,1,99,,100,19,,,1,101,,6967,19,,,1,97,,6968,19,,,1,101,,6964,19,,,1,100,,6970,19,,,1,99,,6966,19,,,1,102,,6969,19,,,1,100,,6971,19,,,1,102,,6954,19,,,1,98,,6958,19,,,1,99,,6957,19,,,1,101,,6956,19,,,1,99,,6959,19,,,1,99,,6962,19,,,1,101,,6955,19,,,1,100,,6960,19,,,1,102,,6961,19,,,1,119,,6963,19,,,1
1703,'SAM',545,,6984,19,,,1,78,,6990,19,,,1,89,,121,19,,,1,99,,6981,19,,,1,101,,6983,19,,,1,97,,6985,19,,,1,100,,6989,19,,,1,101,,6987,19,,,1,100,,6982,19,,,1,101,,6988,19,,,1,100,,6986,19,,,1,102,,6991,19,,,1,99,,6992,19,,,1,99,,6973,19,,,1,100,,6978,19,,,1,99,,6975,19,,,1,99,,6974,19,,,1,101,,6976,19,,,1,100,,6979,19,,,1,102,,6980,19,,,1,119,,6977,19,,,1
1703,'SEM',605,,7010,19,,,1,102,,7012,19,,,1,105,,7011,19,,,1,96,,6996,19,,,1,101,,7009,19,,,1,100,,7008,19,,,1,100,,7014,19,,,1,101,,6997,19,,,1,100,,6994,19,,,1,98,,7013,19,,,1,35,,7016,19,,,1,60,,7015,19,,,1,36,,6993,19,,,1,63,,7004,19,,,1,38,,6995,19,,,1,79,,6998,19,,,1,30,,7001,19,,,1,68,,7006,19,,,1,99,,7007,19,,,1,100,,6999,19,,,1,100,,7000,19,,,1,100,,7002,19,,,1,100,,7003,19,,,1,103,,7005,19,,,1
2703,'DIM',906,,7780,19,,,2,100,,7783,19,,,2,98,,7785,19,,,2,102,,7779,19,,,2,95,,7787,19,,,2,106,,7782,19,,,2,101,,7784,19,,,2,100,,7781,19,,,2,100,,7786,19,,,2,100,,7773,19,,,2,100,,7775,19,,,2,98,,7774,19,,,2,100,,7778,19,,,2,100,,7772,19,,,2,102,,7771,19,,,2,100,,7776,19,,,2,100,,7777,19,,,2
2703,'SAM',706,,7797,19,,,2,100,,7798,19,,,2,100,,7796,19,,,2,100,,7806,19,,,2,100,,7800,19,,,2,100,,7803,19,,,2,94,,7799,19,,,2,107,,7801,19,,,2,102,,7802,19,,,2,99,,7795,19,,,2,94,,7804,19,,,2,106,,7805,19,,,2,100,,7790,19,,,2,98,,7793,19,,,2,100,,7788,19,,,2,100,,7789,19,,,2,102,,7791,19,,,2,100,,7792,19,,,2,100,,7794,19,,,2
2703,'SEM',812,,7823,19,,,2,90,,7809,19,,,2,100,,7815,19,,,2,100,,7808,19,,,2,99,,7825,19,,,2,51,,7822,19,,,2,103,,7826,19,,,2,100,,7812,19,,,2,81,,7810,19,,,2,82,,7824,19,,,2,15,,7807,19,,,2,70,,7814,19,,,2,39,,7811,19,,,2,65,,7821,19,,,2,96,,7818,19,,,2,47,,7820,19,,,2,103,,7817,19,,,2,102,,7813,19,,,2,99,,7816,19,,,2,100,,11960,19,,,2,100,,7819,19,,,2
3103,'DIM',642,,7902,21,,,1,99,,7901,21,,,1,99,,1058,21,,,1,99,,7906,21,,,1,99,,7905,21,,,1,100,,7903,21,,,1,102,,7892,21,,,1,101,,7904,21,,,1,99,,7891,21,,,1,102,,7890,21,,,1,99,,7895,21,,,1,98,,7897,21,,,1,103,,7896,21,,,1,97,,7898,21,,,1,101,,7894,21,,,1,100,,7893,21,,,1,100,,7899,21,,,1,101,,7900,21,,,1
3103,'SAM',642,,7919,21,,,1,99,,7918,21,,,1,99,,1075,21,,,1,99,,7923,21,,,1,99,,7924,21,,,1,100,,7920,21,,,1,100,,7916,21,,,1,102,,7921,21,,,1,100,,7917,21,,,1,102,,7922,21,,,1,100,,7911,21,,,1,98,,7913,21,,,1,100,,7909,21,,,1,100,,7914,21,,,1,100,,7907,21,,,1,100,,7908,21,,,1,100,,7910,21,,,1,102,,7912,21,,,1,95,,7915,21,,,1
3103,'SEM',637,,7946,21,,,1,99,,7944,21,,,1,100,,7945,21,,,1,101,,7925,21,,,1,101,,7926,21,,,1,100,,7928,21,,,1,100,,7947,21,,,1,100,,7927,21,,,1,101,,7932,21,,,1,98,,7933,21,,,1,11,,7934,21,,,1,77,,7929,21,,,1,29,,7938,21,,,1,80,,7935,21,,,1,69,,7931,21,,,1,36,,7943,21,,,1,69,,7930,21,,,1,36,,7942,21,,,1,100,,7936,21,,,1,101,,7939,21,,,1,100,,7940,21,,,1,98,,7937,21,,,1,114,,7941,21,,,1
3903,'DIM',838,,1407,18,,,1,100,,8236,28,,,1,70,,8241,28,,,1,31,,8242,28,,,1,70,,8239,28,,,1,34,,8240,28,,,1,66,,8243,28,,,1,29,,8233,28,,,1,71,,8237,28,,,1,30,,8234,28,,,1,70,,8220,28,,,1,30,,8223,28,,,1,72,,8226,28,,,1,30,,8238,28,,,1,71,,8227,28,,,1,31,,8228,28,,,1,65,,8229,28,,,1,18,,8235,28,,,1,10,,8230,28,,,1,64,,8224,28,,,1,25,,8231,28,,,1,99,,8221,28,,,1,100,,8232,28,,,1,98,,8222,28,,,1,104,,8225,28,,,1
3903,'SAM',838,,8268,18,,,1,100,,8263,28,,,1,70,,8267,28,,,1,31,,8244,28,,,1,70,,8258,28,,,1,34,,8261,28,,,1,66,,8260,28,,,1,30,,8245,28,,,1,70,,8259,28,,,1,30,,8262,28,,,1,70,,8246,28,,,1,30,,8265,28,,,1,72,,8249,28,,,1,30,,8250,28,,,1,71,,8252,28,,,1,31,,8266,28,,,1,65,,8253,28,,,1,18,,8264,28,,,1,11,,8251,28,,,1,63,,8248,28,,,1,29,,8247,28,,,1,97,,8255,28,,,1,98,,8254,28,,,1,98,,8257,28,,,1,104,,8256,28,,,1
3903,'SEM',730,,8291,28,,,1,100,,8273,28,,,1,104,,8271,28,,,1,73,,8275,28,,,1,29,,8292,28,,,1,71,,8293,28,,,1,29,,8286,28,,,1,71,,8290,28,,,1,27,,8294,28,,,1,78,,8270,28,,,1,33,,8277,28,,,1,67,,8279,28,,,1,31,,8280,28,,,1,75,,8269,28,,,1,38,,8287,28,,,1,63,,8281,28,,,1,28,,8272,28,,,1,65,,8274,28,,,1,33,,8282,28,,,1,80,,8283,28,,,1,79,,8276,28,,,1,98,,8278,28,,,1,55,,8284,28,,,1,143,,8288,28,,,1,57,,8285,28,,,1,88,,8289,28,,,1
7303,'DIM',657,,10755,19,,,1,99,,10752,19,,,1,100,,10753,19,,,1,98,,10756,19,,,1,100,,10759,19,,,1,100,,10754,19,,,1,100,,10757,19,,,1,102,,10751,19,,,1,99,,10758,19,,,1,102,,10760,19,,,1,99,,10745,19,,,1,99,,10742,19,,,1,101,,10748,19,,,1,99,,10744,19,,,1,100,,10743,19,,,1,100,,10746,19,,,1,100,,10747,19,,,1,102,,10750,19,,,1,145,,10749,19,,,1
7303,'SAM',603,,10775,19,,,1,54,,10772,19,,,1,99,,10771,19,,,1,100,,10776,19,,,1,98,,10778,19,,,1,101,,10774,19,,,1,99,,10764,19,,,1,100,,10777,19,,,1,102,,10773,19,,,1,99,,10779,19,,,1,102,,10780,19,,,1,101,,10763,19,,,1,98,,10761,19,,,1,99,,10762,19,,,1,100,,10766,19,,,1,100,,10765,19,,,1,100,,4040,19,,,1,100,,10767,19,,,1,102,,4041,19,,,1,145,,10768,19,,,1,100,,10770,19,,,1,100,,10769,19,,,1
7303,'SEM',550,,10817,19,,,1,66,,10814,19,,,1,38,,10813,19,,,1,50,,10818,19,,,1,39,,10807,19,,,1,16,,10783,19,,,1,83,,10815,19,,,1,12,,10782,19,,,1,70,,10800,19,,,1,31,,10816,19,,,1,69,,10784,19,,,1,31,,10789,19,,,1,69,,10799,19,,,1,32,,10790,19,,,1,69,,10819,19,,,1,30,,10785,19,,,1,70,,10788,19,,,1,30,,10794,19,,,1,70,,10781,19,,,1,30,,10791,19,,,1,75,,10820,19,,,1,25,,10801,19,,,1,55,,10793,19,,,1,21,,10786,19,,,1,16,,10787,19,,,1,63,,10797,19,,,1,16,,10795,19,,,1,30,,10808,19,,,1,55,,10796,19,,,1,16,,10792,19,,,1,32,,10802,19,,,1,70,,10805,19,,,1,72,,10798,19,,,1,99,,10810,19,,,1,100,,10803,19,,,1,100,,10809,19,,,1,100,,10804,19,,,1,41,,10806,19,,,1,95,,10811,19,,,1,121,,10812,19,,,1
7401,'DIM',727,,10911,19,,,2,99,,10912,19,,,2,101,,10915,19,,,2,97,,10914,19,,,2,101,,10916,19,,,2,100,,10913,19,,,2,101,,10910,19,,,2,99,,10909,19,,,2,102,,10917,19,,,2,99,,10903,19,,,2,102,,10904,19,,,2,99,,10906,19,,,2,99,,10907,19,,,2,99,,10908,19,,,2,101,,10902,19,,,2,99,,10901,19,,,2,101,,10905,19,,,2
7401,'SAM',727,,10926,19,,,2,99,,10928,19,,,2,101,,10927,19,,,2,98,,10930,19,,,2,100,,10932,19,,,2,100,,10934,19,,,2,102,,10929,19,,,2,98,,10933,19,,,2,101,,10931,19,,,2,100,,10918,19,,,2,101,,10921,19,,,2,101,,10923,19,,,2,99,,10922,19,,,2,98,,10924,19,,,2,101,,10919,19,,,2,99,,10925,19,,,2,101,,10920,19,,,2
7401,'SEM',629,,10950,19,,,2,95,,10935,19,,,2,101,,10949,19,,,2,103,,10939,19,,,2,101,,10940,19,,,2,101,,10953,19,,,2,99,,10938,19,,,2,101,,10952,19,,,2,100,,10951,19,,,2,93,,10937,19,,,2,94,,10941,19,,,2,101,,10936,19,,,2,30,,10943,19,,,2,84,,10948,19,,,2,99,,10942,19,,,2,101,,10945,19,,,2,100,,10946,19,,,2,100,,10944,19,,,2,100,,12005,19,,,2,95,,10947,19,,,2
