1704,'DIM',458,,7029,17,,,1,90,,7030,17,,,1,100,,7034,17,,,1,102,,7028,17,,,1,99,,165,17,,,1,100,,7032,17,,,1,101,,7033,17,,,1,100,,7035,17,,,1,101,,7036,17,,,1,101,,7031,17,,,1,102,,7017,17,,,1,99,,7018,17,,,1,100,,7021,17,,,1,101,,7023,17,,,1,99,,7022,17,,,1,98,,7020,17,,,1,100,,7024,17,,,1,101,,7027,17,,,1,99,,7019,17,,,1,99,,7025,17,,,1,96,,7026,17,,,1
1704,'SAM',458,,7049,17,,,1,90,,7050,17,,,1,100,,7056,17,,,1,102,,7053,17,,,1,99,,7048,17,,,1,100,,7052,17,,,1,101,,7057,17,,,1,100,,7055,17,,,1,101,,7054,17,,,1,101,,7051,17,,,1,101,,7038,17,,,1,100,,7039,17,,,1,101,,7041,17,,,1,100,,7043,17,,,1,99,,7037,17,,,1,98,,7045,17,,,1,100,,7042,17,,,1,101,,7040,17,,,1,99,,7044,17,,,1,99,,7046,17,,,1,96,,7047,17,,,1
1704,'SEM',510,,7072,17,,,1,92,,7077,17,,,1,22,,7080,17,,,1,22,,7059,17,,,1,66,,7063,17,,,1,35,,7064,17,,,1,61,,7058,17,,,1,98,,7061,17,,,1,44,,7062,17,,,1,100,,7065,17,,,1,100,,7076,17,,,1,100,,7078,17,,,1,100,,7067,17,,,1,102,,7079,17,,,1,101,,7060,17,,,1,105,,7068,17,,,1,95,,7066,17,,,1,98,,7069,17,,,1,101,,7074,17,,,1,101,,7075,17,,,1,100,,7070,17,,,1,100,,7071,17,,,1,100,,7073,17,,,1
3104,'DIM',618,,7960,27,,,1,102,,7961,27,,,1,100,,7959,27,,,1,100,,7965,27,,,1,100,,7966,27,,,1,100,,7964,27,,,1,100,,7962,27,,,1,103,,7950,27,,,1,101,,7963,27,,,1,100,,7949,27,,,1,101,,7948,27,,,1,99,,7953,27,,,1,98,,7955,27,,,1,103,,7954,27,,,1,96,,7956,27,,,1,101,,7952,27,,,1,100,,7951,27,,,1,98,,7957,27,,,1,102,,7958,27,,,1
3104,'SAM',519,,1137,27,,,1,99,,7976,27,,,1,102,,7979,27,,,1,100,,7978,27,,,1,100,,7981,27,,,1,100,,7984,27,,,1,100,,7985,27,,,1,100,,7980,27,,,1,102,,7975,27,,,1,101,,7982,27,,,1,101,,7977,27,,,1,101,,7983,27,,,1,100,,7971,27,,,1,98,,7973,27,,,1,100,,7969,27,,,1,99,,7974,27,,,1,100,,7967,27,,,1,100,,7968,27,,,1,98,,7970,27,,,1,102,,7972,27,,,1
3104,'SEM',442,,7994,27,,,1,77,,7995,27,,,1,90,,8006,27,,,1,21,,8008,27,,,1,23,,7988,27,,,1,73,,8007,27,,,1,28,,8004,27,,,1,69,,8002,27,,,1,35,,8003,27,,,1,61,,8005,27,,,1,100,,7986,27,,,1,102,,7987,27,,,1,100,,7990,27,,,1,101,,8009,27,,,1,100,,7989,27,,,1,102,,7992,27,,,1,100,,7993,27,,,1,96,,7991,27,,,1,104,,7996,27,,,1,97,,8001,27,,,1,105,,8000,27,,,1,100,,7997,27,,,1,102,,7998,27,,,1,100,,7999,27,,,1
3904,'DIM',819,,8313,17,,,1,112,,8307,17,,,1,82,,8314,17,,,1,30,,8317,17,,,1,73,,8308,17,,,1,27,,8306,17,,,1,73,,8316,17,,,1,29,,8311,17,,,1,74,,8300,17,,,1,27,,8315,17,,,1,70,,8309,17,,,1,31,,8310,17,,,1,72,,8299,17,,,1,30,,8312,17,,,1,71,,8295,17,,,1,31,,8296,17,,,1,68,,8301,17,,,1,28,,8302,17,,,1,70,,8303,17,,,1,83,,8304,17,,,1,58,,8297,17,,,1,100,,8305,17,,,1,100,,8298,17,,,1
3904,'SAM',819,,8333,17,,,1,112,,8326,17,,,1,82,,8337,17,,,1,30,,8327,17,,,1,70,,8318,17,,,1,30,,8324,17,,,1,76,,8330,17,,,1,26,,8328,17,,,1,74,,8334,17,,,1,27,,8325,17,,,1,70,,8331,17,,,1,31,,8332,17,,,1,71,,8338,17,,,1,31,,8329,17,,,1,72,,8335,17,,,1,24,,8336,17,,,1,74,,8339,17,,,1,28,,8340,17,,,1,70,,8319,17,,,1,86,,8320,17,,,1,97,,8322,17,,,1,58,,8321,17,,,1,100,,8323,17,,,1
3904,'SEM',614,,8364,17,,,1,27,,8357,17,,,1,14,,8363,17,,,1,51,,8345,17,,,1,29,,8360,17,,,1,71,,8341,17,,,1,31,,8358,17,,,1,70,,8365,17,,,1,35,,8343,17,,,1,67,,8344,17,,,1,33,,8355,17,,,1,69,,8359,17,,,1,31,,8361,17,,,1,68,,8352,17,,,1,32,,8356,17,,,1,67,,8362,17,,,1,38,,8342,17,,,1,74,,8347,17,,,1,30,,8349,17,,,1,71,,8350,17,,,1,102,,8366,17,,,1,111,,8353,17,,,1,99,,8354,17,,,1,105,,8346,17,,,1,100,,8348,17,,,1,94,,8351,17,,,1
4504,'DIM',616,,9016,17,,,1,100,,9009,17,,,1,99,,9017,17,,,1,101,,9019,17,,,1,99,,9023,17,,,1,97,,9024,17,,,1,102,,9020,17,,,1,98,,9015,17,,,1,108,,9013,17,,,1,98,,9007,17,,,1,100,,9022,17,,,1,96,,9018,17,,,1,101,,9021,17,,,1,103,,9008,17,,,1,101,,9014,17,,,1,101,,9010,17,,,1,100,,9011,17,,,1,100,,9012,17,,,1
4504,'SAM',616,,2249,17,,,1,100,,9038,17,,,1,99,,9035,17,,,1,101,,9039,17,,,1,99,,9037,17,,,1,101,,9026,17,,,1,97,,9036,17,,,1,102,,9025,17,,,1,104,,9031,17,,,1,101,,9040,17,,,1,98,,9028,17,,,1,96,,9041,17,,,1,101,,9029,17,,,1,103,,9033,17,,,1,101,,9027,17,,,1,101,,9032,17,,,1,100,,9030,17,,,1,100,,9034,17,,,1
4504,'SEM',533,,9061,17,,,1,15,,9062,17,,,1,80,,9067,17,,,1,84,,9047,17,,,1,18,,9045,17,,,1,18,,9043,17,,,1,57,,9060,17,,,1,51,,9046,17,,,1,146,,9064,17,,,1,111,,9059,17,,,1,96,,9049,17,,,1,94,,9048,17,,,1,100,,9065,17,,,1,42,,9044,17,,,1,65,,9042,17,,,1,31,,9063,17,,,1,70,,9066,17,,,1,38,,9051,17,,,1,77,,9054,17,,,1,81,,9055,17,,,1,104,,9053,17,,,1,105,,9052,17,,,1,102,,9056,17,,,1,90,,9058,17,,,1,100,,9050,17,,,1,95,,9057,17,,,1
7304,'DIM',533,,10839,45,,,1,70,,10828,45,,,1,102,,10832,45,,,1,100,,10835,45,,,1,101,,10831,45,,,1,100,,10833,45,,,1,100,,10836,45,,,1,100,,10840,45,,,1,102,,10834,45,,,1,101,,10837,45,,,1,101,,10830,45,,,1,100,,10838,45,,,1,100,,10841,45,,,1,100,,10824,45,,,1,99,,10821,45,,,1,98,,10827,45,,,1,100,,10823,45,,,1,99,,10822,45,,,1,99,,10825,45,,,1,101,,10826,45,,,1,99,,10829,45,,,1
7304,'SAM',533,,10861,45,,,1,70,,10851,45,,,1,102,,10856,45,,,1,100,,10853,45,,,1,101,,10852,45,,,1,100,,10857,45,,,1,100,,10859,45,,,1,101,,10855,45,,,1,101,,10845,45,,,1,101,,10858,45,,,1,101,,10854,45,,,1,100,,10860,45,,,1,100,,10862,45,,,1,100,,10844,45,,,1,98,,10842,45,,,1,99,,10843,45,,,1,100,,10847,45,,,1,99,,10846,45,,,1,99,,4131,45,,,1,101,,10848,45,,,1,99,,4133,45,,,1,100,,10849,45,,,1,100,,10850,45,,,1
7304,'SEM',455,,10894,45,,,1,81,,10891,45,,,1,81,,10897,45,,,1,18,,10900,45,,,1,71,,10896,45,,,1,14,,10893,45,,,1,13,,10869,45,,,1,68,,10871,45,,,1,14,,10892,45,,,1,15,,10898,45,,,1,25,,10887,45,,,1,71,,10865,45,,,1,80,,10864,45,,,1,29,,10880,45,,,1,70,,10895,45,,,1,30,,10866,45,,,1,70,,10870,45,,,1,36,,10879,45,,,1,66,,10872,45,,,1,30,,10899,45,,,1,70,,10867,45,,,1,30,,10868,45,,,1,72,,10876,45,,,1,31,,10863,45,,,1,72,,10873,45,,,1,39,,10883,45,,,1,62,,10881,45,,,1,28,,10875,45,,,1,69,,10882,45,,,1,37,,10877,45,,,1,60,,10888,45,,,1,30,,10874,45,,,1,70,,10884,45,,,1,30,,10886,45,,,1,73,,10878,45,,,1,98,,10890,45,,,1,99,,10885,45,,,1,104,,10889,45,,,1
