2202,'DIM',723,,7249,29,,,2,100,,7248,29,,,2,100,,7247,29,,,2,100,,6315,29,,,2,101,,7250,29,,,2,100,,7252,29,,,2,96,,7251,29,,,2,106,,7246,29,,,2,98,,7240,29,,,2,114,,7253,29,,,2,88,,7242,29,,,2,100,,7243,29,,,2,98,,7245,29,,,2,101,,7244,29,,,2,100,,7239,29,,,2,100,,7241,29,,,2
2202,'SAM',625,,7270,13,,,2,98,,7264,29,,,2,100,,7261,29,,,2,100,,7260,29,,,2,98,,7266,29,,,2,103,,7265,29,,,2,100,,7263,29,,,2,96,,7269,29,,,2,104,,7262,29,,,2,100,,7268,29,,,2,112,,7267,29,,,2,90,,7255,29,,,2,100,,7257,29,,,2,98,,7254,29,,,2,101,,7256,29,,,2,100,,7259,29,,,2,100,,7258,29,,,2
2202,'SEM',600,,6230,29,,,2,18,,7282,29,,,2,105,,7289,29,,,2,31,,7279,29,,,2,70,,7271,29,,,2,98,,7273,29,,,2,31,,7272,29,,,2,69,,7290,29,,,2,101,,7277,29,,,2,100,,7288,29,,,2,100,,7291,29,,,2,102,,7276,29,,,2,100,,7278,29,,,2,102,,7274,29,,,2,24,,7275,29,,,2,75,,7281,29,,,2,99,,7280,29,,,2,100,,7287,29,,,2,101,,7286,29,,,2,98,,7284,29,,,2,107,,7283,29,,,2,96,,7285,29,,,2
5002,'DIM',602,,9440,6,,,1,100,,2653,6,,,1,100,,9423,6,,,1,56,,9438,6,,,1,147,,9431,6,,,1,25,,9441,6,,,1,77,,9433,6,,,1,24,,9445,6,,,1,79,,9443,6,,,1,22,,9444,6,,,1,75,,9446,6,,,1,29,,9432,6,,,1,72,,9434,6,,,1,36,,9447,6,,,1,69,,9436,6,,,1,34,,9435,6,,,1,70,,9442,6,,,1,26,,9439,6,,,1,71,,9437,6,,,1,100,,9425,6,,,1,99,,9427,6,,,1,99,,9430,6,,,1,99,,9424,6,,,1,98,,9428,6,,,1,98,,9426,6,,,1,100,,9429,6,,,1
5002,'SAM',602,,9455,6,,,1,100,,9458,6,,,1,100,,9449,6,,,1,99,,9470,6,,,1,104,,9469,6,,,1,25,,9468,6,,,1,76,,9466,6,,,1,25,,9450,6,,,1,79,,9473,6,,,1,22,,9472,6,,,1,75,,9451,6,,,1,29,,9462,6,,,1,72,,9464,6,,,1,36,,9467,6,,,1,69,,9463,6,,,1,34,,9465,6,,,1,70,,9453,6,,,1,26,,9454,6,,,1,71,,9448,6,,,1,100,,9471,6,,,1,99,,9459,6,,,1,99,,9461,6,,,1,99,,9460,6,,,1,98,,9456,6,,,1,98,,9452,6,,,1,100,,9457,6,,,1
5002,'SEM',450,,9480,6,,,1,75,,9502,6,,,1,30,,9498,6,,,1,70,,9474,6,,,1,75,,9506,6,,,1,31,,9499,6,,,1,24,,9475,6,,,1,75,,9492,6,,,1,26,,9478,6,,,1,71,,9504,6,,,1,26,,9505,6,,,1,73,,9501,6,,,1,27,,9477,6,,,1,73,,9481,6,,,1,28,,9500,6,,,1,72,,9489,6,,,1,32,,9503,6,,,1,70,,9482,6,,,1,30,,9485,6,,,1,81,,9476,6,,,1,67,,9486,6,,,1,37,,9479,6,,,1,72,,9493,6,,,1,31,,9483,6,,,1,70,,9484,6,,,1,30,,9491,6,,,1,70,,9487,6,,,1,30,,9490,6,,,1,105,,9494,6,,,1,105,,9507,6,,,1,101,,9488,6,,,1,150,,9496,6,,,1,105,,9495,6,,,1,98,,9497,6,,,1
5802,'DIM',601,,9883,6,,,2,100,,9890,6,,,2,51,,9887,6,,,2,100,,9891,6,,,2,100,,9894,6,,,2,99,,9886,6,,,2,101,,9896,6,,,2,100,,9893,6,,,2,101,,9889,6,,,2,99,,9892,6,,,2,101,,9888,6,,,2,99,,9882,6,,,2,101,,9895,6,,,2,101,,9879,6,,,2,100,,9885,6,,,2,99,,9881,6,,,2,99,,9880,6,,,2,99,,9884,6,,,2
5802,'SAM',601,,9914,6,,,2,100,,9906,6,,,2,51,,9905,6,,,2,100,,9910,6,,,2,100,,9908,6,,,2,99,,9911,6,,,2,101,,9913,6,,,2,100,,9897,6,,,2,98,,9904,6,,,2,101,,9909,6,,,2,101,,9907,6,,,2,101,,9912,6,,,2,100,,9899,6,,,2,101,,9902,6,,,2,100,,9898,6,,,2,99,,9903,6,,,2,99,,9900,6,,,2,99,,9901,6,,,2
5802,'SEM',520,,9932,6,,,2,34,,9926,6,,,2,62,,9925,6,,,2,39,,9933,6,,,2,75,,9935,6,,,2,29,,9918,6,,,2,73,,9917,6,,,2,83,,9921,6,,,2,99,,9936,6,,,2,100,,9915,6,,,2,100,,9922,6,,,2,100,,9934,6,,,2,101,,9916,6,,,2,25,,9919,6,,,2,69,,9923,6,,,2,101,,9929,6,,,2,33,,9920,6,,,2,95,,9924,6,,,2,96,,9930,6,,,2,100,,9937,6,,,2,100,,9931,6,,,2,98,,9928,6,,,2,99,,9927,6,,,2
22202,'DIM',1437,,4994,18,,,2
22202,'SAM',1437,,11668,18,,,2,898,,11666,18,,,2,100,,11667,18,,,2
22202,'SEM',537,,11675,18,,,2,119,,11670,18,,,2,81,,11671,18,,,2,767,,11674,18,,,2,35,,11669,18,,,2,703,,11672,18,,,2,65,,11673,18,,,2
32202,'SAM',2550,,11777,12,,,2
32202,'SEM',2419,,11779,12,,,2,84,,11778,12,,,2
