1704,'DIM',507,,7029,34,,,1,50,,7030,34,,,1,101,,7034,34,,,1,143,,7028,34,,,1,101,,165,34,,,1,100,,7032,34,,,1,101,,7033,34,,,1,100,,7035,34,,,1,101,,7036,34,,,1,101,,7031,34,,,1,102,,7017,34,,,1,99,,7018,34,,,1,100,,7021,34,,,1,101,,7023,34,,,1,98,,7022,34,,,1,98,,7020,34,,,1,100,,7024,34,,,1,98,,7027,34,,,1,99,,7019,34,,,1,59,,7025,34,,,1,96,,7026,34,,,1
1704,'SAM',507,,7049,34,,,1,50,,7050,34,,,1,101,,7056,34,,,1,143,,7053,34,,,1,101,,7048,34,,,1,100,,7052,34,,,1,101,,7057,34,,,1,100,,7055,34,,,1,101,,7054,34,,,1,101,,7051,34,,,1,101,,7038,34,,,1,100,,7039,34,,,1,101,,7041,34,,,1,100,,7043,34,,,1,98,,7037,34,,,1,98,,7045,34,,,1,100,,7042,34,,,1,98,,7040,34,,,1,99,,7044,34,,,1,59,,7046,34,,,1,96,,7047,34,,,1
1704,'SEM',519,,7072,34,,,1,94,,7077,34,,,1,22,,7080,34,,,1,22,,7059,34,,,1,67,,7063,34,,,1,35,,7064,34,,,1,61,,7058,34,,,1,98,,7061,34,,,1,85,,7062,34,,,1,100,,7065,34,,,1,100,,7076,34,,,1,100,,7078,34,,,1,100,,7067,34,,,1,102,,7079,34,,,1,101,,7060,34,,,1,105,,7068,34,,,1,95,,7066,34,,,1,97,,7069,34,,,1,101,,7074,34,,,1,100,,7075,34,,,1,99,,7070,34,,,1,100,,7071,34,,,1,99,,7073,34,,,1
2704,'DIM',753,,7846,39,,,2,101,,7847,39,,,2,100,,7842,39,,,2,99,,7844,39,,,2,98,,7845,39,,,2,103,,7841,39,,,2,95,,7848,39,,,2,107,,7843,39,,,2,100,,7834,39,,,2,100,,7838,39,,,2,100,,7839,39,,,2,99,,7835,39,,,2,100,,7837,39,,,2,98,,7836,39,,,2,100,,7840,39,,,2,100,,7833,39,,,2
2704,'SAM',653,,7861,39,,,2,100,,7857,39,,,2,101,,7858,39,,,2,100,,7856,39,,,2,99,,7865,39,,,2,100,,7860,39,,,2,101,,7863,39,,,2,94,,7859,39,,,2,108,,7862,39,,,2,100,,7852,39,,,2,100,,7853,39,,,2,93,,7855,39,,,2,106,,7864,39,,,2,100,,7851,39,,,2,98,,7854,39,,,2,100,,7849,39,,,2,100,,7850,39,,,2
2704,'SEM',616,,7887,39,,,2,28,,7867,39,,,2,68,,7884,39,,,2,28,,7870,39,,,2,67,,7871,39,,,2,28,,7889,39,,,2,66,,7886,39,,,2,49,,7885,39,,,2,100,,7874,39,,,2,108,,7866,39,,,2,95,,7888,39,,,2,88,,7869,39,,,2,106,,7868,39,,,2,107,,7879,39,,,2,77,,7880,39,,,2,80,,7875,39,,,2,13,,7872,39,,,2,30,,7873,39,,,2,71,,7877,39,,,2,75,,7882,39,,,2,100,,7878,39,,,2,45,,7881,39,,,2,96,,7876,39,,,2,104,,7883,39,,,2
3104,'DIM',627,,7960,44,,,1,104,,7961,44,,,1,100,,7959,44,,,1,101,,7965,44,,,1,101,,7966,44,,,1,100,,7964,44,,,1,100,,7962,44,,,1,103,,7950,44,,,1,101,,7963,44,,,1,100,,7949,44,,,1,101,,7948,44,,,1,99,,7953,44,,,1,98,,7955,44,,,1,102,,7954,44,,,1,96,,7956,44,,,1,99,,7952,44,,,1,99,,7951,44,,,1,98,,7957,44,,,1,102,,7958,44,,,1
3104,'SAM',527,,1137,44,,,1,100,,7976,44,,,1,104,,7979,44,,,1,100,,7978,44,,,1,101,,7981,44,,,1,101,,7984,44,,,1,100,,7985,44,,,1,100,,7980,44,,,1,102,,7975,44,,,1,101,,7982,44,,,1,101,,7977,44,,,1,101,,7983,44,,,1,100,,7971,44,,,1,98,,7973,44,,,1,99,,7969,44,,,1,99,,7974,44,,,1,98,,7967,44,,,1,99,,7968,44,,,1,98,,7970,44,,,1,102,,7972,44,,,1
3104,'SEM',451,,7994,44,,,1,77,,7995,44,,,1,92,,8006,44,,,1,21,,8008,44,,,1,63,,7988,44,,,1,34,,8007,44,,,1,68,,8004,44,,,1,29,,8002,44,,,1,75,,8003,44,,,1,22,,8005,44,,,1,100,,7986,44,,,1,102,,7987,44,,,1,100,,7990,44,,,1,101,,8009,44,,,1,100,,7989,44,,,1,102,,7992,44,,,1,100,,7993,44,,,1,96,,7991,44,,,1,103,,7996,44,,,1,97,,8001,44,,,1,105,,8000,44,,,1,99,,7997,44,,,1,101,,7998,44,,,1,100,,7999,44,,,1
3904,'DIM',837,,8313,44,,,1,112,,8307,44,,,1,82,,8314,44,,,1,70,,8317,44,,,1,33,,8308,44,,,1,67,,8306,44,,,1,33,,8316,44,,,1,69,,8311,44,,,1,34,,8300,44,,,1,67,,8315,44,,,1,30,,8309,44,,,1,71,,8310,44,,,1,32,,8299,44,,,1,70,,8312,44,,,1,31,,8295,44,,,1,71,,8296,44,,,1,28,,8301,44,,,1,68,,8302,44,,,1,29,,8303,44,,,1,83,,8304,44,,,1,98,,8297,44,,,1,100,,8305,44,,,1,100,,8298,44,,,1
3904,'SAM',837,,8333,44,,,1,112,,8326,44,,,1,82,,8337,44,,,1,70,,8327,44,,,1,30,,8318,44,,,1,70,,8324,44,,,1,36,,8330,44,,,1,66,,8328,44,,,1,34,,8334,44,,,1,67,,8325,44,,,1,30,,8331,44,,,1,71,,8332,44,,,1,31,,8338,44,,,1,71,,8329,44,,,1,32,,8335,44,,,1,64,,8336,44,,,1,34,,8339,44,,,1,68,,8340,44,,,1,29,,8319,44,,,1,86,,8320,44,,,1,97,,8322,44,,,1,98,,8321,44,,,1,100,,8323,44,,,1
3904,'SEM',631,,8364,44,,,1,27,,8357,44,,,1,54,,8363,44,,,1,11,,8345,44,,,1,30,,8360,44,,,1,71,,8341,44,,,1,31,,8358,44,,,1,70,,8365,44,,,1,75,,8343,44,,,1,28,,8344,44,,,1,73,,8355,44,,,1,30,,8359,44,,,1,71,,8361,44,,,1,28,,8352,44,,,1,72,,8356,44,,,1,27,,8362,44,,,1,78,,8342,44,,,1,34,,8347,44,,,1,70,,8349,44,,,1,31,,8350,44,,,1,102,,8366,44,,,1,110,,8353,44,,,1,98,,8354,44,,,1,104,,8346,44,,,1,100,,8348,44,,,1,94,,8351,44,,,1
4304,'DIM',503,,8893,19,,,1,103,,8887,19,,,1,100,,8883,19,,,1,102,,8885,19,,,1,102,,8890,19,,,1,100,,8888,19,,,1,106,,8889,19,,,1,100,,8886,19,,,1,100,,8894,19,,,1,100,,8891,19,,,1,104,,8892,19,,,1,99,,8875,19,,,1,99,,8876,19,,,1,101,,8878,19,,,1,94,,8881,19,,,1,98,,8880,19,,,1,99,,8877,19,,,1,99,,8879,19,,,1,100,,8884,19,,,1,100,,8882,19,,,1
4304,'SAM',503,,8911,19,,,1,103,,8908,19,,,1,100,,8905,19,,,1,102,,8896,19,,,1,102,,8912,19,,,1,100,,8897,19,,,1,106,,8898,19,,,1,100,,8909,19,,,1,100,,8906,19,,,1,100,,8913,19,,,1,103,,8907,19,,,1,101,,8910,19,,,1,98,,8895,19,,,1,97,,8914,19,,,1,98,,8902,19,,,1,98,,8899,19,,,1,99,,2109,19,,,1,99,,8900,19,,,1,100,,8901,19,,,1,100,,8904,19,,,1,98,,8903,19,,,1
4304,'SEM',520,,8934,19,,,1,35,,8940,19,,,1,75,,8915,19,,,1,25,,8917,19,,,1,61,,8938,19,,,1,31,,8916,19,,,1,73,,8939,19,,,1,33,,8920,19,,,1,75,,8935,19,,,1,28,,8941,19,,,1,71,,8919,19,,,1,30,,8936,19,,,1,70,,8926,19,,,1,30,,8922,19,,,1,70,,8943,19,,,1,30,,8942,19,,,1,70,,8937,19,,,1,32,,8923,19,,,1,69,,8924,19,,,1,30,,8928,19,,,1,76,,8944,19,,,1,25,,8918,19,,,1,66,,8925,19,,,1,30,,8921,19,,,1,97,,8927,19,,,1,97,,8930,19,,,1,100,,8932,19,,,1,101,,8933,19,,,1,99,,11972,19,,,1,101,,11973,19,,,1,150,,8929,19,,,1,20,,8931,19,,,1
7304,'DIM',542,,10839,62,,,1,70,,10828,62,,,1,103,,10832,62,,,1,101,,10835,62,,,1,101,,10831,62,,,1,101,,10833,62,,,1,100,,10836,62,,,1,100,,10840,62,,,1,102,,10834,62,,,1,101,,10837,62,,,1,101,,10830,62,,,1,100,,10838,62,,,1,100,,10841,62,,,1,100,,10824,62,,,1,99,,10821,62,,,1,97,,10827,62,,,1,99,,10823,62,,,1,99,,10822,62,,,1,98,,10825,62,,,1,101,,10826,62,,,1,99,,10829,62,,,1
7304,'SAM',542,,10861,62,,,1,70,,10851,62,,,1,103,,10856,62,,,1,101,,10853,62,,,1,101,,10852,62,,,1,101,,10857,62,,,1,100,,10859,62,,,1,101,,10855,62,,,1,101,,10845,62,,,1,101,,10858,62,,,1,101,,10854,62,,,1,100,,10860,62,,,1,100,,10862,62,,,1,100,,10844,62,,,1,98,,10842,62,,,1,98,,10843,62,,,1,99,,10847,62,,,1,99,,10846,62,,,1,98,,4131,62,,,1,101,,10848,62,,,1,99,,4133,62,,,1,100,,10849,62,,,1,99,,10850,62,,,1
7304,'SEM',504,,10894,62,,,1,42,,10891,62,,,1,82,,10897,62,,,1,18,,10900,62,,,1,71,,10896,62,,,1,14,,10893,62,,,1,14,,10869,62,,,1,68,,10871,62,,,1,14,,10892,62,,,1,15,,10898,62,,,1,65,,10887,62,,,1,31,,10865,62,,,1,80,,10864,62,,,1,29,,10880,62,,,1,70,,10895,62,,,1,30,,10866,62,,,1,71,,10870,62,,,1,36,,10879,62,,,1,66,,10872,62,,,1,30,,10899,62,,,1,70,,10867,62,,,1,30,,10868,62,,,1,73,,10876,62,,,1,31,,10863,62,,,1,72,,10873,62,,,1,79,,10883,62,,,1,22,,10881,62,,,1,27,,10875,62,,,1,69,,10882,62,,,1,36,,10877,62,,,1,60,,10888,62,,,1,30,,10874,62,,,1,70,,10884,62,,,1,30,,10886,62,,,1,73,,10878,62,,,1,96,,10890,62,,,1,99,,10885,62,,,1,103,,10889,62,,,1
7402,'DIM',643,,10961,75,,,2,102,,10964,75,,,2,101,,6451,75,,,2,101,,10965,75,,,2,101,,10963,75,,,2,100,,10962,75,,,2,101,,10968,75,,,2,100,,10967,75,,,2,103,,10969,75,,,2,99,,10966,75,,,2,99,,10956,75,,,2,102,,10955,75,,,2,98,,10957,75,,,2,98,,10958,75,,,2,99,,6443,75,,,2,100,,10959,75,,,2,98,,10960,75,,,2
7402,'SAM',643,,10977,75,,,2,102,,10981,75,,,2,101,,10979,75,,,2,101,,10976,75,,,2,101,,10980,75,,,2,100,,10982,75,,,2,101,,10985,75,,,2,101,,10978,75,,,2,100,,10983,75,,,2,101,,10986,75,,,2,100,,10984,75,,,2,100,,10970,75,,,2,99,,10972,75,,,2,98,,10974,75,,,2,99,,10973,75,,,2,100,,10975,75,,,2,98,,10971,75,,,2
7402,'SEM',602,,11000,75,,,2,49,,11005,75,,,2,60,,10988,75,,,2,41,,10999,75,,,2,100,,10989,75,,,2,99,,10987,75,,,2,99,,10991,75,,,2,101,,11001,75,,,2,97,,11004,75,,,2,100,,10990,75,,,2,101,,11003,75,,,2,102,,11002,75,,,2,100,,10992,75,,,2,97,,10993,75,,,2,100,,10996,75,,,2,98,,10998,75,,,2,99,,10994,75,,,2,102,,10995,75,,,2,98,,10997,75,,,2
