1704,'DIM',458,,7029,16,,,1,90,,7030,16,,,1,100,,7034,16,,,1,102,,7028,16,,,1,99,,165,16,,,1,100,,7032,16,,,1,101,,7033,16,,,1,100,,7035,16,,,1,101,,7036,16,,,1,101,,7031,16,,,1,102,,7017,16,,,1,99,,7018,16,,,1,100,,7021,16,,,1,101,,7023,16,,,1,99,,7022,16,,,1,98,,7020,16,,,1,100,,7024,16,,,1,101,,7027,16,,,1,99,,7019,16,,,1,99,,7025,16,,,1,96,,7026,16,,,1
1704,'SAM',458,,7049,16,,,1,90,,7050,16,,,1,100,,7056,16,,,1,102,,7053,16,,,1,99,,7048,16,,,1,100,,7052,16,,,1,101,,7057,16,,,1,100,,7055,16,,,1,101,,7054,16,,,1,101,,7051,16,,,1,101,,7038,16,,,1,100,,7039,16,,,1,101,,7041,16,,,1,100,,7043,16,,,1,99,,7037,16,,,1,98,,7045,16,,,1,100,,7042,16,,,1,101,,7040,16,,,1,99,,7044,16,,,1,99,,7046,16,,,1,96,,7047,16,,,1
1704,'SEM',510,,7072,16,,,1,92,,7077,16,,,1,22,,7080,16,,,1,22,,7059,16,,,1,66,,7063,16,,,1,35,,7064,16,,,1,61,,7058,16,,,1,98,,7061,16,,,1,44,,7062,16,,,1,100,,7065,16,,,1,100,,7076,16,,,1,100,,7078,16,,,1,100,,7067,16,,,1,102,,7079,16,,,1,100,,7060,16,,,1,105,,7068,16,,,1,96,,7066,16,,,1,98,,7069,16,,,1,101,,7074,16,,,1,101,,7075,16,,,1,100,,7070,16,,,1,100,,7071,16,,,1,100,,7073,16,,,1
3104,'DIM',618,,7960,26,,,1,102,,7961,26,,,1,100,,7959,26,,,1,100,,7965,26,,,1,100,,7966,26,,,1,100,,7964,26,,,1,100,,7962,26,,,1,103,,7950,26,,,1,101,,7963,26,,,1,100,,7949,26,,,1,101,,7948,26,,,1,99,,7953,26,,,1,98,,7955,26,,,1,103,,7954,26,,,1,96,,7956,26,,,1,101,,7952,26,,,1,100,,7951,26,,,1,98,,7957,26,,,1,102,,7958,26,,,1
3104,'SAM',518,,1137,26,,,1,100,,7976,26,,,1,102,,7979,26,,,1,100,,7978,26,,,1,100,,7981,26,,,1,100,,7984,26,,,1,100,,7985,26,,,1,100,,7980,26,,,1,102,,7975,26,,,1,101,,7982,26,,,1,101,,7977,26,,,1,101,,7983,26,,,1,100,,7971,26,,,1,98,,7973,26,,,1,100,,7969,26,,,1,99,,7974,26,,,1,100,,7967,26,,,1,100,,7968,26,,,1,98,,7970,26,,,1,102,,7972,26,,,1
3104,'SEM',442,,7994,26,,,1,77,,7995,26,,,1,90,,8006,26,,,1,21,,8008,26,,,1,23,,7988,26,,,1,73,,8007,26,,,1,28,,8004,26,,,1,69,,8002,26,,,1,35,,8003,26,,,1,61,,8005,26,,,1,100,,7986,26,,,1,101,,7987,26,,,1,100,,7990,26,,,1,101,,8009,26,,,1,100,,7989,26,,,1,102,,7992,26,,,1,100,,7993,26,,,1,96,,7991,26,,,1,105,,7996,26,,,1,97,,8001,26,,,1,105,,8000,26,,,1,100,,7997,26,,,1,102,,7998,26,,,1,100,,7999,26,,,1
3904,'DIM',819,,8313,16,,,1,112,,8307,16,,,1,82,,8314,16,,,1,30,,8317,16,,,1,73,,8308,16,,,1,27,,8306,16,,,1,73,,8316,16,,,1,29,,8311,16,,,1,74,,8300,16,,,1,27,,8315,16,,,1,70,,8309,16,,,1,31,,8310,16,,,1,72,,8299,16,,,1,30,,8312,16,,,1,71,,8295,16,,,1,31,,8296,16,,,1,68,,8301,16,,,1,28,,8302,16,,,1,70,,8303,16,,,1,83,,8304,16,,,1,58,,8297,16,,,1,100,,8305,16,,,1,100,,8298,16,,,1
3904,'SAM',819,,8333,16,,,1,112,,8326,16,,,1,82,,8337,16,,,1,30,,8327,16,,,1,70,,8318,16,,,1,30,,8324,16,,,1,76,,8330,16,,,1,26,,8328,16,,,1,74,,8334,16,,,1,27,,8325,16,,,1,70,,8331,16,,,1,31,,8332,16,,,1,71,,8338,16,,,1,31,,8329,16,,,1,72,,8335,16,,,1,24,,8336,16,,,1,74,,8339,16,,,1,28,,8340,16,,,1,70,,8319,16,,,1,86,,8320,16,,,1,97,,8322,16,,,1,58,,8321,16,,,1,100,,8323,16,,,1
3904,'SEM',614,,8364,16,,,1,27,,8357,16,,,1,14,,8363,16,,,1,51,,8345,16,,,1,29,,8360,16,,,1,71,,8341,16,,,1,31,,8358,16,,,1,70,,8365,16,,,1,35,,8343,16,,,1,67,,8344,16,,,1,33,,8355,16,,,1,69,,8359,16,,,1,31,,8361,16,,,1,68,,8352,16,,,1,32,,8356,16,,,1,67,,8362,16,,,1,38,,8342,16,,,1,74,,8347,16,,,1,30,,8349,16,,,1,71,,8350,16,,,1,101,,8366,16,,,1,112,,8353,16,,,1,99,,8354,16,,,1,105,,8346,16,,,1,100,,8348,16,,,1,94,,8351,16,,,1
4504,'DIM',616,,9016,16,,,1,100,,9009,16,,,1,99,,9017,16,,,1,101,,9019,16,,,1,99,,9023,16,,,1,97,,9024,16,,,1,102,,9020,16,,,1,98,,9015,16,,,1,108,,9013,16,,,1,98,,9007,16,,,1,100,,9022,16,,,1,96,,9018,16,,,1,101,,9021,16,,,1,103,,9008,16,,,1,101,,9014,16,,,1,101,,9010,16,,,1,100,,9011,16,,,1,100,,9012,16,,,1
4504,'SAM',616,,2249,16,,,1,100,,9038,16,,,1,99,,9035,16,,,1,101,,9039,16,,,1,99,,9037,16,,,1,101,,9026,16,,,1,97,,9036,16,,,1,102,,9025,16,,,1,104,,9031,16,,,1,101,,9040,16,,,1,98,,9028,16,,,1,96,,9041,16,,,1,101,,9029,16,,,1,103,,9033,16,,,1,101,,9027,16,,,1,101,,9032,16,,,1,100,,9030,16,,,1,100,,9034,16,,,1
4504,'SEM',533,,9061,16,,,1,15,,9062,16,,,1,80,,9067,16,,,1,84,,9047,16,,,1,18,,9045,16,,,1,18,,9043,16,,,1,57,,9060,16,,,1,51,,9046,16,,,1,146,,9064,16,,,1,111,,9059,16,,,1,96,,9049,16,,,1,94,,9048,16,,,1,100,,9065,16,,,1,42,,9044,16,,,1,65,,9042,16,,,1,31,,9063,16,,,1,70,,9066,16,,,1,38,,9051,16,,,1,77,,9054,16,,,1,81,,9055,16,,,1,104,,9053,16,,,1,105,,9052,16,,,1,102,,9056,16,,,1,90,,9058,16,,,1,100,,9050,16,,,1,95,,9057,16,,,1
7304,'DIM',533,,10839,44,,,1,70,,10828,44,,,1,102,,10832,44,,,1,100,,10835,44,,,1,100,,10831,44,,,1,100,,10833,44,,,1,100,,10836,44,,,1,100,,10840,44,,,1,102,,10834,44,,,1,101,,10837,44,,,1,101,,10830,44,,,1,100,,10838,44,,,1,100,,10841,44,,,1,100,,10824,44,,,1,99,,10821,44,,,1,98,,10827,44,,,1,100,,10823,44,,,1,99,,10822,44,,,1,100,,10825,44,,,1,101,,10826,44,,,1,99,,10829,44,,,1
7304,'SAM',533,,10861,44,,,1,70,,10851,44,,,1,102,,10856,44,,,1,100,,10853,44,,,1,100,,10852,44,,,1,100,,10857,44,,,1,100,,10859,44,,,1,101,,10855,44,,,1,101,,10845,44,,,1,101,,10858,44,,,1,101,,10854,44,,,1,100,,10860,44,,,1,100,,10862,44,,,1,100,,10844,44,,,1,98,,10842,44,,,1,99,,10843,44,,,1,100,,10847,44,,,1,99,,10846,44,,,1,100,,4131,44,,,1,101,,10848,44,,,1,99,,4133,44,,,1,100,,10849,44,,,1,99,,10850,44,,,1
7304,'SEM',455,,10894,44,,,1,81,,10891,44,,,1,80,,10897,44,,,1,18,,10900,44,,,1,71,,10896,44,,,1,14,,10893,44,,,1,13,,10869,44,,,1,68,,10871,44,,,1,14,,10892,44,,,1,15,,10898,44,,,1,25,,10887,44,,,1,71,,10865,44,,,1,80,,10864,44,,,1,29,,10880,44,,,1,70,,10895,44,,,1,30,,10866,44,,,1,71,,10870,44,,,1,36,,10879,44,,,1,65,,10872,44,,,1,30,,10899,44,,,1,70,,10867,44,,,1,30,,10868,44,,,1,72,,10876,44,,,1,31,,10863,44,,,1,72,,10873,44,,,1,39,,10883,44,,,1,62,,10881,44,,,1,29,,10875,44,,,1,69,,10882,44,,,1,36,,10877,44,,,1,60,,10888,44,,,1,30,,10874,44,,,1,70,,10884,44,,,1,30,,10886,44,,,1,73,,10878,44,,,1,98,,10890,44,,,1,100,,10885,44,,,1,104,,10889,44,,,1
