1704,'DIM',454,,7029,4,,,1,89,,7030,4,,,1,100,,7034,4,,,1,102,,7028,4,,,1,99,,165,4,,,1,100,,7032,4,,,1,101,,7033,4,,,1,100,,7035,4,,,1,100,,7036,4,,,1,101,,7031,4,,,1,103,,7017,4,,,1,99,,7018,4,,,1,100,,7021,4,,,1,101,,7023,4,,,1,99,,7022,4,,,1,98,,7020,4,,,1,100,,7024,4,,,1,101,,7027,4,,,1,99,,7019,4,,,1,100,,7025,4,,,1,96,,7026,4,,,1
1704,'SAM',454,,7049,4,,,1,89,,7050,4,,,1,100,,7056,4,,,1,102,,7053,4,,,1,99,,7048,4,,,1,100,,7052,4,,,1,101,,7057,4,,,1,100,,7055,4,,,1,100,,7054,4,,,1,101,,7051,4,,,1,102,,7038,4,,,1,100,,7039,4,,,1,101,,7041,4,,,1,100,,7043,4,,,1,99,,7037,4,,,1,98,,7045,4,,,1,100,,7042,4,,,1,101,,7040,4,,,1,99,,7044,4,,,1,100,,7046,4,,,1,96,,7047,4,,,1
1704,'SEM',505,,7072,4,,,1,52,,7077,4,,,1,62,,7080,4,,,1,21,,7059,4,,,1,66,,7063,4,,,1,35,,7064,4,,,1,61,,7058,4,,,1,98,,7061,4,,,1,45,,7062,4,,,1,100,,7065,4,,,1,100,,7076,4,,,1,100,,7078,4,,,1,100,,7067,4,,,1,102,,7079,4,,,1,100,,7060,4,,,1,105,,7068,4,,,1,96,,7066,4,,,1,98,,7069,4,,,1,101,,7074,4,,,1,101,,7075,4,,,1,100,,7070,4,,,1,100,,7071,4,,,1,100,,7073,4,,,1
3904,'DIM',814,,8313,4,,,1,112,,8307,4,,,1,82,,8314,4,,,1,30,,8317,4,,,1,73,,8308,4,,,1,27,,8306,4,,,1,73,,8316,4,,,1,29,,8311,4,,,1,74,,8300,4,,,1,27,,8315,4,,,1,70,,8309,4,,,1,31,,8310,4,,,1,72,,8299,4,,,1,30,,8312,4,,,1,71,,8295,4,,,1,31,,8296,4,,,1,68,,8301,4,,,1,28,,8302,4,,,1,70,,8303,4,,,1,43,,8304,4,,,1,98,,8297,4,,,1,100,,8305,4,,,1,100,,8298,4,,,1
3904,'SAM',814,,8333,4,,,1,112,,8326,4,,,1,82,,8337,4,,,1,30,,8327,4,,,1,70,,8318,4,,,1,30,,8324,4,,,1,76,,8330,4,,,1,26,,8328,4,,,1,74,,8334,4,,,1,27,,8325,4,,,1,70,,8331,4,,,1,31,,8332,4,,,1,71,,8338,4,,,1,31,,8329,4,,,1,72,,8335,4,,,1,24,,8336,4,,,1,74,,8339,4,,,1,28,,8340,4,,,1,70,,8319,4,,,1,46,,8320,4,,,1,97,,8322,4,,,1,98,,8321,4,,,1,100,,8323,4,,,1
3904,'SEM',609,,8364,4,,,1,27,,8357,4,,,1,14,,8363,4,,,1,51,,8345,4,,,1,29,,8360,4,,,1,71,,8341,4,,,1,31,,8358,4,,,1,70,,8365,4,,,1,35,,8343,4,,,1,67,,8344,4,,,1,33,,8355,4,,,1,69,,8359,4,,,1,31,,8361,4,,,1,68,,8352,4,,,1,32,,8356,4,,,1,67,,8362,4,,,1,38,,8342,4,,,1,74,,8347,4,,,1,30,,8349,4,,,1,71,,8350,4,,,1,101,,8366,4,,,1,112,,8353,4,,,1,99,,8354,4,,,1,105,,8346,4,,,1,100,,8348,4,,,1,94,,8351,4,,,1
4504,'DIM',611,,9016,4,,,1,100,,9009,4,,,1,99,,9017,4,,,1,101,,9019,4,,,1,99,,9023,4,,,1,97,,9024,4,,,1,102,,9020,4,,,1,98,,9015,4,,,1,108,,9013,4,,,1,98,,9007,4,,,1,100,,9022,4,,,1,96,,9018,4,,,1,101,,9021,4,,,1,103,,9008,4,,,1,101,,9014,4,,,1,101,,9010,4,,,1,100,,9011,4,,,1,100,,9012,4,,,1
4504,'SAM',611,,2249,4,,,1,100,,9038,4,,,1,99,,9035,4,,,1,101,,9039,4,,,1,99,,9037,4,,,1,101,,9026,4,,,1,97,,9036,4,,,1,102,,9025,4,,,1,104,,9031,4,,,1,101,,9040,4,,,1,98,,9028,4,,,1,96,,9041,4,,,1,101,,9029,4,,,1,103,,9033,4,,,1,101,,9027,4,,,1,101,,9032,4,,,1,100,,9030,4,,,1,100,,9034,4,,,1
4504,'SEM',528,,9061,4,,,1,15,,9062,4,,,1,80,,9067,4,,,1,84,,9047,4,,,1,18,,9045,4,,,1,18,,9043,4,,,1,57,,9060,4,,,1,51,,9046,4,,,1,106,,9064,4,,,1,151,,9059,4,,,1,96,,9049,4,,,1,54,,9048,4,,,1,100,,9065,4,,,1,82,,9044,4,,,1,65,,9042,4,,,1,31,,9063,4,,,1,70,,9066,4,,,1,38,,9051,4,,,1,77,,9054,4,,,1,81,,9055,4,,,1,104,,9053,4,,,1,105,,9052,4,,,1,102,,9056,4,,,1,90,,9058,4,,,1,101,,9050,4,,,1,55,,9057,4,,,1
7402,'DIM',626,,10961,43,,,2,101,,10964,43,,,2,101,,6451,43,,,2,100,,10965,43,,,2,100,,10963,43,,,2,100,,10962,43,,,2,101,,10968,43,,,2,100,,10967,43,,,2,103,,10969,43,,,2,99,,10966,43,,,2,99,,10956,43,,,2,103,,10955,43,,,2,98,,10957,43,,,2,99,,10958,43,,,2,100,,6443,43,,,2,100,,10959,43,,,2,99,,10960,43,,,2
7402,'SAM',626,,10977,43,,,2,101,,10981,43,,,2,101,,10979,43,,,2,100,,10976,43,,,2,100,,10980,43,,,2,100,,10982,43,,,2,101,,10985,43,,,2,101,,10978,43,,,2,100,,10983,43,,,2,101,,10986,43,,,2,100,,10984,43,,,2,101,,10970,43,,,2,99,,10972,43,,,2,99,,10974,43,,,2,100,,10973,43,,,2,100,,10975,43,,,2,99,,10971,43,,,2
7402,'SEM',545,,11000,43,,,2,88,,11005,43,,,2,19,,10988,43,,,2,80,,10999,43,,,2,100,,10989,43,,,2,99,,10987,43,,,2,99,,10991,43,,,2,101,,11001,43,,,2,97,,11004,43,,,2,100,,10990,43,,,2,101,,11003,43,,,2,101,,11002,43,,,2,100,,10992,43,,,2,99,,10993,43,,,2,100,,10996,43,,,2,99,,10998,43,,,2,99,,10994,43,,,2,103,,10995,43,,,2,99,,10997,43,,,2
