1703,'DIM',633,,6972,42,,,1,89,,6965,42,,,1,101,,100,42,,,1,102,,6967,42,,,1,97,,6968,42,,,1,102,,6964,42,,,1,100,,6970,42,,,1,99,,6966,42,,,1,102,,6969,42,,,1,100,,6971,42,,,1,102,,6954,42,,,1,98,,6958,42,,,1,98,,6957,42,,,1,101,,6956,42,,,1,98,,6959,42,,,1,99,,6962,42,,,1,100,,6955,42,,,1,100,,6960,42,,,1,102,,6961,42,,,1,117,,6963,42,,,1
1703,'SAM',555,,6984,42,,,1,78,,6990,42,,,1,89,,121,42,,,1,101,,6981,42,,,1,102,,6983,42,,,1,97,,6985,42,,,1,101,,6989,42,,,1,101,,6987,42,,,1,100,,6982,42,,,1,101,,6988,42,,,1,100,,6986,42,,,1,102,,6991,42,,,1,99,,6992,42,,,1,98,,6973,42,,,1,100,,6978,42,,,1,98,,6975,42,,,1,99,,6974,42,,,1,100,,6976,42,,,1,100,,6979,42,,,1,102,,6980,42,,,1,117,,6977,42,,,1
1703,'SEM',615,,7010,42,,,1,104,,7012,42,,,1,106,,7011,42,,,1,96,,6996,42,,,1,101,,7009,42,,,1,101,,7008,42,,,1,100,,7014,42,,,1,101,,6997,42,,,1,100,,6994,42,,,1,99,,7013,42,,,1,35,,7016,42,,,1,60,,7015,42,,,1,36,,6993,42,,,1,63,,7004,42,,,1,37,,6995,42,,,1,79,,6998,42,,,1,70,,7001,42,,,1,27,,7006,42,,,1,99,,7007,42,,,1,100,,6999,42,,,1,100,,7000,42,,,1,99,,7002,42,,,1,99,,7003,42,,,1,102,,7005,42,,,1
3103,'DIM',652,,7902,44,,,1,101,,7901,44,,,1,100,,1058,44,,,1,100,,7906,44,,,1,100,,7905,44,,,1,100,,7903,44,,,1,102,,7892,44,,,1,101,,7904,44,,,1,99,,7891,44,,,1,101,,7890,44,,,1,99,,7895,44,,,1,98,,7897,44,,,1,103,,7896,44,,,1,96,,7898,44,,,1,101,,7894,44,,,1,100,,7893,44,,,1,99,,7899,44,,,1,100,,7900,44,,,1
3103,'SAM',652,,7919,44,,,1,101,,7918,44,,,1,100,,1075,44,,,1,100,,7923,44,,,1,100,,7924,44,,,1,100,,7920,44,,,1,100,,7916,44,,,1,102,,7921,44,,,1,100,,7917,44,,,1,101,,7922,44,,,1,100,,7911,44,,,1,98,,7913,44,,,1,100,,7909,44,,,1,99,,7914,44,,,1,100,,7907,44,,,1,100,,7908,44,,,1,99,,7910,44,,,1,101,,7912,44,,,1,95,,7915,44,,,1
3103,'SEM',649,,7946,44,,,1,100,,7944,44,,,1,101,,7945,44,,,1,101,,7925,44,,,1,101,,7926,44,,,1,100,,7928,44,,,1,100,,7947,44,,,1,100,,7927,44,,,1,102,,7932,44,,,1,98,,7933,44,,,1,51,,7934,44,,,1,37,,7929,44,,,1,69,,7938,44,,,1,40,,7935,44,,,1,68,,7931,44,,,1,36,,7943,44,,,1,69,,7930,44,,,1,36,,7942,44,,,1,100,,7936,44,,,1,101,,7939,44,,,1,99,,7940,44,,,1,96,,7937,44,,,1,154,,7941,44,,,1
3903,'DIM',856,,1407,55,,,1,100,,8236,65,,,1,70,,8241,65,,,1,31,,8242,65,,,1,70,,8239,65,,,1,74,,8240,65,,,1,26,,8243,65,,,1,29,,8233,65,,,1,71,,8237,65,,,1,30,,8234,65,,,1,71,,8220,65,,,1,30,,8223,65,,,1,72,,8226,65,,,1,70,,8238,65,,,1,31,,8227,65,,,1,70,,8228,65,,,1,25,,8229,65,,,1,18,,8235,65,,,1,10,,8230,65,,,1,64,,8224,65,,,1,25,,8231,65,,,1,98,,8221,65,,,1,100,,8232,65,,,1,98,,8222,65,,,1,104,,8225,65,,,1
3903,'SAM',856,,8268,55,,,1,100,,8263,65,,,1,70,,8267,65,,,1,31,,8244,65,,,1,70,,8258,65,,,1,74,,8261,65,,,1,26,,8260,65,,,1,30,,8245,65,,,1,70,,8259,65,,,1,30,,8262,65,,,1,71,,8246,65,,,1,30,,8265,65,,,1,72,,8249,65,,,1,70,,8250,65,,,1,31,,8252,65,,,1,70,,8266,65,,,1,25,,8253,65,,,1,18,,8264,65,,,1,11,,8251,65,,,1,63,,8248,65,,,1,29,,8247,65,,,1,96,,8255,65,,,1,98,,8254,65,,,1,98,,8257,65,,,1,104,,8256,65,,,1
3903,'SEM',748,,8291,65,,,1,101,,8273,65,,,1,104,,8271,65,,,1,72,,8275,65,,,1,29,,8292,65,,,1,71,,8293,65,,,1,29,,8286,65,,,1,71,,8290,65,,,1,28,,8294,65,,,1,78,,8270,65,,,1,73,,8277,65,,,1,27,,8279,65,,,1,72,,8280,65,,,1,35,,8269,65,,,1,78,,8287,65,,,1,23,,8281,65,,,1,68,,8272,65,,,1,25,,8274,65,,,1,73,,8282,65,,,1,39,,8283,65,,,1,79,,8276,65,,,1,98,,8278,65,,,1,95,,8284,65,,,1,103,,8288,65,,,1,95,,8285,65,,,1,87,,8289,65,,,1
4503,'DIM',700,,8950,43,,,1,100,,8960,43,,,1,101,,8958,43,,,1,99,,8964,43,,,1,101,,8959,43,,,1,58,,8962,43,,,1,145,,8952,43,,,1,101,,8956,43,,,1,98,,8949,43,,,1,102,,8947,43,,,1,52,,8961,43,,,1,102,,8963,43,,,1,143,,8948,43,,,1,102,,8957,43,,,1,101,,8951,43,,,1,99,,8954,43,,,1,99,,8955,43,,,1,101,,8953,43,,,1
4503,'SAM',700,,8978,43,,,1,100,,8974,43,,,1,101,,8977,43,,,1,99,,8976,43,,,1,101,,8966,43,,,1,57,,8975,43,,,1,146,,8979,43,,,1,100,,8970,43,,,1,101,,8981,43,,,1,101,,8980,43,,,1,51,,8982,43,,,1,145,,8965,43,,,1,100,,8972,43,,,1,102,,8967,43,,,1,101,,8971,43,,,1,99,,8969,43,,,1,99,,8973,43,,,1,101,,8968,43,,,1
4503,'SEM',651,,8988,43,,,1,58,,8986,43,,,1,34,,8983,43,,,1,68,,9003,43,,,1,25,,8987,43,,,1,79,,8985,43,,,1,25,,9004,43,,,1,110,,9002,43,,,1,100,,8991,43,,,1,95,,8989,43,,,1,100,,9005,43,,,1,103,,8984,43,,,1,106,,9006,43,,,1,68,,8993,43,,,1,87,,8996,43,,,1,18,,8990,43,,,1,17,,8997,43,,,1,71,,8999,43,,,1,39,,8995,43,,,1,98,,8994,43,,,1,100,,8998,43,,,1,100,,9001,43,,,1,99,,8992,43,,,1,95,,9000,43,,,1
