202,'SAM',2624,,6879,18,,,1,81,,6880,18,,,1
202,'SEM',524,,6885,18,,,1,30,,6886,18,,,1,55,,6881,18,,,1,1999,,6882,18,,,1,41,,6883,18,,,1,81,,6884,18,,,1
3303,'DIM',705,,8014,50,,,1,132,,8018,50,,,1,172,,8016,50,,,1,132,,8013,50,,,1,168,,8015,50,,,1,130,,8010,50,,,1,170,,8017,50,,,1,133,,8019,50,,,1,166,,8020,50,,,1,130,,8012,50,,,1,169,,8011,50,,,1
3303,'SAM',705,,8024,50,,,1,132,,8025,50,,,1,172,,8027,50,,,1,132,,8028,50,,,1,168,,8029,50,,,1,130,,8026,50,,,1,170,,8031,50,,,1,136,,8030,50,,,1,163,,8022,50,,,1,130,,8023,50,,,1,169,,8021,50,,,1
3303,'SEM',554,,8053,27,,,1,81,,8043,50,,,1,73,,8054,27,,,1,25,,8044,50,,,1,74,,8033,50,,,1,26,,8051,50,,,1,100,,8050,50,,,1,100,,8045,50,,,1,100,,8048,50,,,1,94,,8036,50,,,1,106,,8047,50,,,1,100,,8032,50,,,1,87,,8049,50,,,1,33,,8052,50,,,1,66,,8046,50,,,1,99,,8034,50,,,1,28,,8035,50,,,1,74,,8041,50,,,1,81,,8037,50,,,1,31,,8039,50,,,1,103,,8038,50,,,1,103,,8042,50,,,1,104,,8040,50,,,1
4202,'DIM',516,,8661,89,,,2,42,,8702,89,,,2,66,,8672,89,,,2,30,,8660,89,,,2,71,,8684,89,,,2,30,,8682,89,,,2,73,,8703,89,,,2,72,,8687,89,,,2,32,,8683,89,,,2,72,,8691,89,,,2,31,,8695,89,,,2,23,,8701,89,,,2,62,,8697,89,,,2,21,,8688,89,,,2,62,,8693,89,,,2,19,,8689,89,,,2,20,,8692,89,,,2,58,,8677,89,,,2,23,,8680,89,,,2,20,,8679,89,,,2,62,,8681,89,,,2,19,,8686,89,,,2,20,,8685,89,,,2,58,,8705,89,,,2,22,,8698,89,,,2,21,,8694,89,,,2,61,,8690,89,,,2,21,,8700,89,,,2,19,,8665,89,,,2,60,,8666,89,,,2,21,,8667,89,,,2,23,,8699,89,,,2,76,,8696,89,,,2,74,,8704,89,,,2,29,,8676,89,,,2,30,,8663,89,,,2,72,,8662,89,,,2,70,,8671,89,,,2,27,,8659,89,,,2,27,,8668,89,,,2,68,,8678,89,,,2,28,,8664,89,,,2,70,,8670,89,,,2,30,,8674,89,,,2,67,,8675,89,,,2,29,,8669,89,,,2,76,,8673,89,,,2
4202,'SAM',516,,8708,89,,,2,42,,8710,89,,,2,66,,8728,89,,,2,30,,8706,89,,,2,71,,8736,89,,,2,30,,8734,89,,,2,73,,8711,89,,,2,72,,8742,89,,,2,32,,8738,89,,,2,72,,8737,89,,,2,31,,8741,89,,,2,23,,8753,89,,,2,62,,8747,89,,,2,21,,8751,89,,,2,61,,8746,89,,,2,20,,8749,89,,,2,20,,8731,89,,,2,58,,8744,89,,,2,22,,8735,89,,,2,21,,8727,89,,,2,61,,8733,89,,,2,20,,8707,89,,,2,20,,8740,89,,,2,58,,8739,89,,,2,22,,8732,89,,,2,21,,8743,89,,,2,61,,8709,89,,,2,20,,8745,89,,,2,19,,8748,89,,,2,61,,8714,89,,,2,21,,8750,89,,,2,23,,8752,89,,,2,75,,8720,89,,,2,34,,8722,89,,,2,70,,8724,89,,,2,30,,8726,89,,,2,75,,8712,89,,,2,67,,8715,89,,,2,27,,8729,89,,,2,27,,8717,89,,,2,68,,8719,89,,,2,31,,8713,89,,,2,66,,8716,89,,,2,30,,8718,89,,,2,68,,8721,89,,,2,29,,8723,89,,,2,76,,8725,89,,,2,30,,8730,89,,,2
4202,'SEM',517,,8792,89,,,2,97,,8794,89,,,2,34,,8798,89,,,2,56,,8801,89,,,2,16,,8754,89,,,2,10,,8756,89,,,2,11,,8759,89,,,2,9,,8762,89,,,2,50,,8800,89,,,2,12,,8797,89,,,2,21,,8757,89,,,2,18,,8771,89,,,2,61,,8758,89,,,2,22,,8802,89,,,2,22,,8799,89,,,2,59,,8760,89,,,2,21,,8793,89,,,2,20,,8755,89,,,2,59,,8796,89,,,2,21,,8764,89,,,2,20,,8787,89,,,2,61,,8795,89,,,2,24,,8765,89,,,2,17,,11969,89,,,2,64,,8767,89,,,2,20,,8769,89,,,2,61,,8770,89,,,2,23,,8763,89,,,2,17,,8772,89,,,2,61,,8773,89,,,2,20,,8774,89,,,2,21,,8761,89,,,2,61,,8776,89,,,2,20,,8803,89,,,2,20,,8779,89,,,2,60,,8780,89,,,2,20,,8781,89,,,2,21,,8783,89,,,2,57,,11965,89,,,2,22,,8786,89,,,2,20,,8766,89,,,2,63,,8775,89,,,2,24,,8768,89,,,2,19,,8790,89,,,2,70,,11968,89,,,2,85,,11967,89,,,2,36,,8791,89,,,2,67,,8777,89,,,2,29,,8778,89,,,2,68,,8782,89,,,2,26,,8784,89,,,2,76,,8789,89,,,2,26,,11966,89,,,2,71,,8788,89,,,2
6303,'DIM',743,,10176,21,,,1,100,,10178,21,,,1,102,,10169,21,,,1,96,,10177,21,,,1,103,,10181,21,,,1,96,,10179,21,,,1,103,,10182,21,,,1,103,,10180,21,,,1,101,,10183,21,,,1,100,,10184,21,,,1,100,,10170,21,,,1,98,,10166,21,,,1,99,,10167,21,,,1,99,,10172,21,,,1,100,,10168,21,,,1,100,,10173,21,,,1,99,,10171,21,,,1,100,,10174,21,,,1,99,,10175,21,,,1
6303,'SAM',642,,10198,21,,,1,101,,10202,21,,,1,100,,10199,21,,,1,102,,10197,21,,,1,96,,10201,21,,,1,103,,10200,21,,,1,96,,10204,21,,,1,103,,10203,21,,,1,103,,10185,21,,,1,103,,10186,21,,,1,98,,10187,21,,,1,100,,10189,21,,,1,98,,10188,21,,,1,99,,10193,21,,,1,99,,10190,21,,,1,100,,10191,21,,,1,100,,10194,21,,,1,99,,10192,21,,,1,100,,10195,21,,,1,99,,10196,21,,,1
6303,'SEM',602,,10220,21,,,1,20,,10230,21,,,1,16,,10231,21,,,1,76,,10237,21,,,1,14,,10235,21,,,1,74,,10209,21,,,1,23,,10211,21,,,1,34,,10212,21,,,1,73,,10205,21,,,1,25,,10208,21,,,1,73,,10234,21,,,1,27,,10222,21,,,1,70,,10238,21,,,1,26,,10232,21,,,1,78,,10206,21,,,1,27,,10207,21,,,1,70,,10236,21,,,1,30,,10233,21,,,1,72,,10239,21,,,1,72,,10214,21,,,1,26,,10213,21,,,1,74,,10218,21,,,1,19,,10216,21,,,1,25,,10210,21,,,1,73,,10219,21,,,1,81,,10217,21,,,1,58,,10215,21,,,1,81,,10223,21,,,1,93,,10226,21,,,1,95,,10221,21,,,1,88,,10224,21,,,1,106,,10225,21,,,1,99,,10229,21,,,1,104,,10227,21,,,1,94,,10228,21,,,1
34503,'SEM',439,,11786,18,,,1,100,,11787,18,,,1
