1703,'DIM',624,,6972,23,,,1,89,,6965,23,,,1,100,,100,23,,,1,101,,6967,23,,,1,97,,6968,23,,,1,101,,6964,23,,,1,100,,6970,23,,,1,99,,6966,23,,,1,102,,6969,23,,,1,100,,6971,23,,,1,102,,6954,23,,,1,98,,6958,23,,,1,99,,6957,23,,,1,101,,6956,23,,,1,98,,6959,23,,,1,99,,6962,23,,,1,101,,6955,23,,,1,100,,6960,23,,,1,102,,6961,23,,,1,119,,6963,23,,,1
1703,'SAM',546,,6984,23,,,1,78,,6990,23,,,1,89,,121,23,,,1,100,,6981,23,,,1,101,,6983,23,,,1,97,,6985,23,,,1,100,,6989,23,,,1,101,,6987,23,,,1,100,,6982,23,,,1,101,,6988,23,,,1,100,,6986,23,,,1,102,,6991,23,,,1,99,,6992,23,,,1,99,,6973,23,,,1,100,,6978,23,,,1,98,,6975,23,,,1,99,,6974,23,,,1,101,,6976,23,,,1,100,,6979,23,,,1,102,,6980,23,,,1,119,,6977,23,,,1
1703,'SEM',606,,7010,23,,,1,103,,7012,23,,,1,105,,7011,23,,,1,96,,6996,23,,,1,101,,7009,23,,,1,100,,7008,23,,,1,100,,7014,23,,,1,101,,6997,23,,,1,100,,6994,23,,,1,98,,7013,23,,,1,35,,7016,23,,,1,60,,7015,23,,,1,36,,6993,23,,,1,63,,7004,23,,,1,38,,6995,23,,,1,79,,6998,23,,,1,30,,7001,23,,,1,68,,7006,23,,,1,99,,7007,23,,,1,100,,6999,23,,,1,100,,7000,23,,,1,100,,7002,23,,,1,99,,7003,23,,,1,103,,7005,23,,,1
3103,'DIM',643,,7902,25,,,1,100,,7901,25,,,1,99,,1058,25,,,1,99,,7906,25,,,1,99,,7905,25,,,1,100,,7903,25,,,1,102,,7892,25,,,1,101,,7904,25,,,1,99,,7891,25,,,1,102,,7890,25,,,1,99,,7895,25,,,1,98,,7897,25,,,1,103,,7896,25,,,1,96,,7898,25,,,1,101,,7894,25,,,1,100,,7893,25,,,1,100,,7899,25,,,1,101,,7900,25,,,1
3103,'SAM',643,,7919,25,,,1,100,,7918,25,,,1,99,,1075,25,,,1,99,,7923,25,,,1,99,,7924,25,,,1,100,,7920,25,,,1,100,,7916,25,,,1,102,,7921,25,,,1,100,,7917,25,,,1,102,,7922,25,,,1,100,,7911,25,,,1,98,,7913,25,,,1,100,,7909,25,,,1,99,,7914,25,,,1,100,,7907,25,,,1,100,,7908,25,,,1,100,,7910,25,,,1,102,,7912,25,,,1,95,,7915,25,,,1
3103,'SEM',639,,7946,25,,,1,99,,7944,25,,,1,100,,7945,25,,,1,101,,7925,25,,,1,101,,7926,25,,,1,100,,7928,25,,,1,100,,7947,25,,,1,100,,7927,25,,,1,101,,7932,25,,,1,98,,7933,25,,,1,11,,7934,25,,,1,77,,7929,25,,,1,29,,7938,25,,,1,80,,7935,25,,,1,69,,7931,25,,,1,36,,7943,25,,,1,69,,7930,25,,,1,36,,7942,25,,,1,100,,7936,25,,,1,101,,7939,25,,,1,100,,7940,25,,,1,97,,7937,25,,,1,114,,7941,25,,,1
7303,'DIM',658,,10755,23,,,1,100,,10752,23,,,1,100,,10753,23,,,1,98,,10756,23,,,1,100,,10759,23,,,1,100,,10754,23,,,1,100,,10757,23,,,1,102,,10751,23,,,1,99,,10758,23,,,1,102,,10760,23,,,1,99,,10745,23,,,1,99,,10742,23,,,1,101,,10748,23,,,1,98,,10744,23,,,1,100,,10743,23,,,1,100,,10746,23,,,1,100,,10747,23,,,1,102,,10750,23,,,1,145,,10749,23,,,1
7303,'SAM',604,,10775,23,,,1,54,,10772,23,,,1,100,,10771,23,,,1,100,,10776,23,,,1,98,,10778,23,,,1,101,,10774,23,,,1,99,,10764,23,,,1,100,,10777,23,,,1,102,,10773,23,,,1,99,,10779,23,,,1,102,,10780,23,,,1,141,,10763,23,,,1,58,,10761,23,,,1,99,,10762,23,,,1,99,,10766,23,,,1,100,,10765,23,,,1,100,,4040,23,,,1,100,,10767,23,,,1,102,,4041,23,,,1,145,,10768,23,,,1,100,,10770,23,,,1,100,,10769,23,,,1
7303,'SEM',551,,10817,23,,,1,66,,10814,23,,,1,39,,10813,23,,,1,50,,10818,23,,,1,39,,10807,23,,,1,56,,10783,23,,,1,43,,10815,23,,,1,12,,10782,23,,,1,70,,10800,23,,,1,31,,10816,23,,,1,69,,10784,23,,,1,31,,10789,23,,,1,69,,10799,23,,,1,32,,10790,23,,,1,69,,10819,23,,,1,30,,10785,23,,,1,70,,10788,23,,,1,30,,10794,23,,,1,70,,10781,23,,,1,30,,10791,23,,,1,75,,10820,23,,,1,25,,10801,23,,,1,55,,10793,23,,,1,21,,10786,23,,,1,16,,10787,23,,,1,63,,10797,23,,,1,16,,10795,23,,,1,30,,10808,23,,,1,55,,10796,23,,,1,16,,10792,23,,,1,72,,10802,23,,,1,30,,10805,23,,,1,72,,10798,23,,,1,99,,10810,23,,,1,100,,10803,23,,,1,99,,10809,23,,,1,100,,10804,23,,,1,41,,10806,23,,,1,95,,10811,23,,,1,121,,10812,23,,,1
7401,'DIM',728,,10911,23,,,2,99,,10912,23,,,2,102,,10915,23,,,2,97,,10914,23,,,2,101,,10916,23,,,2,100,,10913,23,,,2,101,,10910,23,,,2,99,,10909,23,,,2,102,,10917,23,,,2,99,,10903,23,,,2,102,,10904,23,,,2,99,,10906,23,,,2,98,,10907,23,,,2,99,,10908,23,,,2,101,,10902,23,,,2,99,,10901,23,,,2,101,,10905,23,,,2
7401,'SAM',728,,10926,23,,,2,99,,10928,23,,,2,102,,10927,23,,,2,98,,10930,23,,,2,100,,10932,23,,,2,100,,10934,23,,,2,102,,10929,23,,,2,98,,10933,23,,,2,101,,10931,23,,,2,100,,10918,23,,,2,101,,10921,23,,,2,101,,10923,23,,,2,98,,10922,23,,,2,98,,10924,23,,,2,101,,10919,23,,,2,99,,10925,23,,,2,101,,10920,23,,,2
7401,'SEM',631,,10950,23,,,2,95,,10935,23,,,2,101,,10949,23,,,2,103,,10939,23,,,2,101,,10940,23,,,2,101,,10953,23,,,2,99,,10938,23,,,2,101,,10952,23,,,2,100,,10951,23,,,2,93,,10937,23,,,2,94,,10941,23,,,2,101,,10936,23,,,2,30,,10943,23,,,2,84,,10948,23,,,2,99,,10942,23,,,2,101,,10945,23,,,2,100,,10946,23,,,2,99,,10944,23,,,2,100,,10954,23,,,2,95,,10947,23,,,2
