6304,'DIM',726,,10251,8,,,1,100,,10247,8,,,1,101,,10249,8,,,1,101,,10243,8,,,1,98,,10248,8,,,1,103,,10253,8,,,1,96,,10250,8,,,1,103,,10254,8,,,1,103,,10252,8,,,1,100,,10255,8,,,1,100,,10256,8,,,1,100,,10244,8,,,1,99,,10240,8,,,1,99,,10241,8,,,1,99,,10245,8,,,1,99,,10242,8,,,1,99,,10246,8,,,1
6304,'SAM',626,,10270,8,,,1,100,,10268,8,,,1,100,,10273,8,,,1,101,,10269,8,,,1,101,,10267,8,,,1,98,,10272,8,,,1,103,,10271,8,,,1,96,,10275,8,,,1,103,,10274,8,,,1,103,,10257,8,,,1,102,,10258,8,,,1,98,,10259,8,,,1,100,,10261,8,,,1,99,,10260,8,,,1,99,,10265,8,,,1,99,,10262,8,,,1,99,,10263,8,,,1,99,,10266,8,,,1,99,,10264,8,,,1
6304,'SEM',441,,10303,8,,,1,110,,10299,8,,,1,70,,10308,8,,,1,31,,10291,8,,,1,55,,10302,8,,,1,27,,10305,8,,,1,66,,10307,8,,,1,19,,10306,8,,,1,30,,10280,8,,,1,69,,10281,8,,,1,31,,10282,8,,,1,70,,10276,8,,,1,25,,10279,8,,,1,70,,10304,8,,,1,31,,10294,8,,,1,70,,10287,8,,,1,26,,10300,8,,,1,78,,10277,8,,,1,27,,10278,8,,,1,71,,10288,8,,,1,30,,10301,8,,,1,77,,10309,8,,,1,30,,10284,8,,,1,64,,10283,8,,,1,36,,10289,8,,,1,57,,10286,8,,,1,29,,10295,8,,,1,70,,10290,8,,,1,37,,10293,8,,,1,98,,10285,8,,,1,80,,10296,8,,,1,91,,10298,8,,,1,94,,10292,8,,,1,99,,10297,8,,,1
6504,'DIM',653,,10395,8,,,2,101,,10393,8,,,2,101,,10396,8,,,2,101,,10398,8,,,2,101,,10400,8,,,2,102,,10397,8,,,2,98,,10394,8,,,2,102,,10402,8,,,2,146,,10399,8,,,2,96,,10401,8,,,2,58,,10388,8,,,2,142,,10390,8,,,2,57,,10389,8,,,2,99,,10391,8,,,2,100,,10392,8,,,2,98,,10386,8,,,2,100,,10387,8,,,2
6504,'SAM',653,,10413,8,,,2,101,,10412,8,,,2,101,,10416,8,,,2,101,,10415,8,,,2,101,,10417,8,,,2,101,,10419,8,,,2,98,,10420,8,,,2,103,,10418,8,,,2,145,,10414,8,,,2,97,,10403,8,,,2,58,,10405,8,,,2,142,,10408,8,,,2,99,,10409,8,,,2,57,,10411,8,,,2,100,,10410,8,,,2,98,,10407,8,,,2,100,,10404,8,,,2,100,,10406,8,,,2
6504,'SEM',511,,10442,8,,,2,45,,10452,8,,,2,65,,10423,8,,,2,20,,10432,8,,,2,15,,10439,8,,,2,52,,10450,8,,,2,10,,10422,8,,,2,10,,10451,8,,,2,10,,10447,8,,,2,63,,10424,8,,,2,30,,10426,8,,,2,72,,10441,8,,,2,30,,10455,8,,,2,73,,10427,8,,,2,30,,10428,8,,,2,67,,10444,8,,,2,34,,10429,8,,,2,66,,10454,8,,,2,40,,10448,8,,,2,60,,10449,8,,,2,30,,10453,8,,,2,70,,10431,8,,,2,30,,10434,8,,,2,76,,10425,8,,,2,26,,10438,8,,,2,80,,10440,8,,,2,35,,10421,8,,,2,60,,10433,8,,,2,26,,10430,8,,,2,78,,10443,8,,,2,32,,10445,8,,,2,86,,10436,8,,,2,100,,10435,8,,,2,100,,10437,8,,,2,100,,12001,8,,,2,99,,12002,8,,,2,99,,10446,8,,,2
7303,'DIM',712,,10755,49,,,1,100,,10752,49,,,1,103,,10753,49,,,1,98,,10756,49,,,1,100,,10759,49,,,1,100,,10754,49,,,1,101,,10757,49,,,1,102,,10751,49,,,1,99,,10758,49,,,1,102,,10760,49,,,1,99,,10745,49,,,1,99,,10742,49,,,1,100,,10748,49,,,1,97,,10744,49,,,1,100,,10743,49,,,1,100,,10746,49,,,1,98,,10747,49,,,1,102,,10750,49,,,1,105,,10749,49,,,1
7303,'SAM',618,,10775,49,,,1,94,,10772,49,,,1,100,,10771,49,,,1,103,,10776,49,,,1,98,,10778,49,,,1,101,,10774,49,,,1,99,,10764,49,,,1,101,,10777,49,,,1,102,,10773,49,,,1,99,,10779,49,,,1,102,,10780,49,,,1,101,,10763,49,,,1,98,,10761,49,,,1,98,,10762,49,,,1,98,,10766,49,,,1,100,,10765,49,,,1,100,,4040,49,,,1,98,,10767,49,,,1,102,,4041,49,,,1,105,,10768,49,,,1,100,,10770,49,,,1,100,,10769,49,,,1
7303,'SEM',606,,10817,49,,,1,26,,10814,49,,,1,80,,10813,49,,,1,10,,10818,49,,,1,79,,10807,49,,,1,16,,10783,49,,,1,83,,10815,49,,,1,12,,10782,49,,,1,31,,10800,49,,,1,71,,10816,49,,,1,29,,10784,49,,,1,71,,10789,49,,,1,29,,10799,49,,,1,72,,10790,49,,,1,30,,10819,49,,,1,70,,10785,49,,,1,30,,10788,49,,,1,70,,10794,49,,,1,31,,10781,49,,,1,70,,10791,49,,,1,35,,10820,49,,,1,65,,10801,49,,,1,15,,10793,49,,,1,22,,10786,49,,,1,56,,10787,49,,,1,23,,10797,49,,,1,16,,10795,49,,,1,68,,10808,49,,,1,14,,10796,49,,,1,16,,10792,49,,,1,72,,10802,49,,,1,30,,10805,49,,,1,72,,10798,49,,,1,99,,10810,49,,,1,100,,10803,49,,,1,98,,10809,49,,,1,98,,10804,49,,,1,41,,10806,49,,,1,95,,10811,49,,,1,161,,10812,49,,,1
15104,'DIM',601,,11494,9,,,2,55,,11514,9,,,2,65,,11507,9,,,2,26,,11511,9,,,2,72,,11495,9,,,2,32,,11506,9,,,2,69,,11515,9,,,2,32,,11508,9,,,2,72,,11512,9,,,2,33,,11517,9,,,2,71,,11516,9,,,2,31,,11519,9,,,2,73,,11513,9,,,2,74,,11510,9,,,2,32,,11518,9,,,2,72,,11489,9,,,2,33,,11509,9,,,2,73,,11497,9,,,2,32,,11520,9,,,2,71,,11521,9,,,2,37,,11490,9,,,2,71,,11502,9,,,2,31,,11504,9,,,2,70,,11492,9,,,2,73,,11499,9,,,2,30,,11500,9,,,2,70,,11503,9,,,2,27,,11491,9,,,2,29,,11493,9,,,2,71,,11496,9,,,2,99,,11498,9,,,2,99,,11501,9,,,2,74,,11505,9,,,2
15104,'SAM',601,,11538,9,,,2,55,,11546,9,,,2,65,,11541,9,,,2,26,,11543,9,,,2,72,,11539,9,,,2,32,,11540,9,,,2,70,,11547,9,,,2,31,,11542,9,,,2,72,,11544,9,,,2,33,,11550,9,,,2,71,,11549,9,,,2,31,,11551,9,,,2,73,,11545,9,,,2,74,,11537,9,,,2,32,,11531,9,,,2,72,,11552,9,,,2,33,,11548,9,,,2,73,,11522,9,,,2,32,,11554,9,,,2,71,,11526,9,,,2,37,,11553,9,,,2,71,,11529,9,,,2,31,,11523,9,,,2,70,,11524,9,,,2,73,,11535,9,,,2,30,,11528,9,,,2,70,,11530,9,,,2,27,,11534,9,,,2,29,,11525,9,,,2,71,,11536,9,,,2,99,,11527,9,,,2,99,,11533,9,,,2,74,,11532,9,,,2
15104,'SEM',437,,11590,9,,,2,70,,11572,9,,,2,20,,11588,9,,,2,25,,11591,9,,,2,60,,11593,9,,,2,11,,11597,9,,,2,25,,11556,9,,,2,64,,11573,9,,,2,11,,11589,9,,,2,26,,11564,9,,,2,10,,11592,9,,,2,71,,11598,9,,,2,19,,11563,9,,,2,60,,11586,9,,,2,20,,11594,9,,,2,21,,11559,9,,,2,60,,11584,9,,,2,19,,11596,9,,,2,20,,11599,9,,,2,61,,11557,9,,,2,20,,11587,9,,,2,20,,11565,9,,,2,60,,11567,9,,,2,20,,11595,9,,,2,20,,11561,9,,,2,65,,11569,9,,,2,16,,11570,9,,,2,24,,11560,9,,,2,60,,11575,9,,,2,20,,11555,9,,,2,20,,11562,9,,,2,61,,11576,9,,,2,20,,11558,9,,,2,22,,11571,9,,,2,61,,11574,9,,,2,32,,11577,9,,,2,65,,11566,9,,,2,39,,11578,9,,,2,87,,11568,9,,,2,105,,11583,9,,,2,105,,11579,9,,,2,96,,11581,9,,,2,100,,11580,9,,,2,97,,11582,9,,,2,160,,11585,9,,,2
