1602,'SEM',655,,6951,2,,,1,64,,6953,2,,,1,24,,6948,2,,,1,70,,6950,2,,,1,29,,6952,2,,,1,76,,6949,2,,,1
3904,'DIM',851,,8313,63,,,1,153,,8307,63,,,1,42,,8314,63,,,1,70,,8317,63,,,1,34,,8308,63,,,1,67,,8306,63,,,1,33,,8316,63,,,1,69,,8311,63,,,1,35,,8300,63,,,1,67,,8315,63,,,1,30,,8309,63,,,1,71,,8310,63,,,1,32,,8299,63,,,1,69,,8312,63,,,1,31,,8295,63,,,1,71,,8296,63,,,1,27,,8301,63,,,1,68,,8302,63,,,1,29,,8303,63,,,1,83,,8304,63,,,1,97,,8297,63,,,1,100,,8305,63,,,1,99,,8298,63,,,1
3904,'SAM',851,,8333,63,,,1,153,,8326,63,,,1,42,,8337,63,,,1,70,,8327,63,,,1,31,,8318,63,,,1,70,,8324,63,,,1,36,,8330,63,,,1,66,,8328,63,,,1,35,,8334,63,,,1,67,,8325,63,,,1,30,,8331,63,,,1,71,,8332,63,,,1,31,,8338,63,,,1,70,,8329,63,,,1,32,,8335,63,,,1,64,,8336,63,,,1,33,,8339,63,,,1,68,,8340,63,,,1,29,,8319,63,,,1,86,,8320,63,,,1,96,,8322,63,,,1,98,,8321,63,,,1,99,,8323,63,,,1
3904,'SEM',645,,8364,63,,,1,67,,8357,63,,,1,15,,8363,63,,,1,11,,8345,63,,,1,72,,8360,63,,,1,31,,8341,63,,,1,71,,8358,63,,,1,30,,8365,63,,,1,75,,8343,63,,,1,28,,8344,63,,,1,73,,8355,63,,,1,30,,8359,63,,,1,71,,8361,63,,,1,28,,8352,63,,,1,72,,8356,63,,,1,27,,8362,63,,,1,78,,8342,63,,,1,34,,8347,63,,,1,70,,8349,63,,,1,72,,8350,63,,,1,101,,8366,63,,,1,109,,8353,63,,,1,97,,8354,63,,,1,103,,8346,63,,,1,100,,8348,63,,,1,93,,8351,63,,,1
4002,'DIM',755,,8442,2,,,1,101,,8451,2,,,1,100,,8453,2,,,1,99,,8454,2,,,1,99,,8452,2,,,1,101,,8455,2,,,1,101,,8450,2,,,1,100,,8449,2,,,1,100,,8439,2,,,1,103,,8445,2,,,1,97,,8448,2,,,1,100,,8446,2,,,1,100,,8441,2,,,1,100,,8440,2,,,1,99,,8443,2,,,1,100,,8444,2,,,1,94,,8447,2,,,1
4002,'SAM',655,,8462,2,,,1,100,,1633,2,,,1,101,,8470,2,,,1,100,,8467,2,,,1,95,,8468,2,,,1,104,,8466,2,,,1,100,,8471,2,,,1,101,,8469,2,,,1,99,,8463,2,,,1,101,,8472,2,,,1,103,,8456,2,,,1,97,,8464,2,,,1,100,,8457,2,,,1,100,,8459,2,,,1,100,,8465,2,,,1,99,,8458,2,,,1,100,,8460,2,,,1,94,,8461,2,,,1
4002,'SEM',627,,8476,2,,,1,85,,8504,2,,,1,23,,8502,2,,,1,17,,8491,2,,,1,69,,8481,2,,,1,24,,8475,2,,,1,77,,8477,2,,,1,30,,8482,2,,,1,70,,8499,2,,,1,30,,8483,2,,,1,70,,8501,2,,,1,30,,8498,2,,,1,70,,8479,2,,,1,30,,8500,2,,,1,75,,8474,2,,,1,75,,8480,2,,,1,20,,8478,2,,,1,30,,8473,2,,,1,70,,8487,2,,,1,30,,8503,2,,,1,71,,8488,2,,,1,29,,8484,2,,,1,76,,8492,2,,,1,73,,8485,2,,,1,32,,8493,2,,,1,70,,8490,2,,,1,29,,8494,2,,,1,100,,8489,2,,,1,100,,8486,2,,,1,105,,8495,2,,,1,89,,8496,2,,,1,100,,8497,2,,,1
4202,'DIM',519,,8661,93,,,2,82,,8702,93,,,2,26,,8672,93,,,2,30,,8660,93,,,2,71,,8684,93,,,2,30,,8682,93,,,2,73,,8703,93,,,2,72,,8687,93,,,2,33,,8683,93,,,2,72,,8691,93,,,2,31,,8695,93,,,2,63,,8701,93,,,2,22,,8697,93,,,2,22,,8688,93,,,2,62,,8693,93,,,2,19,,8689,93,,,2,20,,8692,93,,,2,58,,8677,93,,,2,23,,8680,93,,,2,20,,8679,93,,,2,62,,8681,93,,,2,19,,8686,93,,,2,20,,8685,93,,,2,58,,8705,93,,,2,22,,8698,93,,,2,21,,8694,93,,,2,61,,8690,93,,,2,21,,8700,93,,,2,19,,8665,93,,,2,60,,8666,93,,,2,21,,8667,93,,,2,23,,8699,93,,,2,75,,8696,93,,,2,73,,8704,93,,,2,29,,8676,93,,,2,70,,8663,93,,,2,32,,8662,93,,,2,70,,8671,93,,,2,27,,8659,93,,,2,27,,8668,93,,,2,68,,8678,93,,,2,28,,8664,93,,,2,70,,8670,93,,,2,30,,8674,93,,,2,67,,8675,93,,,2,29,,8669,93,,,2,76,,8673,93,,,2
4202,'SAM',519,,8708,93,,,2,82,,8710,93,,,2,26,,8728,93,,,2,30,,8706,93,,,2,71,,8736,93,,,2,30,,8734,93,,,2,73,,8711,93,,,2,72,,8742,93,,,2,33,,8738,93,,,2,72,,8737,93,,,2,31,,8741,93,,,2,63,,8753,93,,,2,22,,8747,93,,,2,22,,8751,93,,,2,61,,8746,93,,,2,20,,8749,93,,,2,20,,8731,93,,,2,58,,8744,93,,,2,22,,8735,93,,,2,21,,8727,93,,,2,61,,8733,93,,,2,20,,8707,93,,,2,20,,8740,93,,,2,58,,8739,93,,,2,22,,8732,93,,,2,21,,8743,93,,,2,61,,8709,93,,,2,20,,8745,93,,,2,19,,8748,93,,,2,61,,8714,93,,,2,21,,8750,93,,,2,23,,8752,93,,,2,74,,8720,93,,,2,73,,8722,93,,,2,30,,8724,93,,,2,70,,8726,93,,,2,35,,8712,93,,,2,67,,8715,93,,,2,27,,8729,93,,,2,27,,8717,93,,,2,68,,8719,93,,,2,31,,8713,93,,,2,66,,8716,93,,,2,30,,8718,93,,,2,68,,8721,93,,,2,29,,8723,93,,,2,76,,8725,93,,,2,30,,8730,93,,,2
4202,'SEM',520,,8792,93,,,2,97,,8794,93,,,2,34,,8798,93,,,2,57,,8801,93,,,2,17,,8754,93,,,2,10,,8756,93,,,2,11,,8759,93,,,2,9,,8762,93,,,2,50,,8800,93,,,2,12,,8797,93,,,2,21,,8757,93,,,2,18,,8771,93,,,2,61,,8758,93,,,2,22,,8802,93,,,2,62,,8799,93,,,2,19,,8760,93,,,2,21,,8793,93,,,2,60,,8755,93,,,2,19,,8796,93,,,2,21,,8764,93,,,2,60,,8787,93,,,2,21,,8795,93,,,2,24,,8765,93,,,2,57,,11969,93,,,2,24,,8767,93,,,2,20,,8769,93,,,2,61,,8770,93,,,2,23,,8763,93,,,2,17,,8772,93,,,2,61,,8773,93,,,2,20,,8774,93,,,2,21,,8761,93,,,2,61,,8776,93,,,2,20,,8803,93,,,2,20,,8779,93,,,2,60,,8780,93,,,2,20,,8781,93,,,2,21,,8783,93,,,2,57,,11965,93,,,2,21,,8786,93,,,2,20,,8766,93,,,2,62,,8775,93,,,2,24,,8768,93,,,2,19,,8790,93,,,2,70,,11968,93,,,2,85,,11967,93,,,2,36,,8791,93,,,2,67,,8777,93,,,2,29,,8778,93,,,2,68,,8782,93,,,2,26,,8784,93,,,2,76,,8789,93,,,2,26,,11966,93,,,2,71,,8788,93,,,2
5002,'DIM',628,,9440,46,,,1,100,,2653,46,,,1,102,,9423,46,,,1,97,,9438,46,,,1,108,,9431,46,,,1,65,,9441,46,,,1,37,,9433,46,,,1,64,,9445,46,,,1,39,,9443,46,,,1,62,,9444,46,,,1,36,,9446,46,,,1,69,,9432,46,,,1,33,,9434,46,,,1,76,,9447,46,,,1,29,,9436,46,,,1,74,,9435,46,,,1,30,,9442,46,,,1,66,,9439,46,,,1,30,,9437,46,,,1,99,,9425,46,,,1,98,,9427,46,,,1,99,,9430,46,,,1,99,,9424,46,,,1,97,,9428,46,,,1,98,,9426,46,,,1,98,,9429,46,,,1
5002,'SAM',628,,9455,46,,,1,100,,9458,46,,,1,102,,9449,46,,,1,100,,9470,46,,,1,105,,9469,46,,,1,65,,9468,46,,,1,36,,9466,46,,,1,65,,9450,46,,,1,39,,9473,46,,,1,62,,9472,46,,,1,36,,9451,46,,,1,69,,9462,46,,,1,33,,9464,46,,,1,76,,9467,46,,,1,29,,9463,46,,,1,74,,9465,46,,,1,30,,9453,46,,,1,66,,9454,46,,,1,30,,9448,46,,,1,99,,9471,46,,,1,98,,9459,46,,,1,99,,9461,46,,,1,99,,9460,46,,,1,97,,9456,46,,,1,98,,9452,46,,,1,98,,9457,46,,,1
5002,'SEM',517,,9480,46,,,1,36,,9502,46,,,1,71,,9498,46,,,1,30,,9474,46,,,1,78,,9506,46,,,1,72,,9499,46,,,1,24,,9475,46,,,1,75,,9492,46,,,1,26,,9478,46,,,1,71,,9504,46,,,1,26,,9505,46,,,1,33,,9501,46,,,1,68,,9477,46,,,1,73,,9481,46,,,1,28,,9500,46,,,1,72,,9489,46,,,1,32,,9503,46,,,1,70,,9482,46,,,1,30,,9485,46,,,1,82,,9476,46,,,1,27,,9486,46,,,1,78,,9479,46,,,1,33,,9493,46,,,1,70,,9483,46,,,1,27,,9484,46,,,1,69,,9491,46,,,1,29,,9487,46,,,1,69,,9490,46,,,1,103,,9494,46,,,1,104,,11986,46,,,1,101,,9488,46,,,1,110,,9496,46,,,1,103,,9495,46,,,1,97,,9497,46,,,1
6002,'DIM',706,,9994,25,,,1,101,,10003,25,,,1,99,,10001,25,,,1,100,,10002,25,,,1,100,,10004,25,,,1,100,,10007,25,,,1,101,,10005,25,,,1,100,,10008,25,,,1,100,,10006,25,,,1,99,,10009,25,,,1,99,,10010,25,,,1,100,,9996,25,,,1,101,,9998,25,,,1,101,,9997,25,,,1,101,,9999,25,,,1,100,,9993,25,,,1,100,,9995,25,,,1,98,,10000,25,,,1
6002,'SAM',706,,10022,25,,,1,101,,10013,25,,,1,99,,10025,25,,,1,100,,10027,25,,,1,100,,10023,25,,,1,100,,10026,25,,,1,101,,10024,25,,,1,100,,10012,25,,,1,100,,10028,25,,,1,99,,10011,25,,,1,99,,10015,25,,,1,102,,10020,25,,,1,99,,10016,25,,,1,101,,10017,25,,,1,101,,10021,25,,,1,100,,10014,25,,,1,100,,10018,25,,,1,98,,10019,25,,,1
6002,'SEM',638,,10045,25,,,1,100,,10043,25,,,1,101,,10030,25,,,1,100,,10046,25,,,1,100,,10044,25,,,1,102,,10035,25,,,1,100,,10029,25,,,1,99,,10031,25,,,1,101,,10042,25,,,1,99,,10032,25,,,1,101,,10037,25,,,1,106,,10034,25,,,1,92,,10040,25,,,1,100,,10038,25,,,1,99,,10033,25,,,1,100,,10036,25,,,1,99,,10039,25,,,1,89,,10041,25,,,1,100,,11993,25,,,1
6103,'DIM',737,,10060,2,,,2,100,,10062,2,,,2,97,,10064,2,,,2,102,,10063,2,,,2,101,,10061,2,,,2,102,,10059,2,,,2,98,,10048,2,,,2,104,,10051,2,,,2,95,,10053,2,,,2,104,,10055,2,,,2,101,,10065,2,,,2,95,,10056,2,,,2,100,,10052,2,,,2,100,,10049,2,,,2,101,,10050,2,,,2,100,,10054,2,,,2,100,,10058,2,,,2,100,,10057,2,,,2
6103,'SAM',737,,10076,2,,,2,100,,10078,2,,,2,97,,10081,2,,,2,102,,10075,2,,,2,98,,10079,2,,,2,105,,10082,2,,,2,99,,10080,2,,,2,103,,10083,2,,,2,95,,10077,2,,,2,103,,10069,2,,,2,102,,10066,2,,,2,95,,10070,2,,,2,100,,10068,2,,,2,100,,10071,2,,,2,101,,10067,2,,,2,100,,10072,2,,,2,100,,10073,2,,,2,100,,10074,2,,,2
6103,'SEM',600,,10100,2,,,2,100,,10104,2,,,2,101,,10085,2,,,2,57,,10086,2,,,2,100,,10102,2,,,2,100,,10097,2,,,2,100,,10099,2,,,2,142,,10098,2,,,2,100,,10101,2,,,2,110,,10103,2,,,2,25,,10092,2,,,2,24,,10084,2,,,2,71,,10094,2,,,2,74,,10087,2,,,2,26,,10093,2,,,2,73,,10088,2,,,2,28,,10089,2,,,2,73,,10091,2,,,2,31,,10096,2,,,2,80,,10090,2,,,2,95,,11994,2,,,2,101,,11996,2,,,2,100,,11995,2,,,2,107,,10095,2,,,2
6303,'DIM',746,,10176,25,,,1,100,,10178,25,,,1,102,,10169,25,,,1,97,,10177,25,,,1,103,,10181,25,,,1,96,,10179,25,,,1,103,,10182,25,,,1,103,,10180,25,,,1,100,,10183,25,,,1,100,,10184,25,,,1,100,,10170,25,,,1,98,,10166,25,,,1,99,,10167,25,,,1,99,,10172,25,,,1,100,,10168,25,,,1,100,,10173,25,,,1,99,,10171,25,,,1,100,,10174,25,,,1,99,,10175,25,,,1
6303,'SAM',645,,10198,25,,,1,101,,10202,25,,,1,100,,10199,25,,,1,102,,10197,25,,,1,97,,10201,25,,,1,103,,10200,25,,,1,96,,10204,25,,,1,103,,10203,25,,,1,103,,10185,25,,,1,102,,10186,25,,,1,98,,10187,25,,,1,100,,10189,25,,,1,98,,10188,25,,,1,99,,10193,25,,,1,99,,10190,25,,,1,100,,10191,25,,,1,100,,10194,25,,,1,99,,10192,25,,,1,100,,10195,25,,,1,99,,10196,25,,,1
6303,'SEM',605,,10220,25,,,1,20,,10230,25,,,1,16,,10231,25,,,1,76,,10237,25,,,1,14,,10235,25,,,1,74,,10209,25,,,1,23,,10211,25,,,1,74,,10212,25,,,1,33,,10205,25,,,1,65,,10208,25,,,1,33,,10234,25,,,1,67,,10222,25,,,1,31,,10238,25,,,1,26,,10232,25,,,1,78,,10206,25,,,1,67,,10207,25,,,1,30,,10236,25,,,1,70,,10233,25,,,1,32,,10239,25,,,1,72,,10214,25,,,1,26,,10213,25,,,1,74,,10218,25,,,1,19,,10216,25,,,1,25,,10210,25,,,1,73,,10219,25,,,1,81,,10217,25,,,1,97,,10215,25,,,1,41,,10223,25,,,1,93,,10226,25,,,1,95,,10221,25,,,1,88,,10224,25,,,1,106,,10225,25,,,1,99,,10229,25,,,1,104,,10227,25,,,1,94,,10228,25,,,1
6503,'DIM',712,,10321,2,,,2,100,,10323,2,,,2,100,,10325,2,,,2,100,,10327,2,,,2,103,,10324,2,,,2,97,,10322,2,,,2,106,,10310,2,,,2,100,,10326,2,,,2,96,,10328,2,,,2,98,,10313,2,,,2,102,,10315,2,,,2,98,,10314,2,,,2,100,,10317,2,,,2,100,,10319,2,,,2,100,,10311,2,,,2,100,,10312,2,,,2,100,,10318,2,,,2,100,,10320,2,,,2,100,,10316,2,,,2
6503,'SAM',712,,10342,2,,,2,100,,10345,2,,,2,100,,10344,2,,,2,100,,10346,2,,,2,102,,10347,2,,,2,97,,10349,2,,,2,107,,10348,2,,,2,99,,10343,2,,,2,97,,10329,2,,,2,98,,10331,2,,,2,102,,10334,2,,,2,100,,10337,2,,,2,98,,10341,2,,,2,100,,10339,2,,,2,100,,10333,2,,,2,100,,10330,2,,,2,100,,10332,2,,,2,100,,10335,2,,,2,100,,10336,2,,,2,45,,10338,2,,,2,75,,10340,2,,,2
6503,'SEM',558,,10359,2,,,2,66,,10351,2,,,2,27,,10376,2,,,2,63,,10352,2,,,2,24,,10354,2,,,2,78,,10367,2,,,2,26,,10382,2,,,2,78,,10355,2,,,2,25,,10356,2,,,2,70,,10373,2,,,2,30,,10357,2,,,2,70,,10380,2,,,2,30,,10377,2,,,2,70,,10378,2,,,2,30,,10379,2,,,2,70,,10358,2,,,2,30,,10361,2,,,2,70,,10353,2,,,2,30,,10365,2,,,2,74,,10366,2,,,2,30,,10350,2,,,2,65,,10360,2,,,2,25,,10370,2,,,2,15,,10381,2,,,2,55,,10371,2,,,2,15,,10372,2,,,2,15,,10368,2,,,2,13,,10374,2,,,2,57,,10369,2,,,2,33,,10363,2,,,2,104,,10362,2,,,2,99,,10364,2,,,2,100,,11999,2,,,2,101,,12000,2,,,2,99,,10375,2,,,2
7001,'DIM',652,,10584,2,,,1,100,,10574,2,,,1,99,,10582,2,,,1,99,,10585,2,,,1,68,,10588,2,,,1,31,,10583,2,,,1,70,,10590,2,,,1,27,,10589,2,,,1,70,,10586,2,,,1,35,,10587,2,,,1,69,,10591,2,,,1,27,,10567,2,,,1,73,,10592,2,,,1,25,,10570,2,,,1,75,,10571,2,,,1,27,,10572,2,,,1,74,,10569,2,,,1,33,,10575,2,,,1,74,,10578,2,,,1,30,,10573,2,,,1,94,,10579,2,,,1,100,,10576,2,,,1,100,,10568,2,,,1,100,,10580,2,,,1,100,,10581,2,,,1,100,,10577,2,,,1
7001,'SAM',652,,10609,2,,,1,100,,10614,2,,,1,99,,10616,2,,,1,99,,10617,2,,,1,67,,10615,2,,,1,32,,10593,2,,,1,69,,10618,2,,,1,28,,10613,2,,,1,70,,10594,2,,,1,34,,10610,2,,,1,68,,10595,2,,,1,33,,10611,2,,,1,69,,10597,2,,,1,25,,10612,2,,,1,73,,10600,2,,,1,29,,10602,2,,,1,74,,10599,2,,,1,34,,10601,2,,,1,73,,10605,2,,,1,30,,10603,2,,,1,94,,10607,2,,,1,100,,10596,2,,,1,100,,10598,2,,,1,99,,10608,2,,,1,101,,10606,2,,,1,100,,10604,2,,,1
7001,'SEM',508,,10645,2,,,1,30,,10623,2,,,1,65,,10646,2,,,1,18,,10647,2,,,1,17,,10642,2,,,1,67,,10653,2,,,1,24,,10634,2,,,1,24,,10620,2,,,1,69,,10652,2,,,1,30,,10649,2,,,1,71,,10650,2,,,1,29,,10631,2,,,1,71,,10654,2,,,1,28,,10622,2,,,1,72,,10627,2,,,1,27,,10651,2,,,1,70,,10621,2,,,1,29,,10619,2,,,1,72,,10648,2,,,1,30,,10626,2,,,1,77,,10629,2,,,1,24,,10625,2,,,1,50,,10632,2,,,1,47,,10624,2,,,1,77,,10636,2,,,1,28,,10639,2,,,1,76,,10640,2,,,1,27,,10628,2,,,1,81,,10637,2,,,1,85,,10633,2,,,1,34,,10630,2,,,1,149,,10638,2,,,1,100,,10635,2,,,1,100,,10643,2,,,1,102,,10641,2,,,1,129,,10644,2,,,1
7602,'DIM',605,,5136,2,,,2,96,,11115,2,,,2,100,,11125,2,,,2,100,,11127,2,,,2,30,,11123,2,,,2,70,,11124,2,,,2,30,,11105,2,,,2,70,,11128,2,,,2,30,,11126,2,,,2,69,,11114,2,,,2,32,,11129,2,,,2,72,,11130,2,,,2,27,,11106,2,,,2,74,,11116,2,,,2,33,,11108,2,,,2,64,,11109,2,,,2,30,,11111,2,,,2,70,,11107,2,,,2,30,,4405,2,,,2,70,,4422,2,,,2,30,,11112,2,,,2,74,,11120,2,,,2,94,,11121,2,,,2,100,,11113,2,,,2,101,,11122,2,,,2,101,,11110,2,,,2,100,,11117,2,,,2,100,,11119,2,,,2,100,,11118,2,,,2
7602,'SAM',605,,11148,2,,,2,96,,11147,2,,,2,100,,11151,2,,,2,100,,11153,2,,,2,30,,11158,2,,,2,70,,11146,2,,,2,30,,11155,2,,,2,70,,11154,2,,,2,30,,11160,2,,,2,69,,11132,2,,,2,30,,11149,2,,,2,74,,11131,2,,,2,27,,11150,2,,,2,74,,11157,2,,,2,33,,11133,2,,,2,64,,11134,2,,,2,30,,11156,2,,,2,70,,11137,2,,,2,30,,11159,2,,,2,70,,11135,2,,,2,30,,11152,2,,,2,75,,11140,2,,,2,93,,11142,2,,,2,100,,11138,2,,,2,101,,11136,2,,,2,101,,11141,2,,,2,100,,11139,2,,,2,100,,11144,2,,,2,100,,11143,2,,,2,101,,11145,2,,,2
7602,'SEM',548,,11161,2,,,2,62,,11190,2,,,2,16,,4470,2,,,2,11,,11188,2,,,2,64,,11192,2,,,2,18,,11194,2,,,2,21,,11168,2,,,2,61,,11162,2,,,2,35,,11189,2,,,2,68,,11193,2,,,2,31,,11186,2,,,2,72,,11163,2,,,2,30,,11191,2,,,2,70,,11167,2,,,2,29,,11187,2,,,2,71,,11166,2,,,2,30,,11171,2,,,2,71,,11196,2,,,2,28,,11172,2,,,2,70,,11164,2,,,2,35,,11195,2,,,2,65,,11165,2,,,2,24,,11169,2,,,2,26,,11176,2,,,2,65,,11177,2,,,2,25,,11180,2,,,2,65,,11182,2,,,2,25,,11178,2,,,2,20,,11174,2,,,2,74,,11170,2,,,2,70,,11181,2,,,2,31,,11184,2,,,2,100,,11173,2,,,2,100,,11175,2,,,2,100,,11183,2,,,2,103,,11179,2,,,2,109,,11185,2,,,2
