2402,'DIM',708,,7396,4,,,1,103,,7398,4,,,1,99,,7387,4,,,1,98,,7397,4,,,1,34,,7402,4,,,1,68,,7404,4,,,1,31,,7382,4,,,1,72,,7403,4,,,1,30,,7395,4,,,1,70,,7381,4,,,1,30,,7401,4,,,1,74,,7399,4,,,1,26,,7384,4,,,1,65,,7405,4,,,1,35,,7400,4,,,1,69,,7385,4,,,1,31,,7388,4,,,1,71,,7383,4,,,1,29,,7406,4,,,1,70,,7389,4,,,1,100,,7380,4,,,1,100,,7393,4,,,1,100,,7390,4,,,1,100,,7386,4,,,1,94,,7394,4,,,1,100,,7392,4,,,1,105,,7391,4,,,1
2402,'SAM',612,,7431,4,,,1,96,,7421,4,,,1,103,,7424,4,,,1,99,,7423,4,,,1,98,,7430,4,,,1,34,,7426,4,,,1,68,,7433,4,,,1,31,,7419,4,,,1,72,,7429,4,,,1,29,,7422,4,,,1,71,,7432,4,,,1,30,,7407,4,,,1,74,,7425,4,,,1,26,,7427,4,,,1,65,,7420,4,,,1,35,,7409,4,,,1,76,,7434,4,,,1,24,,7408,4,,,1,71,,7411,4,,,1,29,,7428,4,,,1,70,,7415,4,,,1,100,,7417,4,,,1,100,,7412,4,,,1,100,,7410,4,,,1,100,,7416,4,,,1,94,,7414,4,,,1,100,,7418,4,,,1,105,,7413,4,,,1
2402,'SEM',537,,7462,4,,,1,81,,7455,4,,,1,39,,7438,4,,,1,60,,7470,4,,,1,26,,7464,4,,,1,64,,7466,4,,,1,31,,7471,4,,,1,70,,7435,4,,,1,30,,7467,4,,,1,70,,7469,4,,,1,30,,7461,4,,,1,70,,7437,4,,,1,30,,7465,4,,,1,70,,7436,4,,,1,30,,7463,4,,,1,70,,7468,4,,,1,30,,7445,4,,,1,71,,7440,4,,,1,29,,7439,4,,,1,70,,7441,4,,,1,30,,7450,4,,,1,75,,7442,4,,,1,11,,7447,4,,,1,19,,7448,4,,,1,60,,7454,4,,,1,24,,7444,4,,,1,16,,7443,4,,,1,60,,7453,4,,,1,20,,7449,4,,,1,25,,7446,4,,,1,84,,7458,4,,,1,100,,7460,4,,,1,100,,7451,4,,,1,100,,7452,4,,,1,105,,7456,4,,,1,104,,7457,4,,,1,89,,7459,4,,,1
3303,'DIM',642,,8014,4,,,1,170,,8018,4,,,1,130,,8016,4,,,1,172,,8013,4,,,1,128,,8015,4,,,1,170,,8010,4,,,1,130,,8017,4,,,1,173,,8019,4,,,1,127,,8020,4,,,1,170,,8012,4,,,1,130,,8011,4,,,1
3303,'SAM',642,,8024,4,,,1,170,,8025,4,,,1,130,,8027,4,,,1,172,,8028,4,,,1,128,,8029,4,,,1,170,,8026,4,,,1,130,,8031,4,,,1,176,,8030,4,,,1,124,,8022,4,,,1,170,,8023,4,,,1,130,,8021,4,,,1
3303,'SEM',608,,8043,4,,,1,97,,8044,4,,,1,34,,8033,4,,,1,66,,8051,4,,,1,100,,8050,4,,,1,100,,8045,4,,,1,100,,8048,4,,,1,54,,8036,4,,,1,146,,8047,4,,,1,100,,8032,4,,,1,47,,8049,4,,,1,73,,8052,4,,,1,26,,8046,4,,,1,99,,8034,4,,,1,68,,8035,4,,,1,34,,8041,4,,,1,81,,8037,4,,,1,71,,8039,4,,,1,103,,8038,4,,,1,105,,8042,4,,,1,105,,8040,4,,,1
3703,'DIM',624,,8121,4,,,2,35,,8122,4,,,2,100,,8120,4,,,2,100,,8119,4,,,2,100,,8127,4,,,2,100,,8126,4,,,2,100,,8116,4,,,2,100,,8117,4,,,2,145,,8128,4,,,2,96,,8124,4,,,2,59,,8125,4,,,2,100,,8123,4,,,2,90,,8118,4,,,2
3703,'SAM',624,,1290,4,,,2,35,,8134,4,,,2,100,,8131,4,,,2,100,,8135,4,,,2,100,,8138,4,,,2,100,,8136,4,,,2,100,,8139,4,,,2,141,,8132,4,,,2,59,,8130,4,,,2,142,,8133,4,,,2,99,,8129,4,,,2,59,,8137,4,,,2,90,,8140,4,,,2
3703,'SEM',544,,8157,4,,,2,15,,8145,4,,,2,55,,1324,4,,,2,15,,8156,4,,,2,14,,8161,4,,,2,16,,8165,4,,,2,60,,8142,4,,,2,36,,8146,4,,,2,78,,8160,4,,,2,69,,8166,4,,,2,100,,8144,4,,,2,100,,8163,4,,,2,100,,8147,4,,,2,100,,8158,4,,,2,100,,8164,4,,,2,42,,8162,4,,,2,60,,8143,4,,,2,26,,8159,4,,,2,72,,8141,4,,,2,33,,8167,4,,,2,102,,8148,4,,,2,99,,8154,4,,,2,103,,8149,4,,,2,100,,8153,4,,,2,100,,8155,4,,,2,100,,8150,4,,,2,97,,8152,4,,,2,102,,8151,4,,,2
6303,'DIM',732,,10176,4,,,1,100,,10178,4,,,1,101,,10169,4,,,1,96,,10177,4,,,1,103,,10181,4,,,1,95,,10179,4,,,1,103,,10182,4,,,1,103,,10180,4,,,1,101,,10183,4,,,1,100,,10184,4,,,1,101,,10170,4,,,1,98,,10166,4,,,1,99,,10167,4,,,1,100,,10172,4,,,1,100,,10168,4,,,1,100,,10173,4,,,1,100,,10171,4,,,1,100,,10174,4,,,1,100,,10175,4,,,1
6303,'SAM',632,,10198,4,,,1,100,,10202,4,,,1,100,,10199,4,,,1,101,,10197,4,,,1,96,,10201,4,,,1,103,,10200,4,,,1,95,,10204,4,,,1,103,,10203,4,,,1,103,,10185,4,,,1,103,,10186,4,,,1,98,,10187,4,,,1,101,,10189,4,,,1,98,,10188,4,,,1,99,,10193,4,,,1,100,,10190,4,,,1,100,,10191,4,,,1,100,,10194,4,,,1,100,,10192,4,,,1,100,,10195,4,,,1,100,,10196,4,,,1
6303,'SEM',551,,10220,4,,,1,60,,10230,4,,,1,15,,10231,4,,,1,76,,10237,4,,,1,14,,10235,4,,,1,34,,10209,4,,,1,63,,10211,4,,,1,34,,10212,4,,,1,73,,10205,4,,,1,25,,10208,4,,,1,73,,10234,4,,,1,27,,10222,4,,,1,70,,10238,4,,,1,26,,10232,4,,,1,78,,10206,4,,,1,27,,10207,4,,,1,70,,10236,4,,,1,30,,10233,4,,,1,72,,10239,4,,,1,32,,10214,4,,,1,65,,10213,4,,,1,34,,10218,4,,,1,59,,10216,4,,,1,25,,10210,4,,,1,73,,10219,4,,,1,40,,10217,4,,,1,100,,10215,4,,,1,81,,10223,4,,,1,94,,10226,4,,,1,95,,10221,4,,,1,88,,10224,4,,,1,106,,10225,4,,,1,100,,10229,4,,,1,106,,10227,4,,,1,94,,10228,4,,,1
