1703,'DIM',617,,6972,10,,,1,89,,6965,10,,,1,99,,100,10,,,1,101,,6967,10,,,1,97,,6968,10,,,1,101,,6964,10,,,1,100,,6970,10,,,1,99,,6966,10,,,1,101,,6969,10,,,1,100,,6971,10,,,1,102,,6954,10,,,1,99,,6958,10,,,1,99,,6957,10,,,1,101,,6956,10,,,1,99,,6959,10,,,1,99,,6962,10,,,1,101,,6955,10,,,1,100,,6960,10,,,1,102,,6961,10,,,1,120,,6963,10,,,1
1703,'SAM',539,,6984,10,,,1,78,,6990,10,,,1,89,,121,10,,,1,99,,6981,10,,,1,101,,6983,10,,,1,97,,6985,10,,,1,100,,6989,10,,,1,101,,6987,10,,,1,100,,6982,10,,,1,100,,6988,10,,,1,100,,6986,10,,,1,102,,6991,10,,,1,100,,6992,10,,,1,99,,6973,10,,,1,100,,6978,10,,,1,99,,6975,10,,,1,99,,6974,10,,,1,101,,6976,10,,,1,100,,6979,10,,,1,102,,6980,10,,,1,120,,6977,10,,,1
1703,'SEM',559,,7010,10,,,1,142,,7012,10,,,1,105,,7011,10,,,1,96,,6996,10,,,1,100,,7009,10,,,1,100,,7008,10,,,1,100,,7014,10,,,1,100,,6997,10,,,1,100,,6994,10,,,1,98,,7013,10,,,1,35,,7016,10,,,1,20,,7015,10,,,1,76,,6993,10,,,1,23,,7004,10,,,1,78,,6995,10,,,1,80,,6998,10,,,1,30,,7001,10,,,1,69,,7006,10,,,1,99,,7007,10,,,1,100,,6999,10,,,1,100,,7000,10,,,1,100,,7002,10,,,1,100,,7003,10,,,1,104,,7005,10,,,1
2703,'DIM',900,,7780,10,,,2,100,,7783,10,,,2,58,,7785,10,,,2,142,,7779,10,,,2,55,,7787,10,,,2,146,,7782,10,,,2,101,,7784,10,,,2,100,,7781,10,,,2,100,,7786,10,,,2,100,,7773,10,,,2,100,,7775,10,,,2,98,,7774,10,,,2,100,,7778,10,,,2,100,,7772,10,,,2,102,,7771,10,,,2,100,,7776,10,,,2,100,,7777,10,,,2
2703,'SAM',700,,7797,10,,,2,100,,7798,10,,,2,100,,7796,10,,,2,100,,7806,10,,,2,100,,7800,10,,,2,100,,7803,10,,,2,54,,7799,10,,,2,147,,7801,10,,,2,102,,7802,10,,,2,99,,7795,10,,,2,54,,7804,10,,,2,146,,7805,10,,,2,100,,7790,10,,,2,98,,7793,10,,,2,100,,7788,10,,,2,100,,7789,10,,,2,102,,7791,10,,,2,100,,7792,10,,,2,100,,7794,10,,,2
2703,'SEM',806,,7823,10,,,2,50,,7809,10,,,2,100,,7815,10,,,2,100,,7808,10,,,2,99,,7825,10,,,2,90,,7822,10,,,2,103,,7826,10,,,2,100,,7812,10,,,2,81,,7810,10,,,2,82,,7824,10,,,2,15,,7807,10,,,2,30,,7814,10,,,2,79,,7811,10,,,2,65,,7821,10,,,2,56,,7818,10,,,2,87,,7820,10,,,2,103,,7817,10,,,2,102,,7813,10,,,2,100,,7816,10,,,2,100,,7827,10,,,2,100,,7819,10,,,2
3103,'DIM',636,,7902,12,,,1,99,,7901,12,,,1,99,,1058,12,,,1,99,,7906,12,,,1,99,,7905,12,,,1,100,,7903,12,,,1,102,,7892,12,,,1,100,,7904,12,,,1,99,,7891,12,,,1,102,,7890,12,,,1,99,,7895,12,,,1,99,,7897,12,,,1,103,,7896,12,,,1,97,,7898,12,,,1,101,,7894,12,,,1,100,,7893,12,,,1,100,,7899,12,,,1,101,,7900,12,,,1
3103,'SAM',636,,7919,12,,,1,99,,7918,12,,,1,99,,1075,12,,,1,99,,7923,12,,,1,99,,7924,12,,,1,100,,7920,12,,,1,100,,7916,12,,,1,101,,7921,12,,,1,100,,7917,12,,,1,102,,7922,12,,,1,100,,7911,12,,,1,99,,7913,12,,,1,100,,7909,12,,,1,100,,7914,12,,,1,100,,7907,12,,,1,100,,7908,12,,,1,100,,7910,12,,,1,102,,7912,12,,,1,95,,7915,12,,,1
3103,'SEM',631,,7946,12,,,1,99,,7944,12,,,1,100,,7945,12,,,1,100,,7925,12,,,1,101,,7926,12,,,1,100,,7928,12,,,1,100,,7947,12,,,1,100,,7927,12,,,1,100,,7932,12,,,1,98,,7933,12,,,1,11,,7934,12,,,1,76,,7929,12,,,1,30,,7938,12,,,1,80,,7935,12,,,1,30,,7931,12,,,1,76,,7943,12,,,1,70,,7930,12,,,1,36,,7942,12,,,1,100,,7936,12,,,1,101,,7939,12,,,1,100,,7940,12,,,1,98,,7937,12,,,1,114,,7941,12,,,1
4303,'DIM',635,,8818,10,,,1,101,,8820,10,,,1,100,,8824,10,,,1,100,,8822,10,,,1,106,,8823,10,,,1,101,,8821,10,,,1,100,,8827,10,,,1,99,,8825,10,,,1,103,,8826,10,,,1,97,,8808,10,,,1,99,,8809,10,,,1,104,,8811,10,,,1,92,,8814,10,,,1,99,,8813,10,,,1,100,,8810,10,,,1,100,,8812,10,,,1,100,,8819,10,,,1,100,,8815,10,,,1,99,,8817,10,,,1,100,,8816,10,,,1
4303,'SAM',635,,8839,10,,,1,101,,8829,10,,,1,100,,8844,10,,,1,100,,8830,10,,,1,106,,8831,10,,,1,101,,8842,10,,,1,100,,8840,10,,,1,99,,8845,10,,,1,102,,8841,10,,,1,101,,8843,10,,,1,98,,8828,10,,,1,98,,8846,10,,,1,96,,8835,10,,,1,99,,8832,10,,,1,100,,2041,10,,,1,100,,8833,10,,,1,100,,8834,10,,,1,100,,8838,10,,,1,99,,8836,10,,,1,100,,8837,10,,,1
4303,'SEM',636,,8866,10,,,1,100,,8867,10,,,1,81,,8850,10,,,1,104,,8868,10,,,1,31,,8849,10,,,1,69,,8864,10,,,1,30,,8856,10,,,1,70,,8852,10,,,1,30,,8870,10,,,1,70,,8869,10,,,1,30,,8865,10,,,1,72,,8853,10,,,1,28,,8854,10,,,1,70,,8858,10,,,1,30,,8871,10,,,1,70,,8848,10,,,1,25,,8855,10,,,1,70,,8851,10,,,1,19,,8872,10,,,1,76,,8857,10,,,1,31,,8847,10,,,1,71,,8861,10,,,1,102,,8862,10,,,1,101,,8863,10,,,1,101,,8873,10,,,1,101,,8874,10,,,1,109,,8859,10,,,1,106,,8860,10,,,1
6002,'DIM',656,,9994,10,,,1,100,,10003,10,,,1,99,,10001,10,,,1,100,,10002,10,,,1,100,,10004,10,,,1,100,,10007,10,,,1,101,,10005,10,,,1,100,,10008,10,,,1,100,,10006,10,,,1,99,,10009,10,,,1,99,,10010,10,,,1,100,,9996,10,,,1,101,,9998,10,,,1,101,,9997,10,,,1,101,,9999,10,,,1,100,,9993,10,,,1,100,,9995,10,,,1,99,,10000,10,,,1
6002,'SAM',656,,10022,10,,,1,100,,10013,10,,,1,99,,10025,10,,,1,100,,10027,10,,,1,100,,10023,10,,,1,100,,10026,10,,,1,101,,10024,10,,,1,100,,10012,10,,,1,100,,10028,10,,,1,99,,10011,10,,,1,99,,10015,10,,,1,102,,10020,10,,,1,99,,10016,10,,,1,101,,10017,10,,,1,101,,10021,10,,,1,100,,10014,10,,,1,100,,10018,10,,,1,99,,10019,10,,,1
6002,'SEM',627,,10045,10,,,1,100,,10043,10,,,1,101,,10030,10,,,1,99,,10046,10,,,1,100,,10044,10,,,1,101,,10035,10,,,1,100,,10029,10,,,1,99,,10031,10,,,1,101,,10042,10,,,1,98,,10032,10,,,1,101,,10037,10,,,1,107,,10034,10,,,1,94,,10040,10,,,1,100,,10038,10,,,1,99,,10033,10,,,1,100,,10036,10,,,1,99,,10039,10,,,1,90,,10041,10,,,1,100,,10047,10,,,1
7303,'DIM',651,,10755,10,,,1,99,,10752,10,,,1,100,,10753,10,,,1,98,,10756,10,,,1,100,,10759,10,,,1,100,,10754,10,,,1,100,,10757,10,,,1,101,,10751,10,,,1,99,,10758,10,,,1,102,,10760,10,,,1,99,,10745,10,,,1,100,,10742,10,,,1,101,,10748,10,,,1,99,,10744,10,,,1,100,,10743,10,,,1,100,,10746,10,,,1,100,,10747,10,,,1,102,,10750,10,,,1,105,,10749,10,,,1
7303,'SAM',557,,10775,10,,,1,94,,10772,10,,,1,99,,10771,10,,,1,100,,10776,10,,,1,98,,10778,10,,,1,101,,10774,10,,,1,99,,10764,10,,,1,100,,10777,10,,,1,101,,10773,10,,,1,99,,10779,10,,,1,102,,10780,10,,,1,101,,10763,10,,,1,99,,10761,10,,,1,99,,10762,10,,,1,100,,10766,10,,,1,100,,10765,10,,,1,100,,4040,10,,,1,100,,10767,10,,,1,102,,4041,10,,,1,105,,10768,10,,,1,100,,10770,10,,,1,100,,10769,10,,,1
7303,'SEM',544,,10817,10,,,1,66,,10814,10,,,1,38,,10813,10,,,1,10,,10818,10,,,1,78,,10807,10,,,1,16,,10783,10,,,1,83,,10815,10,,,1,12,,10782,10,,,1,70,,10800,10,,,1,31,,10816,10,,,1,69,,10784,10,,,1,31,,10789,10,,,1,69,,10799,10,,,1,31,,10790,10,,,1,69,,10819,10,,,1,30,,10785,10,,,1,70,,10788,10,,,1,30,,10794,10,,,1,70,,10781,10,,,1,30,,10791,10,,,1,75,,10820,10,,,1,24,,10801,10,,,1,55,,10793,10,,,1,21,,10786,10,,,1,16,,10787,10,,,1,63,,10797,10,,,1,17,,10795,10,,,1,30,,10808,10,,,1,55,,10796,10,,,1,16,,10792,10,,,1,33,,10802,10,,,1,70,,10805,10,,,1,32,,10798,10,,,1,100,,10810,10,,,1,100,,10803,10,,,1,100,,10809,10,,,1,100,,10804,10,,,1,81,,10806,10,,,1,95,,10811,10,,,1,121,,10812,10,,,1
7401,'DIM',721,,10911,10,,,2,99,,10912,10,,,2,101,,10915,10,,,2,97,,10914,10,,,2,101,,10916,10,,,2,100,,10913,10,,,2,100,,10910,10,,,2,99,,10909,10,,,2,102,,10917,10,,,2,99,,10903,10,,,2,102,,10904,10,,,2,99,,10906,10,,,2,100,,10907,10,,,2,99,,10908,10,,,2,101,,10902,10,,,2,99,,10901,10,,,2,101,,10905,10,,,2
7401,'SAM',721,,10926,10,,,2,99,,10928,10,,,2,101,,10927,10,,,2,98,,10930,10,,,2,100,,10932,10,,,2,100,,10934,10,,,2,101,,10929,10,,,2,98,,10933,10,,,2,101,,10931,10,,,2,100,,10918,10,,,2,101,,10921,10,,,2,101,,10923,10,,,2,100,,10922,10,,,2,98,,10924,10,,,2,101,,10919,10,,,2,99,,10925,10,,,2,101,,10920,10,,,2
7401,'SEM',623,,10950,10,,,2,95,,10935,10,,,2,100,,10949,10,,,2,103,,10939,10,,,2,101,,10940,10,,,2,101,,10953,10,,,2,99,,10938,10,,,2,101,,10952,10,,,2,100,,10951,10,,,2,93,,10937,10,,,2,93,,10941,10,,,2,101,,10936,10,,,2,30,,10943,10,,,2,85,,10948,10,,,2,100,,10942,10,,,2,101,,10945,10,,,2,100,,10946,10,,,2,100,,10944,10,,,2,100,,10954,10,,,2,95,,10947,10,,,2
