3903,'DIM',918,,8236,4,,,1,30,,8241,4,,,1,70,,8242,4,,,1,30,,8239,4,,,1,74,,8240,4,,,1,26,,8243,4,,,1,69,,8233,4,,,1,31,,8237,4,,,1,70,,8234,4,,,1,30,,8220,4,,,1,70,,8223,4,,,1,31,,8226,4,,,1,70,,8238,4,,,1,31,,8227,4,,,1,71,,8228,4,,,1,25,,8229,4,,,1,58,,8235,4,,,1,10,,8230,4,,,1,24,,8224,4,,,1,65,,8231,4,,,1,100,,8221,4,,,1,100,,8232,4,,,1,100,,8222,4,,,1,104,,8225,4,,,1
3903,'SAM',918,,8263,4,,,1,30,,8267,4,,,1,70,,8244,4,,,1,30,,8258,4,,,1,74,,8261,4,,,1,26,,8260,4,,,1,70,,8245,4,,,1,30,,8259,4,,,1,70,,8262,4,,,1,30,,8246,4,,,1,70,,8265,4,,,1,31,,8249,4,,,1,70,,8250,4,,,1,31,,8252,4,,,1,71,,8266,4,,,1,25,,8253,4,,,1,58,,8264,4,,,1,11,,8251,4,,,1,23,,8248,4,,,1,69,,8247,4,,,1,98,,8255,4,,,1,98,,8254,4,,,1,100,,8257,4,,,1,104,,8256,4,,,1
3903,'SEM',708,,8291,4,,,1,99,,8273,4,,,1,104,,8271,4,,,1,33,,8275,4,,,1,69,,8292,4,,,1,31,,8293,4,,,1,68,,8286,4,,,1,31,,8290,4,,,1,67,,8294,4,,,1,38,,8270,4,,,1,73,,8277,4,,,1,27,,8279,4,,,1,71,,8280,4,,,1,34,,8269,4,,,1,77,,8287,4,,,1,23,,8281,4,,,1,68,,8272,4,,,1,25,,8274,4,,,1,75,,8282,4,,,1,80,,8283,4,,,1,40,,8276,4,,,1,99,,8278,4,,,1,97,,8284,4,,,1,103,,8288,4,,,1,100,,8285,4,,,1,88,,8289,4,,,1
5001,'DIM',521,,9340,4,,,1,100,,9348,4,,,1,100,,9336,4,,,1,96,,9353,4,,,1,100,,9345,4,,,1,32,,9355,4,,,1,77,,9347,4,,,1,23,,9360,4,,,1,78,,9358,4,,,1,22,,9359,4,,,1,75,,9361,4,,,1,29,,9346,4,,,1,72,,9349,4,,,1,76,,9362,4,,,1,29,,9351,4,,,1,73,,9350,4,,,1,30,,9356,4,,,1,23,,9354,4,,,1,74,,9352,4,,,1,81,,9357,4,,,1,18,,9338,4,,,1,100,,9341,4,,,1,100,,9344,4,,,1,100,,9337,4,,,1,99,,9342,4,,,1,99,,9339,4,,,1,100,,9343,4,,,1
5001,'SAM',521,,9370,4,,,1,100,,9373,4,,,1,100,,9364,4,,,1,96,,9385,4,,,1,100,,9383,4,,,1,38,,9388,4,,,1,70,,9381,4,,,1,24,,9365,4,,,1,78,,9389,4,,,1,22,,9387,4,,,1,75,,9366,4,,,1,29,,9377,4,,,1,72,,9379,4,,,1,76,,9382,4,,,1,29,,9378,4,,,1,73,,9380,4,,,1,30,,9368,4,,,1,23,,9369,4,,,1,74,,9363,4,,,1,79,,9384,4,,,1,21,,9386,4,,,1,99,,9374,4,,,1,100,,9376,4,,,1,100,,9375,4,,,1,99,,9371,4,,,1,99,,9367,4,,,1,100,,9372,4,,,1
5001,'SEM',510,,9411,4,,,1,104,,9416,4,,,1,35,,9412,4,,,1,63,,9391,4,,,1,36,,9390,4,,,1,64,,9393,4,,,1,31,,9419,4,,,1,66,,9420,4,,,1,33,,9415,4,,,1,67,,9392,4,,,1,33,,9396,4,,,1,68,,9414,4,,,1,32,,9402,4,,,1,70,,9417,4,,,1,30,,9397,4,,,1,72,,9413,4,,,1,28,,9418,4,,,1,70,,9395,4,,,1,42,,9394,4,,,1,66,,9405,4,,,1,36,,9398,4,,,1,69,,9399,4,,,1,29,,9404,4,,,1,70,,9400,4,,,1,35,,9403,4,,,1,70,,9406,4,,,1,75,,9407,4,,,1,105,,9421,4,,,1,105,,9401,4,,,1,105,,9409,4,,,1,105,,9408,4,,,1,107,,9410,4,,,1
6001,'DIM',801,,9939,31,,,1,102,,9947,31,,,1,101,,9945,31,,,1,103,,9946,31,,,1,101,,9948,31,,,1,102,,9951,31,,,1,102,,9949,31,,,1,100,,9952,31,,,1,100,,9950,31,,,1,102,,9953,31,,,1,93,,9954,31,,,1,100,,9941,31,,,1,98,,9943,31,,,1,98,,9942,31,,,1,99,,9944,31,,,1,99,,9938,31,,,1,100,,9940,31,,,1
6001,'SAM',659,,9961,31,,,1,142,,9966,31,,,1,102,,9957,31,,,1,101,,9969,31,,,1,102,,9971,31,,,1,102,,9967,31,,,1,102,,9970,31,,,1,102,,9968,31,,,1,100,,9956,31,,,1,100,,9972,31,,,1,102,,9955,31,,,1,93,,9959,31,,,1,101,,9964,31,,,1,97,,9960,31,,,1,98,,9962,31,,,1,99,,9965,31,,,1,99,,9958,31,,,1,100,,9963,31,,,1
6001,'SEM',543,,9987,31,,,1,101,,9973,31,,,1,86,,9991,31,,,1,76,,9985,31,,,1,36,,9989,31,,,1,101,,9975,31,,,1,100,,9992,31,,,1,101,,9990,31,,,1,104,,9976,31,,,1,100,,9974,31,,,1,100,,9986,31,,,1,102,,9988,31,,,1,99,,9977,31,,,1,103,,9981,31,,,1,98,,9979,31,,,1,90,,9984,31,,,1,98,,9982,31,,,1,100,,9978,31,,,1,99,,9980,31,,,1,94,,9983,31,,,1
6304,'DIM',747,,10251,45,,,1,101,,10247,45,,,1,101,,10249,45,,,1,102,,10243,45,,,1,99,,10248,45,,,1,104,,10253,45,,,1,96,,10250,45,,,1,102,,10254,45,,,1,103,,10252,45,,,1,100,,10255,45,,,1,99,,10256,45,,,1,99,,10244,45,,,1,99,,10240,45,,,1,99,,10241,45,,,1,99,,10245,45,,,1,98,,10242,45,,,1,99,,10246,45,,,1
6304,'SAM',647,,10270,45,,,1,100,,10268,45,,,1,101,,10273,45,,,1,101,,10269,45,,,1,102,,10267,45,,,1,99,,10272,45,,,1,104,,10271,45,,,1,96,,10275,45,,,1,102,,10274,45,,,1,103,,10257,45,,,1,102,,10258,45,,,1,97,,10259,45,,,1,99,,10261,45,,,1,99,,10260,45,,,1,99,,10265,45,,,1,99,,10262,45,,,1,98,,10263,45,,,1,99,,10266,45,,,1,98,,10264,45,,,1
6304,'SEM',502,,10303,45,,,1,111,,10299,45,,,1,30,,10308,45,,,1,71,,10291,45,,,1,15,,10302,45,,,1,27,,10305,45,,,1,66,,10307,45,,,1,19,,10306,45,,,1,70,,10280,45,,,1,30,,10281,45,,,1,71,,10282,45,,,1,30,,10276,45,,,1,65,,10279,45,,,1,30,,10304,45,,,1,72,,10294,45,,,1,30,,10287,45,,,1,66,,10300,45,,,1,38,,10277,45,,,1,67,,10278,45,,,1,32,,10288,45,,,1,71,,10301,45,,,1,39,,10309,45,,,1,70,,10284,45,,,1,24,,10283,45,,,1,74,,10289,45,,,1,16,,10286,45,,,1,68,,10295,45,,,1,29,,10290,45,,,1,77,,10293,45,,,1,97,,10285,45,,,1,40,,10296,45,,,1,91,,10298,45,,,1,94,,10292,45,,,1,99,,10297,45,,,1
6504,'DIM',721,,10395,61,,,2,102,,10393,61,,,2,101,,10396,61,,,2,102,,10398,61,,,2,102,,10400,61,,,2,102,,10397,61,,,2,98,,10394,61,,,2,102,,10402,61,,,2,106,,10399,61,,,2,96,,10401,61,,,2,97,,10388,61,,,2,101,,10390,61,,,2,97,,10389,61,,,2,98,,10391,61,,,2,100,,10392,61,,,2,96,,10386,61,,,2,100,,10387,61,,,2
6504,'SAM',721,,10413,61,,,2,102,,10412,61,,,2,101,,10416,61,,,2,102,,10415,61,,,2,102,,10417,61,,,2,101,,10419,61,,,2,98,,10420,61,,,2,103,,10418,61,,,2,105,,10414,61,,,2,97,,10403,61,,,2,97,,10405,61,,,2,101,,10408,61,,,2,99,,10409,61,,,2,96,,10411,61,,,2,100,,10410,61,,,2,96,,10407,61,,,2,100,,10404,61,,,2,99,,10406,61,,,2
6504,'SEM',539,,10442,61,,,2,86,,10452,61,,,2,26,,10423,61,,,2,60,,10432,61,,,2,16,,10439,61,,,2,12,,10450,61,,,2,10,,10422,61,,,2,10,,10451,61,,,2,50,,10447,61,,,2,23,,10424,61,,,2,70,,10426,61,,,2,32,,10441,61,,,2,69,,10455,61,,,2,33,,10427,61,,,2,70,,10428,61,,,2,27,,10444,61,,,2,75,,10429,61,,,2,27,,10454,61,,,2,80,,10448,61,,,2,20,,10449,61,,,2,70,,10453,61,,,2,30,,10431,61,,,2,70,,10434,61,,,2,38,,10425,61,,,2,67,,10438,61,,,2,40,,10440,61,,,2,73,,10421,61,,,2,20,,10433,61,,,2,65,,10430,61,,,2,36,,10443,61,,,2,72,,10445,61,,,2,86,,10436,61,,,2,99,,10435,61,,,2,58,,10437,61,,,2,99,,10457,61,,,2,99,,10456,61,,,2,98,,10446,61,,,2
7601,'DIM',507,,11036,36,,,2,100,,11009,81,,,2,25,,11023,81,,,2,104,,11024,81,,,2,101,,11016,81,,,2,101,,11028,81,,,2,68,,11033,81,,,2,30,,11030,81,,,2,70,,11026,81,,,2,30,,11027,81,,,2,70,,11007,81,,,2,31,,11031,81,,,2,71,,11029,81,,,2,29,,11014,81,,,2,73,,11034,81,,,2,31,,11035,81,,,2,69,,11006,81,,,2,33,,11017,81,,,2,67,,11025,81,,,2,30,,11010,81,,,2,70,,11012,81,,,2,30,,11008,81,,,2,69,,11015,81,,,2,29,,11032,81,,,2,105,,11020,81,,,2,97,,11021,81,,,2,97,,11013,81,,,2,98,,11022,81,,,2,100,,11011,81,,,2,100,,11018,81,,,2,99,,11019,81,,,2
7601,'SAM',507,,11067,36,,,2,100,,11041,81,,,2,25,,11050,81,,,2,104,,11053,81,,,2,101,,11052,81,,,2,101,,11056,81,,,2,68,,11060,81,,,2,30,,11057,81,,,2,70,,11063,81,,,2,30,,11051,81,,,2,70,,11059,81,,,2,32,,11058,81,,,2,70,,11065,81,,,2,29,,11038,81,,,2,73,,11054,81,,,2,31,,11037,81,,,2,69,,11055,81,,,2,33,,11062,81,,,2,67,,11066,81,,,2,30,,11039,81,,,2,70,,11061,81,,,2,30,,11043,81,,,2,69,,11064,81,,,2,31,,11040,81,,,2,103,,11046,81,,,2,97,,11048,81,,,2,97,,11044,81,,,2,98,,11042,81,,,2,100,,11047,81,,,2,100,,11045,81,,,2,99,,11049,81,,,2
7601,'SEM',526,,11068,81,,,2,92,,11089,81,,,2,27,,11096,81,,,2,65,,11104,81,,,2,24,,11074,81,,,2,12,,11099,81,,,2,55,,11076,81,,,2,15,,11097,81,,,2,24,,11101,81,,,2,60,,11071,81,,,2,25,,11075,81,,,2,22,,11069,81,,,2,70,,11098,81,,,2,30,,11072,81,,,2,69,,11094,81,,,2,31,,11070,81,,,2,70,,11100,81,,,2,31,,11079,81,,,2,70,,11095,81,,,2,32,,11078,81,,,2,72,,11081,81,,,2,31,,11103,81,,,2,73,,11082,81,,,2,30,,11073,81,,,2,78,,11102,81,,,2,66,,11077,81,,,2,25,,11080,81,,,2,24,,11086,81,,,2,68,,11090,81,,,2,30,,11092,81,,,2,72,,11088,81,,,2,23,,11084,81,,,2,69,,11093,81,,,2,100,,11091,81,,,2,100,,11083,81,,,2,99,,11085,81,,,2,103,,11087,81,,,2
