1703,'DIM',631,,102,37,,,1,89,,94,37,,,1,101,,97,37,,,1,102,,96,37,,,1,97,,98,37,,,1,102,,93,37,,,1,100,,100,37,,,1,99,,95,37,,,1,102,,99,37,,,1,100,,101,37,,,1,102,,83,37,,,1,98,,87,37,,,1,98,,86,37,,,1,101,,85,37,,,1,98,,88,37,,,1,99,,91,37,,,1,100,,84,37,,,1,100,,89,37,,,1,102,,90,37,,,1,117,,92,37,,,1
1703,'SAM',553,,114,37,,,1,78,,121,37,,,1,89,,115,37,,,1,101,,111,37,,,1,102,,113,37,,,1,97,,116,37,,,1,101,,120,37,,,1,101,,118,37,,,1,100,,112,37,,,1,101,,119,37,,,1,100,,117,37,,,1,102,,122,37,,,1,99,,123,37,,,1,98,,103,37,,,1,100,,108,37,,,1,98,,105,37,,,1,99,,104,37,,,1,100,,106,37,,,1,100,,109,37,,,1,102,,110,37,,,1,117,,107,37,,,1
1703,'SEM',613,,140,37,,,1,104,,142,37,,,1,106,,141,37,,,1,96,,127,37,,,1,101,,139,37,,,1,101,,138,37,,,1,100,,144,37,,,1,101,,128,37,,,1,100,,125,37,,,1,99,,143,37,,,1,35,,146,37,,,1,60,,145,37,,,1,36,,124,37,,,1,63,,135,37,,,1,37,,126,37,,,1,79,,129,37,,,1,70,,132,37,,,1,27,,137,37,,,1,99,,147,37,,,1,100,,130,37,,,1,100,,131,37,,,1,99,,133,37,,,1,99,,134,37,,,1,102,,136,37,,,1
3103,'DIM',650,,1047,39,,,1,101,,1046,39,,,1,100,,1051,39,,,1,100,,1052,39,,,1,100,,1050,39,,,1,100,,1048,39,,,1,102,,1037,39,,,1,101,,1049,39,,,1,99,,1036,39,,,1,101,,1035,39,,,1,99,,1040,39,,,1,98,,1042,39,,,1,103,,1041,39,,,1,96,,1043,39,,,1,101,,1039,39,,,1,100,,1038,39,,,1,99,,1044,39,,,1,100,,1045,39,,,1
3103,'SAM',650,,1065,39,,,1,101,,1064,39,,,1,100,,1067,39,,,1,100,,1070,39,,,1,100,,1071,39,,,1,100,,1066,39,,,1,100,,1062,39,,,1,102,,1068,39,,,1,100,,1063,39,,,1,101,,1069,39,,,1,100,,1057,39,,,1,98,,1059,39,,,1,100,,1055,39,,,1,99,,1060,39,,,1,100,,1053,39,,,1,100,,1054,39,,,1,99,,1056,39,,,1,101,,1058,39,,,1,95,,1061,39,,,1
3103,'SEM',647,,1093,39,,,1,100,,1091,39,,,1,101,,1092,39,,,1,101,,1072,39,,,1,101,,1073,39,,,1,100,,1075,39,,,1,100,,1094,39,,,1,100,,1074,39,,,1,102,,1079,39,,,1,98,,1080,39,,,1,51,,1081,39,,,1,37,,1076,39,,,1,69,,1085,39,,,1,40,,1082,39,,,1,68,,1078,39,,,1,36,,1090,39,,,1,69,,1077,39,,,1,36,,1089,39,,,1,100,,1083,39,,,1,101,,1086,39,,,1,99,,1087,39,,,1,96,,1084,39,,,1,154,,1088,39,,,1
3903,'DIM',854,,1395,50,,,1,100,,1387,60,,,1,70,,1392,60,,,1,31,,1393,60,,,1,70,,1390,60,,,1,34,,1391,60,,,1,66,,1394,60,,,1,29,,1384,60,,,1,71,,1388,60,,,1,30,,1385,60,,,1,71,,1371,60,,,1,30,,1374,60,,,1,72,,1377,60,,,1,30,,1389,60,,,1,71,,1378,60,,,1,30,,1379,60,,,1,65,,1380,60,,,1,18,,1386,60,,,1,10,,1381,60,,,1,64,,1375,60,,,1,25,,1382,60,,,1,98,,1372,60,,,1,100,,1383,60,,,1,98,,1373,60,,,1,104,,1376,60,,,1
3903,'SAM',854,,1420,50,,,1,100,,1415,60,,,1,70,,1419,60,,,1,31,,1396,60,,,1,70,,1410,60,,,1,34,,1413,60,,,1,66,,1412,60,,,1,30,,1397,60,,,1,70,,1411,60,,,1,30,,1414,60,,,1,71,,1398,60,,,1,30,,1417,60,,,1,72,,1401,60,,,1,30,,1402,60,,,1,71,,1404,60,,,1,30,,1418,60,,,1,65,,1405,60,,,1,18,,1416,60,,,1,11,,1403,60,,,1,63,,1400,60,,,1,29,,1399,60,,,1,96,,1407,60,,,1,98,,1406,60,,,1,98,,1409,60,,,1,104,,1408,60,,,1
3903,'SEM',746,,1443,60,,,1,101,,1425,60,,,1,104,,1423,60,,,1,72,,1427,60,,,1,29,,1444,60,,,1,71,,1445,60,,,1,29,,1438,60,,,1,71,,1442,60,,,1,28,,1446,60,,,1,78,,1422,60,,,1,73,,1429,60,,,1,27,,1431,60,,,1,72,,1432,60,,,1,35,,1421,60,,,1,78,,1439,60,,,1,23,,1433,60,,,1,68,,1424,60,,,1,25,,1426,60,,,1,73,,1434,60,,,1,39,,1435,60,,,1,79,,1428,60,,,1,98,,1430,60,,,1,95,,1436,60,,,1,103,,1440,60,,,1,95,,1437,60,,,1,47,,1441,60,,,1
4503,'DIM',658,,2107,38,,,1,100,,2117,38,,,1,101,,2115,38,,,1,99,,2121,38,,,1,101,,2116,38,,,1,98,,2119,38,,,1,145,,2109,38,,,1,101,,2113,38,,,1,98,,2106,38,,,1,102,,2104,38,,,1,52,,2118,38,,,1,102,,2120,38,,,1,143,,2105,38,,,1,102,,2114,38,,,1,101,,2108,38,,,1,99,,2111,38,,,1,99,,2112,38,,,1,101,,2110,38,,,1
4503,'SAM',658,,2135,38,,,1,100,,2131,38,,,1,101,,2134,38,,,1,99,,2133,38,,,1,101,,2123,38,,,1,97,,2132,38,,,1,146,,2136,38,,,1,100,,2127,38,,,1,101,,2138,38,,,1,101,,2137,38,,,1,51,,2139,38,,,1,145,,2122,38,,,1,100,,2129,38,,,1,102,,2124,38,,,1,101,,2128,38,,,1,99,,2126,38,,,1,99,,2130,38,,,1,101,,2125,38,,,1
4503,'SEM',649,,2145,38,,,1,58,,2143,38,,,1,34,,2140,38,,,1,68,,2160,38,,,1,25,,2144,38,,,1,79,,2142,38,,,1,25,,2161,38,,,1,110,,2159,38,,,1,100,,2148,38,,,1,95,,2146,38,,,1,100,,2162,38,,,1,103,,2141,38,,,1,106,,2163,38,,,1,68,,2150,38,,,1,87,,2153,38,,,1,18,,2147,38,,,1,17,,2154,38,,,1,71,,2156,38,,,1,39,,2152,38,,,1,98,,2151,38,,,1,100,,2155,38,,,1,100,,2158,38,,,1,99,,2149,38,,,1,95,,2157,38,,,1
