14402,'DIM',740,,4553,4,,,2,99,,4546,4,,,2,101,,4556,4,,,2,100,,4555,4,,,2,72,,4552,4,,,2,30,,4554,4,,,2,73,,4557,4,,,2,33,,4567,4,,,2,70,,4560,4,,,2,34,,4559,4,,,2,73,,4565,4,,,2,28,,4561,4,,,2,75,,4563,4,,,2,73,,4566,4,,,2,28,,4564,4,,,2,74,,4544,4,,,2,34,,4562,4,,,2,68,,4558,4,,,2,34,,4549,4,,,2,99,,4550,4,,,2,81,,4543,4,,,2,97,,4548,4,,,2,98,,4551,4,,,2,97,,4542,4,,,2,101,,4545,4,,,2,95,,4547,4,,,2
14402,'SAM',740,,4582,4,,,2,99,,4571,4,,,2,101,,4587,4,,,2,100,,4588,4,,,2,72,,4583,4,,,2,30,,4589,4,,,2,73,,4593,4,,,2,33,,4585,4,,,2,70,,4584,4,,,2,34,,4568,4,,,2,73,,4586,4,,,2,28,,4590,4,,,2,75,,4591,4,,,2,73,,4573,4,,,2,28,,4592,4,,,2,74,,4569,4,,,2,34,,4572,4,,,2,68,,4594,4,,,2,34,,4579,4,,,2,99,,4570,4,,,2,81,,4575,4,,,2,97,,4574,4,,,2,98,,4576,4,,,2,97,,4581,4,,,2,101,,4577,4,,,2,99,,4578,4,,,2,100,,4580,4,,,2
14402,'SEM',540,,4619,4,,,2,90,,4627,4,,,2,110,,4630,4,,,2,93,,4602,4,,,2,91,,4596,4,,,2,30,,4605,4,,,2,74,,4610,4,,,2,30,,4609,4,,,2,70,,4611,4,,,2,75,,5633,4,,,2,30,,4625,4,,,2,70,,4599,4,,,2,35,,4598,4,,,2,73,,4626,4,,,2,28,,4629,4,,,2,79,,5397,4,,,2,20,,4597,4,,,2,17,,4604,4,,,2,51,,4607,4,,,2,19,,4614,4,,,2,17,,4608,4,,,2,11,,4628,4,,,2,55,,5396,4,,,2,15,,4601,4,,,2,11,,4600,4,,,2,16,,4603,4,,,2,56,,4606,4,,,2,21,,4616,4,,,2,18,,4612,4,,,2,62,,4620,4,,,2,94,,4617,4,,,2,52,,4621,4,,,2,99,,4613,4,,,2,100,,4615,4,,,2,98,,4618,4,,,2,101,,4623,4,,,2,150,,4622,4,,,2
15103,'DIM',627,,4649,4,,,2,21,,4653,4,,,2,64,,4631,4,,,2,29,,4651,4,,,2,74,,4658,4,,,2,31,,4661,4,,,2,68,,4655,4,,,2,31,,4654,4,,,2,75,,4647,4,,,2,31,,4665,4,,,2,70,,4648,4,,,2,32,,4663,4,,,2,75,,4659,4,,,2,73,,4652,4,,,2,31,,4656,4,,,2,72,,4650,4,,,2,42,,4660,4,,,2,66,,4632,4,,,2,39,,4662,4,,,2,66,,4633,4,,,2,31,,4657,4,,,2,61,,4664,4,,,2,21,,4666,4,,,2,71,,4634,4,,,2,43,,4635,4,,,2,71,,4643,4,,,2,29,,4639,4,,,2,73,,4646,4,,,2,36,,4638,4,,,2,62,,4645,4,,,2,36,,4636,4,,,2,70,,4642,4,,,2,30,,4640,4,,,2,93,,4637,4,,,2,99,,4641,4,,,2,72,,4644,4,,,2
15103,'SAM',627,,4688,4,,,2,21,,4690,4,,,2,64,,4686,4,,,2,29,,4689,4,,,2,74,,4694,4,,,2,31,,4696,4,,,2,68,,4697,4,,,2,31,,4698,4,,,2,75,,4699,4,,,2,31,,4700,4,,,2,70,,4668,4,,,2,32,,4692,4,,,2,75,,4691,4,,,2,73,,4693,4,,,2,31,,4685,4,,,2,72,,4667,4,,,2,42,,4687,4,,,2,66,,4703,4,,,2,39,,4702,4,,,2,66,,4695,4,,,2,31,,4669,4,,,2,61,,4674,4,,,2,21,,4675,4,,,2,71,,4701,4,,,2,43,,4670,4,,,2,71,,4681,4,,,2,29,,4676,4,,,2,73,,4683,4,,,2,36,,4673,4,,,2,62,,4682,4,,,2,36,,4671,4,,,2,70,,4679,4,,,2,30,,4677,4,,,2,93,,4672,4,,,2,99,,4678,4,,,2,72,,4680,4,,,2,101,,4684,4,,,2
15103,'SEM',556,,4749,4,,,2,61,,4717,4,,,2,16,,4754,4,,,2,12,,4745,4,,,2,62,,4748,4,,,2,19,,4751,4,,,2,21,,4706,4,,,2,58,,4709,4,,,2,23,,4753,4,,,2,22,,4755,4,,,2,60,,4721,4,,,2,15,,4705,4,,,2,29,,4757,4,,,2,60,,4727,4,,,2,22,,4716,4,,,2,20,,4750,4,,,2,60,,4744,4,,,2,20,,4713,4,,,2,66,,4733,4,,,2,21,,4730,4,,,2,23,,4746,4,,,2,60,,5540,4,,,2,20,,5635,4,,,2,20,,4756,4,,,2,65,,5634,4,,,2,18,,4711,4,,,2,19,,4714,4,,,2,59,,4704,4,,,2,18,,4707,4,,,2,16,,4722,4,,,2,60,,5319,4,,,2,15,,4710,4,,,2,15,,5320,4,,,2,15,,4719,4,,,2,54,,4708,4,,,2,15,,4715,4,,,2,14,,4735,4,,,2,15,,4718,4,,,2,14,,4720,4,,,2,56,,4726,4,,,2,21,,4725,4,,,2,67,,4738,4,,,2,30,,4728,4,,,2,69,,4731,4,,,2,37,,4742,4,,,2,69,,4739,4,,,2,26,,4723,4,,,2,74,,4724,4,,,2,29,,4737,4,,,2,68,,4729,4,,,2,32,,4732,4,,,2,70,,4734,4,,,2,36,,4736,4,,,2,79,,4741,4,,,2,80,,4740,4,,,2,32,,4743,4,,,2
24402,'SEM',1601,,5401,2,,,2,16,,5638,2,,,2,16,,4975,2,,,2
25103,'SEM',1519,,5403,2,,,1,14,,5402,2,,,1,18,,4981,2,,,1,60,,4977,2,,,1,11,,4979,2,,,1,15,,4978,2,,,1,15,,4980,2,,,1
71303,'DIM',542,,5640,4,,,2,65,,5643,4,,,2,25,,5642,4,,,2,69,,5644,4,,,2,25,,5641,4,,,2
71303,'SEM',613,,5109,4,,,2,95,,5443,4,,,2,112,,5112,4,,,2,101,,5548,4,,,2,100,,5110,4,,,2,100,,5120,4,,,2,100,,5111,4,,,2,100,,5648,4,,,2,100,,5650,4,,,2,89,,5645,4,,,2,30,,5649,4,,,2,71,,5122,4,,,2,30,,5651,4,,,2,71,,5646,4,,,2,31,,5647,4,,,2,69,,5123,4,,,2,100,,5113,4,,,2,100,,5118,4,,,2,99,,5114,4,,,2,99,,5119,4,,,2,100,,5124,4,,,2,100,,5125,4,,,2,102,,5115,4,,,2
