2201,'DIM',646,,7194,46,,,2,101,,7198,46,,,2,104,,7197,46,,,2,99,,7196,46,,,2,101,,7193,46,,,2,99,,7195,46,,,2,101,,7200,46,,,2,102,,7202,46,,,2,96,,7199,46,,,2,105,,7201,46,,,2,100,,7187,46,,,2,100,,7189,46,,,2,97,,7188,46,,,2,101,,7191,46,,,2,100,,7190,46,,,2,100,,7192,46,,,2
2201,'SAM',646,,7211,46,,,2,101,,7213,46,,,2,104,,7210,46,,,2,99,,7212,46,,,2,102,,7215,46,,,2,99,,7219,46,,,2,101,,7218,46,,,2,101,,7214,46,,,2,96,,7216,46,,,2,102,,7217,46,,,2,103,,7204,46,,,2,101,,7207,46,,,2,96,,7205,46,,,2,101,,7203,46,,,2,100,,7209,46,,,2,100,,7208,46,,,2,100,,7206,46,,,2
2201,'SEM',642,,7234,46,,,2,100,,7223,46,,,2,94,,7221,46,,,2,80,,7220,46,,,2,34,,7236,46,,,2,101,,7222,46,,,2,100,,7235,46,,,2,100,,7237,46,,,2,100,,7225,46,,,2,96,,7226,46,,,2,105,,7224,46,,,2,100,,7230,46,,,2,100,,7228,46,,,2,99,,7227,46,,,2,98,,7229,46,,,2,104,,7233,46,,,2,100,,7231,46,,,2,95,,7232,46,,,2,98,,11959,46,,,2
5001,'DIM',548,,9340,53,,,1,100,,9348,53,,,1,101,,9336,53,,,1,98,,9353,53,,,1,101,,9345,53,,,1,73,,9355,53,,,1,37,,9347,53,,,1,64,,9360,53,,,1,79,,9358,53,,,1,22,,9359,53,,,1,35,,9361,53,,,1,69,,9346,53,,,1,32,,9349,53,,,1,76,,9362,53,,,1,69,,9351,53,,,1,34,,9350,53,,,1,70,,9356,53,,,1,23,,9354,53,,,1,74,,9352,53,,,1,41,,9357,53,,,1,58,,9338,53,,,1,99,,9341,53,,,1,98,,9344,53,,,1,100,,9337,53,,,1,99,,9342,53,,,1,58,,9339,53,,,1,99,,9343,53,,,1
5001,'SAM',548,,9370,53,,,1,100,,9373,53,,,1,101,,9364,53,,,1,98,,9385,53,,,1,101,,9383,53,,,1,79,,9388,53,,,1,30,,9381,53,,,1,65,,9365,53,,,1,79,,9389,53,,,1,22,,9387,53,,,1,35,,9366,53,,,1,69,,9377,53,,,1,32,,9379,53,,,1,76,,9382,53,,,1,69,,9378,53,,,1,34,,9380,53,,,1,70,,9368,53,,,1,23,,9369,53,,,1,74,,9363,53,,,1,39,,9384,53,,,1,61,,9386,53,,,1,98,,9374,53,,,1,98,,9376,53,,,1,100,,9375,53,,,1,99,,9371,53,,,1,58,,9367,53,,,1,99,,9372,53,,,1
5001,'SEM',540,,9411,53,,,1,107,,9416,53,,,1,76,,9412,53,,,1,24,,9391,53,,,1,77,,9390,53,,,1,24,,9393,53,,,1,71,,9419,53,,,1,26,,9420,53,,,1,73,,9415,53,,,1,27,,9392,53,,,1,73,,9396,53,,,1,28,,9414,53,,,1,72,,9402,53,,,1,32,,9417,53,,,1,70,,9397,53,,,1,32,,9413,53,,,1,68,,9418,53,,,1,30,,9395,53,,,1,84,,9394,53,,,1,67,,9405,53,,,1,36,,9398,53,,,1,70,,9399,53,,,1,29,,9404,53,,,1,66,,9400,53,,,1,35,,9403,53,,,1,69,,9406,53,,,1,35,,9407,53,,,1,104,,11984,53,,,1,103,,9401,53,,,1,103,,9409,53,,,1,104,,9408,53,,,1,146,,9410,53,,,1,49,,11985,43,,,1
5801,'DIM',548,,9832,61,,,2,101,,9814,61,,,2,91,,9823,61,,,2,101,,9826,61,,,2,99,,9829,61,,,2,100,,9822,61,,,2,102,,9831,61,,,2,98,,9828,61,,,2,103,,9825,61,,,2,99,,9827,61,,,2,102,,9824,61,,,2,99,,9817,61,,,2,101,,9830,61,,,2,99,,9813,61,,,2,99,,9821,61,,,2,99,,9816,61,,,2,100,,9815,61,,,2,100,,9819,61,,,2,98,,9818,61,,,2,110,,9820,61,,,2
5801,'SAM',548,,9852,61,,,2,101,,9844,61,,,2,91,,9843,61,,,2,101,,9848,61,,,2,100,,9846,61,,,2,99,,9849,61,,,2,102,,9851,61,,,2,98,,9833,61,,,2,101,,9842,61,,,2,101,,9847,61,,,2,101,,9845,61,,,2,101,,9850,61,,,2,100,,9836,61,,,2,100,,9840,61,,,2,98,,9834,61,,,2,99,,9841,61,,,2,100,,9837,61,,,2,100,,9839,61,,,2,98,,9835,61,,,2,110,,9838,61,,,2
5801,'SEM',540,,9866,61,,,2,68,,9863,61,,,2,42,,9875,61,,,2,85,,9864,61,,,2,86,,9870,61,,,2,85,,9857,61,,,2,99,,9876,61,,,2,100,,9853,61,,,2,100,,9858,61,,,2,100,,9874,61,,,2,100,,9854,61,,,2,47,,9865,61,,,2,71,,9855,61,,,2,32,,9877,61,,,2,69,,9860,61,,,2,35,,9862,61,,,2,69,,9861,61,,,2,27,,9856,61,,,2,69,,9873,61,,,2,29,,9859,61,,,2,70,,9872,61,,,2,100,,11991,61,,,2,99,,9868,61,,,2,99,,9867,61,,,2,99,,9869,61,,,2,98,,9871,61,,,2
22201,'DIM',1418,,11652,46,,,2,815,,11650,46,,,2,83,,11651,46,,,2
22201,'SAM',1418,,11657,46,,,2,815,,11653,46,,,2,83,,11654,46,,,2,100,,11656,46,,,2,112,,11655,46,,,2
22201,'SEM',722,,11658,46,,,2,10,,11659,46,,,2,683,,11660,46,,,2,100,,11661,46,,,2,105,,11665,46,,,2,100,,11663,46,,,2,90,,11662,46,,,2,625,,11664,46,,,2
