1703,'DIM',627,,6972,29,,,1,89,,6965,29,,,1,101,,100,29,,,1,101,,6967,29,,,1,97,,6968,29,,,1,101,,6964,29,,,1,100,,6970,29,,,1,99,,6966,29,,,1,102,,6969,29,,,1,100,,6971,29,,,1,102,,6954,29,,,1,98,,6958,29,,,1,99,,6957,29,,,1,101,,6956,29,,,1,98,,6959,29,,,1,99,,6962,29,,,1,101,,6955,29,,,1,100,,6960,29,,,1,102,,6961,29,,,1,118,,6963,29,,,1
1703,'SAM',549,,6984,29,,,1,78,,6990,29,,,1,89,,121,29,,,1,101,,6981,29,,,1,101,,6983,29,,,1,97,,6985,29,,,1,100,,6989,29,,,1,101,,6987,29,,,1,100,,6982,29,,,1,101,,6988,29,,,1,100,,6986,29,,,1,102,,6991,29,,,1,99,,6992,29,,,1,99,,6973,29,,,1,100,,6978,29,,,1,98,,6975,29,,,1,99,,6974,29,,,1,101,,6976,29,,,1,100,,6979,29,,,1,102,,6980,29,,,1,118,,6977,29,,,1
1703,'SEM',609,,7010,29,,,1,104,,7012,29,,,1,105,,7011,29,,,1,96,,6996,29,,,1,101,,7009,29,,,1,100,,7008,29,,,1,100,,7014,29,,,1,101,,6997,29,,,1,100,,6994,29,,,1,99,,7013,29,,,1,35,,7016,29,,,1,60,,7015,29,,,1,36,,6993,29,,,1,63,,7004,29,,,1,37,,6995,29,,,1,79,,6998,29,,,1,30,,7001,29,,,1,68,,7006,29,,,1,99,,7007,29,,,1,100,,6999,29,,,1,100,,7000,29,,,1,100,,7002,29,,,1,99,,7003,29,,,1,102,,7005,29,,,1
3103,'DIM',646,,7902,31,,,1,101,,7901,31,,,1,99,,1058,31,,,1,99,,7906,31,,,1,100,,7905,31,,,1,100,,7903,31,,,1,102,,7892,31,,,1,101,,7904,31,,,1,99,,7891,31,,,1,101,,7890,31,,,1,99,,7895,31,,,1,98,,7897,31,,,1,103,,7896,31,,,1,96,,7898,31,,,1,101,,7894,31,,,1,100,,7893,31,,,1,100,,7899,31,,,1,101,,7900,31,,,1
3103,'SAM',646,,7919,31,,,1,101,,7918,31,,,1,99,,1075,31,,,1,99,,7923,31,,,1,100,,7924,31,,,1,100,,7920,31,,,1,100,,7916,31,,,1,102,,7921,31,,,1,100,,7917,31,,,1,101,,7922,31,,,1,100,,7911,31,,,1,98,,7913,31,,,1,100,,7909,31,,,1,99,,7914,31,,,1,100,,7907,31,,,1,100,,7908,31,,,1,100,,7910,31,,,1,102,,7912,31,,,1,95,,7915,31,,,1
3103,'SEM',643,,7946,31,,,1,99,,7944,31,,,1,100,,7945,31,,,1,101,,7925,31,,,1,101,,7926,31,,,1,100,,7928,31,,,1,100,,7947,31,,,1,100,,7927,31,,,1,102,,7932,31,,,1,98,,7933,31,,,1,11,,7934,31,,,1,77,,7929,31,,,1,69,,7938,31,,,1,40,,7935,31,,,1,68,,7931,31,,,1,36,,7943,31,,,1,69,,7930,31,,,1,36,,7942,31,,,1,100,,7936,31,,,1,101,,7939,31,,,1,100,,7940,31,,,1,97,,7937,31,,,1,154,,7941,31,,,1
3903,'DIM',850,,1407,42,,,1,100,,8236,52,,,1,70,,8241,52,,,1,31,,8242,52,,,1,70,,8239,52,,,1,34,,8240,52,,,1,66,,8243,52,,,1,29,,8233,52,,,1,71,,8237,52,,,1,30,,8234,52,,,1,70,,8220,52,,,1,30,,8223,52,,,1,72,,8226,52,,,1,30,,8238,52,,,1,71,,8227,52,,,1,30,,8228,52,,,1,65,,8229,52,,,1,18,,8235,52,,,1,10,,8230,52,,,1,64,,8224,52,,,1,25,,8231,52,,,1,99,,8221,52,,,1,100,,8232,52,,,1,98,,8222,52,,,1,104,,8225,52,,,1
3903,'SAM',850,,8268,42,,,1,100,,8263,52,,,1,70,,8267,52,,,1,31,,8244,52,,,1,70,,8258,52,,,1,34,,8261,52,,,1,66,,8260,52,,,1,30,,8245,52,,,1,70,,8259,52,,,1,30,,8262,52,,,1,70,,8246,52,,,1,30,,8265,52,,,1,72,,8249,52,,,1,30,,8250,52,,,1,71,,8252,52,,,1,30,,8266,52,,,1,65,,8253,52,,,1,18,,8264,52,,,1,11,,8251,52,,,1,63,,8248,52,,,1,29,,8247,52,,,1,97,,8255,52,,,1,98,,8254,52,,,1,98,,8257,52,,,1,104,,8256,52,,,1
3903,'SEM',742,,8291,52,,,1,100,,8273,52,,,1,104,,8271,52,,,1,73,,8275,52,,,1,29,,8292,52,,,1,71,,8293,52,,,1,29,,8286,52,,,1,71,,8290,52,,,1,27,,8294,52,,,1,78,,8270,52,,,1,33,,8277,52,,,1,67,,8279,52,,,1,32,,8280,52,,,1,75,,8269,52,,,1,78,,8287,52,,,1,23,,8281,52,,,1,68,,8272,52,,,1,25,,8274,52,,,1,33,,8282,52,,,1,79,,8283,52,,,1,79,,8276,52,,,1,98,,8278,52,,,1,95,,8284,52,,,1,103,,8288,52,,,1,96,,8285,52,,,1,48,,8289,52,,,1
7303,'DIM',701,,10755,29,,,1,100,,10752,29,,,1,101,,10753,29,,,1,98,,10756,29,,,1,100,,10759,29,,,1,100,,10754,29,,,1,101,,10757,29,,,1,102,,10751,29,,,1,99,,10758,29,,,1,102,,10760,29,,,1,99,,10745,29,,,1,99,,10742,29,,,1,100,,10748,29,,,1,98,,10744,29,,,1,100,,10743,29,,,1,100,,10746,29,,,1,59,,10747,29,,,1,142,,10750,29,,,1,105,,10749,29,,,1
7303,'SAM',607,,10775,29,,,1,94,,10772,29,,,1,100,,10771,29,,,1,101,,10776,29,,,1,98,,10778,29,,,1,101,,10774,29,,,1,99,,10764,29,,,1,101,,10777,29,,,1,102,,10773,29,,,1,99,,10779,29,,,1,102,,10780,29,,,1,101,,10763,29,,,1,98,,10761,29,,,1,98,,10762,29,,,1,99,,10766,29,,,1,100,,10765,29,,,1,100,,4040,29,,,1,59,,10767,29,,,1,142,,4041,29,,,1,105,,10768,29,,,1,100,,10770,29,,,1,100,,10769,29,,,1
7303,'SEM',555,,10817,29,,,1,66,,10814,29,,,1,79,,10813,29,,,1,10,,10818,29,,,1,39,,10807,29,,,1,56,,10783,29,,,1,43,,10815,29,,,1,52,,10782,29,,,1,30,,10800,29,,,1,71,,10816,29,,,1,29,,10784,29,,,1,71,,10789,29,,,1,29,,10799,29,,,1,72,,10790,29,,,1,30,,10819,29,,,1,70,,10785,29,,,1,30,,10788,29,,,1,70,,10794,29,,,1,30,,10781,29,,,1,70,,10791,29,,,1,35,,10820,29,,,1,65,,10801,29,,,1,15,,10793,29,,,1,21,,10786,29,,,1,16,,10787,29,,,1,63,,10797,29,,,1,16,,10795,29,,,1,70,,10808,29,,,1,14,,10796,29,,,1,16,,10792,29,,,1,72,,10802,29,,,1,30,,10805,29,,,1,72,,10798,29,,,1,99,,10810,29,,,1,100,,10803,29,,,1,99,,10809,29,,,1,99,,10804,29,,,1,41,,10806,29,,,1,95,,10811,29,,,1,161,,10812,29,,,1
7401,'DIM',732,,10911,29,,,2,99,,10912,29,,,2,102,,10915,29,,,2,98,,10914,29,,,2,101,,10916,29,,,2,100,,10913,29,,,2,101,,10910,29,,,2,99,,10909,29,,,2,102,,10917,29,,,2,98,,10903,29,,,2,102,,10904,29,,,2,99,,10906,29,,,2,98,,10907,29,,,2,99,,10908,29,,,2,101,,10902,29,,,2,99,,10901,29,,,2,101,,10905,29,,,2
7401,'SAM',732,,10926,29,,,2,99,,10928,29,,,2,102,,10927,29,,,2,99,,10930,29,,,2,100,,10932,29,,,2,100,,10934,29,,,2,102,,10929,29,,,2,98,,10933,29,,,2,101,,10931,29,,,2,99,,10918,29,,,2,101,,10921,29,,,2,101,,10923,29,,,2,98,,10922,29,,,2,98,,10924,29,,,2,101,,10919,29,,,2,99,,10925,29,,,2,101,,10920,29,,,2
7401,'SEM',635,,10950,29,,,2,95,,10935,29,,,2,101,,10949,29,,,2,103,,10939,29,,,2,101,,10940,29,,,2,101,,10953,29,,,2,100,,10938,29,,,2,101,,10952,29,,,2,100,,10951,29,,,2,93,,10937,29,,,2,94,,10941,29,,,2,101,,10936,29,,,2,30,,10943,29,,,2,83,,10948,29,,,2,99,,10942,29,,,2,101,,10945,29,,,2,100,,10946,29,,,2,99,,10944,29,,,2,100,,10954,29,,,2,95,,10947,29,,,2
