1703,'DIM',625,,6972,24,,,1,89,,6965,24,,,1,100,,100,24,,,1,101,,6967,24,,,1,97,,6968,24,,,1,101,,6964,24,,,1,100,,6970,24,,,1,99,,6966,24,,,1,102,,6969,24,,,1,100,,6971,24,,,1,102,,6954,24,,,1,98,,6958,24,,,1,99,,6957,24,,,1,101,,6956,24,,,1,98,,6959,24,,,1,99,,6962,24,,,1,101,,6955,24,,,1,100,,6960,24,,,1,102,,6961,24,,,1,119,,6963,24,,,1
1703,'SAM',547,,6984,24,,,1,78,,6990,24,,,1,89,,121,24,,,1,100,,6981,24,,,1,101,,6983,24,,,1,97,,6985,24,,,1,100,,6989,24,,,1,101,,6987,24,,,1,100,,6982,24,,,1,101,,6988,24,,,1,100,,6986,24,,,1,102,,6991,24,,,1,99,,6992,24,,,1,99,,6973,24,,,1,100,,6978,24,,,1,98,,6975,24,,,1,99,,6974,24,,,1,101,,6976,24,,,1,100,,6979,24,,,1,102,,6980,24,,,1,119,,6977,24,,,1
1703,'SEM',607,,7010,24,,,1,103,,7012,24,,,1,105,,7011,24,,,1,96,,6996,24,,,1,101,,7009,24,,,1,100,,7008,24,,,1,100,,7014,24,,,1,101,,6997,24,,,1,100,,6994,24,,,1,98,,7013,24,,,1,35,,7016,24,,,1,60,,7015,24,,,1,36,,6993,24,,,1,63,,7004,24,,,1,38,,6995,24,,,1,79,,6998,24,,,1,30,,7001,24,,,1,68,,7006,24,,,1,99,,7007,24,,,1,100,,6999,24,,,1,100,,7000,24,,,1,100,,7002,24,,,1,99,,7003,24,,,1,103,,7005,24,,,1
3103,'DIM',644,,7902,26,,,1,100,,7901,26,,,1,99,,1058,26,,,1,99,,7906,26,,,1,99,,7905,26,,,1,100,,7903,26,,,1,102,,7892,26,,,1,101,,7904,26,,,1,99,,7891,26,,,1,102,,7890,26,,,1,99,,7895,26,,,1,98,,7897,26,,,1,103,,7896,26,,,1,96,,7898,26,,,1,101,,7894,26,,,1,100,,7893,26,,,1,100,,7899,26,,,1,101,,7900,26,,,1
3103,'SAM',644,,7919,26,,,1,100,,7918,26,,,1,99,,1075,26,,,1,99,,7923,26,,,1,99,,7924,26,,,1,100,,7920,26,,,1,100,,7916,26,,,1,102,,7921,26,,,1,100,,7917,26,,,1,102,,7922,26,,,1,100,,7911,26,,,1,98,,7913,26,,,1,100,,7909,26,,,1,99,,7914,26,,,1,100,,7907,26,,,1,100,,7908,26,,,1,100,,7910,26,,,1,102,,7912,26,,,1,95,,7915,26,,,1
3103,'SEM',640,,7946,26,,,1,99,,7944,26,,,1,100,,7945,26,,,1,101,,7925,26,,,1,101,,7926,26,,,1,100,,7928,26,,,1,100,,7947,26,,,1,100,,7927,26,,,1,101,,7932,26,,,1,98,,7933,26,,,1,11,,7934,26,,,1,77,,7929,26,,,1,29,,7938,26,,,1,80,,7935,26,,,1,69,,7931,26,,,1,36,,7943,26,,,1,69,,7930,26,,,1,36,,7942,26,,,1,100,,7936,26,,,1,101,,7939,26,,,1,100,,7940,26,,,1,97,,7937,26,,,1,114,,7941,26,,,1
7303,'DIM',659,,10755,24,,,1,100,,10752,24,,,1,100,,10753,24,,,1,98,,10756,24,,,1,100,,10759,24,,,1,100,,10754,24,,,1,100,,10757,24,,,1,102,,10751,24,,,1,99,,10758,24,,,1,142,,10760,24,,,1,59,,10745,24,,,1,99,,10742,24,,,1,101,,10748,24,,,1,98,,10744,24,,,1,100,,10743,24,,,1,100,,10746,24,,,1,100,,10747,24,,,1,102,,10750,24,,,1,145,,10749,24,,,1
7303,'SAM',605,,10775,24,,,1,54,,10772,24,,,1,100,,10771,24,,,1,100,,10776,24,,,1,98,,10778,24,,,1,101,,10774,24,,,1,99,,10764,24,,,1,100,,10777,24,,,1,102,,10773,24,,,1,99,,10779,24,,,1,142,,10780,24,,,1,101,,10763,24,,,1,58,,10761,24,,,1,99,,10762,24,,,1,99,,10766,24,,,1,100,,10765,24,,,1,100,,4040,24,,,1,100,,10767,24,,,1,102,,4041,24,,,1,145,,10768,24,,,1,100,,10770,24,,,1,100,,10769,24,,,1
7303,'SEM',552,,10817,24,,,1,66,,10814,24,,,1,39,,10813,24,,,1,50,,10818,24,,,1,39,,10807,24,,,1,56,,10783,24,,,1,43,,10815,24,,,1,12,,10782,24,,,1,70,,10800,24,,,1,31,,10816,24,,,1,69,,10784,24,,,1,31,,10789,24,,,1,69,,10799,24,,,1,32,,10790,24,,,1,69,,10819,24,,,1,30,,10785,24,,,1,70,,10788,24,,,1,30,,10794,24,,,1,70,,10781,24,,,1,30,,10791,24,,,1,75,,10820,24,,,1,25,,10801,24,,,1,55,,10793,24,,,1,21,,10786,24,,,1,16,,10787,24,,,1,63,,10797,24,,,1,16,,10795,24,,,1,30,,10808,24,,,1,55,,10796,24,,,1,16,,10792,24,,,1,72,,10802,24,,,1,30,,10805,24,,,1,72,,10798,24,,,1,99,,10810,24,,,1,100,,10803,24,,,1,99,,10809,24,,,1,100,,10804,24,,,1,41,,10806,24,,,1,95,,10811,24,,,1,121,,10812,24,,,1
7401,'DIM',729,,10911,24,,,2,99,,10912,24,,,2,102,,10915,24,,,2,97,,10914,24,,,2,101,,10916,24,,,2,100,,10913,24,,,2,101,,10910,24,,,2,99,,10909,24,,,2,102,,10917,24,,,2,99,,10903,24,,,2,102,,10904,24,,,2,99,,10906,24,,,2,98,,10907,24,,,2,99,,10908,24,,,2,101,,10902,24,,,2,99,,10901,24,,,2,101,,10905,24,,,2
7401,'SAM',729,,10926,24,,,2,99,,10928,24,,,2,102,,10927,24,,,2,98,,10930,24,,,2,100,,10932,24,,,2,100,,10934,24,,,2,102,,10929,24,,,2,98,,10933,24,,,2,101,,10931,24,,,2,100,,10918,24,,,2,101,,10921,24,,,2,101,,10923,24,,,2,98,,10922,24,,,2,98,,10924,24,,,2,101,,10919,24,,,2,99,,10925,24,,,2,101,,10920,24,,,2
7401,'SEM',632,,10950,24,,,2,95,,10935,24,,,2,101,,10949,24,,,2,103,,10939,24,,,2,101,,10940,24,,,2,101,,10953,24,,,2,99,,10938,24,,,2,101,,10952,24,,,2,100,,10951,24,,,2,93,,10937,24,,,2,94,,10941,24,,,2,101,,10936,24,,,2,30,,10943,24,,,2,84,,10948,24,,,2,99,,10942,24,,,2,101,,10945,24,,,2,100,,10946,24,,,2,99,,10944,24,,,2,100,,10954,24,,,2,95,,10947,24,,,2
