'OCTO24DIM',14401,62200,4,'',2,9100,4,'',2,10200,4,'',2,10100,4,'',2,10100,4,'',2,2900,4,'',2,7000,4,'',2,3000,4,'',2,7100,4,'',2,3000,4,'',2,7200,4,'',2,2800,4,'',2,7200,4,'',2,2900,4,'',2,7000,4,'',2,2900,4,'',2,7000,4,'',2,3100,4,'',2,7100,4,'',2,2800,4,'',2,9800,4,'',2,10400,4,'',2,9600,4,'',2,9900,4,'',2,10000,4,'',2,10000,4,'',2
'OCTO24DIM',14402,72700,,'',2,10000,,'',2,10100,,'',2,10100,,'',2,2900,,'',2,7000,,'',2,3000,,'',2,7000,,'',2,3000,,'',2,7400,,'',2,2600,,'',2,7300,,'',2,2800,,'',2,7000,,'',2,3000,,'',2,6900,,'',2,7300,,'',2,2900,,'',2,2900,,'',2,9900,,'',2,14200,,'',2,5700,,'',2,10000,,'',2,10000,,'',2,10000,,'',2,10100,,'',2
'OCTO24JRA',14401,114600,4,'',2,7100,4,'',2,3000,4,'',2,7200,4,'',2,2800,4,'',2,7200,4,'',2,2900,4,'',2,7000,4,'',2,2900,4,'',2,7000,4,'',2,3100,4,'',2,7100,4,'',2,2800,4,'',2,9800,4,'',2,10400,4,'',2,9600,4,'',2
'OCTO24JRA',14402,112800,,'',2,3000,,'',2,7000,,'',2,3000,,'',2,7400,,'',2,2600,,'',2,7300,,'',2,2800,,'',2,7000,,'',2,3000,,'',2,6900,,'',2,7300,,'',2,2900,,'',2,2900,,'',2,9900,,'',2,14200,,'',2,5700,,'',2
'OCTO24NOE',14401,114600,4,'',2,7100,4,'',2,3000,4,'',2,7200,4,'',2,2800,4,'',2,7200,4,'',2,2900,4,'',2,7000,4,'',2,2900,4,'',2,7000,4,'',2,3100,4,'',2,7100,4,'',2,2800,4,'',2,9800,4,'',2,10400,4,'',2,9600,4,'',2
'OCTO24NOE',14402,112800,,'',2,3000,,'',2,7000,,'',2,3000,,'',2,7400,,'',2,2600,,'',2,7300,,'',2,2800,,'',2,7000,,'',2,3000,,'',2,6900,,'',2,7300,,'',2,2900,,'',2,2900,,'',2,9900,,'',2,14200,,'',2,5700,,'',2
'OCTO24SAM',14401,62400,4,'',2,8900,4,'',2,10000,4,'',2,10300,4,'',2,10000,4,'',2,2900,4,'',2,7000,4,'',2,3100,4,'',2,7100,4,'',2,3000,4,'',2,7200,4,'',2,2800,4,'',2,7100,4,'',2,3000,4,'',2,6900,4,'',2,3000,4,'',2,7000,4,'',2,3100,4,'',2,6900,4,'',2,3000,4,'',2,9900,4,'',2,10300,4,'',2,9600,4,'',2,9900,4,'',2,10000,4,'',2,10000,4,'',2,10000,4,'',2,10000,4,'',2
'OCTO24SAM',14402,72700,,'',2,10000,,'',2,10100,,'',2,10100,,'',2,2900,,'',2,7000,,'',2,3000,,'',2,7000,,'',2,3000,,'',2,7400,,'',2,2600,,'',2,7300,,'',2,2800,,'',2,7000,,'',2,3000,,'',2,6900,,'',2,7300,,'',2,2800,,'',2,3000,,'',2,9900,,'',2,14200,,'',2,5700,,'',2,10000,,'',2,10000,,'',2,10000,,'',2,10100,,'',2,14300,,'',2
'OCTO24SEM',14401,60000,4,'',2,3700,4,'',2,1700,4,'',2,5400,4,'',2,1200,4,'',2,1200,4,'',2,900,4,'',2,1000,4,'',2,5100,4,'',2,1500,4,'',2,1300,4,'',2,1400,4,'',2,1500,4,'',2,5400,4,'',2,1500,4,'',2,1500,4,'',2,7000,4,'',2,3000,4,'',2,7100,4,'',2,3000,4,'',2,6900,4,'',2,3100,4,'',2,7000,4,'',2,3000,4,'',2,6900,4,'',2,3100,4,'',2,6700,4,'',2,3300,4,'',2,10200,4,'',2,10100,4,'',2,9700,4,'',2,10000,4,'',2,9500,4,'',2,10000,4,'',2,10000,4,'',2,9800,4,'',2,10000,4,'',2
'OCTO24SEM',14402,52500,,'',2,9300,,'',2,10600,,'',2,10200,,'',2,9900,,'',2,3000,,'',2,7000,,'',2,3000,,'',2,7000,,'',2,3000,,'',2,7000,,'',2,3000,,'',2,7000,,'',2,3000,,'',2,6900,,'',2,2900,,'',2,7200,,'',2,1500,,'',2,1000,,'',2,5300,,'',2,1300,,'',2,1300,,'',2,1200,,'',2,1000,,'',2,5100,,'',2,1200,,'',2,1300,,'',2,1700,,'',2,1500,,'',2,5600,,'',2,2000,,'',2,2200,,'',2,9800,,'',2,9500,,'',2,9800,,'',2,10200,,'',2,9800,,'',2,10000,,'',2,10100,,'',2
'OCTO24SEM',90203,62800,,'',1,8800,,'',1,10200,,'',1,8800,,'',1,10000,,'',1,9900,,'',1,10000,,'',1,10100,,'',1,9900,,'',1,10000,,'',1,3000,,'',1,7100,,'',1,1900,,'',1,3000,,'',1,7000,,'',1,8000,,'',1,10200,,'',1,9800,,'',1,10000,,'',1,10000,,'',1
'OCTO24SEM',90204,62200,4,'',1,3200,4,'',1,6700,4,'',1,3600,4,'',1,6900,4,'',1,2900,4,'',1,7100,4,'',1,2800,4,'',1,9900,4,'',1,10000,4,'',1,10200,4,'',1,9900,4,'',1,9900,4,'',1,15100,4,'',1,9600,4,'',1,10000,4,'',1,5600,4,'',1,9800,4,'',1,9900,4,'',1,9900,4,'',1,8600,4,'',1
