1703,'DIM',632,,6972,39,,,1,89,,6965,39,,,1,101,,100,39,,,1,102,,6967,39,,,1,97,,6968,39,,,1,102,,6964,39,,,1,100,,6970,39,,,1,99,,6966,39,,,1,102,,6969,39,,,1,100,,6971,39,,,1,102,,6954,39,,,1,98,,6958,39,,,1,98,,6957,39,,,1,101,,6956,39,,,1,98,,6959,39,,,1,99,,6962,39,,,1,100,,6955,39,,,1,100,,6960,39,,,1,102,,6961,39,,,1,117,,6963,39,,,1
1703,'SAM',554,,6984,39,,,1,78,,6990,39,,,1,89,,121,39,,,1,101,,6981,39,,,1,102,,6983,39,,,1,97,,6985,39,,,1,101,,6989,39,,,1,101,,6987,39,,,1,100,,6982,39,,,1,101,,6988,39,,,1,100,,6986,39,,,1,102,,6991,39,,,1,99,,6992,39,,,1,98,,6973,39,,,1,100,,6978,39,,,1,98,,6975,39,,,1,99,,6974,39,,,1,100,,6976,39,,,1,100,,6979,39,,,1,102,,6980,39,,,1,117,,6977,39,,,1
1703,'SEM',614,,7010,39,,,1,104,,7012,39,,,1,106,,7011,39,,,1,96,,6996,39,,,1,101,,7009,39,,,1,101,,7008,39,,,1,100,,7014,39,,,1,101,,6997,39,,,1,100,,6994,39,,,1,99,,7013,39,,,1,35,,7016,39,,,1,60,,7015,39,,,1,36,,6993,39,,,1,63,,7004,39,,,1,37,,6995,39,,,1,79,,6998,39,,,1,70,,7001,39,,,1,27,,7006,39,,,1,99,,7007,39,,,1,100,,6999,39,,,1,100,,7000,39,,,1,99,,7002,39,,,1,99,,7003,39,,,1,102,,7005,39,,,1
3103,'DIM',651,,7902,41,,,1,101,,7901,41,,,1,100,,1058,41,,,1,100,,7906,41,,,1,100,,7905,41,,,1,100,,7903,41,,,1,102,,7892,41,,,1,101,,7904,41,,,1,99,,7891,41,,,1,101,,7890,41,,,1,99,,7895,41,,,1,98,,7897,41,,,1,103,,7896,41,,,1,96,,7898,41,,,1,101,,7894,41,,,1,100,,7893,41,,,1,99,,7899,41,,,1,100,,7900,41,,,1
3103,'SAM',651,,7919,41,,,1,101,,7918,41,,,1,100,,1075,41,,,1,100,,7923,41,,,1,100,,7924,41,,,1,100,,7920,41,,,1,100,,7916,41,,,1,102,,7921,41,,,1,100,,7917,41,,,1,101,,7922,41,,,1,100,,7911,41,,,1,98,,7913,41,,,1,100,,7909,41,,,1,99,,7914,41,,,1,100,,7907,41,,,1,100,,7908,41,,,1,99,,7910,41,,,1,101,,7912,41,,,1,95,,7915,41,,,1
3103,'SEM',648,,7946,41,,,1,100,,7944,41,,,1,101,,7945,41,,,1,101,,7925,41,,,1,101,,7926,41,,,1,100,,7928,41,,,1,100,,7947,41,,,1,100,,7927,41,,,1,102,,7932,41,,,1,98,,7933,41,,,1,51,,7934,41,,,1,37,,7929,41,,,1,69,,7938,41,,,1,40,,7935,41,,,1,68,,7931,41,,,1,36,,7943,41,,,1,69,,7930,41,,,1,36,,7942,41,,,1,100,,7936,41,,,1,101,,7939,41,,,1,99,,7940,41,,,1,96,,7937,41,,,1,154,,7941,41,,,1
3903,'DIM',855,,1407,52,,,1,100,,8236,62,,,1,70,,8241,62,,,1,31,,8242,62,,,1,70,,8239,62,,,1,74,,8240,62,,,1,26,,8243,62,,,1,29,,8233,62,,,1,71,,8237,62,,,1,30,,8234,62,,,1,71,,8220,62,,,1,30,,8223,62,,,1,72,,8226,62,,,1,30,,8238,62,,,1,71,,8227,62,,,1,70,,8228,62,,,1,25,,8229,62,,,1,18,,8235,62,,,1,10,,8230,62,,,1,64,,8224,62,,,1,25,,8231,62,,,1,98,,8221,62,,,1,100,,8232,62,,,1,98,,8222,62,,,1,104,,8225,62,,,1
3903,'SAM',855,,8268,52,,,1,100,,8263,62,,,1,70,,8267,62,,,1,31,,8244,62,,,1,70,,8258,62,,,1,74,,8261,62,,,1,26,,8260,62,,,1,30,,8245,62,,,1,70,,8259,62,,,1,30,,8262,62,,,1,71,,8246,62,,,1,30,,8265,62,,,1,72,,8249,62,,,1,30,,8250,62,,,1,71,,8252,62,,,1,70,,8266,62,,,1,25,,8253,62,,,1,18,,8264,62,,,1,11,,8251,62,,,1,63,,8248,62,,,1,29,,8247,62,,,1,96,,8255,62,,,1,98,,8254,62,,,1,98,,8257,62,,,1,104,,8256,62,,,1
3903,'SEM',747,,8291,62,,,1,101,,8273,62,,,1,104,,8271,62,,,1,72,,8275,62,,,1,29,,8292,62,,,1,71,,8293,62,,,1,29,,8286,62,,,1,71,,8290,62,,,1,28,,8294,62,,,1,78,,8270,62,,,1,73,,8277,62,,,1,27,,8279,62,,,1,72,,8280,62,,,1,35,,8269,62,,,1,78,,8287,62,,,1,23,,8281,62,,,1,68,,8272,62,,,1,25,,8274,62,,,1,73,,8282,62,,,1,39,,8283,62,,,1,79,,8276,62,,,1,98,,8278,62,,,1,95,,8284,62,,,1,103,,8288,62,,,1,95,,8285,62,,,1,87,,8289,62,,,1
4503,'DIM',659,,8950,40,,,1,100,,8960,40,,,1,141,,8958,40,,,1,59,,8964,40,,,1,141,,8959,40,,,1,58,,8962,40,,,1,145,,8952,40,,,1,101,,8956,40,,,1,98,,8949,40,,,1,102,,8947,40,,,1,52,,8961,40,,,1,102,,8963,40,,,1,143,,8948,40,,,1,102,,8957,40,,,1,101,,8951,40,,,1,99,,8954,40,,,1,99,,8955,40,,,1,101,,8953,40,,,1
4503,'SAM',659,,8978,40,,,1,100,,8974,40,,,1,141,,8977,40,,,1,59,,8976,40,,,1,141,,8966,40,,,1,57,,8975,40,,,1,146,,8979,40,,,1,100,,8970,40,,,1,101,,8981,40,,,1,101,,8980,40,,,1,51,,8982,40,,,1,145,,8965,40,,,1,100,,8972,40,,,1,102,,8967,40,,,1,101,,8971,40,,,1,99,,8969,40,,,1,99,,8973,40,,,1,101,,8968,40,,,1
4503,'SEM',650,,8988,40,,,1,58,,8986,40,,,1,34,,8983,40,,,1,68,,9003,40,,,1,25,,8987,40,,,1,79,,8985,40,,,1,25,,9004,40,,,1,110,,9002,40,,,1,100,,8991,40,,,1,95,,8989,40,,,1,100,,9005,40,,,1,103,,8984,40,,,1,106,,9006,40,,,1,68,,8993,40,,,1,87,,8996,40,,,1,18,,8990,40,,,1,17,,8997,40,,,1,71,,8999,40,,,1,39,,8995,40,,,1,98,,8994,40,,,1,100,,8998,40,,,1,100,,9001,40,,,1,99,,8992,40,,,1,95,,9000,40,,,1
