2202,'DIM',730,,6311,40,,,2,99,,6309,40,,,2,100,,6308,40,,,2,100,,6315,40,,,2,101,,6314,40,,,2,100,,6316,40,,,2,100,,6310,40,,,2,102,,6312,40,,,2,97,,6313,40,,,2,113,,6303,40,,,2,90,,6317,40,,,2,100,,6305,40,,,2,98,,6307,40,,,2,101,,6302,40,,,2,100,,6306,40,,,2,100,,6304,40,,,2
2202,'SAM',631,,406,24,,,2,98,,6325,40,,,2,100,,6326,40,,,2,100,,6319,40,,,2,100,,6330,40,,,2,101,,6329,40,,,2,100,,6328,40,,,2,100,,6331,40,,,2,102,,6332,40,,,2,99,,6333,40,,,2,112,,6327,40,,,2,89,,6321,40,,,2,100,,6318,40,,,2,98,,6322,40,,,2,101,,6323,40,,,2,100,,6320,40,,,2,100,,6324,40,,,2
2202,'SEM',610,,6344,40,,,2,23,,6335,40,,,2,98,,6338,40,,,2,76,,6334,40,,,2,25,,6340,40,,,2,98,,6339,40,,,2,71,,6336,40,,,2,30,,6342,40,,,2,100,,6352,40,,,2,100,,6353,40,,,2,100,,6354,40,,,2,100,,6343,40,,,2,103,,6341,40,,,2,100,,6337,40,,,2,22,,6355,40,,,2,80,,6349,40,,,2,99,,6350,40,,,2,98,,6345,40,,,2,100,,6351,40,,,2,100,,6347,40,,,2,105,,6346,40,,,2,95,,6348,40,,,2
5802,'DIM',607,,3119,17,,,2,100,,3135,17,,,2,49,,3127,17,,,2,100,,3128,17,,,2,100,,3129,17,,,2,101,,3131,17,,,2,101,,3134,17,,,2,100,,3130,17,,,2,100,,3136,17,,,2,101,,3133,17,,,2,99,,3132,17,,,2,142,,3123,17,,,2,59,,3125,17,,,2,141,,3121,17,,,2,59,,3122,17,,,2,98,,3120,17,,,2,100,,3124,17,,,2,100,,3126,17,,,2
5802,'SAM',607,,3144,17,,,2,100,,3137,17,,,2,49,,3149,17,,,2,100,,3150,17,,,2,100,,3152,17,,,2,95,,3140,17,,,2,107,,3148,17,,,2,100,,3154,17,,,2,100,,3145,17,,,2,101,,3153,17,,,2,99,,3151,17,,,2,101,,3139,17,,,2,100,,3138,17,,,2,141,,3147,17,,,2,59,,3141,17,,,2,98,,3143,17,,,2,100,,3142,17,,,2,100,,3146,17,,,2
5802,'SEM',526,,3174,17,,,2,27,,3163,17,,,2,66,,3176,17,,,2,26,,3161,17,,,2,57,,3179,9,,,2,10,,3155,17,,,2,32,,3175,17,,,2,58,,3156,17,,,2,35,,3164,17,,,2,88,,3178,17,,,2,96,,3162,17,,,2,100,,3177,17,,,2,100,,3159,17,,,2,97,,3158,17,,,2,103,,3157,17,,,2,26,,3166,17,,,2,70,,3165,17,,,2,107,,3172,17,,,2,30,,6533,17,,,2,96,,3170,17,,,2,100,,3167,17,,,2,88,,3169,17,,,2,99,,3171,17,,,2,100,,3168,17,,,2,101,,3173,17,,,2
22202,'DIM',1443,,4994,29,,,2
22202,'SAM',1443,,4997,29,,,2,898,,4995,29,,,2,100,,4996,29,,,2
22202,'SEM',543,,5004,29,,,2,160,,4999,29,,,2,39,,5805,29,,,2,769,,5001,29,,,2,37,,4998,29,,,2,700,,5003,29,,,2,65,,5002,29,,,2
32202,'SAM',2548,,5154,23,,,2
32202,'SEM',2425,,5155,23,,,2,83,,5156,23,,,2
