2601,'DIM',509,,627,54,,,2,91,,619,54,,,2,45,,628,54,,,2,81,,620,54,,,2,25,,638,54,,,2,65,,631,54,,,2,31,,634,54,,,2,70,,632,54,,,2,33,,645,54,,,2,69,,639,54,,,2,30,,633,54,,,2,66,,642,54,,,2,24,,635,54,,,2,20,,646,54,,,2,60,,626,54,,,2,20,,648,54,,,2,20,,641,54,,,2,59,,650,54,,,2,22,,609,54,,,2,19,,643,54,,,2,62,,630,54,,,2,19,,636,54,,,2,61,,637,54,,,2,22,,610,54,,,2,17,,611,54,,,2,60,,612,54,,,2,20,,629,54,,,2,19,,608,54,,,2,61,,644,54,,,2,21,,647,54,,,2,20,,640,54,,,2,62,,622,54,,,2,43,,625,54,,,2,71,,623,54,,,2,29,,615,54,,,2,70,,649,54,,,2,30,,651,54,,,2,70,,617,54,,,2,29,,613,54,,,2,69,,624,54,,,2,28,,614,54,,,2,69,,616,54,,,2,29,,618,54,,,2,68,,621,54,,,2
2601,'SAM',509,,678,54,,,2,91,,668,54,,,2,45,,681,54,,,2,81,,669,54,,,2,25,,688,54,,,2,65,,685,54,,,2,31,,690,54,,,2,70,,686,54,,,2,32,,694,54,,,2,70,,691,54,,,2,30,,698,54,,,2,65,,684,54,,,2,25,,696,54,,,2,62,,680,54,,,2,18,,699,54,,,2,21,,692,54,,,2,19,,655,54,,,2,59,,695,54,,,2,22,,689,54,,,2,60,,679,54,,,2,21,,682,54,,,2,21,,683,54,,,2,59,,652,54,,,2,22,,654,54,,,2,17,,658,54,,,2,60,,656,54,,,2,20,,693,54,,,2,18,,687,54,,,2,21,,659,54,,,2,62,,697,54,,,2,20,,663,54,,,2,62,,667,54,,,2,43,,671,54,,,2,71,,674,54,,,2,29,,677,54,,,2,70,,672,54,,,2,30,,653,54,,,2,70,,662,54,,,2,29,,661,54,,,2,69,,670,54,,,2,28,,657,54,,,2,69,,665,54,,,2,29,,675,54,,,2,68,,660,54,,,2,30,,664,54,,,2,70,,666,54,,,2,30,,676,54,,,2,81,,673,54,,,2
2601,'SEM',508,,747,54,,,2,36,,733,54,,,2,71,,738,54,,,2,15,,748,54,,,2,13,,752,54,,,2,13,,756,54,,,2,51,,723,54,,,2,10,,706,54,,,2,12,,700,54,,,2,11,,742,54,,,2,16,,716,54,,,2,50,,709,54,,,2,12,,744,54,,,2,14,,743,54,,,2,16,,750,54,,,2,59,,712,54,,,2,23,,705,54,,,2,22,,710,54,,,2,61,,754,54,,,2,20,,734,54,,,2,20,,702,54,,,2,61,,749,54,,,2,22,,741,54,,,2,19,,704,54,,,2,60,,745,54,,,2,20,,708,54,,,2,21,,753,54,,,2,62,,735,54,,,2,22,,737,54,,,2,15,,746,54,,,2,65,,5484,54,,,2,19,,755,54,,,2,14,,703,54,,,2,57,,736,54,,,2,25,,701,54,,,2,23,,740,54,,,2,60,,751,54,,,2,20,,707,54,,,2,20,,717,54,,,2,60,,719,54,,,2,22,,711,54,,,2,18,,724,54,,,2,62,,725,54,,,2,18,,726,54,,,2,69,,730,54,,,2,30,,722,54,,,2,70,,713,54,,,2,28,,714,54,,,2,74,,728,54,,,2,25,,731,54,,,2,73,,720,54,,,2,22,,715,54,,,2,76,,721,54,,,2,29,,718,54,,,2,70,,727,54,,,2,17,,729,54,,,2,102,,732,54,,,2
3601,'SEM',637,,1254,31,,,2,63,,1249,31,,,2,11,,1248,31,,,2,23,,1251,31,,,2,15,,1252,31,,,2,63,,1255,31,,,2,14,,1250,31,,,2,79,,1253,31,,,2
4604,'DIM',546,,2298,62,,,1,100,,2304,62,,,1,101,,2306,62,,,1,99,,2307,62,,,1,107,,2301,62,,,1,106,,2311,62,,,1,96,,2308,62,,,1,103,,2313,62,,,1,100,,2314,62,,,1,101,,2305,62,,,1,141,,2309,62,,,1,59,,2297,62,,,1,141,,2312,62,,,1,59,,2310,62,,,1,98,,2300,62,,,1,98,,2315,62,,,1,99,,2303,62,,,1,98,,2299,62,,,1,100,,2302,62,,,1
4604,'SAM',546,,2318,62,,,1,100,,2327,62,,,1,101,,2328,62,,,1,99,,2329,62,,,1,107,,2333,62,,,1,147,,2332,62,,,1,55,,2331,62,,,1,103,,2326,62,,,1,99,,2334,62,,,1,97,,2316,62,,,1,146,,2317,62,,,1,105,,2330,62,,,1,95,,2335,62,,,1,59,,2320,62,,,1,98,,2321,62,,,1,98,,2324,62,,,1,99,,2322,62,,,1,98,,2325,62,,,1,100,,2319,62,,,1,98,,2323,62,,,1
4604,'SEM',506,,2362,62,,,1,46,,2350,62,,,1,70,,2358,62,,,1,27,,2363,62,,,1,59,,2338,62,,,1,26,,2345,62,,,1,67,,2355,62,,,1,30,,2339,62,,,1,72,,2359,62,,,1,28,,2353,62,,,1,70,,2351,62,,,1,29,,2340,62,,,1,70,,2356,62,,,1,30,,2337,62,,,1,70,,2352,62,,,1,30,,2354,62,,,1,74,,2336,62,,,1,27,,2365,62,,,1,28,,2341,62,,,1,72,,2360,62,,,1,70,,2364,62,,,1,34,,2344,62,,,1,79,,2357,62,,,1,30,,2361,62,,,1,63,,2343,62,,,1,101,,2342,62,,,1,95,,2347,62,,,1,56,,2349,62,,,1,94,,5238,62,,,1,100,,2346,62,,,1,98,,5237,62,,,1,100,,2348,62,,,1
6002,'DIM',728,,3158,53,,,1,103,,3167,53,,,1,101,,3165,53,,,1,102,,3166,53,,,1,101,,3168,53,,,1,101,,3171,53,,,1,101,,3169,53,,,1,101,,3172,53,,,1,100,,3170,53,,,1,99,,3173,53,,,1,99,,3174,53,,,1,98,,3160,53,,,1,99,,3162,53,,,1,100,,3161,53,,,1,100,,3163,53,,,1,99,,3157,53,,,1,99,,3159,53,,,1,97,,3164,53,,,1
6002,'SAM',728,,3186,53,,,1,103,,3177,53,,,1,101,,3189,53,,,1,102,,3191,53,,,1,101,,3187,53,,,1,101,,3190,53,,,1,101,,3188,53,,,1,101,,3176,53,,,1,100,,3192,53,,,1,99,,3175,53,,,1,99,,3179,53,,,1,100,,3184,53,,,1,97,,3180,53,,,1,100,,3181,53,,,1,100,,3185,53,,,1,99,,3178,53,,,1,99,,3182,53,,,1,97,,3183,53,,,1
6002,'SEM',701,,3210,53,,,1,105,,3208,53,,,1,102,,3194,53,,,1,100,,3211,53,,,1,100,,3209,53,,,1,104,,3199,53,,,1,101,,3193,53,,,1,99,,3195,53,,,1,101,,3207,53,,,1,99,,3196,53,,,1,103,,3201,53,,,1,103,,3198,53,,,1,91,,3204,53,,,1,99,,3202,53,,,1,98,,3197,53,,,1,100,,3200,53,,,1,96,,3203,53,,,1,49,,3206,53,,,1,98,,3205,53,,,1
6601,'DIM',559,,3631,39,,,1,100,,3633,39,,,1,142,,3639,39,,,1,100,,3629,39,,,1,32,,3630,39,,,1,71,,3637,39,,,1,31,,3640,39,,,1,75,,3628,39,,,1,26,,3635,39,,,1,70,,3634,39,,,1,101,,3641,39,,,1,101,,3638,39,,,1,103,,3636,39,,,1,99,,3632,39,,,1,103,,3624,39,,,1,96,,3626,39,,,1,98,,3623,39,,,1,100,,3625,39,,,1,100,,3627,39,,,1,100,,3622,39,,,1
6601,'SAM',559,,3647,39,,,1,100,,3654,39,,,1,142,,3656,39,,,1,100,,3652,39,,,1,32,,3650,39,,,1,71,,3642,39,,,1,31,,3659,39,,,1,75,,3648,39,,,1,26,,3660,39,,,1,70,,3655,39,,,1,101,,3658,39,,,1,101,,3661,39,,,1,103,,3657,39,,,1,99,,3653,39,,,1,103,,3643,39,,,1,96,,3644,39,,,1,98,,3646,39,,,1,100,,3645,39,,,1,100,,3649,39,,,1,100,,3651,39,,,1
6601,'SEM',639,,3675,39,,,1,104,,3665,39,,,1,101,,3677,39,,,1,103,,3674,39,,,1,100,,3664,39,,,1,106,,5259,39,,,1,102,,3662,39,,,1,100,,3676,39,,,1,103,,3666,39,,,1,71,,3670,39,,,1,88,,3671,39,,,1,106,,3663,39,,,1,93,,3668,39,,,1,99,,3667,39,,,1,98,,3672,39,,,1,98,,3669,39,,,1,99,,3673,39,,,1
