1703,'DIM',635,,6972,48,,,1,89,,6965,48,,,1,101,,100,48,,,1,102,,6967,48,,,1,97,,6968,48,,,1,102,,6964,48,,,1,100,,6970,48,,,1,100,,6966,48,,,1,102,,6969,48,,,1,100,,6971,48,,,1,102,,6954,48,,,1,98,,6958,48,,,1,98,,6957,48,,,1,101,,6956,48,,,1,98,,6959,48,,,1,98,,6962,48,,,1,100,,6955,48,,,1,100,,6960,48,,,1,102,,6961,48,,,1,117,,6963,48,,,1
1703,'SAM',557,,6984,48,,,1,78,,6990,48,,,1,89,,121,48,,,1,101,,6981,48,,,1,102,,6983,48,,,1,97,,6985,48,,,1,101,,6989,48,,,1,101,,6987,48,,,1,101,,6982,48,,,1,101,,6988,48,,,1,100,,6986,48,,,1,102,,6991,48,,,1,99,,6992,48,,,1,98,,6973,48,,,1,100,,6978,48,,,1,98,,6975,48,,,1,98,,6974,48,,,1,100,,6976,48,,,1,100,,6979,48,,,1,102,,6980,48,,,1,117,,6977,48,,,1
1703,'SEM',617,,7010,48,,,1,104,,7012,48,,,1,106,,7011,48,,,1,96,,6996,48,,,1,101,,7009,48,,,1,101,,7008,48,,,1,101,,7014,48,,,1,101,,6997,48,,,1,100,,6994,48,,,1,99,,7013,48,,,1,75,,7016,48,,,1,20,,7015,48,,,1,36,,6993,48,,,1,63,,7004,48,,,1,37,,6995,48,,,1,79,,6998,48,,,1,70,,7001,48,,,1,27,,7006,48,,,1,99,,7007,48,,,1,100,,6999,48,,,1,99,,7000,48,,,1,99,,7002,48,,,1,99,,7003,48,,,1,102,,7005,48,,,1
3903,'DIM',858,,1407,61,,,1,100,,8236,71,,,1,70,,8241,71,,,1,31,,8242,71,,,1,70,,8239,71,,,1,74,,8240,71,,,1,26,,8243,71,,,1,29,,8233,71,,,1,71,,8237,71,,,1,30,,8234,71,,,1,71,,8220,71,,,1,70,,8223,71,,,1,32,,8226,71,,,1,70,,8238,71,,,1,31,,8227,71,,,1,70,,8228,71,,,1,25,,8229,71,,,1,18,,8235,71,,,1,10,,8230,71,,,1,64,,8224,71,,,1,25,,8231,71,,,1,99,,8221,71,,,1,99,,8232,71,,,1,98,,8222,71,,,1,104,,8225,71,,,1
3903,'SAM',858,,8268,61,,,1,100,,8263,71,,,1,70,,8267,71,,,1,31,,8244,71,,,1,70,,8258,71,,,1,74,,8261,71,,,1,26,,8260,71,,,1,30,,8245,71,,,1,70,,8259,71,,,1,30,,8262,71,,,1,71,,8246,71,,,1,70,,8265,71,,,1,32,,8249,71,,,1,70,,8250,71,,,1,31,,8252,71,,,1,70,,8266,71,,,1,25,,8253,71,,,1,18,,8264,71,,,1,11,,8251,71,,,1,63,,8248,71,,,1,29,,8247,71,,,1,97,,8255,71,,,1,97,,8254,71,,,1,98,,8257,71,,,1,104,,8256,71,,,1
3903,'SEM',750,,8291,71,,,1,101,,8273,71,,,1,104,,8271,71,,,1,72,,8275,71,,,1,29,,8292,71,,,1,71,,8293,71,,,1,29,,8286,71,,,1,71,,8290,71,,,1,28,,8294,71,,,1,78,,8270,71,,,1,74,,8277,71,,,1,27,,8279,71,,,1,72,,8280,71,,,1,35,,8269,71,,,1,78,,8287,71,,,1,23,,8281,71,,,1,68,,8272,71,,,1,24,,8274,71,,,1,73,,8282,71,,,1,39,,8283,71,,,1,79,,8276,71,,,1,99,,8278,71,,,1,95,,8284,71,,,1,102,,8288,71,,,1,95,,8285,71,,,1,87,,8289,71,,,1
4503,'DIM',702,,8950,49,,,1,100,,8960,49,,,1,101,,8958,49,,,1,99,,8964,49,,,1,101,,8959,49,,,1,98,,8962,49,,,1,105,,8952,49,,,1,101,,8956,49,,,1,98,,8949,49,,,1,102,,8947,49,,,1,52,,8961,49,,,1,142,,8963,49,,,1,103,,8948,49,,,1,102,,8957,49,,,1,101,,8951,49,,,1,99,,8954,49,,,1,99,,8955,49,,,1,101,,8953,49,,,1
4503,'SAM',702,,8978,49,,,1,100,,8974,49,,,1,101,,8977,49,,,1,99,,8976,49,,,1,101,,8966,49,,,1,97,,8975,49,,,1,106,,8979,49,,,1,100,,8970,49,,,1,101,,8981,49,,,1,101,,8980,49,,,1,51,,8982,49,,,1,145,,8965,49,,,1,100,,8972,49,,,1,102,,8967,49,,,1,101,,8971,49,,,1,99,,8969,49,,,1,99,,8973,49,,,1,101,,8968,49,,,1
4503,'SEM',653,,8988,49,,,1,58,,8986,49,,,1,34,,8983,49,,,1,68,,9003,49,,,1,25,,8987,49,,,1,79,,8985,49,,,1,25,,9004,49,,,1,110,,9002,49,,,1,100,,8991,49,,,1,96,,8989,49,,,1,100,,9005,49,,,1,103,,8984,49,,,1,106,,9006,49,,,1,68,,8993,49,,,1,87,,8996,49,,,1,18,,8990,49,,,1,17,,8997,49,,,1,71,,8999,49,,,1,39,,8995,49,,,1,97,,8994,49,,,1,100,,8998,49,,,1,100,,9001,49,,,1,99,,8992,49,,,1,95,,9000,49,,,1
7401,'DIM',742,,10911,50,,,2,100,,10912,50,,,2,102,,10915,50,,,2,98,,10914,50,,,2,101,,10916,50,,,2,100,,10913,50,,,2,101,,10910,50,,,2,99,,10909,50,,,2,102,,10917,50,,,2,98,,10903,50,,,2,102,,10904,50,,,2,99,,10906,50,,,2,98,,10907,50,,,2,99,,10908,50,,,2,101,,10902,50,,,2,99,,10901,50,,,2,100,,10905,50,,,2
7401,'SAM',742,,10926,50,,,2,100,,10928,50,,,2,102,,10927,50,,,2,99,,10930,50,,,2,100,,10932,50,,,2,100,,10934,50,,,2,102,,10929,50,,,2,98,,10933,50,,,2,101,,10931,50,,,2,99,,10918,50,,,2,101,,10921,50,,,2,101,,10923,50,,,2,98,,10922,50,,,2,98,,10924,50,,,2,101,,10919,50,,,2,99,,10925,50,,,2,100,,10920,50,,,2
7401,'SEM',645,,10950,50,,,2,96,,10935,50,,,2,101,,10949,50,,,2,103,,10939,50,,,2,101,,10940,50,,,2,101,,10953,50,,,2,100,,10938,50,,,2,101,,10952,50,,,2,100,,10951,50,,,2,93,,10937,50,,,2,95,,10941,50,,,2,101,,10936,50,,,2,70,,10943,50,,,2,42,,10948,50,,,2,99,,10942,50,,,2,101,,10945,50,,,2,100,,10946,50,,,2,99,,10944,50,,,2,99,,10954,50,,,2,95,,10947,50,,,2
