202,'SAM',2619,,6879,7,,,1,81,,6880,7,,,1
202,'SEM',518,,6885,7,,,1,30,,6886,7,,,1,55,,6881,7,,,1,1999,,6882,7,,,1,41,,6883,7,,,1,81,,6884,7,,,1
1703,'DIM',614,,6972,5,,,1,89,,6965,5,,,1,99,,100,5,,,1,101,,6967,5,,,1,97,,6968,5,,,1,101,,6964,5,,,1,100,,6970,5,,,1,99,,6966,5,,,1,101,,6969,5,,,1,100,,6971,5,,,1,102,,6954,5,,,1,99,,6958,5,,,1,99,,6957,5,,,1,101,,6956,5,,,1,99,,6959,5,,,1,99,,6962,5,,,1,101,,6955,5,,,1,100,,6960,5,,,1,102,,6961,5,,,1,120,,6963,5,,,1
1703,'SAM',537,,6984,5,,,1,77,,6990,5,,,1,89,,121,5,,,1,99,,6981,5,,,1,101,,6983,5,,,1,97,,6985,5,,,1,100,,6989,5,,,1,101,,6987,5,,,1,100,,6982,5,,,1,100,,6988,5,,,1,100,,6986,5,,,1,102,,6991,5,,,1,100,,6992,5,,,1,99,,6973,5,,,1,100,,6978,5,,,1,99,,6975,5,,,1,99,,6974,5,,,1,101,,6976,5,,,1,100,,6979,5,,,1,102,,6980,5,,,1,120,,6977,5,,,1
1703,'SEM',556,,7010,5,,,1,102,,7012,5,,,1,145,,7011,5,,,1,56,,6996,5,,,1,100,,7009,5,,,1,100,,7008,5,,,1,100,,7014,5,,,1,100,,6997,5,,,1,100,,6994,5,,,1,98,,7013,5,,,1,75,,7016,5,,,1,20,,7015,5,,,1,76,,6993,5,,,1,23,,7004,5,,,1,78,,6995,5,,,1,80,,6998,5,,,1,30,,7001,5,,,1,69,,7006,5,,,1,99,,7007,5,,,1,100,,6999,5,,,1,100,,7000,5,,,1,100,,7002,5,,,1,100,,7003,5,,,1,104,,7005,5,,,1
2703,'DIM',857,,7780,5,,,2,100,,7783,5,,,2,98,,7785,5,,,2,102,,7779,5,,,2,95,,7787,5,,,2,106,,7782,5,,,2,101,,7784,5,,,2,100,,7781,5,,,2,100,,7786,5,,,2,100,,7773,5,,,2,100,,7775,5,,,2,98,,7774,5,,,2,100,,7778,5,,,2,100,,7772,5,,,2,102,,7771,5,,,2,100,,7776,5,,,2,100,,7777,5,,,2
2703,'SAM',657,,7797,5,,,2,100,,7798,5,,,2,100,,7796,5,,,2,100,,7806,5,,,2,100,,7800,5,,,2,100,,7803,5,,,2,94,,7799,5,,,2,107,,7801,5,,,2,142,,7802,5,,,2,59,,7795,5,,,2,94,,7804,5,,,2,106,,7805,5,,,2,100,,7790,5,,,2,98,,7793,5,,,2,100,,7788,5,,,2,100,,7789,5,,,2,102,,7791,5,,,2,100,,7792,5,,,2,100,,7794,5,,,2
2703,'SEM',803,,7823,5,,,2,50,,7809,5,,,2,100,,7815,5,,,2,100,,7808,5,,,2,99,,7825,5,,,2,90,,7822,5,,,2,103,,7826,5,,,2,100,,7812,5,,,2,81,,7810,5,,,2,82,,7824,5,,,2,15,,7807,5,,,2,30,,7814,5,,,2,79,,7811,5,,,2,25,,7821,5,,,2,96,,7818,5,,,2,87,,7820,5,,,2,103,,7817,5,,,2,102,,7813,5,,,2,100,,7816,5,,,2,100,,7827,5,,,2,100,,7819,5,,,2
3103,'DIM',633,,7902,7,,,1,99,,7901,7,,,1,99,,1058,7,,,1,99,,7906,7,,,1,99,,7905,7,,,1,100,,7903,7,,,1,102,,7892,7,,,1,100,,7904,7,,,1,99,,7891,7,,,1,102,,7890,7,,,1,99,,7895,7,,,1,99,,7897,7,,,1,103,,7896,7,,,1,97,,7898,7,,,1,101,,7894,7,,,1,100,,7893,7,,,1,100,,7899,7,,,1,101,,7900,7,,,1
3103,'SAM',633,,7919,7,,,1,99,,7918,7,,,1,99,,1075,7,,,1,99,,7923,7,,,1,99,,7924,7,,,1,100,,7920,7,,,1,100,,7916,7,,,1,101,,7921,7,,,1,100,,7917,7,,,1,102,,7922,7,,,1,100,,7911,7,,,1,99,,7913,7,,,1,100,,7909,7,,,1,100,,7914,7,,,1,100,,7907,7,,,1,100,,7908,7,,,1,100,,7910,7,,,1,102,,7912,7,,,1,95,,7915,7,,,1
3103,'SEM',628,,7946,7,,,1,99,,7944,7,,,1,100,,7945,7,,,1,100,,7925,7,,,1,101,,7926,7,,,1,100,,7928,7,,,1,100,,7947,7,,,1,100,,7927,7,,,1,100,,7932,7,,,1,98,,7933,7,,,1,11,,7934,7,,,1,76,,7929,7,,,1,30,,7938,7,,,1,80,,7935,7,,,1,30,,7931,7,,,1,76,,7943,7,,,1,30,,7930,7,,,1,76,,7942,7,,,1,100,,7936,7,,,1,101,,7939,7,,,1,100,,7940,7,,,1,98,,7937,7,,,1,114,,7941,7,,,1
4303,'DIM',633,,8818,5,,,1,100,,8820,5,,,1,100,,8824,5,,,1,100,,8822,5,,,1,106,,8823,5,,,1,101,,8821,5,,,1,100,,8827,5,,,1,99,,8825,5,,,1,103,,8826,5,,,1,97,,8808,5,,,1,99,,8809,5,,,1,104,,8811,5,,,1,92,,8814,5,,,1,99,,8813,5,,,1,100,,8810,5,,,1,100,,8812,5,,,1,100,,8819,5,,,1,100,,8815,5,,,1,100,,8817,5,,,1,100,,8816,5,,,1
4303,'SAM',633,,8839,5,,,1,100,,8829,5,,,1,100,,8844,5,,,1,100,,8830,5,,,1,106,,8831,5,,,1,101,,8842,5,,,1,100,,8840,5,,,1,99,,8845,5,,,1,102,,8841,5,,,1,101,,8843,5,,,1,98,,8828,5,,,1,98,,8846,5,,,1,96,,8835,5,,,1,99,,8832,5,,,1,100,,2041,5,,,1,100,,8833,5,,,1,100,,8834,5,,,1,100,,8838,5,,,1,100,,8836,5,,,1,100,,8837,5,,,1
4303,'SEM',633,,8866,5,,,1,100,,8867,5,,,1,81,,8850,5,,,1,104,,8868,5,,,1,31,,8849,5,,,1,69,,8864,5,,,1,30,,8856,5,,,1,70,,8852,5,,,1,30,,8870,5,,,1,70,,8869,5,,,1,30,,8865,5,,,1,72,,8853,5,,,1,28,,8854,5,,,1,70,,8858,5,,,1,30,,8871,5,,,1,70,,8848,5,,,1,25,,8855,5,,,1,70,,8851,5,,,1,19,,8872,5,,,1,76,,8857,5,,,1,31,,8847,5,,,1,71,,8861,5,,,1,102,,8862,5,,,1,101,,8863,5,,,1,101,,8873,5,,,1,101,,8874,5,,,1,110,,8859,5,,,1,106,,8860,5,,,1
4803,'DIM',703,,9218,5,,,1,103,,9222,5,,,1,102,,9226,5,,,1,99,,9209,5,,,1,102,,9219,5,,,1,101,,9220,5,,,1,95,,9225,5,,,1,105,,9221,5,,,1,99,,9223,5,,,1,100,,9210,5,,,1,100,,9224,5,,,1,100,,9212,5,,,1,95,,9216,5,,,1,100,,9215,5,,,1,100,,9214,5,,,1,99,,2438,5,,,1,100,,9211,5,,,1,35,,9213,5,,,1,121,,9217,5,,,1
4803,'SAM',603,,2450,5,,,1,100,,9238,5,,,1,102,,9241,5,,,1,103,,9245,5,,,1,99,,9236,5,,,1,101,,9244,5,,,1,101,,9239,5,,,1,94,,9242,5,,,1,106,,9240,5,,,1,100,,9237,5,,,1,100,,9243,5,,,1,100,,9230,5,,,1,100,,9232,5,,,1,95,,9228,5,,,1,100,,9227,5,,,1,98,,9229,5,,,1,101,,9234,5,,,1,100,,9235,5,,,1,35,,9231,5,,,1,121,,9233,5,,,1
4803,'SEM',558,,9265,5,,,1,60,,9267,5,,,1,37,,9258,5,,,1,73,,9268,5,,,1,31,,9271,5,,,1,64,,9254,5,,,1,80,,9253,5,,,1,30,,9248,5,,,1,95,,9255,5,,,1,100,,9250,5,,,1,100,,9249,5,,,1,100,,9269,5,,,1,80,,9246,5,,,1,101,,9251,5,,,1,35,,9266,5,,,1,64,,9247,5,,,1,30,,9270,5,,,1,70,,9259,5,,,1,30,,9252,5,,,1,70,,9260,5,,,1,95,,9264,5,,,1,100,,9256,5,,,1,100,,9257,5,,,1,99,,9273,5,,,1,100,,9262,5,,,1,99,,9261,5,,,1,51,,9263,5,,,1,73,,9272,5,,,1
5801,'DIM',523,,9832,5,,,2,100,,9814,5,,,2,90,,9823,5,,,2,99,,9826,5,,,2,99,,9829,5,,,2,100,,9822,5,,,2,102,,9831,5,,,2,98,,9828,5,,,2,103,,9825,5,,,2,99,,9827,5,,,2,102,,9824,5,,,2,99,,9817,5,,,2,101,,9830,5,,,2,99,,9813,5,,,2,99,,9821,5,,,2,99,,9816,5,,,2,101,,9815,5,,,2,100,,9819,5,,,2,99,,9818,5,,,2,110,,9820,5,,,2
5801,'SAM',523,,9852,5,,,2,100,,9844,5,,,2,90,,9843,5,,,2,99,,9848,5,,,2,100,,9846,5,,,2,99,,9849,5,,,2,102,,9851,5,,,2,98,,9833,5,,,2,101,,9842,5,,,2,101,,9847,5,,,2,101,,9845,5,,,2,101,,9850,5,,,2,100,,9836,5,,,2,100,,9840,5,,,2,98,,9834,5,,,2,99,,9841,5,,,2,101,,9837,5,,,2,100,,9839,5,,,2,99,,9835,5,,,2,110,,9838,5,,,2
5801,'SEM',513,,9866,5,,,2,28,,9863,5,,,2,82,,9875,5,,,2,82,,9864,5,,,2,46,,9870,5,,,2,85,,9857,5,,,2,99,,9876,5,,,2,100,,9853,5,,,2,100,,9858,5,,,2,100,,9874,5,,,2,100,,9854,5,,,2,86,,9865,5,,,2,31,,9855,5,,,2,72,,9877,5,,,2,28,,9860,5,,,2,75,,9862,5,,,2,28,,9861,5,,,2,68,,9856,5,,,2,29,,9873,5,,,2,70,,9859,5,,,2,30,,9872,5,,,2,100,,9878,5,,,2,100,,9868,5,,,2,99,,9867,5,,,2,100,,9869,5,,,2,100,,9871,5,,,2
6002,'DIM',653,,9994,5,,,1,100,,10003,5,,,1,99,,10001,5,,,1,100,,10002,5,,,1,100,,10004,5,,,1,100,,10007,5,,,1,100,,10005,5,,,1,100,,10008,5,,,1,100,,10006,5,,,1,99,,10009,5,,,1,99,,10010,5,,,1,101,,9996,5,,,1,101,,9998,5,,,1,101,,9997,5,,,1,101,,9999,5,,,1,100,,9993,5,,,1,100,,9995,5,,,1,99,,10000,5,,,1
6002,'SAM',653,,10022,5,,,1,100,,10013,5,,,1,99,,10025,5,,,1,100,,10027,5,,,1,100,,10023,5,,,1,100,,10026,5,,,1,100,,10024,5,,,1,100,,10012,5,,,1,100,,10028,5,,,1,99,,10011,5,,,1,99,,10015,5,,,1,103,,10020,5,,,1,99,,10016,5,,,1,101,,10017,5,,,1,101,,10021,5,,,1,100,,10014,5,,,1,100,,10018,5,,,1,99,,10019,5,,,1
6002,'SEM',624,,10045,5,,,1,100,,10043,5,,,1,100,,10030,5,,,1,99,,10046,5,,,1,100,,10044,5,,,1,101,,10035,5,,,1,100,,10029,5,,,1,99,,10031,5,,,1,101,,10042,5,,,1,98,,10032,5,,,1,101,,10037,5,,,1,107,,10034,5,,,1,94,,10040,5,,,1,101,,10038,5,,,1,99,,10033,5,,,1,100,,10036,5,,,1,99,,10039,5,,,1,90,,10041,5,,,1,100,,10047,5,,,1
7002,'DIM',657,,10662,5,,,1,102,,10669,5,,,1,100,,3943,5,,,1,100,,10665,5,,,1,68,,10666,5,,,1,73,,10668,5,,,1,29,,10658,5,,,1,25,,10667,5,,,1,75,,10664,5,,,1,25,,10673,5,,,1,79,,10671,5,,,1,67,,10674,5,,,1,36,,10656,5,,,1,65,,10670,5,,,1,31,,10676,5,,,1,23,,10672,5,,,1,78,,10675,5,,,1,68,,10660,5,,,1,36,,10678,5,,,1,74,,3946,5,,,1,97,,10677,5,,,1,95,,10655,5,,,1,55,,10657,5,,,1,101,,10661,5,,,1,99,,10659,5,,,1,143,,10663,5,,,1
7002,'SAM',656,,10705,5,,,1,103,,10685,5,,,1,100,,10693,5,,,1,100,,10692,5,,,1,65,,10701,5,,,1,76,,10706,5,,,1,29,,10703,5,,,1,24,,10697,5,,,1,75,,10696,5,,,1,26,,10695,5,,,1,79,,10698,5,,,1,75,,10694,5,,,1,27,,10704,5,,,1,65,,10702,5,,,1,28,,10700,5,,,1,26,,10699,5,,,1,79,,10688,5,,,1,69,,10684,5,,,1,36,,10686,5,,,1,74,,10681,5,,,1,96,,10690,5,,,1,95,,10682,5,,,1,56,,10683,5,,,1,100,,10689,5,,,1,99,,10687,5,,,1,143,,10691,5,,,1
7002,'SEM',531,,10714,5,,,1,96,,10734,5,,,1,26,,10735,5,,,1,73,,10713,5,,,1,76,,10716,5,,,1,27,,10718,5,,,1,30,,10733,5,,,1,70,,10711,5,,,1,30,,10740,5,,,1,70,,10719,5,,,1,27,,10741,5,,,1,73,,10736,5,,,1,26,,10738,5,,,1,74,,10737,5,,,1,29,,10712,5,,,1,70,,10739,5,,,1,24,,10732,5,,,1,76,,10717,5,,,1,31,,10720,5,,,1,70,,10715,5,,,1,30,,10709,5,,,1,73,,10710,5,,,1,68,,10723,5,,,1,33,,10724,5,,,1,26,,10728,5,,,1,73,,10727,5,,,1,91,,10725,5,,,1,83,,10729,5,,,1,94,,10721,5,,,1,112,,10726,5,,,1,106,,10722,5,,,1,99,,10731,5,,,1,105,,10730,5,,,1
7303,'DIM',648,,10755,5,,,1,99,,10752,5,,,1,100,,10753,5,,,1,98,,10756,5,,,1,100,,10759,5,,,1,100,,10754,5,,,1,100,,10757,5,,,1,101,,10751,5,,,1,99,,10758,5,,,1,102,,10760,5,,,1,99,,10745,5,,,1,100,,10742,5,,,1,101,,10748,5,,,1,99,,10744,5,,,1,100,,10743,5,,,1,100,,10746,5,,,1,100,,10747,5,,,1,102,,10750,5,,,1,105,,10749,5,,,1
7303,'SAM',555,,10775,5,,,1,93,,10772,5,,,1,99,,10771,5,,,1,100,,10776,5,,,1,98,,10778,5,,,1,101,,10774,5,,,1,99,,10764,5,,,1,100,,10777,5,,,1,101,,10773,5,,,1,99,,10779,5,,,1,102,,10780,5,,,1,101,,10763,5,,,1,99,,10761,5,,,1,99,,10762,5,,,1,100,,10766,5,,,1,100,,10765,5,,,1,100,,4040,5,,,1,100,,10767,5,,,1,102,,4041,5,,,1,105,,10768,5,,,1,100,,10770,5,,,1,100,,10769,5,,,1
7303,'SEM',541,,10817,5,,,1,66,,10814,5,,,1,38,,10813,5,,,1,10,,10818,5,,,1,78,,10807,5,,,1,16,,10783,5,,,1,83,,10815,5,,,1,12,,10782,5,,,1,70,,10800,5,,,1,31,,10816,5,,,1,69,,10784,5,,,1,31,,10789,5,,,1,69,,10799,5,,,1,31,,10790,5,,,1,69,,10819,5,,,1,30,,10785,5,,,1,70,,10788,5,,,1,30,,10794,5,,,1,70,,10781,5,,,1,30,,10791,5,,,1,75,,10820,5,,,1,24,,10801,5,,,1,15,,10793,5,,,1,61,,10786,5,,,1,16,,10787,5,,,1,23,,10797,5,,,1,57,,10795,5,,,1,30,,10808,5,,,1,55,,10796,5,,,1,16,,10792,5,,,1,33,,10802,5,,,1,70,,10805,5,,,1,32,,10798,5,,,1,100,,10810,5,,,1,100,,10803,5,,,1,100,,10809,5,,,1,100,,10804,5,,,1,81,,10806,5,,,1,95,,10811,5,,,1,121,,10812,5,,,1
7401,'DIM',718,,10911,5,,,2,99,,10912,5,,,2,101,,10915,5,,,2,97,,10914,5,,,2,101,,10916,5,,,2,100,,10913,5,,,2,100,,10910,5,,,2,99,,10909,5,,,2,102,,10917,5,,,2,99,,10903,5,,,2,102,,10904,5,,,2,99,,10906,5,,,2,100,,10907,5,,,2,99,,10908,5,,,2,101,,10902,5,,,2,99,,10901,5,,,2,101,,10905,5,,,2
7401,'SAM',718,,10926,5,,,2,99,,10928,5,,,2,101,,10927,5,,,2,98,,10930,5,,,2,100,,10932,5,,,2,100,,10934,5,,,2,101,,10929,5,,,2,98,,10933,5,,,2,101,,10931,5,,,2,100,,10918,5,,,2,101,,10921,5,,,2,101,,10923,5,,,2,100,,10922,5,,,2,98,,10924,5,,,2,101,,10919,5,,,2,99,,10925,5,,,2,101,,10920,5,,,2
7401,'SEM',620,,10950,5,,,2,95,,10935,5,,,2,100,,10949,5,,,2,103,,10939,5,,,2,101,,10940,5,,,2,101,,10953,5,,,2,99,,10938,5,,,2,101,,10952,5,,,2,100,,10951,5,,,2,93,,10937,5,,,2,93,,10941,5,,,2,101,,10936,5,,,2,30,,10943,5,,,2,85,,10948,5,,,2,100,,10942,5,,,2,101,,10945,5,,,2,100,,10946,5,,,2,100,,10944,5,,,2,100,,10954,5,,,2,95,,10947,5,,,2
34503,'SEM',433,,11786,7,,,1,100,,11787,7,,,1
