1703,'DIM',625,,6972,25,,,1,89,,6965,25,,,1,100,,100,25,,,1,101,,6967,25,,,1,97,,6968,25,,,1,101,,6964,25,,,1,100,,6970,25,,,1,99,,6966,25,,,1,102,,6969,25,,,1,100,,6971,25,,,1,102,,6954,25,,,1,98,,6958,25,,,1,99,,6957,25,,,1,101,,6956,25,,,1,98,,6959,25,,,1,99,,6962,25,,,1,101,,6955,25,,,1,100,,6960,25,,,1,102,,6961,25,,,1,119,,6963,25,,,1
1703,'SAM',547,,6984,25,,,1,78,,6990,25,,,1,89,,121,25,,,1,100,,6981,25,,,1,101,,6983,25,,,1,97,,6985,25,,,1,100,,6989,25,,,1,101,,6987,25,,,1,100,,6982,25,,,1,101,,6988,25,,,1,100,,6986,25,,,1,102,,6991,25,,,1,99,,6992,25,,,1,99,,6973,25,,,1,100,,6978,25,,,1,98,,6975,25,,,1,99,,6974,25,,,1,101,,6976,25,,,1,100,,6979,25,,,1,102,,6980,25,,,1,119,,6977,25,,,1
1703,'SEM',607,,7010,25,,,1,103,,7012,25,,,1,105,,7011,25,,,1,96,,6996,25,,,1,101,,7009,25,,,1,100,,7008,25,,,1,100,,7014,25,,,1,101,,6997,25,,,1,100,,6994,25,,,1,98,,7013,25,,,1,35,,7016,25,,,1,60,,7015,25,,,1,36,,6993,25,,,1,63,,7004,25,,,1,38,,6995,25,,,1,79,,6998,25,,,1,30,,7001,25,,,1,68,,7006,25,,,1,99,,7007,25,,,1,100,,6999,25,,,1,100,,7000,25,,,1,100,,7002,25,,,1,99,,7003,25,,,1,103,,7005,25,,,1
3103,'DIM',644,,7902,27,,,1,100,,7901,27,,,1,99,,1058,27,,,1,99,,7906,27,,,1,99,,7905,27,,,1,100,,7903,27,,,1,102,,7892,27,,,1,101,,7904,27,,,1,99,,7891,27,,,1,102,,7890,27,,,1,99,,7895,27,,,1,98,,7897,27,,,1,103,,7896,27,,,1,96,,7898,27,,,1,101,,7894,27,,,1,100,,7893,27,,,1,100,,7899,27,,,1,101,,7900,27,,,1
3103,'SAM',644,,7919,27,,,1,100,,7918,27,,,1,99,,1075,27,,,1,99,,7923,27,,,1,99,,7924,27,,,1,100,,7920,27,,,1,100,,7916,27,,,1,102,,7921,27,,,1,100,,7917,27,,,1,102,,7922,27,,,1,100,,7911,27,,,1,98,,7913,27,,,1,100,,7909,27,,,1,99,,7914,27,,,1,100,,7907,27,,,1,100,,7908,27,,,1,100,,7910,27,,,1,102,,7912,27,,,1,95,,7915,27,,,1
3103,'SEM',640,,7946,27,,,1,99,,7944,27,,,1,100,,7945,27,,,1,101,,7925,27,,,1,101,,7926,27,,,1,100,,7928,27,,,1,100,,7947,27,,,1,100,,7927,27,,,1,101,,7932,27,,,1,98,,7933,27,,,1,11,,7934,27,,,1,77,,7929,27,,,1,29,,7938,27,,,1,80,,7935,27,,,1,69,,7931,27,,,1,36,,7943,27,,,1,69,,7930,27,,,1,36,,7942,27,,,1,100,,7936,27,,,1,101,,7939,27,,,1,100,,7940,27,,,1,97,,7937,27,,,1,114,,7941,27,,,1
7303,'DIM',659,,10755,25,,,1,100,,10752,25,,,1,100,,10753,25,,,1,98,,10756,25,,,1,100,,10759,25,,,1,100,,10754,25,,,1,100,,10757,25,,,1,102,,10751,25,,,1,99,,10758,25,,,1,142,,10760,25,,,1,59,,10745,25,,,1,99,,10742,25,,,1,101,,10748,25,,,1,98,,10744,25,,,1,100,,10743,25,,,1,100,,10746,25,,,1,100,,10747,25,,,1,102,,10750,25,,,1,145,,10749,25,,,1
7303,'SAM',605,,10775,25,,,1,54,,10772,25,,,1,100,,10771,25,,,1,100,,10776,25,,,1,98,,10778,25,,,1,101,,10774,25,,,1,99,,10764,25,,,1,100,,10777,25,,,1,102,,10773,25,,,1,99,,10779,25,,,1,142,,10780,25,,,1,101,,10763,25,,,1,58,,10761,25,,,1,99,,10762,25,,,1,99,,10766,25,,,1,100,,10765,25,,,1,100,,4040,25,,,1,100,,10767,25,,,1,102,,4041,25,,,1,145,,10768,25,,,1,100,,10770,25,,,1,100,,10769,25,,,1
7303,'SEM',552,,10817,25,,,1,66,,10814,25,,,1,39,,10813,25,,,1,50,,10818,25,,,1,39,,10807,25,,,1,56,,10783,25,,,1,43,,10815,25,,,1,12,,10782,25,,,1,70,,10800,25,,,1,31,,10816,25,,,1,69,,10784,25,,,1,31,,10789,25,,,1,69,,10799,25,,,1,32,,10790,25,,,1,69,,10819,25,,,1,30,,10785,25,,,1,70,,10788,25,,,1,30,,10794,25,,,1,70,,10781,25,,,1,30,,10791,25,,,1,75,,10820,25,,,1,25,,10801,25,,,1,55,,10793,25,,,1,22,,10786,25,,,1,16,,10787,25,,,1,63,,10797,25,,,1,16,,10795,25,,,1,29,,10808,25,,,1,55,,10796,25,,,1,16,,10792,25,,,1,72,,10802,25,,,1,30,,10805,25,,,1,72,,10798,25,,,1,99,,10810,25,,,1,100,,10803,25,,,1,99,,10809,25,,,1,100,,10804,25,,,1,41,,10806,25,,,1,95,,10811,25,,,1,121,,10812,25,,,1
7401,'DIM',729,,10911,25,,,2,99,,10912,25,,,2,102,,10915,25,,,2,97,,10914,25,,,2,101,,10916,25,,,2,100,,10913,25,,,2,101,,10910,25,,,2,99,,10909,25,,,2,102,,10917,25,,,2,99,,10903,25,,,2,102,,10904,25,,,2,99,,10906,25,,,2,98,,10907,25,,,2,99,,10908,25,,,2,101,,10902,25,,,2,99,,10901,25,,,2,101,,10905,25,,,2
7401,'SAM',729,,10926,25,,,2,99,,10928,25,,,2,102,,10927,25,,,2,98,,10930,25,,,2,100,,10932,25,,,2,100,,10934,25,,,2,102,,10929,25,,,2,98,,10933,25,,,2,101,,10931,25,,,2,100,,10918,25,,,2,101,,10921,25,,,2,101,,10923,25,,,2,98,,10922,25,,,2,98,,10924,25,,,2,101,,10919,25,,,2,99,,10925,25,,,2,101,,10920,25,,,2
7401,'SEM',632,,10950,25,,,2,95,,10935,25,,,2,101,,10949,25,,,2,103,,10939,25,,,2,101,,10940,25,,,2,101,,10953,25,,,2,99,,10938,25,,,2,101,,10952,25,,,2,100,,10951,25,,,2,93,,10937,25,,,2,95,,10941,25,,,2,101,,10936,25,,,2,30,,10943,25,,,2,83,,10948,25,,,2,99,,10942,25,,,2,101,,10945,25,,,2,100,,10946,25,,,2,99,,10944,25,,,2,100,,12005,25,,,2,95,,10947,25,,,2
