2401,'DIM',705,,7306,48,,,1,99,,7308,48,,,1,107,,7310,48,,,1,100,,7299,48,,,1,100,,7309,48,,,1,31,,7314,48,,,1,69,,7316,48,,,1,31,,7294,48,,,1,71,,7315,48,,,1,31,,7307,48,,,1,69,,7293,48,,,1,30,,7313,48,,,1,74,,7311,48,,,1,29,,7296,48,,,1,67,,7317,48,,,1,29,,7312,48,,,1,69,,7297,48,,,1,32,,7300,48,,,1,70,,7295,48,,,1,100,,7301,48,,,1,99,,7292,48,,,1,100,,7304,48,,,1,98,,7302,48,,,1,98,,7298,48,,,1,92,,7305,48,,,1,59,,7303,48,,,1
2401,'SAM',635,,7331,48,,,1,70,,7341,48,,,1,99,,7332,48,,,1,107,,7335,48,,,1,100,,7334,48,,,1,100,,7340,48,,,1,31,,7337,48,,,1,68,,7343,48,,,1,32,,7329,48,,,1,71,,7339,48,,,1,29,,7333,48,,,1,71,,7342,48,,,1,30,,7318,48,,,1,74,,7336,48,,,1,29,,7338,48,,,1,67,,7330,48,,,1,29,,7320,48,,,1,76,,7344,48,,,1,25,,7319,48,,,1,70,,7322,48,,,1,100,,7325,48,,,1,99,,7327,48,,,1,100,,7323,48,,,1,98,,7321,48,,,1,98,,7326,48,,,1,92,,7324,48,,,1,59,,7328,48,,,1
2401,'SEM',514,,7349,48,,,1,41,,7369,48,,,1,81,,7370,48,,,1,20,,7346,48,,,1,60,,7363,48,,,1,21,,7350,48,,,1,20,,7351,48,,,1,61,,7378,48,,,1,26,,7372,48,,,1,66,,7374,48,,,1,30,,7379,48,,,1,70,,7345,48,,,1,30,,7375,48,,,1,70,,7377,48,,,1,30,,7368,48,,,1,70,,7348,48,,,1,31,,7373,48,,,1,70,,7347,48,,,1,30,,7371,48,,,1,70,,7376,48,,,1,31,,7356,48,,,1,71,,7353,48,,,1,43,,7352,48,,,1,60,,7354,48,,,1,31,,7358,48,,,1,75,,7355,48,,,1,27,,7359,48,,,1,64,,7362,48,,,1,38,,7365,48,,,1,98,,7357,48,,,1,85,,7366,48,,,1,100,,7367,48,,,1,99,,7360,48,,,1,99,,7361,48,,,1,97,,7364,48,,,1
3304,'DIM',757,,8062,49,,,1,171,,8063,49,,,1,130,,8057,49,,,1,170,,8061,49,,,1,177,,8065,49,,,1,124,,8064,49,,,1,128,,8055,49,,,1,172,,8059,49,,,1,129,,8058,49,,,1,170,,8060,49,,,1,129,,8056,49,,,1
3304,'SAM',757,,8073,49,,,1,171,,8075,49,,,1,130,,8074,49,,,1,170,,8076,49,,,1,176,,8067,49,,,1,125,,8066,49,,,1,130,,8071,49,,,1,170,,8070,49,,,1,129,,8068,49,,,1,170,,8072,49,,,1,129,,8069,49,,,1
3304,'SEM',517,,8081,49,,,1,90,,8092,49,,,1,35,,8093,49,,,1,94,,8099,49,,,1,78,,8084,49,,,1,20,,8098,49,,,1,71,,8094,49,,,1,104,,8078,49,,,1,100,,8095,49,,,1,100,,8079,49,,,1,100,,8096,49,,,1,96,,8097,49,,,1,111,,8077,49,,,1,111,,8083,49,,,1,76,,8082,49,,,1,49,,8085,49,,,1,72,,8080,49,,,1,24,,8091,49,,,1,70,,8090,49,,,1,96,,8089,49,,,1,94,,8086,49,,,1,111,,8088,49,,,1,38,,8087,49,,,1
3704,'DIM',718,,8175,48,,,2,35,,8176,48,,,2,101,,8174,48,,,2,100,,8173,48,,,2,101,,8179,48,,,2,101,,8178,48,,,2,100,,8168,48,,,2,99,,8169,48,,,2,145,,8180,48,,,2,56,,8170,48,,,2,99,,8177,48,,,2,99,,8171,48,,,2,89,,8172,48,,,2
3704,'SAM',718,,1344,48,,,2,35,,8188,48,,,2,101,,8186,48,,,2,100,,8189,48,,,2,101,,8191,48,,,2,101,,8190,48,,,2,100,,8192,48,,,2,100,,8187,48,,,2,99,,8185,48,,,2,102,,8181,48,,,2,98,,8182,48,,,2,99,,8183,48,,,2,89,,8184,48,,,2
3704,'SEM',605,,8211,48,,,2,40,,8210,48,,,2,101,,8213,48,,,2,80,,8193,48,,,2,75,,8195,48,,,2,34,,8212,48,,,2,70,,8217,48,,,2,97,,8216,48,,,2,100,,8215,48,,,2,101,,8197,48,,,2,100,,8200,48,,,2,106,,8218,48,,,2,44,,8214,48,,,2,62,,8194,48,,,2,12,,8201,48,,,2,16,,8202,48,,,2,60,,8196,48,,,2,10,,8198,48,,,2,15,,8205,48,,,2,16,,8208,48,,,2,97,,8207,48,,,2,94,,8209,48,,,2,101,,8199,48,,,2,100,,8206,48,,,2,98,,8219,48,,,2,100,,8203,48,,,2,95,,8204,48,,,2
6304,'DIM',803,,10251,74,,,1,104,,10247,74,,,1,101,,10249,74,,,1,103,,10243,74,,,1,99,,10248,74,,,1,104,,10253,74,,,1,96,,10250,74,,,1,102,,10254,74,,,1,103,,10252,74,,,1,100,,10255,74,,,1,99,,10256,74,,,1,98,,10244,74,,,1,99,,10240,74,,,1,98,,10241,74,,,1,99,,10245,74,,,1,97,,10242,74,,,1,98,,10246,74,,,1
6304,'SAM',703,,10270,74,,,1,100,,10268,74,,,1,104,,10273,74,,,1,101,,10269,74,,,1,103,,10267,74,,,1,99,,10272,74,,,1,104,,10271,74,,,1,96,,10275,74,,,1,102,,10274,74,,,1,103,,10257,74,,,1,102,,10258,74,,,1,97,,10259,74,,,1,98,,10261,74,,,1,99,,10260,74,,,1,98,,10265,74,,,1,99,,10262,74,,,1,97,,10263,74,,,1,98,,10266,74,,,1,97,,10264,74,,,1
6304,'SEM',518,,10303,74,,,1,113,,10299,74,,,1,71,,10308,74,,,1,31,,10291,74,,,1,16,,10302,74,,,1,67,,10305,74,,,1,26,,10307,74,,,1,59,,10306,74,,,1,30,,10280,74,,,1,70,,10281,74,,,1,31,,10282,74,,,1,70,,10276,74,,,1,25,,10279,74,,,1,32,,10304,74,,,1,73,,10294,74,,,1,70,,10287,74,,,1,26,,10300,74,,,1,78,,10277,74,,,1,27,,10278,74,,,1,73,,10288,74,,,1,31,,10301,74,,,1,79,,10309,74,,,1,30,,10284,74,,,1,64,,10283,74,,,1,34,,10289,74,,,1,14,,10286,74,,,1,68,,10295,74,,,1,28,,10290,74,,,1,77,,10293,74,,,1,96,,10285,74,,,1,80,,10296,74,,,1,50,,10298,74,,,1,92,,10292,74,,,1,99,,10297,74,,,1
