3904,'DIM',855,,8313,67,,,1,153,,8307,67,,,1,42,,8314,67,,,1,70,,8317,67,,,1,34,,8308,67,,,1,67,,8306,67,,,1,33,,8316,67,,,1,69,,8311,67,,,1,35,,8300,67,,,1,67,,8315,67,,,1,30,,8309,67,,,1,71,,8310,67,,,1,32,,8299,67,,,1,69,,8312,67,,,1,31,,8295,67,,,1,71,,8296,67,,,1,27,,8301,67,,,1,68,,8302,67,,,1,29,,8303,67,,,1,83,,8304,67,,,1,97,,8297,67,,,1,100,,8305,67,,,1,99,,8298,67,,,1
3904,'SAM',855,,8333,67,,,1,153,,8326,67,,,1,42,,8337,67,,,1,70,,8327,67,,,1,31,,8318,67,,,1,70,,8324,67,,,1,36,,8330,67,,,1,66,,8328,67,,,1,35,,8334,67,,,1,67,,8325,67,,,1,30,,8331,67,,,1,71,,8332,67,,,1,31,,8338,67,,,1,70,,8329,67,,,1,32,,8335,67,,,1,64,,8336,67,,,1,33,,8339,67,,,1,68,,8340,67,,,1,29,,8319,67,,,1,86,,8320,67,,,1,96,,8322,67,,,1,98,,8321,67,,,1,99,,8323,67,,,1
3904,'SEM',649,,8364,67,,,1,67,,8357,67,,,1,15,,8363,67,,,1,11,,8345,67,,,1,72,,8360,67,,,1,31,,8341,67,,,1,71,,8358,67,,,1,30,,8365,67,,,1,75,,8343,67,,,1,28,,8344,67,,,1,73,,8355,67,,,1,30,,8359,67,,,1,71,,8361,67,,,1,28,,8352,67,,,1,72,,8356,67,,,1,27,,8362,67,,,1,78,,8342,67,,,1,74,,8347,67,,,1,30,,8349,67,,,1,73,,8350,67,,,1,101,,8366,67,,,1,108,,8353,67,,,1,97,,8354,67,,,1,103,,8346,67,,,1,100,,8348,67,,,1,93,,8351,67,,,1
5002,'DIM',630,,9440,50,,,1,101,,2653,50,,,1,103,,9423,50,,,1,97,,9438,50,,,1,108,,9431,50,,,1,65,,9441,50,,,1,37,,9433,50,,,1,64,,9445,50,,,1,39,,9443,50,,,1,62,,9444,50,,,1,36,,9446,50,,,1,69,,9432,50,,,1,33,,9434,50,,,1,76,,9447,50,,,1,29,,9436,50,,,1,74,,9435,50,,,1,30,,9442,50,,,1,66,,9439,50,,,1,30,,9437,50,,,1,99,,9425,50,,,1,98,,9427,50,,,1,99,,9430,50,,,1,99,,9424,50,,,1,97,,9428,50,,,1,97,,9426,50,,,1,98,,9429,50,,,1
5002,'SAM',630,,9455,50,,,1,101,,9458,50,,,1,103,,9449,50,,,1,100,,9470,50,,,1,105,,9469,50,,,1,65,,9468,50,,,1,36,,9466,50,,,1,65,,9450,50,,,1,39,,9473,50,,,1,62,,9472,50,,,1,36,,9451,50,,,1,69,,9462,50,,,1,33,,9464,50,,,1,76,,9467,50,,,1,29,,9463,50,,,1,74,,9465,50,,,1,30,,9453,50,,,1,66,,9454,50,,,1,30,,9448,50,,,1,99,,9471,50,,,1,98,,9459,50,,,1,99,,9461,50,,,1,99,,9460,50,,,1,97,,9456,50,,,1,97,,9452,50,,,1,98,,9457,50,,,1
5002,'SEM',519,,9480,50,,,1,37,,9502,50,,,1,72,,9498,50,,,1,30,,9474,50,,,1,78,,9506,50,,,1,72,,9499,50,,,1,24,,9475,50,,,1,75,,9492,50,,,1,26,,9478,50,,,1,71,,9504,50,,,1,26,,9505,50,,,1,73,,9501,50,,,1,28,,9477,50,,,1,73,,9481,50,,,1,28,,9500,50,,,1,72,,9489,50,,,1,32,,9503,50,,,1,70,,9482,50,,,1,30,,9485,50,,,1,82,,9476,50,,,1,27,,9486,50,,,1,78,,9479,50,,,1,33,,9493,50,,,1,70,,9483,50,,,1,27,,9484,50,,,1,69,,9491,50,,,1,29,,9487,50,,,1,69,,9490,50,,,1,103,,9494,50,,,1,104,,9507,50,,,1,100,,9488,50,,,1,110,,9496,50,,,1,103,,9495,50,,,1,97,,9497,50,,,1
6002,'DIM',709,,9994,29,,,1,101,,10003,29,,,1,100,,10001,29,,,1,100,,10002,29,,,1,100,,10004,29,,,1,100,,10007,29,,,1,101,,10005,29,,,1,100,,10008,29,,,1,100,,10006,29,,,1,99,,10009,29,,,1,99,,10010,29,,,1,100,,9996,29,,,1,100,,9998,29,,,1,101,,9997,29,,,1,101,,9999,29,,,1,100,,9993,29,,,1,100,,9995,29,,,1,98,,10000,29,,,1
6002,'SAM',709,,10022,29,,,1,101,,10013,29,,,1,100,,10025,29,,,1,100,,10027,29,,,1,100,,10023,29,,,1,100,,10026,29,,,1,101,,10024,29,,,1,100,,10012,29,,,1,100,,10028,29,,,1,99,,10011,29,,,1,99,,10015,29,,,1,102,,10020,29,,,1,98,,10016,29,,,1,101,,10017,29,,,1,101,,10021,29,,,1,100,,10014,29,,,1,100,,10018,29,,,1,98,,10019,29,,,1
6002,'SEM',641,,10045,29,,,1,101,,10043,29,,,1,101,,10030,29,,,1,100,,10046,29,,,1,100,,10044,29,,,1,102,,10035,29,,,1,100,,10029,29,,,1,99,,10031,29,,,1,101,,10042,29,,,1,99,,10032,29,,,1,102,,10037,29,,,1,105,,10034,29,,,1,92,,10040,29,,,1,99,,10038,29,,,1,99,,10033,29,,,1,100,,10036,29,,,1,99,,10039,29,,,1,89,,10041,29,,,1,100,,10047,29,,,1
6303,'DIM',750,,10176,29,,,1,100,,10178,29,,,1,102,,10169,29,,,1,97,,10177,29,,,1,103,,10181,29,,,1,96,,10179,29,,,1,103,,10182,29,,,1,103,,10180,29,,,1,100,,10183,29,,,1,100,,10184,29,,,1,100,,10170,29,,,1,98,,10166,29,,,1,99,,10167,29,,,1,99,,10172,29,,,1,100,,10168,29,,,1,100,,10173,29,,,1,99,,10171,29,,,1,100,,10174,29,,,1,98,,10175,29,,,1
6303,'SAM',649,,10198,29,,,1,101,,10202,29,,,1,100,,10199,29,,,1,102,,10197,29,,,1,97,,10201,29,,,1,103,,10200,29,,,1,96,,10204,29,,,1,103,,10203,29,,,1,103,,10185,29,,,1,102,,10186,29,,,1,98,,10187,29,,,1,100,,10189,29,,,1,98,,10188,29,,,1,99,,10193,29,,,1,99,,10190,29,,,1,100,,10191,29,,,1,100,,10194,29,,,1,99,,10192,29,,,1,100,,10195,29,,,1,98,,10196,29,,,1
6303,'SEM',609,,10220,29,,,1,20,,10230,29,,,1,16,,10231,29,,,1,76,,10237,29,,,1,14,,10235,29,,,1,74,,10209,29,,,1,23,,10211,29,,,1,74,,10212,29,,,1,33,,10205,29,,,1,65,,10208,29,,,1,33,,10234,29,,,1,67,,10222,29,,,1,31,,10238,29,,,1,66,,10232,29,,,1,38,,10206,29,,,1,67,,10207,29,,,1,30,,10236,29,,,1,70,,10233,29,,,1,33,,10239,29,,,1,72,,10214,29,,,1,26,,10213,29,,,1,74,,10218,29,,,1,19,,10216,29,,,1,25,,10210,29,,,1,73,,10219,29,,,1,80,,10217,29,,,1,97,,10215,29,,,1,41,,10223,29,,,1,93,,10226,29,,,1,95,,10221,29,,,1,88,,10224,29,,,1,105,,10225,29,,,1,99,,10229,29,,,1,104,,10227,29,,,1,94,,10228,29,,,1
6503,'DIM',714,,10321,6,,,2,101,,10323,6,,,2,100,,10325,6,,,2,100,,10327,6,,,2,103,,10324,6,,,2,97,,10322,6,,,2,107,,10310,6,,,2,100,,10326,6,,,2,96,,10328,6,,,2,98,,10313,6,,,2,102,,10315,6,,,2,98,,10314,6,,,2,99,,10317,6,,,2,100,,10319,6,,,2,100,,10311,6,,,2,100,,10312,6,,,2,100,,10318,6,,,2,99,,10320,6,,,2,100,,10316,6,,,2
6503,'SAM',714,,10342,6,,,2,101,,10345,6,,,2,100,,10344,6,,,2,100,,10346,6,,,2,102,,10347,6,,,2,97,,10349,6,,,2,108,,10348,6,,,2,99,,10343,6,,,2,97,,10329,6,,,2,98,,10331,6,,,2,102,,10334,6,,,2,100,,10337,6,,,2,97,,10341,6,,,2,100,,10339,6,,,2,100,,10333,6,,,2,100,,10330,6,,,2,100,,10332,6,,,2,99,,10335,6,,,2,100,,10336,6,,,2,45,,10338,6,,,2,75,,10340,6,,,2
6503,'SEM',600,,10359,6,,,2,27,,10351,6,,,2,27,,10376,6,,,2,64,,10352,6,,,2,24,,10354,6,,,2,78,,10367,6,,,2,26,,10382,6,,,2,78,,10355,6,,,2,25,,10356,6,,,2,70,,10373,6,,,2,30,,10357,6,,,2,70,,10380,6,,,2,30,,10377,6,,,2,70,,10378,6,,,2,30,,10379,6,,,2,70,,10358,6,,,2,30,,10361,6,,,2,70,,10353,6,,,2,30,,10365,6,,,2,74,,10366,6,,,2,30,,10350,6,,,2,65,,10360,6,,,2,25,,10370,6,,,2,15,,10381,6,,,2,55,,10371,6,,,2,15,,10372,6,,,2,15,,10368,6,,,2,13,,10374,6,,,2,57,,10369,6,,,2,33,,10363,6,,,2,103,,10362,6,,,2,99,,10364,6,,,2,100,,10384,6,,,2,100,,10383,6,,,2,99,,10375,6,,,2
7602,'DIM',608,,5136,6,,,2,96,,11115,6,,,2,100,,11125,6,,,2,100,,11127,6,,,2,30,,11123,6,,,2,70,,11124,6,,,2,30,,11105,6,,,2,70,,11128,6,,,2,30,,11126,6,,,2,70,,11114,6,,,2,32,,11129,6,,,2,72,,11130,6,,,2,27,,11106,6,,,2,74,,11116,6,,,2,33,,11108,6,,,2,64,,11109,6,,,2,30,,11111,6,,,2,70,,11107,6,,,2,30,,4405,6,,,2,70,,4422,6,,,2,30,,11112,6,,,2,74,,11120,6,,,2,94,,11121,6,,,2,100,,11113,6,,,2,101,,11122,6,,,2,101,,11110,6,,,2,99,,11117,6,,,2,100,,11119,6,,,2,100,,11118,6,,,2
7602,'SAM',608,,11148,6,,,2,96,,11147,6,,,2,100,,11151,6,,,2,100,,11153,6,,,2,30,,11158,6,,,2,70,,11146,6,,,2,30,,11155,6,,,2,70,,11154,6,,,2,30,,11160,6,,,2,70,,11132,6,,,2,30,,11149,6,,,2,74,,11131,6,,,2,27,,11150,6,,,2,74,,11157,6,,,2,33,,11133,6,,,2,64,,11134,6,,,2,30,,11156,6,,,2,70,,11137,6,,,2,30,,11159,6,,,2,70,,11135,6,,,2,30,,11152,6,,,2,75,,11140,6,,,2,93,,11142,6,,,2,100,,11138,6,,,2,101,,11136,6,,,2,101,,11141,6,,,2,99,,11139,6,,,2,100,,11144,6,,,2,100,,11143,6,,,2,101,,11145,6,,,2
7602,'SEM',551,,11161,6,,,2,62,,11190,6,,,2,16,,4470,6,,,2,11,,11188,6,,,2,64,,11192,6,,,2,18,,11194,6,,,2,22,,11168,6,,,2,61,,11162,6,,,2,35,,11189,6,,,2,68,,11193,6,,,2,31,,11186,6,,,2,72,,11163,6,,,2,30,,11191,6,,,2,70,,11167,6,,,2,29,,11187,6,,,2,71,,11166,6,,,2,30,,11171,6,,,2,71,,11196,6,,,2,28,,11172,6,,,2,70,,11164,6,,,2,35,,11195,6,,,2,65,,11165,6,,,2,24,,11169,6,,,2,66,,11176,6,,,2,25,,11177,6,,,2,25,,11180,6,,,2,65,,11182,6,,,2,25,,11178,6,,,2,60,,11174,6,,,2,34,,11170,6,,,2,70,,11181,6,,,2,31,,11184,6,,,2,100,,11173,6,,,2,100,,11175,6,,,2,99,,11183,6,,,2,103,,11179,6,,,2,109,,11185,6,,,2
90302,'DIM',831,,11900,4,,,2,99,,11902,4,,,2,96,,11901,4,,,2,97,,11907,4,,,2,102,,11906,4,,,2,99,,11908,4,,,2,104,,11903,4,,,2,97,,11904,4,,,2,103,,11898,4,,,2,99,,11905,4,,,2,102,,11899,4,,,2
90302,'SAM',831,,11915,4,,,2,98,,11918,4,,,2,95,,11917,4,,,2,100,,11916,4,,,2,101,,11914,4,,,2,98,,11919,4,,,2,105,,11909,4,,,2,97,,11911,4,,,2,99,,11910,4,,,2,103,,11912,4,,,2,102,,11913,4,,,2
90302,'SEM',726,,11924,4,,,2,102,,11921,4,,,2,101,,11930,4,,,2,99,,11920,4,,,2,100,,11937,4,,,2,97,,11936,4,,,2,100,,11927,4,,,2,80,,11938,4,,,2,105,,11928,4,,,2,16,,11926,4,,,2,21,,11925,4,,,2,68,,11922,4,,,2,30,,11923,4,,,2,69,,11929,4,,,2,35,,11933,4,,,2,69,,11932,4,,,2,40,,11939,4,,,2,148,,11935,4,,,2,100,,11931,4,,,2,99,,11934,4,,,2
