1704,'DIM',505,,7029,30,,,1,50,,7030,30,,,1,101,,7034,30,,,1,102,,7028,30,,,1,101,,165,30,,,1,100,,7032,30,,,1,141,,7033,30,,,1,100,,7035,30,,,1,101,,7036,30,,,1,101,,7031,30,,,1,102,,7017,30,,,1,99,,7018,30,,,1,100,,7021,30,,,1,101,,7023,30,,,1,98,,7022,30,,,1,98,,7020,30,,,1,100,,7024,30,,,1,59,,7027,30,,,1,99,,7019,30,,,1,99,,7025,30,,,1,96,,7026,30,,,1
1704,'SAM',505,,7049,30,,,1,50,,7050,30,,,1,101,,7056,30,,,1,102,,7053,30,,,1,101,,7048,30,,,1,100,,7052,30,,,1,141,,7057,30,,,1,100,,7055,30,,,1,101,,7054,30,,,1,101,,7051,30,,,1,101,,7038,30,,,1,100,,7039,30,,,1,101,,7041,30,,,1,100,,7043,30,,,1,98,,7037,30,,,1,98,,7045,30,,,1,100,,7042,30,,,1,59,,7040,30,,,1,99,,7044,30,,,1,99,,7046,30,,,1,96,,7047,30,,,1
1704,'SEM',517,,7072,30,,,1,93,,7077,30,,,1,22,,7080,30,,,1,22,,7059,30,,,1,67,,7063,30,,,1,35,,7064,30,,,1,61,,7058,30,,,1,98,,7061,30,,,1,85,,7062,30,,,1,100,,7065,30,,,1,100,,7076,30,,,1,100,,7078,30,,,1,100,,7067,30,,,1,102,,7079,30,,,1,101,,7060,30,,,1,105,,7068,30,,,1,95,,7066,30,,,1,97,,7069,30,,,1,101,,7074,30,,,1,100,,7075,30,,,1,100,,7070,30,,,1,100,,7071,30,,,1,99,,7073,30,,,1
3104,'DIM',625,,7960,40,,,1,103,,7961,40,,,1,100,,7959,40,,,1,101,,7965,40,,,1,101,,7966,40,,,1,100,,7964,40,,,1,100,,7962,40,,,1,103,,7950,40,,,1,101,,7963,40,,,1,100,,7949,40,,,1,101,,7948,40,,,1,99,,7953,40,,,1,98,,7955,40,,,1,102,,7954,40,,,1,96,,7956,40,,,1,100,,7952,40,,,1,99,,7951,40,,,1,98,,7957,40,,,1,102,,7958,40,,,1
3104,'SAM',525,,1137,40,,,1,100,,7976,40,,,1,103,,7979,40,,,1,100,,7978,40,,,1,101,,7981,40,,,1,101,,7984,40,,,1,100,,7985,40,,,1,100,,7980,40,,,1,102,,7975,40,,,1,101,,7982,40,,,1,101,,7977,40,,,1,101,,7983,40,,,1,100,,7971,40,,,1,98,,7973,40,,,1,99,,7969,40,,,1,99,,7974,40,,,1,99,,7967,40,,,1,99,,7968,40,,,1,98,,7970,40,,,1,102,,7972,40,,,1
3104,'SEM',449,,7994,40,,,1,77,,7995,40,,,1,91,,8006,40,,,1,21,,8008,40,,,1,63,,7988,40,,,1,34,,8007,40,,,1,68,,8004,40,,,1,29,,8002,40,,,1,75,,8003,40,,,1,22,,8005,40,,,1,100,,7986,40,,,1,102,,7987,40,,,1,100,,7990,40,,,1,101,,8009,40,,,1,100,,7989,40,,,1,102,,7992,40,,,1,100,,7993,40,,,1,96,,7991,40,,,1,103,,7996,40,,,1,97,,8001,40,,,1,105,,8000,40,,,1,99,,7997,40,,,1,102,,7998,40,,,1,100,,7999,40,,,1
7304,'DIM',540,,10839,58,,,1,70,,10828,58,,,1,102,,10832,58,,,1,101,,10835,58,,,1,101,,10831,58,,,1,101,,10833,58,,,1,100,,10836,58,,,1,100,,10840,58,,,1,102,,10834,58,,,1,101,,10837,58,,,1,101,,10830,58,,,1,100,,10838,58,,,1,100,,10841,58,,,1,100,,10824,58,,,1,99,,10821,58,,,1,97,,10827,58,,,1,100,,10823,58,,,1,99,,10822,58,,,1,98,,10825,58,,,1,101,,10826,58,,,1,99,,10829,58,,,1
7304,'SAM',540,,10861,58,,,1,70,,10851,58,,,1,102,,10856,58,,,1,101,,10853,58,,,1,101,,10852,58,,,1,101,,10857,58,,,1,100,,10859,58,,,1,101,,10855,58,,,1,101,,10845,58,,,1,101,,10858,58,,,1,101,,10854,58,,,1,100,,10860,58,,,1,100,,10862,58,,,1,100,,10844,58,,,1,98,,10842,58,,,1,98,,10843,58,,,1,100,,10847,58,,,1,99,,10846,58,,,1,98,,4131,58,,,1,101,,10848,58,,,1,99,,4133,58,,,1,100,,10849,58,,,1,99,,10850,58,,,1
7304,'SEM',502,,10894,58,,,1,41,,10891,58,,,1,82,,10897,58,,,1,18,,10900,58,,,1,71,,10896,58,,,1,14,,10893,58,,,1,14,,10869,58,,,1,68,,10871,58,,,1,14,,10892,58,,,1,15,,10898,58,,,1,65,,10887,58,,,1,31,,10865,58,,,1,80,,10864,58,,,1,29,,10880,58,,,1,70,,10895,58,,,1,30,,10866,58,,,1,71,,10870,58,,,1,36,,10879,58,,,1,66,,10872,58,,,1,30,,10899,58,,,1,70,,10867,58,,,1,30,,10868,58,,,1,72,,10876,58,,,1,31,,10863,58,,,1,72,,10873,58,,,1,79,,10883,58,,,1,22,,10881,58,,,1,28,,10875,58,,,1,69,,10882,58,,,1,36,,10877,58,,,1,60,,10888,58,,,1,30,,10874,58,,,1,70,,10884,58,,,1,30,,10886,58,,,1,73,,10878,58,,,1,97,,10890,58,,,1,99,,10885,58,,,1,103,,10889,58,,,1
7402,'DIM',641,,10961,71,,,2,101,,10964,71,,,2,101,,6451,71,,,2,101,,10965,71,,,2,101,,10963,71,,,2,100,,10962,71,,,2,101,,10968,71,,,2,100,,10967,71,,,2,103,,10969,71,,,2,99,,10966,71,,,2,99,,10956,71,,,2,102,,10955,71,,,2,98,,10957,71,,,2,98,,10958,71,,,2,100,,6443,71,,,2,100,,10959,71,,,2,98,,10960,71,,,2
7402,'SAM',641,,10977,71,,,2,101,,10981,71,,,2,101,,10979,71,,,2,101,,10976,71,,,2,101,,10980,71,,,2,100,,10982,71,,,2,101,,10985,71,,,2,101,,10978,71,,,2,100,,10983,71,,,2,101,,10986,71,,,2,100,,10984,71,,,2,100,,10970,71,,,2,99,,10972,71,,,2,98,,10974,71,,,2,100,,10973,71,,,2,100,,10975,71,,,2,98,,10971,71,,,2
7402,'SEM',559,,11000,71,,,2,89,,11005,71,,,2,60,,10988,71,,,2,41,,10999,71,,,2,100,,10989,71,,,2,99,,10987,71,,,2,99,,10991,71,,,2,101,,11001,71,,,2,97,,11004,71,,,2,100,,10990,71,,,2,101,,11003,71,,,2,102,,11002,71,,,2,100,,10992,71,,,2,97,,10993,71,,,2,100,,10996,71,,,2,98,,10998,71,,,2,99,,10994,71,,,2,103,,10995,71,,,2,98,,10997,71,,,2
