4202,'DIM',511,,8661,77,,,2,41,,8702,77,,,2,66,,8672,77,,,2,30,,8660,77,,,2,71,,8684,77,,,2,29,,8682,77,,,2,73,,8703,77,,,2,32,,8687,77,,,2,71,,8683,77,,,2,31,,8691,77,,,2,71,,8695,77,,,2,23,,8701,77,,,2,62,,8697,77,,,2,21,,8688,77,,,2,22,,8693,77,,,2,59,,8689,77,,,2,20,,8692,77,,,2,18,,8677,77,,,2,63,,8680,77,,,2,20,,8679,77,,,2,22,,8681,77,,,2,59,,8686,77,,,2,20,,8685,77,,,2,18,,8705,77,,,2,62,,8698,77,,,2,21,,8694,77,,,2,21,,8690,77,,,2,61,,8700,77,,,2,19,,8665,77,,,2,20,,8666,77,,,2,61,,8667,77,,,2,23,,8699,77,,,2,76,,8696,77,,,2,35,,8704,77,,,2,69,,8676,77,,,2,30,,8663,77,,,2,72,,8662,77,,,2,30,,8671,77,,,2,69,,8659,77,,,2,27,,8668,77,,,2,68,,8678,77,,,2,28,,8664,77,,,2,71,,8670,77,,,2,30,,8674,77,,,2,67,,8675,77,,,2,30,,8669,77,,,2,76,,8673,77,,,2
4202,'SAM',511,,8708,77,,,2,41,,8710,77,,,2,66,,8728,77,,,2,30,,8706,77,,,2,71,,8736,77,,,2,29,,8734,77,,,2,73,,8711,77,,,2,32,,8742,77,,,2,71,,8738,77,,,2,31,,8737,77,,,2,71,,8741,77,,,2,23,,8753,77,,,2,62,,8747,77,,,2,21,,8751,77,,,2,21,,8746,77,,,2,60,,8749,77,,,2,20,,8731,77,,,2,18,,8744,77,,,2,62,,8735,77,,,2,21,,8727,77,,,2,21,,8733,77,,,2,60,,8707,77,,,2,20,,8740,77,,,2,18,,8739,77,,,2,62,,8732,77,,,2,21,,8743,77,,,2,21,,8709,77,,,2,60,,8745,77,,,2,19,,8748,77,,,2,21,,8714,77,,,2,61,,8750,77,,,2,23,,8752,77,,,2,75,,8720,77,,,2,35,,8722,77,,,2,70,,8724,77,,,2,30,,8726,77,,,2,75,,8712,77,,,2,27,,8715,77,,,2,69,,8729,77,,,2,27,,8717,77,,,2,68,,8719,77,,,2,31,,8713,77,,,2,67,,8716,77,,,2,30,,8718,77,,,2,68,,8721,77,,,2,30,,8723,77,,,2,76,,8725,77,,,2,30,,8730,77,,,2
4202,'SEM',511,,8792,77,,,2,97,,8794,77,,,2,32,,8798,77,,,2,16,,8801,77,,,2,56,,8754,77,,,2,10,,8756,77,,,2,11,,8759,77,,,2,9,,8762,77,,,2,10,,8800,77,,,2,52,,8797,77,,,2,21,,8757,77,,,2,18,,8771,77,,,2,61,,8758,77,,,2,22,,8802,77,,,2,22,,8799,77,,,2,59,,8760,77,,,2,21,,8793,77,,,2,20,,8755,77,,,2,59,,8796,77,,,2,21,,8764,77,,,2,20,,8787,77,,,2,61,,8795,77,,,2,24,,8765,77,,,2,17,,8785,77,,,2,64,,8767,77,,,2,20,,8769,77,,,2,20,,8770,77,,,2,63,,8763,77,,,2,17,,8772,77,,,2,21,,8773,77,,,2,60,,8774,77,,,2,21,,8761,77,,,2,21,,8776,77,,,2,60,,8803,77,,,2,20,,8779,77,,,2,20,,8780,77,,,2,60,,8781,77,,,2,21,,8783,77,,,2,17,,8806,77,,,2,63,,8786,77,,,2,20,,8766,77,,,2,63,,8775,77,,,2,24,,8768,77,,,2,19,,8790,77,,,2,70,,8805,77,,,2,45,,8807,77,,,2,76,,8791,77,,,2,68,,8777,77,,,2,29,,8778,77,,,2,69,,8782,77,,,2,26,,8784,77,,,2,76,,8789,77,,,2,27,,8804,77,,,2,71,,8788,77,,,2
4804,'DIM',608,,9283,59,,,1,110,,9287,59,,,1,103,,9284,59,,,1,109,,9288,59,,,1,107,,9291,59,,,1,101,,9274,59,,,1,103,,9285,59,,,1,100,,9286,59,,,1,97,,9290,59,,,1,105,,9276,59,,,1,101,,9289,59,,,1,101,,9275,59,,,1,97,,9281,59,,,1,95,,9277,59,,,1,94,,9282,59,,,1,97,,9279,59,,,1,100,,9278,59,,,1,95,,9280,59,,,1
4804,'SAM',608,,9302,59,,,1,110,,2518,59,,,1,103,,9304,59,,,1,108,,9306,59,,,1,108,,9310,59,,,1,101,,9303,59,,,1,102,,9309,59,,,1,100,,9305,59,,,1,97,,9307,59,,,1,106,,9308,59,,,1,101,,9295,59,,,1,101,,9298,59,,,1,97,,9296,59,,,1,95,,9299,59,,,1,94,,9293,59,,,1,97,,9292,59,,,1,98,,9294,59,,,1,97,,9300,59,,,1,97,,9301,59,,,1,33,,9297,59,,,1
4804,'SEM',539,,9313,59,,,1,81,,9330,59,,,1,32,,9311,59,,,1,73,,9314,59,,,1,27,,9318,59,,,1,79,,9332,59,,,1,70,,9331,59,,,1,30,,9334,59,,,1,70,,9321,59,,,1,31,,9320,59,,,1,71,,9315,59,,,1,101,,9322,59,,,1,100,,9333,59,,,1,100,,9319,59,,,1,102,,9316,59,,,1,39,,9312,59,,,1,107,,9317,59,,,1,96,,9327,59,,,1,67,,9329,59,,,1,102,,9325,59,,,1,114,,9328,59,,,1,99,,9323,59,,,1,98,,9324,59,,,1,96,,9335,59,,,1,97,,9326,59,,,1
5802,'DIM',625,,9883,57,,,2,101,,9890,57,,,2,93,,9887,57,,,2,100,,9891,57,,,2,100,,9894,57,,,2,99,,9886,57,,,2,101,,9896,57,,,2,100,,9893,57,,,2,102,,9889,57,,,2,99,,9892,57,,,2,101,,9888,57,,,2,99,,9882,57,,,2,101,,9895,57,,,2,100,,9879,57,,,2,99,,9885,57,,,2,98,,9881,57,,,2,98,,9880,57,,,2,98,,9884,57,,,2
5802,'SAM',625,,9914,57,,,2,101,,9906,57,,,2,93,,9905,57,,,2,100,,9910,57,,,2,100,,9908,57,,,2,99,,9911,57,,,2,101,,9913,57,,,2,100,,9897,57,,,2,99,,9904,57,,,2,101,,9909,57,,,2,101,,9907,57,,,2,101,,9912,57,,,2,100,,9899,57,,,2,100,,9902,57,,,2,99,,9898,57,,,2,98,,9903,57,,,2,98,,9900,57,,,2,98,,9901,57,,,2
5802,'SEM',545,,9932,57,,,2,75,,9926,57,,,2,22,,9925,57,,,2,80,,9933,57,,,2,35,,9935,57,,,2,69,,9918,57,,,2,33,,9917,57,,,2,83,,9921,57,,,2,100,,9936,57,,,2,100,,9915,57,,,2,100,,9922,57,,,2,100,,9934,57,,,2,100,,9916,57,,,2,65,,9919,57,,,2,30,,9923,57,,,2,104,,9929,57,,,2,71,,9920,57,,,2,93,,9924,57,,,2,96,,9930,57,,,2,58,,9937,57,,,2,100,,9931,57,,,2,97,,9928,57,,,2,99,,9927,57,,,2
7001,'DIM',741,,10584,77,,,1,101,,10574,77,,,1,99,,10582,77,,,1,100,,10585,77,,,1,69,,10588,77,,,1,31,,10583,77,,,1,70,,10590,77,,,1,28,,10589,77,,,1,70,,10586,77,,,1,35,,10587,77,,,1,69,,10591,77,,,1,27,,10567,77,,,1,74,,10592,77,,,1,25,,10570,77,,,1,75,,10571,77,,,1,27,,10572,77,,,1,73,,10569,77,,,1,33,,10575,77,,,1,73,,10578,77,,,1,30,,10573,77,,,1,94,,10579,77,,,1,98,,10576,77,,,1,100,,10568,77,,,1,99,,10580,77,,,1,100,,10581,77,,,1,99,,10577,77,,,1
7001,'SAM',741,,10609,77,,,1,101,,10614,77,,,1,99,,10616,77,,,1,100,,10617,77,,,1,68,,10615,77,,,1,32,,10593,77,,,1,69,,10618,77,,,1,29,,10613,77,,,1,70,,10594,77,,,1,34,,10610,77,,,1,68,,10595,77,,,1,33,,10611,77,,,1,70,,10597,77,,,1,25,,10612,77,,,1,73,,10600,77,,,1,29,,10602,77,,,1,73,,10599,77,,,1,34,,10601,77,,,1,72,,10605,77,,,1,30,,10603,77,,,1,94,,10607,77,,,1,98,,10596,77,,,1,100,,10598,77,,,1,98,,10608,77,,,1,101,,10606,77,,,1,99,,10604,77,,,1
7001,'SEM',552,,10645,77,,,1,73,,10623,77,,,1,29,,10646,77,,,1,58,,10647,77,,,1,19,,10642,77,,,1,28,,10653,77,,,1,64,,10634,77,,,1,24,,10620,77,,,1,69,,10652,77,,,1,30,,10649,77,,,1,71,,10650,77,,,1,29,,10631,77,,,1,71,,10654,77,,,1,29,,10622,77,,,1,72,,10627,77,,,1,28,,10651,77,,,1,70,,10621,77,,,1,30,,10619,77,,,1,72,,10648,77,,,1,30,,10626,77,,,1,79,,10629,77,,,1,24,,10625,77,,,1,51,,10632,77,,,1,49,,10624,77,,,1,77,,10636,77,,,1,27,,10639,77,,,1,73,,10640,77,,,1,25,,10628,77,,,1,78,,10637,77,,,1,84,,10633,77,,,1,33,,10630,77,,,1,108,,10638,77,,,1,99,,10635,77,,,1,99,,10643,77,,,1,99,,10641,77,,,1,167,,10644,77,,,1
