1704,'DIM',512,,7029,44,,,1,90,,7030,44,,,1,101,,7034,44,,,1,103,,7028,44,,,1,101,,165,44,,,1,101,,7032,44,,,1,101,,7033,44,,,1,100,,7035,44,,,1,101,,7036,44,,,1,101,,7031,44,,,1,102,,7017,44,,,1,99,,7018,44,,,1,100,,7021,44,,,1,100,,7023,44,,,1,98,,7022,44,,,1,98,,7020,44,,,1,100,,7024,44,,,1,98,,7027,44,,,1,99,,7019,44,,,1,99,,7025,44,,,1,96,,7026,44,,,1
1704,'SAM',512,,7049,44,,,1,90,,7050,44,,,1,101,,7056,44,,,1,103,,7053,44,,,1,101,,7048,44,,,1,101,,7052,44,,,1,101,,7057,44,,,1,100,,7055,44,,,1,101,,7054,44,,,1,101,,7051,44,,,1,101,,7038,44,,,1,100,,7039,44,,,1,101,,7041,44,,,1,99,,7043,44,,,1,98,,7037,44,,,1,98,,7045,44,,,1,100,,7042,44,,,1,98,,7040,44,,,1,99,,7044,44,,,1,99,,7046,44,,,1,96,,7047,44,,,1
1704,'SEM',524,,7072,44,,,1,94,,7077,44,,,1,22,,7080,44,,,1,62,,7059,44,,,1,27,,7063,44,,,1,76,,7064,44,,,1,21,,7058,44,,,1,98,,7061,44,,,1,85,,7062,44,,,1,100,,7065,44,,,1,100,,7076,44,,,1,100,,7078,44,,,1,100,,7067,44,,,1,102,,7079,44,,,1,101,,7060,44,,,1,105,,7068,44,,,1,95,,7066,44,,,1,97,,7069,44,,,1,100,,7074,44,,,1,100,,7075,44,,,1,99,,7070,44,,,1,100,,7071,44,,,1,99,,7073,44,,,1
2704,'DIM',759,,7846,49,,,2,141,,7847,49,,,2,100,,7842,49,,,2,59,,7844,49,,,2,98,,7845,49,,,2,143,,7841,49,,,2,55,,7848,49,,,2,147,,7843,49,,,2,100,,7834,49,,,2,100,,7838,49,,,2,100,,7839,49,,,2,99,,7835,49,,,2,100,,7837,49,,,2,58,,7836,49,,,2,100,,7840,49,,,2,100,,7833,49,,,2
2704,'SAM',658,,7861,49,,,2,101,,7857,49,,,2,141,,7858,49,,,2,100,,7856,49,,,2,59,,7865,49,,,2,100,,7860,49,,,2,141,,7863,49,,,2,54,,7859,49,,,2,148,,7862,49,,,2,100,,7852,49,,,2,100,,7853,49,,,2,53,,7855,49,,,2,146,,7864,49,,,2,100,,7851,49,,,2,58,,7854,49,,,2,100,,7849,49,,,2,100,,7850,49,,,2
2704,'SEM',622,,7887,49,,,2,28,,7867,49,,,2,68,,7884,49,,,2,28,,7870,49,,,2,67,,7871,49,,,2,28,,7889,49,,,2,66,,7886,49,,,2,49,,7885,49,,,2,100,,7874,49,,,2,148,,7866,49,,,2,55,,7888,49,,,2,88,,7869,49,,,2,106,,7868,49,,,2,147,,7879,49,,,2,37,,7880,49,,,2,80,,7875,49,,,2,13,,7872,49,,,2,70,,7873,49,,,2,31,,7877,49,,,2,75,,7882,49,,,2,100,,7878,49,,,2,45,,7881,49,,,2,95,,7876,49,,,2,104,,7883,49,,,2
3104,'DIM',632,,7960,54,,,1,104,,7961,54,,,1,100,,7959,54,,,1,102,,7965,54,,,1,101,,7966,54,,,1,100,,7964,54,,,1,100,,7962,54,,,1,103,,7950,54,,,1,101,,7963,54,,,1,100,,7949,54,,,1,101,,7948,54,,,1,99,,7953,54,,,1,97,,7955,54,,,1,102,,7954,54,,,1,96,,7956,54,,,1,99,,7952,54,,,1,99,,7951,54,,,1,98,,7957,54,,,1,102,,7958,54,,,1
3104,'SAM',532,,1137,54,,,1,100,,7976,54,,,1,104,,7979,54,,,1,100,,7978,54,,,1,102,,7981,54,,,1,101,,7984,54,,,1,100,,7985,54,,,1,100,,7980,54,,,1,102,,7975,54,,,1,101,,7982,54,,,1,101,,7977,54,,,1,101,,7983,54,,,1,100,,7971,54,,,1,97,,7973,54,,,1,99,,7969,54,,,1,99,,7974,54,,,1,98,,7967,54,,,1,99,,7968,54,,,1,98,,7970,54,,,1,102,,7972,54,,,1
3104,'SEM',456,,7994,54,,,1,77,,7995,54,,,1,92,,8006,54,,,1,21,,8008,54,,,1,64,,7988,54,,,1,34,,8007,54,,,1,68,,8004,54,,,1,29,,8002,54,,,1,75,,8003,54,,,1,22,,8005,54,,,1,100,,7986,54,,,1,102,,7987,54,,,1,100,,7990,54,,,1,101,,8009,54,,,1,100,,7989,54,,,1,102,,7992,54,,,1,100,,7993,54,,,1,96,,7991,54,,,1,103,,7996,54,,,1,96,,8001,54,,,1,105,,8000,54,,,1,99,,7997,54,,,1,101,,7998,54,,,1,100,,7999,54,,,1
4304,'DIM',508,,8893,29,,,1,103,,8887,29,,,1,100,,8883,29,,,1,102,,8885,29,,,1,102,,8890,29,,,1,100,,8888,29,,,1,106,,8889,29,,,1,100,,8886,29,,,1,100,,8894,29,,,1,100,,8891,29,,,1,104,,8892,29,,,1,99,,8875,29,,,1,99,,8876,29,,,1,101,,8878,29,,,1,94,,8881,29,,,1,98,,8880,29,,,1,99,,8877,29,,,1,99,,8879,29,,,1,100,,8884,29,,,1,100,,8882,29,,,1
4304,'SAM',508,,8911,29,,,1,103,,8908,29,,,1,100,,8905,29,,,1,102,,8896,29,,,1,102,,8912,29,,,1,100,,8897,29,,,1,106,,8898,29,,,1,100,,8909,29,,,1,100,,8906,29,,,1,100,,8913,29,,,1,103,,8907,29,,,1,101,,8910,29,,,1,98,,8895,29,,,1,97,,8914,29,,,1,98,,8902,29,,,1,98,,8899,29,,,1,99,,2109,29,,,1,99,,8900,29,,,1,100,,8901,29,,,1,100,,8904,29,,,1,98,,8903,29,,,1
4304,'SEM',524,,8934,29,,,1,76,,8940,29,,,1,35,,8915,29,,,1,65,,8917,29,,,1,21,,8938,29,,,1,31,,8916,29,,,1,73,,8939,29,,,1,33,,8920,29,,,1,75,,8935,29,,,1,68,,8941,29,,,1,31,,8919,29,,,1,70,,8936,29,,,1,30,,8926,29,,,1,70,,8922,29,,,1,30,,8943,29,,,1,70,,8942,29,,,1,30,,8937,29,,,1,72,,8923,29,,,1,29,,8924,29,,,1,70,,8928,29,,,1,36,,8944,29,,,1,66,,8918,29,,,1,26,,8925,29,,,1,70,,8921,29,,,1,56,,8927,29,,,1,97,,8930,29,,,1,100,,8932,29,,,1,101,,8933,29,,,1,99,,8945,29,,,1,101,,8946,29,,,1,150,,8929,29,,,1,20,,8931,29,,,1
6001,'DIM',814,,9939,53,,,1,103,,9947,53,,,1,102,,9945,53,,,1,104,,9946,53,,,1,101,,9948,53,,,1,102,,9951,53,,,1,102,,9949,53,,,1,100,,9952,53,,,1,100,,9950,53,,,1,102,,9953,53,,,1,92,,9954,53,,,1,99,,9941,53,,,1,98,,9943,53,,,1,97,,9942,53,,,1,99,,9944,53,,,1,99,,9938,53,,,1,100,,9940,53,,,1
6001,'SAM',710,,9961,53,,,1,104,,9966,53,,,1,103,,9957,53,,,1,102,,9969,53,,,1,103,,9971,53,,,1,102,,9967,53,,,1,102,,9970,53,,,1,102,,9968,53,,,1,100,,9956,53,,,1,100,,9972,53,,,1,102,,9955,53,,,1,92,,9959,53,,,1,100,,9964,53,,,1,97,,9960,53,,,1,97,,9962,53,,,1,99,,9965,53,,,1,99,,9958,53,,,1,100,,9963,53,,,1
6001,'SEM',556,,9987,53,,,1,101,,9973,53,,,1,87,,9991,53,,,1,78,,9985,53,,,1,37,,9989,53,,,1,141,,9975,53,,,1,101,,9992,53,,,1,101,,9990,53,,,1,104,,9976,53,,,1,100,,9974,53,,,1,101,,9986,53,,,1,102,,9988,53,,,1,99,,9977,53,,,1,102,,9981,53,,,1,96,,9979,53,,,1,49,,9984,53,,,1,98,,9982,53,,,1,98,,9978,53,,,1,99,,9980,53,,,1,94,,9983,53,,,1
7304,'DIM',547,,10839,72,,,1,70,,10828,72,,,1,103,,10832,72,,,1,101,,10835,72,,,1,102,,10831,72,,,1,101,,10833,72,,,1,100,,10836,72,,,1,100,,10840,72,,,1,102,,10834,72,,,1,101,,10837,72,,,1,101,,10830,72,,,1,100,,10838,72,,,1,100,,10841,72,,,1,99,,10824,72,,,1,99,,10821,72,,,1,97,,10827,72,,,1,99,,10823,72,,,1,99,,10822,72,,,1,98,,10825,72,,,1,101,,10826,72,,,1,99,,10829,72,,,1
7304,'SAM',547,,10861,72,,,1,70,,10851,72,,,1,103,,10856,72,,,1,101,,10853,72,,,1,102,,10852,72,,,1,101,,10857,72,,,1,100,,10859,72,,,1,101,,10855,72,,,1,101,,10845,72,,,1,101,,10858,72,,,1,101,,10854,72,,,1,100,,10860,72,,,1,100,,10862,72,,,1,99,,10844,72,,,1,98,,10842,72,,,1,98,,10843,72,,,1,99,,10847,72,,,1,99,,10846,72,,,1,98,,4131,72,,,1,101,,10848,72,,,1,99,,4133,72,,,1,100,,10849,72,,,1,99,,10850,72,,,1
7304,'SEM',509,,10894,72,,,1,42,,10891,72,,,1,82,,10897,72,,,1,18,,10900,72,,,1,71,,10896,72,,,1,15,,10893,72,,,1,14,,10869,72,,,1,68,,10871,72,,,1,14,,10892,72,,,1,15,,10898,72,,,1,65,,10887,72,,,1,31,,10865,72,,,1,80,,10864,72,,,1,29,,10880,72,,,1,70,,10895,72,,,1,30,,10866,72,,,1,71,,10870,72,,,1,76,,10879,72,,,1,26,,10872,72,,,1,30,,10899,72,,,1,70,,10867,72,,,1,30,,10868,72,,,1,73,,10876,72,,,1,71,,10863,72,,,1,32,,10873,72,,,1,79,,10883,72,,,1,22,,10881,72,,,1,67,,10875,72,,,1,29,,10882,72,,,1,76,,10877,72,,,1,20,,10888,72,,,1,29,,10874,72,,,1,70,,10884,72,,,1,30,,10886,72,,,1,73,,10878,72,,,1,96,,10890,72,,,1,99,,10885,72,,,1,102,,10889,72,,,1
7402,'DIM',648,,10961,85,,,2,102,,10964,85,,,2,101,,6451,85,,,2,101,,10965,85,,,2,102,,10963,85,,,2,100,,10962,85,,,2,101,,10968,85,,,2,100,,10967,85,,,2,103,,10969,85,,,2,99,,10966,85,,,2,99,,10956,85,,,2,101,,10955,85,,,2,98,,10957,85,,,2,98,,10958,85,,,2,99,,6443,85,,,2,100,,10959,85,,,2,98,,10960,85,,,2
7402,'SAM',648,,10977,85,,,2,102,,10981,85,,,2,101,,10979,85,,,2,101,,10976,85,,,2,102,,10980,85,,,2,100,,10982,85,,,2,101,,10985,85,,,2,101,,10978,85,,,2,100,,10983,85,,,2,101,,10986,85,,,2,100,,10984,85,,,2,99,,10970,85,,,2,99,,10972,85,,,2,98,,10974,85,,,2,99,,10973,85,,,2,100,,10975,85,,,2,98,,10971,85,,,2
7402,'SEM',607,,11000,85,,,2,49,,11005,85,,,2,60,,10988,85,,,2,42,,10999,85,,,2,100,,10989,85,,,2,99,,10987,85,,,2,99,,10991,85,,,2,101,,11001,85,,,2,97,,11004,85,,,2,100,,10990,85,,,2,101,,11003,85,,,2,102,,11002,85,,,2,100,,10992,85,,,2,97,,10993,85,,,2,100,,10996,85,,,2,97,,10998,85,,,2,99,,10994,85,,,2,102,,10995,85,,,2,98,,10997,85,,,2
