5504,'SEM',619,,9646,31,,,2,20,,9651,1,,,2,9,,9634,31,,,2,11,,9635,31,,,2,93,,9649,31,,,2,70,,9644,31,,,2,95,,9643,31,,,2,96,,9636,31,,,2,99,,9645,31,,,2,94,,11990,31,,,2,102,,9637,31,,,2,104,,9647,31,,,2,103,,9648,31,,,2,97,,9638,31,,,2,98,,9639,31,,,2,101,,9641,31,,,2,102,,9640,31,,,2,93,,9642,31,,,2
6104,'DIM',638,,10121,33,,,2,100,,10122,33,,,2,101,,10119,33,,,2,102,,10123,33,,,2,101,,10125,33,,,2,101,,10124,33,,,2,102,,10120,33,,,2,102,,10118,33,,,2,102,,10108,33,,,2,103,,10111,33,,,2,94,,10113,33,,,2,103,,10115,33,,,2,96,,10117,33,,,2,98,,10116,33,,,2,98,,10112,33,,,2,98,,10109,33,,,2,100,,10110,33,,,2,100,,10114,33,,,2
6104,'SAM',638,,10134,33,,,2,100,,10133,33,,,2,101,,10136,33,,,2,103,,10138,33,,,2,100,,10141,33,,,2,101,,10135,33,,,2,99,,10139,33,,,2,105,,10142,33,,,2,102,,10140,33,,,2,103,,10143,33,,,2,94,,10137,33,,,2,102,,10129,33,,,2,100,,10126,33,,,2,95,,10130,33,,,2,98,,10128,33,,,2,98,,10131,33,,,2,100,,10127,33,,,2,100,,10132,33,,,2
6104,'SEM',504,,10147,33,,,2,100,,10156,33,,,2,35,,10144,33,,,2,62,,10159,33,,,2,34,,10154,33,,,2,69,,10163,33,,,2,102,,10145,33,,,2,100,,10146,33,,,2,100,,10161,33,,,2,104,,10155,33,,,2,100,,10158,33,,,2,101,,10157,33,,,2,100,,10160,33,,,2,110,,10162,33,,,2,26,,10150,33,,,2,98,,10152,33,,,2,98,,10151,33,,,2,100,,10148,33,,,2,99,,10153,33,,,2,79,,10149,33,,,2,92,,11997,33,,,2,101,,11998,33,,,2
15104,'DIM',613,,11494,27,,,2,95,,11514,27,,,2,25,,11507,27,,,2,26,,11511,27,,,2,72,,11495,27,,,2,73,,11506,27,,,2,29,,11515,27,,,2,72,,11508,27,,,2,32,,11512,27,,,2,73,,11517,27,,,2,31,,11516,27,,,2,71,,11519,27,,,2,33,,11513,27,,,2,74,,11510,27,,,2,32,,11518,27,,,2,72,,11489,27,,,2,33,,11509,27,,,2,73,,11497,27,,,2,72,,11520,27,,,2,31,,11521,27,,,2,77,,11490,27,,,2,31,,11502,27,,,2,71,,11504,27,,,2,29,,11492,27,,,2,73,,11499,27,,,2,30,,11500,27,,,2,70,,11503,27,,,2,27,,11491,27,,,2,69,,11493,27,,,2,31,,11496,27,,,2,98,,11498,27,,,2,99,,11501,27,,,2,74,,11505,27,,,2
15104,'SAM',613,,11538,27,,,2,95,,11546,27,,,2,25,,11541,27,,,2,26,,11543,27,,,2,72,,11539,27,,,2,73,,11540,27,,,2,30,,11547,27,,,2,71,,11542,27,,,2,32,,11544,27,,,2,73,,11550,27,,,2,31,,11549,27,,,2,71,,11551,27,,,2,33,,11545,27,,,2,74,,11537,27,,,2,32,,11531,27,,,2,72,,11552,27,,,2,33,,11548,27,,,2,73,,11522,27,,,2,72,,11554,27,,,2,31,,11526,27,,,2,77,,11553,27,,,2,31,,11529,27,,,2,71,,11523,27,,,2,29,,11524,27,,,2,73,,11535,27,,,2,30,,11528,27,,,2,70,,11530,27,,,2,27,,11534,27,,,2,69,,11525,27,,,2,31,,11536,27,,,2,98,,11527,27,,,2,99,,11533,27,,,2,74,,11532,27,,,2
15104,'SEM',448,,11590,27,,,2,70,,11572,27,,,2,20,,11588,27,,,2,65,,11591,27,,,2,20,,11593,27,,,2,11,,11597,27,,,2,15,,11601,14,,,2,52,,11556,27,,,2,12,,11603,14,,,2,12,,11573,27,,,2,11,,11589,27,,,2,13,,11600,14,,,2,53,,11564,27,,,2,10,,11592,27,,,2,15,,11602,14,,,2,16,,11598,27,,,2,59,,11563,27,,,2,20,,11586,27,,,2,20,,11594,27,,,2,61,,11559,27,,,2,20,,11584,27,,,2,19,,11596,27,,,2,60,,11599,27,,,2,21,,11557,27,,,2,20,,11587,27,,,2,60,,11565,27,,,2,20,,11567,27,,,2,20,,11595,27,,,2,61,,11561,27,,,2,25,,11569,27,,,2,16,,11570,27,,,2,64,,11560,27,,,2,20,,11575,27,,,2,20,,11555,27,,,2,60,,11562,27,,,2,22,,11576,27,,,2,20,,11558,27,,,2,63,,11571,27,,,2,21,,11574,27,,,2,72,,11577,27,,,2,25,,11566,27,,,2,78,,11578,27,,,2,45,,11568,27,,,2,145,,11583,27,,,2,105,,11579,27,,,2,95,,11581,27,,,2,100,,11580,27,,,2,57,,11582,27,,,2,159,,11585,27,,,2
25504,'DIM',619,,11726,31,,,2,100,,11729,31,,,2,101,,11731,31,,,2,100,,11730,31,,,2,102,,11732,31,,,2,99,,11727,31,,,2,100,,11733,31,,,2,102,,11728,31,,,2,100,,11734,31,,,2,102,,11720,31,,,2,100,,11735,31,,,2,100,,11721,31,,,2,101,,11736,31,,,2,99,,11724,31,,,2,98,,11737,31,,,2,98,,11725,31,,,2,98,,11723,31,,,2,100,,11722,31,,,2
25504,'SAM',619,,11746,31,,,2,100,,11751,31,,,2,101,,11742,31,,,2,100,,11752,31,,,2,102,,11743,31,,,2,99,,11747,31,,,2,100,,11749,31,,,2,102,,11748,31,,,2,100,,11750,31,,,2,102,,11738,31,,,2,100,,11753,31,,,2,100,,11739,31,,,2,101,,11754,31,,,2,99,,11745,31,,,2,98,,11740,31,,,2,98,,5119,31,,,2,98,,11741,31,,,2,100,,11744,31,,,2
25504,'SEM',456,,11755,31,,,2,72,,11758,31,,,2,1528,,11757,31,,,2,99,,12013,31,,,2,95,,11756,31,,,2,94,,12014,31,,,2
