201,'SAM',2558,,6872,18,,,1,81,,6874,18,,,1,84,,6873,18,,,1
201,'SEM',2519,,6875,18,,,1,24,,6876,18,,,1,81,,6877,18,,,1,81,,6878,18,,,1
1704,'DIM',515,,7029,51,,,1,90,,7030,51,,,1,101,,7034,51,,,1,103,,7028,51,,,1,102,,165,51,,,1,101,,7032,51,,,1,102,,7033,51,,,1,100,,7035,51,,,1,101,,7036,51,,,1,101,,7031,51,,,1,102,,7017,51,,,1,99,,7018,51,,,1,100,,7021,51,,,1,100,,7023,51,,,1,98,,7022,51,,,1,98,,7020,51,,,1,100,,7024,51,,,1,98,,7027,51,,,1,98,,7019,51,,,1,98,,7025,51,,,1,96,,7026,51,,,1
1704,'SAM',515,,7049,51,,,1,90,,7050,51,,,1,101,,7056,51,,,1,103,,7053,51,,,1,102,,7048,51,,,1,101,,7052,51,,,1,102,,7057,51,,,1,100,,7055,51,,,1,101,,7054,51,,,1,101,,7051,51,,,1,101,,7038,51,,,1,100,,7039,51,,,1,101,,7041,51,,,1,99,,7043,51,,,1,98,,7037,51,,,1,98,,7045,51,,,1,100,,7042,51,,,1,98,,7040,51,,,1,98,,7044,51,,,1,98,,7046,51,,,1,96,,7047,51,,,1
1704,'SEM',528,,7072,51,,,1,94,,7077,51,,,1,23,,7080,51,,,1,62,,7059,51,,,1,27,,7063,51,,,1,76,,7064,51,,,1,21,,7058,51,,,1,98,,7061,51,,,1,85,,7062,51,,,1,100,,7065,51,,,1,100,,7076,51,,,1,100,,7078,51,,,1,100,,7067,51,,,1,103,,7079,51,,,1,101,,7060,51,,,1,105,,7068,51,,,1,94,,7066,51,,,1,97,,7069,51,,,1,100,,7074,51,,,1,100,,7075,51,,,1,99,,7070,51,,,1,99,,7071,51,,,1,98,,7073,51,,,1
2202,'DIM',744,,7249,73,,,2,101,,7248,73,,,2,100,,7247,73,,,2,100,,6315,73,,,2,101,,7250,73,,,2,100,,7252,73,,,2,96,,7251,73,,,2,105,,7246,73,,,2,98,,7240,73,,,2,114,,7253,73,,,2,88,,7242,73,,,2,100,,7243,73,,,2,98,,7245,73,,,2,101,,7244,73,,,2,100,,7239,73,,,2,100,,7241,73,,,2
2202,'SAM',646,,7270,57,,,2,98,,7264,73,,,2,101,,7261,73,,,2,100,,7260,73,,,2,98,,7266,73,,,2,103,,7265,73,,,2,100,,7263,73,,,2,96,,7269,73,,,2,103,,7262,73,,,2,100,,7268,73,,,2,112,,7267,73,,,2,90,,7255,73,,,2,100,,7257,73,,,2,98,,7254,73,,,2,101,,7256,73,,,2,100,,7259,73,,,2,100,,7258,73,,,2
2202,'SEM',623,,6230,73,,,2,18,,7282,73,,,2,105,,7289,73,,,2,71,,7279,73,,,2,31,,7271,73,,,2,98,,7273,73,,,2,71,,7272,73,,,2,29,,7290,73,,,2,100,,7277,73,,,2,100,,7288,73,,,2,100,,7291,73,,,2,103,,7276,73,,,2,100,,7278,73,,,2,102,,7274,73,,,2,64,,7275,73,,,2,35,,7281,73,,,2,98,,7280,73,,,2,100,,7287,73,,,2,101,,7286,73,,,2,97,,7284,73,,,2,107,,7283,73,,,2,96,,7285,73,,,2
2704,'DIM',803,,7846,56,,,2,101,,7847,56,,,2,100,,7842,56,,,2,99,,7844,56,,,2,99,,7845,56,,,2,103,,7841,56,,,2,95,,7848,56,,,2,107,,7843,56,,,2,100,,7834,56,,,2,100,,7838,56,,,2,100,,7839,56,,,2,98,,7835,56,,,2,100,,7837,56,,,2,98,,7836,56,,,2,100,,7840,56,,,2,100,,7833,56,,,2
2704,'SAM',702,,7861,56,,,2,101,,7857,56,,,2,101,,7858,56,,,2,100,,7856,56,,,2,99,,7865,56,,,2,101,,7860,56,,,2,101,,7863,56,,,2,54,,7859,56,,,2,148,,7862,56,,,2,100,,7852,56,,,2,100,,7853,56,,,2,93,,7855,56,,,2,105,,7864,56,,,2,100,,7851,56,,,2,98,,7854,56,,,2,100,,7849,56,,,2,100,,7850,56,,,2
2704,'SEM',626,,7887,56,,,2,28,,7867,56,,,2,68,,7884,56,,,2,29,,7870,56,,,2,68,,7871,56,,,2,28,,7889,56,,,2,66,,7886,56,,,2,88,,7885,56,,,2,100,,7874,56,,,2,108,,7866,56,,,2,95,,7888,56,,,2,48,,7869,56,,,2,106,,7868,56,,,2,147,,7879,56,,,2,37,,7880,56,,,2,80,,7875,56,,,2,13,,7872,56,,,2,70,,7873,56,,,2,31,,7877,56,,,2,75,,7882,56,,,2,100,,7878,56,,,2,45,,7881,56,,,2,94,,7876,56,,,2,104,,7883,56,,,2
3104,'DIM',635,,7960,61,,,1,104,,7961,61,,,1,101,,7959,61,,,1,102,,7965,61,,,1,102,,7966,61,,,1,100,,7964,61,,,1,100,,7962,61,,,1,103,,7950,61,,,1,101,,7963,61,,,1,100,,7949,61,,,1,101,,7948,61,,,1,99,,7953,61,,,1,97,,7955,61,,,1,102,,7954,61,,,1,96,,7956,61,,,1,99,,7952,61,,,1,99,,7951,61,,,1,97,,7957,61,,,1,101,,7958,61,,,1
3104,'SAM',535,,1137,61,,,1,100,,7976,61,,,1,104,,7979,61,,,1,101,,7978,61,,,1,102,,7981,61,,,1,102,,7984,61,,,1,100,,7985,61,,,1,100,,7980,61,,,1,102,,7975,61,,,1,101,,7982,61,,,1,101,,7977,61,,,1,101,,7983,61,,,1,100,,7971,61,,,1,97,,7973,61,,,1,99,,7969,61,,,1,99,,7974,61,,,1,98,,7967,61,,,1,99,,7968,61,,,1,97,,7970,61,,,1,101,,7972,61,,,1
3104,'SEM',500,,7994,61,,,1,37,,7995,61,,,1,93,,8006,61,,,1,22,,8008,61,,,1,64,,7988,61,,,1,34,,8007,61,,,1,68,,8004,61,,,1,29,,8002,61,,,1,75,,8003,61,,,1,22,,8005,61,,,1,100,,7986,61,,,1,102,,7987,61,,,1,100,,7990,61,,,1,101,,8009,61,,,1,100,,7989,61,,,1,102,,7992,61,,,1,100,,7993,61,,,1,96,,7991,61,,,1,103,,7996,61,,,1,96,,8001,61,,,1,104,,8000,61,,,1,98,,7997,61,,,1,101,,7998,61,,,1,100,,7999,61,,,1
4304,'DIM',511,,8893,36,,,1,103,,8887,36,,,1,100,,8883,36,,,1,102,,8885,36,,,1,102,,8890,36,,,1,101,,8888,36,,,1,106,,8889,36,,,1,100,,8886,36,,,1,100,,8894,36,,,1,100,,8891,36,,,1,104,,8892,36,,,1,99,,8875,36,,,1,99,,8876,36,,,1,101,,8878,36,,,1,93,,8881,36,,,1,98,,8880,36,,,1,99,,8877,36,,,1,99,,8879,36,,,1,100,,8884,36,,,1,100,,8882,36,,,1
4304,'SAM',511,,8911,36,,,1,103,,8908,36,,,1,100,,8905,36,,,1,102,,8896,36,,,1,102,,8912,36,,,1,101,,8897,36,,,1,106,,8898,36,,,1,100,,8909,36,,,1,100,,8906,36,,,1,100,,8913,36,,,1,103,,8907,36,,,1,101,,8910,36,,,1,98,,8895,36,,,1,97,,8914,36,,,1,97,,8902,36,,,1,98,,8899,36,,,1,99,,2109,36,,,1,99,,8900,36,,,1,100,,8901,36,,,1,100,,8904,36,,,1,98,,8903,36,,,1
4304,'SEM',528,,8934,36,,,1,76,,8940,36,,,1,35,,8915,36,,,1,66,,8917,36,,,1,21,,8938,36,,,1,31,,8916,36,,,1,73,,8939,36,,,1,73,,8920,36,,,1,35,,8935,36,,,1,68,,8941,36,,,1,31,,8919,36,,,1,70,,8936,36,,,1,30,,8926,36,,,1,70,,8922,36,,,1,30,,8943,36,,,1,70,,8942,36,,,1,30,,8937,36,,,1,72,,8923,36,,,1,29,,8924,36,,,1,70,,8928,36,,,1,36,,8944,36,,,1,66,,8918,36,,,1,26,,8925,36,,,1,70,,8921,36,,,1,96,,8927,36,,,1,56,,8930,36,,,1,100,,8932,36,,,1,101,,8933,36,,,1,99,,8945,36,,,1,101,,8946,36,,,1,150,,8929,36,,,1,20,,8931,36,,,1
4804,'DIM',612,,9283,66,,,1,110,,9287,66,,,1,104,,9284,66,,,1,109,,9288,66,,,1,107,,9291,66,,,1,101,,9274,66,,,1,103,,9285,66,,,1,100,,9286,66,,,1,97,,9290,66,,,1,105,,9276,66,,,1,101,,9289,66,,,1,101,,9275,66,,,1,97,,9281,66,,,1,95,,9277,66,,,1,94,,9282,66,,,1,97,,9279,66,,,1,100,,9278,66,,,1,94,,9280,66,,,1
4804,'SAM',612,,9302,66,,,1,110,,2518,66,,,1,104,,9304,66,,,1,108,,9306,66,,,1,108,,9310,66,,,1,101,,9303,66,,,1,102,,9309,66,,,1,100,,9305,66,,,1,97,,9307,66,,,1,106,,9308,66,,,1,101,,9295,66,,,1,101,,9298,66,,,1,97,,9296,66,,,1,95,,9299,66,,,1,94,,9293,66,,,1,97,,9292,66,,,1,98,,9294,66,,,1,96,,9300,66,,,1,97,,9301,66,,,1,33,,9297,66,,,1
4804,'SEM',544,,9313,66,,,1,82,,9330,66,,,1,32,,9311,66,,,1,73,,9314,66,,,1,27,,9318,66,,,1,79,,9332,66,,,1,70,,9331,66,,,1,30,,9334,66,,,1,70,,9321,66,,,1,31,,9320,66,,,1,71,,9315,66,,,1,101,,9322,66,,,1,100,,9333,66,,,1,100,,9319,66,,,1,102,,9316,66,,,1,39,,9312,66,,,1,107,,9317,66,,,1,95,,9327,66,,,1,67,,9329,66,,,1,102,,9325,66,,,1,114,,9328,66,,,1,99,,9323,66,,,1,97,,9324,66,,,1,96,,9335,66,,,1,97,,9326,66,,,1
5802,'DIM',629,,9883,64,,,2,101,,9890,64,,,2,93,,9887,64,,,2,101,,9891,64,,,2,100,,9894,64,,,2,99,,9886,64,,,2,101,,9896,64,,,2,100,,9893,64,,,2,102,,9889,64,,,2,99,,9892,64,,,2,101,,9888,64,,,2,99,,9882,64,,,2,101,,9895,64,,,2,100,,9879,64,,,2,99,,9885,64,,,2,98,,9881,64,,,2,98,,9880,64,,,2,97,,9884,64,,,2
5802,'SAM',629,,9914,64,,,2,101,,9906,64,,,2,93,,9905,64,,,2,101,,9910,64,,,2,100,,9908,64,,,2,99,,9911,64,,,2,101,,9913,64,,,2,100,,9897,64,,,2,99,,9904,64,,,2,101,,9909,64,,,2,101,,9907,64,,,2,101,,9912,64,,,2,100,,9899,64,,,2,100,,9902,64,,,2,99,,9898,64,,,2,98,,9903,64,,,2,98,,9900,64,,,2,97,,9901,64,,,2
5802,'SEM',550,,9932,64,,,2,76,,9926,64,,,2,22,,9925,64,,,2,80,,9933,64,,,2,75,,9935,64,,,2,29,,9918,64,,,2,73,,9917,64,,,2,43,,9921,64,,,2,100,,9936,64,,,2,100,,9915,64,,,2,100,,9922,64,,,2,100,,9934,64,,,2,100,,9916,64,,,2,65,,9919,64,,,2,30,,9923,64,,,2,104,,9929,64,,,2,71,,9920,64,,,2,93,,9924,64,,,2,96,,9930,64,,,2,98,,9937,64,,,2,99,,9931,64,,,2,97,,9928,64,,,2,99,,9927,64,,,2
6001,'DIM',817,,9939,60,,,1,104,,9947,60,,,1,102,,9945,60,,,1,104,,9946,60,,,1,102,,9948,60,,,1,102,,9951,60,,,1,102,,9949,60,,,1,100,,9952,60,,,1,100,,9950,60,,,1,102,,9953,60,,,1,91,,9954,60,,,1,99,,9941,60,,,1,98,,9943,60,,,1,97,,9942,60,,,1,99,,9944,60,,,1,99,,9938,60,,,1,100,,9940,60,,,1
6001,'SAM',713,,9961,60,,,1,104,,9966,60,,,1,104,,9957,60,,,1,102,,9969,60,,,1,103,,9971,60,,,1,103,,9967,60,,,1,102,,9970,60,,,1,102,,9968,60,,,1,100,,9956,60,,,1,100,,9972,60,,,1,102,,9955,60,,,1,91,,9959,60,,,1,100,,9964,60,,,1,97,,9960,60,,,1,97,,9962,60,,,1,99,,9965,60,,,1,99,,9958,60,,,1,100,,9963,60,,,1
6001,'SEM',559,,9987,60,,,1,143,,9973,60,,,1,47,,9991,60,,,1,78,,9985,60,,,1,77,,9989,60,,,1,101,,9975,60,,,1,101,,9992,60,,,1,101,,9990,60,,,1,104,,9976,60,,,1,100,,9974,60,,,1,102,,9986,60,,,1,102,,9988,60,,,1,99,,9977,60,,,1,102,,9981,60,,,1,95,,9979,60,,,1,89,,9984,60,,,1,58,,9982,60,,,1,98,,9978,60,,,1,98,,9980,60,,,1,94,,9983,60,,,1
7001,'DIM',745,,10584,84,,,1,102,,10574,84,,,1,99,,10582,84,,,1,100,,10585,84,,,1,69,,10588,84,,,1,31,,10583,84,,,1,70,,10590,84,,,1,28,,10589,84,,,1,70,,10586,84,,,1,35,,10587,84,,,1,69,,10591,84,,,1,27,,10567,84,,,1,74,,10592,84,,,1,25,,10570,84,,,1,75,,10571,84,,,1,27,,10572,84,,,1,73,,10569,84,,,1,33,,10575,84,,,1,73,,10578,84,,,1,29,,10573,84,,,1,94,,10579,84,,,1,98,,10576,84,,,1,100,,10568,84,,,1,99,,10580,84,,,1,100,,10581,84,,,1,99,,10577,84,,,1
7001,'SAM',745,,10609,84,,,1,102,,10614,84,,,1,99,,10616,84,,,1,100,,10617,84,,,1,68,,10615,84,,,1,32,,10593,84,,,1,69,,10618,84,,,1,29,,10613,84,,,1,70,,10594,84,,,1,34,,10610,84,,,1,68,,10595,84,,,1,33,,10611,84,,,1,70,,10597,84,,,1,25,,10612,84,,,1,73,,10600,84,,,1,29,,10602,84,,,1,73,,10599,84,,,1,34,,10601,84,,,1,72,,10605,84,,,1,29,,10603,84,,,1,94,,10607,84,,,1,98,,10596,84,,,1,100,,10598,84,,,1,98,,10608,84,,,1,101,,10606,84,,,1,99,,10604,84,,,1
7001,'SEM',557,,10645,84,,,1,73,,10623,84,,,1,29,,10646,84,,,1,58,,10647,84,,,1,19,,10642,84,,,1,68,,10653,84,,,1,24,,10634,84,,,1,24,,10620,84,,,1,69,,10652,84,,,1,30,,10649,84,,,1,71,,10650,84,,,1,29,,10631,84,,,1,71,,10654,84,,,1,29,,10622,84,,,1,72,,10627,84,,,1,28,,10651,84,,,1,70,,10621,84,,,1,30,,10619,84,,,1,72,,10648,84,,,1,30,,10626,84,,,1,79,,10629,84,,,1,24,,10625,84,,,1,51,,10632,84,,,1,50,,10624,84,,,1,77,,10636,84,,,1,67,,10639,84,,,1,33,,10640,84,,,1,24,,10628,84,,,1,78,,10637,84,,,1,84,,10633,84,,,1,33,,10630,84,,,1,148,,10638,84,,,1,58,,10635,84,,,1,99,,10643,84,,,1,99,,10641,84,,,1,167,,10644,84,,,1
7304,'DIM',550,,10839,79,,,1,70,,10828,79,,,1,103,,10832,79,,,1,101,,10835,79,,,1,103,,10831,79,,,1,102,,10833,79,,,1,100,,10836,79,,,1,100,,10840,79,,,1,102,,10834,79,,,1,101,,10837,79,,,1,101,,10830,79,,,1,100,,10838,79,,,1,100,,10841,79,,,1,99,,10824,79,,,1,99,,10821,79,,,1,97,,10827,79,,,1,99,,10823,79,,,1,99,,10822,79,,,1,97,,10825,79,,,1,100,,10826,79,,,1,99,,10829,79,,,1
7304,'SAM',550,,10861,79,,,1,70,,10851,79,,,1,103,,10856,79,,,1,101,,10853,79,,,1,103,,10852,79,,,1,102,,10857,79,,,1,100,,10859,79,,,1,101,,10855,79,,,1,101,,10845,79,,,1,101,,10858,79,,,1,101,,10854,79,,,1,100,,10860,79,,,1,100,,10862,79,,,1,99,,10844,79,,,1,98,,10842,79,,,1,98,,10843,79,,,1,99,,10847,79,,,1,99,,10846,79,,,1,97,,4131,79,,,1,100,,10848,79,,,1,99,,4133,79,,,1,100,,10849,79,,,1,99,,10850,79,,,1
7304,'SEM',513,,10894,79,,,1,42,,10891,79,,,1,82,,10897,79,,,1,18,,10900,79,,,1,73,,10896,79,,,1,15,,10893,79,,,1,14,,10869,79,,,1,68,,10871,79,,,1,14,,10892,79,,,1,15,,10898,79,,,1,65,,10887,79,,,1,31,,10865,79,,,1,80,,10864,79,,,1,29,,10880,79,,,1,70,,10895,79,,,1,30,,10866,79,,,1,71,,10870,79,,,1,76,,10879,79,,,1,26,,10872,79,,,1,70,,10899,79,,,1,30,,10867,79,,,1,70,,10868,79,,,1,33,,10876,79,,,1,71,,10863,79,,,1,32,,10873,79,,,1,78,,10883,79,,,1,22,,10881,79,,,1,67,,10875,79,,,1,29,,10882,79,,,1,76,,10877,79,,,1,20,,10888,79,,,1,29,,10874,79,,,1,70,,10884,79,,,1,29,,10886,79,,,1,73,,10878,79,,,1,96,,10890,79,,,1,99,,10885,79,,,1,102,,10889,79,,,1
7402,'DIM',651,,10961,92,,,2,103,,10964,92,,,2,101,,6451,92,,,2,102,,10965,92,,,2,102,,10963,92,,,2,100,,10962,92,,,2,141,,10968,92,,,2,100,,10967,92,,,2,103,,10969,92,,,2,99,,10966,92,,,2,99,,10956,92,,,2,101,,10955,92,,,2,98,,10957,92,,,2,58,,10958,92,,,2,99,,6443,92,,,2,100,,10959,92,,,2,97,,10960,92,,,2
7402,'SAM',651,,10977,92,,,2,103,,10981,92,,,2,101,,10979,92,,,2,102,,10976,92,,,2,102,,10980,92,,,2,100,,10982,92,,,2,141,,10985,92,,,2,101,,10978,92,,,2,100,,10983,92,,,2,101,,10986,92,,,2,100,,10984,92,,,2,99,,10970,92,,,2,99,,10972,92,,,2,58,,10974,92,,,2,99,,10973,92,,,2,100,,10975,92,,,2,97,,10971,92,,,2
7402,'SEM',611,,11000,92,,,2,90,,11005,92,,,2,20,,10988,92,,,2,82,,10999,92,,,2,100,,10989,92,,,2,99,,10987,92,,,2,99,,10991,92,,,2,101,,11001,92,,,2,57,,11004,92,,,2,100,,10990,92,,,2,142,,11003,92,,,2,102,,11002,92,,,2,100,,10992,92,,,2,56,,10993,92,,,2,100,,10996,92,,,2,97,,10998,92,,,2,99,,10994,92,,,2,102,,10995,92,,,2,97,,10997,92,,,2
22202,'DIM',1457,,4994,62,,,2
22202,'SAM',1457,,11668,62,,,2,898,,11666,62,,,2,100,,11667,62,,,2
22202,'SEM',559,,11675,62,,,2,159,,11670,62,,,2,41,,11671,62,,,2,768,,11674,62,,,2,75,,11669,62,,,2,702,,11672,62,,,2,25,,11673,62,,,2
32202,'SAM',2612,,11777,56,,,2
32202,'SEM',2440,,11779,56,,,2,84,,11778,56,,,2
33504,'DIM',1113,,11783,4,,,2
33504,'SAM',1113,,11784,4,,,2
33504,'SEM',1113,,11785,4,,,2
34504,'SEM',2530,,11789,41,,,1,118,,11788,41,,,1
