2201,'DIM',643,,7194,38,,,2,101,,7198,38,,,2,104,,7197,38,,,2,99,,7196,38,,,2,101,,7193,38,,,2,99,,7195,38,,,2,101,,7200,38,,,2,102,,7202,38,,,2,96,,7199,38,,,2,105,,7201,38,,,2,99,,7187,38,,,2,100,,7189,38,,,2,97,,7188,38,,,2,102,,7191,38,,,2,100,,7190,38,,,2,100,,7192,38,,,2
2201,'SAM',643,,7211,38,,,2,101,,7213,38,,,2,104,,7210,38,,,2,99,,7212,38,,,2,102,,7215,38,,,2,99,,7219,38,,,2,101,,7218,38,,,2,101,,7214,38,,,2,96,,7216,38,,,2,102,,7217,38,,,2,102,,7204,38,,,2,101,,7207,38,,,2,96,,7205,38,,,2,102,,7203,38,,,2,100,,7209,38,,,2,100,,7208,38,,,2,100,,7206,38,,,2
2201,'SEM',638,,7234,38,,,2,99,,7223,38,,,2,95,,7221,38,,,2,80,,7220,38,,,2,34,,7236,38,,,2,101,,7222,38,,,2,100,,7235,38,,,2,100,,7237,38,,,2,100,,7225,38,,,2,96,,7226,38,,,2,105,,7224,38,,,2,100,,7230,38,,,2,100,,7228,38,,,2,99,,7227,38,,,2,98,,7229,38,,,2,104,,7233,38,,,2,100,,7231,38,,,2,95,,7232,38,,,2,98,,7238,38,,,2
5001,'DIM',544,,9340,45,,,1,100,,9348,45,,,1,101,,9336,45,,,1,98,,9353,45,,,1,101,,9345,45,,,1,73,,9355,45,,,1,37,,9347,45,,,1,64,,9360,45,,,1,39,,9358,45,,,1,62,,9359,45,,,1,35,,9361,45,,,1,69,,9346,45,,,1,32,,9349,45,,,1,76,,9362,45,,,1,69,,9351,45,,,1,34,,9350,45,,,1,70,,9356,45,,,1,23,,9354,45,,,1,74,,9352,45,,,1,41,,9357,45,,,1,58,,9338,45,,,1,59,,9341,45,,,1,98,,9344,45,,,1,100,,9337,45,,,1,99,,9342,45,,,1,98,,9339,45,,,1,100,,9343,45,,,1
5001,'SAM',544,,9370,45,,,1,100,,9373,45,,,1,101,,9364,45,,,1,98,,9385,45,,,1,101,,9383,45,,,1,79,,9388,45,,,1,30,,9381,45,,,1,65,,9365,45,,,1,39,,9389,45,,,1,62,,9387,45,,,1,35,,9366,45,,,1,69,,9377,45,,,1,32,,9379,45,,,1,76,,9382,45,,,1,69,,9378,45,,,1,34,,9380,45,,,1,70,,9368,45,,,1,23,,9369,45,,,1,74,,9363,45,,,1,39,,9384,45,,,1,61,,9386,45,,,1,58,,9374,45,,,1,98,,9376,45,,,1,100,,9375,45,,,1,99,,9371,45,,,1,98,,9367,45,,,1,100,,9372,45,,,1
5001,'SEM',536,,9411,45,,,1,107,,9416,45,,,1,76,,9412,45,,,1,24,,9391,45,,,1,77,,9390,45,,,1,24,,9393,45,,,1,71,,9419,45,,,1,26,,9420,45,,,1,73,,9415,45,,,1,27,,9392,45,,,1,73,,9396,45,,,1,28,,9414,45,,,1,72,,9402,45,,,1,32,,9417,45,,,1,70,,9397,45,,,1,32,,9413,45,,,1,68,,9418,45,,,1,30,,9395,45,,,1,84,,9394,45,,,1,27,,9405,45,,,1,76,,9398,45,,,1,70,,9399,45,,,1,29,,9404,45,,,1,26,,9400,45,,,1,75,,9403,45,,,1,69,,9406,45,,,1,35,,9407,45,,,1,104,,9421,45,,,1,103,,9401,45,,,1,103,,9409,45,,,1,105,,9408,45,,,1,106,,9410,45,,,1,89,,9422,35,,,1
5801,'DIM',545,,9832,53,,,2,101,,9814,53,,,2,91,,9823,53,,,2,101,,9826,53,,,2,99,,9829,53,,,2,100,,9822,53,,,2,102,,9831,53,,,2,98,,9828,53,,,2,103,,9825,53,,,2,99,,9827,53,,,2,102,,9824,53,,,2,99,,9817,53,,,2,101,,9830,53,,,2,99,,9813,53,,,2,99,,9821,53,,,2,99,,9816,53,,,2,100,,9815,53,,,2,100,,9819,53,,,2,98,,9818,53,,,2,110,,9820,53,,,2
5801,'SAM',545,,9852,53,,,2,101,,9844,53,,,2,91,,9843,53,,,2,101,,9848,53,,,2,100,,9846,53,,,2,99,,9849,53,,,2,102,,9851,53,,,2,98,,9833,53,,,2,101,,9842,53,,,2,101,,9847,53,,,2,101,,9845,53,,,2,101,,9850,53,,,2,100,,9836,53,,,2,100,,9840,53,,,2,98,,9834,53,,,2,99,,9841,53,,,2,100,,9837,53,,,2,100,,9839,53,,,2,98,,9835,53,,,2,110,,9838,53,,,2
5801,'SEM',536,,9866,53,,,2,68,,9863,53,,,2,42,,9875,53,,,2,85,,9864,53,,,2,86,,9870,53,,,2,85,,9857,53,,,2,99,,9876,53,,,2,100,,9853,53,,,2,100,,9858,53,,,2,100,,9874,53,,,2,100,,9854,53,,,2,47,,9865,53,,,2,71,,9855,53,,,2,32,,9877,53,,,2,69,,9860,53,,,2,35,,9862,53,,,2,69,,9861,53,,,2,27,,9856,53,,,2,69,,9873,53,,,2,29,,9859,53,,,2,70,,9872,53,,,2,100,,9878,53,,,2,99,,9868,53,,,2,99,,9867,53,,,2,99,,9869,53,,,2,98,,9871,53,,,2
22201,'DIM',1415,,11652,38,,,2,815,,11650,38,,,2,83,,11651,38,,,2
22201,'SAM',1415,,11657,38,,,2,815,,11653,38,,,2,83,,11654,38,,,2,100,,11656,38,,,2,112,,11655,38,,,2
22201,'SEM',717,,11658,38,,,2,10,,11659,38,,,2,684,,11660,38,,,2,100,,11661,38,,,2,106,,11665,38,,,2,100,,11663,38,,,2,90,,11662,38,,,2,625,,11664,38,,,2
32201,'DIM',523,,11767,39,,,2,802,,11769,38,,,2,802,,11768,38,,,2
32201,'SAM',523,,11770,39,,,2,802,,11771,38,,,2
32201,'SEM',525,,11772,39,,,2,19,,11773,39,,,2,67,,11774,39,,,2,715,,11775,38,,,2,801,,11776,38,,,2
