2401,'DIM',649,,442,14,,,1,96,,439,14,,,1,107,,446,14,,,1,99,,443,14,,,1,102,,436,14,,,1,70,,440,14,,,1,29,,428,14,,,1,71,,452,14,,,1,30,,445,14,,,1,72,,441,14,,,1,24,,447,14,,,1,76,,450,14,,,1,25,,444,14,,,1,77,,453,14,,,1,23,,451,14,,,1,76,,449,14,,,1,30,,429,14,,,1,68,,448,14,,,1,31,,432,14,,,1,98,,437,14,,,1,100,,434,14,,,1,99,,430,14,,,1,98,,433,14,,,1,100,,431,14,,,1,93,,435,14,,,1,101,,438,14,,,1
2401,'SAM',621,,467,14,,,1,27,,476,14,,,1,97,,466,14,,,1,107,,471,14,,,1,99,,464,14,,,1,102,,475,14,,,1,70,,5346,14,,,1,29,,478,14,,,1,71,,459,14,,,1,31,,472,14,,,1,71,,465,14,,,1,25,,468,14,,,1,75,,473,14,,,1,29,,477,14,,,1,73,,469,14,,,1,22,,479,14,,,1,77,,470,14,,,1,30,,480,14,,,1,68,,454,14,,,1,31,,458,14,,,1,98,,460,14,,,1,100,,455,14,,,1,99,,463,14,,,1,98,,456,14,,,1,100,,461,14,,,1,95,,457,14,,,1,99,,462,14,,,1
2401,'SEM',458,,490,14,,,1,79,,510,14,,,1,76,,481,14,,,1,15,,482,14,,,1,10,,504,14,,,1,10,,489,14,,,1,8,,515,14,,,1,58,,5347,14,,,1,15,,499,14,,,1,15,,484,14,,,1,14,,487,14,,,1,66,,512,14,,,1,27,,486,14,,,1,71,,488,14,,,1,30,,513,14,,,1,69,,492,14,,,1,30,,496,14,,,1,72,,5564,14,,,1,28,,485,14,,,1,70,,509,14,,,1,30,,511,14,,,1,70,,483,14,,,1,30,,516,14,,,1,71,,491,14,,,1,30,,495,14,,,1,80,,517,14,,,1,27,,502,14,,,1,60,,501,14,,,1,33,,493,14,,,1,74,,494,14,,,1,27,,500,14,,,1,74,,506,14,,,1,99,,508,14,,,1,88,,497,14,,,1,100,,498,14,,,1,100,,503,14,,,1,99,,505,14,,,1,100,,507,14,,,1
6601,'DIM',551,,3697,22,,,1,106,,3695,22,,,1,96,,3699,22,,,1,100,,3694,22,,,1,72,,3692,22,,,1,31,,3698,22,,,1,76,,3705,22,,,1,71,,3696,22,,,1,30,,3690,22,,,1,24,,3702,22,,,1,95,,3693,22,,,1,107,,3706,22,,,1,145,,3701,22,,,1,96,,3700,22,,,1,100,,3703,22,,,1,100,,3704,22,,,1,59,,3688,22,,,1,98,,3687,22,,,1,100,,3691,22,,,1,98,,3689,22,,,1
6601,'SAM',551,,3716,22,,,1,106,,3721,22,,,1,96,,3717,22,,,1,100,,3719,22,,,1,72,,3709,22,,,1,31,,3724,22,,,1,76,,3725,22,,,1,71,,3720,22,,,1,30,,3707,22,,,1,24,,5379,22,,,1,101,,3726,22,,,1,101,,3718,22,,,1,144,,3710,22,,,1,97,,3722,22,,,1,100,,3708,22,,,1,100,,3712,22,,,1,57,,3713,22,,,1,100,,3715,22,,,1,100,,3714,22,,,1,98,,3711,22,,,1
6601,'SEM',634,,3727,22,,,1,105,,3728,22,,,1,97,,5620,22,,,1,101,,3729,22,,,1,104,,3737,22,,,1,99,,3730,22,,,1,102,,5476,22,,,1,101,,3736,22,,,1,100,,3733,22,,,1,75,,5621,22,,,1,88,,3734,22,,,1,105,,5622,22,,,1,97,,3735,22,,,1,100,,3742,22,,,1,96,,3741,22,,,1,101,,3743,22,,,1,96,,3740,22,,,1
14401,'DIM',612,,4463,24,,,2,41,,4465,24,,,2,99,,4459,24,,,2,100,,4467,24,,,2,96,,4478,24,,,2,73,,4470,24,,,2,29,,4466,24,,,2,72,,4468,24,,,2,32,,4464,24,,,2,70,,4469,24,,,2,33,,4471,24,,,2,74,,4480,24,,,2,70,,4474,24,,,2,35,,4473,24,,,2,73,,4479,24,,,2,28,,4477,24,,,2,75,,4476,24,,,2,33,,4475,24,,,2,68,,4472,24,,,2,34,,4457,24,,,2,101,,4461,24,,,2,82,,4460,24,,,2,97,,4462,24,,,2,99,,4456,24,,,2,99,,4455,24,,,2,100,,4458,24,,,2
14401,'SAM',610,,4495,24,,,2,43,,4496,24,,,2,99,,4492,24,,,2,100,,4500,24,,,2,96,,4506,24,,,2,73,,4501,24,,,2,29,,4507,24,,,2,72,,4502,24,,,2,32,,4497,24,,,2,70,,4503,24,,,2,33,,4482,24,,,2,74,,4499,24,,,2,70,,4498,24,,,2,35,,4481,24,,,2,73,,4487,24,,,2,28,,4505,24,,,2,75,,4504,24,,,2,33,,4486,24,,,2,68,,4508,24,,,2,34,,4483,24,,,2,101,,4484,24,,,2,82,,4491,24,,,2,97,,4485,24,,,2,99,,4488,24,,,2,99,,4493,24,,,2,100,,4489,24,,,2,100,,4490,24,,,2,101,,4494,24,,,2
14401,'SEM',543,,4536,24,,,2,72,,5631,24,,,2,17,,4540,24,,,2,14,,4513,24,,,2,55,,4515,24,,,2,16,,4539,24,,,2,15,,5395,24,,,2,15,,4541,24,,,2,54,,4533,24,,,2,15,,4516,24,,,2,16,,4509,24,,,2,24,,4520,24,,,2,62,,4527,24,,,2,18,,4523,24,,,2,70,,4510,24,,,2,30,,4519,24,,,2,74,,5632,24,,,2,31,,4522,24,,,2,70,,4524,24,,,2,35,,4511,24,,,2,71,,4537,24,,,2,30,,4512,24,,,2,75,,4514,24,,,2,34,,4518,24,,,2,69,,4526,24,,,2,100,,4517,24,,,2,86,,4521,24,,,2,100,,4531,24,,,2,100,,4529,24,,,2,93,,4532,24,,,2,100,,4525,24,,,2,55,,4528,24,,,2,146,,4530,24,,,2,101,,4534,24,,,2
24401,'SEM',624,,4974,24,,,2,15,,4972,24,,,2,15,,4973,24,,,2,54,,5485,24,,,2
