2401,'DIM',704,,7306,47,,,1,99,,7308,47,,,1,107,,7310,47,,,1,100,,7299,47,,,1,100,,7309,47,,,1,31,,7314,47,,,1,69,,7316,47,,,1,31,,7294,47,,,1,71,,7315,47,,,1,32,,7307,47,,,1,69,,7293,47,,,1,30,,7313,47,,,1,74,,7311,47,,,1,29,,7296,47,,,1,67,,7317,47,,,1,29,,7312,47,,,1,69,,7297,47,,,1,31,,7300,47,,,1,70,,7295,47,,,1,100,,7301,47,,,1,99,,7292,47,,,1,100,,7304,47,,,1,98,,7302,47,,,1,98,,7298,47,,,1,52,,7305,47,,,1,99,,7303,47,,,1
2401,'SAM',634,,7331,47,,,1,70,,7341,47,,,1,99,,7332,47,,,1,107,,7335,47,,,1,100,,7334,47,,,1,100,,7340,47,,,1,31,,7337,47,,,1,68,,7343,47,,,1,32,,7329,47,,,1,71,,7339,47,,,1,30,,7333,47,,,1,71,,7342,47,,,1,30,,7318,47,,,1,74,,7336,47,,,1,29,,7338,47,,,1,67,,7330,47,,,1,29,,7320,47,,,1,76,,7344,47,,,1,24,,7319,47,,,1,70,,7322,47,,,1,100,,7325,47,,,1,99,,7327,47,,,1,100,,7323,47,,,1,98,,7321,47,,,1,98,,7326,47,,,1,52,,7324,47,,,1,99,,7328,47,,,1
2401,'SEM',513,,7349,47,,,1,41,,7369,47,,,1,81,,7370,47,,,1,20,,7346,47,,,1,61,,7363,47,,,1,21,,7350,47,,,1,20,,7351,47,,,1,61,,7378,47,,,1,26,,7372,47,,,1,66,,7374,47,,,1,30,,7379,47,,,1,70,,7345,47,,,1,30,,7375,47,,,1,70,,7377,47,,,1,30,,7368,47,,,1,70,,7348,47,,,1,31,,7373,47,,,1,70,,7347,47,,,1,30,,7371,47,,,1,70,,7376,47,,,1,31,,7356,47,,,1,71,,7353,47,,,1,43,,7352,47,,,1,60,,7354,47,,,1,31,,7358,47,,,1,75,,7355,47,,,1,27,,7359,47,,,1,64,,7362,47,,,1,38,,7365,47,,,1,98,,7357,47,,,1,84,,7366,47,,,1,100,,7367,47,,,1,99,,7360,47,,,1,99,,7361,47,,,1,97,,7364,47,,,1
3304,'DIM',756,,8062,48,,,1,171,,8063,48,,,1,130,,8057,48,,,1,170,,8061,48,,,1,177,,8065,48,,,1,124,,8064,48,,,1,128,,8055,48,,,1,172,,8059,48,,,1,129,,8058,48,,,1,170,,8060,48,,,1,129,,8056,48,,,1
3304,'SAM',756,,8073,48,,,1,171,,8075,48,,,1,130,,8074,48,,,1,170,,8076,48,,,1,176,,8067,48,,,1,125,,8066,48,,,1,130,,8071,48,,,1,170,,8070,48,,,1,129,,8068,48,,,1,170,,8072,48,,,1,129,,8069,48,,,1
3304,'SEM',516,,8081,48,,,1,90,,8092,48,,,1,36,,8093,48,,,1,94,,8099,48,,,1,78,,8084,48,,,1,20,,8098,48,,,1,71,,8094,48,,,1,104,,8078,48,,,1,100,,8095,48,,,1,100,,8079,48,,,1,100,,8096,48,,,1,96,,8097,48,,,1,111,,8077,48,,,1,111,,8083,48,,,1,76,,8082,48,,,1,49,,8085,48,,,1,72,,8080,48,,,1,24,,8091,48,,,1,70,,8090,48,,,1,96,,8089,48,,,1,94,,8086,48,,,1,110,,8088,48,,,1,38,,8087,48,,,1
3704,'DIM',717,,8175,47,,,2,35,,8176,47,,,2,101,,8174,47,,,2,100,,8173,47,,,2,101,,8179,47,,,2,101,,8178,47,,,2,100,,8168,47,,,2,99,,8169,47,,,2,105,,8180,47,,,2,96,,8170,47,,,2,99,,8177,47,,,2,99,,8171,47,,,2,89,,8172,47,,,2
3704,'SAM',717,,1344,47,,,2,35,,8188,47,,,2,101,,8186,47,,,2,100,,8189,47,,,2,101,,8191,47,,,2,101,,8190,47,,,2,100,,8192,47,,,2,100,,8187,47,,,2,99,,8185,47,,,2,102,,8181,47,,,2,98,,8182,47,,,2,99,,8183,47,,,2,89,,8184,47,,,2
3704,'SEM',604,,8211,47,,,2,40,,8210,47,,,2,101,,8213,47,,,2,80,,8193,47,,,2,75,,8195,47,,,2,34,,8212,47,,,2,70,,8217,47,,,2,97,,8216,47,,,2,100,,8215,47,,,2,101,,8197,47,,,2,100,,8200,47,,,2,106,,8218,47,,,2,44,,8214,47,,,2,62,,8194,47,,,2,12,,8201,47,,,2,16,,8202,47,,,2,60,,8196,47,,,2,10,,8198,47,,,2,15,,8205,47,,,2,16,,8208,47,,,2,97,,8207,47,,,2,94,,8209,47,,,2,101,,8199,47,,,2,100,,8206,47,,,2,98,,8219,47,,,2,100,,8203,47,,,2,95,,8204,47,,,2
6304,'DIM',802,,10251,73,,,1,104,,10247,73,,,1,101,,10249,73,,,1,103,,10243,73,,,1,99,,10248,73,,,1,104,,10253,73,,,1,97,,10250,73,,,1,102,,10254,73,,,1,103,,10252,73,,,1,100,,10255,73,,,1,99,,10256,73,,,1,98,,10244,73,,,1,98,,10240,73,,,1,98,,10241,73,,,1,99,,10245,73,,,1,97,,10242,73,,,1,98,,10246,73,,,1
6304,'SAM',702,,10270,73,,,1,100,,10268,73,,,1,104,,10273,73,,,1,101,,10269,73,,,1,103,,10267,73,,,1,99,,10272,73,,,1,104,,10271,73,,,1,97,,10275,73,,,1,102,,10274,73,,,1,103,,10257,73,,,1,102,,10258,73,,,1,97,,10259,73,,,1,98,,10261,73,,,1,98,,10260,73,,,1,98,,10265,73,,,1,99,,10262,73,,,1,97,,10263,73,,,1,98,,10266,73,,,1,98,,10264,73,,,1
6304,'SEM',517,,10303,73,,,1,113,,10299,73,,,1,71,,10308,73,,,1,32,,10291,73,,,1,16,,10302,73,,,1,67,,10305,73,,,1,26,,10307,73,,,1,59,,10306,73,,,1,30,,10280,73,,,1,70,,10281,73,,,1,31,,10282,73,,,1,70,,10276,73,,,1,25,,10279,73,,,1,32,,10304,73,,,1,73,,10294,73,,,1,70,,10287,73,,,1,26,,10300,73,,,1,78,,10277,73,,,1,27,,10278,73,,,1,73,,10288,73,,,1,31,,10301,73,,,1,79,,10309,73,,,1,30,,10284,73,,,1,64,,10283,73,,,1,34,,10289,73,,,1,14,,10286,73,,,1,68,,10295,73,,,1,28,,10290,73,,,1,77,,10293,73,,,1,96,,10285,73,,,1,80,,10296,73,,,1,50,,10298,73,,,1,92,,10292,73,,,1,99,,10297,73,,,1
