5601,'DIM',640,,2860,1,,,2,100,,2859,1,,,2,100,,2866,1,,,2,70,,2854,1,,,2,31,,2864,1,,,2,68,,2867,1,,,2,31,,2873,1,,,2,70,,2865,1,,,2,30,,2875,1,,,2,74,,2861,1,,,2,28,,2853,1,,,2,71,,2870,1,,,2,30,,2852,1,,,2,70,,2862,1,,,2,28,,2863,1,,,2,72,,2868,1,,,2,29,,2869,1,,,2,69,,2872,1,,,2,36,,2871,1,,,2,74,,2874,1,,,2,27,,2855,1,,,2,95,,2856,1,,,2,100,,2876,1,,,2,98,,2858,1,,,2,100,,2857,1,,,2
5601,'SAM',646,,2887,1,,,2,94,,2890,1,,,2,98,,2881,1,,,2,72,,2891,1,,,2,31,,2897,1,,,2,68,,2898,1,,,2,31,,2892,1,,,2,70,,2895,1,,,2,30,,2896,1,,,2,74,,2893,1,,,2,28,,2885,1,,,2,71,,2900,1,,,2,30,,2886,1,,,2,70,,2877,1,,,2,28,,2888,1,,,2,72,,2901,1,,,2,29,,2894,1,,,2,69,,2889,1,,,2,36,,2878,1,,,2,72,,2899,1,,,2,29,,2883,1,,,2,93,,2884,1,,,2,102,,2882,1,,,2,98,,2879,1,,,2,100,,2880,1,,,2
5601,'SEM',441,,2932,1,,,2,99,,5608,1,,,2,19,,2929,1,,,2,60,,2933,1,,,2,16,,2904,1,,,2,24,,2903,1,,,2,60,,5373,1,,,2,26,,2906,1,,,2,64,,2908,1,,,2,32,,2912,1,,,2,73,,2916,1,,,2,30,,2911,1,,,2,70,,2905,1,,,2,30,,2915,1,,,2,70,,2928,1,,,2,30,,2925,1,,,2,70,,5609,1,,,2,30,,2930,1,,,2,70,,2926,1,,,2,30,,2931,1,,,2,72,,2907,1,,,2,29,,2902,1,,,2,71,,2919,1,,,2,35,,2913,1,,,2,77,,2910,1,,,2,23,,2922,1,,,2,71,,2914,1,,,2,79,,5610,1,,,2,31,,2921,1,,,2,98,,2920,1,,,2,93,,2923,1,,,2,84,,2917,1,,,2,51,,2918,1,,,2
6601,'DIM',540,,3697,1,,,1,106,,3695,1,,,1,95,,3699,1,,,1,99,,3694,1,,,1,72,,3692,1,,,1,31,,3698,1,,,1,76,,3705,1,,,1,31,,3696,1,,,1,70,,3690,1,,,1,24,,3702,1,,,1,94,,3693,1,,,1,107,,3706,1,,,1,105,,3701,1,,,1,96,,3700,1,,,1,101,,3703,1,,,1,100,,3704,1,,,1,99,,3688,1,,,1,98,,3687,1,,,1,100,,3691,1,,,1,99,,3689,1,,,1
6601,'SAM',540,,3716,1,,,1,106,,3721,1,,,1,95,,3717,1,,,1,99,,3719,1,,,1,72,,3709,1,,,1,31,,3724,1,,,1,76,,3725,1,,,1,31,,3720,1,,,1,70,,3707,1,,,1,24,,5379,1,,,1,100,,3726,1,,,1,101,,3718,1,,,1,104,,3710,1,,,1,97,,3722,1,,,1,101,,3708,1,,,1,100,,3712,1,,,1,97,,3713,1,,,1,100,,3715,1,,,1,100,,3714,1,,,1,99,,3711,1,,,1
6601,'SEM',622,,3727,1,,,1,103,,3728,1,,,1,97,,5620,1,,,1,102,,3729,1,,,1,104,,3737,1,,,1,99,,3730,1,,,1,102,,5476,1,,,1,100,,3736,1,,,1,100,,3733,1,,,1,75,,5621,1,,,1,48,,3734,1,,,1,105,,5622,1,,,1,98,,3735,1,,,1,100,,3742,1,,,1,96,,3741,1,,,1,101,,3743,1,,,1,97,,3740,1,,,1
14401,'DIM',601,,4463,1,,,2,39,,4465,1,,,2,99,,4459,1,,,2,100,,4467,1,,,2,96,,4478,1,,,2,73,,4470,1,,,2,29,,4466,1,,,2,72,,4468,1,,,2,32,,4464,1,,,2,70,,4469,1,,,2,33,,4471,1,,,2,74,,4480,1,,,2,30,,4474,1,,,2,74,,4473,1,,,2,33,,4479,1,,,2,68,,4477,1,,,2,35,,4476,1,,,2,73,,4475,1,,,2,28,,4472,1,,,2,74,,4457,1,,,2,101,,4461,1,,,2,82,,4460,1,,,2,97,,4462,1,,,2,100,,4456,1,,,2,99,,4455,1,,,2,100,,4458,1,,,2
14401,'SAM',559,,4495,1,,,2,81,,4496,1,,,2,99,,4492,1,,,2,100,,4500,1,,,2,96,,4506,1,,,2,73,,4501,1,,,2,29,,4507,1,,,2,72,,4502,1,,,2,32,,4497,1,,,2,70,,4503,1,,,2,33,,4482,1,,,2,74,,4499,1,,,2,30,,4498,1,,,2,74,,4481,1,,,2,33,,4487,1,,,2,68,,4505,1,,,2,35,,4504,1,,,2,73,,4486,1,,,2,28,,4508,1,,,2,74,,4483,1,,,2,101,,4484,1,,,2,82,,4491,1,,,2,97,,4485,1,,,2,100,,4488,1,,,2,99,,4493,1,,,2,100,,4489,1,,,2,100,,4490,1,,,2,101,,4494,1,,,2
14401,'SEM',530,,4536,1,,,2,72,,5631,1,,,2,17,,4540,1,,,2,14,,4513,1,,,2,14,,4515,1,,,2,55,,4539,1,,,2,15,,5395,1,,,2,15,,4541,1,,,2,14,,4533,1,,,2,55,,4516,1,,,2,16,,4509,1,,,2,25,,4520,1,,,2,62,,4527,1,,,2,18,,4523,1,,,2,30,,4510,1,,,2,70,,4519,1,,,2,34,,5632,1,,,2,71,,4522,1,,,2,30,,4524,1,,,2,75,,4511,1,,,2,71,,4537,1,,,2,30,,4512,1,,,2,75,,4514,1,,,2,33,,4518,1,,,2,69,,4526,1,,,2,100,,4517,1,,,2,46,,4521,1,,,2,102,,4531,1,,,2,100,,4529,1,,,2,93,,4532,1,,,2,101,,4525,1,,,2,95,,4528,1,,,2,107,,4530,1,,,2,101,,4534,1,,,2
24401,'SEM',611,,4974,1,,,2,15,,4972,1,,,2,15,,4973,1,,,2,13,,5485,1,,,2
