1704,'DIM',510,,7029,40,,,1,90,,7030,40,,,1,101,,7034,40,,,1,103,,7028,40,,,1,101,,165,40,,,1,101,,7032,40,,,1,101,,7033,40,,,1,100,,7035,40,,,1,101,,7036,40,,,1,101,,7031,40,,,1,102,,7017,40,,,1,99,,7018,40,,,1,100,,7021,40,,,1,100,,7023,40,,,1,98,,7022,40,,,1,98,,7020,40,,,1,100,,7024,40,,,1,98,,7027,40,,,1,99,,7019,40,,,1,99,,7025,40,,,1,56,,7026,40,,,1
1704,'SAM',510,,7049,40,,,1,90,,7050,40,,,1,101,,7056,40,,,1,103,,7053,40,,,1,101,,7048,40,,,1,101,,7052,40,,,1,101,,7057,40,,,1,100,,7055,40,,,1,101,,7054,40,,,1,101,,7051,40,,,1,101,,7038,40,,,1,100,,7039,40,,,1,101,,7041,40,,,1,99,,7043,40,,,1,98,,7037,40,,,1,98,,7045,40,,,1,100,,7042,40,,,1,98,,7040,40,,,1,99,,7044,40,,,1,99,,7046,40,,,1,56,,7047,40,,,1
1704,'SEM',522,,7072,40,,,1,94,,7077,40,,,1,22,,7080,40,,,1,62,,7059,40,,,1,27,,7063,40,,,1,76,,7064,40,,,1,21,,7058,40,,,1,98,,7061,40,,,1,85,,7062,40,,,1,100,,7065,40,,,1,100,,7076,40,,,1,100,,7078,40,,,1,100,,7067,40,,,1,102,,7079,40,,,1,101,,7060,40,,,1,105,,7068,40,,,1,95,,7066,40,,,1,97,,7069,40,,,1,100,,7074,40,,,1,100,,7075,40,,,1,99,,7070,40,,,1,100,,7071,40,,,1,99,,7073,40,,,1
2704,'DIM',757,,7846,45,,,2,101,,7847,45,,,2,100,,7842,45,,,2,99,,7844,45,,,2,98,,7845,45,,,2,103,,7841,45,,,2,95,,7848,45,,,2,147,,7843,45,,,2,100,,7834,45,,,2,100,,7838,45,,,2,100,,7839,45,,,2,59,,7835,45,,,2,100,,7837,45,,,2,98,,7836,45,,,2,100,,7840,45,,,2,100,,7833,45,,,2
2704,'SAM',656,,7861,45,,,2,101,,7857,45,,,2,101,,7858,45,,,2,100,,7856,45,,,2,99,,7865,45,,,2,100,,7860,45,,,2,101,,7863,45,,,2,94,,7859,45,,,2,148,,7862,45,,,2,100,,7852,45,,,2,100,,7853,45,,,2,53,,7855,45,,,2,106,,7864,45,,,2,100,,7851,45,,,2,98,,7854,45,,,2,100,,7849,45,,,2,100,,7850,45,,,2
2704,'SEM',620,,7887,45,,,2,28,,7867,45,,,2,68,,7884,45,,,2,28,,7870,45,,,2,67,,7871,45,,,2,28,,7889,45,,,2,66,,7886,45,,,2,49,,7885,45,,,2,100,,7874,45,,,2,148,,7866,45,,,2,55,,7888,45,,,2,88,,7869,45,,,2,106,,7868,45,,,2,107,,7879,45,,,2,77,,7880,45,,,2,80,,7875,45,,,2,13,,7872,45,,,2,30,,7873,45,,,2,71,,7877,45,,,2,75,,7882,45,,,2,100,,7878,45,,,2,45,,7881,45,,,2,95,,7876,45,,,2,104,,7883,45,,,2
3104,'DIM',630,,7960,50,,,1,104,,7961,50,,,1,100,,7959,50,,,1,102,,7965,50,,,1,101,,7966,50,,,1,100,,7964,50,,,1,100,,7962,50,,,1,103,,7950,50,,,1,101,,7963,50,,,1,100,,7949,50,,,1,101,,7948,50,,,1,99,,7953,50,,,1,97,,7955,50,,,1,102,,7954,50,,,1,96,,7956,50,,,1,99,,7952,50,,,1,99,,7951,50,,,1,98,,7957,50,,,1,102,,7958,50,,,1
3104,'SAM',530,,1137,50,,,1,100,,7976,50,,,1,104,,7979,50,,,1,100,,7978,50,,,1,102,,7981,50,,,1,101,,7984,50,,,1,100,,7985,50,,,1,100,,7980,50,,,1,102,,7975,50,,,1,101,,7982,50,,,1,101,,7977,50,,,1,101,,7983,50,,,1,100,,7971,50,,,1,97,,7973,50,,,1,99,,7969,50,,,1,99,,7974,50,,,1,98,,7967,50,,,1,99,,7968,50,,,1,98,,7970,50,,,1,102,,7972,50,,,1
3104,'SEM',454,,7994,50,,,1,77,,7995,50,,,1,92,,8006,50,,,1,21,,8008,50,,,1,64,,7988,50,,,1,34,,8007,50,,,1,68,,8004,50,,,1,29,,8002,50,,,1,75,,8003,50,,,1,22,,8005,50,,,1,100,,7986,50,,,1,102,,7987,50,,,1,100,,7990,50,,,1,101,,8009,50,,,1,100,,7989,50,,,1,102,,7992,50,,,1,100,,7993,50,,,1,96,,7991,50,,,1,103,,7996,50,,,1,96,,8001,50,,,1,105,,8000,50,,,1,99,,7997,50,,,1,101,,7998,50,,,1,100,,7999,50,,,1
4304,'DIM',506,,8893,25,,,1,103,,8887,25,,,1,100,,8883,25,,,1,102,,8885,25,,,1,102,,8890,25,,,1,100,,8888,25,,,1,106,,8889,25,,,1,100,,8886,25,,,1,100,,8894,25,,,1,100,,8891,25,,,1,104,,8892,25,,,1,99,,8875,25,,,1,99,,8876,25,,,1,101,,8878,25,,,1,94,,8881,25,,,1,98,,8880,25,,,1,99,,8877,25,,,1,99,,8879,25,,,1,100,,8884,25,,,1,100,,8882,25,,,1
4304,'SAM',506,,8911,25,,,1,103,,8908,25,,,1,100,,8905,25,,,1,102,,8896,25,,,1,102,,8912,25,,,1,100,,8897,25,,,1,106,,8898,25,,,1,100,,8909,25,,,1,100,,8906,25,,,1,100,,8913,25,,,1,103,,8907,25,,,1,101,,8910,25,,,1,98,,8895,25,,,1,97,,8914,25,,,1,98,,8902,25,,,1,98,,8899,25,,,1,99,,2109,25,,,1,99,,8900,25,,,1,100,,8901,25,,,1,100,,8904,25,,,1,98,,8903,25,,,1
4304,'SEM',522,,8934,25,,,1,36,,8940,25,,,1,75,,8915,25,,,1,25,,8917,25,,,1,61,,8938,25,,,1,31,,8916,25,,,1,73,,8939,25,,,1,33,,8920,25,,,1,75,,8935,25,,,1,28,,8941,25,,,1,71,,8919,25,,,1,70,,8936,25,,,1,30,,8926,25,,,1,70,,8922,25,,,1,30,,8943,25,,,1,70,,8942,25,,,1,30,,8937,25,,,1,72,,8923,25,,,1,29,,8924,25,,,1,70,,8928,25,,,1,36,,8944,25,,,1,65,,8918,25,,,1,26,,8925,25,,,1,30,,8921,25,,,1,97,,8927,25,,,1,97,,8930,25,,,1,100,,8932,25,,,1,101,,8933,25,,,1,99,,11972,25,,,1,101,,11973,25,,,1,150,,8929,25,,,1,20,,8931,25,,,1
6001,'DIM',812,,9939,49,,,1,103,,9947,49,,,1,102,,9945,49,,,1,104,,9946,49,,,1,101,,9948,49,,,1,102,,9951,49,,,1,102,,9949,49,,,1,100,,9952,49,,,1,100,,9950,49,,,1,102,,9953,49,,,1,92,,9954,49,,,1,99,,9941,49,,,1,98,,9943,49,,,1,97,,9942,49,,,1,99,,9944,49,,,1,99,,9938,49,,,1,100,,9940,49,,,1
6001,'SAM',708,,9961,49,,,1,104,,9966,49,,,1,103,,9957,49,,,1,102,,9969,49,,,1,103,,9971,49,,,1,102,,9967,49,,,1,102,,9970,49,,,1,102,,9968,49,,,1,100,,9956,49,,,1,100,,9972,49,,,1,102,,9955,49,,,1,92,,9959,49,,,1,100,,9964,49,,,1,97,,9960,49,,,1,97,,9962,49,,,1,99,,9965,49,,,1,99,,9958,49,,,1,100,,9963,49,,,1
6001,'SEM',554,,9987,49,,,1,101,,9973,49,,,1,87,,9991,49,,,1,78,,9985,49,,,1,37,,9989,49,,,1,101,,9975,49,,,1,101,,9992,49,,,1,141,,9990,49,,,1,104,,9976,49,,,1,100,,9974,49,,,1,101,,9986,49,,,1,102,,9988,49,,,1,99,,9977,49,,,1,102,,9981,49,,,1,96,,9979,49,,,1,49,,9984,49,,,1,98,,9982,49,,,1,98,,9978,49,,,1,99,,9980,49,,,1,94,,9983,49,,,1
7304,'DIM',545,,10839,68,,,1,70,,10828,68,,,1,103,,10832,68,,,1,101,,10835,68,,,1,102,,10831,68,,,1,101,,10833,68,,,1,100,,10836,68,,,1,100,,10840,68,,,1,102,,10834,68,,,1,101,,10837,68,,,1,101,,10830,68,,,1,100,,10838,68,,,1,100,,10841,68,,,1,99,,10824,68,,,1,99,,10821,68,,,1,97,,10827,68,,,1,99,,10823,68,,,1,99,,10822,68,,,1,98,,10825,68,,,1,101,,10826,68,,,1,99,,10829,68,,,1
7304,'SAM',545,,10861,68,,,1,70,,10851,68,,,1,103,,10856,68,,,1,101,,10853,68,,,1,102,,10852,68,,,1,101,,10857,68,,,1,100,,10859,68,,,1,101,,10855,68,,,1,101,,10845,68,,,1,101,,10858,68,,,1,101,,10854,68,,,1,100,,10860,68,,,1,100,,10862,68,,,1,99,,10844,68,,,1,98,,10842,68,,,1,98,,10843,68,,,1,99,,10847,68,,,1,99,,10846,68,,,1,98,,4131,68,,,1,101,,10848,68,,,1,99,,4133,68,,,1,100,,10849,68,,,1,99,,10850,68,,,1
7304,'SEM',507,,10894,68,,,1,42,,10891,68,,,1,82,,10897,68,,,1,18,,10900,68,,,1,71,,10896,68,,,1,15,,10893,68,,,1,14,,10869,68,,,1,68,,10871,68,,,1,14,,10892,68,,,1,15,,10898,68,,,1,65,,10887,68,,,1,31,,10865,68,,,1,80,,10864,68,,,1,29,,10880,68,,,1,70,,10895,68,,,1,30,,10866,68,,,1,71,,10870,68,,,1,36,,10879,68,,,1,66,,10872,68,,,1,30,,10899,68,,,1,70,,10867,68,,,1,30,,10868,68,,,1,73,,10876,68,,,1,31,,10863,68,,,1,72,,10873,68,,,1,79,,10883,68,,,1,22,,10881,68,,,1,27,,10875,68,,,1,69,,10882,68,,,1,76,,10877,68,,,1,20,,10888,68,,,1,29,,10874,68,,,1,70,,10884,68,,,1,30,,10886,68,,,1,73,,10878,68,,,1,96,,10890,68,,,1,99,,10885,68,,,1,102,,10889,68,,,1
7402,'DIM',646,,10961,81,,,2,102,,10964,81,,,2,101,,6451,81,,,2,101,,10965,81,,,2,102,,10963,81,,,2,100,,10962,81,,,2,101,,10968,81,,,2,100,,10967,81,,,2,103,,10969,81,,,2,99,,10966,81,,,2,99,,10956,81,,,2,101,,10955,81,,,2,98,,10957,81,,,2,98,,10958,81,,,2,99,,6443,81,,,2,100,,10959,81,,,2,98,,10960,81,,,2
7402,'SAM',646,,10977,81,,,2,102,,10981,81,,,2,101,,10979,81,,,2,101,,10976,81,,,2,102,,10980,81,,,2,100,,10982,81,,,2,101,,10985,81,,,2,101,,10978,81,,,2,100,,10983,81,,,2,101,,10986,81,,,2,100,,10984,81,,,2,99,,10970,81,,,2,99,,10972,81,,,2,98,,10974,81,,,2,99,,10973,81,,,2,100,,10975,81,,,2,98,,10971,81,,,2
7402,'SEM',605,,11000,81,,,2,49,,11005,81,,,2,60,,10988,81,,,2,42,,10999,81,,,2,100,,10989,81,,,2,99,,10987,81,,,2,99,,10991,81,,,2,101,,11001,81,,,2,97,,11004,81,,,2,100,,10990,81,,,2,101,,11003,81,,,2,102,,11002,81,,,2,100,,10992,81,,,2,97,,10993,81,,,2,100,,10996,81,,,2,97,,10998,81,,,2,99,,10994,81,,,2,102,,10995,81,,,2,98,,10997,81,,,2
33504,'DIM',1105,,11783,2,,,2
33504,'SAM',1105,,11784,2,,,2
33504,'SEM',1105,,11785,2,,,2,199,,12019,2,,,2
