2602,'DIM',629,,777,12,,,2,23,,7645,12,,,2,67,,7639,12,,,2,30,,7641,12,,,2,70,,794,12,,,2,32,,7652,12,,,2,69,,7646,12,,,2,30,,7640,12,,,2,66,,7649,12,,,2,24,,7642,12,,,2,60,,7653,12,,,2,20,,7635,12,,,2,19,,7655,12,,,2,20,,7648,12,,,2,59,,7657,12,,,2,21,,7617,12,,,2,19,,7650,12,,,2,62,,7638,12,,,2,19,,7643,12,,,2,61,,7644,12,,,2,22,,7618,12,,,2,18,,7619,12,,,2,60,,7636,12,,,2,20,,7637,12,,,2,19,,7616,12,,,2,61,,7651,12,,,2,20,,7654,12,,,2,20,,7647,12,,,2,62,,7627,12,,,2,42,,7632,12,,,2,70,,7628,12,,,2,30,,780,12,,,2,70,,7656,12,,,2,30,,7658,12,,,2,70,,7624,12,,,2,29,,7620,12,,,2,70,,7631,12,,,2,30,,7621,12,,,2,71,,7622,12,,,2,29,,7630,12,,,2,69,,7626,12,,,2,28,,7623,12,,,2,71,,7625,12,,,2,30,,7629,12,,,2,85,,7633,12,,,2,78,,7634,12,,,2
2602,'SAM',629,,832,12,,,2,23,,7692,12,,,2,67,,7689,12,,,2,30,,7694,12,,,2,70,,7690,12,,,2,31,,7697,12,,,2,70,,7695,12,,,2,30,,7703,12,,,2,65,,7688,12,,,2,25,,7699,12,,,2,60,,7685,12,,,2,20,,7704,12,,,2,19,,7701,12,,,2,20,,7663,12,,,2,59,,7698,12,,,2,21,,7693,12,,,2,20,,7684,12,,,2,61,,7686,12,,,2,21,,7687,12,,,2,59,,7660,12,,,2,22,,7662,12,,,2,18,,7664,12,,,2,60,,7696,12,,,2,22,,7702,12,,,2,16,,7691,12,,,2,21,,7665,12,,,2,61,,7700,12,,,2,20,,7669,12,,,2,62,,7674,12,,,2,42,,7677,12,,,2,70,,7680,12,,,2,30,,7683,12,,,2,71,,7678,12,,,2,29,,7661,12,,,2,70,,7668,12,,,2,29,,7667,12,,,2,70,,7675,12,,,2,30,,7670,12,,,2,70,,7671,12,,,2,30,,7681,12,,,2,69,,7666,12,,,2,28,,7672,12,,,2,71,,7673,12,,,2,30,,7682,12,,,2,85,,7679,12,,,2,78,,7676,12,,,2
2602,'SEM',512,,7748,12,,,2,22,,7763,12,,,2,74,,7734,12,,,2,20,,7706,12,,,2,17,,7735,12,,,2,55,,7750,12,,,2,10,,7752,12,,,2,20,,7760,12,,,2,14,,7765,12,,,2,14,,7714,12,,,2,58,,7756,12,,,2,14,,7708,12,,,2,9,,7716,12,,,2,19,,7768,12,,,2,55,,7710,12,,,2,20,,7751,12,,,2,20,,7707,12,,,2,61,,7764,12,,,2,21,,7759,12,,,2,19,,7712,12,,,2,60,,7761,12,,,2,19,,7715,12,,,2,18,,7767,12,,,2,64,,7753,12,,,2,22,,7755,12,,,2,15,,7762,12,,,2,65,,7757,12,,,2,19,,7769,12,,,2,14,,7709,12,,,2,52,,7754,12,,,2,27,,7711,12,,,2,22,,7758,12,,,2,57,,7766,12,,,2,23,,7713,12,,,2,21,,7725,12,,,2,57,,7727,12,,,2,12,,7733,12,,,2,12,,7718,12,,,2,13,,7736,12,,,2,10,,7738,12,,,2,51,,7722,12,,,2,10,,7740,12,,,2,10,,7724,12,,,2,7,,7717,12,,,2,14,,7746,12,,,2,52,,7747,12,,,2,14,,7719,12,,,2,15,,7732,12,,,2,20,,7739,12,,,2,61,,7720,12,,,2,19,,7721,12,,,2,24,,7737,12,,,2,60,,7744,12,,,2,16,,7749,12,,,2,30,,7728,12,,,2,70,,7723,12,,,2,74,,7730,12,,,2,26,,7726,12,,,2,29,,7729,12,,,2,66,,7742,12,,,2,25,,7731,12,,,2,80,,7741,12,,,2,29,,7743,12,,,2,80,,7745,12,,,2
3602,'SEM',1519,,8114,12,,,2,23,,8115,12,,,2,72,,8108,12,,,2,24,,8113,12,,,2,73,,8109,12,,,2,31,,8110,12,,,2,65,,8111,12,,,2,29,,8112,12,,,2
4603,'DIM',643,,9078,12,,,1,105,,9079,12,,,1,105,,9071,12,,,1,101,,9083,12,,,1,97,,9080,12,,,1,103,,9085,12,,,1,100,,9086,12,,,1,101,,9077,12,,,1,101,,9081,12,,,1,99,,9068,12,,,1,100,,9084,12,,,1,100,,9082,12,,,1,99,,9070,12,,,1,100,,9087,12,,,1,100,,9074,12,,,1,100,,9069,12,,,1,100,,9072,12,,,1,99,,9073,12,,,1,99,,9075,12,,,1,150,,9076,12,,,1
4603,'SAM',643,,9100,12,,,1,105,,9101,12,,,1,105,,9105,12,,,1,101,,9104,12,,,1,97,,9103,12,,,1,103,,9099,12,,,1,99,,9106,12,,,1,97,,9088,12,,,1,106,,9089,12,,,1,145,,9102,12,,,1,54,,9107,12,,,1,100,,9091,12,,,1,99,,9092,12,,,1,100,,9096,12,,,1,100,,9093,12,,,1,100,,9097,12,,,1,100,,9090,12,,,1,99,,9095,12,,,1,99,,9098,12,,,1,151,,9094,12,,,1
4603,'SEM',654,,9127,12,,,1,97,,9130,12,,,1,73,,9124,12,,,1,33,,9123,12,,,1,67,,9112,12,,,1,30,,9128,12,,,1,70,,9109,12,,,1,30,,9125,12,,,1,70,,9126,12,,,1,30,,9108,12,,,1,70,,9134,12,,,1,28,,9113,12,,,1,72,,9131,12,,,1,30,,9133,12,,,1,70,,9116,12,,,1,35,,9129,12,,,1,65,,9132,12,,,1,31,,9115,12,,,1,71,,9110,12,,,1,24,,9114,12,,,1,70,,9111,12,,,1,35,,9119,12,,,1,64,,9118,12,,,1,35,,9122,12,,,1,60,,9120,12,,,1,35,,11976,12,,,1,100,,9117,12,,,1,101,,11974,12,,,1,103,,11977,12,,,1,100,,11975,12,,,1,150,,9121,12,,,1
6001,'DIM',744,,9939,8,,,1,101,,9947,8,,,1,100,,9945,8,,,1,103,,9946,8,,,1,100,,9948,8,,,1,101,,9951,8,,,1,101,,9949,8,,,1,101,,9952,8,,,1,101,,9950,8,,,1,102,,9953,8,,,1,93,,9954,8,,,1,101,,9941,8,,,1,99,,9943,8,,,1,99,,9942,8,,,1,99,,9944,8,,,1,99,,9938,8,,,1,100,,9940,8,,,1
6001,'SAM',643,,9961,8,,,1,101,,9966,8,,,1,101,,9957,8,,,1,100,,9969,8,,,1,102,,9971,8,,,1,101,,9967,8,,,1,101,,9970,8,,,1,101,,9968,8,,,1,101,,9956,8,,,1,101,,9972,8,,,1,102,,9955,8,,,1,93,,9959,8,,,1,102,,9964,8,,,1,98,,9960,8,,,1,99,,9962,8,,,1,99,,9965,8,,,1,99,,9958,8,,,1,100,,9963,8,,,1
6001,'SEM',527,,9987,8,,,1,101,,9973,8,,,1,85,,9991,8,,,1,36,,9985,8,,,1,75,,9989,8,,,1,100,,9975,8,,,1,100,,9992,8,,,1,100,,9990,8,,,1,103,,9976,8,,,1,100,,9974,8,,,1,100,,9986,8,,,1,101,,9988,8,,,1,99,,9977,8,,,1,104,,9981,8,,,1,100,,9979,8,,,1,90,,9984,8,,,1,99,,9982,8,,,1,100,,9978,8,,,1,100,,9980,8,,,1,94,,9983,8,,,1
6602,'DIM',711,,10529,17,,,1,104,,10524,17,,,1,101,,10527,17,,,1,101,,10532,17,,,1,100,,10531,17,,,1,101,,10525,17,,,1,100,,10523,17,,,1,133,,10526,17,,,1,99,,10528,17,,,1,70,,10530,17,,,1,31,,10518,17,,,1,70,,10519,17,,,1,30,,10517,17,,,1,69,,10521,17,,,1,100,,10522,17,,,1,100,,10520,17,,,1,99,,10515,17,,,1,98,,10516,17,,,1
6602,'SAM',711,,10544,17,,,1,104,,10542,17,,,1,101,,10536,17,,,1,101,,10533,17,,,1,100,,10548,17,,,1,101,,10549,17,,,1,100,,10547,17,,,1,133,,10550,17,,,1,99,,10538,17,,,1,70,,10534,17,,,1,31,,10540,17,,,1,71,,10541,17,,,1,29,,10539,17,,,1,74,,10543,17,,,1,96,,10535,17,,,1,99,,10537,17,,,1,99,,10546,17,,,1,98,,10545,17,,,1
6602,'SEM',652,,10552,17,,,1,103,,10564,17,,,1,104,,10562,17,,,1,145,,10561,17,,,1,101,,10553,17,,,1,101,,10551,17,,,1,99,,10563,17,,,1,102,,10554,17,,,1,28,,5375,17,,,1,91,,10558,17,,,1,103,,10559,17,,,1,101,,10560,17,,,1,95,,10555,17,,,1,103,,10556,17,,,1,99,,10557,17,,,1,97,,12004,17,,,1,79,,12003,17,,,1
