1704,'DIM',453,,7029,3,,,1,89,,7030,3,,,1,100,,7034,3,,,1,102,,7028,3,,,1,99,,165,3,,,1,100,,7032,3,,,1,101,,7033,3,,,1,100,,7035,3,,,1,101,,7036,3,,,1,101,,7031,3,,,1,102,,7017,3,,,1,99,,7018,3,,,1,100,,7021,3,,,1,101,,7023,3,,,1,99,,7022,3,,,1,98,,7020,3,,,1,100,,7024,3,,,1,101,,7027,3,,,1,99,,7019,3,,,1,100,,7025,3,,,1,96,,7026,3,,,1
1704,'SAM',453,,7049,3,,,1,89,,7050,3,,,1,100,,7056,3,,,1,102,,7053,3,,,1,99,,7048,3,,,1,100,,7052,3,,,1,101,,7057,3,,,1,100,,7055,3,,,1,101,,7054,3,,,1,101,,7051,3,,,1,101,,7038,3,,,1,100,,7039,3,,,1,101,,7041,3,,,1,100,,7043,3,,,1,99,,7037,3,,,1,98,,7045,3,,,1,100,,7042,3,,,1,101,,7040,3,,,1,99,,7044,3,,,1,100,,7046,3,,,1,96,,7047,3,,,1
1704,'SEM',504,,7072,3,,,1,52,,7077,3,,,1,62,,7080,3,,,1,22,,7059,3,,,1,66,,7063,3,,,1,35,,7064,3,,,1,61,,7058,3,,,1,98,,7061,3,,,1,44,,7062,3,,,1,100,,7065,3,,,1,100,,7076,3,,,1,100,,7078,3,,,1,100,,7067,3,,,1,102,,7079,3,,,1,100,,7060,3,,,1,105,,7068,3,,,1,96,,7066,3,,,1,98,,7069,3,,,1,101,,7074,3,,,1,101,,7075,3,,,1,100,,7070,3,,,1,100,,7071,3,,,1,100,,7073,3,,,1
3904,'DIM',813,,8313,3,,,1,112,,8307,3,,,1,82,,8314,3,,,1,30,,8317,3,,,1,73,,8308,3,,,1,27,,8306,3,,,1,73,,8316,3,,,1,29,,8311,3,,,1,74,,8300,3,,,1,27,,8315,3,,,1,70,,8309,3,,,1,31,,8310,3,,,1,72,,8299,3,,,1,30,,8312,3,,,1,71,,8295,3,,,1,31,,8296,3,,,1,68,,8301,3,,,1,28,,8302,3,,,1,70,,8303,3,,,1,43,,8304,3,,,1,98,,8297,3,,,1,100,,8305,3,,,1,100,,8298,3,,,1
3904,'SAM',813,,8333,3,,,1,112,,8326,3,,,1,82,,8337,3,,,1,30,,8327,3,,,1,70,,8318,3,,,1,30,,8324,3,,,1,76,,8330,3,,,1,26,,8328,3,,,1,74,,8334,3,,,1,27,,8325,3,,,1,70,,8331,3,,,1,31,,8332,3,,,1,71,,8338,3,,,1,31,,8329,3,,,1,72,,8335,3,,,1,24,,8336,3,,,1,74,,8339,3,,,1,28,,8340,3,,,1,70,,8319,3,,,1,46,,8320,3,,,1,97,,8322,3,,,1,98,,8321,3,,,1,100,,8323,3,,,1
3904,'SEM',608,,8364,3,,,1,27,,8357,3,,,1,14,,8363,3,,,1,51,,8345,3,,,1,29,,8360,3,,,1,71,,8341,3,,,1,31,,8358,3,,,1,70,,8365,3,,,1,35,,8343,3,,,1,67,,8344,3,,,1,33,,8355,3,,,1,69,,8359,3,,,1,31,,8361,3,,,1,68,,8352,3,,,1,32,,8356,3,,,1,67,,8362,3,,,1,38,,8342,3,,,1,74,,8347,3,,,1,30,,8349,3,,,1,71,,8350,3,,,1,101,,8366,3,,,1,112,,8353,3,,,1,99,,8354,3,,,1,105,,8346,3,,,1,100,,8348,3,,,1,94,,8351,3,,,1
4504,'DIM',610,,9016,3,,,1,100,,9009,3,,,1,99,,9017,3,,,1,101,,9019,3,,,1,99,,9023,3,,,1,97,,9024,3,,,1,102,,9020,3,,,1,98,,9015,3,,,1,108,,9013,3,,,1,98,,9007,3,,,1,100,,9022,3,,,1,96,,9018,3,,,1,101,,9021,3,,,1,103,,9008,3,,,1,101,,9014,3,,,1,101,,9010,3,,,1,100,,9011,3,,,1,100,,9012,3,,,1
4504,'SAM',610,,2249,3,,,1,100,,9038,3,,,1,99,,9035,3,,,1,101,,9039,3,,,1,99,,9037,3,,,1,101,,9026,3,,,1,97,,9036,3,,,1,102,,9025,3,,,1,104,,9031,3,,,1,101,,9040,3,,,1,98,,9028,3,,,1,96,,9041,3,,,1,101,,9029,3,,,1,103,,9033,3,,,1,101,,9027,3,,,1,101,,9032,3,,,1,100,,9030,3,,,1,100,,9034,3,,,1
4504,'SEM',527,,9061,3,,,1,15,,9062,3,,,1,80,,9067,3,,,1,84,,9047,3,,,1,18,,9045,3,,,1,18,,9043,3,,,1,17,,9060,3,,,1,91,,9046,3,,,1,106,,9064,3,,,1,151,,9059,3,,,1,96,,9049,3,,,1,54,,9048,3,,,1,100,,9065,3,,,1,82,,9044,3,,,1,65,,9042,3,,,1,31,,9063,3,,,1,70,,9066,3,,,1,38,,9051,3,,,1,77,,9054,3,,,1,81,,9055,3,,,1,104,,9053,3,,,1,105,,9052,3,,,1,102,,9056,3,,,1,90,,9058,3,,,1,101,,9050,3,,,1,55,,9057,3,,,1
7402,'DIM',626,,10961,42,,,2,101,,10964,42,,,2,101,,6451,42,,,2,100,,10965,42,,,2,100,,10963,42,,,2,100,,10962,42,,,2,101,,10968,42,,,2,100,,10967,42,,,2,103,,10969,42,,,2,99,,10966,42,,,2,99,,10956,42,,,2,103,,10955,42,,,2,98,,10957,42,,,2,99,,10958,42,,,2,100,,6443,42,,,2,100,,10959,42,,,2,99,,10960,42,,,2
7402,'SAM',626,,10977,42,,,2,101,,10981,42,,,2,101,,10979,42,,,2,100,,10976,42,,,2,100,,10980,42,,,2,100,,10982,42,,,2,101,,10985,42,,,2,101,,10978,42,,,2,100,,10983,42,,,2,101,,10986,42,,,2,100,,10984,42,,,2,101,,10970,42,,,2,99,,10972,42,,,2,99,,10974,42,,,2,100,,10973,42,,,2,100,,10975,42,,,2,99,,10971,42,,,2
7402,'SEM',545,,11000,42,,,2,88,,11005,42,,,2,19,,10988,42,,,2,80,,10999,42,,,2,100,,10989,42,,,2,99,,10987,42,,,2,99,,10991,42,,,2,101,,11001,42,,,2,97,,11004,42,,,2,100,,10990,42,,,2,101,,11003,42,,,2,101,,11002,42,,,2,100,,10992,42,,,2,99,,10993,42,,,2,100,,10996,42,,,2,99,,10998,42,,,2,99,,10994,42,,,2,103,,10995,42,,,2,99,,10997,42,,,2
