1704,'DIM',459,,7029,19,,,1,90,,7030,19,,,1,100,,7034,19,,,1,102,,7028,19,,,1,100,,165,19,,,1,100,,7032,19,,,1,101,,7033,19,,,1,100,,7035,19,,,1,101,,7036,19,,,1,101,,7031,19,,,1,102,,7017,19,,,1,99,,7018,19,,,1,100,,7021,19,,,1,101,,7023,19,,,1,99,,7022,19,,,1,98,,7020,19,,,1,100,,7024,19,,,1,100,,7027,19,,,1,99,,7019,19,,,1,99,,7025,19,,,1,96,,7026,19,,,1
1704,'SAM',459,,7049,19,,,1,90,,7050,19,,,1,100,,7056,19,,,1,102,,7053,19,,,1,100,,7048,19,,,1,100,,7052,19,,,1,101,,7057,19,,,1,100,,7055,19,,,1,101,,7054,19,,,1,101,,7051,19,,,1,101,,7038,19,,,1,100,,7039,19,,,1,101,,7041,19,,,1,100,,7043,19,,,1,99,,7037,19,,,1,98,,7045,19,,,1,100,,7042,19,,,1,100,,7040,19,,,1,99,,7044,19,,,1,99,,7046,19,,,1,96,,7047,19,,,1
1704,'SEM',511,,7072,19,,,1,92,,7077,19,,,1,22,,7080,19,,,1,22,,7059,19,,,1,67,,7063,19,,,1,35,,7064,19,,,1,61,,7058,19,,,1,98,,7061,19,,,1,44,,7062,19,,,1,100,,7065,19,,,1,100,,7076,19,,,1,100,,7078,19,,,1,100,,7067,19,,,1,102,,7079,19,,,1,100,,7060,19,,,1,105,,7068,19,,,1,96,,7066,19,,,1,98,,7069,19,,,1,101,,7074,19,,,1,100,,7075,19,,,1,100,,7070,19,,,1,100,,7071,19,,,1,100,,7073,19,,,1
3104,'DIM',619,,7960,29,,,1,102,,7961,29,,,1,100,,7959,29,,,1,101,,7965,29,,,1,100,,7966,29,,,1,100,,7964,29,,,1,100,,7962,29,,,1,103,,7950,29,,,1,101,,7963,29,,,1,100,,7949,29,,,1,101,,7948,29,,,1,99,,7953,29,,,1,98,,7955,29,,,1,103,,7954,29,,,1,96,,7956,29,,,1,100,,7952,29,,,1,100,,7951,29,,,1,98,,7957,29,,,1,102,,7958,29,,,1
3104,'SAM',520,,1137,29,,,1,99,,7976,29,,,1,102,,7979,29,,,1,100,,7978,29,,,1,101,,7981,29,,,1,100,,7984,29,,,1,100,,7985,29,,,1,100,,7980,29,,,1,102,,7975,29,,,1,101,,7982,29,,,1,101,,7977,29,,,1,101,,7983,29,,,1,100,,7971,29,,,1,98,,7973,29,,,1,100,,7969,29,,,1,99,,7974,29,,,1,99,,7967,29,,,1,100,,7968,29,,,1,98,,7970,29,,,1,102,,7972,29,,,1
3104,'SEM',443,,7994,29,,,1,77,,7995,29,,,1,90,,8006,29,,,1,21,,8008,29,,,1,23,,7988,29,,,1,74,,8007,29,,,1,28,,8004,29,,,1,69,,8002,29,,,1,75,,8003,29,,,1,21,,8005,29,,,1,100,,7986,29,,,1,101,,7987,29,,,1,100,,7990,29,,,1,101,,8009,29,,,1,100,,7989,29,,,1,102,,7992,29,,,1,100,,7993,29,,,1,96,,7991,29,,,1,105,,7996,29,,,1,97,,8001,29,,,1,105,,8000,29,,,1,99,,7997,29,,,1,102,,7998,29,,,1,100,,7999,29,,,1
3904,'DIM',821,,8313,19,,,1,112,,8307,19,,,1,82,,8314,19,,,1,30,,8317,19,,,1,73,,8308,19,,,1,27,,8306,19,,,1,73,,8316,19,,,1,29,,8311,19,,,1,74,,8300,19,,,1,27,,8315,19,,,1,70,,8309,19,,,1,31,,8310,19,,,1,72,,8299,19,,,1,30,,8312,19,,,1,71,,8295,19,,,1,31,,8296,19,,,1,68,,8301,19,,,1,28,,8302,19,,,1,69,,8303,19,,,1,83,,8304,19,,,1,58,,8297,19,,,1,100,,8305,19,,,1,100,,8298,19,,,1
3904,'SAM',821,,8333,19,,,1,112,,8326,19,,,1,82,,8337,19,,,1,30,,8327,19,,,1,70,,8318,19,,,1,30,,8324,19,,,1,76,,8330,19,,,1,26,,8328,19,,,1,74,,8334,19,,,1,27,,8325,19,,,1,70,,8331,19,,,1,31,,8332,19,,,1,71,,8338,19,,,1,31,,8329,19,,,1,72,,8335,19,,,1,24,,8336,19,,,1,74,,8339,19,,,1,28,,8340,19,,,1,69,,8319,19,,,1,86,,8320,19,,,1,97,,8322,19,,,1,58,,8321,19,,,1,100,,8323,19,,,1
3904,'SEM',615,,8364,19,,,1,27,,8357,19,,,1,14,,8363,19,,,1,51,,8345,19,,,1,29,,8360,19,,,1,71,,8341,19,,,1,31,,8358,19,,,1,70,,8365,19,,,1,35,,8343,19,,,1,68,,8344,19,,,1,33,,8355,19,,,1,69,,8359,19,,,1,31,,8361,19,,,1,68,,8352,19,,,1,32,,8356,19,,,1,67,,8362,19,,,1,38,,8342,19,,,1,74,,8347,19,,,1,30,,8349,19,,,1,71,,8350,19,,,1,101,,8366,19,,,1,112,,8353,19,,,1,99,,8354,19,,,1,104,,8346,19,,,1,100,,8348,19,,,1,94,,8351,19,,,1
7304,'DIM',534,,10839,47,,,1,70,,10828,47,,,1,102,,10832,47,,,1,101,,10835,47,,,1,100,,10831,47,,,1,101,,10833,47,,,1,100,,10836,47,,,1,100,,10840,47,,,1,102,,10834,47,,,1,101,,10837,47,,,1,101,,10830,47,,,1,100,,10838,47,,,1,100,,10841,47,,,1,100,,10824,47,,,1,99,,10821,47,,,1,97,,10827,47,,,1,100,,10823,47,,,1,99,,10822,47,,,1,99,,10825,47,,,1,101,,10826,47,,,1,99,,10829,47,,,1
7304,'SAM',534,,10861,47,,,1,70,,10851,47,,,1,102,,10856,47,,,1,101,,10853,47,,,1,100,,10852,47,,,1,101,,10857,47,,,1,100,,10859,47,,,1,101,,10855,47,,,1,101,,10845,47,,,1,101,,10858,47,,,1,101,,10854,47,,,1,100,,10860,47,,,1,100,,10862,47,,,1,100,,10844,47,,,1,98,,10842,47,,,1,98,,10843,47,,,1,100,,10847,47,,,1,99,,10846,47,,,1,99,,4131,47,,,1,101,,10848,47,,,1,99,,4133,47,,,1,100,,10849,47,,,1,100,,10850,47,,,1
7304,'SEM',456,,10894,47,,,1,81,,10891,47,,,1,81,,10897,47,,,1,18,,10900,47,,,1,71,,10896,47,,,1,14,,10893,47,,,1,14,,10869,47,,,1,68,,10871,47,,,1,14,,10892,47,,,1,15,,10898,47,,,1,25,,10887,47,,,1,71,,10865,47,,,1,80,,10864,47,,,1,29,,10880,47,,,1,70,,10895,47,,,1,30,,10866,47,,,1,70,,10870,47,,,1,36,,10879,47,,,1,66,,10872,47,,,1,30,,10899,47,,,1,70,,10867,47,,,1,30,,10868,47,,,1,72,,10876,47,,,1,31,,10863,47,,,1,72,,10873,47,,,1,39,,10883,47,,,1,62,,10881,47,,,1,28,,10875,47,,,1,69,,10882,47,,,1,37,,10877,47,,,1,60,,10888,47,,,1,30,,10874,47,,,1,70,,10884,47,,,1,30,,10886,47,,,1,73,,10878,47,,,1,97,,10890,47,,,1,100,,10885,47,,,1,103,,10889,47,,,1
