5504,'SEM',637,,9646,61,,,2,21,,9651,31,,,2,49,,9634,61,,,2,11,,9635,61,,,2,93,,9649,61,,,2,30,,9644,61,,,2,95,,9643,61,,,2,97,,9636,61,,,2,99,,9645,61,,,2,94,,11990,61,,,2,103,,9637,61,,,2,104,,9647,61,,,2,103,,9648,61,,,2,98,,9638,61,,,2,98,,9639,61,,,2,100,,9641,61,,,2,102,,9640,61,,,2,92,,9642,61,,,2
6602,'DIM',709,,10529,13,,,1,104,,10524,13,,,1,101,,10527,13,,,1,100,,10532,13,,,1,100,,10531,13,,,1,101,,10525,13,,,1,100,,10523,13,,,1,133,,10526,13,,,1,99,,10528,13,,,1,70,,10530,13,,,1,31,,10518,13,,,1,70,,10519,13,,,1,30,,10517,13,,,1,69,,10521,13,,,1,101,,10522,13,,,1,100,,10520,13,,,1,99,,10515,13,,,1,98,,10516,13,,,1
6602,'SAM',709,,10544,13,,,1,104,,10542,13,,,1,101,,10536,13,,,1,100,,10533,13,,,1,100,,10548,13,,,1,101,,10549,13,,,1,100,,10547,13,,,1,133,,10550,13,,,1,99,,10538,13,,,1,70,,10534,13,,,1,31,,10540,13,,,1,71,,10541,13,,,1,29,,10539,13,,,1,74,,10543,13,,,1,97,,10535,13,,,1,99,,10537,13,,,1,99,,10546,13,,,1,98,,10545,13,,,1
6602,'SEM',649,,10552,13,,,1,103,,10564,13,,,1,104,,10562,13,,,1,145,,10561,13,,,1,101,,10553,13,,,1,101,,10551,13,,,1,99,,10563,13,,,1,102,,10554,13,,,1,28,,5375,13,,,1,91,,10558,13,,,1,102,,10559,13,,,1,101,,10560,13,,,1,96,,10555,13,,,1,103,,10556,13,,,1,99,,10557,13,,,1,97,,12004,13,,,1,80,,12003,13,,,1
25504,'DIM',637,,11726,61,,,2,100,,11729,61,,,2,102,,11731,61,,,2,100,,11730,61,,,2,102,,11732,61,,,2,100,,11727,61,,,2,100,,11733,61,,,2,102,,11728,61,,,2,100,,11734,61,,,2,102,,11720,61,,,2,100,,11735,61,,,2,100,,11721,61,,,2,100,,11736,61,,,2,99,,11724,61,,,2,98,,11737,61,,,2,97,,11725,61,,,2,98,,11723,61,,,2,98,,11722,61,,,2
25504,'SAM',637,,11746,61,,,2,100,,11751,61,,,2,102,,11742,61,,,2,100,,11752,61,,,2,102,,11743,61,,,2,100,,11747,61,,,2,100,,11749,61,,,2,102,,11748,61,,,2,100,,11750,61,,,2,102,,11738,61,,,2,100,,11753,61,,,2,100,,11739,61,,,2,100,,11754,61,,,2,99,,11745,61,,,2,98,,11740,61,,,2,97,,5119,61,,,2,98,,11741,61,,,2,98,,11744,61,,,2
25504,'SEM',512,,11755,61,,,2,33,,11758,61,,,2,1571,,11757,61,,,2,97,,12013,61,,,2,94,,11756,61,,,2,94,,12014,61,,,2
71304,'DIM',549,,11816,13,,,2,157,,12048,13,,,2,25,,11817,13,,,2,70,,12045,13,,,2,30,,12047,13,,,2,70,,12049,13,,,2,30,,12044,13,,,2,69,,12046,13,,,2,30,,12051,13,,,2,70,,12052,13,,,2,30,,12050,13,,,2,70,,12043,13,,,2
71304,'SAM',615,,11818,13,,,2,26,,11819,13,,,2,65,,11820,13,,,2
71304,'SEM',601,,12053,13,,,2,29,,11826,13,,,2,77,,11828,13,,,2,26,,12055,13,,,2,68,,11827,13,,,2,30,,12054,13,,,2,100,,11829,13,,,2,95,,11831,13,,,2,100,,12056,13,,,2,100,,12058,13,,,2,100,,12057,13,,,2,100,,12059,13,,,2,100,,11830,13,,,2,89,,11839,13,,,2,104,,11840,13,,,2,99,,11841,13,,,2,100,,12062,13,,,2,100,,11842,13,,,2,100,,12061,13,,,2,100,,12060,13,,,2,100,,12063,13,,,2,109,,12064,13,,,2
