4201,'DIM',521,,1664,31,,,2,105,,1688,31,,,2,30,,1707,31,,,2,70,,1693,31,,,2,31,,1689,31,,,2,71,,1696,31,,,2,30,,1700,31,,,2,71,,1703,31,,,2,71,,1694,31,,,2,26,,1698,31,,,2,76,,1697,31,,,2,20,,1681,31,,,2,23,,1686,31,,,2,58,,1685,31,,,2,22,,1687,31,,,2,18,,1691,31,,,2,60,,1690,31,,,2,19,,1710,31,,,2,22,,1704,31,,,2,61,,1699,31,,,2,20,,1695,31,,,2,21,,1706,31,,,2,60,,1668,31,,,2,20,,1670,31,,,2,20,,1671,31,,,2,61,,1705,31,,,2,19,,1692,31,,,2,21,,1701,31,,,2,60,,1669,31,,,2,15,,1709,31,,,2,15,,1708,31,,,2,14,,1680,31,,,2,52,,1702,31,,,2,18,,1666,31,,,2,32,,1665,31,,,2,70,,1676,31,,,2,29,,1663,31,,,2,70,,1672,31,,,2,29,,1683,31,,,2,70,,1667,31,,,2,31,,1674,31,,,2,70,,1678,31,,,2,30,,1679,31,,,2,70,,1673,31,,,2,34,,1677,31,,,2,68,,1675,31,,,2,34,,1682,31,,,2,75,,1684,31,,,2
4201,'SAM',521,,1711,31,,,2,105,,1739,31,,,2,30,,1714,31,,,2,70,,1746,31,,,2,31,,1742,31,,,2,71,,1741,31,,,2,30,,1745,31,,,2,71,,1752,31,,,2,71,,1757,31,,,2,25,,1750,31,,,2,77,,1736,31,,,2,20,,1748,31,,,2,22,,1740,31,,,2,59,,1731,31,,,2,21,,1738,31,,,2,19,,1712,31,,,2,60,,1744,31,,,2,19,,1743,31,,,2,22,,1737,31,,,2,61,,1747,31,,,2,20,,1713,31,,,2,20,,1749,31,,,2,60,,1753,31,,,2,21,,1717,31,,,2,20,,1755,31,,,2,61,,1758,31,,,2,20,,1759,31,,,2,19,,1723,31,,,2,61,,1756,31,,,2,14,,1725,31,,,2,16,,1751,31,,,2,14,,1727,31,,,2,54,,1754,31,,,2,16,,1730,31,,,2,36,,1715,31,,,2,66,,1718,31,,,2,29,,1734,31,,,2,70,,1720,31,,,2,29,,1722,31,,,2,73,,1716,31,,,2,27,,1719,31,,,2,70,,1721,31,,,2,31,,1724,31,,,2,70,,1726,31,,,2,34,,1728,31,,,2,68,,1735,31,,,2,34,,1729,31,,,2,75,,1733,31,,,2,69,,1732,31,,,2
4201,'SEM',627,,1808,31,,,2,30,,1762,31,,,2,57,,1803,31,,,2,21,,1806,31,,,2,23,,1809,31,,,2,62,,1807,31,,,2,19,,1763,31,,,2,19,,1802,31,,,2,62,,1760,31,,,2,19,,1766,31,,,2,19,,1792,31,,,2,63,,1804,31,,,2,18,,1805,31,,,2,63,,1768,31,,,2,17,,5310,31,,,2,23,,1770,31,,,2,60,,1771,31,,,2,19,,1772,31,,,2,22,,1765,31,,,2,15,,1774,31,,,2,63,,1775,31,,,2,19,,1776,31,,,2,61,,1764,31,,,2,21,,5456,31,,,2,20,,1810,31,,,2,59,,1784,31,,,2,21,,1785,31,,,2,20,,1786,31,,,2,15,,1788,31,,,2,53,,1761,31,,,2,13,,1767,31,,,2,11,,1779,31,,,2,13,,1791,31,,,2,54,,1793,31,,,2,15,,1782,31,,,2,14,,1778,31,,,2,14,,1777,31,,,2,14,,1797,31,,,2,55,,1799,31,,,2,15,,1769,31,,,2,14,,1801,31,,,2,63,,1794,31,,,2,13,,1798,31,,,2,21,,1773,31,,,2,67,,1800,31,,,2,31,,1781,31,,,2,67,,1783,31,,,2,33,,1787,31,,,2,67,,1789,31,,,2,31,,1813,17,,,2,75,,5226,31,,,2,23,,1812,17,,,2,70,,1796,31,,,2,44,,1795,31,,,2
4803,'DIM',705,,2378,11,,,1,104,,2382,11,,,1,102,,2386,11,,,1,99,,2368,11,,,1,102,,2379,11,,,1,101,,2380,11,,,1,95,,2385,11,,,1,105,,2381,11,,,1,99,,2383,11,,,1,100,,2369,11,,,1,100,,2384,11,,,1,100,,2371,11,,,1,95,,2376,11,,,1,100,,2374,11,,,1,100,,2373,11,,,1,99,,2375,11,,,1,100,,2370,11,,,1,35,,2372,11,,,1,161,,2377,11,,,1
4803,'SAM',605,,2387,11,,,1,100,,2399,11,,,1,103,,2402,11,,,1,103,,2406,11,,,1,99,,2397,11,,,1,101,,2405,11,,,1,101,,2400,11,,,1,94,,2403,11,,,1,106,,2401,11,,,1,100,,2398,11,,,1,100,,2404,11,,,1,100,,2391,11,,,1,100,,2393,11,,,1,95,,2389,11,,,1,100,,2388,11,,,1,98,,2390,11,,,1,101,,2395,11,,,1,100,,2396,11,,,1,35,,2392,11,,,1,161,,2394,11,,,1
4803,'SEM',601,,2427,11,,,1,20,,2429,11,,,1,37,,2419,11,,,1,73,,2430,11,,,1,71,,2433,11,,,1,24,,2415,11,,,1,80,,5458,11,,,1,30,,2409,11,,,1,95,,2416,11,,,1,100,,2411,11,,,1,100,,2410,11,,,1,100,,2431,11,,,1,80,,2407,11,,,1,101,,2412,11,,,1,35,,2428,11,,,1,65,,2408,11,,,1,30,,2432,11,,,1,69,,2420,11,,,1,30,,2413,11,,,1,70,,2421,11,,,1,95,,2425,11,,,1,100,,2417,11,,,1,100,,2418,11,,,1,99,,2422,11,,,1,100,,2423,11,,,1,99,,5239,11,,,1,50,,2424,11,,,1,73,,2426,11,,,1
5801,'DIM',526,,2996,11,,,2,100,,2978,11,,,2,90,,2987,11,,,2,99,,2990,11,,,2,99,,2993,11,,,2,100,,2986,11,,,2,102,,2995,11,,,2,98,,2992,11,,,2,103,,2989,11,,,2,99,,2991,11,,,2,102,,2988,11,,,2,99,,2981,11,,,2,101,,2994,11,,,2,99,,2977,11,,,2,99,,2985,11,,,2,99,,2980,11,,,2,101,,2979,11,,,2,100,,2983,11,,,2,99,,2982,11,,,2,110,,2984,11,,,2
5801,'SAM',526,,3016,11,,,2,100,,3008,11,,,2,90,,3007,11,,,2,99,,3012,11,,,2,100,,3010,11,,,2,99,,3013,11,,,2,102,,3015,11,,,2,98,,2997,11,,,2,101,,3006,11,,,2,101,,3011,11,,,2,101,,3009,11,,,2,101,,3014,11,,,2,100,,3000,11,,,2,100,,3004,11,,,2,98,,2998,11,,,2,99,,3005,11,,,2,101,,3001,11,,,2,100,,3003,11,,,2,99,,2999,11,,,2,110,,3002,11,,,2
5801,'SEM',516,,3030,11,,,2,28,,3027,11,,,2,82,,3038,11,,,2,82,,3028,11,,,2,46,,3034,11,,,2,85,,3021,11,,,2,99,,3039,11,,,2,100,,3017,11,,,2,100,,3022,11,,,2,100,,3037,11,,,2,100,,3018,11,,,2,86,,3029,11,,,2,31,,3019,11,,,2,72,,3040,11,,,2,28,,3024,11,,,2,75,,5462,11,,,2,29,,3025,11,,,2,67,,3020,11,,,2,29,,3036,11,,,2,70,,3023,11,,,2,30,,5245,11,,,2,100,,5246,11,,,2,100,,3032,11,,,2,99,,3031,11,,,2,100,,3033,11,,,2,100,,3035,11,,,2
7002,'DIM',700,,3827,11,,,1,102,,3834,11,,,1,100,,3839,11,,,1,100,,3830,11,,,1,28,,3831,11,,,1,73,,3833,11,,,1,29,,3823,11,,,1,25,,3832,11,,,1,75,,3829,11,,,1,25,,3838,11,,,1,79,,3836,11,,,1,67,,3840,11,,,1,36,,3821,11,,,1,65,,3835,11,,,1,31,,3843,11,,,1,23,,3837,11,,,1,78,,3842,11,,,1,68,,3825,11,,,1,36,,3845,11,,,1,74,,3841,11,,,1,97,,3844,11,,,1,95,,3820,11,,,1,95,,3822,11,,,1,101,,3826,11,,,1,99,,3824,11,,,1,103,,3828,11,,,1
7002,'SAM',659,,3872,11,,,1,143,,3852,11,,,1,100,,3860,11,,,1,100,,3859,11,,,1,25,,3868,11,,,1,76,,3873,11,,,1,29,,3870,11,,,1,24,,3864,11,,,1,75,,3863,11,,,1,26,,3862,11,,,1,79,,3865,11,,,1,75,,3861,11,,,1,27,,3871,11,,,1,65,,3869,11,,,1,28,,3867,11,,,1,26,,3866,11,,,1,79,,3855,11,,,1,69,,3851,11,,,1,36,,3853,11,,,1,74,,3848,11,,,1,96,,3857,11,,,1,95,,3849,11,,,1,96,,3850,11,,,1,100,,3856,11,,,1,99,,3854,11,,,1,103,,3858,11,,,1
7002,'SEM',534,,3881,11,,,1,96,,3901,11,,,1,26,,3902,11,,,1,73,,3880,11,,,1,76,,3883,11,,,1,27,,3885,11,,,1,70,,3900,11,,,1,30,,3878,11,,,1,70,,3907,11,,,1,30,,3886,11,,,1,27,,3908,11,,,1,73,,3903,11,,,1,26,,3905,11,,,1,74,,3904,11,,,1,69,,3879,11,,,1,30,,3906,11,,,1,24,,3899,11,,,1,76,,3884,11,,,1,71,,3887,11,,,1,30,,5408,11,,,1,70,,3876,11,,,1,33,,3877,11,,,1,68,,3890,11,,,1,33,,3891,11,,,1,66,,3895,11,,,1,33,,3894,11,,,1,91,,3892,11,,,1,83,,3896,11,,,1,94,,3888,11,,,1,112,,3893,11,,,1,106,,3889,11,,,1,99,,3898,11,,,1,105,,3897,11,,,1
