2401,'DIM',649,,442,13,,,1,96,,439,13,,,1,107,,446,13,,,1,99,,443,13,,,1,102,,436,13,,,1,70,,440,13,,,1,29,,428,13,,,1,71,,452,13,,,1,30,,445,13,,,1,72,,441,13,,,1,24,,447,13,,,1,76,,450,13,,,1,25,,444,13,,,1,77,,453,13,,,1,23,,451,13,,,1,76,,449,13,,,1,30,,429,13,,,1,68,,448,13,,,1,31,,432,13,,,1,98,,437,13,,,1,100,,434,13,,,1,99,,430,13,,,1,98,,433,13,,,1,100,,431,13,,,1,93,,435,13,,,1,101,,438,13,,,1
2401,'SAM',621,,467,13,,,1,27,,476,13,,,1,97,,466,13,,,1,107,,471,13,,,1,99,,464,13,,,1,102,,475,13,,,1,70,,5346,13,,,1,29,,478,13,,,1,71,,459,13,,,1,31,,472,13,,,1,71,,465,13,,,1,25,,468,13,,,1,75,,473,13,,,1,29,,477,13,,,1,73,,469,13,,,1,22,,479,13,,,1,77,,470,13,,,1,30,,480,13,,,1,68,,454,13,,,1,31,,458,13,,,1,98,,460,13,,,1,100,,455,13,,,1,99,,463,13,,,1,98,,456,13,,,1,100,,461,13,,,1,95,,457,13,,,1,99,,462,13,,,1
2401,'SEM',458,,490,13,,,1,79,,510,13,,,1,76,,481,13,,,1,15,,482,13,,,1,10,,504,13,,,1,10,,489,13,,,1,8,,515,13,,,1,58,,5347,13,,,1,15,,499,13,,,1,15,,484,13,,,1,14,,487,13,,,1,66,,512,13,,,1,27,,486,13,,,1,71,,488,13,,,1,30,,513,13,,,1,69,,492,13,,,1,30,,496,13,,,1,72,,5564,13,,,1,28,,485,13,,,1,70,,509,13,,,1,30,,511,13,,,1,70,,483,13,,,1,30,,516,13,,,1,71,,491,13,,,1,30,,495,13,,,1,80,,517,13,,,1,27,,502,13,,,1,60,,501,13,,,1,33,,493,13,,,1,74,,494,13,,,1,27,,500,13,,,1,74,,506,13,,,1,99,,508,13,,,1,88,,497,13,,,1,100,,498,13,,,1,100,,503,13,,,1,99,,505,13,,,1,100,,507,13,,,1
6601,'DIM',551,,3697,21,,,1,106,,3695,21,,,1,96,,3699,21,,,1,99,,3694,21,,,1,72,,3692,21,,,1,31,,3698,21,,,1,76,,3705,21,,,1,71,,3696,21,,,1,30,,3690,21,,,1,24,,3702,21,,,1,95,,3693,21,,,1,107,,3706,21,,,1,145,,3701,21,,,1,56,,3700,21,,,1,100,,3703,21,,,1,100,,3704,21,,,1,99,,3688,21,,,1,98,,3687,21,,,1,100,,3691,21,,,1,98,,3689,21,,,1
6601,'SAM',551,,3716,21,,,1,106,,3721,21,,,1,96,,3717,21,,,1,99,,3719,21,,,1,72,,3709,21,,,1,31,,3724,21,,,1,76,,3725,21,,,1,71,,3720,21,,,1,30,,3707,21,,,1,24,,5379,21,,,1,101,,3726,21,,,1,101,,3718,21,,,1,144,,3710,21,,,1,57,,3722,21,,,1,100,,3708,21,,,1,100,,3712,21,,,1,97,,3713,21,,,1,100,,3715,21,,,1,100,,3714,21,,,1,98,,3711,21,,,1
6601,'SEM',634,,3727,21,,,1,104,,3728,21,,,1,97,,5620,21,,,1,101,,3729,21,,,1,104,,3737,21,,,1,99,,3730,21,,,1,102,,5476,21,,,1,101,,3736,21,,,1,100,,3733,21,,,1,75,,5621,21,,,1,88,,3734,21,,,1,105,,5622,21,,,1,97,,3735,21,,,1,100,,3742,21,,,1,96,,3741,21,,,1,101,,3743,21,,,1,97,,3740,21,,,1
14401,'DIM',612,,4463,23,,,2,41,,4465,23,,,2,99,,4459,23,,,2,100,,4467,23,,,2,96,,4478,23,,,2,73,,4470,23,,,2,29,,4466,23,,,2,72,,4468,23,,,2,32,,4464,23,,,2,70,,4469,23,,,2,33,,4471,23,,,2,74,,4480,23,,,2,70,,4474,23,,,2,35,,4473,23,,,2,73,,4479,23,,,2,28,,4477,23,,,2,75,,4476,23,,,2,33,,4475,23,,,2,68,,4472,23,,,2,34,,4457,23,,,2,101,,4461,23,,,2,82,,4460,23,,,2,97,,4462,23,,,2,99,,4456,23,,,2,99,,4455,23,,,2,100,,4458,23,,,2
14401,'SAM',610,,4495,23,,,2,43,,4496,23,,,2,99,,4492,23,,,2,100,,4500,23,,,2,96,,4506,23,,,2,73,,4501,23,,,2,29,,4507,23,,,2,72,,4502,23,,,2,32,,4497,23,,,2,70,,4503,23,,,2,33,,4482,23,,,2,74,,4499,23,,,2,70,,4498,23,,,2,35,,4481,23,,,2,73,,4487,23,,,2,28,,4505,23,,,2,75,,4504,23,,,2,33,,4486,23,,,2,68,,4508,23,,,2,34,,4483,23,,,2,101,,4484,23,,,2,82,,4491,23,,,2,97,,4485,23,,,2,99,,4488,23,,,2,99,,4493,23,,,2,100,,4489,23,,,2,100,,4490,23,,,2,101,,4494,23,,,2
14401,'SEM',543,,4536,23,,,2,72,,5631,23,,,2,17,,4540,23,,,2,14,,4513,23,,,2,55,,4515,23,,,2,16,,4539,23,,,2,15,,5395,23,,,2,15,,4541,23,,,2,54,,4533,23,,,2,15,,4516,23,,,2,16,,4509,23,,,2,24,,4520,23,,,2,62,,4527,23,,,2,18,,4523,23,,,2,70,,4510,23,,,2,30,,4519,23,,,2,74,,5632,23,,,2,31,,4522,23,,,2,70,,4524,23,,,2,35,,4511,23,,,2,71,,4537,23,,,2,30,,4512,23,,,2,75,,4514,23,,,2,34,,4518,23,,,2,69,,4526,23,,,2,100,,4517,23,,,2,86,,4521,23,,,2,100,,4531,23,,,2,100,,4529,23,,,2,93,,4532,23,,,2,100,,4525,23,,,2,55,,4528,23,,,2,146,,4530,23,,,2,101,,4534,23,,,2
24401,'SEM',624,,4974,23,,,2,15,,4972,23,,,2,15,,4973,23,,,2,54,,5485,23,,,2
