4202,'DIM',526,,1816,105,,,2,82,,1857,105,,,2,26,,1827,105,,,2,71,,1815,105,,,2,32,,1839,105,,,2,70,,1837,105,,,2,34,,1858,105,,,2,73,,1842,105,,,2,33,,1838,105,,,2,72,,1846,105,,,2,31,,1850,105,,,2,63,,1856,105,,,2,22,,1852,105,,,2,22,,1843,105,,,2,62,,1848,105,,,2,19,,1844,105,,,2,20,,1847,105,,,2,58,,1832,105,,,2,24,,1835,105,,,2,60,,1834,105,,,2,22,,1836,105,,,2,19,,1841,105,,,2,60,,1840,105,,,2,18,,1860,105,,,2,21,,1853,105,,,2,61,,1849,105,,,2,21,,1845,105,,,2,21,,1855,105,,,2,59,,1820,105,,,2,20,,1821,105,,,2,21,,1822,105,,,2,62,,1854,105,,,2,35,,1851,105,,,2,73,,1859,105,,,2,29,,1831,105,,,2,70,,1818,105,,,2,32,,1817,105,,,2,70,,1826,105,,,2,27,,1814,105,,,2,67,,1823,105,,,2,27,,1833,105,,,2,68,,1819,105,,,2,29,,1825,105,,,2,70,,1829,105,,,2,27,,1830,105,,,2,29,,1824,105,,,2,75,,1828,105,,,2
4202,'SAM',526,,1863,105,,,2,82,,1865,105,,,2,26,,1883,105,,,2,71,,1861,105,,,2,32,,1891,105,,,2,70,,1889,105,,,2,34,,1866,105,,,2,73,,1897,105,,,2,33,,1893,105,,,2,72,,1892,105,,,2,31,,1896,105,,,2,63,,1908,105,,,2,22,,1902,105,,,2,22,,1906,105,,,2,61,,1901,105,,,2,20,,1904,105,,,2,20,,1886,105,,,2,58,,1899,105,,,2,23,,1890,105,,,2,61,,1882,105,,,2,21,,1888,105,,,2,20,,1862,105,,,2,60,,1895,105,,,2,18,,1894,105,,,2,21,,1887,105,,,2,61,,1898,105,,,2,21,,1864,105,,,2,20,,1900,105,,,2,59,,1903,105,,,2,21,,1869,105,,,2,21,,1905,105,,,2,62,,1907,105,,,2,34,,1875,105,,,2,73,,1877,105,,,2,30,,1879,105,,,2,70,,1881,105,,,2,35,,1867,105,,,2,67,,1870,105,,,2,27,,1884,105,,,2,67,,1872,105,,,2,27,,1874,105,,,2,71,,1868,105,,,2,25,,1871,105,,,2,70,,1873,105,,,2,28,,1876,105,,,2,29,,1878,105,,,2,75,,1880,105,,,2,70,,1885,105,,,2
4202,'SEM',527,,1950,105,,,2,99,,1952,105,,,2,75,,1956,105,,,2,17,,1959,105,,,2,18,,1909,105,,,2,10,,1911,105,,,2,12,,1914,105,,,2,49,,1917,105,,,2,10,,5395,105,,,2,12,,1955,105,,,2,21,,1912,105,,,2,59,,1927,105,,,2,21,,1913,105,,,2,22,,1960,105,,,2,62,,1957,105,,,2,19,,1915,105,,,2,21,,1951,105,,,2,60,,1910,105,,,2,19,,1954,105,,,2,22,,1919,105,,,2,60,,1943,105,,,2,21,,1953,105,,,2,64,,1921,105,,,2,17,,5311,105,,,2,24,,1923,105,,,2,60,,1925,105,,,2,21,,1926,105,,,2,23,,1918,105,,,2,57,,1928,105,,,2,21,,1929,105,,,2,20,,1930,105,,,2,63,,1916,105,,,2,21,,1932,105,,,2,20,,1961,105,,,2,60,,1935,105,,,2,18,,1936,105,,,2,20,,1937,105,,,2,61,,1939,105,,,2,16,,1920,105,,,2,21,,1942,105,,,2,60,,1922,105,,,2,22,,1931,105,,,2,23,,1924,105,,,2,59,,1947,105,,,2,30,,1949,105,,,2,84,,1946,105,,,2,35,,1948,105,,,2,67,,1933,105,,,2,28,,1934,105,,,2,67,,1938,105,,,2,26,,1940,105,,,2,75,,1945,105,,,2,26,,5228,105,,,2,71,,1944,105,,,2
5601,'DIM',700,,2831,43,,,2,100,,2833,43,,,2,100,,2830,43,,,2,30,,2836,43,,,2,71,,2829,43,,,2,29,,2828,43,,,2,71,,2835,43,,,2,30,,2834,43,,,2,70,,2825,43,,,2,32,,2838,43,,,2,70,,2832,43,,,2,30,,2826,43,,,2,71,,2839,43,,,2,30,,2827,43,,,2,70,,2816,43,,,2,30,,2817,43,,,2,70,,2819,43,,,2,30,,2823,43,,,2,74,,2837,43,,,2,33,,2820,43,,,2,69,,2821,43,,,2,91,,2840,43,,,2,100,,2822,43,,,2,100,,2818,43,,,2,100,,2824,43,,,2
5601,'SAM',700,,2859,43,,,2,100,,2855,43,,,2,100,,2854,43,,,2,32,,2857,43,,,2,68,,2862,43,,,2,26,,2858,43,,,2,76,,2864,43,,,2,29,,2856,43,,,2,70,,2860,43,,,2,32,,2865,43,,,2,70,,2841,43,,,2,30,,2863,43,,,2,71,,2847,43,,,2,30,,2844,43,,,2,70,,2861,43,,,2,30,,2845,43,,,2,71,,2848,43,,,2,29,,2849,43,,,2,74,,2842,43,,,2,32,,2851,43,,,2,70,,2853,43,,,2,91,,2850,43,,,2,100,,2852,43,,,2,100,,2846,43,,,2,100,,2843,43,,,2
5601,'SEM',457,,2895,43,,,2,100,,2886,43,,,2,71,,2892,43,,,2,28,,2871,43,,,2,68,,2868,43,,,2,79,,5403,43,,,2,30,,2867,43,,,2,72,,2872,43,,,2,30,,2889,43,,,2,75,,2890,43,,,2,20,,2893,43,,,2,75,,2887,43,,,2,30,,2896,43,,,2,70,,2884,43,,,2,32,,2873,43,,,2,70,,2882,43,,,2,31,,2885,43,,,2,71,,2894,43,,,2,29,,2888,43,,,2,71,,2866,43,,,2,30,,2869,43,,,2,71,,2870,43,,,2,35,,2891,43,,,2,74,,2877,43,,,2,24,,2876,43,,,2,69,,2874,43,,,2,29,,2880,43,,,2,98,,2878,43,,,2,104,,2881,43,,,2,85,,2875,43,,,2,91,,2879,43,,,2
6001,'DIM',757,,3103,27,,,1,101,,3111,27,,,1,101,,3109,27,,,1,143,,3110,27,,,1,101,,3112,27,,,1,102,,3115,27,,,1,102,,3113,27,,,1,100,,3116,27,,,1,100,,3114,27,,,1,102,,3117,27,,,1,93,,3118,27,,,1,100,,3105,27,,,1,98,,3107,27,,,1,58,,3106,27,,,1,99,,3108,27,,,1,99,,3102,27,,,1,100,,3104,27,,,1
6001,'SAM',655,,3125,27,,,1,102,,3130,27,,,1,101,,3121,27,,,1,101,,3133,27,,,1,142,,3135,27,,,1,102,,3131,27,,,1,102,,3134,27,,,1,102,,3132,27,,,1,100,,3120,27,,,1,100,,3136,27,,,1,102,,3119,27,,,1,93,,3123,27,,,1,101,,3128,27,,,1,97,,3124,27,,,1,58,,3126,27,,,1,99,,3129,27,,,1,99,,3122,27,,,1,100,,3127,27,,,1
6001,'SEM',539,,3151,27,,,1,101,,3137,27,,,1,85,,3155,27,,,1,76,,3149,27,,,1,36,,3153,27,,,1,101,,3139,27,,,1,100,,3156,27,,,1,101,,3154,27,,,1,103,,3140,27,,,1,100,,3138,27,,,1,100,,5404,27,,,1,102,,3152,27,,,1,100,,3141,27,,,1,103,,3145,27,,,1,98,,3143,27,,,1,90,,3148,27,,,1,98,,3146,27,,,1,100,,3142,27,,,1,99,,3144,27,,,1,94,,3147,27,,,1
6104,'DIM',647,,3285,46,,,2,100,,3286,46,,,2,103,,3283,46,,,2,102,,3287,46,,,2,101,,3289,46,,,2,102,,3288,46,,,2,102,,3284,46,,,2,102,,3282,46,,,2,142,,3272,46,,,2,103,,3275,46,,,2,54,,3277,46,,,2,142,,3279,46,,,2,56,,3281,46,,,2,97,,3280,46,,,2,98,,3276,46,,,2,98,,3273,46,,,2,99,,3274,46,,,2,100,,3278,46,,,2
6104,'SAM',647,,3298,46,,,2,100,,3297,46,,,2,103,,3300,46,,,2,103,,3302,46,,,2,100,,3305,46,,,2,102,,3299,46,,,2,99,,3303,46,,,2,105,,3306,46,,,2,142,,3304,46,,,2,103,,3307,46,,,2,54,,3301,46,,,2,101,,3293,46,,,2,100,,3290,46,,,2,94,,3294,46,,,2,98,,3292,46,,,2,98,,3295,46,,,2,99,,3291,46,,,2,100,,3296,46,,,2
6104,'SEM',514,,3311,46,,,2,100,,3320,46,,,2,35,,3308,46,,,2,62,,3323,46,,,2,36,,3318,46,,,2,69,,3327,46,,,2,102,,3309,46,,,2,100,,3310,46,,,2,101,,3325,46,,,2,104,,3319,46,,,2,100,,3322,46,,,2,101,,3321,46,,,2,100,,3324,46,,,2,110,,3326,46,,,2,66,,3314,46,,,2,58,,3316,46,,,2,97,,3315,46,,,2,100,,3312,46,,,2,98,,3317,46,,,2,79,,3313,46,,,2,91,,5251,46,,,2,101,,5252,46,,,2
6601,'DIM',606,,3631,54,,,1,101,,3633,54,,,1,103,,3639,54,,,1,101,,3629,54,,,1,33,,3630,54,,,1,71,,3637,54,,,1,31,,3640,54,,,1,75,,3628,54,,,1,26,,3635,54,,,1,70,,3634,54,,,1,101,,3641,54,,,1,102,,3638,54,,,1,103,,3636,54,,,1,99,,3632,54,,,1,102,,3624,54,,,1,95,,3626,54,,,1,97,,3623,54,,,1,100,,3625,54,,,1,100,,3627,54,,,1,99,,3622,54,,,1
6601,'SAM',606,,3647,54,,,1,101,,3654,54,,,1,103,,3656,54,,,1,101,,3652,54,,,1,33,,3650,54,,,1,71,,3642,54,,,1,31,,3659,54,,,1,75,,3648,54,,,1,26,,3660,54,,,1,70,,3655,54,,,1,101,,3658,54,,,1,102,,3661,54,,,1,103,,3657,54,,,1,99,,3653,54,,,1,102,,3643,54,,,1,95,,3644,54,,,1,97,,3646,54,,,1,100,,3645,54,,,1,100,,3649,54,,,1,99,,3651,54,,,1
6601,'SEM',648,,3675,54,,,1,105,,3665,54,,,1,102,,3677,54,,,1,103,,3674,54,,,1,101,,3664,54,,,1,146,,5259,54,,,1,102,,3662,54,,,1,100,,3676,54,,,1,103,,3666,54,,,1,31,,3670,54,,,1,88,,3671,54,,,1,105,,3663,54,,,1,93,,3668,54,,,1,97,,3667,54,,,1,98,,3672,54,,,1,98,,3669,54,,,1,99,,3673,54,,,1
7002,'DIM',610,,3847,54,,,1,40,,3846,54,,,1,90,,3827,77,,,1,102,,3834,77,,,1,100,,3839,77,,,1,102,,3830,77,,,1,68,,3831,77,,,1,33,,3833,77,,,1,69,,3823,77,,,1,25,,3832,77,,,1,75,,3829,77,,,1,25,,3838,77,,,1,79,,3836,77,,,1,28,,3840,77,,,1,76,,3821,77,,,1,25,,3835,77,,,1,71,,3843,77,,,1,23,,3837,77,,,1,78,,3842,77,,,1,27,,3825,77,,,1,76,,3845,77,,,1,33,,3841,77,,,1,97,,3844,77,,,1,94,,3820,77,,,1,95,,3822,77,,,1,98,,3826,77,,,1,99,,3824,77,,,1,103,,3828,77,,,1
7002,'SAM',610,,3874,54,,,1,40,,3875,54,,,1,89,,3872,77,,,1,103,,3852,77,,,1,100,,3860,77,,,1,102,,3859,77,,,1,65,,3868,77,,,1,36,,3873,77,,,1,69,,3870,77,,,1,24,,3864,77,,,1,75,,3863,77,,,1,26,,3862,77,,,1,79,,3865,77,,,1,36,,3861,77,,,1,67,,3871,77,,,1,25,,3869,77,,,1,68,,3867,77,,,1,26,,3866,77,,,1,79,,3855,77,,,1,28,,3851,77,,,1,76,,3853,77,,,1,33,,3848,77,,,1,96,,3857,77,,,1,94,,3849,77,,,1,96,,3850,77,,,1,97,,3856,77,,,1,99,,3854,77,,,1,103,,3858,77,,,1
7002,'SEM',617,,3881,77,,,1,98,,3901,77,,,1,26,,3902,77,,,1,73,,3880,77,,,1,36,,3883,77,,,1,67,,3885,77,,,1,29,,3900,77,,,1,70,,3878,77,,,1,30,,3907,77,,,1,71,,3886,77,,,1,27,,3908,77,,,1,73,,3903,77,,,1,26,,3905,77,,,1,74,,3904,77,,,1,30,,3879,77,,,1,70,,3906,77,,,1,25,,3899,77,,,1,76,,3884,77,,,1,33,,3887,77,,,1,71,,5408,77,,,1,30,,3876,77,,,1,73,,3877,77,,,1,26,,3890,77,,,1,71,,3891,77,,,1,24,,3895,77,,,1,71,,3894,77,,,1,90,,3892,77,,,1,42,,3896,77,,,1,93,,3888,77,,,1,111,,3893,77,,,1,106,,3889,77,,,1,97,,3898,77,,,1,145,,3897,77,,,1
