1703,'DIM',632,,6972,40,,,1,89,,6965,40,,,1,101,,100,40,,,1,102,,6967,40,,,1,97,,6968,40,,,1,102,,6964,40,,,1,100,,6970,40,,,1,99,,6966,40,,,1,102,,6969,40,,,1,100,,6971,40,,,1,102,,6954,40,,,1,98,,6958,40,,,1,98,,6957,40,,,1,101,,6956,40,,,1,98,,6959,40,,,1,99,,6962,40,,,1,100,,6955,40,,,1,100,,6960,40,,,1,102,,6961,40,,,1,117,,6963,40,,,1
1703,'SAM',554,,6984,40,,,1,78,,6990,40,,,1,89,,121,40,,,1,101,,6981,40,,,1,102,,6983,40,,,1,97,,6985,40,,,1,101,,6989,40,,,1,101,,6987,40,,,1,100,,6982,40,,,1,101,,6988,40,,,1,100,,6986,40,,,1,102,,6991,40,,,1,99,,6992,40,,,1,98,,6973,40,,,1,100,,6978,40,,,1,98,,6975,40,,,1,99,,6974,40,,,1,100,,6976,40,,,1,100,,6979,40,,,1,102,,6980,40,,,1,117,,6977,40,,,1
1703,'SEM',614,,7010,40,,,1,104,,7012,40,,,1,106,,7011,40,,,1,96,,6996,40,,,1,101,,7009,40,,,1,101,,7008,40,,,1,100,,7014,40,,,1,101,,6997,40,,,1,100,,6994,40,,,1,99,,7013,40,,,1,35,,7016,40,,,1,60,,7015,40,,,1,36,,6993,40,,,1,63,,7004,40,,,1,37,,6995,40,,,1,79,,6998,40,,,1,70,,7001,40,,,1,27,,7006,40,,,1,99,,7007,40,,,1,100,,6999,40,,,1,100,,7000,40,,,1,99,,7002,40,,,1,99,,7003,40,,,1,102,,7005,40,,,1
3103,'DIM',651,,7902,42,,,1,101,,7901,42,,,1,100,,1058,42,,,1,100,,7906,42,,,1,100,,7905,42,,,1,100,,7903,42,,,1,102,,7892,42,,,1,101,,7904,42,,,1,100,,7891,42,,,1,101,,7890,42,,,1,99,,7895,42,,,1,98,,7897,42,,,1,103,,7896,42,,,1,96,,7898,42,,,1,101,,7894,42,,,1,100,,7893,42,,,1,98,,7899,42,,,1,100,,7900,42,,,1
3103,'SAM',651,,7919,42,,,1,101,,7918,42,,,1,100,,1075,42,,,1,100,,7923,42,,,1,100,,7924,42,,,1,100,,7920,42,,,1,100,,7916,42,,,1,102,,7921,42,,,1,101,,7917,42,,,1,101,,7922,42,,,1,100,,7911,42,,,1,98,,7913,42,,,1,100,,7909,42,,,1,99,,7914,42,,,1,100,,7907,42,,,1,100,,7908,42,,,1,98,,7910,42,,,1,101,,7912,42,,,1,95,,7915,42,,,1
3103,'SEM',648,,7946,42,,,1,100,,7944,42,,,1,101,,7945,42,,,1,101,,7925,42,,,1,101,,7926,42,,,1,100,,7928,42,,,1,101,,7947,42,,,1,100,,7927,42,,,1,102,,7932,42,,,1,98,,7933,42,,,1,51,,7934,42,,,1,37,,7929,42,,,1,69,,7938,42,,,1,40,,7935,42,,,1,68,,7931,42,,,1,36,,7943,42,,,1,69,,7930,42,,,1,36,,7942,42,,,1,100,,7936,42,,,1,101,,7939,42,,,1,99,,7940,42,,,1,96,,7937,42,,,1,153,,7941,42,,,1
3903,'DIM',855,,1407,53,,,1,100,,8236,63,,,1,70,,8241,63,,,1,31,,8242,63,,,1,70,,8239,63,,,1,74,,8240,63,,,1,26,,8243,63,,,1,29,,8233,63,,,1,71,,8237,63,,,1,30,,8234,63,,,1,71,,8220,63,,,1,30,,8223,63,,,1,72,,8226,63,,,1,30,,8238,63,,,1,71,,8227,63,,,1,70,,8228,63,,,1,25,,8229,63,,,1,18,,8235,63,,,1,10,,8230,63,,,1,64,,8224,63,,,1,25,,8231,63,,,1,98,,8221,63,,,1,100,,8232,63,,,1,98,,8222,63,,,1,104,,8225,63,,,1
3903,'SAM',855,,8268,53,,,1,100,,8263,63,,,1,70,,8267,63,,,1,31,,8244,63,,,1,70,,8258,63,,,1,74,,8261,63,,,1,26,,8260,63,,,1,30,,8245,63,,,1,70,,8259,63,,,1,30,,8262,63,,,1,71,,8246,63,,,1,30,,8265,63,,,1,72,,8249,63,,,1,30,,8250,63,,,1,71,,8252,63,,,1,70,,8266,63,,,1,25,,8253,63,,,1,18,,8264,63,,,1,11,,8251,63,,,1,63,,8248,63,,,1,29,,8247,63,,,1,96,,8255,63,,,1,98,,8254,63,,,1,98,,8257,63,,,1,104,,8256,63,,,1
3903,'SEM',747,,8291,63,,,1,101,,8273,63,,,1,104,,8271,63,,,1,72,,8275,63,,,1,29,,8292,63,,,1,71,,8293,63,,,1,29,,8286,63,,,1,71,,8290,63,,,1,28,,8294,63,,,1,78,,8270,63,,,1,73,,8277,63,,,1,27,,8279,63,,,1,72,,8280,63,,,1,35,,8269,63,,,1,78,,8287,63,,,1,23,,8281,63,,,1,68,,8272,63,,,1,25,,8274,63,,,1,73,,8282,63,,,1,39,,8283,63,,,1,79,,8276,63,,,1,98,,8278,63,,,1,95,,8284,63,,,1,103,,8288,63,,,1,95,,8285,63,,,1,87,,8289,63,,,1
4503,'DIM',659,,8950,41,,,1,100,,8960,41,,,1,141,,8958,41,,,1,59,,8964,41,,,1,141,,8959,41,,,1,58,,8962,41,,,1,145,,8952,41,,,1,101,,8956,41,,,1,98,,8949,41,,,1,102,,8947,41,,,1,52,,8961,41,,,1,102,,8963,41,,,1,143,,8948,41,,,1,102,,8957,41,,,1,101,,8951,41,,,1,99,,8954,41,,,1,99,,8955,41,,,1,101,,8953,41,,,1
4503,'SAM',659,,8978,41,,,1,100,,8974,41,,,1,141,,8977,41,,,1,59,,8976,41,,,1,141,,8966,41,,,1,57,,8975,41,,,1,146,,8979,41,,,1,100,,8970,41,,,1,101,,8981,41,,,1,101,,8980,41,,,1,51,,8982,41,,,1,145,,8965,41,,,1,100,,8972,41,,,1,102,,8967,41,,,1,101,,8971,41,,,1,99,,8969,41,,,1,99,,8973,41,,,1,101,,8968,41,,,1
4503,'SEM',650,,8988,41,,,1,58,,8986,41,,,1,34,,8983,41,,,1,68,,9003,41,,,1,25,,8987,41,,,1,79,,8985,41,,,1,25,,9004,41,,,1,110,,9002,41,,,1,100,,8991,41,,,1,95,,8989,41,,,1,100,,9005,41,,,1,103,,8984,41,,,1,106,,9006,41,,,1,68,,8993,41,,,1,87,,8996,41,,,1,18,,8990,41,,,1,17,,8997,41,,,1,71,,8999,41,,,1,39,,8995,41,,,1,98,,8994,41,,,1,100,,8998,41,,,1,100,,9001,41,,,1,99,,8992,41,,,1,95,,9000,41,,,1
