5504,'SEM',634,,9646,56,,,2,20,,9651,26,,,2,49,,9634,56,,,2,11,,9635,56,,,2,93,,9649,56,,,2,30,,9644,56,,,2,95,,9643,56,,,2,97,,9636,56,,,2,99,,9645,56,,,2,94,,9650,56,,,2,102,,9637,56,,,2,104,,9647,56,,,2,103,,9648,56,,,2,98,,9638,56,,,2,98,,9639,56,,,2,100,,9641,56,,,2,102,,9640,56,,,2,93,,9642,56,,,2
6001,'DIM',751,,9939,17,,,1,101,,9947,17,,,1,100,,9945,17,,,1,103,,9946,17,,,1,100,,9948,17,,,1,102,,9951,17,,,1,102,,9949,17,,,1,100,,9952,17,,,1,100,,9950,17,,,1,142,,9953,17,,,1,53,,9954,17,,,1,101,,9941,17,,,1,99,,9943,17,,,1,98,,9942,17,,,1,99,,9944,17,,,1,99,,9938,17,,,1,100,,9940,17,,,1
6001,'SAM',649,,9961,17,,,1,102,,9966,17,,,1,101,,9957,17,,,1,100,,9969,17,,,1,102,,9971,17,,,1,101,,9967,17,,,1,102,,9970,17,,,1,102,,9968,17,,,1,100,,9956,17,,,1,100,,9972,17,,,1,142,,9955,17,,,1,53,,9959,17,,,1,102,,9964,17,,,1,98,,9960,17,,,1,98,,9962,17,,,1,99,,9965,17,,,1,99,,9958,17,,,1,100,,9963,17,,,1
6001,'SEM',533,,9987,17,,,1,101,,9973,17,,,1,85,,9991,17,,,1,36,,9985,17,,,1,76,,9989,17,,,1,100,,9975,17,,,1,100,,9992,17,,,1,100,,9990,17,,,1,103,,9976,17,,,1,100,,9974,17,,,1,100,,9986,17,,,1,102,,9988,17,,,1,100,,9977,17,,,1,103,,9981,17,,,1,99,,9979,17,,,1,90,,9984,17,,,1,99,,9982,17,,,1,100,,9978,17,,,1,99,,9980,17,,,1,94,,9983,17,,,1
6602,'DIM',706,,10529,8,,,1,103,,10524,8,,,1,101,,10527,8,,,1,100,,10532,8,,,1,100,,10531,8,,,1,101,,10525,8,,,1,100,,10523,8,,,1,133,,10526,8,,,1,99,,10528,8,,,1,70,,10530,8,,,1,31,,10518,8,,,1,70,,10519,8,,,1,30,,10517,8,,,1,69,,10521,8,,,1,101,,10522,8,,,1,100,,10520,8,,,1,99,,10515,8,,,1,98,,10516,8,,,1
6602,'SAM',706,,10544,8,,,1,103,,10542,8,,,1,101,,10536,8,,,1,100,,10533,8,,,1,100,,10548,8,,,1,101,,10549,8,,,1,100,,10547,8,,,1,133,,10550,8,,,1,99,,10538,8,,,1,70,,10534,8,,,1,31,,10540,8,,,1,71,,10541,8,,,1,29,,10539,8,,,1,74,,10543,8,,,1,97,,10535,8,,,1,99,,10537,8,,,1,99,,10546,8,,,1,98,,10545,8,,,1
6602,'SEM',646,,10552,8,,,1,102,,10564,8,,,1,104,,10562,8,,,1,105,,10561,8,,,1,101,,10553,8,,,1,101,,10551,8,,,1,99,,10563,8,,,1,142,,10554,8,,,1,28,,5375,8,,,1,91,,10558,8,,,1,101,,10559,8,,,1,101,,10560,8,,,1,96,,10555,8,,,1,104,,10556,8,,,1,99,,10557,8,,,1,97,,10566,8,,,1,40,,10565,8,,,1
25504,'DIM',634,,11726,56,,,2,100,,11729,56,,,2,101,,11731,56,,,2,100,,11730,56,,,2,102,,11732,56,,,2,99,,11727,56,,,2,100,,11733,56,,,2,102,,11728,56,,,2,100,,11734,56,,,2,102,,11720,56,,,2,100,,11735,56,,,2,100,,11721,56,,,2,101,,11736,56,,,2,99,,11724,56,,,2,98,,11737,56,,,2,98,,11725,56,,,2,98,,11723,56,,,2,98,,11722,56,,,2
25504,'SAM',634,,11746,56,,,2,100,,11751,56,,,2,101,,11742,56,,,2,100,,11752,56,,,2,102,,11743,56,,,2,99,,11747,56,,,2,100,,11749,56,,,2,102,,11748,56,,,2,100,,11750,56,,,2,102,,11738,56,,,2,100,,11753,56,,,2,100,,11739,56,,,2,101,,11754,56,,,2,99,,11745,56,,,2,98,,11740,56,,,2,98,,5119,56,,,2,98,,11741,56,,,2,98,,11744,56,,,2
25504,'SEM',509,,11755,56,,,2,33,,11758,56,,,2,1570,,11757,56,,,2,98,,11759,56,,,2,94,,11756,56,,,2,54,,11760,56,,,2
71304,'DIM',546,,11816,8,,,2,182,,11817,8,,,2
71304,'SAM',612,,11818,8,,,2,26,,11819,8,,,2,65,,11820,8,,,2
71304,'SEM',557,,11837,8,,,2,69,,11826,8,,,2,77,,11828,8,,,2,26,,11821,8,,,2,28,,11827,8,,,2,70,,11838,8,,,2,100,,11829,8,,,2,95,,11831,8,,,2,100,,11822,8,,,2,100,,11824,8,,,2,100,,11823,8,,,2,100,,11825,8,,,2,100,,11830,8,,,2,89,,11839,8,,,2,104,,11840,8,,,2,99,,11841,8,,,2,100,,11832,8,,,2,100,,11842,8,,,2,100,,11833,8,,,2,100,,11834,8,,,2,100,,11836,8,,,2,109,,11835,8,,,2
