4202,'DIM',510,,8661,75,,,2,41,,8702,75,,,2,66,,8672,75,,,2,30,,8660,75,,,2,70,,8684,75,,,2,30,,8682,75,,,2,72,,8703,75,,,2,32,,8687,75,,,2,71,,8683,75,,,2,31,,8691,75,,,2,71,,8695,75,,,2,23,,8701,75,,,2,62,,8697,75,,,2,21,,8688,75,,,2,22,,8693,75,,,2,59,,8689,75,,,2,20,,8692,75,,,2,18,,8677,75,,,2,63,,8680,75,,,2,20,,8679,75,,,2,22,,8681,75,,,2,59,,8686,75,,,2,20,,8685,75,,,2,18,,8705,75,,,2,62,,8698,75,,,2,21,,8694,75,,,2,21,,8690,75,,,2,61,,8700,75,,,2,20,,8665,75,,,2,20,,8666,75,,,2,61,,8667,75,,,2,23,,8699,75,,,2,76,,8696,75,,,2,35,,8704,75,,,2,69,,8676,75,,,2,30,,8663,75,,,2,72,,8662,75,,,2,30,,8671,75,,,2,68,,8659,75,,,2,27,,8668,75,,,2,68,,8678,75,,,2,28,,8664,75,,,2,71,,8670,75,,,2,30,,8674,75,,,2,68,,8675,75,,,2,30,,8669,75,,,2,76,,8673,75,,,2
4202,'SAM',510,,8708,75,,,2,41,,8710,75,,,2,66,,8728,75,,,2,30,,8706,75,,,2,70,,8736,75,,,2,30,,8734,75,,,2,72,,8711,75,,,2,32,,8742,75,,,2,71,,8738,75,,,2,31,,8737,75,,,2,71,,8741,75,,,2,23,,8753,75,,,2,62,,8747,75,,,2,21,,8751,75,,,2,21,,8746,75,,,2,60,,8749,75,,,2,20,,8731,75,,,2,18,,8744,75,,,2,62,,8735,75,,,2,21,,8727,75,,,2,21,,8733,75,,,2,60,,8707,75,,,2,20,,8740,75,,,2,18,,8739,75,,,2,62,,8732,75,,,2,21,,8743,75,,,2,21,,8709,75,,,2,60,,8745,75,,,2,20,,8748,75,,,2,21,,8714,75,,,2,61,,8750,75,,,2,23,,8752,75,,,2,75,,8720,75,,,2,35,,8722,75,,,2,70,,8724,75,,,2,30,,8726,75,,,2,75,,8712,75,,,2,27,,8715,75,,,2,68,,8729,75,,,2,27,,8717,75,,,2,68,,8719,75,,,2,31,,8713,75,,,2,67,,8716,75,,,2,30,,8718,75,,,2,69,,8721,75,,,2,30,,8723,75,,,2,76,,8725,75,,,2,30,,8730,75,,,2
4202,'SEM',509,,8792,75,,,2,97,,8794,75,,,2,33,,8798,75,,,2,16,,8801,75,,,2,56,,8754,75,,,2,10,,8756,75,,,2,11,,8759,75,,,2,9,,8762,75,,,2,10,,8800,75,,,2,52,,8797,75,,,2,21,,8757,75,,,2,18,,8771,75,,,2,61,,8758,75,,,2,22,,8802,75,,,2,22,,8799,75,,,2,59,,8760,75,,,2,21,,8793,75,,,2,20,,8755,75,,,2,59,,8796,75,,,2,21,,8764,75,,,2,20,,8787,75,,,2,61,,8795,75,,,2,24,,8765,75,,,2,16,,11969,75,,,2,64,,8767,75,,,2,20,,8769,75,,,2,20,,8770,75,,,2,63,,8763,75,,,2,17,,8772,75,,,2,21,,8773,75,,,2,60,,8774,75,,,2,21,,8761,75,,,2,21,,8776,75,,,2,60,,8803,75,,,2,20,,8779,75,,,2,20,,8780,75,,,2,60,,8781,75,,,2,22,,8783,75,,,2,17,,11965,75,,,2,63,,8786,75,,,2,20,,8766,75,,,2,63,,8775,75,,,2,24,,8768,75,,,2,19,,8790,75,,,2,70,,11968,75,,,2,45,,11967,75,,,2,76,,8791,75,,,2,67,,8777,75,,,2,29,,8778,75,,,2,70,,8782,75,,,2,26,,8784,75,,,2,76,,8789,75,,,2,27,,11966,75,,,2,71,,8788,75,,,2
4804,'DIM',607,,9283,57,,,1,110,,9287,57,,,1,103,,9284,57,,,1,109,,9288,57,,,1,106,,9291,57,,,1,101,,9274,57,,,1,103,,9285,57,,,1,100,,9286,57,,,1,97,,9290,57,,,1,105,,9276,57,,,1,101,,9289,57,,,1,101,,9275,57,,,1,97,,9281,57,,,1,96,,9277,57,,,1,94,,9282,57,,,1,97,,9279,57,,,1,100,,9278,57,,,1,96,,9280,57,,,1
4804,'SAM',607,,9302,57,,,1,110,,2518,57,,,1,103,,9304,57,,,1,108,,9306,57,,,1,107,,9310,57,,,1,101,,9303,57,,,1,102,,9309,57,,,1,100,,9305,57,,,1,97,,9307,57,,,1,106,,9308,57,,,1,101,,9295,57,,,1,101,,9298,57,,,1,97,,9296,57,,,1,96,,9299,57,,,1,94,,9293,57,,,1,97,,9292,57,,,1,98,,9294,57,,,1,98,,9300,57,,,1,97,,9301,57,,,1,33,,9297,57,,,1
4804,'SEM',538,,9313,57,,,1,81,,9330,57,,,1,32,,9311,57,,,1,72,,9314,57,,,1,27,,9318,57,,,1,79,,9332,57,,,1,30,,9331,57,,,1,70,,9334,57,,,1,30,,9321,57,,,1,71,,9320,57,,,1,71,,9315,57,,,1,101,,9322,57,,,1,100,,9333,57,,,1,100,,9319,57,,,1,102,,9316,57,,,1,39,,9312,57,,,1,107,,9317,57,,,1,96,,9327,57,,,1,67,,9329,57,,,1,103,,9325,57,,,1,114,,9328,57,,,1,99,,9323,57,,,1,98,,9324,57,,,1,96,,11983,57,,,1,97,,9326,57,,,1
5802,'DIM',624,,9883,55,,,2,101,,9890,55,,,2,93,,9887,55,,,2,100,,9891,55,,,2,100,,9894,55,,,2,99,,9886,55,,,2,101,,9896,55,,,2,100,,9893,55,,,2,102,,9889,55,,,2,99,,9892,55,,,2,101,,9888,55,,,2,99,,9882,55,,,2,101,,9895,55,,,2,100,,9879,55,,,2,99,,9885,55,,,2,98,,9881,55,,,2,98,,9880,55,,,2,98,,9884,55,,,2
5802,'SAM',624,,9914,55,,,2,101,,9906,55,,,2,93,,9905,55,,,2,100,,9910,55,,,2,100,,9908,55,,,2,99,,9911,55,,,2,101,,9913,55,,,2,100,,9897,55,,,2,99,,9904,55,,,2,101,,9909,55,,,2,101,,9907,55,,,2,101,,9912,55,,,2,100,,9899,55,,,2,100,,9902,55,,,2,99,,9898,55,,,2,98,,9903,55,,,2,98,,9900,55,,,2,98,,9901,55,,,2
5802,'SEM',544,,9932,55,,,2,75,,9926,55,,,2,22,,9925,55,,,2,80,,9933,55,,,2,35,,9935,55,,,2,69,,9918,55,,,2,33,,9917,55,,,2,83,,9921,55,,,2,100,,9936,55,,,2,100,,9915,55,,,2,100,,9922,55,,,2,100,,9934,55,,,2,100,,9916,55,,,2,65,,9919,55,,,2,30,,9923,55,,,2,104,,9929,55,,,2,71,,9920,55,,,2,93,,9924,55,,,2,96,,9930,55,,,2,58,,11992,55,,,2,100,,9931,55,,,2,97,,9928,55,,,2,99,,9927,55,,,2
7001,'DIM',740,,10584,75,,,1,101,,10574,75,,,1,99,,10582,75,,,1,100,,10585,75,,,1,69,,10588,75,,,1,31,,10583,75,,,1,70,,10590,75,,,1,28,,10589,75,,,1,70,,10586,75,,,1,35,,10587,75,,,1,69,,10591,75,,,1,27,,10567,75,,,1,74,,10592,75,,,1,25,,10570,75,,,1,75,,10571,75,,,1,27,,10572,75,,,1,73,,10569,75,,,1,33,,10575,75,,,1,73,,10578,75,,,1,30,,10573,75,,,1,94,,10579,75,,,1,98,,10576,75,,,1,100,,10568,75,,,1,99,,10580,75,,,1,100,,10581,75,,,1,99,,10577,75,,,1
7001,'SAM',740,,10609,75,,,1,101,,10614,75,,,1,99,,10616,75,,,1,100,,10617,75,,,1,68,,10615,75,,,1,32,,10593,75,,,1,69,,10618,75,,,1,29,,10613,75,,,1,70,,10594,75,,,1,34,,10610,75,,,1,68,,10595,75,,,1,33,,10611,75,,,1,70,,10597,75,,,1,25,,10612,75,,,1,73,,10600,75,,,1,29,,10602,75,,,1,73,,10599,75,,,1,34,,10601,75,,,1,72,,10605,75,,,1,30,,10603,75,,,1,94,,10607,75,,,1,98,,10596,75,,,1,100,,10598,75,,,1,98,,10608,75,,,1,101,,10606,75,,,1,99,,10604,75,,,1
7001,'SEM',551,,10645,75,,,1,73,,10623,75,,,1,29,,10646,75,,,1,58,,10647,75,,,1,19,,10642,75,,,1,28,,10653,75,,,1,64,,10634,75,,,1,24,,10620,75,,,1,69,,10652,75,,,1,30,,10649,75,,,1,71,,10650,75,,,1,29,,10631,75,,,1,71,,10654,75,,,1,29,,10622,75,,,1,72,,10627,75,,,1,28,,10651,75,,,1,70,,10621,75,,,1,30,,10619,75,,,1,72,,10648,75,,,1,30,,10626,75,,,1,79,,10629,75,,,1,24,,10625,75,,,1,51,,10632,75,,,1,49,,10624,75,,,1,77,,10636,75,,,1,27,,10639,75,,,1,73,,10640,75,,,1,25,,10628,75,,,1,78,,10637,75,,,1,84,,10633,75,,,1,33,,10630,75,,,1,108,,10638,75,,,1,99,,10635,75,,,1,99,,10643,75,,,1,99,,10641,75,,,1,167,,10644,75,,,1
