1703,'DIM',620,,6972,14,,,1,89,,6965,14,,,1,99,,100,14,,,1,101,,6967,14,,,1,97,,6968,14,,,1,101,,6964,14,,,1,100,,6970,14,,,1,99,,6966,14,,,1,102,,6969,14,,,1,100,,6971,14,,,1,102,,6954,14,,,1,98,,6958,14,,,1,99,,6957,14,,,1,101,,6956,14,,,1,99,,6959,14,,,1,99,,6962,14,,,1,101,,6955,14,,,1,100,,6960,14,,,1,102,,6961,14,,,1,119,,6963,14,,,1
1703,'SAM',542,,6984,14,,,1,78,,6990,14,,,1,89,,121,14,,,1,99,,6981,14,,,1,101,,6983,14,,,1,97,,6985,14,,,1,100,,6989,14,,,1,101,,6987,14,,,1,100,,6982,14,,,1,101,,6988,14,,,1,100,,6986,14,,,1,102,,6991,14,,,1,99,,6992,14,,,1,99,,6973,14,,,1,100,,6978,14,,,1,99,,6975,14,,,1,99,,6974,14,,,1,101,,6976,14,,,1,100,,6979,14,,,1,102,,6980,14,,,1,119,,6977,14,,,1
1703,'SEM',602,,7010,14,,,1,102,,7012,14,,,1,105,,7011,14,,,1,96,,6996,14,,,1,100,,7009,14,,,1,100,,7008,14,,,1,100,,7014,14,,,1,101,,6997,14,,,1,100,,6994,14,,,1,98,,7013,14,,,1,35,,7016,14,,,1,20,,7015,14,,,1,76,,6993,14,,,1,23,,7004,14,,,1,78,,6995,14,,,1,80,,6998,14,,,1,30,,7001,14,,,1,68,,7006,14,,,1,99,,7007,14,,,1,100,,6999,14,,,1,100,,7000,14,,,1,100,,7002,14,,,1,100,,7003,14,,,1,103,,7005,14,,,1
2703,'DIM',903,,7780,14,,,2,100,,7783,14,,,2,98,,7785,14,,,2,102,,7779,14,,,2,55,,7787,14,,,2,146,,7782,14,,,2,101,,7784,14,,,2,100,,7781,14,,,2,100,,7786,14,,,2,100,,7773,14,,,2,100,,7775,14,,,2,98,,7774,14,,,2,100,,7778,14,,,2,100,,7772,14,,,2,102,,7771,14,,,2,100,,7776,14,,,2,100,,7777,14,,,2
2703,'SAM',703,,7797,14,,,2,100,,7798,14,,,2,100,,7796,14,,,2,100,,7806,14,,,2,100,,7800,14,,,2,100,,7803,14,,,2,54,,7799,14,,,2,147,,7801,14,,,2,102,,7802,14,,,2,99,,7795,14,,,2,54,,7804,14,,,2,146,,7805,14,,,2,100,,7790,14,,,2,98,,7793,14,,,2,100,,7788,14,,,2,100,,7789,14,,,2,102,,7791,14,,,2,100,,7792,14,,,2,100,,7794,14,,,2
2703,'SEM',809,,7823,14,,,2,50,,7809,14,,,2,100,,7815,14,,,2,100,,7808,14,,,2,99,,7825,14,,,2,91,,7822,14,,,2,103,,7826,14,,,2,100,,7812,14,,,2,81,,7810,14,,,2,82,,7824,14,,,2,15,,7807,14,,,2,70,,7814,14,,,2,39,,7811,14,,,2,65,,7821,14,,,2,96,,7818,14,,,2,47,,7820,14,,,2,103,,7817,14,,,2,102,,7813,14,,,2,99,,7816,14,,,2,100,,7827,14,,,2,100,,7819,14,,,2
3103,'DIM',639,,7902,16,,,1,99,,7901,16,,,1,99,,1058,16,,,1,99,,7906,16,,,1,99,,7905,16,,,1,100,,7903,16,,,1,102,,7892,16,,,1,101,,7904,16,,,1,99,,7891,16,,,1,102,,7890,16,,,1,99,,7895,16,,,1,98,,7897,16,,,1,103,,7896,16,,,1,97,,7898,16,,,1,101,,7894,16,,,1,100,,7893,16,,,1,100,,7899,16,,,1,101,,7900,16,,,1
3103,'SAM',639,,7919,16,,,1,99,,7918,16,,,1,99,,1075,16,,,1,99,,7923,16,,,1,99,,7924,16,,,1,100,,7920,16,,,1,100,,7916,16,,,1,102,,7921,16,,,1,100,,7917,16,,,1,102,,7922,16,,,1,100,,7911,16,,,1,98,,7913,16,,,1,100,,7909,16,,,1,100,,7914,16,,,1,100,,7907,16,,,1,100,,7908,16,,,1,100,,7910,16,,,1,102,,7912,16,,,1,95,,7915,16,,,1
3103,'SEM',634,,7946,16,,,1,99,,7944,16,,,1,100,,7945,16,,,1,100,,7925,16,,,1,101,,7926,16,,,1,100,,7928,16,,,1,100,,7947,16,,,1,100,,7927,16,,,1,101,,7932,16,,,1,98,,7933,16,,,1,11,,7934,16,,,1,76,,7929,16,,,1,30,,7938,16,,,1,80,,7935,16,,,1,70,,7931,16,,,1,36,,7943,16,,,1,69,,7930,16,,,1,36,,7942,16,,,1,100,,7936,16,,,1,101,,7939,16,,,1,100,,7940,16,,,1,98,,7937,16,,,1,114,,7941,16,,,1
3903,'DIM',834,,1407,13,,,1,100,,8236,23,,,1,70,,8241,23,,,1,31,,8242,23,,,1,70,,8239,23,,,1,34,,8240,23,,,1,66,,8243,23,,,1,29,,8233,23,,,1,71,,8237,23,,,1,30,,8234,23,,,1,70,,8220,23,,,1,30,,8223,23,,,1,72,,8226,23,,,1,30,,8238,23,,,1,71,,8227,23,,,1,31,,8228,23,,,1,65,,8229,23,,,1,18,,8235,23,,,1,10,,8230,23,,,1,24,,8224,23,,,1,65,,8231,23,,,1,99,,8221,23,,,1,100,,8232,23,,,1,98,,8222,23,,,1,104,,8225,23,,,1
3903,'SAM',834,,8268,13,,,1,100,,8263,23,,,1,70,,8267,23,,,1,31,,8244,23,,,1,70,,8258,23,,,1,34,,8261,23,,,1,66,,8260,23,,,1,30,,8245,23,,,1,70,,8259,23,,,1,30,,8262,23,,,1,70,,8246,23,,,1,30,,8265,23,,,1,72,,8249,23,,,1,30,,8250,23,,,1,71,,8252,23,,,1,31,,8266,23,,,1,65,,8253,23,,,1,18,,8264,23,,,1,11,,8251,23,,,1,23,,8248,23,,,1,69,,8247,23,,,1,97,,8255,23,,,1,98,,8254,23,,,1,98,,8257,23,,,1,104,,8256,23,,,1
3903,'SEM',726,,8291,23,,,1,100,,8273,23,,,1,104,,8271,23,,,1,73,,8275,23,,,1,29,,8292,23,,,1,71,,8293,23,,,1,29,,8286,23,,,1,71,,8290,23,,,1,27,,8294,23,,,1,77,,8270,23,,,1,33,,8277,23,,,1,67,,8279,23,,,1,31,,8280,23,,,1,75,,8269,23,,,1,38,,8287,23,,,1,63,,8281,23,,,1,28,,8272,23,,,1,65,,8274,23,,,1,33,,8282,23,,,1,80,,8283,23,,,1,39,,8276,23,,,1,98,,8278,23,,,1,96,,8284,23,,,1,103,,8288,23,,,1,97,,8285,23,,,1,88,,8289,23,,,1
4303,'DIM',637,,8818,14,,,1,101,,8820,14,,,1,100,,8824,14,,,1,100,,8822,14,,,1,106,,8823,14,,,1,101,,8821,14,,,1,100,,8827,14,,,1,100,,8825,14,,,1,103,,8826,14,,,1,97,,8808,14,,,1,99,,8809,14,,,1,104,,8811,14,,,1,91,,8814,14,,,1,99,,8813,14,,,1,100,,8810,14,,,1,100,,8812,14,,,1,100,,8819,14,,,1,100,,8815,14,,,1,99,,8817,14,,,1,100,,8816,14,,,1
4303,'SAM',637,,8839,14,,,1,101,,8829,14,,,1,100,,8844,14,,,1,100,,8830,14,,,1,106,,8831,14,,,1,101,,8842,14,,,1,100,,8840,14,,,1,100,,8845,14,,,1,102,,8841,14,,,1,101,,8843,14,,,1,98,,8828,14,,,1,98,,8846,14,,,1,95,,8835,14,,,1,99,,8832,14,,,1,100,,2041,14,,,1,100,,8833,14,,,1,100,,8834,14,,,1,100,,8838,14,,,1,99,,8836,14,,,1,100,,8837,14,,,1
4303,'SEM',639,,8866,14,,,1,100,,8867,14,,,1,81,,8850,14,,,1,104,,8868,14,,,1,31,,8849,14,,,1,69,,8864,14,,,1,30,,8856,14,,,1,71,,8852,14,,,1,30,,8870,14,,,1,70,,8869,14,,,1,30,,8865,14,,,1,72,,8853,14,,,1,28,,8854,14,,,1,70,,8858,14,,,1,30,,8871,14,,,1,70,,8848,14,,,1,25,,8855,14,,,1,70,,8851,14,,,1,19,,8872,14,,,1,76,,8857,14,,,1,31,,8847,14,,,1,71,,8861,14,,,1,101,,8862,14,,,1,101,,8863,14,,,1,100,,8873,14,,,1,101,,8874,14,,,1,109,,8859,14,,,1,106,,8860,14,,,1
7303,'DIM',654,,10755,14,,,1,99,,10752,14,,,1,100,,10753,14,,,1,98,,10756,14,,,1,100,,10759,14,,,1,100,,10754,14,,,1,100,,10757,14,,,1,102,,10751,14,,,1,99,,10758,14,,,1,102,,10760,14,,,1,99,,10745,14,,,1,99,,10742,14,,,1,101,,10748,14,,,1,99,,10744,14,,,1,100,,10743,14,,,1,100,,10746,14,,,1,100,,10747,14,,,1,102,,10750,14,,,1,105,,10749,14,,,1
7303,'SAM',600,,10775,14,,,1,54,,10772,14,,,1,99,,10771,14,,,1,100,,10776,14,,,1,98,,10778,14,,,1,101,,10774,14,,,1,99,,10764,14,,,1,100,,10777,14,,,1,102,,10773,14,,,1,99,,10779,14,,,1,102,,10780,14,,,1,101,,10763,14,,,1,98,,10761,14,,,1,99,,10762,14,,,1,100,,10766,14,,,1,100,,10765,14,,,1,100,,4040,14,,,1,100,,10767,14,,,1,102,,4041,14,,,1,105,,10768,14,,,1,100,,10770,14,,,1,100,,10769,14,,,1
7303,'SEM',547,,10817,14,,,1,66,,10814,14,,,1,38,,10813,14,,,1,50,,10818,14,,,1,39,,10807,14,,,1,16,,10783,14,,,1,83,,10815,14,,,1,12,,10782,14,,,1,70,,10800,14,,,1,31,,10816,14,,,1,69,,10784,14,,,1,31,,10789,14,,,1,69,,10799,14,,,1,31,,10790,14,,,1,69,,10819,14,,,1,30,,10785,14,,,1,70,,10788,14,,,1,30,,10794,14,,,1,70,,10781,14,,,1,30,,10791,14,,,1,75,,10820,14,,,1,24,,10801,14,,,1,55,,10793,14,,,1,21,,10786,14,,,1,16,,10787,14,,,1,63,,10797,14,,,1,17,,10795,14,,,1,30,,10808,14,,,1,55,,10796,14,,,1,16,,10792,14,,,1,33,,10802,14,,,1,70,,10805,14,,,1,32,,10798,14,,,1,99,,10810,14,,,1,100,,10803,14,,,1,100,,10809,14,,,1,100,,10804,14,,,1,81,,10806,14,,,1,95,,10811,14,,,1,121,,10812,14,,,1
7401,'DIM',724,,10911,14,,,2,99,,10912,14,,,2,101,,10915,14,,,2,97,,10914,14,,,2,101,,10916,14,,,2,100,,10913,14,,,2,101,,10910,14,,,2,99,,10909,14,,,2,102,,10917,14,,,2,99,,10903,14,,,2,102,,10904,14,,,2,99,,10906,14,,,2,99,,10907,14,,,2,99,,10908,14,,,2,101,,10902,14,,,2,99,,10901,14,,,2,101,,10905,14,,,2
7401,'SAM',724,,10926,14,,,2,99,,10928,14,,,2,101,,10927,14,,,2,98,,10930,14,,,2,100,,10932,14,,,2,100,,10934,14,,,2,102,,10929,14,,,2,98,,10933,14,,,2,101,,10931,14,,,2,100,,10918,14,,,2,101,,10921,14,,,2,101,,10923,14,,,2,99,,10922,14,,,2,98,,10924,14,,,2,101,,10919,14,,,2,99,,10925,14,,,2,101,,10920,14,,,2
7401,'SEM',626,,10950,14,,,2,95,,10935,14,,,2,101,,10949,14,,,2,103,,10939,14,,,2,101,,10940,14,,,2,101,,10953,14,,,2,99,,10938,14,,,2,101,,10952,14,,,2,100,,10951,14,,,2,93,,10937,14,,,2,93,,10941,14,,,2,101,,10936,14,,,2,30,,10943,14,,,2,85,,10948,14,,,2,99,,10942,14,,,2,101,,10945,14,,,2,100,,10946,14,,,2,100,,10944,14,,,2,100,,10954,14,,,2,95,,10947,14,,,2
