1704,'DIM',512,,7029,45,,,1,90,,7030,45,,,1,101,,7034,45,,,1,103,,7028,45,,,1,101,,165,45,,,1,101,,7032,45,,,1,102,,7033,45,,,1,100,,7035,45,,,1,101,,7036,45,,,1,101,,7031,45,,,1,102,,7017,45,,,1,99,,7018,45,,,1,100,,7021,45,,,1,100,,7023,45,,,1,98,,7022,45,,,1,98,,7020,45,,,1,100,,7024,45,,,1,98,,7027,45,,,1,98,,7019,45,,,1,99,,7025,45,,,1,96,,7026,45,,,1
1704,'SAM',512,,7049,45,,,1,90,,7050,45,,,1,101,,7056,45,,,1,103,,7053,45,,,1,101,,7048,45,,,1,101,,7052,45,,,1,102,,7057,45,,,1,100,,7055,45,,,1,101,,7054,45,,,1,101,,7051,45,,,1,101,,7038,45,,,1,100,,7039,45,,,1,101,,7041,45,,,1,99,,7043,45,,,1,98,,7037,45,,,1,98,,7045,45,,,1,100,,7042,45,,,1,98,,7040,45,,,1,98,,7044,45,,,1,99,,7046,45,,,1,96,,7047,45,,,1
1704,'SEM',524,,7072,45,,,1,94,,7077,45,,,1,23,,7080,45,,,1,62,,7059,45,,,1,27,,7063,45,,,1,76,,7064,45,,,1,21,,7058,45,,,1,98,,7061,45,,,1,85,,7062,45,,,1,100,,7065,45,,,1,100,,7076,45,,,1,100,,7078,45,,,1,100,,7067,45,,,1,102,,7079,45,,,1,101,,7060,45,,,1,105,,7068,45,,,1,95,,7066,45,,,1,97,,7069,45,,,1,100,,7074,45,,,1,100,,7075,45,,,1,99,,7070,45,,,1,99,,7071,45,,,1,99,,7073,45,,,1
2704,'DIM',759,,7846,50,,,2,141,,7847,50,,,2,100,,7842,50,,,2,59,,7844,50,,,2,99,,7845,50,,,2,143,,7841,50,,,2,55,,7848,50,,,2,147,,7843,50,,,2,100,,7834,50,,,2,100,,7838,50,,,2,100,,7839,50,,,2,98,,7835,50,,,2,100,,7837,50,,,2,58,,7836,50,,,2,100,,7840,50,,,2,100,,7833,50,,,2
2704,'SAM',658,,7861,50,,,2,101,,7857,50,,,2,141,,7858,50,,,2,100,,7856,50,,,2,59,,7865,50,,,2,141,,7860,50,,,2,101,,7863,50,,,2,54,,7859,50,,,2,148,,7862,50,,,2,100,,7852,50,,,2,100,,7853,50,,,2,53,,7855,50,,,2,145,,7864,50,,,2,100,,7851,50,,,2,58,,7854,50,,,2,100,,7849,50,,,2,100,,7850,50,,,2
2704,'SEM',622,,7887,50,,,2,28,,7867,50,,,2,68,,7884,50,,,2,29,,7870,50,,,2,67,,7871,50,,,2,28,,7889,50,,,2,66,,7886,50,,,2,49,,7885,50,,,2,100,,7874,50,,,2,148,,7866,50,,,2,95,,7888,50,,,2,48,,7869,50,,,2,106,,7868,50,,,2,147,,7879,50,,,2,37,,7880,50,,,2,80,,7875,50,,,2,13,,7872,50,,,2,70,,7873,50,,,2,31,,7877,50,,,2,75,,7882,50,,,2,100,,7878,50,,,2,45,,7881,50,,,2,94,,7876,50,,,2,104,,7883,50,,,2
3104,'DIM',632,,7960,55,,,1,104,,7961,55,,,1,100,,7959,55,,,1,102,,7965,55,,,1,102,,7966,55,,,1,100,,7964,55,,,1,100,,7962,55,,,1,103,,7950,55,,,1,101,,7963,55,,,1,100,,7949,55,,,1,101,,7948,55,,,1,99,,7953,55,,,1,97,,7955,55,,,1,102,,7954,55,,,1,96,,7956,55,,,1,99,,7952,55,,,1,99,,7951,55,,,1,97,,7957,55,,,1,102,,7958,55,,,1
3104,'SAM',532,,1137,55,,,1,100,,7976,55,,,1,104,,7979,55,,,1,100,,7978,55,,,1,102,,7981,55,,,1,102,,7984,55,,,1,100,,7985,55,,,1,100,,7980,55,,,1,102,,7975,55,,,1,101,,7982,55,,,1,101,,7977,55,,,1,101,,7983,55,,,1,100,,7971,55,,,1,97,,7973,55,,,1,99,,7969,55,,,1,99,,7974,55,,,1,98,,7967,55,,,1,99,,7968,55,,,1,97,,7970,55,,,1,102,,7972,55,,,1
3104,'SEM',456,,7994,55,,,1,77,,7995,55,,,1,92,,8006,55,,,1,22,,8008,55,,,1,64,,7988,55,,,1,34,,8007,55,,,1,68,,8004,55,,,1,29,,8002,55,,,1,75,,8003,55,,,1,22,,8005,55,,,1,100,,7986,55,,,1,102,,7987,55,,,1,100,,7990,55,,,1,101,,8009,55,,,1,100,,7989,55,,,1,102,,7992,55,,,1,100,,7993,55,,,1,96,,7991,55,,,1,103,,7996,55,,,1,96,,8001,55,,,1,105,,8000,55,,,1,98,,7997,55,,,1,101,,7998,55,,,1,100,,7999,55,,,1
4304,'DIM',508,,8893,30,,,1,103,,8887,30,,,1,100,,8883,30,,,1,102,,8885,30,,,1,102,,8890,30,,,1,100,,8888,30,,,1,106,,8889,30,,,1,100,,8886,30,,,1,100,,8894,30,,,1,100,,8891,30,,,1,104,,8892,30,,,1,99,,8875,30,,,1,99,,8876,30,,,1,101,,8878,30,,,1,94,,8881,30,,,1,98,,8880,30,,,1,99,,8877,30,,,1,99,,8879,30,,,1,100,,8884,30,,,1,100,,8882,30,,,1
4304,'SAM',508,,8911,30,,,1,103,,8908,30,,,1,100,,8905,30,,,1,102,,8896,30,,,1,102,,8912,30,,,1,100,,8897,30,,,1,106,,8898,30,,,1,100,,8909,30,,,1,100,,8906,30,,,1,100,,8913,30,,,1,103,,8907,30,,,1,101,,8910,30,,,1,98,,8895,30,,,1,97,,8914,30,,,1,98,,8902,30,,,1,98,,8899,30,,,1,99,,2109,30,,,1,99,,8900,30,,,1,100,,8901,30,,,1,100,,8904,30,,,1,98,,8903,30,,,1
4304,'SEM',525,,8934,30,,,1,75,,8940,30,,,1,35,,8915,30,,,1,66,,8917,30,,,1,21,,8938,30,,,1,31,,8916,30,,,1,73,,8939,30,,,1,33,,8920,30,,,1,75,,8935,30,,,1,68,,8941,30,,,1,31,,8919,30,,,1,70,,8936,30,,,1,30,,8926,30,,,1,70,,8922,30,,,1,30,,8943,30,,,1,70,,8942,30,,,1,30,,8937,30,,,1,72,,8923,30,,,1,29,,8924,30,,,1,70,,8928,30,,,1,36,,8944,30,,,1,66,,8918,30,,,1,26,,8925,30,,,1,70,,8921,30,,,1,56,,8927,30,,,1,96,,8930,30,,,1,100,,8932,30,,,1,101,,8933,30,,,1,99,,11972,30,,,1,101,,11973,30,,,1,150,,8929,30,,,1,20,,8931,30,,,1
6001,'DIM',814,,9939,54,,,1,103,,9947,54,,,1,102,,9945,54,,,1,104,,9946,54,,,1,102,,9948,54,,,1,102,,9951,54,,,1,102,,9949,54,,,1,100,,9952,54,,,1,100,,9950,54,,,1,102,,9953,54,,,1,91,,9954,54,,,1,99,,9941,54,,,1,98,,9943,54,,,1,97,,9942,54,,,1,99,,9944,54,,,1,99,,9938,54,,,1,100,,9940,54,,,1
6001,'SAM',711,,9961,54,,,1,103,,9966,54,,,1,103,,9957,54,,,1,102,,9969,54,,,1,103,,9971,54,,,1,103,,9967,54,,,1,102,,9970,54,,,1,102,,9968,54,,,1,100,,9956,54,,,1,100,,9972,54,,,1,102,,9955,54,,,1,91,,9959,54,,,1,100,,9964,54,,,1,97,,9960,54,,,1,97,,9962,54,,,1,99,,9965,54,,,1,99,,9958,54,,,1,100,,9963,54,,,1
6001,'SEM',556,,9987,54,,,1,102,,9973,54,,,1,87,,9991,54,,,1,78,,9985,54,,,1,77,,9989,54,,,1,101,,9975,54,,,1,101,,9992,54,,,1,101,,9990,54,,,1,104,,9976,54,,,1,100,,9974,54,,,1,101,,9986,54,,,1,102,,9988,54,,,1,99,,9977,54,,,1,102,,9981,54,,,1,96,,9979,54,,,1,49,,9984,54,,,1,98,,9982,54,,,1,98,,9978,54,,,1,98,,9980,54,,,1,94,,9983,54,,,1
7304,'DIM',547,,10839,73,,,1,70,,10828,73,,,1,103,,10832,73,,,1,101,,10835,73,,,1,102,,10831,73,,,1,102,,10833,73,,,1,100,,10836,73,,,1,100,,10840,73,,,1,102,,10834,73,,,1,101,,10837,73,,,1,101,,10830,73,,,1,100,,10838,73,,,1,100,,10841,73,,,1,99,,10824,73,,,1,99,,10821,73,,,1,97,,10827,73,,,1,99,,10823,73,,,1,99,,10822,73,,,1,97,,10825,73,,,1,101,,10826,73,,,1,99,,10829,73,,,1
7304,'SAM',547,,10861,73,,,1,70,,10851,73,,,1,103,,10856,73,,,1,101,,10853,73,,,1,102,,10852,73,,,1,102,,10857,73,,,1,100,,10859,73,,,1,101,,10855,73,,,1,101,,10845,73,,,1,101,,10858,73,,,1,101,,10854,73,,,1,100,,10860,73,,,1,100,,10862,73,,,1,99,,10844,73,,,1,98,,10842,73,,,1,98,,10843,73,,,1,99,,10847,73,,,1,99,,10846,73,,,1,97,,4131,73,,,1,101,,10848,73,,,1,99,,4133,73,,,1,100,,10849,73,,,1,99,,10850,73,,,1
7304,'SEM',509,,10894,73,,,1,42,,10891,73,,,1,82,,10897,73,,,1,18,,10900,73,,,1,72,,10896,73,,,1,15,,10893,73,,,1,14,,10869,73,,,1,68,,10871,73,,,1,14,,10892,73,,,1,15,,10898,73,,,1,65,,10887,73,,,1,31,,10865,73,,,1,80,,10864,73,,,1,29,,10880,73,,,1,70,,10895,73,,,1,30,,10866,73,,,1,71,,10870,73,,,1,76,,10879,73,,,1,26,,10872,73,,,1,30,,10899,73,,,1,70,,10867,73,,,1,30,,10868,73,,,1,73,,10876,73,,,1,71,,10863,73,,,1,32,,10873,73,,,1,79,,10883,73,,,1,22,,10881,73,,,1,67,,10875,73,,,1,29,,10882,73,,,1,76,,10877,73,,,1,20,,10888,73,,,1,29,,10874,73,,,1,70,,10884,73,,,1,29,,10886,73,,,1,73,,10878,73,,,1,96,,10890,73,,,1,99,,10885,73,,,1,103,,10889,73,,,1
7402,'DIM',648,,10961,86,,,2,102,,10964,86,,,2,101,,6451,86,,,2,102,,10965,86,,,2,102,,10963,86,,,2,100,,10962,86,,,2,101,,10968,86,,,2,100,,10967,86,,,2,103,,10969,86,,,2,99,,10966,86,,,2,99,,10956,86,,,2,101,,10955,86,,,2,98,,10957,86,,,2,98,,10958,86,,,2,99,,6443,86,,,2,100,,10959,86,,,2,97,,10960,86,,,2
7402,'SAM',648,,10977,86,,,2,102,,10981,86,,,2,101,,10979,86,,,2,102,,10976,86,,,2,102,,10980,86,,,2,100,,10982,86,,,2,101,,10985,86,,,2,101,,10978,86,,,2,100,,10983,86,,,2,101,,10986,86,,,2,100,,10984,86,,,2,99,,10970,86,,,2,99,,10972,86,,,2,98,,10974,86,,,2,99,,10973,86,,,2,100,,10975,86,,,2,97,,10971,86,,,2
7402,'SEM',607,,11000,86,,,2,50,,11005,86,,,2,60,,10988,86,,,2,42,,10999,86,,,2,100,,10989,86,,,2,99,,10987,86,,,2,99,,10991,86,,,2,101,,11001,86,,,2,97,,11004,86,,,2,100,,10990,86,,,2,101,,11003,86,,,2,102,,11002,86,,,2,100,,10992,86,,,2,97,,10993,86,,,2,100,,10996,86,,,2,97,,10998,86,,,2,99,,10994,86,,,2,102,,10995,86,,,2,97,,10997,86,,,2
