1703,'DIM',615,,6972,7,,,1,89,,6965,7,,,1,99,,100,7,,,1,101,,6967,7,,,1,97,,6968,7,,,1,101,,6964,7,,,1,100,,6970,7,,,1,99,,6966,7,,,1,101,,6969,7,,,1,100,,6971,7,,,1,102,,6954,7,,,1,99,,6958,7,,,1,99,,6957,7,,,1,101,,6956,7,,,1,99,,6959,7,,,1,99,,6962,7,,,1,101,,6955,7,,,1,100,,6960,7,,,1,102,,6961,7,,,1,120,,6963,7,,,1
1703,'SAM',538,,6984,7,,,1,77,,6990,7,,,1,89,,121,7,,,1,99,,6981,7,,,1,101,,6983,7,,,1,97,,6985,7,,,1,100,,6989,7,,,1,101,,6987,7,,,1,100,,6982,7,,,1,100,,6988,7,,,1,100,,6986,7,,,1,102,,6991,7,,,1,100,,6992,7,,,1,99,,6973,7,,,1,100,,6978,7,,,1,99,,6975,7,,,1,99,,6974,7,,,1,101,,6976,7,,,1,100,,6979,7,,,1,102,,6980,7,,,1,120,,6977,7,,,1
1703,'SEM',557,,7010,7,,,1,102,,7012,7,,,1,145,,7011,7,,,1,96,,6996,7,,,1,100,,7009,7,,,1,100,,7008,7,,,1,100,,7014,7,,,1,100,,6997,7,,,1,100,,6994,7,,,1,58,,7013,7,,,1,75,,7016,7,,,1,20,,7015,7,,,1,76,,6993,7,,,1,23,,7004,7,,,1,78,,6995,7,,,1,80,,6998,7,,,1,30,,7001,7,,,1,69,,7006,7,,,1,99,,7007,7,,,1,100,,6999,7,,,1,100,,7000,7,,,1,100,,7002,7,,,1,100,,7003,7,,,1,104,,7005,7,,,1
2703,'DIM',858,,7780,7,,,2,100,,7783,7,,,2,98,,7785,7,,,2,102,,7779,7,,,2,95,,7787,7,,,2,106,,7782,7,,,2,141,,7784,7,,,2,100,,7781,7,,,2,100,,7786,7,,,2,100,,7773,7,,,2,100,,7775,7,,,2,58,,7774,7,,,2,100,,7778,7,,,2,100,,7772,7,,,2,142,,7771,7,,,2,100,,7776,7,,,2,100,,7777,7,,,2
2703,'SAM',658,,7797,7,,,2,100,,7798,7,,,2,100,,7796,7,,,2,100,,7806,7,,,2,100,,7800,7,,,2,100,,7803,7,,,2,94,,7799,7,,,2,107,,7801,7,,,2,142,,7802,7,,,2,99,,7795,7,,,2,54,,7804,7,,,2,146,,7805,7,,,2,100,,7790,7,,,2,58,,7793,7,,,2,100,,7788,7,,,2,100,,7789,7,,,2,142,,7791,7,,,2,100,,7792,7,,,2,100,,7794,7,,,2
2703,'SEM',804,,7823,7,,,2,50,,7809,7,,,2,100,,7815,7,,,2,100,,7808,7,,,2,99,,7825,7,,,2,90,,7822,7,,,2,103,,7826,7,,,2,100,,7812,7,,,2,81,,7810,7,,,2,82,,7824,7,,,2,15,,7807,7,,,2,30,,7814,7,,,2,79,,7811,7,,,2,25,,7821,7,,,2,96,,7818,7,,,2,87,,7820,7,,,2,103,,7817,7,,,2,102,,7813,7,,,2,100,,7816,7,,,2,100,,7827,7,,,2,100,,7819,7,,,2
3103,'DIM',634,,7902,9,,,1,99,,7901,9,,,1,99,,1058,9,,,1,99,,7906,9,,,1,99,,7905,9,,,1,100,,7903,9,,,1,102,,7892,9,,,1,100,,7904,9,,,1,99,,7891,9,,,1,102,,7890,9,,,1,99,,7895,9,,,1,99,,7897,9,,,1,103,,7896,9,,,1,97,,7898,9,,,1,101,,7894,9,,,1,100,,7893,9,,,1,100,,7899,9,,,1,101,,7900,9,,,1
3103,'SAM',634,,7919,9,,,1,99,,7918,9,,,1,99,,1075,9,,,1,99,,7923,9,,,1,99,,7924,9,,,1,100,,7920,9,,,1,100,,7916,9,,,1,101,,7921,9,,,1,100,,7917,9,,,1,102,,7922,9,,,1,100,,7911,9,,,1,99,,7913,9,,,1,100,,7909,9,,,1,100,,7914,9,,,1,100,,7907,9,,,1,100,,7908,9,,,1,100,,7910,9,,,1,102,,7912,9,,,1,95,,7915,9,,,1
3103,'SEM',629,,7946,9,,,1,99,,7944,9,,,1,100,,7945,9,,,1,100,,7925,9,,,1,101,,7926,9,,,1,100,,7928,9,,,1,100,,7947,9,,,1,100,,7927,9,,,1,100,,7932,9,,,1,98,,7933,9,,,1,11,,7934,9,,,1,76,,7929,9,,,1,30,,7938,9,,,1,80,,7935,9,,,1,30,,7931,9,,,1,76,,7943,9,,,1,70,,7930,9,,,1,36,,7942,9,,,1,100,,7936,9,,,1,101,,7939,9,,,1,100,,7940,9,,,1,98,,7937,9,,,1,114,,7941,9,,,1
4303,'DIM',634,,8818,7,,,1,100,,8820,7,,,1,100,,8824,7,,,1,100,,8822,7,,,1,106,,8823,7,,,1,101,,8821,7,,,1,100,,8827,7,,,1,99,,8825,7,,,1,103,,8826,7,,,1,97,,8808,7,,,1,99,,8809,7,,,1,104,,8811,7,,,1,92,,8814,7,,,1,99,,8813,7,,,1,100,,8810,7,,,1,100,,8812,7,,,1,100,,8819,7,,,1,100,,8815,7,,,1,100,,8817,7,,,1,100,,8816,7,,,1
4303,'SAM',634,,8839,7,,,1,100,,8829,7,,,1,100,,8844,7,,,1,100,,8830,7,,,1,106,,8831,7,,,1,101,,8842,7,,,1,100,,8840,7,,,1,99,,8845,7,,,1,102,,8841,7,,,1,101,,8843,7,,,1,98,,8828,7,,,1,98,,8846,7,,,1,96,,8835,7,,,1,99,,8832,7,,,1,100,,2041,7,,,1,100,,8833,7,,,1,100,,8834,7,,,1,100,,8838,7,,,1,100,,8836,7,,,1,100,,8837,7,,,1
4303,'SEM',634,,8866,7,,,1,100,,8867,7,,,1,81,,8850,7,,,1,104,,8868,7,,,1,31,,8849,7,,,1,69,,8864,7,,,1,30,,8856,7,,,1,70,,8852,7,,,1,30,,8870,7,,,1,70,,8869,7,,,1,30,,8865,7,,,1,72,,8853,7,,,1,28,,8854,7,,,1,70,,8858,7,,,1,30,,8871,7,,,1,70,,8848,7,,,1,25,,8855,7,,,1,70,,8851,7,,,1,19,,8872,7,,,1,76,,8857,7,,,1,31,,8847,7,,,1,71,,8861,7,,,1,102,,8862,7,,,1,101,,8863,7,,,1,101,,8873,7,,,1,101,,8874,7,,,1,110,,8859,7,,,1,106,,8860,7,,,1
4803,'DIM',704,,9218,7,,,1,103,,9222,7,,,1,102,,9226,7,,,1,99,,9209,7,,,1,102,,9219,7,,,1,101,,9220,7,,,1,95,,9225,7,,,1,105,,9221,7,,,1,99,,9223,7,,,1,100,,9210,7,,,1,100,,9224,7,,,1,100,,9212,7,,,1,95,,9216,7,,,1,100,,9215,7,,,1,100,,9214,7,,,1,99,,2438,7,,,1,100,,9211,7,,,1,35,,9213,7,,,1,161,,9217,7,,,1
4803,'SAM',604,,2450,7,,,1,100,,9238,7,,,1,102,,9241,7,,,1,103,,9245,7,,,1,99,,9236,7,,,1,101,,9244,7,,,1,101,,9239,7,,,1,94,,9242,7,,,1,106,,9240,7,,,1,100,,9237,7,,,1,100,,9243,7,,,1,100,,9230,7,,,1,100,,9232,7,,,1,95,,9228,7,,,1,100,,9227,7,,,1,98,,9229,7,,,1,101,,9234,7,,,1,100,,9235,7,,,1,35,,9231,7,,,1,161,,9233,7,,,1
4803,'SEM',559,,9265,7,,,1,60,,9267,7,,,1,37,,9258,7,,,1,73,,9268,7,,,1,71,,9271,7,,,1,24,,9254,7,,,1,80,,9253,7,,,1,30,,9248,7,,,1,95,,9255,7,,,1,100,,9250,7,,,1,100,,9249,7,,,1,100,,9269,7,,,1,80,,9246,7,,,1,101,,9251,7,,,1,35,,9266,7,,,1,64,,9247,7,,,1,30,,9270,7,,,1,70,,9259,7,,,1,30,,9252,7,,,1,70,,9260,7,,,1,95,,9264,7,,,1,100,,9256,7,,,1,100,,9257,7,,,1,99,,9273,7,,,1,100,,9262,7,,,1,99,,9261,7,,,1,51,,9263,7,,,1,73,,9272,7,,,1
5801,'DIM',524,,9832,7,,,2,100,,9814,7,,,2,90,,9823,7,,,2,99,,9826,7,,,2,99,,9829,7,,,2,100,,9822,7,,,2,102,,9831,7,,,2,98,,9828,7,,,2,103,,9825,7,,,2,99,,9827,7,,,2,102,,9824,7,,,2,99,,9817,7,,,2,101,,9830,7,,,2,99,,9813,7,,,2,99,,9821,7,,,2,99,,9816,7,,,2,101,,9815,7,,,2,100,,9819,7,,,2,99,,9818,7,,,2,110,,9820,7,,,2
5801,'SAM',524,,9852,7,,,2,100,,9844,7,,,2,90,,9843,7,,,2,99,,9848,7,,,2,100,,9846,7,,,2,99,,9849,7,,,2,102,,9851,7,,,2,98,,9833,7,,,2,101,,9842,7,,,2,101,,9847,7,,,2,101,,9845,7,,,2,101,,9850,7,,,2,100,,9836,7,,,2,100,,9840,7,,,2,98,,9834,7,,,2,99,,9841,7,,,2,101,,9837,7,,,2,100,,9839,7,,,2,99,,9835,7,,,2,110,,9838,7,,,2
5801,'SEM',514,,9866,7,,,2,28,,9863,7,,,2,82,,9875,7,,,2,82,,9864,7,,,2,46,,9870,7,,,2,85,,9857,7,,,2,99,,9876,7,,,2,100,,9853,7,,,2,100,,9858,7,,,2,100,,9874,7,,,2,100,,9854,7,,,2,86,,9865,7,,,2,31,,9855,7,,,2,72,,9877,7,,,2,28,,9860,7,,,2,75,,9862,7,,,2,28,,9861,7,,,2,68,,9856,7,,,2,29,,9873,7,,,2,70,,9859,7,,,2,30,,9872,7,,,2,100,,9878,7,,,2,100,,9868,7,,,2,99,,9867,7,,,2,100,,9869,7,,,2,100,,9871,7,,,2
6002,'DIM',654,,9994,7,,,1,100,,10003,7,,,1,99,,10001,7,,,1,100,,10002,7,,,1,100,,10004,7,,,1,100,,10007,7,,,1,100,,10005,7,,,1,100,,10008,7,,,1,100,,10006,7,,,1,99,,10009,7,,,1,99,,10010,7,,,1,101,,9996,7,,,1,101,,9998,7,,,1,101,,9997,7,,,1,101,,9999,7,,,1,100,,9993,7,,,1,100,,9995,7,,,1,99,,10000,7,,,1
6002,'SAM',654,,10022,7,,,1,100,,10013,7,,,1,99,,10025,7,,,1,100,,10027,7,,,1,100,,10023,7,,,1,100,,10026,7,,,1,100,,10024,7,,,1,100,,10012,7,,,1,100,,10028,7,,,1,99,,10011,7,,,1,99,,10015,7,,,1,103,,10020,7,,,1,99,,10016,7,,,1,101,,10017,7,,,1,101,,10021,7,,,1,100,,10014,7,,,1,100,,10018,7,,,1,99,,10019,7,,,1
6002,'SEM',625,,10045,7,,,1,100,,10043,7,,,1,100,,10030,7,,,1,99,,10046,7,,,1,100,,10044,7,,,1,101,,10035,7,,,1,100,,10029,7,,,1,99,,10031,7,,,1,101,,10042,7,,,1,98,,10032,7,,,1,101,,10037,7,,,1,107,,10034,7,,,1,94,,10040,7,,,1,101,,10038,7,,,1,99,,10033,7,,,1,100,,10036,7,,,1,99,,10039,7,,,1,90,,10041,7,,,1,100,,10047,7,,,1
7002,'DIM',658,,10662,7,,,1,142,,10669,7,,,1,100,,3943,7,,,1,100,,10665,7,,,1,28,,10666,7,,,1,73,,10668,7,,,1,29,,10658,7,,,1,25,,10667,7,,,1,75,,10664,7,,,1,25,,10673,7,,,1,79,,10671,7,,,1,67,,10674,7,,,1,36,,10656,7,,,1,65,,10670,7,,,1,31,,10676,7,,,1,23,,10672,7,,,1,78,,10675,7,,,1,68,,10660,7,,,1,36,,10678,7,,,1,74,,3946,7,,,1,97,,10677,7,,,1,95,,10655,7,,,1,55,,10657,7,,,1,141,,10661,7,,,1,59,,10659,7,,,1,143,,10663,7,,,1
7002,'SAM',657,,10705,7,,,1,143,,10685,7,,,1,100,,10693,7,,,1,100,,10692,7,,,1,25,,10701,7,,,1,76,,10706,7,,,1,29,,10703,7,,,1,24,,10697,7,,,1,75,,10696,7,,,1,26,,10695,7,,,1,79,,10698,7,,,1,75,,10694,7,,,1,27,,10704,7,,,1,65,,10702,7,,,1,28,,10700,7,,,1,26,,10699,7,,,1,79,,10688,7,,,1,69,,10684,7,,,1,36,,10686,7,,,1,74,,10681,7,,,1,96,,10690,7,,,1,95,,10682,7,,,1,96,,10683,7,,,1,100,,10689,7,,,1,59,,10687,7,,,1,143,,10691,7,,,1
7002,'SEM',532,,10714,7,,,1,96,,10734,7,,,1,26,,10735,7,,,1,73,,10713,7,,,1,76,,10716,7,,,1,27,,10718,7,,,1,70,,10733,7,,,1,30,,10711,7,,,1,70,,10740,7,,,1,30,,10719,7,,,1,27,,10741,7,,,1,73,,10736,7,,,1,26,,10738,7,,,1,74,,10737,7,,,1,29,,10712,7,,,1,70,,10739,7,,,1,24,,10732,7,,,1,76,,10717,7,,,1,71,,10720,7,,,1,30,,10715,7,,,1,70,,10709,7,,,1,33,,10710,7,,,1,68,,10723,7,,,1,33,,10724,7,,,1,66,,10728,7,,,1,33,,10727,7,,,1,91,,10725,7,,,1,83,,10729,7,,,1,94,,10721,7,,,1,112,,10726,7,,,1,106,,10722,7,,,1,99,,10731,7,,,1,105,,10730,7,,,1
7303,'DIM',649,,10755,7,,,1,99,,10752,7,,,1,100,,10753,7,,,1,98,,10756,7,,,1,100,,10759,7,,,1,100,,10754,7,,,1,100,,10757,7,,,1,101,,10751,7,,,1,99,,10758,7,,,1,102,,10760,7,,,1,99,,10745,7,,,1,100,,10742,7,,,1,101,,10748,7,,,1,99,,10744,7,,,1,100,,10743,7,,,1,100,,10746,7,,,1,100,,10747,7,,,1,102,,10750,7,,,1,105,,10749,7,,,1
7303,'SAM',556,,10775,7,,,1,93,,10772,7,,,1,99,,10771,7,,,1,100,,10776,7,,,1,98,,10778,7,,,1,101,,10774,7,,,1,99,,10764,7,,,1,100,,10777,7,,,1,101,,10773,7,,,1,99,,10779,7,,,1,102,,10780,7,,,1,101,,10763,7,,,1,99,,10761,7,,,1,99,,10762,7,,,1,100,,10766,7,,,1,100,,10765,7,,,1,100,,4040,7,,,1,100,,10767,7,,,1,102,,4041,7,,,1,105,,10768,7,,,1,100,,10770,7,,,1,100,,10769,7,,,1
7303,'SEM',542,,10817,7,,,1,66,,10814,7,,,1,38,,10813,7,,,1,10,,10818,7,,,1,78,,10807,7,,,1,16,,10783,7,,,1,83,,10815,7,,,1,12,,10782,7,,,1,70,,10800,7,,,1,31,,10816,7,,,1,69,,10784,7,,,1,31,,10789,7,,,1,69,,10799,7,,,1,31,,10790,7,,,1,69,,10819,7,,,1,30,,10785,7,,,1,70,,10788,7,,,1,30,,10794,7,,,1,70,,10781,7,,,1,30,,10791,7,,,1,75,,10820,7,,,1,24,,10801,7,,,1,15,,10793,7,,,1,61,,10786,7,,,1,16,,10787,7,,,1,23,,10797,7,,,1,57,,10795,7,,,1,30,,10808,7,,,1,55,,10796,7,,,1,16,,10792,7,,,1,33,,10802,7,,,1,70,,10805,7,,,1,32,,10798,7,,,1,100,,10810,7,,,1,100,,10803,7,,,1,100,,10809,7,,,1,100,,10804,7,,,1,81,,10806,7,,,1,95,,10811,7,,,1,121,,10812,7,,,1
7401,'DIM',719,,10911,7,,,2,99,,10912,7,,,2,101,,10915,7,,,2,97,,10914,7,,,2,101,,10916,7,,,2,100,,10913,7,,,2,100,,10910,7,,,2,99,,10909,7,,,2,102,,10917,7,,,2,99,,10903,7,,,2,102,,10904,7,,,2,99,,10906,7,,,2,100,,10907,7,,,2,99,,10908,7,,,2,101,,10902,7,,,2,99,,10901,7,,,2,101,,10905,7,,,2
7401,'SAM',719,,10926,7,,,2,99,,10928,7,,,2,101,,10927,7,,,2,98,,10930,7,,,2,100,,10932,7,,,2,100,,10934,7,,,2,101,,10929,7,,,2,98,,10933,7,,,2,101,,10931,7,,,2,100,,10918,7,,,2,101,,10921,7,,,2,101,,10923,7,,,2,100,,10922,7,,,2,98,,10924,7,,,2,101,,10919,7,,,2,99,,10925,7,,,2,101,,10920,7,,,2
7401,'SEM',621,,10950,7,,,2,95,,10935,7,,,2,100,,10949,7,,,2,103,,10939,7,,,2,101,,10940,7,,,2,101,,10953,7,,,2,99,,10938,7,,,2,101,,10952,7,,,2,100,,10951,7,,,2,93,,10937,7,,,2,93,,10941,7,,,2,101,,10936,7,,,2,30,,10943,7,,,2,85,,10948,7,,,2,100,,10942,7,,,2,101,,10945,7,,,2,100,,10946,7,,,2,100,,10944,7,,,2,100,,10954,7,,,2,95,,10947,7,,,2
33503,'DIM',2637,,11780,3,,,2
33503,'SAM',2637,,11781,3,,,2
33503,'SEM',2639,,11782,3,,,2
