5504,'SEM',641,,2811,66,,,2,61,,2815,36,,,2,9,,2798,66,,,2,11,,2799,66,,,2,93,,2814,66,,,2,30,,2809,66,,,2,95,,2808,66,,,2,97,,2800,66,,,2,99,,2810,66,,,2,94,,2807,66,,,2,103,,2801,66,,,2,105,,2812,66,,,2,103,,2813,66,,,2,98,,2802,66,,,2,97,,2803,66,,,2,100,,2805,66,,,2,102,,2804,66,,,2,92,,2806,66,,,2
14401,'DIM',614,,4383,38,,,2,25,,4386,38,,,2,99,,4384,38,,,2,95,,4387,38,,,2,101,,4394,38,,,2,71,,4398,38,,,2,28,,4397,38,,,2,72,,4400,38,,,2,36,,4392,38,,,2,67,,4399,38,,,2,33,,4385,38,,,2,75,,4390,38,,,2,29,,4393,38,,,2,75,,4388,38,,,2,35,,4389,38,,,2,68,,4375,38,,,2,34,,4391,38,,,2,81,,4395,38,,,2,62,,4376,38,,,2,39,,4377,38,,,2,96,,4396,38,,,2,81,,4379,38,,,2,97,,4381,38,,,2,100,,4380,38,,,2,98,,4382,38,,,2,100,,4378,38,,,2
14401,'SAM',614,,4416,38,,,2,25,,4421,38,,,2,99,,4419,38,,,2,95,,4422,38,,,2,101,,4426,38,,,2,71,,4427,38,,,2,28,,4428,38,,,2,72,,4401,38,,,2,35,,4409,38,,,2,68,,4405,38,,,2,33,,4417,38,,,2,75,,4425,38,,,2,29,,4423,38,,,2,75,,4420,38,,,2,35,,4418,38,,,2,68,,4404,38,,,2,34,,4424,38,,,2,81,,4406,38,,,2,62,,4407,38,,,2,38,,4408,38,,,2,100,,4412,38,,,2,78,,4413,38,,,2,97,,4402,38,,,2,100,,4403,38,,,2,98,,4415,38,,,2,100,,4410,38,,,2,100,,4414,38,,,2,101,,4411,38,,,2
14401,'SEM',550,,4450,38,,,2,80,,4454,38,,,2,12,,4457,38,,,2,58,,4432,38,,,2,19,,4451,38,,,2,19,,4455,38,,,2,13,,4453,38,,,2,61,,4433,38,,,2,20,,4456,38,,,2,19,,4458,38,,,2,75,,4438,38,,,2,25,,4431,38,,,2,75,,4436,38,,,2,28,,5277,38,,,2,67,,4439,38,,,2,30,,4452,38,,,2,66,,4449,38,,,2,34,,4429,38,,,2,75,,4437,38,,,2,25,,5276,38,,,2,73,,4441,38,,,2,26,,4443,38,,,2,71,,4435,38,,,2,101,,4434,38,,,2,107,,4444,38,,,2,97,,4445,38,,,2,102,,4440,38,,,2,88,,5274,38,,,2,100,,4442,38,,,2,99,,5275,38,,,2,101,,4447,38,,,2,100,,4446,38,,,2
15104,'DIM',629,,4674,52,,,2,98,,4694,52,,,2,25,,4687,52,,,2,66,,4691,52,,,2,32,,4675,52,,,2,74,,4686,52,,,2,29,,4695,52,,,2,73,,4688,52,,,2,32,,4692,52,,,2,73,,4697,52,,,2,71,,4696,52,,,2,31,,4699,52,,,2,73,,4693,52,,,2,34,,4690,52,,,2,72,,4698,52,,,2,32,,4669,52,,,2,74,,4689,52,,,2,33,,4677,52,,,2,72,,4700,52,,,2,31,,4701,52,,,2,75,,4670,52,,,2,71,,4682,52,,,2,31,,4684,52,,,2,69,,4672,52,,,2,30,,4679,52,,,2,70,,4680,52,,,2,30,,4683,52,,,2,27,,4671,52,,,2,69,,4673,52,,,2,31,,4676,52,,,2,97,,4678,52,,,2,98,,4681,52,,,2,73,,4685,52,,,2
15104,'SAM',629,,4718,52,,,2,98,,4726,52,,,2,25,,4721,52,,,2,66,,4723,52,,,2,32,,4719,52,,,2,74,,4720,52,,,2,30,,4727,52,,,2,72,,4722,52,,,2,32,,4724,52,,,2,73,,4730,52,,,2,71,,4729,52,,,2,31,,4731,52,,,2,73,,4725,52,,,2,34,,4717,52,,,2,72,,4711,52,,,2,32,,4732,52,,,2,74,,4728,52,,,2,33,,4702,52,,,2,72,,4734,52,,,2,31,,4706,52,,,2,75,,4733,52,,,2,71,,4709,52,,,2,31,,4703,52,,,2,69,,4704,52,,,2,30,,4715,52,,,2,70,,4708,52,,,2,30,,4710,52,,,2,27,,4714,52,,,2,69,,4705,52,,,2,31,,4716,52,,,2,97,,4707,52,,,2,98,,4713,52,,,2,73,,4712,52,,,2
15104,'SEM',503,,4770,52,,,2,30,,4752,52,,,2,21,,4768,52,,,2,65,,4771,52,,,2,21,,4773,52,,,2,11,,4777,52,,,2,55,,4781,39,,,2,12,,4736,52,,,2,12,,4783,39,,,2,13,,4753,52,,,2,11,,4769,52,,,2,54,,4780,39,,,2,13,,4744,52,,,2,10,,4772,52,,,2,15,,4782,39,,,2,56,,4778,52,,,2,19,,4743,52,,,2,21,,4766,52,,,2,60,,4774,52,,,2,21,,4739,52,,,2,20,,4764,52,,,2,60,,4776,52,,,2,20,,4779,52,,,2,21,,4737,52,,,2,60,,4767,52,,,2,20,,4745,52,,,2,20,,4747,52,,,2,61,,4775,52,,,2,21,,4741,52,,,2,25,,4749,52,,,2,56,,4750,52,,,2,24,,4740,52,,,2,20,,4755,52,,,2,61,,4735,52,,,2,20,,4742,52,,,2,23,,4756,52,,,2,60,,4738,52,,,2,23,,4751,52,,,2,21,,4754,52,,,2,71,,4757,52,,,2,25,,4746,52,,,2,78,,4758,52,,,2,84,,4748,52,,,2,103,,4763,52,,,2,104,,4759,52,,,2,94,,4761,52,,,2,100,,4760,52,,,2,94,,4762,52,,,2,118,,4765,52,,,2
25504,'DIM',640,,4907,66,,,2,100,,4910,66,,,2,103,,4912,66,,,2,100,,4911,66,,,2,102,,4913,66,,,2,100,,4908,66,,,2,100,,4914,66,,,2,102,,4909,66,,,2,100,,4915,66,,,2,102,,4901,66,,,2,100,,4916,66,,,2,100,,4902,66,,,2,100,,4917,66,,,2,99,,4905,66,,,2,98,,4918,66,,,2,96,,4906,66,,,2,98,,4904,66,,,2,98,,4903,66,,,2
25504,'SAM',640,,4928,66,,,2,100,,4933,66,,,2,103,,4923,66,,,2,100,,4934,66,,,2,102,,4924,66,,,2,100,,4929,66,,,2,100,,4931,66,,,2,102,,4930,66,,,2,100,,4932,66,,,2,102,,4919,66,,,2,100,,4935,66,,,2,100,,4920,66,,,2,100,,4936,66,,,2,99,,4926,66,,,2,98,,4921,66,,,2,96,,4927,66,,,2,98,,4922,66,,,2,98,,4925,66,,,2
25504,'SEM',515,,4937,66,,,2,33,,4940,66,,,2,1572,,4939,66,,,2,97,,5283,66,,,2,94,,4938,66,,,2,93,,5284,66,,,2
71304,'DIM',1035,,5043,18,,,2,70,,5044,18,,,2
71304,'SAM',552,,5034,18,,,2,66,,5045,18,,,2,26,,5046,18,,,2,65,,5295,18,,,2,25,,5035,18,,,2,71,,5037,18,,,2,31,,5039,18,,,2,70,,5041,18,,,2,30,,5036,18,,,2,69,,5038,18,,,2,130,,5042,18,,,2,70,,5033,18,,,2
71304,'SEM',605,,5047,18,,,2,29,,5052,18,,,2,77,,5056,18,,,2,27,,5049,18,,,2,68,,5053,18,,,2,30,,5048,18,,,2,100,,5057,18,,,2,95,,5059,18,,,2,100,,5050,18,,,2,100,,5054,18,,,2,100,,5051,18,,,2,100,,5055,18,,,2,100,,5296,18,,,2,89,,5061,18,,,2,104,,5063,18,,,2,99,,5066,18,,,2,100,,5064,18,,,2,99,,5067,18,,,2,100,,5062,18,,,2,100,,5060,18,,,2,100,,5065,18,,,2,109,,5068,18,,,2
