2201,'DIM',642,,328,36,,,2,101,,332,36,,,2,104,,331,36,,,2,99,,330,36,,,2,101,,327,36,,,2,99,,329,36,,,2,101,,334,36,,,2,102,,336,36,,,2,96,,333,36,,,2,105,,335,36,,,2,99,,321,36,,,2,100,,323,36,,,2,97,,322,36,,,2,102,,325,36,,,2,100,,324,36,,,2,100,,326,36,,,2
2201,'SAM',642,,345,36,,,2,101,,347,36,,,2,104,,344,36,,,2,99,,346,36,,,2,102,,349,36,,,2,99,,353,36,,,2,101,,352,36,,,2,101,,348,36,,,2,96,,350,36,,,2,102,,351,36,,,2,102,,338,36,,,2,101,,341,36,,,2,96,,339,36,,,2,102,,337,36,,,2,100,,343,36,,,2,100,,342,36,,,2,100,,340,36,,,2
2201,'SEM',637,,369,36,,,2,99,,357,36,,,2,95,,355,36,,,2,80,,354,36,,,2,34,,371,36,,,2,101,,356,36,,,2,100,,370,36,,,2,100,,372,36,,,2,100,,359,36,,,2,96,,360,36,,,2,105,,358,36,,,2,100,,364,36,,,2,100,,362,36,,,2,99,,361,36,,,2,98,,363,36,,,2,104,,367,36,,,2,100,,365,36,,,2,95,,366,36,,,2,98,,368,36,,,2
5801,'DIM',544,,2996,51,,,2,101,,2978,51,,,2,91,,2987,51,,,2,100,,2990,51,,,2,99,,2993,51,,,2,100,,2986,51,,,2,102,,2995,51,,,2,98,,2992,51,,,2,103,,2989,51,,,2,99,,2991,51,,,2,102,,2988,51,,,2,99,,2981,51,,,2,101,,2994,51,,,2,99,,2977,51,,,2,99,,2985,51,,,2,99,,2980,51,,,2,100,,2979,51,,,2,100,,2983,51,,,2,99,,2982,51,,,2,110,,2984,51,,,2
5801,'SAM',544,,3016,51,,,2,101,,3008,51,,,2,91,,3007,51,,,2,100,,3012,51,,,2,100,,3010,51,,,2,99,,3013,51,,,2,102,,3015,51,,,2,98,,2997,51,,,2,101,,3006,51,,,2,101,,3011,51,,,2,101,,3009,51,,,2,101,,3014,51,,,2,100,,3000,51,,,2,100,,3004,51,,,2,98,,2998,51,,,2,99,,3005,51,,,2,100,,3001,51,,,2,100,,3003,51,,,2,99,,2999,51,,,2,110,,3002,51,,,2
5801,'SEM',535,,3030,51,,,2,68,,3027,51,,,2,42,,3038,51,,,2,84,,3028,51,,,2,86,,3034,51,,,2,85,,3021,51,,,2,59,,3039,51,,,2,100,,3017,51,,,2,100,,3022,51,,,2,100,,3037,51,,,2,100,,3018,51,,,2,87,,3029,51,,,2,71,,3019,51,,,2,32,,3040,51,,,2,69,,3024,51,,,2,35,,5462,51,,,2,69,,3025,51,,,2,27,,3020,51,,,2,69,,3036,51,,,2,29,,3023,51,,,2,70,,5245,51,,,2,100,,5246,51,,,2,99,,3032,51,,,2,99,,3031,51,,,2,100,,3033,51,,,2,98,,3035,51,,,2
22201,'DIM',1414,,4832,36,,,2,815,,4830,36,,,2,83,,4831,36,,,2
22201,'SAM',1414,,4837,36,,,2,815,,4833,36,,,2,83,,4834,36,,,2,100,,4836,36,,,2,112,,4835,36,,,2
22201,'SEM',716,,4838,36,,,2,10,,4839,36,,,2,684,,4840,36,,,2,100,,4841,36,,,2,106,,4845,36,,,2,100,,4843,36,,,2,90,,4842,36,,,2,625,,4844,36,,,2
32201,'DIM',522,,4950,37,,,2,802,,4952,36,,,2,802,,4951,36,,,2
32201,'SAM',522,,4953,37,,,2,802,,4954,36,,,2
32201,'SEM',524,,4955,37,,,2,19,,4956,37,,,2,67,,4957,37,,,2,715,,4958,36,,,2,800,,4959,36,,,2
