2402,'DIM',707,,7396,2,,,1,103,,7398,2,,,1,99,,7387,2,,,1,98,,7397,2,,,1,34,,7402,2,,,1,68,,7404,2,,,1,31,,7382,2,,,1,72,,7403,2,,,1,30,,7395,2,,,1,70,,7381,2,,,1,30,,7401,2,,,1,74,,7399,2,,,1,26,,7384,2,,,1,65,,7405,2,,,1,35,,7400,2,,,1,69,,7385,2,,,1,31,,7388,2,,,1,71,,7383,2,,,1,29,,7406,2,,,1,70,,7389,2,,,1,100,,7380,2,,,1,100,,7393,2,,,1,100,,7390,2,,,1,100,,7386,2,,,1,94,,7394,2,,,1,100,,7392,2,,,1,105,,7391,2,,,1
2402,'SAM',611,,7431,2,,,1,96,,7421,2,,,1,103,,7424,2,,,1,99,,7423,2,,,1,98,,7430,2,,,1,34,,7426,2,,,1,68,,7433,2,,,1,31,,7419,2,,,1,72,,7429,2,,,1,29,,7422,2,,,1,71,,7432,2,,,1,30,,7407,2,,,1,74,,7425,2,,,1,26,,7427,2,,,1,65,,7420,2,,,1,35,,7409,2,,,1,76,,7434,2,,,1,24,,7408,2,,,1,71,,7411,2,,,1,29,,7428,2,,,1,70,,7415,2,,,1,100,,7417,2,,,1,100,,7412,2,,,1,100,,7410,2,,,1,100,,7416,2,,,1,94,,7414,2,,,1,100,,7418,2,,,1,105,,7413,2,,,1
2402,'SEM',536,,7462,2,,,1,81,,7455,2,,,1,39,,7438,2,,,1,60,,7470,2,,,1,26,,7464,2,,,1,64,,7466,2,,,1,31,,7471,2,,,1,70,,7435,2,,,1,30,,7467,2,,,1,70,,7469,2,,,1,30,,7461,2,,,1,70,,7437,2,,,1,30,,7465,2,,,1,70,,7436,2,,,1,30,,7463,2,,,1,70,,7468,2,,,1,30,,7445,2,,,1,71,,7440,2,,,1,29,,7439,2,,,1,70,,7441,2,,,1,30,,7450,2,,,1,75,,7442,2,,,1,11,,7447,2,,,1,19,,7448,2,,,1,60,,7454,2,,,1,24,,7444,2,,,1,16,,7443,2,,,1,60,,7453,2,,,1,20,,7449,2,,,1,25,,7446,2,,,1,84,,7458,2,,,1,100,,7460,2,,,1,100,,7451,2,,,1,100,,7452,2,,,1,105,,7456,2,,,1,104,,7457,2,,,1,89,,7459,2,,,1
3303,'DIM',641,,8014,2,,,1,170,,8018,2,,,1,130,,8016,2,,,1,172,,8013,2,,,1,128,,8015,2,,,1,170,,8010,2,,,1,130,,8017,2,,,1,173,,8019,2,,,1,127,,8020,2,,,1,170,,8012,2,,,1,130,,8011,2,,,1
3303,'SAM',641,,8024,2,,,1,170,,8025,2,,,1,130,,8027,2,,,1,172,,8028,2,,,1,128,,8029,2,,,1,170,,8026,2,,,1,130,,8031,2,,,1,176,,8030,2,,,1,124,,8022,2,,,1,170,,8023,2,,,1,130,,8021,2,,,1
3303,'SEM',607,,8043,2,,,1,97,,8044,2,,,1,34,,8033,2,,,1,66,,8051,2,,,1,100,,8050,2,,,1,100,,8045,2,,,1,100,,8048,2,,,1,54,,8036,2,,,1,146,,8047,2,,,1,100,,8032,2,,,1,47,,8049,2,,,1,73,,8052,2,,,1,26,,8046,2,,,1,99,,8034,2,,,1,68,,8035,2,,,1,34,,8041,2,,,1,81,,8037,2,,,1,71,,8039,2,,,1,103,,8038,2,,,1,105,,8042,2,,,1,105,,8040,2,,,1
3703,'DIM',623,,8121,2,,,2,35,,8122,2,,,2,100,,8120,2,,,2,100,,8119,2,,,2,100,,8127,2,,,2,100,,8126,2,,,2,100,,8116,2,,,2,100,,8117,2,,,2,145,,8128,2,,,2,56,,8124,2,,,2,99,,8125,2,,,2,100,,8123,2,,,2,90,,8118,2,,,2
3703,'SAM',623,,1290,2,,,2,35,,8134,2,,,2,100,,8131,2,,,2,100,,8135,2,,,2,100,,8138,2,,,2,100,,8136,2,,,2,100,,8139,2,,,2,101,,8132,2,,,2,99,,8130,2,,,2,142,,8133,2,,,2,59,,8129,2,,,2,99,,8137,2,,,2,90,,8140,2,,,2
3703,'SEM',543,,8157,2,,,2,15,,8145,2,,,2,55,,1324,2,,,2,15,,8156,2,,,2,14,,8161,2,,,2,16,,8165,2,,,2,60,,8142,2,,,2,36,,8146,2,,,2,78,,8160,2,,,2,69,,8166,2,,,2,100,,8144,2,,,2,100,,8163,2,,,2,100,,8147,2,,,2,100,,8158,2,,,2,100,,8164,2,,,2,42,,8162,2,,,2,60,,8143,2,,,2,26,,8159,2,,,2,72,,8141,2,,,2,33,,8167,2,,,2,102,,8148,2,,,2,99,,8154,2,,,2,103,,8149,2,,,2,100,,8153,2,,,2,100,,8155,2,,,2,100,,8150,2,,,2,97,,8152,2,,,2,102,,8151,2,,,2
6303,'DIM',731,,10176,2,,,1,100,,10178,2,,,1,101,,10169,2,,,1,96,,10177,2,,,1,103,,10181,2,,,1,95,,10179,2,,,1,103,,10182,2,,,1,103,,10180,2,,,1,101,,10183,2,,,1,100,,10184,2,,,1,101,,10170,2,,,1,98,,10166,2,,,1,99,,10167,2,,,1,100,,10172,2,,,1,100,,10168,2,,,1,100,,10173,2,,,1,100,,10171,2,,,1,100,,10174,2,,,1,100,,10175,2,,,1
6303,'SAM',631,,10198,2,,,1,100,,10202,2,,,1,100,,10199,2,,,1,101,,10197,2,,,1,96,,10201,2,,,1,103,,10200,2,,,1,95,,10204,2,,,1,103,,10203,2,,,1,103,,10185,2,,,1,103,,10186,2,,,1,98,,10187,2,,,1,101,,10189,2,,,1,98,,10188,2,,,1,99,,10193,2,,,1,100,,10190,2,,,1,100,,10191,2,,,1,100,,10194,2,,,1,100,,10192,2,,,1,100,,10195,2,,,1,100,,10196,2,,,1
6303,'SEM',550,,10220,2,,,1,60,,10230,2,,,1,15,,10231,2,,,1,76,,10237,2,,,1,14,,10235,2,,,1,34,,10209,2,,,1,63,,10211,2,,,1,34,,10212,2,,,1,73,,10205,2,,,1,25,,10208,2,,,1,73,,10234,2,,,1,27,,10222,2,,,1,70,,10238,2,,,1,26,,10232,2,,,1,78,,10206,2,,,1,27,,10207,2,,,1,70,,10236,2,,,1,30,,10233,2,,,1,72,,10239,2,,,1,32,,10214,2,,,1,65,,10213,2,,,1,34,,10218,2,,,1,59,,10216,2,,,1,25,,10210,2,,,1,73,,10219,2,,,1,40,,10217,2,,,1,100,,10215,2,,,1,81,,10223,2,,,1,94,,10226,2,,,1,95,,10221,2,,,1,88,,10224,2,,,1,106,,10225,2,,,1,100,,10229,2,,,1,106,,10227,2,,,1,94,,10228,2,,,1
