4503,'DIM',640,,8950,7,,,1,100,,8960,7,,,1,101,,8958,7,,,1,98,,8964,7,,,1,101,,8959,7,,,1,98,,8962,7,,,1,105,,8952,7,,,1,100,,8956,7,,,1,98,,8949,7,,,1,102,,8947,7,,,1,92,,8961,7,,,1,102,,8963,7,,,1,104,,8948,7,,,1,102,,8957,7,,,1,102,,8951,7,,,1,99,,8954,7,,,1,99,,8955,7,,,1,101,,8953,7,,,1
4503,'SAM',640,,8978,7,,,1,100,,8974,7,,,1,101,,8977,7,,,1,98,,8976,7,,,1,101,,8966,7,,,1,97,,8975,7,,,1,106,,8979,7,,,1,99,,8970,7,,,1,101,,8981,7,,,1,101,,8980,7,,,1,91,,8982,7,,,1,105,,8965,7,,,1,101,,8972,7,,,1,102,,8967,7,,,1,102,,8971,7,,,1,99,,8969,7,,,1,99,,8973,7,,,1,101,,8968,7,,,1
4503,'SEM',627,,8988,7,,,1,18,,8986,7,,,1,74,,8983,7,,,1,26,,9003,7,,,1,67,,8987,7,,,1,39,,8985,7,,,1,65,,9004,7,,,1,110,,9002,7,,,1,100,,8991,7,,,1,95,,8989,7,,,1,100,,9005,7,,,1,101,,8984,7,,,1,105,,9006,7,,,1,26,,8993,7,,,1,88,,8996,7,,,1,59,,8990,7,,,1,18,,8997,7,,,1,32,,8999,7,,,1,80,,8995,7,,,1,100,,8994,7,,,1,100,,8998,7,,,1,100,,9001,7,,,1,100,,8992,7,,,1,95,,9000,7,,,1
5001,'DIM',530,,9340,17,,,1,100,,9348,17,,,1,100,,9336,17,,,1,98,,9353,17,,,1,101,,9345,17,,,1,73,,9355,17,,,1,37,,9347,17,,,1,63,,9360,17,,,1,38,,9358,17,,,1,62,,9359,17,,,1,35,,9361,17,,,1,69,,9346,17,,,1,32,,9349,17,,,1,76,,9362,17,,,1,29,,9351,17,,,1,73,,9350,17,,,1,30,,9356,17,,,1,63,,9354,17,,,1,34,,9352,17,,,1,81,,9357,17,,,1,18,,9338,17,,,1,100,,9341,17,,,1,99,,9344,17,,,1,100,,9337,17,,,1,99,,9342,17,,,1,98,,9339,17,,,1,100,,9343,17,,,1
5001,'SAM',530,,9370,17,,,1,100,,9373,17,,,1,100,,9364,17,,,1,98,,9385,17,,,1,101,,9383,17,,,1,79,,9388,17,,,1,30,,9381,17,,,1,64,,9365,17,,,1,38,,9389,17,,,1,62,,9387,17,,,1,35,,9366,17,,,1,69,,9377,17,,,1,32,,9379,17,,,1,76,,9382,17,,,1,29,,9378,17,,,1,73,,9380,17,,,1,30,,9368,17,,,1,63,,9369,17,,,1,34,,9363,17,,,1,79,,9384,17,,,1,21,,9386,17,,,1,99,,9374,17,,,1,99,,9376,17,,,1,100,,9375,17,,,1,99,,9371,17,,,1,98,,9367,17,,,1,100,,9372,17,,,1
5001,'SEM',520,,9411,17,,,1,106,,9416,17,,,1,75,,9412,17,,,1,23,,9391,17,,,1,76,,9390,17,,,1,24,,9393,17,,,1,31,,9419,17,,,1,67,,9420,17,,,1,33,,9415,17,,,1,67,,9392,17,,,1,33,,9396,17,,,1,68,,9414,17,,,1,32,,9402,17,,,1,72,,9417,17,,,1,30,,9397,17,,,1,72,,9413,17,,,1,28,,9418,17,,,1,70,,9395,17,,,1,83,,9394,17,,,1,26,,9405,17,,,1,76,,9398,17,,,1,30,,9399,17,,,1,69,,9404,17,,,1,28,,9400,17,,,1,75,,9403,17,,,1,29,,9406,17,,,1,75,,9407,17,,,1,104,,11984,17,,,1,104,,9401,17,,,1,104,,9409,17,,,1,105,,9408,17,,,1,106,,9410,17,,,1,89,,11985,7,,,1
6001,'DIM',807,,9939,41,,,1,103,,9947,41,,,1,102,,9945,41,,,1,104,,9946,41,,,1,101,,9948,41,,,1,102,,9951,41,,,1,102,,9949,41,,,1,100,,9952,41,,,1,100,,9950,41,,,1,102,,9953,41,,,1,92,,9954,41,,,1,99,,9941,41,,,1,98,,9943,41,,,1,97,,9942,41,,,1,99,,9944,41,,,1,99,,9938,41,,,1,100,,9940,41,,,1
6001,'SAM',704,,9961,41,,,1,103,,9966,41,,,1,103,,9957,41,,,1,102,,9969,41,,,1,103,,9971,41,,,1,102,,9967,41,,,1,102,,9970,41,,,1,102,,9968,41,,,1,100,,9956,41,,,1,100,,9972,41,,,1,102,,9955,41,,,1,92,,9959,41,,,1,100,,9964,41,,,1,97,,9960,41,,,1,97,,9962,41,,,1,99,,9965,41,,,1,99,,9958,41,,,1,100,,9963,41,,,1
6001,'SEM',549,,9987,41,,,1,101,,9973,41,,,1,87,,9991,41,,,1,77,,9985,41,,,1,37,,9989,41,,,1,101,,9975,41,,,1,101,,9992,41,,,1,101,,9990,41,,,1,104,,9976,41,,,1,100,,9974,41,,,1,101,,9986,41,,,1,142,,9988,41,,,1,99,,9977,41,,,1,102,,9981,41,,,1,56,,9979,41,,,1,90,,9984,41,,,1,98,,9982,41,,,1,98,,9978,41,,,1,99,,9980,41,,,1,94,,9983,41,,,1
34503,'SEM',445,,11786,26,,,1,101,,11787,26,,,1
