1703,'DIM',616,,6972,9,,,1,89,,6965,9,,,1,99,,100,9,,,1,101,,6967,9,,,1,97,,6968,9,,,1,101,,6964,9,,,1,100,,6970,9,,,1,99,,6966,9,,,1,102,,6969,9,,,1,100,,6971,9,,,1,102,,6954,9,,,1,98,,6958,9,,,1,99,,6957,9,,,1,101,,6956,9,,,1,99,,6959,9,,,1,99,,6962,9,,,1,101,,6955,9,,,1,100,,6960,9,,,1,102,,6961,9,,,1,120,,6963,9,,,1
1703,'SAM',539,,6984,9,,,1,77,,6990,9,,,1,89,,121,9,,,1,99,,6981,9,,,1,101,,6983,9,,,1,97,,6985,9,,,1,100,,6989,9,,,1,101,,6987,9,,,1,100,,6982,9,,,1,101,,6988,9,,,1,100,,6986,9,,,1,102,,6991,9,,,1,99,,6992,9,,,1,99,,6973,9,,,1,100,,6978,9,,,1,99,,6975,9,,,1,99,,6974,9,,,1,101,,6976,9,,,1,100,,6979,9,,,1,102,,6980,9,,,1,120,,6977,9,,,1
1703,'SEM',558,,7010,9,,,1,142,,7012,9,,,1,105,,7011,9,,,1,96,,6996,9,,,1,100,,7009,9,,,1,100,,7008,9,,,1,100,,7014,9,,,1,101,,6997,9,,,1,100,,6994,9,,,1,98,,7013,9,,,1,35,,7016,9,,,1,20,,7015,9,,,1,76,,6993,9,,,1,23,,7004,9,,,1,78,,6995,9,,,1,80,,6998,9,,,1,30,,7001,9,,,1,68,,7006,9,,,1,99,,7007,9,,,1,100,,6999,9,,,1,100,,7000,9,,,1,100,,7002,9,,,1,100,,7003,9,,,1,104,,7005,9,,,1
2703,'DIM',859,,7780,9,,,2,100,,7783,9,,,2,98,,7785,9,,,2,102,,7779,9,,,2,95,,7787,9,,,2,146,,7782,9,,,2,101,,7784,9,,,2,100,,7781,9,,,2,100,,7786,9,,,2,100,,7773,9,,,2,100,,7775,9,,,2,58,,7774,9,,,2,100,,7778,9,,,2,100,,7772,9,,,2,142,,7771,9,,,2,100,,7776,9,,,2,100,,7777,9,,,2
2703,'SAM',659,,7797,9,,,2,100,,7798,9,,,2,100,,7796,9,,,2,100,,7806,9,,,2,100,,7800,9,,,2,100,,7803,9,,,2,94,,7799,9,,,2,147,,7801,9,,,2,102,,7802,9,,,2,99,,7795,9,,,2,54,,7804,9,,,2,146,,7805,9,,,2,100,,7790,9,,,2,58,,7793,9,,,2,100,,7788,9,,,2,100,,7789,9,,,2,142,,7791,9,,,2,100,,7792,9,,,2,100,,7794,9,,,2
2703,'SEM',805,,7823,9,,,2,50,,7809,9,,,2,100,,7815,9,,,2,100,,7808,9,,,2,99,,7825,9,,,2,91,,7822,9,,,2,103,,7826,9,,,2,100,,7812,9,,,2,81,,7810,9,,,2,82,,7824,9,,,2,15,,7807,9,,,2,30,,7814,9,,,2,79,,7811,9,,,2,65,,7821,9,,,2,56,,7818,9,,,2,87,,7820,9,,,2,103,,7817,9,,,2,102,,7813,9,,,2,99,,7816,9,,,2,100,,7827,9,,,2,100,,7819,9,,,2
3103,'DIM',635,,7902,11,,,1,99,,7901,11,,,1,99,,1058,11,,,1,99,,7906,11,,,1,99,,7905,11,,,1,100,,7903,11,,,1,102,,7892,11,,,1,101,,7904,11,,,1,99,,7891,11,,,1,102,,7890,11,,,1,99,,7895,11,,,1,98,,7897,11,,,1,103,,7896,11,,,1,97,,7898,11,,,1,101,,7894,11,,,1,100,,7893,11,,,1,100,,7899,11,,,1,101,,7900,11,,,1
3103,'SAM',635,,7919,11,,,1,99,,7918,11,,,1,99,,1075,11,,,1,99,,7923,11,,,1,99,,7924,11,,,1,100,,7920,11,,,1,100,,7916,11,,,1,102,,7921,11,,,1,100,,7917,11,,,1,102,,7922,11,,,1,100,,7911,11,,,1,98,,7913,11,,,1,100,,7909,11,,,1,100,,7914,11,,,1,100,,7907,11,,,1,100,,7908,11,,,1,100,,7910,11,,,1,102,,7912,11,,,1,95,,7915,11,,,1
3103,'SEM',630,,7946,11,,,1,99,,7944,11,,,1,100,,7945,11,,,1,100,,7925,11,,,1,101,,7926,11,,,1,100,,7928,11,,,1,100,,7947,11,,,1,100,,7927,11,,,1,101,,7932,11,,,1,98,,7933,11,,,1,11,,7934,11,,,1,76,,7929,11,,,1,30,,7938,11,,,1,80,,7935,11,,,1,30,,7931,11,,,1,76,,7943,11,,,1,69,,7930,11,,,1,36,,7942,11,,,1,100,,7936,11,,,1,101,,7939,11,,,1,100,,7940,11,,,1,98,,7937,11,,,1,114,,7941,11,,,1
4303,'DIM',635,,8818,9,,,1,100,,8820,9,,,1,100,,8824,9,,,1,100,,8822,9,,,1,106,,8823,9,,,1,101,,8821,9,,,1,100,,8827,9,,,1,100,,8825,9,,,1,103,,8826,9,,,1,97,,8808,9,,,1,99,,8809,9,,,1,104,,8811,9,,,1,91,,8814,9,,,1,99,,8813,9,,,1,100,,8810,9,,,1,100,,8812,9,,,1,100,,8819,9,,,1,100,,8815,9,,,1,100,,8817,9,,,1,100,,8816,9,,,1
4303,'SAM',635,,8839,9,,,1,100,,8829,9,,,1,100,,8844,9,,,1,100,,8830,9,,,1,106,,8831,9,,,1,101,,8842,9,,,1,100,,8840,9,,,1,100,,8845,9,,,1,102,,8841,9,,,1,101,,8843,9,,,1,98,,8828,9,,,1,98,,8846,9,,,1,95,,8835,9,,,1,99,,8832,9,,,1,100,,2041,9,,,1,100,,8833,9,,,1,100,,8834,9,,,1,100,,8838,9,,,1,100,,8836,9,,,1,100,,8837,9,,,1
4303,'SEM',635,,8866,9,,,1,100,,8867,9,,,1,81,,8850,9,,,1,104,,8868,9,,,1,31,,8849,9,,,1,69,,8864,9,,,1,30,,8856,9,,,1,71,,8852,9,,,1,30,,8870,9,,,1,70,,8869,9,,,1,30,,8865,9,,,1,72,,8853,9,,,1,28,,8854,9,,,1,70,,8858,9,,,1,30,,8871,9,,,1,70,,8848,9,,,1,25,,8855,9,,,1,70,,8851,9,,,1,19,,8872,9,,,1,76,,8857,9,,,1,31,,8847,9,,,1,71,,8861,9,,,1,101,,8862,9,,,1,101,,8863,9,,,1,101,,8873,9,,,1,101,,8874,9,,,1,110,,8859,9,,,1,106,,8860,9,,,1
6002,'DIM',656,,9994,9,,,1,100,,10003,9,,,1,99,,10001,9,,,1,100,,10002,9,,,1,100,,10004,9,,,1,100,,10007,9,,,1,100,,10005,9,,,1,100,,10008,9,,,1,100,,10006,9,,,1,99,,10009,9,,,1,99,,10010,9,,,1,101,,9996,9,,,1,101,,9998,9,,,1,101,,9997,9,,,1,101,,9999,9,,,1,100,,9993,9,,,1,100,,9995,9,,,1,99,,10000,9,,,1
6002,'SAM',656,,10022,9,,,1,100,,10013,9,,,1,99,,10025,9,,,1,100,,10027,9,,,1,100,,10023,9,,,1,100,,10026,9,,,1,100,,10024,9,,,1,100,,10012,9,,,1,100,,10028,9,,,1,99,,10011,9,,,1,99,,10015,9,,,1,103,,10020,9,,,1,99,,10016,9,,,1,101,,10017,9,,,1,101,,10021,9,,,1,100,,10014,9,,,1,100,,10018,9,,,1,99,,10019,9,,,1
6002,'SEM',627,,10045,9,,,1,100,,10043,9,,,1,100,,10030,9,,,1,99,,10046,9,,,1,100,,10044,9,,,1,101,,10035,9,,,1,100,,10029,9,,,1,99,,10031,9,,,1,101,,10042,9,,,1,98,,10032,9,,,1,101,,10037,9,,,1,107,,10034,9,,,1,94,,10040,9,,,1,101,,10038,9,,,1,99,,10033,9,,,1,100,,10036,9,,,1,99,,10039,9,,,1,90,,10041,9,,,1,100,,10047,9,,,1
7303,'DIM',650,,10755,9,,,1,99,,10752,9,,,1,100,,10753,9,,,1,98,,10756,9,,,1,100,,10759,9,,,1,100,,10754,9,,,1,100,,10757,9,,,1,102,,10751,9,,,1,99,,10758,9,,,1,102,,10760,9,,,1,99,,10745,9,,,1,99,,10742,9,,,1,101,,10748,9,,,1,99,,10744,9,,,1,100,,10743,9,,,1,100,,10746,9,,,1,100,,10747,9,,,1,102,,10750,9,,,1,105,,10749,9,,,1
7303,'SAM',557,,10775,9,,,1,93,,10772,9,,,1,99,,10771,9,,,1,100,,10776,9,,,1,98,,10778,9,,,1,101,,10774,9,,,1,99,,10764,9,,,1,100,,10777,9,,,1,102,,10773,9,,,1,99,,10779,9,,,1,102,,10780,9,,,1,101,,10763,9,,,1,98,,10761,9,,,1,99,,10762,9,,,1,100,,10766,9,,,1,100,,10765,9,,,1,100,,4040,9,,,1,100,,10767,9,,,1,102,,4041,9,,,1,105,,10768,9,,,1,100,,10770,9,,,1,100,,10769,9,,,1
7303,'SEM',543,,10817,9,,,1,66,,10814,9,,,1,38,,10813,9,,,1,10,,10818,9,,,1,79,,10807,9,,,1,16,,10783,9,,,1,83,,10815,9,,,1,12,,10782,9,,,1,70,,10800,9,,,1,31,,10816,9,,,1,69,,10784,9,,,1,31,,10789,9,,,1,69,,10799,9,,,1,31,,10790,9,,,1,69,,10819,9,,,1,30,,10785,9,,,1,70,,10788,9,,,1,30,,10794,9,,,1,70,,10781,9,,,1,30,,10791,9,,,1,75,,10820,9,,,1,24,,10801,9,,,1,55,,10793,9,,,1,21,,10786,9,,,1,16,,10787,9,,,1,63,,10797,9,,,1,17,,10795,9,,,1,30,,10808,9,,,1,55,,10796,9,,,1,16,,10792,9,,,1,33,,10802,9,,,1,70,,10805,9,,,1,32,,10798,9,,,1,99,,10810,9,,,1,100,,10803,9,,,1,100,,10809,9,,,1,100,,10804,9,,,1,81,,10806,9,,,1,95,,10811,9,,,1,121,,10812,9,,,1
7401,'DIM',720,,10911,9,,,2,99,,10912,9,,,2,101,,10915,9,,,2,97,,10914,9,,,2,101,,10916,9,,,2,100,,10913,9,,,2,101,,10910,9,,,2,99,,10909,9,,,2,102,,10917,9,,,2,99,,10903,9,,,2,102,,10904,9,,,2,99,,10906,9,,,2,99,,10907,9,,,2,99,,10908,9,,,2,101,,10902,9,,,2,99,,10901,9,,,2,101,,10905,9,,,2
7401,'SAM',720,,10926,9,,,2,99,,10928,9,,,2,101,,10927,9,,,2,98,,10930,9,,,2,100,,10932,9,,,2,100,,10934,9,,,2,102,,10929,9,,,2,98,,10933,9,,,2,101,,10931,9,,,2,100,,10918,9,,,2,101,,10921,9,,,2,101,,10923,9,,,2,99,,10922,9,,,2,98,,10924,9,,,2,101,,10919,9,,,2,99,,10925,9,,,2,101,,10920,9,,,2
7401,'SEM',622,,10950,9,,,2,95,,10935,9,,,2,101,,10949,9,,,2,103,,10939,9,,,2,101,,10940,9,,,2,101,,10953,9,,,2,99,,10938,9,,,2,101,,10952,9,,,2,100,,10951,9,,,2,93,,10937,9,,,2,93,,10941,9,,,2,101,,10936,9,,,2,30,,10943,9,,,2,85,,10948,9,,,2,99,,10942,9,,,2,101,,10945,9,,,2,100,,10946,9,,,2,100,,10944,9,,,2,100,,10954,9,,,2,95,,10947,9,,,2
