1703,'DIM',635,,102,49,,,1,89,,94,49,,,1,101,,97,49,,,1,102,,96,49,,,1,97,,98,49,,,1,103,,93,49,,,1,100,,100,49,,,1,99,,95,49,,,1,102,,99,49,,,1,100,,101,49,,,1,102,,83,49,,,1,98,,87,49,,,1,98,,86,49,,,1,101,,85,49,,,1,98,,88,49,,,1,99,,91,49,,,1,100,,84,49,,,1,100,,89,49,,,1,102,,90,49,,,1,116,,92,49,,,1
1703,'SAM',557,,114,49,,,1,78,,121,49,,,1,89,,115,49,,,1,101,,111,49,,,1,102,,113,49,,,1,97,,116,49,,,1,102,,120,49,,,1,101,,118,49,,,1,100,,112,49,,,1,101,,119,49,,,1,100,,117,49,,,1,102,,122,49,,,1,99,,123,49,,,1,98,,103,49,,,1,100,,108,49,,,1,98,,105,49,,,1,99,,104,49,,,1,100,,106,49,,,1,100,,109,49,,,1,102,,110,49,,,1,116,,107,49,,,1
1703,'SEM',618,,140,49,,,1,104,,142,49,,,1,106,,141,49,,,1,96,,127,49,,,1,101,,139,49,,,1,101,,138,49,,,1,100,,144,49,,,1,101,,128,49,,,1,100,,125,49,,,1,99,,143,49,,,1,75,,146,49,,,1,20,,145,49,,,1,36,,124,49,,,1,63,,135,49,,,1,37,,126,49,,,1,79,,129,49,,,1,70,,132,49,,,1,27,,137,49,,,1,99,,5221,49,,,1,100,,130,49,,,1,100,,131,49,,,1,99,,133,49,,,1,99,,134,49,,,1,102,,136,49,,,1
3903,'DIM',858,,1395,62,,,1,100,,1387,72,,,1,70,,1392,72,,,1,31,,1393,72,,,1,70,,1390,72,,,1,74,,1391,72,,,1,26,,1394,72,,,1,30,,1384,72,,,1,71,,1388,72,,,1,70,,1385,72,,,1,31,,1371,72,,,1,70,,1374,72,,,1,32,,1377,72,,,1,70,,1389,72,,,1,31,,1378,72,,,1,70,,1379,72,,,1,25,,1380,72,,,1,18,,1386,72,,,1,10,,1381,72,,,1,64,,1375,72,,,1,25,,1382,72,,,1,98,,1372,72,,,1,100,,1383,72,,,1,98,,1373,72,,,1,104,,1376,72,,,1
3903,'SAM',858,,1420,62,,,1,100,,1415,72,,,1,70,,1419,72,,,1,31,,1396,72,,,1,70,,1410,72,,,1,74,,1413,72,,,1,26,,1412,72,,,1,71,,1397,72,,,1,30,,1411,72,,,1,70,,1414,72,,,1,31,,1398,72,,,1,70,,1417,72,,,1,32,,1401,72,,,1,70,,1402,72,,,1,31,,1404,72,,,1,70,,1418,72,,,1,25,,1405,72,,,1,18,,1416,72,,,1,11,,1403,72,,,1,63,,1400,72,,,1,29,,1399,72,,,1,96,,1407,72,,,1,98,,1406,72,,,1,98,,1409,72,,,1,104,,1408,72,,,1
3903,'SEM',751,,1443,72,,,1,101,,1425,72,,,1,104,,1423,72,,,1,72,,1427,72,,,1,29,,5305,72,,,1,71,,1445,72,,,1,29,,1438,72,,,1,71,,5306,72,,,1,28,,1446,72,,,1,78,,1422,72,,,1,73,,1429,72,,,1,27,,1431,72,,,1,72,,1432,72,,,1,35,,1421,72,,,1,78,,1439,72,,,1,23,,1433,72,,,1,68,,1424,72,,,1,25,,1426,72,,,1,73,,1434,72,,,1,39,,1435,72,,,1,79,,1428,72,,,1,98,,1430,72,,,1,95,,1436,72,,,1,103,,1440,72,,,1,95,,1437,72,,,1,86,,1441,72,,,1
4503,'DIM',702,,2107,50,,,1,100,,2117,50,,,1,101,,2115,50,,,1,99,,2121,50,,,1,101,,2116,50,,,1,98,,2119,50,,,1,105,,2109,50,,,1,101,,2113,50,,,1,98,,2106,50,,,1,102,,2104,50,,,1,52,,2118,50,,,1,142,,2120,50,,,1,103,,2105,50,,,1,102,,2114,50,,,1,101,,2108,50,,,1,99,,2111,50,,,1,99,,2112,50,,,1,101,,2110,50,,,1
4503,'SAM',702,,2135,50,,,1,100,,2131,50,,,1,101,,2134,50,,,1,99,,2133,50,,,1,101,,2123,50,,,1,97,,2132,50,,,1,106,,2136,50,,,1,100,,2127,50,,,1,101,,2138,50,,,1,101,,2137,50,,,1,51,,2139,50,,,1,145,,2122,50,,,1,100,,2129,50,,,1,102,,2124,50,,,1,101,,2128,50,,,1,99,,2126,50,,,1,99,,2130,50,,,1,101,,2125,50,,,1
4503,'SEM',653,,2145,50,,,1,58,,2143,50,,,1,35,,2140,50,,,1,68,,2160,50,,,1,25,,2144,50,,,1,79,,5313,50,,,1,25,,2161,50,,,1,110,,2159,50,,,1,100,,2148,50,,,1,95,,2146,50,,,1,100,,2162,50,,,1,103,,2141,50,,,1,106,,2163,50,,,1,68,,2150,50,,,1,87,,2153,50,,,1,18,,2147,50,,,1,17,,2154,50,,,1,71,,2156,50,,,1,39,,2152,50,,,1,98,,2151,50,,,1,100,,2155,50,,,1,100,,2158,50,,,1,99,,2149,50,,,1,95,,2157,50,,,1
7401,'DIM',742,,4082,51,,,2,100,,4083,51,,,2,102,,4086,51,,,2,98,,4085,51,,,2,101,,4087,51,,,2,100,,4084,51,,,2,101,,4081,51,,,2,99,,4080,51,,,2,102,,4088,51,,,2,98,,4074,51,,,2,102,,4075,51,,,2,99,,4077,51,,,2,98,,4078,51,,,2,99,,4079,51,,,2,101,,4073,51,,,2,99,,4072,51,,,2,100,,4076,51,,,2
7401,'SAM',742,,4097,51,,,2,100,,4099,51,,,2,102,,4098,51,,,2,99,,4101,51,,,2,100,,4103,51,,,2,100,,4105,51,,,2,102,,4100,51,,,2,98,,4104,51,,,2,101,,4102,51,,,2,99,,4089,51,,,2,101,,4092,51,,,2,101,,4094,51,,,2,98,,4093,51,,,2,98,,4095,51,,,2,101,,4090,51,,,2,99,,4096,51,,,2,100,,4091,51,,,2
7401,'SEM',645,,4121,51,,,2,96,,4106,51,,,2,101,,4120,51,,,2,103,,4110,51,,,2,101,,4111,51,,,2,101,,4124,51,,,2,100,,4109,51,,,2,101,,4123,51,,,2,100,,4122,51,,,2,93,,4108,51,,,2,95,,4112,51,,,2,101,,4107,51,,,2,70,,4114,51,,,2,42,,4119,51,,,2,99,,4113,51,,,2,101,,4116,51,,,2,100,,4117,51,,,2,99,,4115,51,,,2,99,,5271,51,,,2,95,,4118,51,,,2
