4603,'DIM',644,,2263,14,,,1,105,,2277,14,,,1,106,,2279,14,,,1,100,,2268,14,,,1,101,,2280,14,,,1,100,,2281,14,,,1,100,,2274,14,,,1,97,,2275,14,,,1,105,,2278,14,,,1,94,,2276,14,,,1,105,,2264,14,,,1,100,,2272,14,,,1,99,,2262,14,,,1,100,,2266,14,,,1,99,,2270,14,,,1,100,,2267,14,,,1,100,,2265,14,,,1,100,,2271,14,,,1,93,,2269,14,,,1,154,,2273,14,,,1
4603,'SAM',645,,2293,14,,,1,104,,2295,14,,,1,106,,2298,14,,,1,100,,2301,14,,,1,101,,2297,14,,,1,102,,2300,14,,,1,97,,2284,14,,,1,98,,2294,14,,,1,105,,2296,14,,,1,94,,2286,14,,,1,105,,2285,14,,,1,100,,2299,14,,,1,99,,2282,14,,,1,100,,2283,14,,,1,99,,2291,14,,,1,100,,2292,14,,,1,100,,2287,14,,,1,100,,2288,14,,,1,99,,2290,14,,,1,149,,2289,14,,,1
4603,'SEM',655,,2329,14,,,1,100,,5595,14,,,1,67,,2310,14,,,1,35,,2330,14,,,1,66,,2313,14,,,1,35,,2303,14,,,1,70,,2312,14,,,1,30,,2332,14,,,1,70,,2331,14,,,1,30,,2308,14,,,1,70,,2328,14,,,1,24,,2311,14,,,1,75,,5594,14,,,1,30,,5596,14,,,1,74,,2315,14,,,1,70,,2309,14,,,1,18,,2302,14,,,1,18,,2304,14,,,1,22,,5297,14,,,1,56,,2316,14,,,1,14,,2317,14,,,1,22,,2306,14,,,1,58,,2324,14,,,1,19,,2305,14,,,1,20,,2321,14,,,1,67,,2314,14,,,1,31,,2327,14,,,1,73,,2318,14,,,1,34,,2323,14,,,1,100,,2319,14,,,1,103,,2320,14,,,1,95,,2325,14,,,1,104,,2322,14,,,1,103,,2326,14,,,1
6001,'DIM',741,,3143,10,,,1,106,,3155,10,,,1,100,,3154,10,,,1,103,,3144,10,,,1,102,,3153,10,,,1,101,,3157,10,,,1,103,,3150,10,,,1,101,,3156,10,,,1,101,,3158,10,,,1,100,,3147,10,,,1,91,,3159,10,,,1,100,,3149,10,,,1,100,,3146,10,,,1,97,,3145,10,,,1,99,,3148,10,,,1,99,,3152,10,,,1,100,,3151,10,,,1
6001,'SAM',644,,3169,10,,,1,97,,3171,10,,,1,106,,3160,10,,,1,100,,3173,10,,,1,103,,3167,10,,,1,102,,3170,10,,,1,101,,3176,10,,,1,103,,3174,10,,,1,101,,3172,10,,,1,101,,3175,10,,,1,100,,3162,10,,,1,91,,3177,10,,,1,100,,3161,10,,,1,100,,3168,10,,,1,97,,3164,10,,,1,99,,3163,10,,,1,99,,3166,10,,,1,100,,3165,10,,,1
6001,'SEM',529,,3196,10,,,1,99,,3178,10,,,1,98,,3182,10,,,1,30,,5614,10,,,1,69,,3180,10,,,1,101,,5375,10,,,1,99,,3195,10,,,1,100,,3185,10,,,1,101,,3194,10,,,1,100,,3181,10,,,1,100,,3183,10,,,1,102,,3189,10,,,1,102,,5531,10,,,1,104,,3188,10,,,1,96,,3187,10,,,1,99,,3191,10,,,1,85,,3192,10,,,1,103,,3190,10,,,1,98,,3186,10,,,1,100,,3193,10,,,1
15103,'DIM',637,,4649,13,,,2,21,,4653,13,,,2,64,,4631,13,,,2,29,,4651,13,,,2,74,,4658,13,,,2,31,,4661,13,,,2,69,,4655,13,,,2,31,,4654,13,,,2,75,,4647,13,,,2,71,,4665,13,,,2,30,,4648,13,,,2,72,,4663,13,,,2,35,,4659,13,,,2,73,,4652,13,,,2,31,,4656,13,,,2,72,,4650,13,,,2,42,,4660,13,,,2,66,,4632,13,,,2,79,,4662,13,,,2,26,,4633,13,,,2,31,,4657,13,,,2,60,,4664,13,,,2,21,,4666,13,,,2,71,,4634,13,,,2,43,,4635,13,,,2,70,,4643,13,,,2,29,,4639,13,,,2,73,,4646,13,,,2,76,,4638,13,,,2,22,,4645,13,,,2,76,,4636,13,,,2,30,,4642,13,,,2,70,,4640,13,,,2,52,,4637,13,,,2,99,,4641,13,,,2,71,,4644,13,,,2
15103,'SAM',637,,4688,13,,,2,21,,4690,13,,,2,64,,4686,13,,,2,29,,4689,13,,,2,74,,4694,13,,,2,31,,4696,13,,,2,69,,4697,13,,,2,31,,4698,13,,,2,75,,4699,13,,,2,71,,4700,13,,,2,30,,4668,13,,,2,72,,4692,13,,,2,35,,4691,13,,,2,73,,4693,13,,,2,31,,4685,13,,,2,72,,4667,13,,,2,42,,4687,13,,,2,66,,4703,13,,,2,79,,4702,13,,,2,26,,4695,13,,,2,31,,4669,13,,,2,60,,4674,13,,,2,21,,4675,13,,,2,71,,4701,13,,,2,43,,4670,13,,,2,70,,4681,13,,,2,29,,4676,13,,,2,73,,4683,13,,,2,76,,4673,13,,,2,22,,4682,13,,,2,76,,4671,13,,,2,30,,4679,13,,,2,70,,4677,13,,,2,52,,4672,13,,,2,99,,4678,13,,,2,71,,4680,13,,,2,101,,4684,13,,,2
15103,'SEM',604,,4749,13,,,2,21,,4717,13,,,2,17,,4754,13,,,2,13,,4745,13,,,2,62,,4748,13,,,2,19,,4751,13,,,2,21,,4706,13,,,2,59,,4709,13,,,2,23,,4753,13,,,2,62,,4755,13,,,2,20,,4721,13,,,2,15,,4705,13,,,2,69,,4757,13,,,2,20,,4727,13,,,2,22,,4716,13,,,2,60,,4750,13,,,2,20,,4744,13,,,2,20,,4713,13,,,2,66,,4733,13,,,2,21,,4730,13,,,2,23,,4746,13,,,2,60,,5540,13,,,2,20,,5635,13,,,2,20,,4756,13,,,2,65,,5634,13,,,2,19,,4711,13,,,2,59,,4714,13,,,2,19,,4704,13,,,2,19,,4707,13,,,2,16,,4722,13,,,2,60,,5319,13,,,2,15,,4710,13,,,2,15,,5320,13,,,2,15,,4719,13,,,2,54,,4708,13,,,2,15,,4715,13,,,2,12,,4735,13,,,2,15,,4718,13,,,2,54,,4720,13,,,2,16,,4726,13,,,2,21,,4725,13,,,2,67,,4738,13,,,2,30,,4728,13,,,2,69,,4731,13,,,2,36,,4742,13,,,2,68,,4739,13,,,2,26,,4723,13,,,2,74,,4724,13,,,2,29,,4737,13,,,2,68,,4729,13,,,2,32,,4732,13,,,2,70,,4734,13,,,2,36,,4736,13,,,2,78,,4741,13,,,2,80,,4740,13,,,2,31,,4743,13,,,2
25103,'SEM',1531,,5403,9,,,1,15,,5402,9,,,1,58,,4981,9,,,1,20,,4977,9,,,1,11,,4979,9,,,1,15,,4978,9,,,1,55,,4980,9,,,1
