2201,'DIM',641,,7194,35,,,2,101,,7198,35,,,2,104,,7197,35,,,2,99,,7196,35,,,2,101,,7193,35,,,2,99,,7195,35,,,2,101,,7200,35,,,2,102,,7202,35,,,2,96,,7199,35,,,2,105,,7201,35,,,2,99,,7187,35,,,2,100,,7189,35,,,2,97,,7188,35,,,2,102,,7191,35,,,2,100,,7190,35,,,2,100,,7192,35,,,2
2201,'SAM',641,,7211,35,,,2,101,,7213,35,,,2,104,,7210,35,,,2,99,,7212,35,,,2,102,,7215,35,,,2,99,,7219,35,,,2,101,,7218,35,,,2,101,,7214,35,,,2,96,,7216,35,,,2,102,,7217,35,,,2,102,,7204,35,,,2,101,,7207,35,,,2,96,,7205,35,,,2,102,,7203,35,,,2,100,,7209,35,,,2,100,,7208,35,,,2,100,,7206,35,,,2
2201,'SEM',636,,7234,35,,,2,100,,7223,35,,,2,94,,7221,35,,,2,80,,7220,35,,,2,34,,7236,35,,,2,101,,7222,35,,,2,100,,7235,35,,,2,100,,7237,35,,,2,100,,7225,35,,,2,96,,7226,35,,,2,105,,7224,35,,,2,100,,7230,35,,,2,100,,7228,35,,,2,99,,7227,35,,,2,98,,7229,35,,,2,104,,7233,35,,,2,100,,7231,35,,,2,95,,7232,35,,,2,98,,11959,35,,,2
5801,'DIM',544,,9832,50,,,2,101,,9814,50,,,2,91,,9823,50,,,2,100,,9826,50,,,2,99,,9829,50,,,2,100,,9822,50,,,2,102,,9831,50,,,2,98,,9828,50,,,2,103,,9825,50,,,2,99,,9827,50,,,2,102,,9824,50,,,2,99,,9817,50,,,2,101,,9830,50,,,2,99,,9813,50,,,2,99,,9821,50,,,2,99,,9816,50,,,2,100,,9815,50,,,2,100,,9819,50,,,2,99,,9818,50,,,2,110,,9820,50,,,2
5801,'SAM',544,,9852,50,,,2,101,,9844,50,,,2,91,,9843,50,,,2,100,,9848,50,,,2,100,,9846,50,,,2,99,,9849,50,,,2,102,,9851,50,,,2,98,,9833,50,,,2,101,,9842,50,,,2,101,,9847,50,,,2,101,,9845,50,,,2,101,,9850,50,,,2,100,,9836,50,,,2,100,,9840,50,,,2,98,,9834,50,,,2,99,,9841,50,,,2,100,,9837,50,,,2,100,,9839,50,,,2,99,,9835,50,,,2,110,,9838,50,,,2
5801,'SEM',535,,9866,50,,,2,68,,9863,50,,,2,42,,9875,50,,,2,84,,9864,50,,,2,86,,9870,50,,,2,85,,9857,50,,,2,59,,9876,50,,,2,100,,9853,50,,,2,100,,9858,50,,,2,100,,9874,50,,,2,100,,9854,50,,,2,87,,9865,50,,,2,71,,9855,50,,,2,32,,9877,50,,,2,69,,9860,50,,,2,35,,9862,50,,,2,69,,9861,50,,,2,27,,9856,50,,,2,69,,9873,50,,,2,29,,9859,50,,,2,70,,9872,50,,,2,100,,11991,50,,,2,99,,9868,50,,,2,99,,9867,50,,,2,100,,9869,50,,,2,98,,9871,50,,,2
22201,'DIM',1413,,11652,35,,,2,815,,11650,35,,,2,83,,11651,35,,,2
22201,'SAM',1413,,11657,35,,,2,815,,11653,35,,,2,83,,11654,35,,,2,100,,11656,35,,,2,112,,11655,35,,,2
22201,'SEM',716,,11658,35,,,2,10,,11659,35,,,2,683,,11660,35,,,2,100,,11661,35,,,2,106,,11665,35,,,2,100,,11663,35,,,2,90,,11662,35,,,2,625,,11664,35,,,2
32201,'DIM',522,,11767,36,,,2,801,,11769,35,,,2,802,,11768,35,,,2
32201,'SAM',522,,11770,36,,,2,801,,11771,35,,,2
32201,'SEM',523,,11772,36,,,2,19,,11773,36,,,2,67,,11774,36,,,2,715,,11775,35,,,2,801,,11776,35,,,2
