1704,'DIM',511,,7029,43,,,1,90,,7030,43,,,1,101,,7034,43,,,1,103,,7028,43,,,1,101,,165,43,,,1,101,,7032,43,,,1,102,,7033,43,,,1,100,,7035,43,,,1,101,,7036,43,,,1,101,,7031,43,,,1,102,,7017,43,,,1,99,,7018,43,,,1,100,,7021,43,,,1,100,,7023,43,,,1,98,,7022,43,,,1,98,,7020,43,,,1,100,,7024,43,,,1,98,,7027,43,,,1,98,,7019,43,,,1,99,,7025,43,,,1,56,,7026,43,,,1
1704,'SAM',511,,7049,43,,,1,90,,7050,43,,,1,101,,7056,43,,,1,103,,7053,43,,,1,101,,7048,43,,,1,101,,7052,43,,,1,102,,7057,43,,,1,100,,7055,43,,,1,101,,7054,43,,,1,101,,7051,43,,,1,101,,7038,43,,,1,100,,7039,43,,,1,101,,7041,43,,,1,99,,7043,43,,,1,98,,7037,43,,,1,98,,7045,43,,,1,100,,7042,43,,,1,98,,7040,43,,,1,98,,7044,43,,,1,99,,7046,43,,,1,56,,7047,43,,,1
1704,'SEM',523,,7072,43,,,1,94,,7077,43,,,1,23,,7080,43,,,1,62,,7059,43,,,1,27,,7063,43,,,1,76,,7064,43,,,1,21,,7058,43,,,1,98,,7061,43,,,1,85,,7062,43,,,1,100,,7065,43,,,1,100,,7076,43,,,1,100,,7078,43,,,1,100,,7067,43,,,1,102,,7079,43,,,1,101,,7060,43,,,1,105,,7068,43,,,1,95,,7066,43,,,1,97,,7069,43,,,1,100,,7074,43,,,1,100,,7075,43,,,1,99,,7070,43,,,1,99,,7071,43,,,1,99,,7073,43,,,1
2704,'DIM',758,,7846,48,,,2,101,,7847,48,,,2,100,,7842,48,,,2,99,,7844,48,,,2,99,,7845,48,,,2,143,,7841,48,,,2,55,,7848,48,,,2,147,,7843,48,,,2,100,,7834,48,,,2,100,,7838,48,,,2,100,,7839,48,,,2,98,,7835,48,,,2,100,,7837,48,,,2,58,,7836,48,,,2,100,,7840,48,,,2,100,,7833,48,,,2
2704,'SAM',657,,7861,48,,,2,101,,7857,48,,,2,101,,7858,48,,,2,100,,7856,48,,,2,99,,7865,48,,,2,101,,7860,48,,,2,141,,7863,48,,,2,54,,7859,48,,,2,148,,7862,48,,,2,100,,7852,48,,,2,100,,7853,48,,,2,53,,7855,48,,,2,145,,7864,48,,,2,100,,7851,48,,,2,58,,7854,48,,,2,100,,7849,48,,,2,100,,7850,48,,,2
2704,'SEM',621,,7887,48,,,2,28,,7867,48,,,2,68,,7884,48,,,2,29,,7870,48,,,2,67,,7871,48,,,2,28,,7889,48,,,2,66,,7886,48,,,2,49,,7885,48,,,2,100,,7874,48,,,2,148,,7866,48,,,2,55,,7888,48,,,2,88,,7869,48,,,2,106,,7868,48,,,2,147,,7879,48,,,2,37,,7880,48,,,2,80,,7875,48,,,2,13,,7872,48,,,2,70,,7873,48,,,2,31,,7877,48,,,2,75,,7882,48,,,2,100,,7878,48,,,2,45,,7881,48,,,2,94,,7876,48,,,2,104,,7883,48,,,2
3104,'DIM',631,,7960,53,,,1,104,,7961,53,,,1,100,,7959,53,,,1,102,,7965,53,,,1,102,,7966,53,,,1,100,,7964,53,,,1,100,,7962,53,,,1,103,,7950,53,,,1,101,,7963,53,,,1,100,,7949,53,,,1,101,,7948,53,,,1,99,,7953,53,,,1,97,,7955,53,,,1,102,,7954,53,,,1,96,,7956,53,,,1,99,,7952,53,,,1,99,,7951,53,,,1,97,,7957,53,,,1,102,,7958,53,,,1
3104,'SAM',531,,1137,53,,,1,100,,7976,53,,,1,104,,7979,53,,,1,100,,7978,53,,,1,102,,7981,53,,,1,102,,7984,53,,,1,100,,7985,53,,,1,100,,7980,53,,,1,102,,7975,53,,,1,101,,7982,53,,,1,101,,7977,53,,,1,101,,7983,53,,,1,100,,7971,53,,,1,97,,7973,53,,,1,99,,7969,53,,,1,99,,7974,53,,,1,98,,7967,53,,,1,99,,7968,53,,,1,97,,7970,53,,,1,102,,7972,53,,,1
3104,'SEM',455,,7994,53,,,1,77,,7995,53,,,1,92,,8006,53,,,1,22,,8008,53,,,1,64,,7988,53,,,1,34,,8007,53,,,1,68,,8004,53,,,1,29,,8002,53,,,1,75,,8003,53,,,1,22,,8005,53,,,1,100,,7986,53,,,1,102,,7987,53,,,1,100,,7990,53,,,1,101,,8009,53,,,1,100,,7989,53,,,1,102,,7992,53,,,1,100,,7993,53,,,1,96,,7991,53,,,1,103,,7996,53,,,1,96,,8001,53,,,1,105,,8000,53,,,1,98,,7997,53,,,1,101,,7998,53,,,1,100,,7999,53,,,1
4304,'DIM',507,,8893,28,,,1,103,,8887,28,,,1,100,,8883,28,,,1,102,,8885,28,,,1,102,,8890,28,,,1,100,,8888,28,,,1,106,,8889,28,,,1,100,,8886,28,,,1,100,,8894,28,,,1,100,,8891,28,,,1,104,,8892,28,,,1,99,,8875,28,,,1,99,,8876,28,,,1,101,,8878,28,,,1,94,,8881,28,,,1,98,,8880,28,,,1,99,,8877,28,,,1,99,,8879,28,,,1,100,,8884,28,,,1,100,,8882,28,,,1
4304,'SAM',507,,8911,28,,,1,103,,8908,28,,,1,100,,8905,28,,,1,102,,8896,28,,,1,102,,8912,28,,,1,100,,8897,28,,,1,106,,8898,28,,,1,100,,8909,28,,,1,100,,8906,28,,,1,100,,8913,28,,,1,103,,8907,28,,,1,101,,8910,28,,,1,98,,8895,28,,,1,97,,8914,28,,,1,98,,8902,28,,,1,98,,8899,28,,,1,99,,2109,28,,,1,99,,8900,28,,,1,100,,8901,28,,,1,100,,8904,28,,,1,98,,8903,28,,,1
4304,'SEM',524,,8934,28,,,1,35,,8940,28,,,1,75,,8915,28,,,1,66,,8917,28,,,1,21,,8938,28,,,1,31,,8916,28,,,1,73,,8939,28,,,1,33,,8920,28,,,1,75,,8935,28,,,1,68,,8941,28,,,1,31,,8919,28,,,1,70,,8936,28,,,1,30,,8926,28,,,1,70,,8922,28,,,1,30,,8943,28,,,1,70,,8942,28,,,1,30,,8937,28,,,1,72,,8923,28,,,1,29,,8924,28,,,1,70,,8928,28,,,1,36,,8944,28,,,1,66,,8918,28,,,1,26,,8925,28,,,1,70,,8921,28,,,1,56,,8927,28,,,1,96,,8930,28,,,1,100,,8932,28,,,1,101,,8933,28,,,1,99,,11972,28,,,1,101,,11973,28,,,1,150,,8929,28,,,1,20,,8931,28,,,1
6001,'DIM',813,,9939,52,,,1,103,,9947,52,,,1,102,,9945,52,,,1,104,,9946,52,,,1,102,,9948,52,,,1,102,,9951,52,,,1,102,,9949,52,,,1,100,,9952,52,,,1,100,,9950,52,,,1,102,,9953,52,,,1,91,,9954,52,,,1,99,,9941,52,,,1,98,,9943,52,,,1,97,,9942,52,,,1,99,,9944,52,,,1,99,,9938,52,,,1,100,,9940,52,,,1
6001,'SAM',710,,9961,52,,,1,103,,9966,52,,,1,103,,9957,52,,,1,102,,9969,52,,,1,103,,9971,52,,,1,103,,9967,52,,,1,102,,9970,52,,,1,102,,9968,52,,,1,100,,9956,52,,,1,100,,9972,52,,,1,102,,9955,52,,,1,91,,9959,52,,,1,100,,9964,52,,,1,97,,9960,52,,,1,97,,9962,52,,,1,99,,9965,52,,,1,99,,9958,52,,,1,100,,9963,52,,,1
6001,'SEM',555,,9987,52,,,1,102,,9973,52,,,1,87,,9991,52,,,1,78,,9985,52,,,1,37,,9989,52,,,1,141,,9975,52,,,1,101,,9992,52,,,1,101,,9990,52,,,1,104,,9976,52,,,1,100,,9974,52,,,1,101,,9986,52,,,1,102,,9988,52,,,1,99,,9977,52,,,1,102,,9981,52,,,1,96,,9979,52,,,1,49,,9984,52,,,1,98,,9982,52,,,1,98,,9978,52,,,1,98,,9980,52,,,1,94,,9983,52,,,1
7304,'DIM',546,,10839,71,,,1,70,,10828,71,,,1,103,,10832,71,,,1,101,,10835,71,,,1,102,,10831,71,,,1,102,,10833,71,,,1,100,,10836,71,,,1,100,,10840,71,,,1,102,,10834,71,,,1,101,,10837,71,,,1,101,,10830,71,,,1,100,,10838,71,,,1,100,,10841,71,,,1,99,,10824,71,,,1,99,,10821,71,,,1,97,,10827,71,,,1,99,,10823,71,,,1,99,,10822,71,,,1,97,,10825,71,,,1,101,,10826,71,,,1,99,,10829,71,,,1
7304,'SAM',546,,10861,71,,,1,70,,10851,71,,,1,103,,10856,71,,,1,101,,10853,71,,,1,102,,10852,71,,,1,102,,10857,71,,,1,100,,10859,71,,,1,101,,10855,71,,,1,101,,10845,71,,,1,101,,10858,71,,,1,101,,10854,71,,,1,100,,10860,71,,,1,100,,10862,71,,,1,99,,10844,71,,,1,98,,10842,71,,,1,98,,10843,71,,,1,99,,10847,71,,,1,99,,10846,71,,,1,97,,4131,71,,,1,101,,10848,71,,,1,99,,4133,71,,,1,100,,10849,71,,,1,99,,10850,71,,,1
7304,'SEM',508,,10894,71,,,1,42,,10891,71,,,1,82,,10897,71,,,1,18,,10900,71,,,1,72,,10896,71,,,1,15,,10893,71,,,1,14,,10869,71,,,1,68,,10871,71,,,1,14,,10892,71,,,1,15,,10898,71,,,1,65,,10887,71,,,1,31,,10865,71,,,1,80,,10864,71,,,1,29,,10880,71,,,1,70,,10895,71,,,1,30,,10866,71,,,1,71,,10870,71,,,1,76,,10879,71,,,1,26,,10872,71,,,1,30,,10899,71,,,1,70,,10867,71,,,1,30,,10868,71,,,1,73,,10876,71,,,1,71,,10863,71,,,1,32,,10873,71,,,1,79,,10883,71,,,1,22,,10881,71,,,1,67,,10875,71,,,1,29,,10882,71,,,1,76,,10877,71,,,1,20,,10888,71,,,1,29,,10874,71,,,1,70,,10884,71,,,1,29,,10886,71,,,1,73,,10878,71,,,1,96,,10890,71,,,1,99,,10885,71,,,1,103,,10889,71,,,1
7402,'DIM',647,,10961,84,,,2,102,,10964,84,,,2,101,,6451,84,,,2,102,,10965,84,,,2,102,,10963,84,,,2,100,,10962,84,,,2,101,,10968,84,,,2,100,,10967,84,,,2,103,,10969,84,,,2,99,,10966,84,,,2,99,,10956,84,,,2,101,,10955,84,,,2,98,,10957,84,,,2,98,,10958,84,,,2,99,,6443,84,,,2,100,,10959,84,,,2,97,,10960,84,,,2
7402,'SAM',647,,10977,84,,,2,102,,10981,84,,,2,101,,10979,84,,,2,102,,10976,84,,,2,102,,10980,84,,,2,100,,10982,84,,,2,101,,10985,84,,,2,101,,10978,84,,,2,100,,10983,84,,,2,101,,10986,84,,,2,100,,10984,84,,,2,99,,10970,84,,,2,99,,10972,84,,,2,98,,10974,84,,,2,99,,10973,84,,,2,100,,10975,84,,,2,97,,10971,84,,,2
7402,'SEM',606,,11000,84,,,2,50,,11005,84,,,2,60,,10988,84,,,2,42,,10999,84,,,2,100,,10989,84,,,2,99,,10987,84,,,2,99,,10991,84,,,2,101,,11001,84,,,2,97,,11004,84,,,2,100,,10990,84,,,2,101,,11003,84,,,2,102,,11002,84,,,2,100,,10992,84,,,2,97,,10993,84,,,2,100,,10996,84,,,2,97,,10998,84,,,2,99,,10994,84,,,2,102,,10995,84,,,2,97,,10997,84,,,2
