5504,'SEM',620,,9646,32,,,2,20,,9651,2,,,2,9,,9634,32,,,2,51,,9635,32,,,2,53,,9649,32,,,2,70,,9644,32,,,2,95,,9643,32,,,2,96,,9636,32,,,2,99,,9645,32,,,2,94,,9650,32,,,2,102,,9637,32,,,2,104,,9647,32,,,2,103,,9648,32,,,2,97,,9638,32,,,2,98,,9639,32,,,2,101,,9641,32,,,2,102,,9640,32,,,2,93,,9642,32,,,2
6104,'DIM',639,,10121,34,,,2,100,,10122,34,,,2,102,,10119,34,,,2,101,,10123,34,,,2,101,,10125,34,,,2,101,,10124,34,,,2,102,,10120,34,,,2,102,,10118,34,,,2,102,,10108,34,,,2,103,,10111,34,,,2,94,,10113,34,,,2,104,,10115,34,,,2,96,,10117,34,,,2,97,,10116,34,,,2,98,,10112,34,,,2,98,,10109,34,,,2,100,,10110,34,,,2,100,,10114,34,,,2
6104,'SAM',639,,10134,34,,,2,100,,10133,34,,,2,102,,10136,34,,,2,102,,10138,34,,,2,100,,10141,34,,,2,101,,10135,34,,,2,99,,10139,34,,,2,105,,10142,34,,,2,102,,10140,34,,,2,103,,10143,34,,,2,94,,10137,34,,,2,103,,10129,34,,,2,100,,10126,34,,,2,94,,10130,34,,,2,98,,10128,34,,,2,98,,10131,34,,,2,100,,10127,34,,,2,100,,10132,34,,,2
6104,'SEM',506,,10147,34,,,2,100,,10156,34,,,2,35,,10144,34,,,2,62,,10159,34,,,2,34,,10154,34,,,2,68,,10163,34,,,2,102,,10145,34,,,2,100,,10146,34,,,2,100,,10161,34,,,2,104,,10155,34,,,2,100,,10158,34,,,2,101,,10157,34,,,2,100,,10160,34,,,2,110,,10162,34,,,2,26,,10150,34,,,2,98,,10152,34,,,2,98,,10151,34,,,2,100,,10148,34,,,2,100,,10153,34,,,2,79,,10149,34,,,2,92,,10165,34,,,2,101,,10164,34,,,2
15104,'DIM',615,,11494,28,,,2,95,,11514,28,,,2,25,,11507,28,,,2,66,,11511,28,,,2,32,,11495,28,,,2,73,,11506,28,,,2,29,,11515,28,,,2,72,,11508,28,,,2,32,,11512,28,,,2,73,,11517,28,,,2,31,,11516,28,,,2,71,,11519,28,,,2,33,,11513,28,,,2,74,,11510,28,,,2,32,,11518,28,,,2,72,,11489,28,,,2,33,,11509,28,,,2,73,,11497,28,,,2,72,,11520,28,,,2,31,,11521,28,,,2,77,,11490,28,,,2,31,,11502,28,,,2,71,,11504,28,,,2,29,,11492,28,,,2,72,,11499,28,,,2,30,,11500,28,,,2,70,,11503,28,,,2,27,,11491,28,,,2,69,,11493,28,,,2,31,,11496,28,,,2,98,,11498,28,,,2,99,,11501,28,,,2,74,,11505,28,,,2
15104,'SAM',615,,11538,28,,,2,95,,11546,28,,,2,25,,11541,28,,,2,66,,11543,28,,,2,32,,11539,28,,,2,73,,11540,28,,,2,30,,11547,28,,,2,71,,11542,28,,,2,32,,11544,28,,,2,73,,11550,28,,,2,31,,11549,28,,,2,71,,11551,28,,,2,33,,11545,28,,,2,74,,11537,28,,,2,32,,11531,28,,,2,72,,11552,28,,,2,33,,11548,28,,,2,73,,11522,28,,,2,72,,11554,28,,,2,31,,11526,28,,,2,77,,11553,28,,,2,31,,11529,28,,,2,71,,11523,28,,,2,29,,11524,28,,,2,72,,11535,28,,,2,30,,11528,28,,,2,70,,11530,28,,,2,27,,11534,28,,,2,69,,11525,28,,,2,31,,11536,28,,,2,98,,11527,28,,,2,99,,11533,28,,,2,74,,11532,28,,,2
15104,'SEM',449,,11590,28,,,2,70,,11572,28,,,2,21,,11588,28,,,2,65,,11591,28,,,2,20,,11593,28,,,2,11,,11597,28,,,2,15,,11601,15,,,2,52,,11556,28,,,2,12,,11603,15,,,2,12,,11573,28,,,2,11,,11589,28,,,2,13,,11600,15,,,2,53,,11564,28,,,2,10,,11592,28,,,2,15,,11602,15,,,2,16,,11598,28,,,2,59,,11563,28,,,2,20,,11586,28,,,2,20,,11594,28,,,2,61,,11559,28,,,2,20,,11584,28,,,2,19,,11596,28,,,2,60,,11599,28,,,2,21,,11557,28,,,2,20,,11587,28,,,2,60,,11565,28,,,2,20,,11567,28,,,2,20,,11595,28,,,2,61,,11561,28,,,2,25,,11569,28,,,2,16,,11570,28,,,2,64,,11560,28,,,2,20,,11575,28,,,2,20,,11555,28,,,2,60,,11562,28,,,2,21,,11576,28,,,2,20,,11558,28,,,2,63,,11571,28,,,2,21,,11574,28,,,2,72,,11577,28,,,2,25,,11566,28,,,2,79,,11578,28,,,2,45,,11568,28,,,2,145,,11583,28,,,2,105,,11579,28,,,2,95,,11581,28,,,2,100,,11580,28,,,2,56,,11582,28,,,2,159,,11585,28,,,2
25504,'DIM',620,,11726,32,,,2,100,,11729,32,,,2,101,,11731,32,,,2,100,,11730,32,,,2,102,,11732,32,,,2,99,,11727,32,,,2,100,,11733,32,,,2,102,,11728,32,,,2,100,,11734,32,,,2,102,,11720,32,,,2,100,,11735,32,,,2,100,,11721,32,,,2,101,,11736,32,,,2,99,,11724,32,,,2,98,,11737,32,,,2,98,,11725,32,,,2,98,,11723,32,,,2,100,,11722,32,,,2
25504,'SAM',620,,11746,32,,,2,100,,11751,32,,,2,101,,11742,32,,,2,100,,11752,32,,,2,102,,11743,32,,,2,99,,11747,32,,,2,100,,11749,32,,,2,102,,11748,32,,,2,100,,11750,32,,,2,102,,11738,32,,,2,100,,11753,32,,,2,100,,11739,32,,,2,101,,11754,32,,,2,99,,11745,32,,,2,98,,11740,32,,,2,98,,5119,32,,,2,98,,11741,32,,,2,100,,11744,32,,,2
25504,'SEM',457,,11755,32,,,2,72,,11758,32,,,2,1528,,11757,32,,,2,99,,11759,32,,,2,95,,11756,32,,,2,94,,11760,32,,,2
