202,'SAM',2626,,6879,20,4,,1,81,,6880,20,4,,1
202,'SEM',526,,6885,20,4,,1,30,,6886,20,4,,1,55,,6881,20,4,,1,1999,,6882,20,4,,1,41,,6883,20,4,,1,81,,6884,20,4,,1
1601,'SEM',1625,,6945,19,4,,1,32,,6943,19,4,,1,74,,6946,19,4,,1,24,,6944,19,4,,1,72,,6947,19,4,,1
2601,'DIM',515,,634,61,4,,2,92,,7483,61,4,,2,45,,7490,61,4,,2,81,,622,61,4,,2,25,,7499,61,4,,2,66,,7493,61,4,,2,31,,7495,61,4,,2,70,,639,61,4,,2,33,,7506,61,4,,2,69,,7500,61,4,,2,30,,7494,61,4,,2,66,,7503,61,4,,2,24,,7496,61,4,,2,60,,7507,61,4,,2,20,,7489,61,4,,2,20,,7509,61,4,,2,60,,7502,61,4,,2,19,,7511,61,4,,2,22,,7473,61,4,,2,59,,7504,61,4,,2,22,,7492,61,4,,2,19,,7497,61,4,,2,61,,7498,61,4,,2,22,,7474,61,4,,2,17,,7475,61,4,,2,60,,7476,61,4,,2,20,,7491,61,4,,2,19,,7472,61,4,,2,61,,7505,61,4,,2,21,,7508,61,4,,2,20,,7501,61,4,,2,62,,7485,61,4,,2,43,,7488,61,4,,2,71,,7486,61,4,,2,29,,7479,61,4,,2,70,,7510,61,4,,2,30,,7512,61,4,,2,70,,7481,61,4,,2,29,,7477,61,4,,2,69,,7487,61,4,,2,27,,7478,61,4,,2,69,,7480,61,4,,2,29,,7482,61,4,,2,67,,7484,61,4,,2
2601,'SAM',515,,7537,61,4,,2,92,,7529,61,4,,2,45,,7540,61,4,,2,81,,676,61,4,,2,25,,7547,61,4,,2,66,,7544,61,4,,2,31,,7549,61,4,,2,70,,7545,61,4,,2,32,,7553,61,4,,2,70,,7550,61,4,,2,30,,7557,61,4,,2,65,,7543,61,4,,2,25,,7555,61,4,,2,62,,7539,61,4,,2,18,,7558,61,4,,2,21,,7551,61,4,,2,59,,7516,61,4,,2,19,,7554,61,4,,2,22,,7548,61,4,,2,60,,7538,61,4,,2,21,,7541,61,4,,2,21,,7542,61,4,,2,59,,7513,61,4,,2,22,,7515,61,4,,2,17,,7519,61,4,,2,60,,7517,61,4,,2,20,,7552,61,4,,2,18,,7546,61,4,,2,61,,7520,61,4,,2,22,,7556,61,4,,2,20,,7524,61,4,,2,62,,7528,61,4,,2,43,,7531,61,4,,2,71,,7534,61,4,,2,29,,7536,61,4,,2,70,,7532,61,4,,2,30,,7514,61,4,,2,70,,7523,61,4,,2,29,,7522,61,4,,2,69,,7530,61,4,,2,27,,7518,61,4,,2,69,,7526,61,4,,2,29,,7535,61,4,,2,67,,7521,61,4,,2,30,,7525,61,4,,2,70,,7527,61,4,,2,30,,679,61,4,,2,81,,7533,61,4,,2
2601,'SEM',514,,7606,61,4,,2,37,,7592,61,4,,2,71,,7597,61,4,,2,16,,7607,61,4,,2,13,,7611,61,4,,2,53,,7615,61,4,,2,11,,7582,61,4,,2,10,,7565,61,4,,2,12,,7559,61,4,,2,11,,7601,61,4,,2,56,,7575,61,4,,2,10,,7568,61,4,,2,12,,7603,61,4,,2,14,,7602,61,4,,2,16,,7609,61,4,,2,59,,7571,61,4,,2,23,,7564,61,4,,2,62,,7569,61,4,,2,21,,7613,61,4,,2,20,,7593,61,4,,2,60,,7561,61,4,,2,21,,7608,61,4,,2,22,,7600,61,4,,2,59,,7563,61,4,,2,20,,7604,61,4,,2,20,,7567,61,4,,2,61,,7612,61,4,,2,22,,7594,61,4,,2,22,,7596,61,4,,2,55,,7605,61,4,,2,25,,7598,61,4,,2,20,,7614,61,4,,2,54,,7562,61,4,,2,17,,7595,61,4,,2,25,,7560,61,4,,2,64,,7599,61,4,,2,20,,7610,61,4,,2,20,,7566,61,4,,2,60,,7576,61,4,,2,20,,7578,61,4,,2,22,,7570,61,4,,2,58,,7583,61,4,,2,21,,7584,61,4,,2,17,,7585,61,4,,2,69,,7589,61,4,,2,30,,7581,61,4,,2,70,,7572,61,4,,2,28,,7573,61,4,,2,74,,7587,61,4,,2,25,,7590,61,4,,2,73,,7579,61,4,,2,22,,7574,61,4,,2,75,,7580,61,4,,2,29,,7577,61,4,,2,70,,7586,61,4,,2,16,,7588,61,4,,2,102,,7591,61,4,,2
3303,'DIM',707,,8014,52,4,,1,132,,8018,52,4,,1,172,,8016,52,4,,1,132,,8013,52,4,,1,168,,8015,52,4,,1,130,,8010,52,4,,1,170,,8017,52,4,,1,133,,8019,52,4,,1,166,,8020,52,4,,1,130,,8012,52,4,,1,169,,8011,52,4,,1
3303,'SAM',707,,8024,52,4,,1,132,,8025,52,4,,1,172,,8027,52,4,,1,132,,8028,52,4,,1,168,,8029,52,4,,1,130,,8026,52,4,,1,170,,8031,52,4,,1,136,,8030,52,4,,1,163,,8022,52,4,,1,130,,8023,52,4,,1,169,,8021,52,4,,1
3303,'SEM',556,,8053,29,4,,1,81,,8043,52,4,,1,73,,8054,29,4,,1,25,,8044,52,4,,1,74,,8033,52,4,,1,26,,8051,52,4,,1,100,,8050,52,4,,1,100,,8045,52,4,,1,100,,8048,52,4,,1,94,,8036,52,4,,1,106,,8047,52,4,,1,101,,8032,52,4,,1,87,,8049,52,4,,1,33,,8052,52,4,,1,66,,8046,52,4,,1,99,,8034,52,4,,1,28,,8035,52,4,,1,74,,8041,52,4,,1,80,,8037,52,4,,1,31,,8039,52,4,,1,103,,8038,52,4,,1,103,,8042,52,4,,1,104,,8040,52,4,,1
3601,'SEM',645,,8106,38,4,,2,63,,8101,38,4,,2,11,,8100,38,4,,2,23,,8103,38,4,,2,15,,8104,38,4,,2,63,,8107,38,4,,2,14,,8102,38,4,,2,79,,8105,38,4,,2
4001,'DIM',835,,8370,30,4,,1,102,,8379,30,4,,1,102,,8381,30,4,,1,100,,8382,30,4,,1,99,,8380,30,4,,1,101,,8383,30,4,,1,100,,8378,30,4,,1,100,,8377,30,4,,1,100,,8367,30,4,,1,103,,8373,30,4,,1,97,,8376,30,4,,1,98,,8374,30,4,,1,99,,8369,30,4,,1,99,,8368,30,4,,1,98,,8371,30,4,,1,100,,8372,30,4,,1,93,,8375,30,4,,1
4001,'SAM',732,,8390,30,4,,1,103,,8392,30,4,,1,102,,8399,30,4,,1,102,,8396,30,4,,1,96,,8397,30,4,,1,104,,8395,30,4,,1,100,,8400,30,4,,1,100,,8398,30,4,,1,99,,8391,30,4,,1,101,,8401,30,4,,1,103,,8384,30,4,,1,97,,8393,30,4,,1,98,,8385,30,4,,1,99,,8387,30,4,,1,99,,8394,30,4,,1,98,,8386,30,4,,1,100,,8388,30,4,,1,93,,8389,30,4,,1
4001,'SEM',504,,8407,30,4,,1,25,,8429,30,4,,1,76,,8412,30,4,,1,33,,8431,30,4,,1,71,,8405,30,4,,1,25,,8435,30,4,,1,21,,8438,30,4,,1,63,,8436,30,4,,1,18,,8422,30,4,,1,69,,8411,30,4,,1,23,,8404,30,4,,1,76,,8406,30,4,,1,30,,8413,30,4,,1,70,,8432,30,4,,1,31,,8414,30,4,,1,71,,8434,30,4,,1,30,,8430,30,4,,1,70,,8409,30,4,,1,30,,8433,30,4,,1,75,,8403,30,4,,1,37,,8410,30,4,,1,60,,8408,30,4,,1,30,,8402,30,4,,1,71,,8418,30,4,,1,33,,8437,30,4,,1,72,,8419,30,4,,1,28,,8415,30,4,,1,74,,8423,30,4,,1,31,,8416,30,4,,1,70,,8424,30,4,,1,28,,8421,30,4,,1,69,,8425,30,4,,1,99,,8420,30,4,,1,97,,8417,30,4,,1,104,,8426,30,4,,1,87,,8427,30,4,,1,100,,8428,30,4,,1
4504,'DIM',637,,9016,54,4,,1,100,,9009,54,4,,1,100,,9017,54,4,,1,101,,9019,54,4,,1,100,,9023,54,4,,1,97,,9024,54,4,,1,103,,9020,54,4,,1,98,,9015,54,4,,1,108,,9013,54,4,,1,98,,9007,54,4,,1,100,,9022,54,4,,1,96,,9018,54,4,,1,100,,9021,54,4,,1,102,,9008,54,4,,1,100,,9014,54,4,,1,101,,9010,54,4,,1,100,,9011,54,4,,1,99,,9012,54,4,,1
4504,'SAM',637,,2249,54,4,,1,100,,9038,54,4,,1,100,,9035,54,4,,1,101,,9039,54,4,,1,100,,9037,54,4,,1,101,,9026,54,4,,1,98,,9036,54,4,,1,102,,9025,54,4,,1,104,,9031,54,4,,1,101,,9040,54,4,,1,98,,9028,54,4,,1,96,,9041,54,4,,1,100,,9029,54,4,,1,102,,9033,54,4,,1,100,,9027,54,4,,1,101,,9032,54,4,,1,100,,9030,54,4,,1,99,,9034,54,4,,1
4504,'SEM',554,,9061,54,4,,1,55,,9062,54,4,,1,44,,9067,54,4,,1,85,,9047,54,4,,1,19,,9045,54,4,,1,58,,9043,54,4,,1,17,,9060,54,4,,1,90,,9046,54,4,,1,106,,9064,54,4,,1,112,,9059,54,4,,1,96,,9049,54,4,,1,94,,9048,54,4,,1,100,,9065,54,4,,1,83,,9044,54,4,,1,25,,9042,54,4,,1,72,,9063,54,4,,1,30,,9066,54,4,,1,78,,9051,54,4,,1,34,,9054,54,4,,1,81,,9055,54,4,,1,102,,9053,54,4,,1,104,,9052,54,4,,1,102,,9056,54,4,,1,90,,9058,54,4,,1,99,,9050,54,4,,1,95,,9057,54,4,,1
4604,'DIM',552,,9140,69,4,,1,100,,9146,69,4,,1,102,,9148,69,4,,1,99,,9149,69,4,,1,147,,9143,69,4,,1,107,,9153,69,4,,1,96,,9150,69,4,,1,103,,9155,69,4,,1,100,,9156,69,4,,1,101,,9147,69,4,,1,101,,9151,69,4,,1,99,,9139,69,4,,1,101,,9154,69,4,,1,98,,9152,69,4,,1,98,,9142,69,4,,1,98,,9157,69,4,,1,99,,9145,69,4,,1,57,,9141,69,4,,1,100,,9144,69,4,,1
4604,'SAM',552,,9160,69,4,,1,100,,9169,69,4,,1,102,,9170,69,4,,1,99,,9171,69,4,,1,147,,9175,69,4,,1,108,,9174,69,4,,1,95,,9173,69,4,,1,103,,9168,69,4,,1,99,,9176,69,4,,1,97,,9158,69,4,,1,106,,9159,69,4,,1,105,,9172,69,4,,1,95,,9177,69,4,,1,98,,9162,69,4,,1,98,,9163,69,4,,1,98,,9166,69,4,,1,99,,9164,69,4,,1,57,,9167,69,4,,1,100,,9161,69,4,,1,98,,9165,69,4,,1
4604,'SEM',512,,2964,69,4,,1,47,,9191,69,4,,1,70,,9199,69,4,,1,28,,9203,69,4,,1,59,,9180,69,4,,1,26,,9187,69,4,,1,67,,9196,69,4,,1,30,,9181,69,4,,1,72,,9200,69,4,,1,28,,9194,69,4,,1,70,,9192,69,4,,1,29,,9182,69,4,,1,70,,9197,69,4,,1,30,,9179,69,4,,1,70,,9193,69,4,,1,31,,9195,69,4,,1,74,,9178,69,4,,1,27,,9205,69,4,,1,68,,9183,69,4,,1,32,,9201,69,4,,1,70,,9204,69,4,,1,34,,9186,69,4,,1,79,,9198,69,4,,1,30,,9202,69,4,,1,63,,9185,69,4,,1,101,,9184,69,4,,1,94,,9189,69,4,,1,96,,9190,69,4,,1,94,,9207,69,4,,1,99,,9188,69,4,,1,58,,9208,69,4,,1,99,,9206,69,4,,1
5601,'DIM',713,,9667,63,4,,2,100,,9669,63,4,,2,100,,9666,63,4,,2,30,,9672,63,4,,2,72,,9665,63,4,,2,29,,9664,63,4,,2,71,,9671,63,4,,2,30,,9670,63,4,,2,70,,9661,63,4,,2,32,,9674,63,4,,2,70,,9668,63,4,,2,31,,9662,63,4,,2,71,,9675,63,4,,2,30,,9663,63,4,,2,70,,9652,63,4,,2,30,,9653,63,4,,2,70,,9655,63,4,,2,30,,9659,63,4,,2,74,,9673,63,4,,2,33,,9656,63,4,,2,68,,9657,63,4,,2,91,,9676,63,4,,2,99,,9658,63,4,,2,100,,9654,63,4,,2,100,,9660,63,4,,2
5601,'SAM',713,,9695,63,4,,2,100,,9691,63,4,,2,100,,9690,63,4,,2,32,,9693,63,4,,2,69,,9698,63,4,,2,26,,9694,63,4,,2,76,,9700,63,4,,2,29,,9692,63,4,,2,70,,9696,63,4,,2,32,,9701,63,4,,2,70,,9677,63,4,,2,31,,9699,63,4,,2,71,,9683,63,4,,2,30,,9680,63,4,,2,70,,9697,63,4,,2,30,,9681,63,4,,2,71,,9684,63,4,,2,29,,9685,63,4,,2,74,,9678,63,4,,2,32,,9687,63,4,,2,69,,9689,63,4,,2,91,,9686,63,4,,2,99,,9688,63,4,,2,100,,9682,63,4,,2,100,,9679,63,4,,2
5601,'SEM',510,,9731,63,4,,2,100,,9722,63,4,,2,33,,9728,63,4,,2,68,,9707,63,4,,2,28,,9704,63,4,,2,79,,9719,63,4,,2,30,,9703,63,4,,2,72,,9708,63,4,,2,30,,9725,63,4,,2,75,,9726,63,4,,2,20,,9729,63,4,,2,75,,9723,63,4,,2,30,,9732,63,4,,2,70,,9720,63,4,,2,32,,9709,63,4,,2,70,,9718,63,4,,2,31,,9721,63,4,,2,71,,9730,63,4,,2,29,,9724,63,4,,2,72,,9702,63,4,,2,30,,9705,63,4,,2,71,,9706,63,4,,2,75,,9727,63,4,,2,34,,9713,63,4,,2,24,,9712,63,4,,2,68,,9710,63,4,,2,28,,9716,63,4,,2,98,,9714,63,4,,2,104,,9717,63,4,,2,85,,9711,63,4,,2,90,,9715,63,4,,2
6104,'DIM',658,,10121,60,4,,2,100,,10122,60,4,,2,143,,10119,60,4,,2,103,,10123,60,4,,2,101,,10125,60,4,,2,102,,10124,60,4,,2,102,,10120,60,4,,2,103,,10118,60,4,,2,102,,10108,60,4,,2,103,,10111,60,4,,2,94,,10113,60,4,,2,102,,10115,60,4,,2,96,,10117,60,4,,2,97,,10116,60,4,,2,98,,10112,60,4,,2,98,,10109,60,4,,2,98,,10110,60,4,,2,59,,10114,60,4,,2
6104,'SAM',658,,10134,60,4,,2,100,,10133,60,4,,2,143,,10136,60,4,,2,104,,10138,60,4,,2,100,,10141,60,4,,2,102,,10135,60,4,,2,99,,10139,60,4,,2,106,,10142,60,4,,2,102,,10140,60,4,,2,103,,10143,60,4,,2,94,,10137,60,4,,2,101,,10129,60,4,,2,100,,10126,60,4,,2,94,,10130,60,4,,2,98,,10128,60,4,,2,98,,10131,60,4,,2,98,,10127,60,4,,2,59,,10132,60,4,,2
6104,'SEM',525,,10147,60,4,,2,101,,10156,60,4,,2,75,,10144,60,4,,2,22,,10159,60,4,,2,36,,10154,60,4,,2,69,,10163,60,4,,2,102,,10145,60,4,,2,100,,10146,60,4,,2,102,,10161,60,4,,2,104,,10155,60,4,,2,100,,10158,60,4,,2,102,,10157,60,4,,2,100,,10160,60,4,,2,111,,10162,60,4,,2,66,,10150,60,4,,2,97,,10152,60,4,,2,96,,10151,60,4,,2,100,,10148,60,4,,2,98,,10153,60,4,,2,39,,10149,60,4,,2,89,,10165,60,4,,2,101,,10164,60,4,,2
6504,'DIM',726,,10395,68,4,,2,102,,10393,68,4,,2,101,,10396,68,4,,2,102,,10398,68,4,,2,102,,10400,68,4,,2,102,,10397,68,4,,2,99,,10394,68,4,,2,102,,10402,68,4,,2,106,,10399,68,4,,2,95,,10401,68,4,,2,97,,10388,68,4,,2,101,,10390,68,4,,2,97,,10389,68,4,,2,98,,10391,68,4,,2,100,,10392,68,4,,2,96,,10386,68,4,,2,100,,10387,68,4,,2
6504,'SAM',726,,10413,68,4,,2,102,,10412,68,4,,2,101,,10416,68,4,,2,102,,10415,68,4,,2,102,,10417,68,4,,2,101,,10419,68,4,,2,99,,10420,68,4,,2,103,,10418,68,4,,2,105,,10414,68,4,,2,96,,10403,68,4,,2,97,,10405,68,4,,2,101,,10408,68,4,,2,99,,10409,68,4,,2,96,,10411,68,4,,2,100,,10410,68,4,,2,96,,10407,68,4,,2,100,,10404,68,4,,2,99,,10406,68,4,,2
6504,'SEM',544,,10442,68,4,,2,87,,10452,68,4,,2,26,,10423,68,4,,2,60,,10432,68,4,,2,16,,10439,68,4,,2,12,,10450,68,4,,2,10,,10422,68,4,,2,50,,10451,68,4,,2,10,,10447,68,4,,2,23,,10424,68,4,,2,70,,10426,68,4,,2,32,,10441,68,4,,2,70,,10455,68,4,,2,33,,10427,68,4,,2,71,,10428,68,4,,2,27,,10444,68,4,,2,75,,10429,68,4,,2,27,,10454,68,4,,2,80,,10448,68,4,,2,20,,10449,68,4,,2,70,,10453,68,4,,2,30,,10431,68,4,,2,70,,10434,68,4,,2,38,,10425,68,4,,2,67,,10438,68,4,,2,40,,10440,68,4,,2,73,,10421,68,4,,2,20,,10433,68,4,,2,64,,10430,68,4,,2,36,,10443,68,4,,2,71,,10445,68,4,,2,86,,10436,68,4,,2,99,,10435,68,4,,2,97,,10437,68,4,,2,99,,10457,68,4,,2,99,,10456,68,4,,2,98,,10446,68,4,,2
7002,'DIM',620,,10680,68,4,,1,80,,10679,68,4,,1,50,,10662,91,4,,1,104,,10669,91,4,,1,101,,3943,91,4,,1,102,,10665,91,4,,1,68,,10666,91,4,,1,34,,10668,91,4,,1,69,,10658,91,4,,1,25,,10667,91,4,,1,75,,10664,91,4,,1,25,,10673,91,4,,1,79,,10671,91,4,,1,68,,10674,91,4,,1,36,,10656,91,4,,1,65,,10670,91,4,,1,31,,10676,91,4,,1,23,,10672,91,4,,1,78,,10675,91,4,,1,67,,10660,91,4,,1,35,,10678,91,4,,1,73,,3946,91,4,,1,97,,10677,91,4,,1,54,,10655,91,4,,1,95,,10657,91,4,,1,97,,10661,91,4,,1,99,,10659,91,4,,1,103,,10663,91,4,,1
7002,'SAM',620,,10707,68,4,,1,80,,10708,68,4,,1,49,,10705,91,4,,1,105,,10685,91,4,,1,101,,10693,91,4,,1,102,,10692,91,4,,1,65,,10701,91,4,,1,37,,10706,91,4,,1,69,,10703,91,4,,1,24,,10697,91,4,,1,75,,10696,91,4,,1,26,,10695,91,4,,1,79,,10698,91,4,,1,76,,10694,91,4,,1,27,,10704,91,4,,1,65,,10702,91,4,,1,28,,10700,91,4,,1,26,,10699,91,4,,1,79,,10688,91,4,,1,68,,10684,91,4,,1,35,,10686,91,4,,1,73,,10681,91,4,,1,96,,10690,91,4,,1,54,,10682,91,4,,1,96,,10683,91,4,,1,96,,10689,91,4,,1,99,,10687,91,4,,1,103,,10691,91,4,,1
7002,'SEM',628,,10714,91,4,,1,100,,10734,91,4,,1,26,,10735,91,4,,1,73,,10713,91,4,,1,77,,10716,91,4,,1,27,,10718,91,4,,1,69,,10733,91,4,,1,30,,10711,91,4,,1,70,,10740,91,4,,1,31,,10719,91,4,,1,28,,10741,91,4,,1,73,,10736,91,4,,1,26,,10738,91,4,,1,74,,10737,91,4,,1,70,,10712,91,4,,1,30,,10739,91,4,,1,25,,10732,91,4,,1,77,,10717,91,4,,1,73,,10720,91,4,,1,31,,10715,91,4,,1,70,,10709,91,4,,1,33,,10710,91,4,,1,65,,10723,91,4,,1,31,,10724,91,4,,1,64,,10728,91,4,,1,30,,10727,91,4,,1,90,,10725,91,4,,1,81,,10729,91,4,,1,52,,10721,91,4,,1,150,,10726,91,4,,1,106,,10722,91,4,,1,96,,10731,91,4,,1,105,,10730,91,4,,1
7601,'DIM',512,,11036,43,4,,2,100,,11009,88,4,,2,25,,11023,88,4,,2,104,,11024,88,4,,2,101,,11016,88,4,,2,101,,11028,88,4,,2,68,,11033,88,4,,2,30,,11030,88,4,,2,71,,11026,88,4,,2,30,,11027,88,4,,2,70,,11007,88,4,,2,31,,11031,88,4,,2,72,,11029,88,4,,2,29,,11014,88,4,,2,73,,11034,88,4,,2,31,,11035,88,4,,2,69,,11006,88,4,,2,33,,11017,88,4,,2,67,,11025,88,4,,2,30,,11010,88,4,,2,70,,11012,88,4,,2,29,,11008,88,4,,2,68,,11015,88,4,,2,29,,11032,88,4,,2,105,,11020,88,4,,2,97,,11021,88,4,,2,97,,11013,88,4,,2,98,,11022,88,4,,2,100,,11011,88,4,,2,100,,11018,88,4,,2,99,,11019,88,4,,2
7601,'SAM',512,,11067,43,4,,2,100,,11041,88,4,,2,25,,11050,88,4,,2,104,,11053,88,4,,2,101,,11052,88,4,,2,101,,11056,88,4,,2,68,,11060,88,4,,2,30,,11057,88,4,,2,71,,11063,88,4,,2,30,,11051,88,4,,2,70,,11059,88,4,,2,32,,11058,88,4,,2,71,,11065,88,4,,2,29,,11038,88,4,,2,73,,11054,88,4,,2,31,,11037,88,4,,2,69,,11055,88,4,,2,33,,11062,88,4,,2,67,,11066,88,4,,2,30,,11039,88,4,,2,70,,11061,88,4,,2,29,,11043,88,4,,2,68,,11064,88,4,,2,31,,11040,88,4,,2,103,,11046,88,4,,2,97,,11048,88,4,,2,97,,11044,88,4,,2,98,,11042,88,4,,2,100,,11047,88,4,,2,100,,11045,88,4,,2,99,,11049,88,4,,2
7601,'SEM',532,,11068,88,4,,2,92,,11089,88,4,,2,27,,11096,88,4,,2,65,,11104,88,4,,2,24,,11074,88,4,,2,12,,11099,88,4,,2,55,,11076,88,4,,2,17,,11097,88,4,,2,24,,11101,88,4,,2,60,,11071,88,4,,2,25,,11075,88,4,,2,22,,11069,88,4,,2,70,,11098,88,4,,2,30,,11072,88,4,,2,69,,11094,88,4,,2,31,,11070,88,4,,2,70,,11100,88,4,,2,31,,11079,88,4,,2,70,,11095,88,4,,2,32,,11078,88,4,,2,72,,11081,88,4,,2,71,,11103,88,4,,2,33,,11082,88,4,,2,70,,11073,88,4,,2,38,,11102,88,4,,2,66,,11077,88,4,,2,25,,11080,88,4,,2,24,,11086,88,4,,2,67,,11090,88,4,,2,29,,11092,88,4,,2,72,,11088,88,4,,2,23,,11084,88,4,,2,69,,11093,88,4,,2,99,,11091,88,4,,2,100,,11083,88,4,,2,99,,11085,88,4,,2,103,,11087,88,4,,2
90301,'DIM',857,,11859,59,4,,2,145,,11857,59,4,,2,101,,11860,59,4,,2,97,,11858,59,4,,2,59,,11864,59,4,,2,142,,11863,59,4,,2,101,,11865,59,4,,2,104,,11861,59,4,,2,96,,11862,59,4,,2,104,,11856,59,4,,2
90301,'SAM',659,,5244,59,4,,2,142,,11870,59,4,,2,56,,11872,59,4,,2,145,,11871,59,4,,2,100,,11874,59,4,,2,56,,11873,59,4,,2,101,,11875,59,4,,2,142,,11869,59,4,,2,100,,11876,59,4,,2,105,,11866,59,4,,2,96,,11868,59,4,,2,100,,11867,59,4,,2
90301,'SEM',544,,11885,59,4,,2,80,,11888,59,4,,2,23,,11893,59,4,,2,12,,11895,59,4,,2,52,,11892,59,4,,2,10,,11894,59,4,,2,10,,11877,59,4,,2,16,,11880,59,4,,2,61,,11887,59,4,,2,25,,11889,59,4,,2,70,,11896,59,4,,2,103,,11879,59,4,,2,100,,11884,59,4,,2,99,,11878,59,4,,2,100,,11891,59,4,,2,101,,11890,59,4,,2,100,,11882,59,4,,2,42,,11897,59,4,,2,107,,11883,59,4,,2,145,,11881,59,4,,2,52,,11886,59,4,,2
