1704,'DIM',502,,7029,24,,,1,50,,7030,24,,,1,101,,7034,24,,,1,102,,7028,24,,,1,100,,165,24,,,1,100,,7032,24,,,1,101,,7033,24,,,1,100,,7035,24,,,1,101,,7036,24,,,1,101,,7031,24,,,1,142,,7017,24,,,1,59,,7018,24,,,1,100,,7021,24,,,1,141,,7023,24,,,1,58,,7022,24,,,1,98,,7020,24,,,1,100,,7024,24,,,1,100,,7027,24,,,1,99,,7019,24,,,1,99,,7025,24,,,1,96,,7026,24,,,1
1704,'SAM',502,,7049,24,,,1,50,,7050,24,,,1,101,,7056,24,,,1,102,,7053,24,,,1,100,,7048,24,,,1,100,,7052,24,,,1,101,,7057,24,,,1,100,,7055,24,,,1,101,,7054,24,,,1,101,,7051,24,,,1,101,,7038,24,,,1,100,,7039,24,,,1,141,,7041,24,,,1,100,,7043,24,,,1,58,,7037,24,,,1,98,,7045,24,,,1,100,,7042,24,,,1,100,,7040,24,,,1,99,,7044,24,,,1,99,,7046,24,,,1,96,,7047,24,,,1
1704,'SEM',514,,7072,24,,,1,93,,7077,24,,,1,22,,7080,24,,,1,22,,7059,24,,,1,66,,7063,24,,,1,35,,7064,24,,,1,61,,7058,24,,,1,98,,7061,24,,,1,45,,7062,24,,,1,100,,7065,24,,,1,100,,7076,24,,,1,100,,7078,24,,,1,100,,7067,24,,,1,102,,7079,24,,,1,101,,7060,24,,,1,145,,7068,24,,,1,55,,7066,24,,,1,97,,7069,24,,,1,101,,7074,24,,,1,101,,7075,24,,,1,100,,7070,24,,,1,100,,7071,24,,,1,99,,7073,24,,,1
3104,'DIM',622,,7960,34,,,1,103,,7961,34,,,1,100,,7959,34,,,1,100,,7965,34,,,1,101,,7966,34,,,1,100,,7964,34,,,1,100,,7962,34,,,1,103,,7950,34,,,1,101,,7963,34,,,1,100,,7949,34,,,1,101,,7948,34,,,1,99,,7953,34,,,1,98,,7955,34,,,1,102,,7954,34,,,1,96,,7956,34,,,1,101,,7952,34,,,1,99,,7951,34,,,1,98,,7957,34,,,1,102,,7958,34,,,1
3104,'SAM',522,,1137,34,,,1,100,,7976,34,,,1,103,,7979,34,,,1,100,,7978,34,,,1,100,,7981,34,,,1,101,,7984,34,,,1,100,,7985,34,,,1,100,,7980,34,,,1,102,,7975,34,,,1,101,,7982,34,,,1,101,,7977,34,,,1,101,,7983,34,,,1,100,,7971,34,,,1,98,,7973,34,,,1,99,,7969,34,,,1,99,,7974,34,,,1,100,,7967,34,,,1,99,,7968,34,,,1,98,,7970,34,,,1,102,,7972,34,,,1
3104,'SEM',446,,7994,34,,,1,77,,7995,34,,,1,91,,8006,34,,,1,21,,8008,34,,,1,23,,7988,34,,,1,73,,8007,34,,,1,28,,8004,34,,,1,69,,8002,34,,,1,75,,8003,34,,,1,22,,8005,34,,,1,100,,7986,34,,,1,102,,7987,34,,,1,100,,7990,34,,,1,101,,8009,34,,,1,100,,7989,34,,,1,102,,7992,34,,,1,100,,7993,34,,,1,96,,7991,34,,,1,103,,7996,34,,,1,97,,8001,34,,,1,105,,8000,34,,,1,100,,7997,34,,,1,102,,7998,34,,,1,100,,7999,34,,,1
7304,'DIM',537,,10839,52,,,1,70,,10828,52,,,1,102,,10832,52,,,1,101,,10835,52,,,1,101,,10831,52,,,1,100,,10833,52,,,1,100,,10836,52,,,1,100,,10840,52,,,1,102,,10834,52,,,1,101,,10837,52,,,1,101,,10830,52,,,1,100,,10838,52,,,1,100,,10841,52,,,1,100,,10824,52,,,1,99,,10821,52,,,1,98,,10827,52,,,1,100,,10823,52,,,1,99,,10822,52,,,1,98,,10825,52,,,1,101,,10826,52,,,1,99,,10829,52,,,1
7304,'SAM',537,,10861,52,,,1,70,,10851,52,,,1,102,,10856,52,,,1,101,,10853,52,,,1,101,,10852,52,,,1,100,,10857,52,,,1,100,,10859,52,,,1,101,,10855,52,,,1,101,,10845,52,,,1,101,,10858,52,,,1,101,,10854,52,,,1,100,,10860,52,,,1,100,,10862,52,,,1,100,,10844,52,,,1,98,,10842,52,,,1,99,,10843,52,,,1,100,,10847,52,,,1,99,,10846,52,,,1,98,,4131,52,,,1,101,,10848,52,,,1,99,,4133,52,,,1,100,,10849,52,,,1,99,,10850,52,,,1
7304,'SEM',459,,10894,52,,,1,81,,10891,52,,,1,82,,10897,52,,,1,18,,10900,52,,,1,71,,10896,52,,,1,14,,10893,52,,,1,13,,10869,52,,,1,68,,10871,52,,,1,14,,10892,52,,,1,15,,10898,52,,,1,65,,10887,52,,,1,31,,10865,52,,,1,80,,10864,52,,,1,29,,10880,52,,,1,70,,10895,52,,,1,30,,10866,52,,,1,71,,10870,52,,,1,36,,10879,52,,,1,66,,10872,52,,,1,30,,10899,52,,,1,70,,10867,52,,,1,30,,10868,52,,,1,72,,10876,52,,,1,31,,10863,52,,,1,72,,10873,52,,,1,39,,10883,52,,,1,62,,10881,52,,,1,28,,10875,52,,,1,69,,10882,52,,,1,36,,10877,52,,,1,60,,10888,52,,,1,30,,10874,52,,,1,70,,10884,52,,,1,30,,10886,52,,,1,73,,10878,52,,,1,98,,10890,52,,,1,99,,10885,52,,,1,103,,10889,52,,,1
7402,'DIM',638,,10961,65,,,2,101,,10964,65,,,2,101,,6451,65,,,2,100,,10965,65,,,2,101,,10963,65,,,2,100,,10962,65,,,2,101,,10968,65,,,2,100,,10967,65,,,2,103,,10969,65,,,2,99,,10966,65,,,2,99,,10956,65,,,2,103,,10955,65,,,2,98,,10957,65,,,2,98,,10958,65,,,2,100,,6443,65,,,2,100,,10959,65,,,2,98,,10960,65,,,2
7402,'SAM',638,,10977,65,,,2,101,,10981,65,,,2,101,,10979,65,,,2,100,,10976,65,,,2,101,,10980,65,,,2,100,,10982,65,,,2,101,,10985,65,,,2,101,,10978,65,,,2,100,,10983,65,,,2,101,,10986,65,,,2,100,,10984,65,,,2,101,,10970,65,,,2,99,,10972,65,,,2,98,,10974,65,,,2,100,,10973,65,,,2,100,,10975,65,,,2,98,,10971,65,,,2
7402,'SEM',556,,11000,65,,,2,89,,11005,65,,,2,60,,10988,65,,,2,40,,10999,65,,,2,100,,10989,65,,,2,99,,10987,65,,,2,99,,10991,65,,,2,101,,11001,65,,,2,97,,11004,65,,,2,100,,10990,65,,,2,101,,11003,65,,,2,102,,11002,65,,,2,100,,10992,65,,,2,97,,10993,65,,,2,100,,10996,65,,,2,99,,10998,65,,,2,99,,10994,65,,,2,103,,10995,65,,,2,98,,10997,65,,,2
