3704,'DIM',658,,1325,10,,,2,75,,1326,10,,,2,100,,1324,10,,,2,100,,1323,10,,,2,100,,1329,10,,,2,100,,1328,10,,,2,100,,1318,10,,,2,100,,1319,10,,,2,105,,1330,10,,,2,96,,1320,10,,,2,99,,1327,10,,,2,100,,1321,10,,,2,90,,1322,10,,,2
3704,'SAM',658,,1331,10,,,2,75,,1339,10,,,2,100,,1337,10,,,2,100,,1340,10,,,2,100,,1342,10,,,2,100,,1341,10,,,2,100,,1343,10,,,2,101,,1338,10,,,2,99,,1336,10,,,2,102,,1332,10,,,2,98,,1333,10,,,2,100,,1334,10,,,2,90,,1335,10,,,2
3704,'SEM',543,,1362,10,,,2,80,,1361,10,,,2,100,,1364,10,,,2,80,,1344,10,,,2,34,,1346,10,,,2,74,,1363,10,,,2,30,,1368,10,,,2,97,,1367,10,,,2,100,,1366,10,,,2,100,,1348,10,,,2,100,,1351,10,,,2,104,,1369,10,,,2,82,,1365,10,,,2,20,,1345,10,,,2,12,,1352,10,,,2,55,,1353,10,,,2,20,,1347,10,,,2,12,,1349,10,,,2,15,,1356,10,,,2,58,,1359,10,,,2,100,,1358,10,,,2,95,,1360,10,,,2,102,,1350,10,,,2,100,,1357,10,,,2,100,,5225,10,,,2,100,,1354,10,,,2,96,,1355,10,,,2
6304,'DIM',740,,3415,34,,,1,100,,3411,34,,,1,101,,3413,34,,,1,101,,3407,34,,,1,98,,3412,34,,,1,104,,3417,34,,,1,96,,3414,34,,,1,102,,3418,34,,,1,103,,3416,34,,,1,100,,3419,34,,,1,100,,3420,34,,,1,100,,3408,34,,,1,99,,3404,34,,,1,99,,3405,34,,,1,99,,3409,34,,,1,98,,3406,34,,,1,99,,3410,34,,,1
6304,'SAM',640,,3434,34,,,1,100,,3432,34,,,1,100,,3437,34,,,1,101,,3433,34,,,1,101,,3431,34,,,1,98,,3436,34,,,1,104,,3435,34,,,1,96,,3439,34,,,1,102,,3438,34,,,1,103,,3421,34,,,1,102,,3422,34,,,1,98,,3423,34,,,1,100,,3425,34,,,1,99,,3424,34,,,1,99,,3429,34,,,1,99,,3426,34,,,1,98,,3427,34,,,1,99,,3430,34,,,1,98,,3428,34,,,1
6304,'SEM',454,,3467,34,,,1,151,,3463,34,,,1,30,,3472,34,,,1,71,,3455,34,,,1,15,,3466,34,,,1,27,,3469,34,,,1,66,,3471,34,,,1,19,,3470,34,,,1,70,,3444,34,,,1,29,,3445,34,,,1,71,,3446,34,,,1,30,,3440,34,,,1,25,,3443,34,,,1,70,,3468,34,,,1,31,,5255,34,,,1,70,,3451,34,,,1,26,,3464,34,,,1,78,,3441,34,,,1,67,,3442,34,,,1,31,,3452,34,,,1,71,,3465,34,,,1,38,,3473,34,,,1,70,,3448,34,,,1,24,,3447,34,,,1,75,,3453,34,,,1,16,,3450,34,,,1,29,,3459,34,,,1,70,,3454,34,,,1,77,,3457,34,,,1,58,,3449,34,,,1,80,,3460,34,,,1,91,,3462,34,,,1,94,,3456,34,,,1,99,,3461,34,,,1
6504,'DIM',717,,3559,53,,,2,101,,3557,53,,,2,101,,3560,53,,,2,101,,3562,53,,,2,102,,3564,53,,,2,102,,3561,53,,,2,98,,3558,53,,,2,102,,3566,53,,,2,106,,3563,53,,,2,96,,3565,53,,,2,97,,3552,53,,,2,102,,3554,53,,,2,97,,3553,53,,,2,99,,3555,53,,,2,100,,3556,53,,,2,96,,3550,53,,,2,100,,3551,53,,,2
6504,'SAM',717,,3577,53,,,2,101,,3576,53,,,2,101,,3580,53,,,2,101,,3579,53,,,2,102,,3581,53,,,2,101,,3583,53,,,2,98,,3584,53,,,2,103,,3582,53,,,2,105,,3578,53,,,2,97,,3567,53,,,2,97,,3569,53,,,2,102,,3572,53,,,2,99,,3573,53,,,2,97,,3575,53,,,2,100,,3574,53,,,2,96,,3571,53,,,2,100,,3568,53,,,2,100,,3570,53,,,2
6504,'SEM',534,,3607,53,,,2,86,,3617,53,,,2,26,,3587,53,,,2,60,,3596,53,,,2,15,,3603,53,,,2,12,,3615,53,,,2,10,,3586,53,,,2,10,,3616,53,,,2,50,,3612,53,,,2,23,,3588,53,,,2,30,,3590,53,,,2,72,,3605,53,,,2,29,,3620,53,,,2,73,,3591,53,,,2,70,,3592,53,,,2,27,,3609,53,,,2,74,,3593,53,,,2,27,,3619,53,,,2,80,,3613,53,,,2,20,,3614,53,,,2,30,,3618,53,,,2,70,,3595,53,,,2,30,,3598,53,,,2,78,,3589,53,,,2,66,,3602,53,,,2,40,,3604,53,,,2,75,,3585,53,,,2,20,,3597,53,,,2,65,,3594,53,,,2,36,,3608,53,,,2,72,,3610,53,,,2,46,,3600,53,,,2,100,,3599,53,,,2,99,,3601,53,,,2,99,,3606,53,,,2,99,,5258,53,,,2,99,,3611,53,,,2
7002,'DIM',559,,3847,37,,,1,80,,3846,37,,,1,90,,3827,60,,,1,102,,3834,60,,,1,100,,3839,60,,,1,102,,3830,60,,,1,68,,3831,60,,,1,33,,3833,60,,,1,69,,3823,60,,,1,25,,3832,60,,,1,75,,3829,60,,,1,25,,3838,60,,,1,79,,3836,60,,,1,27,,3840,60,,,1,76,,3821,60,,,1,25,,3835,60,,,1,71,,3843,60,,,1,23,,3837,60,,,1,78,,3842,60,,,1,27,,3825,60,,,1,76,,3845,60,,,1,34,,3841,60,,,1,97,,3844,60,,,1,94,,3820,60,,,1,95,,3822,60,,,1,99,,3826,60,,,1,99,,3824,60,,,1,103,,3828,60,,,1
7002,'SAM',559,,3874,37,,,1,80,,3875,37,,,1,89,,3872,60,,,1,103,,3852,60,,,1,100,,3860,60,,,1,102,,3859,60,,,1,25,,3868,60,,,1,76,,3873,60,,,1,69,,3870,60,,,1,24,,3864,60,,,1,75,,3863,60,,,1,26,,3862,60,,,1,79,,3865,60,,,1,35,,3861,60,,,1,67,,3871,60,,,1,25,,3869,60,,,1,68,,3867,60,,,1,26,,3866,60,,,1,79,,3855,60,,,1,28,,3851,60,,,1,76,,3853,60,,,1,34,,3848,60,,,1,96,,3857,60,,,1,94,,3849,60,,,1,96,,3850,60,,,1,98,,3856,60,,,1,99,,3854,60,,,1,103,,3858,60,,,1
7002,'SEM',604,,3881,60,,,1,98,,3901,60,,,1,26,,3902,60,,,1,73,,3880,60,,,1,36,,3883,60,,,1,67,,3885,60,,,1,29,,3900,60,,,1,70,,3878,60,,,1,30,,3907,60,,,1,71,,3886,60,,,1,27,,3908,60,,,1,73,,3903,60,,,1,26,,3905,60,,,1,74,,3904,60,,,1,30,,3879,60,,,1,70,,3906,60,,,1,24,,3899,60,,,1,76,,3884,60,,,1,32,,3887,60,,,1,70,,3882,60,,,1,30,,3876,60,,,1,73,,3877,60,,,1,27,,3890,60,,,1,71,,3891,60,,,1,26,,3895,60,,,1,73,,3894,60,,,1,50,,3892,60,,,1,82,,3896,60,,,1,93,,3888,60,,,1,112,,3893,60,,,1,106,,3889,60,,,1,99,,3898,60,,,1,105,,3897,60,,,1
7601,'DIM',503,,4209,28,,,2,100,,4182,73,,,2,25,,4196,73,,,2,104,,4197,73,,,2,100,,4189,73,,,2,101,,4201,73,,,2,68,,4206,73,,,2,30,,4203,73,,,2,70,,4199,73,,,2,30,,4200,73,,,2,70,,4180,73,,,2,31,,4204,73,,,2,71,,4202,73,,,2,29,,4187,73,,,2,73,,4207,73,,,2,31,,4208,73,,,2,69,,4179,73,,,2,33,,4190,73,,,2,67,,4198,73,,,2,30,,4183,73,,,2,70,,4185,73,,,2,30,,4181,73,,,2,70,,4188,73,,,2,29,,4205,73,,,2,105,,4193,73,,,2,97,,4194,73,,,2,97,,4186,73,,,2,98,,4195,73,,,2,100,,4184,73,,,2,100,,4191,73,,,2,99,,4192,73,,,2
7601,'SAM',503,,4240,28,,,2,100,,4214,73,,,2,25,,4223,73,,,2,104,,4226,73,,,2,100,,4225,73,,,2,101,,4229,73,,,2,68,,4233,73,,,2,30,,4230,73,,,2,70,,4236,73,,,2,30,,4224,73,,,2,70,,4232,73,,,2,32,,4231,73,,,2,70,,4238,73,,,2,29,,4211,73,,,2,73,,4227,73,,,2,31,,4210,73,,,2,69,,4228,73,,,2,33,,4235,73,,,2,67,,4239,73,,,2,30,,4212,73,,,2,70,,4234,73,,,2,30,,4216,73,,,2,70,,4237,73,,,2,31,,4213,73,,,2,103,,4219,73,,,2,97,,4221,73,,,2,97,,4217,73,,,2,98,,4215,73,,,2,100,,4220,73,,,2,100,,4218,73,,,2,99,,4222,73,,,2
7601,'SEM',522,,4241,73,,,2,92,,4261,73,,,2,27,,4268,73,,,2,65,,4276,73,,,2,24,,4247,73,,,2,12,,4271,73,,,2,14,,4249,73,,,2,55,,4269,73,,,2,24,,4273,73,,,2,20,,4244,73,,,2,65,,4248,73,,,2,22,,4242,73,,,2,70,,4270,73,,,2,30,,4245,73,,,2,69,,4266,73,,,2,31,,4243,73,,,2,70,,4272,73,,,2,30,,4252,73,,,2,70,,4267,73,,,2,32,,4251,73,,,2,72,,5272,73,,,2,31,,4275,73,,,2,72,,4254,73,,,2,30,,4246,73,,,2,78,,4274,73,,,2,27,,4250,73,,,2,65,,4253,73,,,2,24,,4258,73,,,2,69,,4262,73,,,2,30,,4264,73,,,2,73,,4260,73,,,2,23,,4256,73,,,2,69,,4265,73,,,2,100,,4263,73,,,2,100,,4255,73,,,2,99,,4257,73,,,2,103,,4259,73,,,2
