4201,'DIM',529,,1664,51,,,2,106,,1688,51,,,2,70,,1707,51,,,2,32,,1693,51,,,2,71,,1689,51,,,2,31,,1696,51,,,2,71,,1700,51,,,2,31,,1703,51,,,2,71,,1694,51,,,2,26,,1698,51,,,2,77,,1697,51,,,2,20,,1681,51,,,2,23,,1686,51,,,2,58,,1685,51,,,2,22,,1687,51,,,2,18,,1691,51,,,2,60,,1690,51,,,2,19,,1710,51,,,2,22,,1704,51,,,2,61,,1699,51,,,2,20,,1695,51,,,2,62,,1706,51,,,2,20,,1668,51,,,2,20,,1670,51,,,2,60,,1671,51,,,2,21,,1705,51,,,2,19,,1692,51,,,2,61,,1701,51,,,2,20,,1669,51,,,2,15,,1709,51,,,2,15,,1708,51,,,2,54,,1680,51,,,2,12,,1702,51,,,2,18,,1666,51,,,2,71,,1665,51,,,2,30,,1676,51,,,2,69,,1663,51,,,2,29,,1672,51,,,2,69,,1683,51,,,2,29,,1667,51,,,2,71,,1674,51,,,2,30,,1678,51,,,2,68,,1679,51,,,2,30,,1673,51,,,2,73,,1677,51,,,2,28,,1675,51,,,2,74,,1682,51,,,2,35,,1684,51,,,2
4201,'SAM',529,,1711,51,,,2,106,,1739,51,,,2,70,,1714,51,,,2,32,,1746,51,,,2,71,,1742,51,,,2,31,,1741,51,,,2,71,,1745,51,,,2,31,,1752,51,,,2,71,,1757,51,,,2,25,,1750,51,,,2,78,,1736,51,,,2,20,,1748,51,,,2,22,,1740,51,,,2,59,,1731,51,,,2,21,,1738,51,,,2,19,,1712,51,,,2,60,,1744,51,,,2,19,,1743,51,,,2,22,,1737,51,,,2,61,,1747,51,,,2,20,,1713,51,,,2,21,,1749,51,,,2,60,,1753,51,,,2,21,,1717,51,,,2,60,,1755,51,,,2,21,,1758,51,,,2,20,,1759,51,,,2,59,,1723,51,,,2,21,,1756,51,,,2,14,,1725,51,,,2,16,,1751,51,,,2,54,,1727,51,,,2,14,,1754,51,,,2,16,,1730,51,,,2,75,,1715,51,,,2,26,,1718,51,,,2,69,,1734,51,,,2,29,,1720,51,,,2,69,,1722,51,,,2,32,,1716,51,,,2,67,,1719,51,,,2,30,,1721,51,,,2,69,,1724,51,,,2,30,,1726,51,,,2,73,,1728,51,,,2,28,,1735,51,,,2,74,,1729,51,,,2,35,,1733,51,,,2,69,,1732,51,,,2
4201,'SEM',636,,1808,51,,,2,71,,1762,51,,,2,17,,1803,51,,,2,21,,1806,51,,,2,64,,1809,51,,,2,22,,1807,51,,,2,19,,1763,51,,,2,59,,1802,51,,,2,22,,1760,51,,,2,19,,1766,51,,,2,59,,1792,51,,,2,23,,1804,51,,,2,18,,1805,51,,,2,63,,1768,51,,,2,17,,5310,51,,,2,24,,1770,51,,,2,60,,1771,51,,,2,20,,1772,51,,,2,22,,1765,51,,,2,55,,1774,51,,,2,23,,1775,51,,,2,19,,1776,51,,,2,61,,1764,51,,,2,21,,1780,51,,,2,21,,1810,51,,,2,59,,1784,51,,,2,21,,1785,51,,,2,20,,1786,51,,,2,55,,1788,51,,,2,13,,1761,51,,,2,13,,1767,51,,,2,11,,1779,51,,,2,53,,1791,51,,,2,14,,1793,51,,,2,15,,1782,51,,,2,14,,1778,51,,,2,14,,1777,51,,,2,53,,1797,51,,,2,15,,1799,51,,,2,15,,1769,51,,,2,14,,1801,51,,,2,63,,1794,51,,,2,13,,1798,51,,,2,21,,1773,51,,,2,66,,1800,51,,,2,31,,1781,51,,,2,66,,1783,51,,,2,33,,1787,51,,,2,66,,1789,51,,,2,31,,1813,37,,,2,75,,5226,51,,,2,23,,1812,37,,,2,69,,1796,51,,,2,44,,1795,51,,,2
5201,'DIM',716,,2685,8,,,2,100,,2683,8,,,2,100,,2688,8,,,2,102,,2686,8,,,2,100,,2687,8,,,2,100,,2682,8,,,2,101,,2684,8,,,2,100,,2672,8,,,2,101,,2674,8,,,2,100,,2676,8,,,2,100,,2689,8,,,2,100,,2680,8,,,2,98,,2673,8,,,2,100,,2671,8,,,2,100,,2677,8,,,2,100,,2679,8,,,2,99,,2675,8,,,2,100,,2678,8,,,2,98,,2681,8,,,2
5201,'SAM',716,,2703,8,,,2,100,,2700,8,,,2,100,,2706,8,,,2,102,,2708,8,,,2,100,,2704,8,,,2,100,,2701,8,,,2,101,,2705,8,,,2,100,,2702,8,,,2,101,,2707,8,,,2,100,,2692,8,,,2,100,,2696,8,,,2,100,,2698,8,,,2,98,,2694,8,,,2,100,,2690,8,,,2,100,,2691,8,,,2,100,,2697,8,,,2,99,,2693,8,,,2,100,,2695,8,,,2,98,,2699,8,,,2
5201,'SEM',620,,2723,8,,,2,101,,2720,8,,,2,101,,2709,8,,,2,99,,2721,8,,,2,100,,5315,8,,,2,100,,2724,8,,,2,100,,2726,8,,,2,101,,2725,8,,,2,100,,2710,8,,,2,91,,5399,8,,,2,102,,2712,8,,,2,99,,2715,8,,,2,99,,2719,8,,,2,108,,2718,8,,,2,101,,2713,8,,,2,104,,2714,8,,,2,96,,2717,8,,,2,99,,5242,8,,,2,109,,2716,8,,,2
5801,'DIM',541,,2996,46,,,2,101,,2978,46,,,2,91,,2987,46,,,2,101,,2990,46,,,2,99,,2993,46,,,2,100,,2986,46,,,2,102,,2995,46,,,2,98,,2992,46,,,2,103,,2989,46,,,2,99,,2991,46,,,2,102,,2988,46,,,2,99,,2981,46,,,2,101,,2994,46,,,2,99,,2977,46,,,2,99,,2985,46,,,2,99,,2980,46,,,2,100,,2979,46,,,2,100,,2983,46,,,2,98,,2982,46,,,2,110,,2984,46,,,2
5801,'SAM',541,,3016,46,,,2,101,,3008,46,,,2,91,,3007,46,,,2,101,,3012,46,,,2,100,,3010,46,,,2,99,,3013,46,,,2,102,,3015,46,,,2,98,,2997,46,,,2,101,,3006,46,,,2,101,,3011,46,,,2,101,,3009,46,,,2,101,,3014,46,,,2,100,,3000,46,,,2,100,,3004,46,,,2,98,,2998,46,,,2,99,,3005,46,,,2,100,,3001,46,,,2,100,,3003,46,,,2,98,,2999,46,,,2,110,,3002,46,,,2
5801,'SEM',532,,3030,46,,,2,68,,3027,46,,,2,42,,3038,46,,,2,85,,3028,46,,,2,86,,3034,46,,,2,45,,3021,46,,,2,99,,3039,46,,,2,100,,3017,46,,,2,100,,3022,46,,,2,100,,3037,46,,,2,100,,3018,46,,,2,87,,3029,46,,,2,71,,3019,46,,,2,32,,3040,46,,,2,69,,3024,46,,,2,35,,3026,46,,,2,69,,3025,46,,,2,27,,3020,46,,,2,69,,3036,46,,,2,29,,3023,46,,,2,70,,5245,46,,,2,100,,5246,46,,,2,99,,3032,46,,,2,99,,3031,46,,,2,99,,3033,46,,,2,98,,3035,46,,,2
25201,'SEM',1544,,4857,8,,,2,101,,4860,8,,,2,99,,4858,8,,,2,99,,4859,8,,,2
