201,'SAM',2558,,6872,17,,,1,81,,6874,17,,,1,84,,6873,17,,,1
201,'SEM',2519,,6875,17,,,1,24,,6876,17,,,1,81,,6877,17,,,1,81,,6878,17,,,1
1704,'DIM',515,,7029,50,,,1,90,,7030,50,,,1,101,,7034,50,,,1,103,,7028,50,,,1,101,,165,50,,,1,101,,7032,50,,,1,102,,7033,50,,,1,100,,7035,50,,,1,101,,7036,50,,,1,101,,7031,50,,,1,102,,7017,50,,,1,99,,7018,50,,,1,100,,7021,50,,,1,100,,7023,50,,,1,98,,7022,50,,,1,98,,7020,50,,,1,100,,7024,50,,,1,98,,7027,50,,,1,98,,7019,50,,,1,99,,7025,50,,,1,96,,7026,50,,,1
1704,'SAM',515,,7049,50,,,1,90,,7050,50,,,1,101,,7056,50,,,1,103,,7053,50,,,1,101,,7048,50,,,1,101,,7052,50,,,1,102,,7057,50,,,1,100,,7055,50,,,1,101,,7054,50,,,1,101,,7051,50,,,1,101,,7038,50,,,1,100,,7039,50,,,1,101,,7041,50,,,1,99,,7043,50,,,1,98,,7037,50,,,1,98,,7045,50,,,1,100,,7042,50,,,1,98,,7040,50,,,1,98,,7044,50,,,1,99,,7046,50,,,1,96,,7047,50,,,1
1704,'SEM',527,,7072,50,,,1,94,,7077,50,,,1,23,,7080,50,,,1,62,,7059,50,,,1,27,,7063,50,,,1,76,,7064,50,,,1,21,,7058,50,,,1,98,,7061,50,,,1,85,,7062,50,,,1,100,,7065,50,,,1,100,,7076,50,,,1,100,,7078,50,,,1,100,,7067,50,,,1,103,,7079,50,,,1,101,,7060,50,,,1,105,,7068,50,,,1,94,,7066,50,,,1,97,,7069,50,,,1,100,,7074,50,,,1,100,,7075,50,,,1,99,,7070,50,,,1,99,,7071,50,,,1,99,,7073,50,,,1
2202,'DIM',744,,7249,72,,,2,100,,7248,72,,,2,100,,7247,72,,,2,100,,6315,72,,,2,101,,7250,72,,,2,100,,7252,72,,,2,96,,7251,72,,,2,105,,7246,72,,,2,98,,7240,72,,,2,114,,7253,72,,,2,88,,7242,72,,,2,100,,7243,72,,,2,98,,7245,72,,,2,101,,7244,72,,,2,100,,7239,72,,,2,100,,7241,72,,,2
2202,'SAM',646,,7270,56,,,2,98,,7264,72,,,2,100,,7261,72,,,2,100,,7260,72,,,2,98,,7266,72,,,2,103,,7265,72,,,2,100,,7263,72,,,2,96,,7269,72,,,2,103,,7262,72,,,2,100,,7268,72,,,2,112,,7267,72,,,2,90,,7255,72,,,2,100,,7257,72,,,2,98,,7254,72,,,2,101,,7256,72,,,2,100,,7259,72,,,2,100,,7258,72,,,2
2202,'SEM',622,,6230,72,,,2,18,,7282,72,,,2,106,,7289,72,,,2,71,,7279,72,,,2,31,,7271,72,,,2,97,,7273,72,,,2,71,,7272,72,,,2,29,,7290,72,,,2,100,,7277,72,,,2,100,,7288,72,,,2,100,,7291,72,,,2,103,,7276,72,,,2,101,,7278,72,,,2,102,,7274,72,,,2,64,,7275,72,,,2,34,,7281,72,,,2,98,,7280,72,,,2,100,,7287,72,,,2,101,,7286,72,,,2,97,,7284,72,,,2,107,,7283,72,,,2,96,,7285,72,,,2
2704,'DIM',802,,7846,55,,,2,101,,7847,55,,,2,100,,7842,55,,,2,99,,7844,55,,,2,99,,7845,55,,,2,103,,7841,55,,,2,55,,7848,55,,,2,147,,7843,55,,,2,100,,7834,55,,,2,100,,7838,55,,,2,100,,7839,55,,,2,98,,7835,55,,,2,100,,7837,55,,,2,98,,7836,55,,,2,100,,7840,55,,,2,100,,7833,55,,,2
2704,'SAM',701,,7861,55,,,2,101,,7857,55,,,2,101,,7858,55,,,2,100,,7856,55,,,2,99,,7865,55,,,2,101,,7860,55,,,2,101,,7863,55,,,2,54,,7859,55,,,2,148,,7862,55,,,2,100,,7852,55,,,2,100,,7853,55,,,2,53,,7855,55,,,2,145,,7864,55,,,2,100,,7851,55,,,2,98,,7854,55,,,2,100,,7849,55,,,2,100,,7850,55,,,2
2704,'SEM',625,,7887,55,,,2,28,,7867,55,,,2,68,,7884,55,,,2,29,,7870,55,,,2,68,,7871,55,,,2,28,,7889,55,,,2,66,,7886,55,,,2,88,,7885,55,,,2,100,,7874,55,,,2,108,,7866,55,,,2,95,,7888,55,,,2,48,,7869,55,,,2,106,,7868,55,,,2,147,,7879,55,,,2,37,,7880,55,,,2,80,,7875,55,,,2,13,,7872,55,,,2,70,,7873,55,,,2,31,,7877,55,,,2,75,,7882,55,,,2,100,,7878,55,,,2,45,,7881,55,,,2,94,,7876,55,,,2,104,,7883,55,,,2
3104,'DIM',635,,7960,60,,,1,104,,7961,60,,,1,101,,7959,60,,,1,102,,7965,60,,,1,102,,7966,60,,,1,100,,7964,60,,,1,100,,7962,60,,,1,103,,7950,60,,,1,101,,7963,60,,,1,100,,7949,60,,,1,101,,7948,60,,,1,99,,7953,60,,,1,97,,7955,60,,,1,102,,7954,60,,,1,96,,7956,60,,,1,99,,7952,60,,,1,99,,7951,60,,,1,97,,7957,60,,,1,101,,7958,60,,,1
3104,'SAM',535,,1137,60,,,1,100,,7976,60,,,1,104,,7979,60,,,1,101,,7978,60,,,1,102,,7981,60,,,1,102,,7984,60,,,1,100,,7985,60,,,1,100,,7980,60,,,1,102,,7975,60,,,1,101,,7982,60,,,1,101,,7977,60,,,1,101,,7983,60,,,1,100,,7971,60,,,1,97,,7973,60,,,1,99,,7969,60,,,1,99,,7974,60,,,1,98,,7967,60,,,1,99,,7968,60,,,1,97,,7970,60,,,1,101,,7972,60,,,1
3104,'SEM',500,,7994,60,,,1,37,,7995,60,,,1,92,,8006,60,,,1,22,,8008,60,,,1,64,,7988,60,,,1,34,,8007,60,,,1,68,,8004,60,,,1,29,,8002,60,,,1,75,,8003,60,,,1,22,,8005,60,,,1,100,,7986,60,,,1,102,,7987,60,,,1,100,,7990,60,,,1,101,,8009,60,,,1,100,,7989,60,,,1,102,,7992,60,,,1,100,,7993,60,,,1,96,,7991,60,,,1,103,,7996,60,,,1,96,,8001,60,,,1,105,,8000,60,,,1,98,,7997,60,,,1,101,,7998,60,,,1,100,,7999,60,,,1
4304,'DIM',511,,8893,35,,,1,103,,8887,35,,,1,100,,8883,35,,,1,102,,8885,35,,,1,102,,8890,35,,,1,100,,8888,35,,,1,106,,8889,35,,,1,100,,8886,35,,,1,100,,8894,35,,,1,100,,8891,35,,,1,104,,8892,35,,,1,99,,8875,35,,,1,99,,8876,35,,,1,101,,8878,35,,,1,94,,8881,35,,,1,98,,8880,35,,,1,99,,8877,35,,,1,99,,8879,35,,,1,100,,8884,35,,,1,100,,8882,35,,,1
4304,'SAM',511,,8911,35,,,1,103,,8908,35,,,1,100,,8905,35,,,1,102,,8896,35,,,1,102,,8912,35,,,1,100,,8897,35,,,1,106,,8898,35,,,1,100,,8909,35,,,1,100,,8906,35,,,1,100,,8913,35,,,1,103,,8907,35,,,1,101,,8910,35,,,1,98,,8895,35,,,1,97,,8914,35,,,1,98,,8902,35,,,1,98,,8899,35,,,1,99,,2109,35,,,1,99,,8900,35,,,1,100,,8901,35,,,1,100,,8904,35,,,1,98,,8903,35,,,1
4304,'SEM',527,,8934,35,,,1,76,,8940,35,,,1,35,,8915,35,,,1,66,,8917,35,,,1,21,,8938,35,,,1,31,,8916,35,,,1,73,,8939,35,,,1,73,,8920,35,,,1,35,,8935,35,,,1,68,,8941,35,,,1,31,,8919,35,,,1,70,,8936,35,,,1,30,,8926,35,,,1,70,,8922,35,,,1,30,,8943,35,,,1,70,,8942,35,,,1,30,,8937,35,,,1,72,,8923,35,,,1,29,,8924,35,,,1,70,,8928,35,,,1,36,,8944,35,,,1,66,,8918,35,,,1,26,,8925,35,,,1,70,,8921,35,,,1,96,,8927,35,,,1,56,,8930,35,,,1,100,,8932,35,,,1,101,,8933,35,,,1,99,,11972,35,,,1,101,,11973,35,,,1,150,,8929,35,,,1,20,,8931,35,,,1
4804,'DIM',612,,9283,65,,,1,110,,9287,65,,,1,103,,9284,65,,,1,109,,9288,65,,,1,107,,9291,65,,,1,101,,9274,65,,,1,103,,9285,65,,,1,100,,9286,65,,,1,97,,9290,65,,,1,105,,9276,65,,,1,101,,9289,65,,,1,101,,9275,65,,,1,97,,9281,65,,,1,95,,9277,65,,,1,94,,9282,65,,,1,97,,9279,65,,,1,100,,9278,65,,,1,95,,9280,65,,,1
4804,'SAM',612,,9302,65,,,1,110,,2518,65,,,1,103,,9304,65,,,1,108,,9306,65,,,1,108,,9310,65,,,1,101,,9303,65,,,1,102,,9309,65,,,1,100,,9305,65,,,1,97,,9307,65,,,1,106,,9308,65,,,1,101,,9295,65,,,1,101,,9298,65,,,1,97,,9296,65,,,1,95,,9299,65,,,1,94,,9293,65,,,1,97,,9292,65,,,1,98,,9294,65,,,1,97,,9300,65,,,1,97,,9301,65,,,1,33,,9297,65,,,1
4804,'SEM',543,,9313,65,,,1,82,,9330,65,,,1,32,,9311,65,,,1,73,,9314,65,,,1,27,,9318,65,,,1,79,,9332,65,,,1,70,,9331,65,,,1,30,,9334,65,,,1,70,,9321,65,,,1,31,,9320,65,,,1,71,,9315,65,,,1,101,,9322,65,,,1,100,,9333,65,,,1,100,,9319,65,,,1,102,,9316,65,,,1,39,,9312,65,,,1,107,,9317,65,,,1,95,,9327,65,,,1,67,,9329,65,,,1,102,,9325,65,,,1,114,,9328,65,,,1,99,,9323,65,,,1,98,,9324,65,,,1,96,,11983,65,,,1,97,,9326,65,,,1
5802,'DIM',629,,9883,63,,,2,101,,9890,63,,,2,93,,9887,63,,,2,100,,9891,63,,,2,100,,9894,63,,,2,99,,9886,63,,,2,101,,9896,63,,,2,100,,9893,63,,,2,102,,9889,63,,,2,99,,9892,63,,,2,101,,9888,63,,,2,99,,9882,63,,,2,101,,9895,63,,,2,100,,9879,63,,,2,99,,9885,63,,,2,98,,9881,63,,,2,98,,9880,63,,,2,98,,9884,63,,,2
5802,'SAM',629,,9914,63,,,2,101,,9906,63,,,2,93,,9905,63,,,2,100,,9910,63,,,2,100,,9908,63,,,2,99,,9911,63,,,2,101,,9913,63,,,2,100,,9897,63,,,2,99,,9904,63,,,2,101,,9909,63,,,2,101,,9907,63,,,2,101,,9912,63,,,2,100,,9899,63,,,2,100,,9902,63,,,2,99,,9898,63,,,2,98,,9903,63,,,2,98,,9900,63,,,2,98,,9901,63,,,2
5802,'SEM',549,,9932,63,,,2,76,,9926,63,,,2,22,,9925,63,,,2,80,,9933,63,,,2,75,,9935,63,,,2,29,,9918,63,,,2,73,,9917,63,,,2,43,,9921,63,,,2,100,,9936,63,,,2,100,,9915,63,,,2,100,,9922,63,,,2,100,,9934,63,,,2,100,,9916,63,,,2,65,,9919,63,,,2,30,,9923,63,,,2,104,,9929,63,,,2,71,,9920,63,,,2,93,,9924,63,,,2,96,,9930,63,,,2,98,,11992,63,,,2,99,,9931,63,,,2,97,,9928,63,,,2,59,,9927,63,,,2
6001,'DIM',817,,9939,59,,,1,103,,9947,59,,,1,102,,9945,59,,,1,104,,9946,59,,,1,102,,9948,59,,,1,102,,9951,59,,,1,102,,9949,59,,,1,100,,9952,59,,,1,100,,9950,59,,,1,102,,9953,59,,,1,91,,9954,59,,,1,99,,9941,59,,,1,98,,9943,59,,,1,97,,9942,59,,,1,99,,9944,59,,,1,99,,9938,59,,,1,100,,9940,59,,,1
6001,'SAM',713,,9961,59,,,1,104,,9966,59,,,1,103,,9957,59,,,1,102,,9969,59,,,1,103,,9971,59,,,1,103,,9967,59,,,1,102,,9970,59,,,1,102,,9968,59,,,1,100,,9956,59,,,1,100,,9972,59,,,1,102,,9955,59,,,1,91,,9959,59,,,1,100,,9964,59,,,1,97,,9960,59,,,1,97,,9962,59,,,1,99,,9965,59,,,1,99,,9958,59,,,1,100,,9963,59,,,1
6001,'SEM',559,,9987,59,,,1,142,,9973,59,,,1,47,,9991,59,,,1,78,,9985,59,,,1,77,,9989,59,,,1,101,,9975,59,,,1,101,,9992,59,,,1,101,,9990,59,,,1,104,,9976,59,,,1,100,,9974,59,,,1,102,,9986,59,,,1,102,,9988,59,,,1,99,,9977,59,,,1,102,,9981,59,,,1,95,,9979,59,,,1,49,,9984,59,,,1,98,,9982,59,,,1,98,,9978,59,,,1,98,,9980,59,,,1,94,,9983,59,,,1
7001,'DIM',745,,10584,83,,,1,101,,10574,83,,,1,99,,10582,83,,,1,100,,10585,83,,,1,69,,10588,83,,,1,31,,10583,83,,,1,70,,10590,83,,,1,28,,10589,83,,,1,70,,10586,83,,,1,35,,10587,83,,,1,69,,10591,83,,,1,27,,10567,83,,,1,74,,10592,83,,,1,25,,10570,83,,,1,75,,10571,83,,,1,27,,10572,83,,,1,73,,10569,83,,,1,33,,10575,83,,,1,73,,10578,83,,,1,30,,10573,83,,,1,94,,10579,83,,,1,98,,10576,83,,,1,100,,10568,83,,,1,99,,10580,83,,,1,100,,10581,83,,,1,99,,10577,83,,,1
7001,'SAM',745,,10609,83,,,1,101,,10614,83,,,1,99,,10616,83,,,1,100,,10617,83,,,1,68,,10615,83,,,1,32,,10593,83,,,1,69,,10618,83,,,1,29,,10613,83,,,1,70,,10594,83,,,1,34,,10610,83,,,1,68,,10595,83,,,1,33,,10611,83,,,1,70,,10597,83,,,1,25,,10612,83,,,1,73,,10600,83,,,1,29,,10602,83,,,1,73,,10599,83,,,1,34,,10601,83,,,1,72,,10605,83,,,1,30,,10603,83,,,1,94,,10607,83,,,1,98,,10596,83,,,1,100,,10598,83,,,1,98,,10608,83,,,1,101,,10606,83,,,1,99,,10604,83,,,1
7001,'SEM',556,,10645,83,,,1,73,,10623,83,,,1,29,,10646,83,,,1,58,,10647,83,,,1,19,,10642,83,,,1,68,,10653,83,,,1,24,,10634,83,,,1,24,,10620,83,,,1,69,,10652,83,,,1,30,,10649,83,,,1,71,,10650,83,,,1,29,,10631,83,,,1,71,,10654,83,,,1,29,,10622,83,,,1,72,,10627,83,,,1,28,,10651,83,,,1,70,,10621,83,,,1,30,,10619,83,,,1,72,,10648,83,,,1,30,,10626,83,,,1,79,,10629,83,,,1,24,,10625,83,,,1,51,,10632,83,,,1,50,,10624,83,,,1,77,,10636,83,,,1,67,,10639,83,,,1,33,,10640,83,,,1,24,,10628,83,,,1,78,,10637,83,,,1,84,,10633,83,,,1,33,,10630,83,,,1,148,,10638,83,,,1,59,,10635,83,,,1,99,,10643,83,,,1,99,,10641,83,,,1,167,,10644,83,,,1
7304,'DIM',550,,10839,78,,,1,70,,10828,78,,,1,103,,10832,78,,,1,101,,10835,78,,,1,102,,10831,78,,,1,102,,10833,78,,,1,100,,10836,78,,,1,100,,10840,78,,,1,102,,10834,78,,,1,101,,10837,78,,,1,101,,10830,78,,,1,100,,10838,78,,,1,100,,10841,78,,,1,99,,10824,78,,,1,99,,10821,78,,,1,97,,10827,78,,,1,99,,10823,78,,,1,99,,10822,78,,,1,97,,10825,78,,,1,101,,10826,78,,,1,99,,10829,78,,,1
7304,'SAM',550,,10861,78,,,1,70,,10851,78,,,1,103,,10856,78,,,1,101,,10853,78,,,1,102,,10852,78,,,1,102,,10857,78,,,1,100,,10859,78,,,1,101,,10855,78,,,1,101,,10845,78,,,1,101,,10858,78,,,1,101,,10854,78,,,1,100,,10860,78,,,1,100,,10862,78,,,1,99,,10844,78,,,1,98,,10842,78,,,1,98,,10843,78,,,1,99,,10847,78,,,1,99,,10846,78,,,1,97,,4131,78,,,1,101,,10848,78,,,1,99,,4133,78,,,1,100,,10849,78,,,1,99,,10850,78,,,1
7304,'SEM',512,,10894,78,,,1,42,,10891,78,,,1,82,,10897,78,,,1,18,,10900,78,,,1,73,,10896,78,,,1,15,,10893,78,,,1,14,,10869,78,,,1,68,,10871,78,,,1,14,,10892,78,,,1,15,,10898,78,,,1,65,,10887,78,,,1,31,,10865,78,,,1,80,,10864,78,,,1,29,,10880,78,,,1,70,,10895,78,,,1,30,,10866,78,,,1,71,,10870,78,,,1,76,,10879,78,,,1,26,,10872,78,,,1,70,,10899,78,,,1,30,,10867,78,,,1,70,,10868,78,,,1,33,,10876,78,,,1,71,,10863,78,,,1,32,,10873,78,,,1,78,,10883,78,,,1,22,,10881,78,,,1,67,,10875,78,,,1,29,,10882,78,,,1,76,,10877,78,,,1,20,,10888,78,,,1,29,,10874,78,,,1,70,,10884,78,,,1,29,,10886,78,,,1,73,,10878,78,,,1,96,,10890,78,,,1,99,,10885,78,,,1,102,,10889,78,,,1
7402,'DIM',651,,10961,91,,,2,102,,10964,91,,,2,101,,6451,91,,,2,102,,10965,91,,,2,102,,10963,91,,,2,100,,10962,91,,,2,101,,10968,91,,,2,100,,10967,91,,,2,143,,10969,91,,,2,99,,10966,91,,,2,99,,10956,91,,,2,101,,10955,91,,,2,58,,10957,91,,,2,98,,10958,91,,,2,99,,6443,91,,,2,100,,10959,91,,,2,97,,10960,91,,,2
7402,'SAM',651,,10977,91,,,2,102,,10981,91,,,2,101,,10979,91,,,2,102,,10976,91,,,2,102,,10980,91,,,2,100,,10982,91,,,2,101,,10985,91,,,2,141,,10978,91,,,2,100,,10983,91,,,2,101,,10986,91,,,2,100,,10984,91,,,2,99,,10970,91,,,2,59,,10972,91,,,2,98,,10974,91,,,2,99,,10973,91,,,2,100,,10975,91,,,2,97,,10971,91,,,2
7402,'SEM',610,,11000,91,,,2,90,,11005,91,,,2,20,,10988,91,,,2,82,,10999,91,,,2,100,,10989,91,,,2,99,,10987,91,,,2,99,,10991,91,,,2,101,,11001,91,,,2,57,,11004,91,,,2,100,,10990,91,,,2,142,,11003,91,,,2,102,,11002,91,,,2,100,,10992,91,,,2,56,,10993,91,,,2,100,,10996,91,,,2,97,,10998,91,,,2,99,,10994,91,,,2,102,,10995,91,,,2,97,,10997,91,,,2
22202,'DIM',1457,,4994,61,,,2
22202,'SAM',1457,,11668,61,,,2,898,,11666,61,,,2,100,,11667,61,,,2
22202,'SEM',558,,11675,61,,,2,160,,11670,61,,,2,41,,11671,61,,,2,768,,11674,61,,,2,75,,11669,61,,,2,701,,11672,61,,,2,25,,11673,61,,,2
32202,'SAM',2612,,11777,55,,,2
32202,'SEM',2439,,12016,55,,,2,84,,11778,55,,,2
34504,'SEM',2530,,11789,40,,,1,118,,11788,40,,,1
