4503,'DIM',637,,8950,3,,,1,100,,8960,3,,,1,101,,8958,3,,,1,98,,8964,3,,,1,101,,8959,3,,,1,98,,8962,3,,,1,105,,8952,3,,,1,100,,8956,3,,,1,98,,8949,3,,,1,102,,8947,3,,,1,92,,8961,3,,,1,102,,8963,3,,,1,104,,8948,3,,,1,102,,8957,3,,,1,102,,8951,3,,,1,99,,8954,3,,,1,99,,8955,3,,,1,102,,8953,3,,,1
4503,'SAM',637,,8978,3,,,1,100,,8974,3,,,1,101,,8977,3,,,1,98,,8976,3,,,1,101,,8966,3,,,1,97,,8975,3,,,1,106,,8979,3,,,1,99,,8970,3,,,1,101,,8981,3,,,1,101,,8980,3,,,1,91,,8982,3,,,1,105,,8965,3,,,1,101,,8972,3,,,1,102,,8967,3,,,1,102,,8971,3,,,1,99,,8969,3,,,1,99,,8973,3,,,1,102,,8968,3,,,1
4503,'SEM',624,,8988,3,,,1,18,,8986,3,,,1,74,,8983,3,,,1,26,,9003,3,,,1,67,,8987,3,,,1,39,,8985,3,,,1,65,,9004,3,,,1,110,,9002,3,,,1,100,,8991,3,,,1,95,,8989,3,,,1,100,,9005,3,,,1,101,,8984,3,,,1,105,,9006,3,,,1,26,,8993,3,,,1,88,,8996,3,,,1,19,,8990,3,,,1,58,,8997,3,,,1,32,,8999,3,,,1,80,,8995,3,,,1,100,,8994,3,,,1,100,,8998,3,,,1,100,,9001,3,,,1,100,,8992,3,,,1,95,,9000,3,,,1
5001,'DIM',528,,9340,13,,,1,100,,9348,13,,,1,100,,9336,13,,,1,98,,9353,13,,,1,101,,9345,13,,,1,73,,9355,13,,,1,37,,9347,13,,,1,63,,9360,13,,,1,38,,9358,13,,,1,62,,9359,13,,,1,35,,9361,13,,,1,69,,9346,13,,,1,32,,9349,13,,,1,76,,9362,13,,,1,29,,9351,13,,,1,73,,9350,13,,,1,30,,9356,13,,,1,63,,9354,13,,,1,34,,9352,13,,,1,81,,9357,13,,,1,18,,9338,13,,,1,100,,9341,13,,,1,99,,9344,13,,,1,100,,9337,13,,,1,99,,9342,13,,,1,98,,9339,13,,,1,100,,9343,13,,,1
5001,'SAM',528,,9370,13,,,1,100,,9373,13,,,1,100,,9364,13,,,1,98,,9385,13,,,1,101,,9383,13,,,1,79,,9388,13,,,1,30,,9381,13,,,1,64,,9365,13,,,1,38,,9389,13,,,1,62,,9387,13,,,1,35,,9366,13,,,1,69,,9377,13,,,1,32,,9379,13,,,1,76,,9382,13,,,1,29,,9378,13,,,1,73,,9380,13,,,1,30,,9368,13,,,1,63,,9369,13,,,1,34,,9363,13,,,1,79,,9384,13,,,1,21,,9386,13,,,1,99,,9374,13,,,1,99,,9376,13,,,1,100,,9375,13,,,1,99,,9371,13,,,1,98,,9367,13,,,1,100,,9372,13,,,1
5001,'SEM',518,,9411,13,,,1,106,,9416,13,,,1,35,,9412,13,,,1,63,,9391,13,,,1,36,,9390,13,,,1,64,,9393,13,,,1,31,,9419,13,,,1,67,,9420,13,,,1,33,,9415,13,,,1,67,,9392,13,,,1,33,,9396,13,,,1,68,,9414,13,,,1,32,,9402,13,,,1,72,,9417,13,,,1,30,,9397,13,,,1,72,,9413,13,,,1,28,,9418,13,,,1,70,,9395,13,,,1,82,,9394,13,,,1,26,,9405,13,,,1,76,,9398,13,,,1,30,,9399,13,,,1,69,,9404,13,,,1,29,,9400,13,,,1,75,,9403,13,,,1,29,,9406,13,,,1,75,,9407,13,,,1,104,,9421,13,,,1,104,,9401,13,,,1,104,,9409,13,,,1,105,,9408,13,,,1,106,,9410,13,,,1,89,,9422,3,,,1
6001,'DIM',805,,9939,37,,,1,103,,9947,37,,,1,102,,9945,37,,,1,103,,9946,37,,,1,101,,9948,37,,,1,102,,9951,37,,,1,102,,9949,37,,,1,100,,9952,37,,,1,100,,9950,37,,,1,102,,9953,37,,,1,93,,9954,37,,,1,99,,9941,37,,,1,98,,9943,37,,,1,97,,9942,37,,,1,99,,9944,37,,,1,99,,9938,37,,,1,100,,9940,37,,,1
6001,'SAM',703,,9961,37,,,1,102,,9966,37,,,1,103,,9957,37,,,1,102,,9969,37,,,1,102,,9971,37,,,1,102,,9967,37,,,1,102,,9970,37,,,1,102,,9968,37,,,1,100,,9956,37,,,1,100,,9972,37,,,1,102,,9955,37,,,1,93,,9959,37,,,1,100,,9964,37,,,1,97,,9960,37,,,1,97,,9962,37,,,1,99,,9965,37,,,1,99,,9958,37,,,1,100,,9963,37,,,1
6001,'SEM',547,,9987,37,,,1,101,,9973,37,,,1,87,,9991,37,,,1,77,,9985,37,,,1,36,,9989,37,,,1,101,,9975,37,,,1,100,,9992,37,,,1,101,,9990,37,,,1,104,,9976,37,,,1,100,,9974,37,,,1,101,,9986,37,,,1,102,,9988,37,,,1,99,,9977,37,,,1,102,,9981,37,,,1,98,,9979,37,,,1,90,,9984,37,,,1,98,,9982,37,,,1,98,,9978,37,,,1,99,,9980,37,,,1,94,,9983,37,,,1
34503,'SEM',442,,11786,22,,,1,101,,11787,22,,,1
