2201,'DIM',645,,7194,43,,,2,101,,7198,43,,,2,104,,7197,43,,,2,99,,7196,43,,,2,101,,7193,43,,,2,99,,7195,43,,,2,101,,7200,43,,,2,102,,7202,43,,,2,96,,7199,43,,,2,105,,7201,43,,,2,99,,7187,43,,,2,100,,7189,43,,,2,97,,7188,43,,,2,102,,7191,43,,,2,100,,7190,43,,,2,100,,7192,43,,,2
2201,'SAM',645,,7211,43,,,2,101,,7213,43,,,2,104,,7210,43,,,2,99,,7212,43,,,2,102,,7215,43,,,2,99,,7219,43,,,2,101,,7218,43,,,2,101,,7214,43,,,2,96,,7216,43,,,2,102,,7217,43,,,2,102,,7204,43,,,2,101,,7207,43,,,2,96,,7205,43,,,2,102,,7203,43,,,2,100,,7209,43,,,2,100,,7208,43,,,2,100,,7206,43,,,2
2201,'SEM',640,,7234,43,,,2,100,,7223,43,,,2,94,,7221,43,,,2,80,,7220,43,,,2,34,,7236,43,,,2,101,,7222,43,,,2,100,,7235,43,,,2,100,,7237,43,,,2,100,,7225,43,,,2,96,,7226,43,,,2,105,,7224,43,,,2,100,,7230,43,,,2,100,,7228,43,,,2,99,,7227,43,,,2,98,,7229,43,,,2,104,,7233,43,,,2,100,,7231,43,,,2,95,,7232,43,,,2,98,,11959,43,,,2
5001,'DIM',546,,9340,50,,,1,100,,9348,50,,,1,101,,9336,50,,,1,98,,9353,50,,,1,101,,9345,50,,,1,73,,9355,50,,,1,37,,9347,50,,,1,64,,9360,50,,,1,39,,9358,50,,,1,62,,9359,50,,,1,35,,9361,50,,,1,69,,9346,50,,,1,32,,9349,50,,,1,76,,9362,50,,,1,69,,9351,50,,,1,34,,9350,50,,,1,70,,9356,50,,,1,23,,9354,50,,,1,74,,9352,50,,,1,41,,9357,50,,,1,58,,9338,50,,,1,99,,9341,50,,,1,58,,9344,50,,,1,100,,9337,50,,,1,99,,9342,50,,,1,98,,9339,50,,,1,100,,9343,50,,,1
5001,'SAM',546,,9370,50,,,1,100,,9373,50,,,1,101,,9364,50,,,1,98,,9385,50,,,1,101,,9383,50,,,1,79,,9388,50,,,1,30,,9381,50,,,1,65,,9365,50,,,1,39,,9389,50,,,1,62,,9387,50,,,1,35,,9366,50,,,1,69,,9377,50,,,1,32,,9379,50,,,1,76,,9382,50,,,1,69,,9378,50,,,1,34,,9380,50,,,1,70,,9368,50,,,1,23,,9369,50,,,1,74,,9363,50,,,1,39,,9384,50,,,1,61,,9386,50,,,1,98,,9374,50,,,1,58,,9376,50,,,1,100,,9375,50,,,1,99,,9371,50,,,1,98,,9367,50,,,1,100,,9372,50,,,1
5001,'SEM',538,,9411,50,,,1,107,,9416,50,,,1,76,,9412,50,,,1,24,,9391,50,,,1,77,,9390,50,,,1,24,,9393,50,,,1,71,,9419,50,,,1,26,,9420,50,,,1,73,,9415,50,,,1,27,,9392,50,,,1,73,,9396,50,,,1,28,,9414,50,,,1,72,,9402,50,,,1,32,,9417,50,,,1,70,,9397,50,,,1,32,,9413,50,,,1,68,,9418,50,,,1,30,,9395,50,,,1,84,,9394,50,,,1,27,,9405,50,,,1,76,,9398,50,,,1,70,,9399,50,,,1,29,,9404,50,,,1,66,,9400,50,,,1,35,,9403,50,,,1,69,,9406,50,,,1,35,,9407,50,,,1,104,,11984,50,,,1,103,,9401,50,,,1,103,,9409,50,,,1,105,,9408,50,,,1,146,,9410,50,,,1,49,,11985,40,,,1
5801,'DIM',547,,9832,58,,,2,101,,9814,58,,,2,91,,9823,58,,,2,101,,9826,58,,,2,99,,9829,58,,,2,100,,9822,58,,,2,102,,9831,58,,,2,98,,9828,58,,,2,103,,9825,58,,,2,99,,9827,58,,,2,102,,9824,58,,,2,99,,9817,58,,,2,101,,9830,58,,,2,99,,9813,58,,,2,99,,9821,58,,,2,99,,9816,58,,,2,100,,9815,58,,,2,100,,9819,58,,,2,98,,9818,58,,,2,110,,9820,58,,,2
5801,'SAM',547,,9852,58,,,2,101,,9844,58,,,2,91,,9843,58,,,2,101,,9848,58,,,2,100,,9846,58,,,2,99,,9849,58,,,2,102,,9851,58,,,2,98,,9833,58,,,2,101,,9842,58,,,2,101,,9847,58,,,2,101,,9845,58,,,2,101,,9850,58,,,2,100,,9836,58,,,2,100,,9840,58,,,2,98,,9834,58,,,2,99,,9841,58,,,2,100,,9837,58,,,2,100,,9839,58,,,2,98,,9835,58,,,2,110,,9838,58,,,2
5801,'SEM',538,,9866,58,,,2,68,,9863,58,,,2,42,,9875,58,,,2,85,,9864,58,,,2,86,,9870,58,,,2,85,,9857,58,,,2,99,,9876,58,,,2,100,,9853,58,,,2,100,,9858,58,,,2,100,,9874,58,,,2,100,,9854,58,,,2,47,,9865,58,,,2,71,,9855,58,,,2,32,,9877,58,,,2,69,,9860,58,,,2,35,,9862,58,,,2,69,,9861,58,,,2,27,,9856,58,,,2,69,,9873,58,,,2,29,,9859,58,,,2,70,,9872,58,,,2,100,,11991,58,,,2,99,,9868,58,,,2,99,,9867,58,,,2,99,,9869,58,,,2,98,,9871,58,,,2
22201,'DIM',1417,,11652,43,,,2,815,,11650,43,,,2,83,,11651,43,,,2
22201,'SAM',1417,,11657,43,,,2,815,,11653,43,,,2,83,,11654,43,,,2,100,,11656,43,,,2,112,,11655,43,,,2
22201,'SEM',720,,11658,43,,,2,10,,11659,43,,,2,683,,11660,43,,,2,100,,11661,43,,,2,106,,11665,43,,,2,100,,11663,43,,,2,90,,11662,43,,,2,625,,11664,43,,,2
32201,'DIM',525,,11767,44,,,2,802,,11769,43,,,2,802,,11768,43,,,2
32201,'SAM',525,,11770,44,,,2,802,,11771,43,,,2
32201,'SEM',527,,11772,44,,,2,19,,11773,44,,,2,67,,11774,44,,,2,715,,11775,43,,,2,801,,11776,43,,,2
