4201,'DIM',521,,8511,30,,,2,104,,8535,30,,,2,30,,8552,30,,,2,71,,1716,30,,,2,31,,8536,30,,,2,71,,8541,30,,,2,30,,8545,30,,,2,71,,8548,30,,,2,71,,8540,30,,,2,26,,8543,30,,,2,76,,8542,30,,,2,20,,8528,30,,,2,23,,8533,30,,,2,58,,8532,30,,,2,22,,8534,30,,,2,18,,8538,30,,,2,60,,8537,30,,,2,19,,8555,30,,,2,22,,8549,30,,,2,61,,8544,30,,,2,20,,1723,30,,,2,21,,8551,30,,,2,60,,8515,30,,,2,20,,8517,30,,,2,20,,8518,30,,,2,61,,8550,30,,,2,19,,8539,30,,,2,21,,8546,30,,,2,60,,8516,30,,,2,15,,8554,30,,,2,15,,8553,30,,,2,14,,8527,30,,,2,52,,8547,30,,,2,18,,8513,30,,,2,32,,8512,30,,,2,70,,8523,30,,,2,29,,8510,30,,,2,70,,8519,30,,,2,29,,8530,30,,,2,70,,8514,30,,,2,31,,8521,30,,,2,70,,8525,30,,,2,29,,8526,30,,,2,70,,8520,30,,,2,34,,8524,30,,,2,68,,8522,30,,,2,34,,8529,30,,,2,75,,8531,30,,,2
4201,'SAM',521,,8556,30,,,2,104,,8584,30,,,2,30,,8559,30,,,2,71,,8591,30,,,2,31,,8587,30,,,2,71,,8586,30,,,2,30,,8590,30,,,2,71,,8597,30,,,2,71,,8602,30,,,2,25,,8595,30,,,2,77,,8581,30,,,2,20,,8593,30,,,2,22,,8585,30,,,2,59,,8576,30,,,2,21,,8583,30,,,2,19,,8557,30,,,2,60,,8589,30,,,2,19,,8588,30,,,2,22,,8582,30,,,2,61,,8592,30,,,2,20,,8558,30,,,2,20,,8594,30,,,2,60,,8598,30,,,2,21,,8562,30,,,2,20,,8600,30,,,2,61,,8603,30,,,2,20,,8604,30,,,2,19,,8568,30,,,2,61,,8601,30,,,2,14,,8570,30,,,2,16,,8596,30,,,2,14,,8572,30,,,2,54,,8599,30,,,2,16,,8575,30,,,2,36,,8560,30,,,2,66,,8563,30,,,2,29,,8579,30,,,2,70,,8565,30,,,2,29,,8567,30,,,2,73,,8561,30,,,2,27,,8564,30,,,2,70,,8566,30,,,2,30,,8569,30,,,2,70,,8571,30,,,2,34,,8573,30,,,2,68,,8580,30,,,2,34,,8574,30,,,2,75,,8578,30,,,2,70,,8577,30,,,2
4201,'SEM',626,,8652,30,,,2,30,,8607,30,,,2,57,,8647,30,,,2,21,,8650,30,,,2,24,,8653,30,,,2,62,,8651,30,,,2,19,,8608,30,,,2,19,,8646,30,,,2,62,,8605,30,,,2,19,,8611,30,,,2,19,,8636,30,,,2,63,,8648,30,,,2,18,,8649,30,,,2,63,,8612,30,,,2,17,,11964,30,,,2,23,,8614,30,,,2,60,,8615,30,,,2,19,,8616,30,,,2,22,,8610,30,,,2,15,,8618,30,,,2,63,,8619,30,,,2,19,,8620,30,,,2,61,,8609,30,,,2,21,,8624,30,,,2,20,,8654,30,,,2,59,,8628,30,,,2,21,,8629,30,,,2,20,,8630,30,,,2,15,,8632,30,,,2,53,,8606,30,,,2,13,,11962,30,,,2,11,,8623,30,,,2,13,,8635,30,,,2,54,,8637,30,,,2,15,,8626,30,,,2,14,,8622,30,,,2,14,,8621,30,,,2,14,,8641,30,,,2,55,,8643,30,,,2,15,,8613,30,,,2,14,,8645,30,,,2,63,,8638,30,,,2,13,,8642,30,,,2,21,,8617,30,,,2,67,,8644,30,,,2,31,,8625,30,,,2,67,,8627,30,,,2,33,,8631,30,,,2,66,,8633,30,,,2,31,,8658,16,,,2,75,,11963,30,,,2,23,,8657,16,,,2,70,,8640,30,,,2,44,,8639,30,,,2
4803,'DIM',705,,9218,10,,,1,103,,9222,10,,,1,103,,9226,10,,,1,99,,9209,10,,,1,102,,9219,10,,,1,101,,9220,10,,,1,95,,9225,10,,,1,105,,9221,10,,,1,99,,9223,10,,,1,100,,9210,10,,,1,100,,9224,10,,,1,100,,9212,10,,,1,95,,9216,10,,,1,100,,9215,10,,,1,100,,9214,10,,,1,98,,2438,10,,,1,100,,9211,10,,,1,35,,9213,10,,,1,161,,9217,10,,,1
4803,'SAM',605,,2450,10,,,1,100,,9238,10,,,1,102,,9241,10,,,1,104,,9245,10,,,1,99,,9236,10,,,1,101,,9244,10,,,1,101,,9239,10,,,1,94,,9242,10,,,1,106,,9240,10,,,1,100,,9237,10,,,1,100,,9243,10,,,1,100,,9230,10,,,1,100,,9232,10,,,1,95,,9228,10,,,1,100,,9227,10,,,1,98,,9229,10,,,1,100,,9234,10,,,1,100,,9235,10,,,1,35,,9231,10,,,1,161,,9233,10,,,1
4803,'SEM',600,,9265,10,,,1,20,,9267,10,,,1,37,,9258,10,,,1,74,,9268,10,,,1,71,,9271,10,,,1,24,,9254,10,,,1,80,,9253,10,,,1,30,,9248,10,,,1,95,,9255,10,,,1,100,,9250,10,,,1,100,,9249,10,,,1,100,,9269,10,,,1,80,,9246,10,,,1,101,,9251,10,,,1,35,,9266,10,,,1,64,,9247,10,,,1,30,,9270,10,,,1,70,,9259,10,,,1,30,,9252,10,,,1,70,,9260,10,,,1,95,,9264,10,,,1,100,,9256,10,,,1,99,,9257,10,,,1,99,,11981,10,,,1,100,,9262,10,,,1,99,,9261,10,,,1,51,,9263,10,,,1,73,,11982,10,,,1
5801,'DIM',525,,9832,10,,,2,100,,9814,10,,,2,90,,9823,10,,,2,100,,9826,10,,,2,99,,9829,10,,,2,100,,9822,10,,,2,102,,9831,10,,,2,98,,9828,10,,,2,103,,9825,10,,,2,99,,9827,10,,,2,102,,9824,10,,,2,99,,9817,10,,,2,101,,9830,10,,,2,99,,9813,10,,,2,99,,9821,10,,,2,99,,9816,10,,,2,100,,9815,10,,,2,100,,9819,10,,,2,99,,9818,10,,,2,110,,9820,10,,,2
5801,'SAM',525,,9852,10,,,2,100,,9844,10,,,2,90,,9843,10,,,2,100,,9848,10,,,2,100,,9846,10,,,2,99,,9849,10,,,2,102,,9851,10,,,2,98,,9833,10,,,2,101,,9842,10,,,2,101,,9847,10,,,2,101,,9845,10,,,2,101,,9850,10,,,2,100,,9836,10,,,2,100,,9840,10,,,2,98,,9834,10,,,2,99,,9841,10,,,2,100,,9837,10,,,2,100,,9839,10,,,2,99,,9835,10,,,2,110,,9838,10,,,2
5801,'SEM',515,,9866,10,,,2,28,,9863,10,,,2,82,,9875,10,,,2,83,,9864,10,,,2,46,,9870,10,,,2,85,,9857,10,,,2,99,,9876,10,,,2,100,,9853,10,,,2,100,,9858,10,,,2,100,,9874,10,,,2,100,,9854,10,,,2,86,,9865,10,,,2,31,,9855,10,,,2,72,,9877,10,,,2,28,,9860,10,,,2,75,,9862,10,,,2,28,,9861,10,,,2,68,,9856,10,,,2,29,,9873,10,,,2,70,,9859,10,,,2,30,,9872,10,,,2,100,,11991,10,,,2,100,,9868,10,,,2,99,,9867,10,,,2,100,,9869,10,,,2,99,,9871,10,,,2
7002,'DIM',659,,10662,10,,,1,142,,10669,10,,,1,100,,3943,10,,,1,101,,10665,10,,,1,28,,10666,10,,,1,73,,10668,10,,,1,29,,10658,10,,,1,25,,10667,10,,,1,75,,10664,10,,,1,25,,10673,10,,,1,79,,10671,10,,,1,67,,10674,10,,,1,36,,10656,10,,,1,65,,10670,10,,,1,31,,10676,10,,,1,23,,10672,10,,,1,78,,10675,10,,,1,68,,10660,10,,,1,36,,10678,10,,,1,74,,3946,10,,,1,97,,10677,10,,,1,95,,10655,10,,,1,95,,10657,10,,,1,100,,10661,10,,,1,99,,10659,10,,,1,103,,10663,10,,,1
7002,'SAM',658,,10705,10,,,1,143,,10685,10,,,1,100,,10693,10,,,1,101,,10692,10,,,1,25,,10701,10,,,1,76,,10706,10,,,1,29,,10703,10,,,1,24,,10697,10,,,1,75,,10696,10,,,1,26,,10695,10,,,1,79,,10698,10,,,1,75,,10694,10,,,1,27,,10704,10,,,1,65,,10702,10,,,1,28,,10700,10,,,1,26,,10699,10,,,1,79,,10688,10,,,1,69,,10684,10,,,1,36,,10686,10,,,1,74,,10681,10,,,1,96,,10690,10,,,1,95,,10682,10,,,1,96,,10683,10,,,1,99,,10689,10,,,1,99,,10687,10,,,1,103,,10691,10,,,1
7002,'SEM',533,,10714,10,,,1,96,,10734,10,,,1,26,,10735,10,,,1,73,,10713,10,,,1,77,,10716,10,,,1,27,,10718,10,,,1,70,,10733,10,,,1,30,,10711,10,,,1,70,,10740,10,,,1,30,,10719,10,,,1,27,,10741,10,,,1,73,,10736,10,,,1,26,,10738,10,,,1,74,,10737,10,,,1,69,,10712,10,,,1,30,,10739,10,,,1,24,,10732,10,,,1,76,,10717,10,,,1,71,,10720,10,,,1,30,,10715,10,,,1,70,,10709,10,,,1,33,,10710,10,,,1,68,,10723,10,,,1,33,,10724,10,,,1,66,,10728,10,,,1,33,,10727,10,,,1,91,,10725,10,,,1,82,,10729,10,,,1,94,,10721,10,,,1,112,,10726,10,,,1,106,,10722,10,,,1,99,,10731,10,,,1,105,,10730,10,,,1
