3904,'DIM',854,,8313,66,,,1,153,,8307,66,,,1,42,,8314,66,,,1,70,,8317,66,,,1,34,,8308,66,,,1,67,,8306,66,,,1,33,,8316,66,,,1,69,,8311,66,,,1,35,,8300,66,,,1,67,,8315,66,,,1,30,,8309,66,,,1,71,,8310,66,,,1,32,,8299,66,,,1,69,,8312,66,,,1,31,,8295,66,,,1,71,,8296,66,,,1,27,,8301,66,,,1,68,,8302,66,,,1,29,,8303,66,,,1,83,,8304,66,,,1,97,,8297,66,,,1,100,,8305,66,,,1,99,,8298,66,,,1
3904,'SAM',854,,8333,66,,,1,153,,8326,66,,,1,42,,8337,66,,,1,70,,8327,66,,,1,31,,8318,66,,,1,70,,8324,66,,,1,36,,8330,66,,,1,66,,8328,66,,,1,35,,8334,66,,,1,67,,8325,66,,,1,30,,8331,66,,,1,71,,8332,66,,,1,31,,8338,66,,,1,70,,8329,66,,,1,32,,8335,66,,,1,64,,8336,66,,,1,33,,8339,66,,,1,68,,8340,66,,,1,29,,8319,66,,,1,86,,8320,66,,,1,96,,8322,66,,,1,98,,8321,66,,,1,99,,8323,66,,,1
3904,'SEM',648,,8364,66,,,1,67,,8357,66,,,1,15,,8363,66,,,1,11,,8345,66,,,1,72,,8360,66,,,1,31,,8341,66,,,1,71,,8358,66,,,1,30,,8365,66,,,1,75,,8343,66,,,1,28,,8344,66,,,1,73,,8355,66,,,1,30,,8359,66,,,1,71,,8361,66,,,1,28,,8352,66,,,1,72,,8356,66,,,1,27,,8362,66,,,1,78,,8342,66,,,1,74,,8347,66,,,1,30,,8349,66,,,1,72,,8350,66,,,1,101,,8366,66,,,1,109,,8353,66,,,1,97,,8354,66,,,1,103,,8346,66,,,1,100,,8348,66,,,1,93,,8351,66,,,1
4202,'DIM',521,,8661,96,,,2,82,,8702,96,,,2,26,,8672,96,,,2,71,,8660,96,,,2,31,,8684,96,,,2,70,,8682,96,,,2,33,,8703,96,,,2,72,,8687,96,,,2,33,,8683,96,,,2,72,,8691,96,,,2,31,,8695,96,,,2,63,,8701,96,,,2,22,,8697,96,,,2,22,,8688,96,,,2,62,,8693,96,,,2,19,,8689,96,,,2,20,,8692,96,,,2,58,,8677,96,,,2,23,,8680,96,,,2,20,,8679,96,,,2,62,,8681,96,,,2,19,,8686,96,,,2,20,,8685,96,,,2,58,,8705,96,,,2,22,,8698,96,,,2,21,,8694,96,,,2,61,,8690,96,,,2,21,,8700,96,,,2,19,,8665,96,,,2,60,,8666,96,,,2,21,,8667,96,,,2,23,,8699,96,,,2,75,,8696,96,,,2,73,,8704,96,,,2,29,,8676,96,,,2,70,,8663,96,,,2,32,,8662,96,,,2,70,,8671,96,,,2,27,,8659,96,,,2,67,,8668,96,,,2,28,,8678,96,,,2,28,,8664,96,,,2,69,,8670,96,,,2,30,,8674,96,,,2,67,,8675,96,,,2,29,,8669,96,,,2,76,,8673,96,,,2
4202,'SAM',521,,8708,96,,,2,82,,8710,96,,,2,26,,8728,96,,,2,71,,8706,96,,,2,31,,8736,96,,,2,70,,8734,96,,,2,33,,8711,96,,,2,72,,8742,96,,,2,33,,8738,96,,,2,72,,8737,96,,,2,31,,8741,96,,,2,63,,8753,96,,,2,22,,8747,96,,,2,22,,8751,96,,,2,61,,8746,96,,,2,20,,8749,96,,,2,20,,8731,96,,,2,58,,8744,96,,,2,22,,8735,96,,,2,21,,8727,96,,,2,61,,8733,96,,,2,20,,8707,96,,,2,20,,8740,96,,,2,58,,8739,96,,,2,22,,8732,96,,,2,21,,8743,96,,,2,61,,8709,96,,,2,20,,8745,96,,,2,19,,8748,96,,,2,61,,8714,96,,,2,21,,8750,96,,,2,23,,8752,96,,,2,74,,8720,96,,,2,73,,8722,96,,,2,30,,8724,96,,,2,70,,8726,96,,,2,35,,8712,96,,,2,67,,8715,96,,,2,27,,8729,96,,,2,67,,8717,96,,,2,28,,8719,96,,,2,71,,8713,96,,,2,25,,8716,96,,,2,30,,8718,96,,,2,68,,8721,96,,,2,29,,8723,96,,,2,76,,8725,96,,,2,30,,8730,96,,,2
4202,'SEM',522,,8792,96,,,2,98,,8794,96,,,2,34,,8798,96,,,2,57,,8801,96,,,2,17,,8754,96,,,2,10,,8756,96,,,2,11,,8759,96,,,2,9,,8762,96,,,2,50,,8800,96,,,2,12,,8797,96,,,2,21,,8757,96,,,2,18,,8771,96,,,2,61,,8758,96,,,2,22,,8802,96,,,2,62,,8799,96,,,2,19,,8760,96,,,2,21,,8793,96,,,2,60,,8755,96,,,2,19,,8796,96,,,2,21,,8764,96,,,2,60,,8787,96,,,2,21,,8795,96,,,2,24,,8765,96,,,2,57,,11969,96,,,2,24,,8767,96,,,2,20,,8769,96,,,2,61,,8770,96,,,2,23,,8763,96,,,2,17,,8772,96,,,2,61,,8773,96,,,2,20,,8774,96,,,2,21,,8761,96,,,2,61,,8776,96,,,2,20,,8803,96,,,2,20,,8779,96,,,2,60,,8780,96,,,2,20,,8781,96,,,2,21,,8783,96,,,2,57,,11965,96,,,2,21,,8786,96,,,2,20,,8766,96,,,2,62,,8775,96,,,2,24,,8768,96,,,2,19,,8790,96,,,2,70,,11968,96,,,2,85,,11967,96,,,2,36,,8791,96,,,2,67,,8777,96,,,2,29,,8778,96,,,2,68,,8782,96,,,2,26,,8784,96,,,2,75,,8789,96,,,2,26,,11966,96,,,2,71,,8788,96,,,2
5002,'DIM',630,,9440,49,,,1,100,,2653,49,,,1,103,,9423,49,,,1,97,,9438,49,,,1,108,,9431,49,,,1,65,,9441,49,,,1,37,,9433,49,,,1,64,,9445,49,,,1,39,,9443,49,,,1,62,,9444,49,,,1,36,,9446,49,,,1,69,,9432,49,,,1,33,,9434,49,,,1,76,,9447,49,,,1,29,,9436,49,,,1,74,,9435,49,,,1,30,,9442,49,,,1,66,,9439,49,,,1,30,,9437,49,,,1,99,,9425,49,,,1,98,,9427,49,,,1,99,,9430,49,,,1,99,,9424,49,,,1,97,,9428,49,,,1,98,,9426,49,,,1,98,,9429,49,,,1
5002,'SAM',630,,9455,49,,,1,100,,9458,49,,,1,103,,9449,49,,,1,100,,9470,49,,,1,105,,9469,49,,,1,65,,9468,49,,,1,36,,9466,49,,,1,65,,9450,49,,,1,39,,9473,49,,,1,62,,9472,49,,,1,36,,9451,49,,,1,69,,9462,49,,,1,33,,9464,49,,,1,76,,9467,49,,,1,29,,9463,49,,,1,74,,9465,49,,,1,30,,9453,49,,,1,66,,9454,49,,,1,30,,9448,49,,,1,99,,9471,49,,,1,98,,9459,49,,,1,99,,9461,49,,,1,99,,9460,49,,,1,97,,9456,49,,,1,98,,9452,49,,,1,98,,9457,49,,,1
5002,'SEM',518,,9480,49,,,1,38,,9502,49,,,1,71,,9498,49,,,1,30,,9474,49,,,1,78,,9506,49,,,1,72,,9499,49,,,1,24,,9475,49,,,1,75,,9492,49,,,1,26,,9478,49,,,1,71,,9504,49,,,1,26,,9505,49,,,1,73,,9501,49,,,1,28,,9477,49,,,1,73,,9481,49,,,1,28,,9500,49,,,1,72,,9489,49,,,1,32,,9503,49,,,1,70,,9482,49,,,1,30,,9485,49,,,1,82,,9476,49,,,1,27,,9486,49,,,1,78,,9479,49,,,1,33,,9493,49,,,1,70,,9483,49,,,1,27,,9484,49,,,1,69,,9491,49,,,1,29,,9487,49,,,1,69,,9490,49,,,1,103,,9494,49,,,1,104,,11986,49,,,1,100,,9488,49,,,1,110,,9496,49,,,1,103,,9495,49,,,1,97,,9497,49,,,1
6002,'DIM',708,,9994,28,,,1,101,,10003,28,,,1,100,,10001,28,,,1,100,,10002,28,,,1,100,,10004,28,,,1,100,,10007,28,,,1,101,,10005,28,,,1,100,,10008,28,,,1,100,,10006,28,,,1,99,,10009,28,,,1,99,,10010,28,,,1,100,,9996,28,,,1,100,,9998,28,,,1,101,,9997,28,,,1,101,,9999,28,,,1,100,,9993,28,,,1,100,,9995,28,,,1,98,,10000,28,,,1
6002,'SAM',708,,10022,28,,,1,101,,10013,28,,,1,100,,10025,28,,,1,100,,10027,28,,,1,100,,10023,28,,,1,100,,10026,28,,,1,101,,10024,28,,,1,100,,10012,28,,,1,100,,10028,28,,,1,99,,10011,28,,,1,99,,10015,28,,,1,102,,10020,28,,,1,98,,10016,28,,,1,101,,10017,28,,,1,101,,10021,28,,,1,100,,10014,28,,,1,100,,10018,28,,,1,98,,10019,28,,,1
6002,'SEM',640,,10045,28,,,1,101,,10043,28,,,1,101,,10030,28,,,1,100,,10046,28,,,1,100,,10044,28,,,1,102,,10035,28,,,1,100,,10029,28,,,1,99,,10031,28,,,1,101,,10042,28,,,1,99,,10032,28,,,1,101,,10037,28,,,1,106,,10034,28,,,1,92,,10040,28,,,1,99,,10038,28,,,1,99,,10033,28,,,1,100,,10036,28,,,1,99,,10039,28,,,1,89,,10041,28,,,1,100,,11993,28,,,1
6103,'DIM',739,,10060,5,,,2,101,,10062,5,,,2,97,,10064,5,,,2,102,,10063,5,,,2,101,,10061,5,,,2,102,,10059,5,,,2,98,,10048,5,,,2,104,,10051,5,,,2,95,,10053,5,,,2,104,,10055,5,,,2,101,,10065,5,,,2,95,,10056,5,,,2,100,,10052,5,,,2,99,,10049,5,,,2,101,,10050,5,,,2,100,,10054,5,,,2,100,,10058,5,,,2,100,,10057,5,,,2
6103,'SAM',739,,10076,5,,,2,101,,10078,5,,,2,97,,10081,5,,,2,102,,10075,5,,,2,98,,10079,5,,,2,105,,10082,5,,,2,99,,10080,5,,,2,103,,10083,5,,,2,95,,10077,5,,,2,103,,10069,5,,,2,102,,10066,5,,,2,95,,10070,5,,,2,100,,10068,5,,,2,99,,10071,5,,,2,101,,10067,5,,,2,100,,10072,5,,,2,100,,10073,5,,,2,100,,10074,5,,,2
6103,'SEM',602,,10100,5,,,2,100,,10104,5,,,2,101,,10085,5,,,2,97,,10086,5,,,2,100,,10102,5,,,2,101,,10097,5,,,2,100,,10099,5,,,2,102,,10098,5,,,2,100,,10101,5,,,2,110,,10103,5,,,2,25,,10092,5,,,2,64,,10084,5,,,2,31,,10094,5,,,2,74,,10087,5,,,2,26,,10093,5,,,2,73,,10088,5,,,2,28,,10089,5,,,2,73,,10091,5,,,2,31,,10096,5,,,2,80,,10090,5,,,2,95,,11994,5,,,2,100,,11996,5,,,2,100,,11995,5,,,2,107,,10095,5,,,2
6303,'DIM',749,,10176,28,,,1,100,,10178,28,,,1,102,,10169,28,,,1,97,,10177,28,,,1,103,,10181,28,,,1,96,,10179,28,,,1,103,,10182,28,,,1,103,,10180,28,,,1,100,,10183,28,,,1,100,,10184,28,,,1,100,,10170,28,,,1,98,,10166,28,,,1,99,,10167,28,,,1,99,,10172,28,,,1,100,,10168,28,,,1,100,,10173,28,,,1,99,,10171,28,,,1,100,,10174,28,,,1,98,,10175,28,,,1
6303,'SAM',648,,10198,28,,,1,101,,10202,28,,,1,100,,10199,28,,,1,102,,10197,28,,,1,97,,10201,28,,,1,103,,10200,28,,,1,96,,10204,28,,,1,103,,10203,28,,,1,103,,10185,28,,,1,102,,10186,28,,,1,98,,10187,28,,,1,100,,10189,28,,,1,98,,10188,28,,,1,99,,10193,28,,,1,99,,10190,28,,,1,100,,10191,28,,,1,100,,10194,28,,,1,99,,10192,28,,,1,100,,10195,28,,,1,98,,10196,28,,,1
6303,'SEM',608,,10220,28,,,1,20,,10230,28,,,1,16,,10231,28,,,1,76,,10237,28,,,1,14,,10235,28,,,1,74,,10209,28,,,1,23,,10211,28,,,1,74,,10212,28,,,1,33,,10205,28,,,1,65,,10208,28,,,1,33,,10234,28,,,1,67,,10222,28,,,1,31,,10238,28,,,1,66,,10232,28,,,1,38,,10206,28,,,1,67,,10207,28,,,1,30,,10236,28,,,1,70,,10233,28,,,1,32,,10239,28,,,1,72,,10214,28,,,1,26,,10213,28,,,1,74,,10218,28,,,1,19,,10216,28,,,1,25,,10210,28,,,1,73,,10219,28,,,1,81,,10217,28,,,1,97,,10215,28,,,1,41,,10223,28,,,1,93,,10226,28,,,1,95,,10221,28,,,1,88,,10224,28,,,1,105,,10225,28,,,1,99,,10229,28,,,1,104,,10227,28,,,1,94,,10228,28,,,1
6503,'DIM',714,,10321,5,,,2,101,,10323,5,,,2,100,,10325,5,,,2,100,,10327,5,,,2,103,,10324,5,,,2,97,,10322,5,,,2,106,,10310,5,,,2,100,,10326,5,,,2,96,,10328,5,,,2,98,,10313,5,,,2,102,,10315,5,,,2,98,,10314,5,,,2,100,,10317,5,,,2,100,,10319,5,,,2,99,,10311,5,,,2,100,,10312,5,,,2,100,,10318,5,,,2,99,,10320,5,,,2,100,,10316,5,,,2
6503,'SAM',714,,10342,5,,,2,101,,10345,5,,,2,100,,10344,5,,,2,100,,10346,5,,,2,102,,10347,5,,,2,97,,10349,5,,,2,107,,10348,5,,,2,99,,10343,5,,,2,97,,10329,5,,,2,98,,10331,5,,,2,102,,10334,5,,,2,100,,10337,5,,,2,98,,10341,5,,,2,100,,10339,5,,,2,99,,10333,5,,,2,100,,10330,5,,,2,100,,10332,5,,,2,99,,10335,5,,,2,100,,10336,5,,,2,45,,10338,5,,,2,75,,10340,5,,,2
6503,'SEM',600,,10359,5,,,2,26,,10351,5,,,2,27,,10376,5,,,2,64,,10352,5,,,2,24,,10354,5,,,2,78,,10367,5,,,2,26,,10382,5,,,2,78,,10355,5,,,2,25,,10356,5,,,2,70,,10373,5,,,2,30,,10357,5,,,2,70,,10380,5,,,2,30,,10377,5,,,2,70,,10378,5,,,2,30,,10379,5,,,2,70,,10358,5,,,2,30,,10361,5,,,2,70,,10353,5,,,2,30,,10365,5,,,2,74,,10366,5,,,2,30,,10350,5,,,2,65,,10360,5,,,2,25,,10370,5,,,2,15,,10381,5,,,2,55,,10371,5,,,2,15,,10372,5,,,2,15,,10368,5,,,2,13,,10374,5,,,2,57,,10369,5,,,2,33,,10363,5,,,2,104,,10362,5,,,2,99,,10364,5,,,2,100,,11999,5,,,2,100,,12000,5,,,2,99,,10375,5,,,2
7001,'DIM',655,,10584,5,,,1,100,,10574,5,,,1,99,,10582,5,,,1,99,,10585,5,,,1,68,,10588,5,,,1,31,,10583,5,,,1,70,,10590,5,,,1,27,,10589,5,,,1,70,,10586,5,,,1,35,,10587,5,,,1,69,,10591,5,,,1,27,,10567,5,,,1,73,,10592,5,,,1,25,,10570,5,,,1,75,,10571,5,,,1,27,,10572,5,,,1,74,,10569,5,,,1,33,,10575,5,,,1,74,,10578,5,,,1,70,,10573,5,,,1,54,,10579,5,,,1,100,,10576,5,,,1,100,,10568,5,,,1,100,,10580,5,,,1,100,,10581,5,,,1,100,,10577,5,,,1
7001,'SAM',655,,10609,5,,,1,100,,10614,5,,,1,99,,10616,5,,,1,99,,10617,5,,,1,67,,10615,5,,,1,32,,10593,5,,,1,69,,10618,5,,,1,28,,10613,5,,,1,70,,10594,5,,,1,34,,10610,5,,,1,68,,10595,5,,,1,33,,10611,5,,,1,69,,10597,5,,,1,25,,10612,5,,,1,73,,10600,5,,,1,29,,10602,5,,,1,74,,10599,5,,,1,34,,10601,5,,,1,73,,10605,5,,,1,70,,10603,5,,,1,54,,10607,5,,,1,100,,10596,5,,,1,100,,10598,5,,,1,99,,10608,5,,,1,101,,10606,5,,,1,100,,10604,5,,,1
7001,'SEM',510,,10645,5,,,1,30,,10623,5,,,1,66,,10646,5,,,1,18,,10647,5,,,1,17,,10642,5,,,1,67,,10653,5,,,1,24,,10634,5,,,1,24,,10620,5,,,1,69,,10652,5,,,1,30,,10649,5,,,1,71,,10650,5,,,1,29,,10631,5,,,1,71,,10654,5,,,1,28,,10622,5,,,1,72,,10627,5,,,1,27,,10651,5,,,1,70,,10621,5,,,1,29,,10619,5,,,1,72,,10648,5,,,1,30,,10626,5,,,1,77,,10629,5,,,1,24,,10625,5,,,1,50,,10632,5,,,1,47,,10624,5,,,1,77,,10636,5,,,1,28,,10639,5,,,1,76,,10640,5,,,1,67,,10628,5,,,1,41,,10637,5,,,1,85,,10633,5,,,1,74,,10630,5,,,1,109,,10638,5,,,1,100,,10635,5,,,1,100,,10643,5,,,1,101,,10641,5,,,1,129,,10644,5,,,1
7602,'DIM',607,,5136,5,,,2,96,,11115,5,,,2,100,,11125,5,,,2,101,,11127,5,,,2,30,,11123,5,,,2,70,,11124,5,,,2,30,,11105,5,,,2,70,,11128,5,,,2,30,,11126,5,,,2,69,,11114,5,,,2,32,,11129,5,,,2,72,,11130,5,,,2,27,,11106,5,,,2,74,,11116,5,,,2,33,,11108,5,,,2,64,,11109,5,,,2,30,,11111,5,,,2,70,,11107,5,,,2,30,,4405,5,,,2,70,,4422,5,,,2,30,,11112,5,,,2,74,,11120,5,,,2,94,,11121,5,,,2,100,,11113,5,,,2,101,,11122,5,,,2,101,,11110,5,,,2,100,,11117,5,,,2,99,,11119,5,,,2,100,,11118,5,,,2
7602,'SAM',607,,11148,5,,,2,96,,11147,5,,,2,100,,11151,5,,,2,101,,11153,5,,,2,30,,11158,5,,,2,70,,11146,5,,,2,30,,11155,5,,,2,70,,11154,5,,,2,30,,11160,5,,,2,69,,11132,5,,,2,30,,11149,5,,,2,74,,11131,5,,,2,27,,11150,5,,,2,74,,11157,5,,,2,33,,11133,5,,,2,64,,11134,5,,,2,30,,11156,5,,,2,70,,11137,5,,,2,30,,11159,5,,,2,70,,11135,5,,,2,30,,11152,5,,,2,75,,11140,5,,,2,93,,11142,5,,,2,100,,11138,5,,,2,101,,11136,5,,,2,101,,11141,5,,,2,100,,11139,5,,,2,99,,11144,5,,,2,100,,11143,5,,,2,101,,11145,5,,,2
7602,'SEM',550,,11161,5,,,2,62,,11190,5,,,2,16,,4470,5,,,2,11,,11188,5,,,2,64,,11192,5,,,2,18,,11194,5,,,2,22,,11168,5,,,2,61,,11162,5,,,2,35,,11189,5,,,2,68,,11193,5,,,2,31,,11186,5,,,2,72,,11163,5,,,2,30,,11191,5,,,2,70,,11167,5,,,2,29,,11187,5,,,2,71,,11166,5,,,2,30,,11171,5,,,2,71,,11196,5,,,2,28,,11172,5,,,2,70,,11164,5,,,2,35,,11195,5,,,2,65,,11165,5,,,2,24,,11169,5,,,2,26,,11176,5,,,2,65,,11177,5,,,2,25,,11180,5,,,2,65,,11182,5,,,2,25,,11178,5,,,2,20,,11174,5,,,2,74,,11170,5,,,2,70,,11181,5,,,2,31,,11184,5,,,2,100,,11173,5,,,2,100,,11175,5,,,2,100,,11183,5,,,2,103,,11179,5,,,2,109,,11185,5,,,2
90302,'DIM',830,,11900,3,,,2,99,,11902,3,,,2,96,,11901,3,,,2,97,,11907,3,,,2,102,,11906,3,,,2,99,,11908,3,,,2,104,,11903,3,,,2,97,,11904,3,,,2,103,,11898,3,,,2,99,,11905,3,,,2,102,,11899,3,,,2
90302,'SAM',830,,11915,3,,,2,98,,11918,3,,,2,95,,11917,3,,,2,100,,11916,3,,,2,101,,11914,3,,,2,98,,11919,3,,,2,105,,11909,3,,,2,97,,11911,3,,,2,99,,11910,3,,,2,103,,11912,3,,,2,102,,11913,3,,,2
90302,'SEM',725,,11924,3,,,2,102,,11921,3,,,2,101,,11930,3,,,2,99,,11920,3,,,2,100,,11937,3,,,2,97,,11936,3,,,2,100,,11927,3,,,2,80,,11938,3,,,2,105,,11928,3,,,2,16,,11926,3,,,2,20,,11925,3,,,2,68,,11922,3,,,2,30,,11923,3,,,2,69,,11929,3,,,2,35,,11933,3,,,2,70,,11932,3,,,2,40,,12079,3,,,2,148,,11935,3,,,2,100,,11931,3,,,2,99,,11934,3,,,2
