2602,'DIM',627,,777,9,,,2,23,,7645,9,,,2,67,,7639,9,,,2,30,,7641,9,,,2,70,,794,9,,,2,32,,7652,9,,,2,69,,7646,9,,,2,30,,7640,9,,,2,66,,7649,9,,,2,24,,7642,9,,,2,20,,7653,9,,,2,60,,7635,9,,,2,19,,7655,9,,,2,20,,7648,9,,,2,59,,7657,9,,,2,21,,7617,9,,,2,19,,7650,9,,,2,62,,7638,9,,,2,19,,7643,9,,,2,21,,7644,9,,,2,62,,7618,9,,,2,18,,7619,9,,,2,20,,7636,9,,,2,60,,7637,9,,,2,19,,7616,9,,,2,21,,7651,9,,,2,60,,7654,9,,,2,20,,7647,9,,,2,62,,7627,9,,,2,42,,7632,9,,,2,70,,7628,9,,,2,30,,780,9,,,2,70,,7656,9,,,2,30,,7658,9,,,2,70,,7624,9,,,2,29,,7620,9,,,2,70,,7631,9,,,2,30,,7621,9,,,2,71,,7622,9,,,2,29,,7630,9,,,2,69,,7626,9,,,2,28,,7623,9,,,2,71,,7625,9,,,2,30,,7629,9,,,2,85,,7633,9,,,2,78,,7634,9,,,2
2602,'SAM',627,,832,9,,,2,23,,7692,9,,,2,67,,7689,9,,,2,30,,7694,9,,,2,70,,7690,9,,,2,31,,7697,9,,,2,70,,7695,9,,,2,30,,7703,9,,,2,65,,7688,9,,,2,25,,7699,9,,,2,20,,7685,9,,,2,60,,7704,9,,,2,19,,7701,9,,,2,20,,7663,9,,,2,59,,7698,9,,,2,21,,7693,9,,,2,20,,7684,9,,,2,61,,7686,9,,,2,21,,7687,9,,,2,19,,7660,9,,,2,62,,7662,9,,,2,18,,7664,9,,,2,20,,7696,9,,,2,62,,7702,9,,,2,16,,7691,9,,,2,21,,7665,9,,,2,61,,7700,9,,,2,20,,7669,9,,,2,62,,7674,9,,,2,42,,7677,9,,,2,70,,7680,9,,,2,30,,7683,9,,,2,71,,7678,9,,,2,29,,7661,9,,,2,70,,7668,9,,,2,29,,7667,9,,,2,70,,7675,9,,,2,30,,7670,9,,,2,70,,7671,9,,,2,30,,7681,9,,,2,69,,7666,9,,,2,28,,7672,9,,,2,71,,7673,9,,,2,30,,7682,9,,,2,85,,7679,9,,,2,78,,7676,9,,,2
2602,'SEM',510,,7748,9,,,2,22,,7763,9,,,2,74,,7734,9,,,2,20,,7706,9,,,2,17,,7735,9,,,2,15,,7750,9,,,2,50,,7752,9,,,2,20,,7760,9,,,2,14,,7765,9,,,2,14,,7714,9,,,2,58,,7756,9,,,2,14,,7708,9,,,2,9,,7716,9,,,2,19,,7768,9,,,2,55,,7710,9,,,2,20,,7751,9,,,2,20,,7707,9,,,2,61,,7764,9,,,2,21,,7759,9,,,2,19,,7712,9,,,2,60,,7761,9,,,2,19,,7715,9,,,2,18,,7767,9,,,2,64,,7753,9,,,2,22,,7755,9,,,2,15,,7762,9,,,2,65,,7757,9,,,2,19,,7769,9,,,2,14,,7709,9,,,2,52,,7754,9,,,2,27,,7711,9,,,2,22,,7758,9,,,2,57,,7766,9,,,2,23,,7713,9,,,2,21,,7725,9,,,2,57,,7727,9,,,2,12,,7733,9,,,2,12,,7718,9,,,2,13,,7736,9,,,2,10,,7738,9,,,2,51,,7722,9,,,2,10,,7740,9,,,2,10,,7724,9,,,2,7,,7717,9,,,2,14,,7746,9,,,2,12,,7747,9,,,2,54,,7719,9,,,2,15,,7732,9,,,2,20,,7739,9,,,2,61,,7720,9,,,2,19,,7721,9,,,2,24,,7737,9,,,2,60,,7744,9,,,2,16,,7749,9,,,2,30,,7728,9,,,2,70,,7723,9,,,2,74,,7730,9,,,2,26,,7726,9,,,2,29,,7729,9,,,2,66,,7742,9,,,2,25,,7731,9,,,2,80,,7741,9,,,2,29,,7743,9,,,2,80,,7745,9,,,2
3602,'SEM',1517,,8114,9,,,2,23,,8115,9,,,2,72,,8108,9,,,2,24,,8113,9,,,2,73,,8109,9,,,2,31,,8110,9,,,2,65,,8111,9,,,2,29,,8112,9,,,2
4603,'DIM',641,,9078,9,,,1,105,,9079,9,,,1,105,,9071,9,,,1,101,,9083,9,,,1,97,,9080,9,,,1,103,,9085,9,,,1,100,,9086,9,,,1,101,,9077,9,,,1,101,,9081,9,,,1,99,,9068,9,,,1,100,,9084,9,,,1,100,,9082,9,,,1,99,,9070,9,,,1,100,,9087,9,,,1,100,,9074,9,,,1,100,,9069,9,,,1,100,,9072,9,,,1,99,,9073,9,,,1,99,,9075,9,,,1,150,,9076,9,,,1
4603,'SAM',641,,9100,9,,,1,105,,9101,9,,,1,105,,9105,9,,,1,101,,9104,9,,,1,97,,9103,9,,,1,103,,9099,9,,,1,99,,9106,9,,,1,97,,9088,9,,,1,106,,9089,9,,,1,105,,9102,9,,,1,94,,9107,9,,,1,100,,9091,9,,,1,99,,9092,9,,,1,100,,9096,9,,,1,100,,9093,9,,,1,100,,9097,9,,,1,100,,9090,9,,,1,99,,9095,9,,,1,99,,9098,9,,,1,151,,9094,9,,,1
4603,'SEM',652,,9127,9,,,1,97,,9130,9,,,1,73,,9124,9,,,1,33,,9123,9,,,1,67,,9112,9,,,1,30,,9128,9,,,1,70,,9109,9,,,1,30,,9125,9,,,1,70,,9126,9,,,1,30,,9108,9,,,1,70,,9134,9,,,1,28,,9113,9,,,1,72,,9131,9,,,1,30,,9133,9,,,1,70,,9116,9,,,1,35,,9129,9,,,1,65,,9132,9,,,1,31,,9115,9,,,1,71,,9110,9,,,1,24,,9114,9,,,1,70,,9111,9,,,1,35,,9119,9,,,1,64,,9118,9,,,1,35,,9122,9,,,1,60,,9120,9,,,1,35,,9137,9,,,1,100,,9117,9,,,1,101,,9138,9,,,1,103,,9135,9,,,1,100,,9136,9,,,1,150,,9121,9,,,1
6001,'DIM',742,,9939,5,,,1,101,,9947,5,,,1,100,,9945,5,,,1,103,,9946,5,,,1,100,,9948,5,,,1,101,,9951,5,,,1,101,,9949,5,,,1,101,,9952,5,,,1,101,,9950,5,,,1,102,,9953,5,,,1,93,,9954,5,,,1,101,,9941,5,,,1,99,,9943,5,,,1,99,,9942,5,,,1,99,,9944,5,,,1,99,,9938,5,,,1,100,,9940,5,,,1
6001,'SAM',641,,9961,5,,,1,101,,9966,5,,,1,101,,9957,5,,,1,100,,9969,5,,,1,102,,9971,5,,,1,101,,9967,5,,,1,101,,9970,5,,,1,101,,9968,5,,,1,101,,9956,5,,,1,101,,9972,5,,,1,102,,9955,5,,,1,93,,9959,5,,,1,102,,9964,5,,,1,98,,9960,5,,,1,99,,9962,5,,,1,99,,9965,5,,,1,99,,9958,5,,,1,100,,9963,5,,,1
6001,'SEM',526,,9987,5,,,1,100,,9973,5,,,1,85,,9991,5,,,1,36,,9985,5,,,1,75,,9989,5,,,1,100,,9975,5,,,1,100,,9992,5,,,1,100,,9990,5,,,1,103,,9976,5,,,1,100,,9974,5,,,1,100,,9986,5,,,1,101,,9988,5,,,1,99,,9977,5,,,1,104,,9981,5,,,1,100,,9979,5,,,1,90,,9984,5,,,1,99,,9982,5,,,1,100,,9978,5,,,1,100,,9980,5,,,1,95,,9983,5,,,1
6602,'DIM',710,,10529,14,,,1,104,,10524,14,,,1,101,,10527,14,,,1,100,,10532,14,,,1,100,,10531,14,,,1,101,,10525,14,,,1,100,,10523,14,,,1,133,,10526,14,,,1,99,,10528,14,,,1,70,,10530,14,,,1,31,,10518,14,,,1,70,,10519,14,,,1,30,,10517,14,,,1,69,,10521,14,,,1,101,,10522,14,,,1,100,,10520,14,,,1,99,,10515,14,,,1,98,,10516,14,,,1
6602,'SAM',710,,10544,14,,,1,104,,10542,14,,,1,101,,10536,14,,,1,100,,10533,14,,,1,100,,10548,14,,,1,101,,10549,14,,,1,100,,10547,14,,,1,133,,10550,14,,,1,99,,10538,14,,,1,70,,10534,14,,,1,31,,10540,14,,,1,71,,10541,14,,,1,29,,10539,14,,,1,74,,10543,14,,,1,97,,10535,14,,,1,99,,10537,14,,,1,99,,10546,14,,,1,98,,10545,14,,,1
6602,'SEM',650,,10552,14,,,1,103,,10564,14,,,1,104,,10562,14,,,1,145,,10561,14,,,1,101,,10553,14,,,1,101,,10551,14,,,1,99,,10563,14,,,1,102,,10554,14,,,1,28,,5375,14,,,1,91,,10558,14,,,1,102,,10559,14,,,1,101,,10560,14,,,1,96,,10555,14,,,1,103,,10556,14,,,1,99,,10557,14,,,1,97,,10566,14,,,1,80,,10565,14,,,1
