1703,'DIM',626,,6972,27,,,1,89,,6965,27,,,1,100,,100,27,,,1,102,,6967,27,,,1,97,,6968,27,,,1,101,,6964,27,,,1,100,,6970,27,,,1,99,,6966,27,,,1,102,,6969,27,,,1,100,,6971,27,,,1,102,,6954,27,,,1,98,,6958,27,,,1,99,,6957,27,,,1,101,,6956,27,,,1,98,,6959,27,,,1,99,,6962,27,,,1,100,,6955,27,,,1,100,,6960,27,,,1,102,,6961,27,,,1,119,,6963,27,,,1
1703,'SAM',548,,6984,27,,,1,78,,6990,27,,,1,89,,121,27,,,1,100,,6981,27,,,1,102,,6983,27,,,1,97,,6985,27,,,1,100,,6989,27,,,1,101,,6987,27,,,1,100,,6982,27,,,1,101,,6988,27,,,1,100,,6986,27,,,1,102,,6991,27,,,1,99,,6992,27,,,1,99,,6973,27,,,1,100,,6978,27,,,1,98,,6975,27,,,1,99,,6974,27,,,1,100,,6976,27,,,1,100,,6979,27,,,1,102,,6980,27,,,1,119,,6977,27,,,1
1703,'SEM',608,,7010,27,,,1,103,,7012,27,,,1,106,,7011,27,,,1,96,,6996,27,,,1,101,,7009,27,,,1,100,,7008,27,,,1,100,,7014,27,,,1,101,,6997,27,,,1,100,,6994,27,,,1,98,,7013,27,,,1,35,,7016,27,,,1,60,,7015,27,,,1,36,,6993,27,,,1,63,,7004,27,,,1,38,,6995,27,,,1,79,,6998,27,,,1,30,,7001,27,,,1,68,,7006,27,,,1,99,,7007,27,,,1,100,,6999,27,,,1,100,,7000,27,,,1,99,,7002,27,,,1,99,,7003,27,,,1,103,,7005,27,,,1
3103,'DIM',645,,7902,29,,,1,100,,7901,29,,,1,100,,1058,29,,,1,99,,7906,29,,,1,99,,7905,29,,,1,100,,7903,29,,,1,102,,7892,29,,,1,101,,7904,29,,,1,99,,7891,29,,,1,102,,7890,29,,,1,99,,7895,29,,,1,98,,7897,29,,,1,103,,7896,29,,,1,96,,7898,29,,,1,101,,7894,29,,,1,100,,7893,29,,,1,100,,7899,29,,,1,100,,7900,29,,,1
3103,'SAM',645,,7919,29,,,1,100,,7918,29,,,1,100,,1075,29,,,1,99,,7923,29,,,1,99,,7924,29,,,1,100,,7920,29,,,1,100,,7916,29,,,1,102,,7921,29,,,1,100,,7917,29,,,1,102,,7922,29,,,1,100,,7911,29,,,1,98,,7913,29,,,1,100,,7909,29,,,1,99,,7914,29,,,1,100,,7907,29,,,1,100,,7908,29,,,1,100,,7910,29,,,1,101,,7912,29,,,1,95,,7915,29,,,1
3103,'SEM',641,,7946,29,,,1,100,,7944,29,,,1,100,,7945,29,,,1,101,,7925,29,,,1,101,,7926,29,,,1,100,,7928,29,,,1,100,,7947,29,,,1,100,,7927,29,,,1,101,,7932,29,,,1,98,,7933,29,,,1,11,,7934,29,,,1,77,,7929,29,,,1,29,,7938,29,,,1,80,,7935,29,,,1,69,,7931,29,,,1,36,,7943,29,,,1,69,,7930,29,,,1,36,,7942,29,,,1,100,,7936,29,,,1,101,,7939,29,,,1,100,,7940,29,,,1,96,,7937,29,,,1,154,,7941,29,,,1
4803,'DIM',737,,9218,64,,,1,106,,9222,64,,,1,104,,9226,64,,,1,99,,9209,64,,,1,103,,9219,64,,,1,100,,9220,64,,,1,96,,9225,64,,,1,106,,9221,64,,,1,99,,9223,64,,,1,100,,9210,64,,,1,100,,9224,64,,,1,98,,9212,64,,,1,94,,9216,64,,,1,100,,9215,64,,,1,100,,9214,64,,,1,97,,2438,64,,,1,98,,9211,64,,,1,75,,9213,64,,,1,120,,9217,64,,,1
4803,'SAM',636,,2450,64,,,1,101,,9238,64,,,1,105,,9241,64,,,1,105,,9245,64,,,1,99,,9236,64,,,1,102,,9244,64,,,1,100,,9239,64,,,1,95,,9242,64,,,1,107,,9240,64,,,1,100,,9237,64,,,1,100,,9243,64,,,1,100,,9230,64,,,1,98,,9232,64,,,1,94,,9228,64,,,1,100,,9227,64,,,1,98,,9229,64,,,1,99,,9234,64,,,1,98,,9235,64,,,1,75,,9231,64,,,1,120,,9233,64,,,1
4803,'SEM',635,,9265,64,,,1,20,,9267,64,,,1,78,,9258,64,,,1,74,,9268,64,,,1,31,,9271,64,,,1,64,,9254,64,,,1,40,,9253,64,,,1,70,,9248,64,,,1,96,,9255,64,,,1,101,,9250,64,,,1,100,,9249,64,,,1,101,,9269,64,,,1,42,,9246,64,,,1,102,,9251,64,,,1,75,,9266,64,,,1,24,,9247,64,,,1,70,,9270,64,,,1,29,,9259,64,,,1,69,,9252,64,,,1,28,,9260,64,,,1,94,,9264,64,,,1,100,,9256,64,,,1,98,,9257,64,,,1,98,,9273,64,,,1,99,,9262,64,,,1,97,,9261,64,,,1,90,,9263,64,,,1,32,,9272,64,,,1
7303,'DIM',700,,10755,27,,,1,100,,10752,27,,,1,101,,10753,27,,,1,58,,10756,27,,,1,100,,10759,27,,,1,100,,10754,27,,,1,100,,10757,27,,,1,142,,10751,27,,,1,99,,10758,27,,,1,102,,10760,27,,,1,99,,10745,27,,,1,99,,10742,27,,,1,101,,10748,27,,,1,58,,10744,27,,,1,100,,10743,27,,,1,100,,10746,27,,,1,99,,10747,27,,,1,142,,10750,27,,,1,105,,10749,27,,,1
7303,'SAM',606,,10775,27,,,1,94,,10772,27,,,1,100,,10771,27,,,1,101,,10776,27,,,1,58,,10778,27,,,1,141,,10774,27,,,1,59,,10764,27,,,1,100,,10777,27,,,1,142,,10773,27,,,1,99,,10779,27,,,1,102,,10780,27,,,1,101,,10763,27,,,1,98,,10761,27,,,1,99,,10762,27,,,1,59,,10766,27,,,1,100,,10765,27,,,1,100,,4040,27,,,1,99,,10767,27,,,1,142,,4041,27,,,1,105,,10768,27,,,1,100,,10770,27,,,1,100,,10769,27,,,1
7303,'SEM',553,,10817,27,,,1,66,,10814,27,,,1,40,,10813,27,,,1,50,,10818,27,,,1,39,,10807,27,,,1,56,,10783,27,,,1,43,,10815,27,,,1,12,,10782,27,,,1,70,,10800,27,,,1,71,,10816,27,,,1,29,,10784,27,,,1,71,,10789,27,,,1,29,,10799,27,,,1,72,,10790,27,,,1,29,,10819,27,,,1,70,,10785,27,,,1,30,,10788,27,,,1,70,,10794,27,,,1,30,,10781,27,,,1,70,,10791,27,,,1,35,,10820,27,,,1,65,,10801,27,,,1,15,,10793,27,,,1,21,,10786,27,,,1,16,,10787,27,,,1,63,,10797,27,,,1,16,,10795,27,,,1,70,,10808,27,,,1,15,,10796,27,,,1,16,,10792,27,,,1,72,,10802,27,,,1,30,,10805,27,,,1,72,,10798,27,,,1,99,,10810,27,,,1,100,,10803,27,,,1,99,,10809,27,,,1,99,,10804,27,,,1,41,,10806,27,,,1,95,,10811,27,,,1,161,,10812,27,,,1
7401,'DIM',730,,10911,27,,,2,100,,10912,27,,,2,102,,10915,27,,,2,97,,10914,27,,,2,101,,10916,27,,,2,100,,10913,27,,,2,101,,10910,27,,,2,99,,10909,27,,,2,102,,10917,27,,,2,99,,10903,27,,,2,102,,10904,27,,,2,99,,10906,27,,,2,98,,10907,27,,,2,99,,10908,27,,,2,101,,10902,27,,,2,99,,10901,27,,,2,100,,10905,27,,,2
7401,'SAM',730,,10926,27,,,2,100,,10928,27,,,2,102,,10927,27,,,2,98,,10930,27,,,2,100,,10932,27,,,2,100,,10934,27,,,2,102,,10929,27,,,2,98,,10933,27,,,2,101,,10931,27,,,2,100,,10918,27,,,2,101,,10921,27,,,2,101,,10923,27,,,2,98,,10922,27,,,2,98,,10924,27,,,2,101,,10919,27,,,2,99,,10925,27,,,2,100,,10920,27,,,2
7401,'SEM',633,,10950,27,,,2,96,,10935,27,,,2,101,,10949,27,,,2,103,,10939,27,,,2,101,,10940,27,,,2,101,,10953,27,,,2,99,,10938,27,,,2,101,,10952,27,,,2,100,,10951,27,,,2,93,,10937,27,,,2,94,,10941,27,,,2,101,,10936,27,,,2,30,,10943,27,,,2,84,,10948,27,,,2,99,,10942,27,,,2,101,,10945,27,,,2,100,,10946,27,,,2,99,,10944,27,,,2,99,,10954,27,,,2,95,,10947,27,,,2
