4202,'DIM',510,,8661,76,,,2,41,,8702,76,,,2,66,,8672,76,,,2,30,,8660,76,,,2,71,,8684,76,,,2,30,,8682,76,,,2,72,,8703,76,,,2,32,,8687,76,,,2,71,,8683,76,,,2,31,,8691,76,,,2,71,,8695,76,,,2,23,,8701,76,,,2,62,,8697,76,,,2,21,,8688,76,,,2,22,,8693,76,,,2,59,,8689,76,,,2,20,,8692,76,,,2,18,,8677,76,,,2,63,,8680,76,,,2,20,,8679,76,,,2,22,,8681,76,,,2,59,,8686,76,,,2,20,,8685,76,,,2,18,,8705,76,,,2,62,,8698,76,,,2,21,,8694,76,,,2,21,,8690,76,,,2,61,,8700,76,,,2,20,,8665,76,,,2,20,,8666,76,,,2,61,,8667,76,,,2,23,,8699,76,,,2,76,,8696,76,,,2,35,,8704,76,,,2,69,,8676,76,,,2,30,,8663,76,,,2,72,,8662,76,,,2,30,,8671,76,,,2,68,,8659,76,,,2,27,,8668,76,,,2,68,,8678,76,,,2,28,,8664,76,,,2,71,,8670,76,,,2,30,,8674,76,,,2,67,,8675,76,,,2,30,,8669,76,,,2,77,,8673,76,,,2
4202,'SAM',510,,8708,76,,,2,41,,8710,76,,,2,66,,8728,76,,,2,30,,8706,76,,,2,71,,8736,76,,,2,30,,8734,76,,,2,72,,8711,76,,,2,32,,8742,76,,,2,71,,8738,76,,,2,31,,8737,76,,,2,71,,8741,76,,,2,23,,8753,76,,,2,62,,8747,76,,,2,21,,8751,76,,,2,21,,8746,76,,,2,60,,8749,76,,,2,20,,8731,76,,,2,18,,8744,76,,,2,62,,8735,76,,,2,21,,8727,76,,,2,21,,8733,76,,,2,60,,8707,76,,,2,20,,8740,76,,,2,18,,8739,76,,,2,62,,8732,76,,,2,21,,8743,76,,,2,21,,8709,76,,,2,60,,8745,76,,,2,20,,8748,76,,,2,21,,8714,76,,,2,61,,8750,76,,,2,23,,8752,76,,,2,75,,8720,76,,,2,35,,8722,76,,,2,70,,8724,76,,,2,30,,8726,76,,,2,75,,8712,76,,,2,27,,8715,76,,,2,68,,8729,76,,,2,27,,8717,76,,,2,68,,8719,76,,,2,31,,8713,76,,,2,67,,8716,76,,,2,30,,8718,76,,,2,68,,8721,76,,,2,30,,8723,76,,,2,77,,8725,76,,,2,30,,8730,76,,,2
4202,'SEM',510,,8792,76,,,2,97,,8794,76,,,2,33,,8798,76,,,2,16,,8801,76,,,2,56,,8754,76,,,2,10,,8756,76,,,2,11,,8759,76,,,2,9,,8762,76,,,2,10,,8800,76,,,2,52,,8797,76,,,2,21,,8757,76,,,2,18,,8771,76,,,2,61,,8758,76,,,2,22,,8802,76,,,2,22,,8799,76,,,2,59,,8760,76,,,2,21,,8793,76,,,2,20,,8755,76,,,2,59,,8796,76,,,2,21,,8764,76,,,2,20,,8787,76,,,2,61,,8795,76,,,2,24,,8765,76,,,2,16,,11969,76,,,2,64,,8767,76,,,2,20,,8769,76,,,2,20,,8770,76,,,2,63,,8763,76,,,2,17,,8772,76,,,2,21,,8773,76,,,2,60,,8774,76,,,2,21,,8761,76,,,2,21,,8776,76,,,2,60,,8803,76,,,2,20,,8779,76,,,2,20,,8780,76,,,2,60,,8781,76,,,2,22,,8783,76,,,2,17,,11965,76,,,2,63,,8786,76,,,2,20,,8766,76,,,2,63,,8775,76,,,2,24,,8768,76,,,2,19,,8790,76,,,2,70,,11968,76,,,2,45,,11967,76,,,2,76,,8791,76,,,2,67,,8777,76,,,2,29,,8778,76,,,2,69,,8782,76,,,2,26,,8784,76,,,2,77,,8789,76,,,2,27,,11966,76,,,2,71,,8788,76,,,2
4804,'DIM',608,,9283,58,,,1,110,,9287,58,,,1,103,,9284,58,,,1,108,,9288,58,,,1,107,,9291,58,,,1,101,,9274,58,,,1,103,,9285,58,,,1,100,,9286,58,,,1,97,,9290,58,,,1,105,,9276,58,,,1,101,,9289,58,,,1,101,,9275,58,,,1,97,,9281,58,,,1,95,,9277,58,,,1,95,,9282,58,,,1,97,,9279,58,,,1,100,,9278,58,,,1,95,,9280,58,,,1
4804,'SAM',608,,9302,58,,,1,110,,2518,58,,,1,103,,9304,58,,,1,107,,9306,58,,,1,108,,9310,58,,,1,101,,9303,58,,,1,102,,9309,58,,,1,100,,9305,58,,,1,97,,9307,58,,,1,106,,9308,58,,,1,101,,9295,58,,,1,101,,9298,58,,,1,97,,9296,58,,,1,95,,9299,58,,,1,95,,9293,58,,,1,97,,9292,58,,,1,98,,9294,58,,,1,97,,9300,58,,,1,97,,9301,58,,,1,33,,9297,58,,,1
4804,'SEM',539,,9313,58,,,1,81,,9330,58,,,1,31,,9311,58,,,1,73,,9314,58,,,1,27,,9318,58,,,1,79,,9332,58,,,1,70,,9331,58,,,1,30,,9334,58,,,1,70,,9321,58,,,1,31,,9320,58,,,1,71,,9315,58,,,1,101,,9322,58,,,1,100,,9333,58,,,1,100,,9319,58,,,1,102,,9316,58,,,1,39,,9312,58,,,1,107,,9317,58,,,1,96,,9327,58,,,1,67,,9329,58,,,1,102,,9325,58,,,1,114,,9328,58,,,1,100,,9323,58,,,1,98,,9324,58,,,1,96,,11983,58,,,1,97,,9326,58,,,1
5802,'DIM',625,,9883,56,,,2,101,,9890,56,,,2,93,,9887,56,,,2,100,,9891,56,,,2,100,,9894,56,,,2,99,,9886,56,,,2,101,,9896,56,,,2,100,,9893,56,,,2,102,,9889,56,,,2,99,,9892,56,,,2,101,,9888,56,,,2,98,,9882,56,,,2,101,,9895,56,,,2,100,,9879,56,,,2,100,,9885,56,,,2,98,,9881,56,,,2,98,,9880,56,,,2,98,,9884,56,,,2
5802,'SAM',625,,9914,56,,,2,101,,9906,56,,,2,93,,9905,56,,,2,100,,9910,56,,,2,100,,9908,56,,,2,99,,9911,56,,,2,101,,9913,56,,,2,100,,9897,56,,,2,99,,9904,56,,,2,101,,9909,56,,,2,101,,9907,56,,,2,100,,9912,56,,,2,100,,9899,56,,,2,100,,9902,56,,,2,100,,9898,56,,,2,98,,9903,56,,,2,98,,9900,56,,,2,98,,9901,56,,,2
5802,'SEM',545,,9932,56,,,2,75,,9926,56,,,2,22,,9925,56,,,2,80,,9933,56,,,2,35,,9935,56,,,2,69,,9918,56,,,2,33,,9917,56,,,2,83,,9921,56,,,2,100,,9936,56,,,2,100,,9915,56,,,2,100,,9922,56,,,2,100,,9934,56,,,2,100,,9916,56,,,2,65,,9919,56,,,2,29,,9923,56,,,2,104,,9929,56,,,2,72,,9920,56,,,2,93,,9924,56,,,2,96,,9930,56,,,2,58,,11992,56,,,2,100,,9931,56,,,2,97,,9928,56,,,2,99,,9927,56,,,2
7001,'DIM',740,,10584,76,,,1,101,,10574,76,,,1,99,,10582,76,,,1,100,,10585,76,,,1,69,,10588,76,,,1,31,,10583,76,,,1,70,,10590,76,,,1,28,,10589,76,,,1,70,,10586,76,,,1,35,,10587,76,,,1,69,,10591,76,,,1,27,,10567,76,,,1,74,,10592,76,,,1,25,,10570,76,,,1,75,,10571,76,,,1,27,,10572,76,,,1,73,,10569,76,,,1,33,,10575,76,,,1,73,,10578,76,,,1,30,,10573,76,,,1,94,,10579,76,,,1,98,,10576,76,,,1,100,,10568,76,,,1,99,,10580,76,,,1,100,,10581,76,,,1,100,,10577,76,,,1
7001,'SAM',740,,10609,76,,,1,101,,10614,76,,,1,99,,10616,76,,,1,100,,10617,76,,,1,68,,10615,76,,,1,32,,10593,76,,,1,69,,10618,76,,,1,29,,10613,76,,,1,70,,10594,76,,,1,34,,10610,76,,,1,68,,10595,76,,,1,33,,10611,76,,,1,70,,10597,76,,,1,25,,10612,76,,,1,73,,10600,76,,,1,29,,10602,76,,,1,73,,10599,76,,,1,34,,10601,76,,,1,72,,10605,76,,,1,30,,10603,76,,,1,94,,10607,76,,,1,98,,10596,76,,,1,100,,10598,76,,,1,98,,10608,76,,,1,101,,10606,76,,,1,100,,10604,76,,,1
7001,'SEM',552,,10645,76,,,1,73,,10623,76,,,1,28,,10646,76,,,1,58,,10647,76,,,1,19,,10642,76,,,1,28,,10653,76,,,1,64,,10634,76,,,1,24,,10620,76,,,1,69,,10652,76,,,1,30,,10649,76,,,1,71,,10650,76,,,1,29,,10631,76,,,1,71,,10654,76,,,1,29,,10622,76,,,1,72,,10627,76,,,1,28,,10651,76,,,1,70,,10621,76,,,1,30,,10619,76,,,1,72,,10648,76,,,1,30,,10626,76,,,1,79,,10629,76,,,1,24,,10625,76,,,1,51,,10632,76,,,1,49,,10624,76,,,1,77,,10636,76,,,1,27,,10639,76,,,1,73,,10640,76,,,1,25,,10628,76,,,1,78,,10637,76,,,1,84,,10633,76,,,1,34,,10630,76,,,1,108,,10638,76,,,1,99,,10635,76,,,1,99,,10643,76,,,1,99,,10641,76,,,1,167,,10644,76,,,1
