4503,'DIM',639,,8950,6,,,1,100,,8960,6,,,1,101,,8958,6,,,1,98,,8964,6,,,1,101,,8959,6,,,1,98,,8962,6,,,1,105,,8952,6,,,1,100,,8956,6,,,1,98,,8949,6,,,1,102,,8947,6,,,1,92,,8961,6,,,1,102,,8963,6,,,1,104,,8948,6,,,1,102,,8957,6,,,1,102,,8951,6,,,1,99,,8954,6,,,1,99,,8955,6,,,1,101,,8953,6,,,1
4503,'SAM',639,,8978,6,,,1,100,,8974,6,,,1,101,,8977,6,,,1,98,,8976,6,,,1,101,,8966,6,,,1,97,,8975,6,,,1,106,,8979,6,,,1,99,,8970,6,,,1,101,,8981,6,,,1,101,,8980,6,,,1,91,,8982,6,,,1,105,,8965,6,,,1,101,,8972,6,,,1,102,,8967,6,,,1,102,,8971,6,,,1,99,,8969,6,,,1,99,,8973,6,,,1,101,,8968,6,,,1
4503,'SEM',626,,8988,6,,,1,18,,8986,6,,,1,74,,8983,6,,,1,26,,9003,6,,,1,67,,8987,6,,,1,39,,8985,6,,,1,65,,9004,6,,,1,110,,9002,6,,,1,100,,8991,6,,,1,95,,8989,6,,,1,100,,9005,6,,,1,101,,8984,6,,,1,105,,9006,6,,,1,26,,8993,6,,,1,88,,8996,6,,,1,19,,8990,6,,,1,58,,8997,6,,,1,32,,8999,6,,,1,80,,8995,6,,,1,100,,8994,6,,,1,100,,8998,6,,,1,100,,9001,6,,,1,100,,8992,6,,,1,95,,9000,6,,,1
5001,'DIM',529,,9340,16,,,1,100,,9348,16,,,1,100,,9336,16,,,1,98,,9353,16,,,1,101,,9345,16,,,1,73,,9355,16,,,1,37,,9347,16,,,1,63,,9360,16,,,1,38,,9358,16,,,1,62,,9359,16,,,1,35,,9361,16,,,1,69,,9346,16,,,1,32,,9349,16,,,1,76,,9362,16,,,1,29,,9351,16,,,1,73,,9350,16,,,1,30,,9356,16,,,1,63,,9354,16,,,1,34,,9352,16,,,1,81,,9357,16,,,1,18,,9338,16,,,1,100,,9341,16,,,1,99,,9344,16,,,1,100,,9337,16,,,1,99,,9342,16,,,1,98,,9339,16,,,1,100,,9343,16,,,1
5001,'SAM',529,,9370,16,,,1,100,,9373,16,,,1,100,,9364,16,,,1,98,,9385,16,,,1,101,,9383,16,,,1,79,,9388,16,,,1,30,,9381,16,,,1,64,,9365,16,,,1,38,,9389,16,,,1,62,,9387,16,,,1,35,,9366,16,,,1,69,,9377,16,,,1,32,,9379,16,,,1,76,,9382,16,,,1,29,,9378,16,,,1,73,,9380,16,,,1,30,,9368,16,,,1,63,,9369,16,,,1,34,,9363,16,,,1,79,,9384,16,,,1,21,,9386,16,,,1,99,,9374,16,,,1,99,,9376,16,,,1,100,,9375,16,,,1,99,,9371,16,,,1,98,,9367,16,,,1,100,,9372,16,,,1
5001,'SEM',519,,9411,16,,,1,106,,9416,16,,,1,75,,9412,16,,,1,23,,9391,16,,,1,36,,9390,16,,,1,64,,9393,16,,,1,31,,9419,16,,,1,67,,9420,16,,,1,33,,9415,16,,,1,67,,9392,16,,,1,33,,9396,16,,,1,68,,9414,16,,,1,32,,9402,16,,,1,72,,9417,16,,,1,30,,9397,16,,,1,72,,9413,16,,,1,28,,9418,16,,,1,70,,9395,16,,,1,83,,9394,16,,,1,26,,9405,16,,,1,76,,9398,16,,,1,30,,9399,16,,,1,69,,9404,16,,,1,28,,9400,16,,,1,75,,9403,16,,,1,29,,9406,16,,,1,75,,9407,16,,,1,104,,9421,16,,,1,104,,9401,16,,,1,104,,9409,16,,,1,105,,9408,16,,,1,106,,9410,16,,,1,89,,9422,6,,,1
6001,'DIM',806,,9939,40,,,1,103,,9947,40,,,1,102,,9945,40,,,1,104,,9946,40,,,1,101,,9948,40,,,1,102,,9951,40,,,1,102,,9949,40,,,1,100,,9952,40,,,1,100,,9950,40,,,1,102,,9953,40,,,1,92,,9954,40,,,1,99,,9941,40,,,1,98,,9943,40,,,1,97,,9942,40,,,1,99,,9944,40,,,1,99,,9938,40,,,1,100,,9940,40,,,1
6001,'SAM',704,,9961,40,,,1,102,,9966,40,,,1,103,,9957,40,,,1,102,,9969,40,,,1,103,,9971,40,,,1,102,,9967,40,,,1,102,,9970,40,,,1,102,,9968,40,,,1,100,,9956,40,,,1,100,,9972,40,,,1,102,,9955,40,,,1,92,,9959,40,,,1,100,,9964,40,,,1,97,,9960,40,,,1,97,,9962,40,,,1,99,,9965,40,,,1,99,,9958,40,,,1,100,,9963,40,,,1
6001,'SEM',548,,9987,40,,,1,101,,9973,40,,,1,87,,9991,40,,,1,77,,9985,40,,,1,37,,9989,40,,,1,101,,9975,40,,,1,101,,9992,40,,,1,101,,9990,40,,,1,104,,9976,40,,,1,100,,9974,40,,,1,100,,9986,40,,,1,102,,9988,40,,,1,99,,9977,40,,,1,143,,9981,40,,,1,56,,9979,40,,,1,90,,9984,40,,,1,98,,9982,40,,,1,98,,9978,40,,,1,99,,9980,40,,,1,94,,9983,40,,,1
34503,'SEM',444,,11786,25,,,1,101,,11787,25,,,1
