2402,'DIM',724,,533,36,,,1,107,,539,36,,,1,98,,536,36,,,1,99,,530,36,,,1,74,,534,36,,,1,25,,520,36,,,1,75,,545,36,,,1,30,,538,36,,,1,71,,535,36,,,1,24,,540,36,,,1,76,,543,36,,,1,25,,537,36,,,1,75,,546,36,,,1,25,,544,36,,,1,76,,542,36,,,1,30,,521,36,,,1,69,,541,36,,,1,29,,525,36,,,1,69,,523,36,,,1,32,,531,36,,,1,100,,527,36,,,1,99,,522,36,,,1,98,,526,36,,,1,100,,524,36,,,1,94,,529,36,,,1,101,,532,36,,,1,98,,528,36,,,1
2402,'SAM',628,,569,36,,,1,97,,560,36,,,1,106,,564,36,,,1,98,,558,36,,,1,100,,568,36,,,1,73,,567,36,,,1,25,,571,36,,,1,75,,552,36,,,1,30,,565,36,,,1,71,,559,36,,,1,25,,561,36,,,1,75,,566,36,,,1,29,,570,36,,,1,71,,562,36,,,1,24,,572,36,,,1,77,,563,36,,,1,30,,574,36,,,1,69,,547,36,,,1,29,,551,36,,,1,69,,573,36,,,1,32,,554,36,,,1,100,,548,36,,,1,99,,557,36,,,1,98,,549,36,,,1,100,,555,36,,,1,94,,550,36,,,1,101,,556,36,,,1,101,,553,36,,,1
2402,'SEM',553,,575,36,,,1,83,,609,36,,,1,79,,604,36,,,1,21,,580,36,,,1,66,,607,36,,,1,27,,579,36,,,1,71,,581,36,,,1,29,,608,36,,,1,29,,584,36,,,1,70,,590,36,,,1,30,,5613,36,,,1,70,,578,36,,,1,30,,605,36,,,1,70,,606,36,,,1,30,,577,36,,,1,71,,610,36,,,1,30,,582,36,,,1,70,,588,36,,,1,71,,611,36,,,1,24,,583,36,,,1,22,,593,36,,,1,60,,576,36,,,1,22,,586,36,,,1,24,,589,36,,,1,58,,585,36,,,1,18,,592,36,,,1,23,,596,36,,,1,55,,599,36,,,1,18,,587,36,,,1,18,,594,36,,,1,61,,602,36,,,1,50,,591,36,,,1,98,,600,36,,,1,100,,595,36,,,1,99,,597,36,,,1,103,,601,36,,,1,99,,598,36,,,1,95,,603,36,,,1
6602,'DIM',716,,3788,32,,,1,108,,3792,32,,,1,102,,3794,32,,,1,101,,3793,32,,,1,99,,3795,32,,,1,95,,3791,32,,,1,107,,3801,32,,,1,131,,3798,32,,,1,95,,3797,32,,,1,74,,3796,32,,,1,31,,3785,32,,,1,71,,3800,32,,,1,25,,3799,32,,,1,72,,3786,32,,,1,99,,3784,32,,,1,100,,3789,32,,,1,99,,3787,32,,,1,92,,3790,32,,,1
6602,'SAM',716,,3811,32,,,1,108,,3814,32,,,1,102,,3818,32,,,1,101,,3815,32,,,1,99,,3816,32,,,1,101,,3802,32,,,1,101,,3813,32,,,1,131,,3817,32,,,1,100,,3805,32,,,1,70,,3803,32,,,1,28,,3819,32,,,1,73,,3808,32,,,1,25,,3804,32,,,1,72,,3809,32,,,1,99,,3812,32,,,1,100,,3810,32,,,1,99,,3807,32,,,1,92,,3806,32,,,1
6602,'SEM',659,,3825,32,,,1,141,,3820,32,,,1,106,,3821,32,,,1,105,,3827,32,,,1,99,,3822,32,,,1,102,,3823,32,,,1,100,,3826,32,,,1,100,,3835,32,,,1,32,,5375,32,,,1,90,,3824,32,,,1,104,,3828,32,,,1,99,,3834,32,,,1,95,,3829,32,,,1,102,,3832,32,,,1,101,,3833,32,,,1,96,,3831,32,,,1,71,,3830,32,,,1
14402,'DIM',749,,4598,20,,,2,101,,4591,20,,,2,101,,4601,20,,,2,101,,4600,20,,,2,72,,4597,20,,,2,30,,4599,20,,,2,73,,4602,20,,,2,73,,4612,20,,,2,30,,4605,20,,,2,74,,4604,20,,,2,33,,4610,20,,,2,68,,4606,20,,,2,35,,4608,20,,,2,73,,4611,20,,,2,28,,4609,20,,,2,74,,4589,20,,,2,34,,4607,20,,,2,67,,4603,20,,,2,34,,4594,20,,,2,99,,4595,20,,,2,81,,4588,20,,,2,97,,4593,20,,,2,97,,4596,20,,,2,96,,4587,20,,,2,101,,4590,20,,,2,95,,4592,20,,,2
14402,'SAM',749,,4627,20,,,2,101,,4616,20,,,2,101,,4632,20,,,2,101,,4633,20,,,2,72,,4628,20,,,2,30,,4634,20,,,2,73,,4638,20,,,2,73,,4630,20,,,2,30,,4629,20,,,2,74,,4613,20,,,2,33,,4631,20,,,2,68,,4635,20,,,2,35,,4636,20,,,2,73,,4618,20,,,2,28,,4637,20,,,2,74,,4614,20,,,2,34,,4617,20,,,2,67,,4639,20,,,2,34,,4624,20,,,2,99,,4615,20,,,2,81,,4620,20,,,2,97,,4619,20,,,2,97,,4621,20,,,2,96,,4626,20,,,2,101,,4622,20,,,2,99,,4623,20,,,2,100,,4625,20,,,2
14402,'SEM',549,,4665,20,,,2,91,,4672,20,,,2,110,,4675,20,,,2,94,,4648,20,,,2,90,,4641,20,,,2,70,,4651,20,,,2,34,,4656,20,,,2,71,,4655,20,,,2,30,,4657,20,,,2,75,,5384,20,,,2,30,,4670,20,,,2,71,,5581,20,,,2,35,,4643,20,,,2,73,,4671,20,,,2,29,,4674,20,,,2,80,,4645,20,,,2,20,,4642,20,,,2,57,,4650,20,,,2,12,,4653,20,,,2,23,,5582,20,,,2,14,,4654,20,,,2,50,,4673,20,,,2,14,,4640,20,,,2,15,,4647,20,,,2,11,,5462,20,,,2,56,,4649,20,,,2,16,,4652,20,,,2,20,,4662,20,,,2,16,,4658,20,,,2,62,,4666,20,,,2,94,,4663,20,,,2,92,,4667,20,,,2,99,,4659,20,,,2,99,,4661,20,,,2,57,,4664,20,,,2,100,,4669,20,,,2,150,,4668,20,,,2
24402,'SEM',1615,,5032,18,,,2,18,,5388,18,,,2,19,,5031,18,,,2
