201,48002,1,0
201,41342,2,0
201,41360,3,0
201,41380,4,0
201,41395,5,0
201,41323,6,0
201,41325,7,0
201,41327,8,0
201,41329,9,0
201,41331,10,0
201,41334,11,0
201,41336,12,0
201,41338,13,0
201,41339,14,0
201,41799,15,0
201,41797,16,0
201,41795,17,0
201,41876,18,0
201,46423,19,0
201,47102,20,0
201,40102,21,1
202,40002,1,0
202,42794,2,0
202,47002,3,0
202,41842,4,0
202,41865,5,0
202,41887,6,0
202,41796,7,0
202,41798,8,0
202,41340,9,0
202,41337,10,0
202,41335,11,0
202,41333,12,0
202,41330,13,0
202,41328,14,0
202,41326,15,0
202,41324,16,0
202,41322,17,0
202,41391,18,0
202,41370,19,0
202,41351,20,0
202,48102,21,1
1201,47012,1,0
1201,41241,2,0
1201,42793,3,0
1201,46417,4,0
1201,49012,5,1
1202,45054,1,0
1202,45053,2,0
1202,45052,3,0
1202,45051,4,0
1202,45050,5,0
1202,41537,6,0
1202,41539,7,0
1202,46418,8,0
1202,42794,9,0
1202,47112,10,1
1703,47017,1,0
1703,41842,2,0
1703,41865,3,0
1703,41887,4,0
1703,41796,5,0
1703,41798,6,0
1703,41800,7,0
1703,41802,8,0
1703,41804,9,0
1703,41807,10,0
1703,41809,11,0
1703,41811,12,0
1703,41813,13,0
1703,41817,14,0
1703,41820,15,0
1703,41822,16,0
1703,41824,17,0
1703,41826,18,0
1703,41828,19,0
1703,41831,20,0
1703,41839,21,0
1703,41834,22,0
1703,41837,23,0
1703,41833,24,0
1703,41841,25,0
1703,41844,26,0
1703,41846,27,0
1703,41848,28,0
1703,41849,29,0
1703,41852,30,0
1703,41854,31,0
1703,41856,32,0
1703,41858,33,0
1703,41860,34,0
1703,41862,35,0
1703,41864,36,0
1703,41867,37,0
1703,41869,38,0
1703,41871,39,0
1703,41873,40,0
1703,41875,41,0
1703,41878,42,0
1703,41880,43,0
1703,41882,44,0
1703,41884,45,0
1703,46438,46,0
1703,41886,47,0
1703,41889,48,0
1703,41070,49,0
1703,41892,50,0
1703,49017,51,1
1704,41068,1,0
1704,41893,2,0
1704,41891,3,0
1704,41890,4,0
1704,41888,5,0
1704,46437,6,0
1704,41885,7,0
1704,41883,8,0
1704,41881,9,0
1704,41879,10,0
1704,41877,11,0
1704,41874,12,0
1704,41872,13,0
1704,41870,14,0
1704,41868,15,0
1704,41866,16,0
1704,41863,17,0
1704,41861,18,0
1704,41859,19,0
1704,41857,20,0
1704,41855,21,0
1704,41853,22,0
1704,41851,23,0
1704,41850,24,0
1704,41847,25,0
1704,41845,26,0
1704,41843,27,0
1704,41835,28,0
1704,41838,29,0
1704,41836,30,0
1704,41840,31,0
1704,41832,32,0
1704,41830,33,0
1704,41827,34,0
1704,41825,35,0
1704,41823,36,0
1704,41821,37,0
1704,41819,38,0
1704,41815,39,0
1704,41816,40,0
1704,41812,41,0
1704,41810,42,0
1704,41808,43,0
1704,41806,44,0
1704,41803,45,0
1704,41801,46,0
1704,41799,47,0
1704,41797,48,0
1704,41795,49,0
1704,41876,50,0
1704,46423,51,0
1704,47117,52,1
2001,46383,1,0
2001,42509,2,0
2001,42507,3,0
2001,42505,4,0
2001,42503,5,0
2001,42500,6,0
2001,41057,7,0
2001,41064,8,0
2001,41062,9,0
2001,41060,10,0
2001,41058,11,0
2001,42055,12,0
2001,41730,13,0
2001,41732,14,0
2001,41734,15,0
2001,41736,16,0
2001,41723,17,0
2001,41725,18,0
2001,41727,19,0
2001,42119,20,0
2001,42006,21,0
2001,45046,22,0
2001,42028,23,0
2001,42050,24,0
2001,42053,25,0
2001,42056,26,0
2001,42058,27,0
2001,46347,28,0
2001,42060,29,0
2001,42062,30,0
2001,42065,31,0
2001,42618,32,0
2001,42615,33,0
2001,42613,34,0
2001,42611,35,0
2001,42609,36,0
2001,42607,37,0
2001,42604,38,0
2001,42558,39,0
2001,42601,40,0
2001,42599,41,0
2001,42597,42,0
2001,42594,43,0
2001,42592,44,0
2001,42590,45,0
2001,42588,46,0
2001,42586,47,0
2001,42623,48,0
2001,42621,49,0
2001,42617,50,0
2001,42619,51,0
2001,46418,52,0
2001,42794,53,0
2001,47120,54,1
2002,47020,1,0
2002,41241,2,0
2002,42793,3,0
2002,46417,4,0
2002,42795,5,0
2002,42585,6,0
2002,42606,7,0
2002,42620,8,0
2002,42622,9,0
2002,42624,10,0
2002,42587,11,0
2002,42589,12,0
2002,42591,13,0
2002,42593,14,0
2002,42595,15,0
2002,42598,16,0
2002,42600,17,0
2002,42602,18,0
2002,42603,19,0
2002,42605,20,0
2002,42608,21,0
2002,42610,22,0
2002,42612,23,0
2002,42614,24,0
2002,42616,25,0
2002,42063,26,0
2002,42061,27,0
2002,42059,28,0
2002,46349,29,0
2002,42057,30,0
2002,42054,31,0
2002,46354,32,0
2002,42052,33,0
2002,42039,34,0
2002,42017,35,0
2002,41997,36,0
2002,42130,37,0
2002,42108,38,0
2002,46324,39,0
2002,41724,40,0
2002,41737,41,0
2002,41735,42,0
2002,41733,43,0
2002,41731,44,0
2002,41722,45,0
2002,41986,46,0
2002,41056,47,0
2002,41059,48,0
2002,41061,49,0
2002,41063,50,0
2002,41065,51,0
2002,42499,52,0
2002,42501,53,0
2002,42504,54,0
2002,42506,55,0
2002,42508,56,0
2002,43420,57,1
2201,47022,1,0
2201,41842,2,0
2201,41865,3,0
2201,41887,4,0
2201,43196,5,0
2201,43198,6,0
2201,43200,7,0
2201,43202,8,0
2201,43192,9,0
2201,43194,10,0
2201,41556,11,0
2201,42066,12,0
2201,41230,13,0
2201,42068,14,0
2201,42069,15,0
2201,42071,16,0
2201,42073,17,0
2201,42075,18,0
2201,42078,19,0
2201,42080,20,0
2201,42082,21,0
2201,42083,22,0
2201,46327,23,0
2201,42086,24,0
2201,42089,25,0
2201,42090,26,0
2201,42092,27,0
2201,42094,28,0
2201,42096,29,0
2201,42099,30,0
2201,42101,31,0
2201,45065,32,0
2201,41105,33,0
2201,41107,34,0
2201,41109,35,0
2201,41614,36,0
2201,41612,37,0
2201,41609,38,0
2201,41610,39,0
2201,42798,40,0
2201,46399,41,0
2201,46306,42,0
2201,45071,43,0
2201,45074,44,0
2201,46329,45,0
2201,45076,46,0
2201,46562,47,0
2201,46033,48,0
2201,46483,49,0
2201,46484,50,0
2201,46485,51,0
2201,42188,52,0
2201,42189,53,0
2201,42191,54,0
2201,42193,55,0
2201,42194,56,0
2201,42197,57,0
2201,46401,58,0
2201,42201,59,0
2201,46386,60,0
2201,42203,61,0
2201,42204,62,0
2201,42208,63,0
2201,42210,64,0
2201,42211,65,0
2201,42214,66,0
2201,42217,67,0
2201,42219,68,0
2201,42221,69,0
2201,42223,70,0
2201,42376,71,0
2201,49022,72,1
2202,42379,1,0
2202,42378,2,0
2202,42224,3,0
2202,42222,4,0
2202,42220,5,0
2202,42218,6,0
2202,42216,7,0
2202,42213,8,0
2202,42212,9,0
2202,42209,10,0
2202,42206,11,0
2202,42205,12,0
2202,46387,13,0
2202,42202,14,0
2202,46400,15,0
2202,42199,16,0
2202,42196,17,0
2202,43308,18,0
2202,42192,19,0
2202,42190,20,0
2202,46558,21,0
2202,46559,22,0
2202,46560,23,0
2202,46497,24,0
2202,46498,25,0
2202,46561,26,0
2202,46336,27,0
2202,46028,28,0
2202,46029,29,0
2202,46030,30,0
2202,46337,31,0
2202,42797,32,0
2202,41616,33,0
2202,41611,34,0
2202,41613,35,0
2202,41615,36,0
2202,41101,37,0
2202,41110,38,0
2202,41108,39,0
2202,41106,40,0
2202,42104,41,0
2202,42102,42,0
2202,42100,43,0
2202,42098,44,0
2202,42095,45,0
2202,42093,46,0
2202,42091,47,0
2202,45010,48,0
2202,42088,49,0
2202,42085,50,0
2202,46031,51,0
2202,42084,52,0
2202,42081,53,0
2202,42079,54,0
2202,42077,55,0
2202,42074,56,0
2202,42072,57,0
2202,42070,58,0
2202,41219,59,0
2202,42067,60,0
2202,41557,61,0
2202,43195,62,0
2202,43193,63,0
2202,43191,64,0
2202,43201,65,0
2202,43199,66,0
2202,43197,67,0
2202,45011,68,0
2202,41876,69,0
2202,46423,70,0
2202,47122,71,1
2401,43428,1,0
2401,43429,2,0
2401,43021,3,0
2401,43024,4,0
2401,43026,5,0
2401,43029,6,0
2401,43031,7,0
2401,43032,8,0
2401,45045,9,0
2401,43036,10,0
2401,43039,11,0
2401,43041,12,0
2401,43044,13,0
2401,43046,14,0
2401,43049,15,0
2401,43052,16,0
2401,43054,17,0
2401,46007,18,0
2401,46008,19,0
2401,43057,20,0
2401,43059,21,0
2401,43061,22,0
2401,43063,23,0
2401,41409,24,0
2401,41462,25,0
2401,41262,26,0
2401,41259,27,0
2401,41258,28,0
2401,41256,29,0
2401,41254,30,0
2401,41252,31,0
2401,41250,32,0
2401,43416,33,0
2401,41248,34,0
2401,41246,35,0
2401,41244,36,0
2401,41242,37,0
2401,41239,38,0
2401,41237,39,0
2401,41235,40,0
2401,41233,41,0
2401,41231,42,0
2401,41228,43,0
2401,41226,44,0
2401,41224,45,0
2401,41222,46,0
2401,41220,47,0
2401,47124,48,1
2402,47024,1,0
2402,41267,2,0
2402,41221,3,0
2402,41223,4,0
2402,41225,5,0
2402,41227,6,0
2402,41229,7,0
2402,41232,8,0
2402,41234,9,0
2402,41236,10,0
2402,41238,11,0
2402,41240,12,0
2402,41243,13,0
2402,41245,14,0
2402,45043,15,0
2402,41247,16,0
2402,41249,17,0
2402,41251,18,0
2402,41253,19,0
2402,41255,20,0
2402,41257,21,0
2402,41260,22,0
2402,41263,23,0
2402,41461,24,0
2402,41463,25,0
2402,43062,26,0
2402,43060,27,0
2402,43058,28,0
2402,43055,29,0
2402,46009,30,0
2402,46010,31,0
2402,43053,32,0
2402,43051,33,0
2402,43047,34,0
2402,43045,35,0
2402,43042,36,0
2402,43040,37,0
2402,43038,38,0
2402,43033,39,0
2402,45008,40,0
2402,43034,41,0
2402,43030,42,0
2402,43027,43,0
2402,43025,44,0
2402,43023,45,0
2402,43019,46,0
2402,43426,47,0
2402,43427,48,1
2601,41196,1,0
2601,41197,2,0
2601,42703,3,0
2601,43224,4,0
2601,43222,5,0
2601,43220,6,0
2601,43218,7,0
2601,41788,8,0
2601,41783,9,0
2601,41786,10,0
2601,41193,11,0
2601,41189,12,0
2601,41187,13,0
2601,41185,14,0
2601,41183,15,0
2601,46533,16,0
2601,41181,17,0
2601,43259,18,0
2601,41178,19,0
2601,41176,20,0
2601,41174,21,0
2601,43022,22,0
2601,43037,23,0
2601,43050,24,0
2601,46011,25,0
2601,43043,26,0
2601,43064,27,0
2601,43066,28,0
2601,43068,29,0
2601,43018,30,0
2601,43021,31,0
2601,43430,32,0
2601,43431,33,0
2601,43432,34,0
2601,43433,35,0
2601,43434,36,0
2601,42509,37,0
2601,42507,38,0
2601,42505,39,0
2601,42503,40,0
2601,42500,41,0
2601,42498,42,0
2601,42496,43,0
2601,42494,44,0
2601,42492,45,0
2601,42489,46,0
2601,42487,47,0
2601,42485,48,0
2601,42483,49,0
2601,42481,50,0
2601,42514,51,0
2601,42512,52,0
2601,42510,53,0
2601,42491,54,0
2601,46012,55,0
2601,46013,56,0
2601,46014,57,0
2601,46015,58,0
2601,46016,59,0
2601,48126,60,1
2602,48026,1,0
2602,46018,2,0
2602,46109,3,0
2602,46019,4,0
2602,46020,5,0
2602,46021,6,0
2602,42515,7,0
2602,42480,8,0
2602,42511,9,0
2602,42513,10,0
2602,42516,11,0
2602,42482,12,0
2602,42484,13,0
2602,42486,14,0
2602,42488,15,0
2602,42490,16,0
2602,42493,17,0
2602,42495,18,0
2602,42497,19,0
2602,42499,20,0
2602,42501,21,0
2602,42504,22,0
2602,42506,23,0
2602,42508,24,0
2602,46606,25,0
2602,43421,26,0
2602,43422,27,0
2602,43423,28,0
2602,43424,29,0
2602,43425,30,0
2602,43019,31,0
2602,43017,32,0
2602,43016,33,0
2602,43067,34,0
2602,43065,35,0
2602,43056,36,0
2602,43028,37,0
2602,43048,38,0
2602,43035,39,0
2602,43020,40,0
2602,43015,41,0
2602,41175,42,0
2602,41177,43,0
2602,43258,44,0
2602,41179,45,0
2602,46532,46,0
2602,41182,47,0
2602,41184,48,0
2602,41186,49,0
2602,41188,50,0
2602,41191,51,0
2602,41194,52,0
2602,41784,53,0
2602,41785,54,0
2602,41787,55,0
2602,43219,56,0
2602,43221,57,0
2602,43223,58,0
2602,42702,59,0
2602,41195,60,0
2602,49026,61,1
2703,47027,1,0
2703,41842,2,0
2703,41865,3,0
2703,41887,4,0
2703,41796,5,0
2703,41798,6,0
2703,41800,7,0
2703,41802,8,0
2703,41804,9,0
2703,41807,10,0
2703,41809,11,0
2703,41811,12,0
2703,41813,13,0
2703,41817,14,0
2703,41820,15,0
2703,41822,16,0
2703,41824,17,0
2703,41826,18,0
2703,41828,19,0
2703,41831,20,0
2703,41130,21,0
2703,41133,22,0
2703,41134,23,0
2703,42155,24,0
2703,42156,25,0
2703,42158,26,0
2703,42160,27,0
2703,42718,28,0
2703,42715,29,0
2703,42717,30,0
2703,45014,31,0
2703,42712,32,0
2703,42713,33,0
2703,42709,34,0
2703,41902,35,0
2703,41911,36,0
2703,41909,37,0
2703,41907,38,0
2703,43983,39,0
2703,44007,40,0
2703,44008,41,0
2703,43986,42,0
2703,43987,43,0
2703,43988,44,0
2703,42693,45,0
2703,42701,46,0
2703,42699,47,0
2703,42697,48,0
2703,42695,49,0
2703,41072,50,0
2703,41071,51,0
2703,46305,52,0
2703,46396,53,0
2703,46303,54,0
2703,42727,55,0
2703,42729,56,0
2703,46345,57,0
2703,49027,58,1
2704,46022,1,0
2704,46344,2,0
2704,46023,3,0
2704,42730,4,0
2704,43419,5,0
2704,42726,6,0
2704,41067,7,0
2704,45015,8,0
2704,41074,9,0
2704,41073,10,0
2704,42696,11,0
2704,42698,12,0
2704,42700,13,0
2704,42694,14,0
2704,43989,15,0
2704,43990,16,0
2704,43991,17,0
2704,43992,18,0
2704,43993,19,0
2704,43994,20,0
2704,41906,21,0
2704,41908,22,0
2704,41910,23,0
2704,41901,24,0
2704,41903,25,0
2704,42706,26,0
2704,42708,27,0
2704,42711,28,0
2704,42714,29,0
2704,42723,30,0
2704,42162,31,0
2704,42161,32,0
2704,42159,33,0
2704,42157,34,0
2704,41132,35,0
2704,41131,36,0
2704,41832,37,0
2704,41830,38,0
2704,41827,39,0
2704,41825,40,0
2704,41823,41,0
2704,41821,42,0
2704,41819,43,0
2704,41815,44,0
2704,41816,45,0
2704,41812,46,0
2704,41810,47,0
2704,41808,48,0
2704,41806,49,0
2704,41803,50,0
2704,41801,51,0
2704,41799,52,0
2704,41797,53,0
2704,41795,54,0
2704,41876,55,0
2704,46423,56,0
2704,47127,57,1
3103,40031,1,0
3103,42794,2,0
3103,47031,3,0
3103,41842,4,0
3103,41865,5,0
3103,41887,6,0
3103,41796,7,0
3103,41798,8,0
3103,41800,9,0
3103,41802,10,0
3103,41804,11,0
3103,41807,12,0
3103,41809,13,0
3103,41811,14,0
3103,41813,15,0
3103,41817,16,0
3103,41820,17,0
3103,41822,18,0
3103,41824,19,0
3103,41826,20,0
3103,41828,21,0
3103,41831,22,0
3103,41839,23,0
3103,41834,24,0
3103,41837,25,0
3103,41833,26,0
3103,41841,27,0
3103,41844,28,0
3103,41846,29,0
3103,41848,30,0
3103,41849,31,0
3103,41852,32,0
3103,41854,33,0
3103,41856,34,0
3103,41858,35,0
3103,41860,36,0
3103,41862,37,0
3103,41864,38,0
3103,41867,39,0
3103,41869,40,0
3103,41871,41,0
3103,41873,42,0
3103,41875,43,0
3103,41878,44,0
3103,41880,45,0
3103,41080,46,0
3103,41081,47,0
3103,41083,48,0
3103,41208,49,0
3103,41112,50,0
3103,41114,51,0
3103,41116,52,0
3103,43166,53,0
3103,43168,54,0
3103,43170,55,0
3103,43172,56,0
3103,46397,57,0
3103,43164,58,0
3103,46506,59,0
3103,42571,60,0
3103,41030,61,0
3103,41031,62,0
3103,41029,63,0
3103,41032,64,0
3103,46540,65,1
3104,46541,1,0
3104,41033,2,0
3104,42572,3,0
3104,46507,4,0
3104,42570,5,0
3104,46398,6,0
3104,43163,7,0
3104,43171,8,0
3104,43169,9,0
3104,43167,10,0
3104,43165,11,0
3104,41117,12,0
3104,41115,13,0
3104,41113,14,0
3104,41209,15,0
3104,41082,16,0
3104,41883,17,0
3104,41881,18,0
3104,41879,19,0
3104,41877,20,0
3104,41874,21,0
3104,41872,22,0
3104,41870,23,0
3104,41868,24,0
3104,41866,25,0
3104,41863,26,0
3104,41861,27,0
3104,41859,28,0
3104,41857,29,0
3104,41855,30,0
3104,41853,31,0
3104,41851,32,0
3104,41850,33,0
3104,41847,34,0
3104,41845,35,0
3104,41843,36,0
3104,41835,37,0
3104,41838,38,0
3104,41836,39,0
3104,41840,40,0
3104,41832,41,0
3104,41830,42,0
3104,41827,43,0
3104,41825,44,0
3104,41823,45,0
3104,41821,46,0
3104,41819,47,0
3104,41815,48,0
3104,41816,49,0
3104,41812,50,0
3104,41810,51,0
3104,41808,52,0
3104,41806,53,0
3104,41803,54,0
3104,41801,55,0
3104,41799,56,0
3104,41797,57,0
3104,41795,58,0
3104,41876,59,0
3104,46423,60,0
3104,47131,61,0
3104,40131,62,1
3303,47033,1,0
3303,41267,2,0
3303,41221,3,0
3303,41223,4,0
3303,42749,5,0
3303,42753,6,0
3303,42755,7,0
3303,42757,8,0
3303,42759,9,0
3303,42751,10,0
3303,41330,11,0
3303,41328,12,0
3303,41039,13,0
3303,41041,14,0
3303,41147,15,0
3303,41149,16,0
3303,41153,17,0
3303,43185,18,0
3303,43187,19,0
3303,41794,20,0
3303,41154,21,0
3303,43228,22,0
3303,43227,23,0
3303,43226,24,0
3303,43232,25,0
3303,43231,26,0
3303,43230,27,0
3303,43229,28,0
3303,43246,29,0
3303,42245,30,0
3303,42244,31,0
3303,46058,32,0
3303,46059,33,0
3303,46060,34,0
3303,43160,35,0
3303,43161,36,0
3303,46440,37,0
3303,42846,38,0
3303,46062,39,0
3303,46063,40,0
3303,46064,41,0
3303,46065,42,0
3303,46320,43,0
3303,46066,44,0
3303,46067,45,0
3303,46068,46,0
3303,41391,47,0
3303,41370,48,0
3303,41351,49,0
3303,48133,50,1
3304,48033,1,0
3304,41342,2,0
3304,41360,3,0
3304,41380,4,0
3304,46035,5,0
3304,46036,6,0
3304,46037,7,0
3304,46038,8,0
3304,46039,9,0
3304,46040,10,0
3304,46041,11,0
3304,46321,12,0
3304,46042,13,0
3304,46043,14,0
3304,46044,15,0
3304,46045,16,0
3304,46046,17,0
3304,46047,18,0
3304,46048,19,0
3304,46049,20,0
3304,46050,21,0
3304,46051,22,0
3304,46052,23,0
3304,46053,24,0
3304,46054,25,0
3304,46055,26,0
3304,46056,27,0
3304,46057,28,0
3304,41004,29,0
3304,43188,30,0
3304,43190,31,0
3304,41152,32,0
3304,41150,33,0
3304,41148,34,0
3304,43155,35,0
3304,41042,36,0
3304,41040,37,0
3304,41043,38,0
3304,41329,39,0
3304,41331,40,0
3304,42750,41,0
3304,42758,42,0
3304,42756,43,0
3304,42754,44,0
3304,42752,45,0
3304,41226,46,0
3304,41224,47,0
3304,41222,48,0
3304,41220,49,0
3304,47133,50,1
3601,46563,1,0
3601,46564,2,0
3601,46565,3,0
3601,46566,4,0
3601,46567,5,0
3601,46568,6,0
3601,46569,7,0
3601,41968,8,0
3601,41970,9,0
3601,41972,10,0
3601,41974,11,0
3601,41618,12,0
3601,46570,13,0
3601,46571,14,0
3601,46572,15,0
3601,46573,16,0
3601,46574,17,0
3601,46575,18,0
3601,46576,19,0
3601,42498,20,0
3601,42496,21,0
3601,42494,22,0
3601,42492,23,0
3601,42489,24,0
3601,42487,25,0
3601,42485,26,0
3601,42483,27,0
3601,42481,28,0
3601,42514,29,0
3601,42512,30,0
3601,42510,31,0
3601,42491,32,0
3601,46012,33,0
3601,46013,34,0
3601,46014,35,0
3601,46015,36,0
3601,46016,37,0
3601,48136,38,1
3602,48036,1,0
3602,46018,2,0
3602,46109,3,0
3602,46019,4,0
3602,46020,5,0
3602,46021,6,0
3602,42515,7,0
3602,42480,8,0
3602,42511,9,0
3602,42513,10,0
3602,42516,11,0
3602,42482,12,0
3602,42484,13,0
3602,42486,14,0
3602,42488,15,0
3602,42490,16,0
3602,42493,17,0
3602,42495,18,0
3602,42497,19,0
3602,46577,20,0
3602,46578,21,0
3602,46579,22,0
3602,46580,23,0
3602,46581,24,0
3602,46582,25,0
3602,46583,26,0
3602,46584,27,0
3602,41617,28,0
3602,41967,29,0
3602,41969,30,0
3602,41971,31,0
3602,41973,32,0
3602,46585,33,0
3602,46586,34,0
3602,46587,35,0
3602,46588,36,0
3602,46589,37,0
3602,46590,38,1
3703,47037,1,0
3703,41267,2,0
3703,41221,3,0
3703,41223,4,0
3703,42749,5,0
3703,46083,6,0
3703,46084,7,0
3703,46085,8,0
3703,41008,9,0
3703,41006,10,0
3703,41391,11,0
3703,41928,12,0
3703,41930,13,0
3703,41913,14,0
3703,41915,15,0
3703,41916,16,0
3703,41919,17,0
3703,41921,18,0
3703,41738,19,0
3703,41742,20,0
3703,43011,21,0
3703,43013,22,0
3703,41635,23,0
3703,41646,24,0
3703,41648,25,0
3703,41650,26,0
3703,41652,27,0
3703,41637,28,0
3703,41639,29,0
3703,41641,30,0
3703,41643,31,0
3703,41124,32,0
3703,41126,33,0
3703,41128,34,0
3703,41129,35,0
3703,41121,36,0
3703,41122,37,0
3703,41946,38,0
3703,41948,39,0
3703,41951,40,0
3703,41953,41,0
3703,41956,42,0
3703,45022,43,0
3703,45023,44,0
3703,45024,45,0
3703,46087,46,0
3703,46088,47,0
3703,46420,48,1
3704,46421,1,0
3704,46069,2,0
3704,46070,3,0
3704,46071,4,0
3704,46072,5,0
3704,46073,6,0
3704,46074,7,0
3704,41959,8,0
3704,41961,9,0
3704,41954,10,0
3704,41955,11,0
3704,46075,12,0
3704,46076,13,0
3704,46077,14,0
3704,46078,15,0
3704,46079,16,0
3704,41127,17,0
3704,41125,18,0
3704,41123,19,0
3704,41642,20,0
3704,41640,21,0
3704,41638,22,0
3704,41636,23,0
3704,41651,24,0
3704,41649,25,0
3704,41647,26,0
3704,41645,27,0
3704,41634,28,0
3704,43014,29,0
3704,43012,30,0
3704,41922,31,0
3704,41920,32,0
3704,41918,33,0
3704,41917,34,0
3704,41914,35,0
3704,41912,36,0
3704,41929,37,0
3704,41380,38,0
3704,41395,39,0
3704,41005,40,0
3704,46080,41,0
3704,46081,42,0
3704,46082,43,0
3704,42752,44,0
3704,41226,45,0
3704,41224,46,0
3704,41222,47,0
3704,41220,48,0
3704,47137,49,1
3903,44139,1,0
3903,41931,2,0
3903,41964,3,0
3903,41966,4,0
3903,41941,5,0
3903,41958,6,0
3903,41937,7,0
3903,43147,8,0
3903,43148,9,0
3903,46508,10,0
3903,46509,11,0
3903,48039,12,0
3903,41028,13,0
3903,43149,14,0
3903,41915,15,0
3903,41916,16,0
3903,41919,17,0
3903,41921,18,0
3903,42844,19,0
3903,42847,20,0
3903,42850,21,0
3903,42852,22,0
3903,41814,23,0
3903,41817,24,0
3903,41820,25,0
3903,41822,26,0
3903,41824,27,0
3903,41826,28,0
3903,41828,29,0
3903,41831,30,0
3903,41130,31,0
3903,41133,32,0
3903,41134,33,0
3903,42155,34,0
3903,42156,35,0
3903,42158,36,0
3903,42160,37,0
3903,42718,38,0
3903,42715,39,0
3903,42717,40,0
3903,45014,41,0
3903,42712,42,0
3903,42713,43,0
3903,42709,44,0
3903,42710,45,0
3903,41099,46,0
3903,41098,47,0
3903,41092,48,0
3903,41097,49,0
3903,41096,50,0
3903,41094,51,0
3903,41849,52,0
3903,41852,53,0
3903,41854,54,0
3903,41856,55,0
3903,41858,56,0
3903,41860,57,0
3903,41862,58,0
3903,41864,59,0
3903,41867,60,0
3903,41869,61,0
3903,41871,62,0
3903,41873,63,0
3903,41875,64,0
3903,41878,65,0
3903,41880,66,0
3903,41882,67,0
3903,41884,68,0
3903,46438,69,0
3903,41886,70,0
3903,41889,71,0
3903,41070,72,0
3903,41892,73,0
3903,49039,74,1
3904,41068,1,0
3904,41893,2,0
3904,41891,3,0
3904,41890,4,0
3904,41888,5,0
3904,46437,6,0
3904,41885,7,0
3904,41883,8,0
3904,41881,9,0
3904,41879,10,0
3904,41877,11,0
3904,41874,12,0
3904,41872,13,0
3904,41870,14,0
3904,41868,15,0
3904,41866,16,0
3904,41863,17,0
3904,41861,18,0
3904,41859,19,0
3904,41857,20,0
3904,41855,21,0
3904,41853,22,0
3904,41851,23,0
3904,45016,24,0
3904,41089,25,0
3904,41091,26,0
3904,41093,27,0
3904,41095,28,0
3904,41084,29,0
3904,42704,30,0
3904,42706,31,0
3904,42708,32,0
3904,42711,33,0
3904,42714,34,0
3904,42723,35,0
3904,42162,36,0
3904,42161,37,0
3904,42159,38,0
3904,42157,39,0
3904,41132,40,0
3904,41131,41,0
3904,41832,42,0
3904,41830,43,0
3904,41827,44,0
3904,41825,45,0
3904,41823,46,0
3904,41821,47,0
3904,41819,48,0
3904,41815,49,0
3904,42855,50,0
3904,42853,51,0
3904,42851,52,0
3904,42849,53,0
3904,41922,54,0
3904,41920,55,0
3904,41918,56,0
3904,41917,57,0
3904,41914,58,0
3904,43154,59,0
3904,43152,60,0
3904,46444,61,0
3904,46443,62,0
3904,48139,63,0
3904,43343,64,0
3904,43146,65,0
3904,41957,66,0
3904,41952,67,0
3904,41942,68,0
3904,41938,69,0
3904,41965,70,0
3904,41932,71,0
3904,44039,72,1
4001,45001,1,0
4001,41312,2,0
4001,43127,3,0
4001,43150,4,0
4001,43157,5,0
4001,43159,6,0
4001,43108,7,0
4001,43110,8,0
4001,43112,9,0
4001,43114,10,0
4001,43116,11,0
4001,43118,12,0
4001,43120,13,0
4001,43122,14,0
4001,43124,15,0
4001,43126,16,0
4001,43129,17,0
4001,43131,18,0
4001,43133,19,0
4001,43135,20,0
4001,43137,21,0
4001,43140,22,0
4001,43142,23,0
4001,43144,24,0
4001,43147,25,0
4001,43148,26,0
4001,46443,27,0
4001,48140,28,1
4002,48040,1,0
4002,43343,2,0
4002,43146,3,0
4002,43145,4,0
4002,43143,5,0
4002,43438,6,0
4002,43139,7,0
4002,43136,8,0
4002,43134,9,0
4002,43132,10,0
4002,43130,11,0
4002,43128,12,0
4002,43125,13,0
4002,43123,14,0
4002,43121,15,0
4002,43119,16,0
4002,43117,17,0
4002,43115,18,0
4002,43113,19,0
4002,43111,20,0
4002,43109,21,0
4002,43107,22,0
4002,43158,23,0
4002,43156,24,0
4002,43138,25,0
4002,46408,26,0
4002,41313,27,0
4002,46409,28,0
4002,46441,29,0
4002,46410,30,0
4002,46432,31,0
4002,43392,32,0
4002,43393,33,0
4002,43394,34,0
4002,43395,35,0
4002,43396,36,0
4002,49040,37,1
4103,47041,1,0
4103,41842,2,0
4103,41865,3,0
4103,41887,4,0
4103,41796,5,0
4103,41798,6,0
4103,41800,7,0
4103,41802,8,0
4103,41804,9,0
4103,41807,10,0
4103,41809,11,0
4103,41811,12,0
4103,41813,13,0
4103,41817,14,0
4103,41820,15,0
4103,41822,16,0
4103,41824,17,0
4103,41826,18,0
4103,41828,19,0
4103,41831,20,0
4103,41839,21,0
4103,41834,22,0
4103,41837,23,0
4103,41833,24,0
4103,41841,25,0
4103,41492,26,0
4103,41490,27,0
4103,41488,28,0
4103,45014,29,0
4103,42712,30,0
4103,42713,31,0
4103,42709,32,0
4103,42710,33,0
4103,41099,34,0
4103,41098,35,0
4103,41092,36,0
4103,41097,37,0
4103,41096,38,0
4103,41094,39,0
4103,41086,40,0
4103,41088,41,0
4103,41090,42,0
4103,42730,43,0
4103,42726,44,0
4103,41076,45,0
4103,42557,46,0
4103,42556,47,0
4103,45017,48,0
4103,42554,49,0
4103,42552,50,0
4103,43180,51,0
4103,43182,52,1
4104,43181,1,0
4104,43183,2,0
4104,43184,3,0
4104,42551,4,0
4104,45018,5,0
4104,42553,6,0
4104,42555,7,0
4104,41077,8,0
4104,41078,9,0
4104,42727,10,0
4104,42729,11,0
4104,41085,12,0
4104,41087,13,0
4104,45016,14,0
4104,41089,15,0
4104,41091,16,0
4104,41093,17,0
4104,41095,18,0
4104,41084,19,0
4104,42704,20,0
4104,42706,21,0
4104,42708,22,0
4104,42711,23,0
4104,41487,24,0
4104,41489,25,0
4104,41843,26,0
4104,41835,27,0
4104,41838,28,0
4104,41836,29,0
4104,41840,30,0
4104,41832,31,0
4104,41830,32,0
4104,41827,33,0
4104,41825,34,0
4104,41823,35,0
4104,41821,36,0
4104,41819,37,0
4104,41815,38,0
4104,41816,39,0
4104,41812,40,0
4104,41810,41,0
4104,41808,42,0
4104,41806,43,0
4104,41803,44,0
4104,41801,45,0
4104,41799,46,0
4104,41797,47,0
4104,41795,48,0
4104,41876,49,0
4104,46423,50,0
4104,47141,51,1
4201,44042,1,0
4201,43295,2,0
4201,41505,3,0
4201,41502,4,0
4201,45058,5,0
4201,42828,6,0
4201,42830,7,0
4201,46422,8,0
4201,42832,9,0
4201,41958,10,0
4201,41937,11,0
4201,43147,12,0
4201,43148,13,0
4201,43507,14,0
4201,43509,15,0
4201,41342,16,0
4201,41360,17,0
4201,41380,18,0
4201,41395,19,0
4201,41323,20,0
4201,41325,21,0
4201,41327,22,0
4201,41329,23,0
4201,41331,24,0
4201,41334,25,0
4201,41336,26,0
4201,41338,27,0
4201,41339,28,0
4201,41341,29,0
4201,41344,30,0
4201,41346,31,0
4201,41348,32,0
4201,41350,33,0
4201,41353,34,0
4201,41355,35,0
4201,41357,36,0
4201,41359,37,0
4201,41361,38,0
4201,41363,39,0
4201,41365,40,0
4201,41367,41,0
4201,41369,42,0
4201,41372,43,0
4201,41373,44,0
4201,41375,45,0
4201,41377,46,0
4201,41379,47,0
4201,41382,48,0
4201,41384,49,0
4201,41386,50,0
4201,41388,51,0
4201,41390,52,0
4201,41393,53,0
4201,42101,54,0
4201,42103,55,0
4201,42105,56,0
4201,42107,57,0
4201,42110,58,0
4201,42112,59,0
4201,42114,60,0
4201,42116,61,0
4201,42118,62,0
4201,42121,63,0
4201,42123,64,0
4201,42125,65,0
4201,42127,66,0
4201,42129,67,0
4201,42132,68,0
4201,42134,69,0
4201,42136,70,0
4201,42138,71,0
4201,42140,72,0
4201,41988,73,0
4201,41990,74,0
4201,41992,75,0
4201,41994,76,0
4201,41996,77,0
4201,41999,78,0
4201,42001,79,0
4201,42003,80,0
4201,42005,81,0
4201,42008,82,0
4201,42010,83,0
4201,42409,84,0
4201,42414,85,0
4201,42416,86,0
4201,42418,87,0
4201,42420,88,0
4201,42411,89,0
4201,42412,90,0
4201,42178,91,0
4201,42179,92,0
4201,42180,93,0
4201,42184,94,0
4201,42451,95,0
4201,45060,96,0
4201,42452,97,0
4201,42454,98,0
4201,42447,99,0
4201,42455,100,0
4201,42457,101,0
4201,42459,102,0
4201,49042,103,1
4202,41272,1,0
4202,41273,2,0
4202,42445,3,0
4202,42446,4,0
4202,42013,5,0
4202,42448,6,0
4202,42460,7,0
4202,42458,8,0
4202,42456,9,0
4202,42453,10,0
4202,42449,11,0
4202,45059,12,0
4202,42450,13,0
4202,45061,14,0
4202,45062,15,0
4202,42182,16,0
4202,42183,17,0
4202,42185,18,0
4202,42177,19,0
4202,42175,20,0
4202,42410,21,0
4202,42419,22,0
4202,42417,23,0
4202,42415,24,0
4202,42413,25,0
4202,42011,26,0
4202,42009,27,0
4202,42007,28,0
4202,42004,29,0
4202,42002,30,0
4202,42000,31,0
4202,41998,32,0
4202,41995,33,0
4202,41993,34,0
4202,41991,35,0
4202,41989,36,0
4202,41987,37,0
4202,42139,38,0
4202,42137,39,0
4202,42135,40,0
4202,42133,41,0
4202,42131,42,0
4202,42128,43,0
4202,42126,44,0
4202,42124,45,0
4202,42122,46,0
4202,42120,47,0
4202,42117,48,0
4202,42115,49,0
4202,42113,50,0
4202,42111,51,0
4202,42109,52,0
4202,42106,53,0
4202,42104,54,0
4202,42102,55,0
4202,41394,56,0
4202,41392,57,0
4202,41389,58,0
4202,41387,59,0
4202,41385,60,0
4202,41383,61,0
4202,41381,62,0
4202,41378,63,0
4202,41376,64,0
4202,41374,65,0
4202,41371,66,0
4202,41368,67,0
4202,41366,68,0
4202,41364,69,0
4202,41362,70,0
4202,41358,71,0
4202,41356,72,0
4202,41354,73,0
4202,41352,74,0
4202,41349,75,0
4202,41347,76,0
4202,41345,77,0
4202,41343,78,0
4202,41340,79,0
4202,41337,80,0
4202,41335,81,0
4202,41333,82,0
4202,41330,83,0
4202,41328,84,0
4202,41326,85,0
4202,41324,86,0
4202,41322,87,0
4202,41391,88,0
4202,41370,89,0
4202,41351,90,0
4202,43510,91,0
4202,43506,92,0
4202,43343,93,0
4202,43146,94,0
4202,41957,95,0
4202,42833,96,0
4202,42831,97,0
4202,42829,98,0
4202,41509,99,0
4202,45063,100,0
4202,41504,101,0
4202,41506,102,0
4202,41507,103,0
4202,43296,104,0
4202,46470,105,0
4202,44142,106,1
4303,47043,1,0
4303,41842,2,0
4303,41865,3,0
4303,41887,4,0
4303,41796,5,0
4303,41798,6,0
4303,41800,7,0
4303,41802,8,0
4303,41804,9,0
4303,41807,10,0
4303,41809,11,0
4303,41811,12,0
4303,41813,13,0
4303,41817,14,0
4303,41820,15,0
4303,41822,16,0
4303,41824,17,0
4303,41826,18,0
4303,42705,19,0
4303,42719,20,0
4303,42721,21,0
4303,42718,22,0
4303,42715,23,0
4303,42717,24,0
4303,45014,25,0
4303,42712,26,0
4303,42713,27,0
4303,42709,28,0
4303,42710,29,0
4303,43995,30,0
4303,42707,31,0
4303,46415,32,0
4303,43996,33,0
4303,46391,34,0
4303,43997,35,0
4303,43998,36,0
4303,43999,37,1
4304,44000,1,0
4304,44001,2,0
4304,44002,3,0
4304,46392,4,0
4304,44003,5,0
4304,46416,6,0
4304,44004,7,0
4304,44006,8,0
4304,44005,9,0
4304,42704,10,0
4304,42706,11,0
4304,42708,12,0
4304,42711,13,0
4304,42714,14,0
4304,42723,15,0
4304,42722,16,0
4304,42720,17,0
4304,42716,18,0
4304,41827,19,0
4304,41825,20,0
4304,41823,21,0
4304,41821,22,0
4304,41819,23,0
4304,41815,24,0
4304,41816,25,0
4304,41812,26,0
4304,41810,27,0
4304,41808,28,0
4304,41806,29,0
4304,41803,30,0
4304,41801,31,0
4304,41799,32,0
4304,41797,33,0
4304,41795,34,0
4304,41876,35,0
4304,46423,36,0
4304,47143,37,1
4503,48045,1,0
4503,43249,2,0
4503,43374,3,0
4503,43439,4,0
4503,45028,5,0
4503,45030,6,0
4503,42836,7,0
4503,41738,8,0
4503,41742,9,0
4503,41744,10,0
4503,41746,11,0
4503,46099,12,0
4503,46100,13,0
4503,46101,14,0
4503,46102,15,0
4503,46103,16,0
4503,46104,17,0
4503,46105,18,0
4503,46388,19,0
4503,46426,20,0
4503,46511,21,0
4503,49045,22,1
4504,46382,1,0
4504,46512,2,0
4504,46425,3,0
4504,46389,4,0
4504,46094,5,0
4504,45021,6,0
4504,45020,7,0
4504,41740,8,0
4504,41739,9,0
4504,46095,10,0
4504,46096,11,0
4504,46097,12,0
4504,41745,13,0
4504,41743,14,0
4504,41741,15,0
4504,42840,16,0
4504,42841,17,0
4504,45042,18,0
4504,43248,19,0
4504,43900,20,0
4504,43372,21,0
4504,46304,22,0
4504,46443,23,0
4504,48145,24,1
4603,48046,1,0
4603,46018,2,0
4603,46109,3,0
4603,46019,4,0
4603,46020,5,0
4603,46021,6,0
4603,42515,7,0
4603,42480,8,0
4603,42511,9,0
4603,42513,10,0
4603,42516,11,0
4603,41416,12,0
4603,41417,13,0
4603,41421,14,0
4603,41424,15,0
4603,42811,16,0
4603,42810,17,0
4603,45035,18,0
4603,42809,19,0
4603,42807,20,0
4603,42806,21,0
4603,42821,22,0
4603,42802,23,0
4603,42800,24,0
4603,42882,25,0
4603,42881,26,0
4603,42863,27,0
4603,42837,28,0
4603,42819,29,0
4603,41270,30,0
4603,41269,31,0
4603,42639,32,0
4603,46106,33,0
4603,43437,34,0
4603,42662,35,0
4603,46406,36,0
4603,42674,37,0
4603,42676,38,0
4603,42678,39,0
4603,42641,40,0
4603,42643,41,0
4603,42645,42,0
4603,42648,43,0
4603,42651,44,0
4603,45033,45,0
4603,42656,46,0
4603,42654,47,0
4603,42658,48,0
4603,42659,49,0
4603,42661,50,0
4603,42664,51,0
4603,42667,52,0
4603,42669,53,0
4603,42671,54,0
4603,42761,55,0
4603,42763,56,0
4603,42765,57,0
4603,43077,58,0
4603,43093,59,0
4603,43095,60,0
4603,43097,61,0
4603,43079,62,0
4603,43081,63,0
4603,43083,64,0
4603,43085,65,1
4604,43086,1,0
4604,43084,2,0
4604,43082,3,0
4604,43080,4,0
4604,43078,5,0
4604,43096,6,0
4604,43094,7,0
4604,43088,8,0
4604,43091,9,0
4604,42764,10,0
4604,42762,11,0
4604,42760,12,0
4604,42672,13,0
4604,42670,14,0
4604,42668,15,0
4604,42666,16,0
4604,42665,17,0
4604,42663,18,0
4604,42660,19,0
4604,42657,20,0
4604,42653,21,0
4604,42655,22,0
4604,42652,23,0
4604,42650,24,0
4604,42647,25,0
4604,42646,26,0
4604,42644,27,0
4604,42642,28,0
4604,42640,29,0
4604,42677,30,0
4604,46407,31,0
4604,42675,32,0
4604,43436,33,0
4604,46439,34,0
4604,42673,35,0
4604,42649,36,0
4604,41271,37,0
4604,42823,38,0
4604,42430,39,0
4604,42827,40,0
4604,42848,41,0
4604,42874,42,0
4604,42878,43,0
4604,42883,44,0
4604,42801,45,0
4604,42803,46,0
4604,42804,47,0
4604,42805,48,0
4604,42808,49,0
4604,45034,50,0
4604,42813,51,0
4604,42814,52,0
4604,41423,53,0
4604,41425,54,0
4604,41422,55,0
4604,41420,56,0
4604,41418,57,0
4604,42481,58,0
4604,42514,59,0
4604,42512,60,0
4604,42510,61,0
4604,42491,62,0
4604,46012,63,0
4604,46013,64,0
4604,46014,65,0
4604,46015,66,0
4604,46016,67,0
4604,48148,68,1
4801,47048,1,0
4801,41842,2,0
4801,41865,3,0
4801,41887,4,0
4801,41796,5,0
4801,41798,6,0
4801,41800,7,0
4801,41341,8,0
4801,41344,9,0
4801,41346,10,0
4801,41348,11,0
4801,41350,12,0
4801,41353,13,0
4801,41355,14,0
4801,41357,15,0
4801,41359,16,0
4801,41361,17,0
4801,41363,18,0
4801,41365,19,0
4801,41367,20,0
4801,41369,21,0
4801,41372,22,0
4801,41373,23,0
4801,41375,24,0
4801,41377,25,0
4801,41379,26,0
4801,41382,27,0
4801,41384,28,0
4801,41386,29,0
4801,41388,30,0
4801,43238,31,0
4801,43242,32,0
4801,43244,33,0
4801,43233,34,0
4801,43235,35,0
4801,43236,36,0
4801,43239,37,0
4801,46112,38,0
4801,46113,39,0
4801,46313,40,0
4801,46314,41,0
4801,46364,42,0
4801,46365,43,0
4801,46539,44,0
4801,46366,45,0
4801,46367,46,0
4801,46368,47,0
4801,46369,48,0
4801,46370,49,0
4801,46598,50,0
4801,46594,51,0
4801,46544,52,0
4801,46545,53,0
4801,46546,54,0
4801,46547,55,0
4801,46548,56,0
4801,46549,57,0
4801,46550,58,1
4802,46551,1,0
4802,46552,2,0
4802,46553,3,0
4802,46554,4,0
4802,46555,5,0
4802,46556,6,0
4802,46557,7,0
4802,46595,8,0
4802,46599,9,0
4802,46376,10,0
4802,46377,11,0
4802,46378,12,0
4802,46379,13,0
4802,46538,14,0
4802,46380,15,0
4802,46381,16,0
4802,46311,17,0
4802,46312,18,0
4802,46110,19,0
4802,46111,20,0
4802,46517,21,0
4802,42879,22,0
4802,43240,23,0
4802,46353,24,0
4802,43241,25,0
4802,43243,26,0
4802,43245,27,0
4802,43234,28,0
4802,43237,29,0
4802,41389,30,0
4802,41387,31,0
4802,41385,32,0
4802,41383,33,0
4802,41381,34,0
4802,41378,35,0
4802,41376,36,0
4802,41374,37,0
4802,41371,38,0
4802,41368,39,0
4802,41366,40,0
4802,41364,41,0
4802,41362,42,0
4802,41358,43,0
4802,41356,44,0
4802,41354,45,0
4802,41352,46,0
4802,41349,47,0
4802,41347,48,0
4802,41345,49,0
4802,41343,50,0
4802,41799,51,0
4802,41797,52,0
4802,41795,53,0
4802,41876,54,0
4802,46423,55,0
4802,47148,56,1
5001,44050,1,0
5001,41931,2,0
5001,41964,3,0
5001,41966,4,0
5001,41941,5,0
5001,41958,6,0
5001,41937,7,0
5001,43147,8,0
5001,43148,9,0
5001,46443,10,0
5001,48050,11,0
5001,41028,12,0
5001,43249,13,0
5001,43374,14,0
5001,43439,15,0
5001,45028,16,0
5001,45030,17,0
5001,42836,18,0
5001,42839,19,0
5001,42842,20,0
5001,42844,21,0
5001,42847,22,0
5001,42850,23,0
5001,42852,24,0
5001,42854,25,0
5001,42856,26,0
5001,42858,27,0
5001,42857,28,0
5001,42862,29,0
5001,42865,30,0
5001,45031,31,0
5001,42867,32,0
5001,42869,33,0
5001,42871,34,0
5001,42873,35,0
5001,46118,36,0
5001,46119,37,0
5001,46120,38,0
5001,42876,39,0
5001,42879,40,0
5001,43240,41,0
5001,41280,42,0
5001,41282,43,0
5001,41104,44,0
5001,41614,45,0
5001,41612,46,0
5001,41609,47,0
5001,41610,48,0
5001,42798,49,0
5001,49050,50,1
5002,42796,1,0
5002,42797,2,0
5002,41616,3,0
5002,41611,4,0
5002,41613,5,0
5002,41615,6,0
5002,41102,7,0
5002,41281,8,0
5002,41279,9,0
5002,43239,10,0
5002,42880,11,0
5002,42877,12,0
5002,46114,13,0
5002,46115,14,0
5002,46116,15,0
5002,46117,16,0
5002,42872,17,0
5002,42870,18,0
5002,42868,19,0
5002,45032,20,0
5002,42866,21,0
5002,42864,22,0
5002,42860,23,0
5002,42859,24,0
5002,42855,25,0
5002,42853,26,0
5002,42851,27,0
5002,42849,28,0
5002,42845,29,0
5002,42843,30,0
5002,42840,31,0
5002,42841,32,0
5002,45042,33,0
5002,43248,34,0
5002,43900,35,0
5002,43372,36,0
5002,46304,37,0
5002,46509,38,0
5002,48150,39,0
5002,43343,40,0
5002,43146,41,0
5002,41957,42,0
5002,41952,43,0
5002,41942,44,0
5002,41938,45,0
5002,41965,46,0
5002,41932,47,0
5002,44150,48,1
5201,40052,1,0
5201,41706,2,0
5201,46384,3,0
5201,43302,4,0
5201,42584,5,0
5201,41393,6,0
5201,42101,7,0
5201,42103,8,0
5201,42105,9,0
5201,42107,10,0
5201,42110,11,0
5201,42112,12,0
5201,42114,13,0
5201,42116,14,0
5201,42118,15,0
5201,42121,16,0
5201,42123,17,0
5201,42125,18,0
5201,42127,19,0
5201,42129,20,0
5201,42132,21,0
5201,42134,22,0
5201,42136,23,0
5201,42138,24,0
5201,42140,25,0
5201,41988,26,0
5201,41990,27,0
5201,41992,28,0
5201,41994,29,0
5201,41996,30,0
5201,41999,31,0
5201,42001,32,0
5201,42003,33,0
5201,42005,34,0
5201,42008,35,0
5201,42010,36,0
5201,42409,37,0
5201,42414,38,0
5201,42416,39,0
5201,42418,40,0
5201,42420,41,0
5201,42411,42,0
5201,42412,43,0
5201,42178,44,0
5201,42179,45,0
5201,42180,46,0
5201,42184,47,0
5201,42447,48,0
5201,42455,49,0
5201,42457,50,0
5201,42459,51,0
5201,42461,52,0
5201,42014,53,0
5201,42016,54,0
5201,42019,55,0
5201,42021,56,0
5201,42023,57,0
5201,42025,58,0
5201,42027,59,0
5201,42030,60,0
5201,42032,61,0
5201,42034,62,0
5201,42036,63,0
5201,42038,64,0
5201,42041,65,0
5201,42043,66,0
5201,42045,67,0
5201,42047,68,0
5201,42049,69,0
5201,42259,70,0
5201,42333,71,0
5201,42355,72,0
5201,42377,73,0
5201,42399,74,0
5201,42271,75,0
5201,42293,76,0
5201,42316,77,0
5201,42319,78,0
5201,42321,79,0
5201,42324,80,0
5201,42326,81,0
5201,42328,82,0
5201,42330,83,0
5201,42332,84,0
5201,42335,85,0
5201,42337,86,0
5201,42339,87,0
5201,42341,88,0
5201,42343,89,0
5201,42346,90,0
5201,42348,91,0
5201,42350,92,0
5201,42352,93,0
5201,42354,94,0
5201,42357,95,0
5201,42359,96,0
5201,42361,97,0
5201,42363,98,0
5201,42365,99,0
5201,42368,100,0
5201,42370,101,0
5201,42372,102,0
5201,42374,103,0
5201,42376,104,0
5201,49052,105,1
5202,42379,1,0
5202,42378,2,0
5202,42375,3,0
5202,42373,4,0
5202,42371,5,0
5202,42369,6,0
5202,42367,7,0
5202,42364,8,0
5202,42362,9,0
5202,42360,10,0
5202,42358,11,0
5202,42356,12,0
5202,42353,13,0
5202,42351,14,0
5202,42349,15,0
5202,42347,16,0
5202,42345,17,0
5202,42342,18,0
5202,42340,19,0
5202,42338,20,0
5202,42336,21,0
5202,42334,22,0
5202,42331,23,0
5202,42329,24,0
5202,42327,25,0
5202,42325,26,0
5202,42323,27,0
5202,42320,28,0
5202,42318,29,0
5202,42306,30,0
5202,42282,31,0
5202,42260,32,0
5202,42388,33,0
5202,42366,34,0
5202,42344,35,0
5202,42322,36,0
5202,42051,37,0
5202,42048,38,0
5202,42046,39,0
5202,42044,40,0
5202,42042,41,0
5202,42040,42,0
5202,42037,43,0
5202,42035,44,0
5202,42033,45,0
5202,42031,46,0
5202,42029,47,0
5202,42026,48,0
5202,42024,49,0
5202,42022,50,0
5202,42020,51,0
5202,42018,52,0
5202,42015,53,0
5202,42448,54,0
5202,42460,55,0
5202,42458,56,0
5202,42456,57,0
5202,42453,58,0
5202,42181,59,0
5202,42182,60,0
5202,42183,61,0
5202,42185,62,0
5202,42177,63,0
5202,42175,64,0
5202,42410,65,0
5202,42419,66,0
5202,42417,67,0
5202,42415,68,0
5202,42413,69,0
5202,42011,70,0
5202,42009,71,0
5202,42007,72,0
5202,42004,73,0
5202,42002,74,0
5202,42000,75,0
5202,41998,76,0
5202,41995,77,0
5202,41993,78,0
5202,41991,79,0
5202,41989,80,0
5202,41987,81,0
5202,42139,82,0
5202,42137,83,0
5202,42135,84,0
5202,42133,85,0
5202,42131,86,0
5202,42128,87,0
5202,42126,88,0
5202,42124,89,0
5202,42122,90,0
5202,42120,91,0
5202,42117,92,0
5202,42115,93,0
5202,42113,94,0
5202,42111,95,0
5202,42109,96,0
5202,42106,97,0
5202,42104,98,0
5202,42102,99,0
5202,41394,100,0
5202,41392,101,0
5202,42170,102,0
5202,43303,103,0
5202,46385,104,0
5202,41707,105,0
5202,40152,106,1
5503,40055,1,0
5503,41708,2,0
5503,43411,3,0
5503,41669,4,0
5503,41666,5,0
5503,41667,6,0
5503,41431,7,0
5503,41283,8,0
5503,46591,9,0
5503,41297,10,0
5503,41299,11,0
5503,41301,12,0
5503,41303,13,0
5503,41285,14,0
5503,41291,15,0
5503,41287,16,0
5503,46603,17,0
5503,41289,18,0
5503,42820,19,0
5503,42817,20,0
5503,42812,21,0
5503,41428,22,0
5503,41430,23,0
5503,46390,24,0
5503,42148,25,0
5503,42146,26,0
5503,42150,27,0
5503,42141,28,0
5503,42143,29,0
5503,41617,30,0
5503,41967,31,0
5503,41969,32,0
5503,41971,33,0
5503,41973,34,0
5503,41314,35,0
5503,41316,36,0
5503,41318,37,0
5503,41320,38,0
5503,41441,39,0
5503,43266,40,0
5503,41444,41,0
5503,46424,42,0
5503,46307,43,0
5503,41573,44,0
5503,41576,45,0
5503,41577,46,0
5503,41570,47,0
5503,41572,48,0
5503,41560,49,0
5503,41562,50,0
5503,41564,51,0
5503,41566,52,0
5503,41568,53,0
5503,41747,54,0
5503,41749,55,0
5503,41751,56,0
5503,41474,57,0
5503,41476,58,0
5503,41479,59,0
5503,41481,60,0
5503,46130,61,0
5503,46131,62,0
5503,46132,63,0
5503,46133,64,0
5503,46134,65,0
5503,46135,66,0
5503,46341,67,0
5503,46136,68,0
5503,46137,69,0
5503,46138,70,0
5503,43081,71,0
5503,43083,72,0
5503,43085,73,1
5504,43086,1,0
5504,43084,2,0
5504,43082,3,0
5504,46121,4,0
5504,46122,5,0
5504,46123,6,0
5504,46340,7,0
5504,46124,8,0
5504,46125,9,0
5504,46126,10,0
5504,46127,11,0
5504,46128,12,0
5504,46129,13,0
5504,41483,14,0
5504,41480,15,0
5504,41478,16,0
5504,41475,17,0
5504,41752,18,0
5504,41750,19,0
5504,41748,20,0
5504,41753,21,0
5504,41567,22,0
5504,41565,23,0
5504,41563,24,0
5504,41561,25,0
5504,41559,26,0
5504,41571,27,0
5504,41569,28,0
5504,41575,29,0
5504,41447,30,0
5504,46505,31,0
5504,41445,32,0
5504,46592,33,0
5504,41443,34,0
5504,41440,35,0
5504,41315,36,0
5504,41317,37,0
5504,41319,38,0
5504,41968,39,0
5504,41970,40,0
5504,41972,41,0
5504,41974,42,0
5504,41618,43,0
5504,42145,44,0
5504,42144,45,0
5504,42142,46,0
5504,42147,47,0
5504,42149,48,0
5504,41434,49,0
5504,41432,50,0
5504,41429,51,0
5504,42815,52,0
5504,42816,53,0
5504,42818,54,0
5504,41290,55,0
5504,41288,56,0
5504,41286,57,0
5504,41284,58,0
5504,41302,59,0
5504,41300,60,0
5504,41298,61,0
5504,41293,62,0
5504,41442,63,0
5504,41419,64,0
5504,41894,65,0
5504,41534,66,0
5504,41668,67,0
5504,43410,68,0
5504,41709,69,0
5504,40155,70,1
5601,41218,1,0
5601,41216,2,0
5601,42647,3,0
5601,42646,4,0
5601,42644,5,0
5601,42642,6,0
5601,42640,7,0
5601,42677,8,0
5601,46407,9,0
5601,42675,10,0
5601,43436,11,0
5601,46439,12,0
5601,42673,13,0
5601,42649,14,0
5601,41271,15,0
5601,42823,16,0
5601,42430,17,0
5601,42827,18,0
5601,42848,19,0
5601,42874,20,0
5601,42878,21,0
5601,42883,22,0
5601,42801,23,0
5601,42803,24,0
5601,46139,25,0
5601,46140,26,0
5601,41617,27,0
5601,46141,28,0
5601,46142,29,0
5601,46143,30,0
5601,46394,31,0
5601,42147,32,0
5601,42149,33,0
5601,41934,34,0
5601,41936,35,0
5601,46473,36,0
5601,43925,37,0
5601,43927,38,0
5601,43928,39,0
5601,43296,40,0
5601,46470,41,0
5601,44156,42,0
5601,41931,43,0
5601,46144,44,0
5601,46145,45,0
5601,41781,46,0
5601,42152,47,0
5601,42154,48,0
5601,42164,49,0
5601,42166,50,0
5601,42168,51,0
5601,42842,52,0
5601,41922,53,0
5601,41920,54,0
5601,41918,55,0
5601,41917,56,0
5601,41914,57,0
5601,43154,58,0
5601,43152,59,0
5601,46444,60,0
5601,46443,61,0
5601,48156,62,1
5602,48056,1,0
5602,41028,2,0
5602,43149,3,0
5602,41915,4,0
5602,41916,5,0
5602,42840,6,0
5602,42167,7,0
5602,42165,8,0
5602,42163,9,0
5602,42153,10,0
5602,42151,11,0
5602,41782,12,0
5602,46147,13,0
5602,46148,14,0
5602,41932,15,0
5602,44056,16,0
5602,43295,17,0
5602,43929,18,0
5602,43930,19,0
5602,43931,20,0
5602,46472,21,0
5602,46474,22,0
5602,41933,23,0
5602,41935,24,0
5602,42148,25,0
5602,42146,26,0
5602,46393,27,0
5602,46149,28,0
5602,46150,29,0
5602,46151,30,0
5602,41618,31,0
5602,46152,32,0
5602,46153,33,0
5602,42802,34,0
5602,42800,35,0
5602,42882,36,0
5602,42881,37,0
5602,42863,38,0
5602,42837,39,0
5602,42819,40,0
5602,41270,41,0
5602,41269,42,0
5602,42639,43,0
5602,46106,44,0
5602,43437,45,0
5602,42662,46,0
5602,46406,47,0
5602,42674,48,0
5602,42676,49,0
5602,42678,50,0
5602,42641,51,0
5602,42643,52,0
5602,45066,53,0
5602,41215,54,0
5602,43265,55,1
5801,47058,1,0
5801,41842,2,0
5801,41865,3,0
5801,41887,4,0
5801,41796,5,0
5801,41798,6,0
5801,41800,7,0
5801,41341,8,0
5801,41344,9,0
5801,41346,10,0
5801,41348,11,0
5801,41350,12,0
5801,41353,13,0
5801,42521,14,0
5801,42519,15,0
5801,42517,16,0
5801,42528,17,0
5801,42526,18,0
5801,42524,19,0
5801,46160,20,0
5801,46161,21,0
5801,46162,22,0
5801,42238,23,0
5801,41146,24,0
5801,41144,25,0
5801,46163,26,0
5801,46164,27,0
5801,46165,28,0
5801,43391,29,0
5801,43203,30,0
5801,43211,31,0
5801,43209,32,0
5801,43207,33,0
5801,43205,34,0
5801,41975,35,0
5801,41978,36,0
5801,41980,37,0
5801,41982,38,0
5801,42561,39,0
5801,42568,40,0
5801,42566,41,0
5801,41386,42,0
5801,41388,43,0
5801,41390,44,0
5801,41393,45,0
5801,42101,46,0
5801,45065,47,0
5801,41105,48,0
5801,41107,49,0
5801,41109,50,0
5801,41614,51,0
5801,41612,52,0
5801,41609,53,0
5801,41610,54,0
5801,42798,55,0
5801,49058,56,1
5802,42796,1,0
5802,42797,2,0
5802,41616,3,0
5802,41611,4,0
5802,41613,5,0
5802,41615,6,0
5802,41101,7,0
5802,41110,8,0
5802,41108,9,0
5802,41106,10,0
5802,42104,11,0
5802,42102,12,0
5802,41394,13,0
5802,41392,14,0
5802,41389,15,0
5802,41387,16,0
5802,42565,17,0
5802,42567,18,0
5802,42569,19,0
5802,42562,20,0
5802,41983,21,0
5802,41981,22,0
5802,41979,23,0
5802,41977,24,0
5802,43206,25,0
5802,43208,26,0
5802,43210,27,0
5802,43212,28,0
5802,43204,29,0
5802,46154,30,0
5802,46155,31,0
5802,46156,32,0
5802,41145,33,0
5802,41140,34,0
5802,42239,35,0
5802,42240,36,0
5802,46157,37,0
5802,46158,38,0
5802,46159,39,0
5802,42525,40,0
5802,42527,41,0
5802,42529,42,0
5802,42518,43,0
5802,42520,44,0
5802,41354,45,0
5802,41352,46,0
5802,41349,47,0
5802,41347,48,0
5802,41345,49,0
5802,41343,50,0
5802,41799,51,0
5802,41797,52,0
5802,41795,53,0
5802,41876,54,0
5802,46423,55,0
5802,47158,56,1
6001,41022,1,0
6001,41020,2,0
6001,42515,3,0
6001,42480,4,0
6001,42511,5,0
6001,42513,6,0
6001,42516,7,0
6001,41416,8,0
6001,41417,9,0
6001,41421,10,0
6001,41424,11,0
6001,41426,12,0
6001,42815,13,0
6001,42816,14,0
6001,42818,15,0
6001,46356,16,0
6001,41275,17,0
6001,41277,18,0
6001,46243,19,0
6001,41509,20,0
6001,45063,21,0
6001,41504,22,0
6001,41506,23,0
6001,41507,24,0
6001,43296,25,0
6001,46470,26,0
6001,44160,27,0
6001,41931,28,0
6001,41964,29,0
6001,41966,30,0
6001,41941,31,0
6001,41958,32,0
6001,41937,33,0
6001,43147,34,0
6001,43249,35,0
6001,43374,36,0
6001,43439,37,0
6001,45028,38,0
6001,45030,39,0
6001,42836,40,0
6001,42839,41,0
6001,42842,42,0
6001,42844,43,0
6001,42847,44,0
6001,42850,45,0
6001,42852,46,0
6001,42854,47,0
6001,41816,48,0
6001,41812,49,0
6001,41810,50,0
6001,41808,51,0
6001,41806,52,0
6001,41803,53,0
6001,41801,54,0
6001,41799,55,0
6001,41797,56,0
6001,41795,57,0
6001,41876,58,0
6001,46423,59,0
6001,47160,60,1
6002,47060,1,0
6002,41842,2,0
6002,41865,3,0
6002,41887,4,0
6002,41796,5,0
6002,41798,6,0
6002,41800,7,0
6002,41802,8,0
6002,41804,9,0
6002,41807,10,0
6002,41809,11,0
6002,41811,12,0
6002,42855,13,0
6002,42853,14,0
6002,42851,15,0
6002,42849,16,0
6002,42845,17,0
6002,42843,18,0
6002,42840,19,0
6002,42841,20,0
6002,45042,21,0
6002,43248,22,0
6002,43900,23,0
6002,43372,24,0
6002,43343,25,0
6002,43146,26,0
6002,41957,27,0
6002,41952,28,0
6002,41942,29,0
6002,41938,30,0
6002,41965,31,0
6002,41932,32,0
6002,44060,33,0
6002,43295,34,0
6002,41505,35,0
6002,41502,36,0
6002,45058,37,0
6002,41508,38,0
6002,46328,39,0
6002,41278,40,0
6002,41276,41,0
6002,41274,42,0
6002,42820,43,0
6002,42817,44,0
6002,42812,45,0
6002,41423,46,0
6002,41425,47,0
6002,41422,48,0
6002,41420,49,0
6002,41418,50,0
6002,42481,51,0
6002,42514,52,0
6002,42512,53,0
6002,42510,54,0
6002,48918,55,0
6002,48917,56,0
6002,49060,57,1
6103,48061,1,0
6103,43343,2,0
6103,43146,3,0
6103,41957,4,0
6103,42833,5,0
6103,43380,6,0
6103,43381,7,0
6103,43980,8,0
6103,46530,9,0
6103,43382,10,0
6103,43383,11,0
6103,44061,12,0
6103,43295,13,0
6103,41510,14,0
6103,41770,15,0
6103,43405,16,0
6103,41772,17,0
6103,41296,18,0
6103,41605,19,0
6103,41603,20,0
6103,46535,21,0
6103,45027,22,0
6103,41608,23,0
6103,46424,24,0
6103,46307,25,0
6103,41446,26,0
6103,41448,27,0
6103,41450,28,0
6103,46326,29,0
6103,41678,30,0
6103,41676,31,0
6103,41674,32,0
6103,41672,33,0
6103,41670,34,0
6103,41685,35,0
6103,41682,36,0
6103,41632,37,0
6103,41630,38,0
6103,41306,39,0
6103,41304,40,0
6103,41309,41,0
6103,41311,42,0
6103,41683,43,0
6103,41681,44,0
6103,42431,45,0
6103,42434,46,0
6103,42436,47,0
6103,41472,48,0
6103,41474,49,0
6103,41759,50,0
6103,41761,51,0
6103,41763,52,0
6103,41765,53,0
6103,41767,54,0
6103,41777,55,0
6103,41779,56,0
6103,43268,57,1
6104,43267,1,0
6104,41780,2,0
6104,41778,3,0
6104,41776,4,0
6104,41766,5,0
6104,41764,6,0
6104,41762,7,0
6104,41760,8,0
6104,41475,9,0
6104,41470,10,0
6104,42439,11,0
6104,42437,12,0
6104,42435,13,0
6104,42432,14,0
6104,41680,15,0
6104,41679,16,0
6104,41308,17,0
6104,41310,18,0
6104,41305,19,0
6104,41307,20,0
6104,41631,21,0
6104,41633,22,0
6104,41684,23,0
6104,41686,24,0
6104,41671,25,0
6104,41673,26,0
6104,41675,27,0
6104,41677,28,0
6104,43389,29,0
6104,41451,30,0
6104,41449,31,0
6104,41447,32,0
6104,41607,33,0
6104,45026,34,0
6104,46534,35,0
6104,41604,36,0
6104,43984,37,0
6104,41295,38,0
6104,41771,39,0
6104,43404,40,0
6104,41769,41,0
6104,41511,42,0
6104,43296,43,0
6104,46470,44,0
6104,44161,45,0
6104,43385,46,0
6104,43386,47,0
6104,46531,48,0
6104,43979,49,0
6104,43387,50,0
6104,46422,51,0
6104,42832,52,0
6104,41958,53,0
6104,41937,54,0
6104,43147,55,0
6104,43148,56,0
6104,46443,57,0
6104,48161,58,1
6303,47063,1,0
6303,41267,2,0
6303,41221,3,0
6303,41223,4,0
6303,41225,5,0
6303,41227,6,0
6303,41229,7,0
6303,41232,8,0
6303,41234,9,0
6303,41236,10,0
6303,41238,11,0
6303,41240,12,0
6303,41688,13,0
6303,41690,14,0
6303,41692,15,0
6303,41515,16,0
6303,41517,17,0
6303,41519,18,0
6303,41513,19,0
6303,41924,20,0
6303,41926,21,0
6303,41370,22,0
6303,41351,23,0
6303,43510,24,0
6303,43506,25,0
6303,43343,26,0
6303,43146,27,0
6303,41957,28,0
6303,41952,29,0
6303,41942,30,0
6303,41938,31,0
6303,41965,32,0
6303,48914,33,0
6303,44063,34,0
6303,41963,35,0
6303,41962,36,0
6303,41950,37,0
6303,41943,38,0
6303,41945,39,0
6303,41946,40,0
6303,41948,41,0
6303,46187,42,0
6303,46315,43,0
6303,46189,44,0
6303,46190,45,0
6303,46191,46,0
6303,46192,47,0
6303,46193,48,0
6303,46402,49,0
6303,42741,50,0
6303,45041,51,0
6303,46194,52,0
6303,46195,53,0
6303,46196,54,0
6303,46197,55,0
6303,46198,56,0
6303,46199,57,0
6303,46200,58,0
6303,46201,59,0
6303,46202,60,0
6303,46203,61,0
6303,46204,62,0
6303,46205,63,0
6303,41658,64,0
6303,42574,65,0
6303,42576,66,0
6303,42578,67,0
6303,42580,68,0
6303,42886,69,0
6303,42888,70,0
6303,42890,71,0
6303,42893,72,0
6303,42897,73,0
6303,42898,74,0
6303,49063,75,1
6304,46330,1,0
6304,42895,2,0
6304,42894,3,0
6304,42891,4,0
6304,42889,5,0
6304,42887,6,0
6304,43009,7,0
6304,43007,8,0
6304,42579,9,0
6304,42577,10,0
6304,42575,11,0
6304,42573,12,0
6304,46166,13,0
6304,46167,14,0
6304,46168,15,0
6304,46169,16,0
6304,46170,17,0
6304,46171,18,0
6304,46172,19,0
6304,46173,20,0
6304,46174,21,0
6304,46175,22,0
6304,46176,23,0
6304,46177,24,0
6304,46302,25,0
6304,42740,26,0
6304,46178,27,0
6304,46179,28,0
6304,46180,29,0
6304,46181,30,0
6304,46182,31,0
6304,46183,32,0
6304,46184,33,0
6304,46185,34,0
6304,41954,35,0
6304,41955,36,0
6304,41949,37,0
6304,41947,38,0
6304,41944,39,0
6304,41960,40,0
6304,46355,41,0
6304,41932,42,0
6304,44163,43,0
6304,41931,44,0
6304,41964,45,0
6304,41966,46,0
6304,41941,47,0
6304,41958,48,0
6304,41937,49,0
6304,43147,50,0
6304,43148,51,0
6304,43507,52,0
6304,43509,53,0
6304,41342,54,0
6304,41360,55,0
6304,46186,56,0
6304,41925,57,0
6304,41923,58,0
6304,41512,59,0
6304,41518,60,0
6304,41516,61,0
6304,41514,62,0
6304,41691,63,0
6304,41689,64,0
6304,41687,65,0
6304,41239,66,0
6304,41237,67,0
6304,41235,68,0
6304,41233,69,0
6304,41231,70,0
6304,41228,71,0
6304,41226,72,0
6304,41224,73,0
6304,41222,74,0
6304,41220,75,0
6304,47163,76,1
6503,48065,1,0
6503,43343,2,0
6503,43146,3,0
6503,41957,4,0
6503,41952,5,0
6503,41942,6,0
6503,41938,7,0
6503,41965,8,0
6503,46268,9,0
6503,41963,10,0
6503,41962,11,0
6503,41950,12,0
6503,41943,13,0
6503,41945,14,0
6503,41946,15,0
6503,41948,16,0
6503,41951,17,0
6503,41953,18,0
6503,41956,19,0
6503,46222,20,0
6503,46223,21,0
6503,46224,22,0
6503,46225,23,0
6503,46226,24,0
6503,46227,25,0
6503,46228,26,0
6503,46229,27,0
6503,42550,28,0
6503,42531,29,0
6503,42533,30,0
6503,42535,31,0
6503,42537,32,0
6503,42539,33,0
6503,42542,34,0
6503,42548,35,0
6503,42546,36,0
6503,42541,37,0
6503,46445,38,0
6503,46446,39,0
6503,46447,40,0
6503,46448,41,0
6503,46449,42,0
6503,46450,43,0
6503,46451,44,0
6503,46452,45,0
6503,46453,46,0
6503,43403,47,0
6503,41530,48,0
6503,41532,49,0
6503,46454,50,0
6503,46277,51,0
6503,41663,52,0
6503,41665,53,0
6503,41655,54,0
6503,41656,55,0
6503,41658,56,0
6503,42574,57,0
6503,42576,58,0
6503,42578,59,0
6503,42580,60,0
6503,42886,61,0
6503,42888,62,0
6503,42890,63,0
6503,42893,64,0
6503,42897,65,0
6503,42898,66,0
6503,49065,67,1
6504,46331,1,0
6504,42895,2,0
6504,42894,3,0
6504,42891,4,0
6504,42889,5,0
6504,42887,6,0
6504,43009,7,0
6504,43007,8,0
6504,42579,9,0
6504,42577,10,0
6504,42575,11,0
6504,42573,12,0
6504,41660,13,0
6504,45007,14,0
6504,41662,15,0
6504,41664,16,0
6504,46596,17,0
6504,41529,18,0
6504,41531,19,0
6504,41533,20,0
6504,46455,21,0
6504,46456,22,0
6504,46457,23,0
6504,46458,24,0
6504,46459,25,0
6504,46460,26,0
6504,46461,27,0
6504,46462,28,0
6504,46463,29,0
6504,42530,30,0
6504,42545,31,0
6504,42547,32,0
6504,42549,33,0
6504,42532,34,0
6504,42534,35,0
6504,42536,36,0
6504,42538,37,0
6504,42540,38,0
6504,42543,39,0
6504,42544,40,0
6504,46214,41,0
6504,46215,42,0
6504,46216,43,0
6504,46217,44,0
6504,46218,45,0
6504,46219,46,0
6504,46220,47,0
6504,46221,48,0
6504,46074,49,0
6504,41959,50,0
6504,41961,51,0
6504,41954,52,0
6504,41955,53,0
6504,41949,54,0
6504,41947,55,0
6504,41944,56,0
6504,41960,57,0
6504,46355,58,0
6504,41964,59,0
6504,41966,60,0
6504,41941,61,0
6504,41958,62,0
6504,41937,63,0
6504,43147,64,0
6504,43148,65,0
6504,46443,66,0
6504,48165,67,1
6601,46238,1,0
6601,46239,2,0
6601,46240,3,0
6601,46241,4,0
6601,46242,5,0
6601,41715,6,0
6601,41713,7,0
6601,43066,8,0
6601,43068,9,0
6601,43018,10,0
6601,43021,11,0
6601,43024,12,0
6601,43026,13,0
6601,43029,14,0
6601,43031,15,0
6601,43032,16,0
6601,45045,17,0
6601,43036,18,0
6601,43039,19,0
6601,43041,20,0
6601,43044,21,0
6601,43046,22,0
6601,43049,23,0
6601,41056,24,0
6601,41059,25,0
6601,41061,26,0
6601,41063,27,0
6601,41065,28,0
6601,42496,29,0
6601,42494,30,0
6601,42492,31,0
6601,42489,32,0
6601,42487,33,0
6601,42485,34,0
6601,42483,35,0
6601,42481,36,0
6601,42514,37,0
6601,42512,38,0
6601,42510,39,0
6601,41301,40,0
6601,41303,41,0
6601,41285,42,0
6601,41291,43,0
6601,41287,44,0
6601,46603,45,0
6601,41289,46,0
6601,41292,47,0
6601,42822,48,0
6601,42825,49,0
6601,41509,50,0
6601,45063,51,0
6601,41504,52,0
6601,41506,53,0
6601,41507,54,0
6601,43296,55,0
6601,46470,56,0
6601,44166,57,1
6602,44066,1,0
6602,43295,2,0
6602,41505,3,0
6602,41502,4,0
6602,45058,5,0
6602,41508,6,0
6602,42826,7,0
6602,41290,8,0
6602,41288,9,0
6602,41286,10,0
6602,41284,11,0
6602,42480,12,0
6602,42511,13,0
6602,42513,14,0
6602,42516,15,0
6602,42482,16,0
6602,42484,17,0
6602,42486,18,0
6602,42488,19,0
6602,42490,20,0
6602,42493,21,0
6602,42495,22,0
6602,41057,23,0
6602,41064,24,0
6602,41062,25,0
6602,41060,26,0
6602,41058,27,0
6602,43047,28,0
6602,43045,29,0
6602,43042,30,0
6602,43040,31,0
6602,43038,32,0
6602,43033,33,0
6602,45008,34,0
6602,43034,35,0
6602,43030,36,0
6602,43027,37,0
6602,43025,38,0
6602,43023,39,0
6602,43019,40,0
6602,43017,41,0
6602,43016,42,0
6602,43067,43,0
6602,43065,44,0
6602,41714,45,0
6602,46322,46,0
6602,46244,47,0
6602,46245,48,0
6602,46246,49,0
6602,46247,50,1
7001,48070,1,0
7001,43343,2,0
7001,43146,3,0
7001,41957,4,0
7001,42833,5,0
7001,43380,6,0
7001,43381,7,0
7001,43980,8,0
7001,46530,9,0
7001,43382,10,0
7001,43383,11,0
7001,44070,12,0
7001,43295,13,0
7001,43929,14,0
7001,43930,15,0
7001,43931,16,0
7001,43932,17,0
7001,41296,18,0
7001,46332,19,0
7001,46411,20,0
7001,43933,21,0
7001,43934,22,0
7001,46501,23,0
7001,46502,24,0
7001,43935,25,0
7001,43936,26,0
7001,43938,27,0
7001,43937,28,0
7001,41948,29,0
7001,41951,30,0
7001,42246,31,0
7001,42252,32,0
7001,42250,33,0
7001,42253,34,0
7001,42255,35,0
7001,42257,36,0
7001,41644,37,0
7001,42783,38,0
7001,42781,39,0
7001,42780,40,0
7001,42778,41,0
7001,42774,42,0
7001,42772,43,0
7001,42770,44,0
7001,42768,45,0
7001,42766,46,0
7001,42788,47,0
7001,42786,48,0
7001,42776,49,0
7001,42470,50,0
7001,42468,51,0
7001,42466,52,0
7001,42478,53,0
7001,42476,54,0
7001,42474,55,0
7001,42472,56,0
7001,42425,57,0
7001,42423,58,0
7001,42421,59,0
7001,41757,60,0
7001,41755,61,0
7001,42722,62,0
7001,42720,63,0
7001,42716,64,0
7001,46260,65,0
7001,46261,66,0
7001,42523,67,0
7001,42525,68,0
7001,42527,69,0
7001,42529,70,0
7001,42518,71,0
7001,42520,72,0
7001,41354,73,0
7001,41352,74,0
7001,41349,75,0
7001,41347,76,0
7001,41345,77,0
7001,41343,78,0
7001,41799,79,0
7001,41797,80,0
7001,41795,81,0
7001,41876,82,0
7001,46423,83,0
7001,47170,84,1
7002,47070,1,0
7002,41842,2,0
7002,41865,3,0
7002,41887,4,0
7002,41796,5,0
7002,41798,6,0
7002,41800,7,0
7002,41341,8,0
7002,41344,9,0
7002,41346,10,0
7002,41348,11,0
7002,41350,12,0
7002,41353,13,0
7002,42521,14,0
7002,42519,15,0
7002,42517,16,0
7002,42528,17,0
7002,42526,18,0
7002,42524,19,0
7002,42522,20,0
7002,46262,21,0
7002,45031,22,0
7002,42705,23,0
7002,42719,24,0
7002,42721,25,0
7002,41754,26,0
7002,41756,27,0
7002,41758,28,0
7002,42422,29,0
7002,42424,30,0
7002,42426,31,0
7002,42473,32,0
7002,42475,33,0
7002,42477,34,0
7002,42479,35,0
7002,42467,36,0
7002,42469,37,0
7002,42471,38,0
7002,42785,39,0
7002,42787,40,0
7002,42789,41,0
7002,42767,42,0
7002,42769,43,0
7002,42771,44,0
7002,42773,45,0
7002,42775,46,0
7002,42777,47,0
7002,42779,48,0
7002,43162,49,0
7002,42782,50,0
7002,42784,51,0
7002,42251,52,0
7002,42254,53,0
7002,42256,54,0
7002,42258,55,0
7002,42247,56,0
7002,42248,57,0
7002,42249,58,0
7002,41954,59,0
7002,41955,60,0
7002,43939,61,0
7002,43921,62,0
7002,43922,63,0
7002,46504,64,0
7002,46503,65,0
7002,43923,66,0
7002,43924,67,0
7002,46412,68,0
7002,43984,69,0
7002,41295,70,0
7002,43920,71,0
7002,43925,72,0
7002,43927,73,0
7002,43928,74,0
7002,43296,75,0
7002,46470,76,0
7002,44170,77,0
7002,43385,78,0
7002,43386,79,0
7002,46531,80,0
7002,43979,81,0
7002,43387,82,0
7002,46422,83,0
7002,42832,84,0
7002,41958,85,0
7002,41937,86,0
7002,43147,87,0
7002,43148,88,0
7002,46443,89,0
7002,48170,90,1
7303,47073,1,0
7303,41842,2,0
7303,41865,3,0
7303,41887,4,0
7303,41796,5,0
7303,41798,6,0
7303,41800,7,0
7303,41802,8,0
7303,41804,9,0
7303,41807,10,0
7303,41809,11,0
7303,41811,12,0
7303,41813,13,0
7303,41817,14,0
7303,41820,15,0
7303,41822,16,0
7303,41824,17,0
7303,41826,18,0
7303,41828,19,0
7303,41831,20,0
7303,41839,21,0
7303,41834,22,0
7303,41837,23,0
7303,41833,24,0
7303,41841,25,0
7303,41844,26,0
7303,41846,27,0
7303,41848,28,0
7303,41849,29,0
7303,41852,30,0
7303,41854,31,0
7303,41856,32,0
7303,41858,33,0
7303,41860,34,0
7303,41862,35,0
7303,41864,36,0
7303,42912,37,0
7303,42910,38,0
7303,42907,39,0
7303,42905,40,0
7303,42903,41,0
7303,42901,42,0
7303,42895,43,0
7303,42894,44,0
7303,42891,45,0
7303,42889,46,0
7303,42887,47,0
7303,43009,48,0
7303,43007,49,0
7303,43003,50,0
7303,43001,51,0
7303,43000,52,0
7303,42996,53,0
7303,42994,54,0
7303,42992,55,0
7303,42990,56,0
7303,42988,57,0
7303,42986,58,0
7303,46433,59,0
7303,46435,60,0
7303,41206,61,0
7303,42981,62,0
7303,42979,63,0
7303,42977,64,0
7303,42974,65,0
7303,42972,66,0
7303,42970,67,0
7303,42968,68,0
7303,42966,69,0
7303,42963,70,0
7303,42961,71,0
7303,43981,72,0
7303,42959,73,0
7303,42957,74,0
7303,42955,75,0
7303,41048,76,0
7303,41047,77,0
7303,46523,78,0
7303,46524,79,1
7304,46525,1,0
7304,46526,2,0
7304,46527,3,0
7304,41049,4,0
7304,41050,5,0
7304,42958,6,0
7304,42960,7,0
7304,43982,8,0
7304,42962,9,0
7304,42965,10,0
7304,42967,11,0
7304,42969,12,0
7304,42971,13,0
7304,42973,14,0
7304,42976,15,0
7304,42978,16,0
7304,42980,17,0
7304,42982,18,0
7304,46430,19,0
7304,46436,20,0
7304,46434,21,0
7304,46403,22,0
7304,42989,23,0
7304,42991,24,0
7304,42993,25,0
7304,42995,26,0
7304,42998,27,0
7304,42999,28,0
7304,43002,29,0
7304,43004,30,0
7304,43008,31,0
7304,42886,32,0
7304,42888,33,0
7304,42890,34,0
7304,42893,35,0
7304,42897,36,0
7304,42898,37,0
7304,42902,38,0
7304,42904,39,0
7304,42906,40,0
7304,42909,41,0
7304,42911,42,0
7304,46471,43,0
7304,41866,44,0
7304,41863,45,0
7304,41861,46,0
7304,41859,47,0
7304,41857,48,0
7304,41855,49,0
7304,41853,50,0
7304,41851,51,0
7304,41850,52,0
7304,41847,53,0
7304,41845,54,0
7304,41843,55,0
7304,41835,56,0
7304,41838,57,0
7304,41836,58,0
7304,41840,59,0
7304,41832,60,0
7304,41830,61,0
7304,41827,62,0
7304,41825,63,0
7304,41823,64,0
7304,41821,65,0
7304,41819,66,0
7304,41815,67,0
7304,41816,68,0
7304,41812,69,0
7304,41810,70,0
7304,41808,71,0
7304,41806,72,0
7304,41803,73,0
7304,41801,74,0
7304,41799,75,0
7304,41797,76,0
7304,41795,77,0
7304,41876,78,0
7304,46423,79,0
7304,47173,80,1
7401,47074,1,0
7401,41842,2,0
7401,41865,3,0
7401,41887,4,0
7401,41796,5,0
7401,41798,6,0
7401,41800,7,0
7401,41802,8,0
7401,41804,9,0
7401,41807,10,0
7401,41809,11,0
7401,41811,12,0
7401,41813,13,0
7401,41817,14,0
7401,41820,15,0
7401,41822,16,0
7401,41824,17,0
7401,41826,18,0
7401,41828,19,0
7401,41831,20,0
7401,41839,21,0
7401,41834,22,0
7401,41837,23,0
7401,41833,24,0
7401,41841,25,0
7401,41844,26,0
7401,41846,27,0
7401,41848,28,0
7401,41849,29,0
7401,41852,30,0
7401,41854,31,0
7401,41856,32,0
7401,42679,33,0
7401,42686,34,0
7401,42688,35,0
7401,42690,36,0
7401,42692,37,0
7401,42681,38,0
7401,42683,39,0
7401,42581,40,0
7401,42625,41,0
7401,42634,42,0
7401,42636,43,0
7401,42638,44,0
7401,42627,45,0
7401,42629,46,0
7401,42631,47,0
7401,46438,48,0
7401,41886,49,0
7401,41889,50,0
7401,41070,51,0
7401,46343,52,0
7401,43397,53,0
7401,42313,54,0
7401,42311,55,0
7401,42309,56,0
7401,42307,57,0
7401,42304,58,0
7401,42302,59,0
7401,42299,60,0
7401,42300,61,0
7401,42297,62,0
7401,42294,63,0
7401,42291,64,0
7401,42289,65,0
7401,42287,66,0
7401,42285,67,0
7401,42283,68,0
7401,42280,69,0
7401,42278,70,0
7401,42276,71,0
7401,42274,72,0
7401,42272,73,0
7401,42269,74,0
7401,42267,75,0
7401,42265,76,0
7401,42263,77,0
7401,42261,78,0
7401,42407,79,0
7401,42405,80,0
7401,42403,81,0
7401,42401,82,0
7401,42398,83,0
7401,42397,84,0
7401,42395,85,0
7401,42393,86,0
7401,42391,87,0
7401,42389,88,0
7401,42386,89,0
7401,42384,90,0
7401,42382,91,0
7401,42380,92,0
7401,49074,93,1
7402,42379,1,0
7402,42381,2,0
7402,42383,3,0
7402,42385,4,0
7402,42387,5,0
7402,42390,6,0
7402,42392,7,0
7402,42394,8,0
7402,42396,9,0
7402,45006,10,0
7402,42400,11,0
7402,42402,12,0
7402,42404,13,0
7402,42406,14,0
7402,42408,15,0
7402,42262,16,0
7402,42264,17,0
7402,42266,18,0
7402,42268,19,0
7402,42270,20,0
7402,42273,21,0
7402,42275,22,0
7402,42277,23,0
7402,42279,24,0
7402,42281,25,0
7402,42284,26,0
7402,42286,27,0
7402,42288,28,0
7402,42290,29,0
7402,42292,30,0
7402,42295,31,0
7402,42296,32,0
7402,42298,33,0
7402,42301,34,0
7402,42303,35,0
7402,42305,36,0
7402,42308,37,0
7402,42310,38,0
7402,42312,39,0
7402,43398,40,0
7402,46342,41,0
7402,41891,42,0
7402,41890,43,0
7402,41888,44,0
7402,46437,45,0
7402,42632,46,0
7402,42630,47,0
7402,42628,48,0
7402,42626,49,0
7402,42637,50,0
7402,42635,51,0
7402,42633,52,0
7402,42582,53,0
7402,42684,54,0
7402,42682,55,0
7402,42680,56,0
7402,42691,57,0
7402,42689,58,0
7402,42687,59,0
7402,42685,60,0
7402,41857,61,0
7402,41855,62,0
7402,41853,63,0
7402,41851,64,0
7402,41850,65,0
7402,41847,66,0
7402,41845,67,0
7402,41843,68,0
7402,41835,69,0
7402,41838,70,0
7402,41836,71,0
7402,41840,72,0
7402,41832,73,0
7402,41830,74,0
7402,41827,75,0
7402,41825,76,0
7402,41823,77,0
7402,41821,78,0
7402,41819,79,0
7402,41815,80,0
7402,41816,81,0
7402,41812,82,0
7402,41810,83,0
7402,41808,84,0
7402,41806,85,0
7402,41803,86,0
7402,41801,87,0
7402,41799,88,0
7402,41797,89,0
7402,41795,90,0
7402,41876,91,0
7402,46423,92,0
7402,47174,93,1
7601,41198,1,0
7601,41590,2,0
7601,41595,3,0
7601,41597,4,0
7601,41599,5,0
7601,41580,6,0
7601,41582,7,0
7601,41584,8,0
7601,41586,9,0
7601,41588,10,0
7601,41591,11,0
7601,45004,12,0
7601,45005,13,0
7601,42920,14,0
7601,42940,15,0
7601,42964,16,0
7601,42987,17,0
7601,42885,18,0
7601,42908,19,0
7601,42914,20,0
7601,42916,21,0
7601,42918,22,0
7601,42921,23,0
7601,42923,24,0
7601,42925,25,0
7601,42927,26,0
7601,42929,27,0
7601,42932,28,0
7601,42934,29,0
7601,42936,30,0
7601,46605,31,0
7601,42938,32,0
7601,42941,33,0
7601,42943,34,0
7601,42945,35,0
7601,42947,36,0
7601,45036,37,0
7601,46323,38,0
7601,41046,39,0
7601,43101,40,0
7601,43103,41,0
7601,43105,42,0
7601,41049,43,0
7601,41050,44,0
7601,42958,45,0
7601,42960,46,0
7601,43982,47,0
7601,42962,48,0
7601,42965,49,0
7601,42967,50,0
7601,42969,51,0
7601,42433,52,0
7601,42431,53,0
7601,42434,54,0
7601,42436,55,0
7601,41466,56,0
7601,41469,57,0
7601,41465,58,0
7601,41500,59,0
7601,41498,60,0
7601,41493,61,0
7601,41477,62,0
7601,46264,63,0
7601,46414,64,0
7601,46265,65,0
7601,46266,66,0
7601,41494,67,0
7601,45037,68,0
7601,45038,69,0
7601,46074,70,0
7601,41959,71,0
7601,41961,72,0
7601,41954,73,0
7601,41955,74,0
7601,41949,75,0
7601,41947,76,0
7601,41944,77,0
7601,41960,78,0
7601,46355,79,0
7601,41964,80,0
7601,41966,81,0
7601,41941,82,0
7601,41958,83,0
7601,41937,84,0
7601,43147,85,0
7601,43148,86,0
7601,46443,87,0
7601,48176,88,1
7602,48076,1,0
7602,43343,2,0
7602,43146,3,0
7602,41957,4,0
7602,41952,5,0
7602,41942,6,0
7602,41938,7,0
7602,41965,8,0
7602,46268,9,0
7602,41963,10,0
7602,41962,11,0
7602,41950,12,0
7602,41943,13,0
7602,41945,14,0
7602,41946,15,0
7602,41948,16,0
7602,41951,17,0
7602,41953,18,0
7602,41268,19,0
7602,45039,20,0
7602,45040,21,0
7602,41495,22,0
7602,46269,23,0
7602,46270,24,0
7602,46413,25,0
7602,46271,26,0
7602,41555,27,0
7602,41497,28,0
7602,41499,29,0
7602,43417,30,0
7602,41501,31,0
7602,41467,32,0
7602,41468,33,0
7602,42437,34,0
7602,42435,35,0
7602,42432,36,0
7602,46263,37,0
7602,42966,38,0
7602,42963,39,0
7602,42961,40,0
7602,43981,41,0
7602,42959,42,0
7602,42957,43,0
7602,42955,44,0
7602,41048,45,0
7602,41047,46,0
7602,43106,47,0
7602,43104,48,0
7602,43102,49,0
7602,41045,50,0
7602,46325,51,0
7602,42946,52,0
7602,42944,53,0
7602,42942,54,0
7602,42939,55,0
7602,42937,56,0
7602,46604,57,0
7602,42935,58,0
7602,42933,59,0
7602,42930,60,0
7602,42928,61,0
7602,42926,62,0
7602,42924,63,0
7602,42922,64,0
7602,42919,65,0
7602,42917,66,0
7602,42915,67,0
7602,42913,68,0
7602,42896,69,0
7602,42997,70,0
7602,42975,71,0
7602,42953,72,0
7602,42931,73,0
7602,42884,74,0
7602,42583,75,0
7602,41592,76,0
7602,41589,77,0
7602,41587,78,0
7602,41585,79,0
7602,41583,80,0
7602,41581,81,0
7602,41600,82,0
7602,41598,83,0
7602,41596,84,0
7602,41594,85,0
7602,41579,86,0
7602,45002,87,0
7602,49076,88,1
14401,41218,1,0
14401,41216,2,0
14401,41694,3,0
14401,41698,4,0
14401,41700,5,0
14401,41702,6,0
14401,41704,7,0
14401,46272,8,0
14401,46273,9,0
14401,41165,10,0
14401,41162,11,0
14401,41160,12,0
14401,41158,13,0
14401,43264,14,0
14401,41156,15,0
14401,41204,16,0
14401,41202,17,0
14401,41192,18,0
14401,41167,19,0
14401,41200,20,0
14401,43039,21,0
14401,43041,22,0
14401,43044,23,0
14401,43046,24,0
14401,43049,25,0
14401,43052,26,0
14401,43054,27,0
14401,42076,28,0
14401,42097,29,0
14401,42119,30,0
14401,42006,31,0
14401,45046,32,0
14401,42028,33,0
14401,42050,34,0
14401,42053,35,0
14401,42056,36,0
14401,42058,37,0
14401,41419,38,0
14401,41894,39,0
14401,41896,40,0
14401,41898,41,0
14401,40244,42,1
14402,40144,1,0
14402,41899,2,0
14402,41897,3,0
14402,41895,4,0
14402,42057,5,0
14402,42054,6,0
14402,46354,7,0
14402,42052,8,0
14402,42039,9,0
14402,42017,10,0
14402,41997,11,0
14402,42130,12,0
14402,42108,13,0
14402,42087,14,0
14402,42064,15,0
14402,43053,16,0
14402,43051,17,0
14402,43047,18,0
14402,43045,19,0
14402,43042,20,0
14402,43040,21,0
14402,43038,22,0
14402,41155,23,0
14402,45044,24,0
14402,41180,25,0
14402,41199,26,0
14402,41203,27,0
14402,41205,28,0
14402,43257,29,0
14402,41157,30,0
14402,41159,31,0
14402,41161,32,0
14402,41163,33,0
14402,41164,34,0
14402,46274,35,0
14402,41695,36,0
14402,41703,37,0
14402,41701,38,0
14402,41699,39,0
14402,41696,40,0
14402,42650,41,0
14402,41215,42,0
14402,43265,43,1
15103,40151,1,0
15103,41899,2,0
15103,41897,3,0
15103,41895,4,0
15103,41431,5,0
15103,41263,6,0
15103,41461,7,0
15103,41463,8,0
15103,41410,9,0
15103,41412,10,0
15103,41414,11,0
15103,41416,12,0
15103,41417,13,0
15103,41421,14,0
15103,41424,15,0
15103,41426,16,0
15103,41428,17,0
15103,41430,18,0
15103,41433,19,0
15103,41435,20,0
15103,41437,21,0
15103,41439,22,0
15103,41441,23,0
15103,43266,24,0
15103,41444,25,0
15103,46424,26,0
15103,46307,27,0
15103,41446,28,0
15103,41448,29,0
15103,41450,30,0
15103,43390,31,0
15103,41452,32,0
15103,46308,33,0
15103,41454,34,0
15103,41456,35,0
15103,41458,36,0
15103,46317,37,0
15103,46277,38,0
15103,46278,39,0
15103,46319,40,0
15103,42999,41,0
15103,43002,42,0
15103,43004,43,0
15103,43008,44,0
15103,42886,45,0
15103,42888,46,0
15103,41548,47,0
15103,41550,48,0
15103,41552,49,0
15103,41554,50,0
15103,41544,51,0
15103,46593,52,0
15103,49151,53,1
15104,41546,1,0
15104,41545,2,0
15104,41543,3,0
15104,41553,4,0
15104,41551,5,0
15104,41549,6,0
15104,41547,7,0
15104,43009,8,0
15104,43007,9,0
15104,43003,10,0
15104,43001,11,0
15104,43000,12,0
15104,42996,13,0
15104,46318,14,0
15104,46275,15,0
15104,46276,16,0
15104,46316,17,0
15104,41459,18,0
15104,41457,19,0
15104,41455,20,0
15104,46309,21,0
15104,41453,22,0
15104,43389,23,0
15104,41451,24,0
15104,41449,25,0
15104,41447,26,0
15104,46505,27,0
15104,41445,28,0
15104,46592,29,0
15104,41443,30,0
15104,41440,31,0
15104,41438,32,0
15104,41436,33,0
15104,41434,34,0
15104,41432,35,0
15104,41429,36,0
15104,41427,37,0
15104,41423,38,0
15104,41425,39,0
15104,41422,40,0
15104,41420,41,0
15104,41418,42,0
15104,41415,43,0
15104,41413,44,0
15104,41411,45,0
15104,41409,46,0
15104,41462,47,0
15104,41460,48,0
15104,41442,49,0
15104,41419,50,0
15104,41894,51,0
15104,41896,52,0
15104,41898,53,0
15104,40251,54,1
22201,47222,1,0
22201,41842,2,0
22201,41865,3,0
22201,41887,4,0
22201,43196,5,0
22201,43198,6,0
22201,43200,7,0
22201,43202,8,0
22201,43192,9,0
22201,43194,10,0
22201,41556,11,0
22201,42066,12,0
22201,41230,13,0
22201,42068,14,0
22201,42069,15,0
22201,42071,16,0
22201,42073,17,0
22201,42075,18,0
22201,42078,19,0
22201,42080,20,0
22201,42082,21,0
22201,42083,22,0
22201,46327,23,0
22201,42086,24,0
22201,42089,25,0
22201,42090,26,0
22201,42092,27,0
22201,42094,28,0
22201,42096,29,0
22201,42099,30,0
22201,42101,31,0
22201,45065,32,0
22201,41105,33,0
22201,41107,34,0
22201,41109,35,0
22201,41614,36,0
22201,41612,37,0
22201,41609,38,0
22201,41610,39,0
22201,42798,40,0
22201,46399,41,0
22201,46306,42,0
22201,45071,43,0
22201,45074,44,0
22201,46329,45,0
22201,45076,46,0
22201,46395,47,0
22201,45069,48,0
22201,46339,49,0
22201,46032,50,0
22201,46350,51,0
22201,46033,52,0
22201,46483,53,0
22201,46484,54,0
22201,46485,55,0
22201,46486,56,0
22201,46494,57,0
22201,46495,58,0
22201,46487,59,0
22201,46488,60,0
22201,46489,61,0
22201,46024,62,0
22201,49028,63,1
22202,45067,1,0
22202,46025,2,0
22202,46490,3,0
22202,46491,4,0
22202,46492,5,0
22202,46493,6,0
22202,42187,7,0
22202,42229,8,0
22202,46496,9,0
22202,46497,10,0
22202,46498,11,0
22202,45068,12,0
22202,46333,13,0
22202,46334,14,0
22202,46335,15,0
22202,45072,16,0
22202,46336,17,0
22202,46028,18,0
22202,46029,19,0
22202,46030,20,0
22202,46337,21,0
22202,42797,22,0
22202,41616,23,0
22202,41611,24,0
22202,41613,25,0
22202,41615,26,0
22202,41101,27,0
22202,41110,28,0
22202,41108,29,0
22202,41106,30,0
22202,42104,31,0
22202,42102,32,0
22202,42100,33,0
22202,42098,34,0
22202,42095,35,0
22202,42093,36,0
22202,42091,37,0
22202,45010,38,0
22202,42088,39,0
22202,42085,40,0
22202,46031,41,0
22202,42084,42,0
22202,42081,43,0
22202,42079,44,0
22202,42077,45,0
22202,42074,46,0
22202,42072,47,0
22202,42070,48,0
22202,41219,49,0
22202,42067,50,0
22202,41557,51,0
22202,43195,52,0
22202,43193,53,0
22202,43191,54,0
22202,43201,55,0
22202,43199,56,0
22202,43197,57,0
22202,45011,58,0
22202,41876,59,0
22202,46423,60,0
22202,47128,61,1
25201,40252,1,0
25201,41706,2,0
25201,46384,3,0
25201,43302,4,0
25201,42584,5,0
25201,41393,6,0
25201,42101,7,0
25201,42103,8,0
25201,42105,9,0
25201,42107,10,0
25201,42110,11,0
25201,42112,12,0
25201,42114,13,0
25201,42116,14,0
25201,42118,15,0
25201,42121,16,0
25201,42123,17,0
25201,42125,18,0
25201,42127,19,0
25201,42129,20,0
25201,42132,21,0
25201,42134,22,0
25201,42136,23,0
25201,42138,24,0
25201,42140,25,0
25201,41988,26,0
25201,41990,27,0
25201,41992,28,0
25201,41994,29,0
25201,41996,30,0
25201,41999,31,0
25201,42001,32,0
25201,42003,33,0
25201,42005,34,0
25201,42008,35,0
25201,42010,36,0
25201,42409,37,0
25201,42414,38,0
25201,42416,39,0
25201,42418,40,0
25201,42420,41,0
25201,42411,42,0
25201,42412,43,0
25201,42178,44,0
25201,42179,45,0
25201,42180,46,0
25201,42184,47,0
25201,42447,48,0
25201,42455,49,0
25201,42457,50,0
25201,42459,51,0
25201,49252,52,1
25202,41272,1,0
25202,41273,2,0
25202,42445,3,0
25202,42446,4,0
25202,42013,5,0
25202,42448,6,0
25202,42460,7,0
25202,42458,8,0
25202,42456,9,0
25202,42453,10,0
25202,42181,11,0
25202,42182,12,0
25202,42183,13,0
25202,42185,14,0
25202,42177,15,0
25202,42175,16,0
25202,42410,17,0
25202,42419,18,0
25202,42417,19,0
25202,42415,20,0
25202,42413,21,0
25202,42011,22,0
25202,42009,23,0
25202,42007,24,0
25202,42004,25,0
25202,42002,26,0
25202,42000,27,0
25202,41998,28,0
25202,41995,29,0
25202,41993,30,0
25202,41991,31,0
25202,41989,32,0
25202,41987,33,0
25202,42139,34,0
25202,42137,35,0
25202,42135,36,0
25202,42133,37,0
25202,42131,38,0
25202,42128,39,0
25202,42126,40,0
25202,42124,41,0
25202,42122,42,0
25202,42120,43,0
25202,42117,44,0
25202,42115,45,0
25202,42113,46,0
25202,42111,47,0
25202,42109,48,0
25202,42106,49,0
25202,42104,50,0
25202,42102,51,0
25202,41394,52,0
25202,41392,53,0
25202,42170,54,0
25202,43303,55,0
25202,46385,56,0
25202,41707,57,0
25202,40253,58,1
36003,48360,1,0
36003,43343,2,0
36003,43146,3,0
36003,41957,4,0
36003,41952,5,0
36003,41942,6,0
36003,41938,7,0
36003,41965,8,0
36003,41932,9,0
36003,44360,10,0
36003,43385,11,0
36003,43386,12,0
36003,46531,13,0
36003,43979,14,0
36003,43387,15,0
36003,42831,16,0
36003,42829,17,0
36003,45063,18,0
36003,41504,19,0
36003,41506,20,0
36003,41507,21,0
36003,43296,22,0
36003,46470,23,0
36003,46597,24,0
36003,41931,25,0
36003,41964,26,0
36003,41966,27,0
36003,41941,28,0
36003,41958,29,0
36003,41937,30,0
36003,43147,31,0
36003,43148,32,0
36003,43507,33,0
36003,48361,34,1
40201,41198,1,0
40201,41197,2,0
40201,43260,3,0
40201,41190,4,0
40201,46280,5,0
40201,41784,6,0
40201,41785,7,0
40201,41787,8,0
40201,46281,9,0
40201,46282,10,0
40201,46283,11,0
40201,46284,12,0
40201,46285,13,0
40201,46286,14,0
40201,46287,15,0
40201,46288,16,0
40201,46289,17,0
40201,42920,18,0
40201,42940,19,0
40201,42964,20,0
40201,42987,21,0
40201,42885,22,0
40201,42908,23,0
40201,42914,24,0
40201,42916,25,0
40201,42918,26,0
40201,42921,27,0
40201,42923,28,0
40201,42925,29,0
40201,42927,30,0
40201,42929,31,0
40201,42932,32,0
40201,42934,33,0
40201,42936,34,0
40201,46605,35,0
40201,42938,36,0
40201,42941,37,0
40201,42943,38,0
40201,42945,39,0
40201,42947,40,0
40201,45036,41,0
40201,42950,42,0
40201,42951,43,0
40201,42954,44,0
40201,42956,45,0
40201,42958,46,0
40201,42960,47,0
40201,43982,48,0
40201,42962,49,0
40201,42965,50,0
40201,42967,51,0
40201,42969,52,0
40201,42971,53,0
40201,42973,54,0
40201,42976,55,0
40201,42978,56,0
40201,42980,57,0
40201,42982,58,1
40202,42981,1,0
40202,42979,2,0
40202,42977,3,0
40202,42974,4,0
40202,42972,5,0
40202,42970,6,0
40202,42968,7,0
40202,42966,8,0
40202,42963,9,0
40202,42961,10,0
40202,42959,11,0
40202,42957,12,0
40202,42955,13,0
40202,42952,14,0
40202,42949,15,0
40202,42948,16,0
40202,46325,17,0
40202,42946,18,0
40202,42944,19,0
40202,42942,20,0
40202,42939,21,0
40202,42937,22,0
40202,46604,23,0
40202,42935,24,0
40202,42933,25,0
40202,42930,26,0
40202,42928,27,0
40202,42926,28,0
40202,42924,29,0
40202,42922,30,0
40202,42919,31,0
40202,42917,32,0
40202,42915,33,0
40202,42913,34,0
40202,42896,35,0
40202,42997,36,0
40202,42975,37,0
40202,42953,38,0
40202,42931,39,0
40202,42884,40,0
40202,46290,41,0
40202,46291,42,0
40202,46292,43,0
40202,46293,44,0
40202,46294,45,0
40202,46295,46,0
40202,46296,47,0
40202,46297,48,0
40202,46298,49,0
40202,46299,50,0
40202,41788,51,0
40202,41783,52,0
40202,41786,53,0
40202,41201,54,0
40202,43263,55,0
40202,41195,56,0
40202,49402,57,1
40401,45003,1,0
40401,41197,2,0
40401,43260,3,0
40401,41190,4,0
40401,41193,5,0
40401,41189,6,0
40401,41187,7,0
40401,41185,8,0
40401,41183,9,0
40401,46533,10,0
40401,41181,11,0
40401,43259,12,0
40401,41178,13,0
40401,41176,14,0
40401,41174,15,0
40401,43022,16,0
40401,43037,17,0
40401,43050,18,0
40401,41697,19,0
40401,41699,20,0
40401,41696,21,0
40401,42650,22,0
40401,42647,23,0
40401,42646,24,0
40401,41717,25,0
40401,41715,26,0
40401,41713,27,0
40401,43066,28,0
40401,43068,29,0
40401,43018,30,0
40401,43021,31,0
40401,43024,32,0
40401,43026,33,0
40401,43029,34,0
40401,43031,35,0
40401,43032,36,0
40401,45045,37,1
40402,45008,1,0
40402,43034,2,0
40402,43030,3,0
40402,43027,4,0
40402,43025,5,0
40402,43023,6,0
40402,43019,7,0
40402,43017,8,0
40402,43016,9,0
40402,43067,10,0
40402,43065,11,0
40402,41714,12,0
40402,41716,13,0
40402,42643,14,0
40402,42645,15,0
40402,41694,16,0
40402,41698,17,0
40402,41700,18,0
40402,43048,19,0
40402,43035,20,0
40402,43020,21,0
40402,43015,22,0
40402,41175,23,0
40402,41177,24,0
40402,43258,25,0
40402,41179,26,0
40402,46532,27,0
40402,41182,28,0
40402,41184,29,0
40402,41186,30,0
40402,41188,31,0
40402,41191,32,0
40402,41194,33,0
40402,41201,34,0
40402,43263,35,0
40402,41195,36,0
40402,49404,37,1
90103,47901,1,0
90103,46515,2,0
90103,41705,3,0
90103,41711,4,0
90103,41213,5,0
90103,42176,6,0
90103,42410,7,0
90103,42419,8,0
90103,42417,9,0
90103,42415,10,0
90103,45012,11,0
90103,45013,12,0
90103,46301,13,0
90103,42458,14,0
90103,42456,15,0
90103,42453,16,0
90103,42449,17,0
90103,45059,18,0
90103,49901,19,1
90104,45060,1,0
90104,42452,2,0
90104,42454,3,0
90104,42447,4,0
90104,42455,5,0
90104,42457,6,0
90104,42459,7,0
90104,41272,8,0
90104,41273,9,0
90104,46300,10,0
90104,42416,11,0
90104,42418,12,0
90104,42420,13,0
90104,42411,14,0
90104,41212,15,0
90104,41710,16,0
90104,41712,17,0
90104,47911,18,1
90203,40902,1,0
90203,41899,2,0
90203,41897,3,0
90203,41895,4,0
90203,41431,5,0
90203,41283,6,0
90203,46591,7,0
90203,41297,8,0
90203,41299,9,0
90203,41301,10,0
90203,41303,11,0
90203,41285,12,0
90203,41291,13,0
90203,41287,14,0
90203,46603,15,0
90203,41289,16,0
90203,41292,17,0
90203,46419,18,0
90203,46520,19,0
90203,46429,20,0
90203,43925,21,0
90203,43927,22,0
90203,43928,23,0
90203,43296,24,0
90203,46470,25,0
90203,44912,26,1
90204,44902,1,0
90204,43295,2,0
90204,43929,3,0
90204,43930,4,0
90204,43931,5,0
90204,46428,6,0
90204,46518,7,0
90204,46519,8,0
90204,41294,9,0
90204,41290,10,0
90204,41288,11,0
90204,41286,12,0
90204,41284,13,0
90204,41302,14,0
90204,41300,15,0
90204,41298,16,0
90204,41293,17,0
90204,41442,18,0
90204,41419,19,0
90204,41894,20,0
90204,41896,21,0
90204,41898,22,0
90204,40802,23,1
90303,48903,1,0
90303,41957,2,0
90303,44903,3,0
90303,41481,4,0
90303,46130,5,0
90303,43070,6,0
90303,43072,7,0
90303,43074,8,0
90303,43076,9,0
90303,42952,10,0
90303,42949,11,0
90303,42948,12,0
90303,46325,13,0
90303,42946,14,0
90303,42944,15,0
90303,42942,16,0
90303,42939,17,0
90303,42937,18,0
90303,46604,19,0
90303,42935,20,0
90303,42933,21,0
90303,42930,22,0
90303,42928,23,0
90303,42926,24,0
90303,42924,25,0
90303,42922,26,0
90303,42919,27,0
90303,42917,28,0
90303,42915,29,0
90303,42913,30,0
90303,42896,31,0
90303,42997,32,0
90303,42975,33,0
90303,42953,34,0
90303,42931,35,0
90303,42884,36,0
90303,46290,37,0
90303,46291,38,0
90303,46292,39,0
90303,46293,40,0
90303,46294,41,0
90303,46295,42,0
90303,46296,43,0
90303,46297,44,0
90303,46298,45,0
90303,46299,46,0
90303,41788,47,0
90303,41783,48,0
90303,41786,49,0
90303,41201,50,0
90303,43263,51,0
90303,41195,52,0
90303,49903,53,1
90304,41198,1,0
90304,41197,2,0
90304,43260,3,0
90304,41190,4,0
90304,46280,5,0
90304,41784,6,0
90304,41785,7,0
90304,41787,8,0
90304,46281,9,0
90304,46282,10,0
90304,46283,11,0
90304,46284,12,0
90304,46285,13,0
90304,46286,14,0
90304,46287,15,0
90304,46288,16,0
90304,46289,17,0
90304,42920,18,0
90304,42940,19,0
90304,42964,20,0
90304,42987,21,0
90304,42885,22,0
90304,42908,23,0
90304,42914,24,0
90304,42916,25,0
90304,42918,26,0
90304,42921,27,0
90304,42923,28,0
90304,42925,29,0
90304,42927,30,0
90304,42929,31,0
90304,42932,32,0
90304,42934,33,0
90304,42936,34,0
90304,46605,35,0
90304,42938,36,0
90304,42941,37,0
90304,42943,38,0
90304,42945,39,0
90304,42947,40,0
90304,45036,41,0
90304,42950,42,0
90304,42951,43,0
90304,42954,44,0
90304,42956,45,0
90304,43075,46,0
90304,43073,47,0
90304,43071,48,0
90304,43069,49,0
90304,41483,50,0
90304,44913,51,0
90304,41937,52,0
90304,46443,53,0
90304,48913,54,1
92503,40925,1,0
92503,46475,2,0
92503,46476,3,0
92503,46477,4,0
92503,46478,5,0
92503,46537,6,0
92503,46514,7,0
92503,46500,8,0
92503,46529,9,0
92503,42136,10,0
92503,42138,11,0
92503,42140,12,0
92503,41988,13,0
92503,41990,14,0
92503,41992,15,0
92503,41994,16,0
92503,41996,17,0
92503,41999,18,0
92503,42001,19,0
92503,42003,20,0
92503,42005,21,0
92503,42008,22,0
92503,42010,23,0
92503,42409,24,0
92503,42414,25,0
92503,42416,26,0
92503,42418,27,0
92503,42420,28,0
92503,42411,29,0
92503,42412,30,0
92503,42178,31,0
92503,42179,32,0
92503,42180,33,0
92503,42184,34,0
92503,42447,35,0
92503,42455,36,0
92503,42457,37,0
92503,42459,38,0
92503,49925,39,1
92504,41272,1,0
92504,41273,2,0
92504,42445,3,0
92504,42446,4,0
92504,42013,5,0
92504,42448,6,0
92504,42460,7,0
92504,42458,8,0
92504,42456,9,0
92504,42453,10,0
92504,42181,11,0
92504,42182,12,0
92504,42183,13,0
92504,42185,14,0
92504,42177,15,0
92504,42175,16,0
92504,42410,17,0
92504,42419,18,0
92504,42417,19,0
92504,42415,20,0
92504,42413,21,0
92504,42011,22,0
92504,42009,23,0
92504,42007,24,0
92504,42004,25,0
92504,42002,26,0
92504,42000,27,0
92504,41998,28,0
92504,41995,29,0
92504,41993,30,0
92504,41991,31,0
92504,41989,32,0
92504,41987,33,0
92504,42139,34,0
92504,42137,35,0
92504,46528,36,0
92504,46499,37,0
92504,46513,38,0
92504,46536,39,0
92504,46479,40,0
92504,46480,41,0
92504,46481,42,0
92504,46482,43,0
92504,40935,44,1
